0
-0.00438339, 0.0130379, 0.00349836
-0.999744, 0.000413841, 0.0226112
0.0159248, -0.69703, 0.716865
0.0160574, 0.717042, 0.696845

1
-0.0551438, -0.0115655, -0.0143465
0.999213, 0.0321791, -0.0232117
0.0342246, -0.403045, 0.91454
0.0200737, -0.914614, -0.403829

2
-0.0315689, 0.0118659, 0.00601957
-0.999429, -0.00235644, 0.0337008
0.0250379, -0.721383, 0.692083
0.0226803, 0.692532, 0.72103

3
-0.0168923, 0.00879786, 0.00493868
-0.999652, 0.00189923, -0.0262981
-0.0198514, -0.710638, 0.703278
-0.0173528, 0.703555, 0.710429

4
0.00182821, 0.0090902, 0.0046424
-0.999624, -0.000556436, 0.0274114
0.0200732, -0.695865, 0.717892
0.0186752, 0.718172, 0.695615

5
0.0341267, 0.0123725, 0.00640695
-0.998997, -0.00945311, -0.043761
-0.0239421, -0.71314, 0.700613
-0.0378307, 0.700958, 0.712198

6
0.00746705, 0.00257436, 0.0100901
0.999995, 0.00147602, -0.00273647
-0.00299838, 0.690664, -0.723169
0.000822575, 0.723174, 0.690665

7
-0.00439185, 0.00951004, 0.00868497
-0.999043, 0.0013577, 0.0437082
0.0309678, -0.683735, 0.729073
0.0308747, 0.729729, 0.683039

8
-0.0315498, 0.00220059, 0.0104678
0.999995, 0.00256678, -0.00207987
-0.00328971, 0.715844, -0.698253
-0.000303398, 0.698256, 0.715848

9
0.00756773, 0.00515772, 0.0118196
0.999981, 0.00158912, -0.00591913
-0.00536044, 0.694973, -0.719016
0.00297103, 0.719035, 0.694968

10
0.0516893, -0.0135835, -0.00456739
-0.919308, -0.039839, 0.391517
-0.393378, 0.0646429, -0.917101
0.0112276, -0.997113, -0.0750986

11
0.0251456, 0.0131574, 0.00148995
-0.999631, -0.00556786, -0.0266003
-0.0223528, -0.38826, 0.921279
-0.0154574, 0.921533, 0.387992

12
-0.0547857, -0.0115038, -0.0114596
0.999277, 0.0340632, 0.0168577
-0.00141784, -0.409829, 0.912161
0.0379799, -0.911526, -0.409485

13
-0.0315742, 0.00886747, 0.00592837
-0.999495, -0.00248968, 0.0316929
0.0238795, -0.716898, 0.696769
0.0209858, 0.697174, 0.716595

14
0.0165406, 0.00482372, 0.0127747
0.999905, 0.00148995, -0.0136904
-0.0107657, 0.704506, -0.709616
0.00858771, 0.709696, 0.704455

15
-0.0638387, -0.0135221, 0.00618971
-0.998567, -0.0468954, -0.0257897
0.0245003, 0.0278646, -0.999311
0.0475818, -0.998511, -0.0266757

16
-0.0549124, -0.0132579, -0.0067321
0.999213, 0.0321791, -0.0232117
0.0239376, -0.0223576, 0.999463
0.0316428, -0.999232, -0.0231102

17
0.0160421, 0.00488505, 0.01191
0.999822, 0.00224116, 0.0187193
0.011713, 0.704189, -0.709916
-0.014773, 0.710009, 0.704037

18
-0.00443346, 0.00493242, 0.0126631
0.999873, -0.000177812, -0.0159429
-0.0113647, 0.693386, -0.720477
0.0111827, 0.720567, 0.693295

19
-0.0607576, 0.0122742, 0.0122218
0.836609, -0.00352729, 0.547789
0.376144, 0.730678, -0.56976
-0.398248, 0.682714, 0.612618

20
0.00150425, 0.00623531, 0.013496
0.999987, 0.0012016, -0.00486539
-0.00435655, 0.688297, -0.725416
0.00247718, 0.725428, 0.688294

21
0.0102885, 0.00194667, 0.0118925
0.999972, 0.00167424, 0.00728125
0.00400919, 0.702121, -0.712047
-0.00630445, 0.712056, 0.702094

22
-0.0322327, 0.00209297, -0.0153712
-0.999495, -0.00248968, 0.0316929
0.0209858, 0.697174, 0.716595
-0.0238795, 0.716898, -0.696769

23
0.0281022, 0.00588478, 0.0138519
0.999817, 0.00724235, 0.0176932
0.00741131, 0.706274, -0.7079
-0.0176231, 0.707901, 0.706091

24
-0.0670171, 0.0122817, 0.00600329
0.776876, -0.00800436, 0.629602
0.435276, 0.729342, -0.527821
-0.454971, 0.684102, 0.570093

25
-0.00176701, -0.0111601, -0.0139532
0.999905, 0.000581313, -0.0138075
0.0130444, -0.369654, 0.929078
-0.00456392, -0.929169, -0.369626

26
-0.00478122, 0.00851309, -0.00875717
0.999863, -0.000270142, -0.0165402
-0.0115971, -0.72446, -0.689219
-0.0117965, 0.689317, -0.724364

27
-0.0598608, 0.0119473, -0.00558763
0.876782, -0.00532332, 0.480858
0.480847, 0.0225942, -0.876513
-0.00619863, 0.999731, 0.0223699

28
0.0365897, 0.0145583, 0.00515024
-0.998682, -0.00996693, -0.0503449
-0.0276311, -0.722234, 0.691097
-0.0432489, 0.691577, 0.721007

29
0.0313386, 0.00886834, 0.00568672
-0.999701, -0.008281, -0.0230186
-0.0104868, -0.705045, 0.709086
-0.0221011, 0.709115, 0.704747

30
0.0339422, 0.0130237, -0.00121014
-0.999092, -0.00971015, -0.0414858
-0.03404, -0.403685, 0.914265
-0.0256248, 0.914847, 0.402988

31
-0.00142715, 0.00265224, 0.0130073
0.999928, 0.000488795, -0.0120142
-0.00908565, 0.685188, -0.728309
0.00787602, 0.728366, 0.685143

32
-0.0635228, -0.0155886, -0.00228085
-0.998567, -0.0468954, -0.0257897
0.00442661, 0.407857, -0.913035
0.0533357, -0.911841, -0.407065

33
0.0340775, 0.00937219, 0.00340384
-0.998471, -0.0100258, -0.0543629
-0.0309673, -0.713181, 0.700296
-0.0457916, 0.700909, 0.71178

34
-0.0314962, 0.00223126, 0.0134377
0.999972, 0.00252207, -0.00706251
-0.00674623, 0.713844, -0.700273
0.00327539, 0.7003, 0.713841

35
0.0337207, 0.00854125, 0.00517382
-0.999092, -0.00971015, -0.0414858
-0.0216427, -0.723053, 0.690454
-0.0367008, 0.690725, 0.722186

36
-0.00745113, 0.00204467, 0.0148592
0.999991, -0.001175, -0.00404944
-0.00207547, 0.698814, -0.715301
0.00367028, 0.715303, 0.698805

37
-0.00175932, -0.00806795, -0.0140351
0.99991, 0.000723936, -0.0134037
0.0126981, -0.374767, 0.927032
-0.00435216, -0.927119, -0.374743

38
0.0313901, 0.012401, 0.00217825
-0.999701, -0.008281, -0.0230186
-0.0181463, -0.38001, 0.924804
-0.0164056, 0.924945, 0.379746

39
0.0251731, 0.00578997, 0.0109479
0.999882, 0.00552233, 0.0143446
0.00616075, 0.711009, -0.703156
-0.0140822, 0.703161, 0.710891

40
0.0343069, 0.014043, -0.00167151
-0.998471, -0.0100258, -0.0543629
-0.0461337, -0.390667, 0.919375
-0.0304552, 0.920477, 0.389607

41
-0.0375955, -0.0116107, -0.0112533
0.999878, 0.00386582, -0.0151639
0.0154465, -0.39916, 0.916751
-0.00250883, -0.916873, -0.39917

42
0.00486129, 0.00217604, 0.0148095
0.999807, 0.000940943, -0.0196167
-0.0147702, 0.694348, -0.719488
0.0129439, 0.719639, 0.694228

43
-0.0374893, -0.0155456, -0.00525517
0.999878, 0.00386582, -0.0151639
0.0126963, 0.366079, 0.930497
0.00914832, -0.930576, 0.365985

44
0.0135726, -0.0108048, -0.0112646
0.999979, 0.000510565, 0.00649771
-0.00578677, -0.389172, 0.921147
0.00299903, -0.921165, -0.389161

45
0.0409928, -0.0120381, 0.00962872
-0.998622, -0.00967416, 0.0515824
-0.0450599, -0.345843, -0.93721
0.0269061, -0.938242, 0.344931

46
0.053903, 0.0120522, -0.00453467
-0.94212, 0.00723467, -0.335199
-0.317362, 0.303184, 0.898532
0.108128, 0.952905, -0.28334

47
-0.068883, -0.0114969, 0.00324209
-0.993967, -0.0464561, 0.0993529
-0.100561, 0.0244304, -0.994631
0.0437794, -0.998622, -0.0289547

48
0.00164615, 0.0133228, -0.00191112
-0.999624, -0.000556436, 0.0274114
0.0256918, -0.368063, 0.929446
0.00957193, 0.929801, 0.367939

49
0.024998, 0.00878285, 0.00795043
-0.999631, -0.00556786, -0.0266003
-0.014736, -0.711361, 0.702672
-0.0228348, 0.702805, 0.711016

50
-0.0635864, -0.0156001, 0.000500473
-0.995507, -0.0456166, -0.0829769
0.0563329, 0.419043, -0.906217
0.0761094, -0.90682, -0.41459

51
-0.0226724, -0.0123539, -0.00389581
-0.999792, 0.00134349, -0.0203701
0.0193153, 0.385255, -0.922608
0.00660817, -0.922809, -0.3852

52
0.0607561, 0.0138394, 0.00297696
0.999509, 0.0305534, 0.00697529
0.0161737, -0.312248, -0.949863
-0.0268435, 0.949509, -0.312589

53
-0.00457905, 0.0140065, -0.0051702
-0.999744, 0.000413841, 0.0226112
0.0208575, -0.369572, 0.928968
0.00874093, 0.929202, 0.369469

54
-0.0316925, 0.0124588, 0.00248159
-0.999495, -0.00248968, 0.0316929
0.0300927, -0.39553, 0.91796
0.0102501, 0.918449, 0.395405

55
-0.0346345, 0.0123465, -0.00245717
0.999931, 0.00257343, 0.0114905
0.0116348, -0.366139, -0.930487
0.00181258, 0.930557, -0.366144

56
-0.0548544, -0.0132528, -0.00385481
0.999277, 0.0340632, 0.0168577
-0.0158442, -0.0298068, 0.99943
0.0345463, -0.998975, -0.0292456

57
0.0344338, 0.0124405, -0.000620095
-0.998997, -0.00945311, -0.043761
-0.0365968, -0.39061, 0.919829
-0.0257887, 0.920508, 0.389872

58
0.00755557, -0.013867, -0.00233946
-0.999771, -0.000952995, 0.0213886
-0.0202984, 0.359885, -0.932776
-0.00680852, -0.932996, -0.359822

59
-0.0315306, -0.0027058, 0.0136586
0.999995, 0.00256678, -0.00207987
-0.0031554, 0.928564, -0.371158
0.000978614, 0.371163, 0.928567

60
-0.00179648, -0.0110793, -0.0110245
0.999879, 0.000591543, -0.0155128
0.0146075, -0.37414, 0.927257
-0.00525545, -0.927372, -0.374103

61
0.0194704, 0.00862631, 0.0113694
0.999958, 0.00244035, -0.00880388
-0.00907546, 0.375948, -0.926596
0.00104859, 0.926637, 0.375955

62
0.0224521, 0.00242474, 0.0132445
0.999984, 0.00408319, -0.00390535
-0.00564745, 0.70095, -0.713188
-0.000174629, 0.713199, 0.700962

63
-0.0014693, 0.0104294, 0.00981567
0.999928, 0.000488795, -0.0120142
-0.0114081, 0.354298, -0.935063
0.00379957, 0.935132, 0.354278

64
0.0163251, 0.0108145, -0.00391324
0.999822, 0.00224116, 0.0187193
0.0181308, -0.386482, -0.922119
0.00516806, 0.922294, -0.386454

65
0.00748332, -0.00221595, 0.0134527
0.999995, 0.00147602, -0.00273647
-0.00245536, 0.914837, -0.403815
0.00190739, 0.40382, 0.914836

66
0.010296, -0.00939002, -0.00919054
0.999938, 0.000676987, -0.0110923
0.0105275, -0.377399, 0.925991
-0.00355935, -0.926051, -0.377383

67
0.00131978, -0.00952766, -0.00909652
0.999953, 0.000843976, -0.00968397
0.00931254, -0.368813, 0.929457
-0.00278714, -0.929503, -0.368804

68
-0.0225635, -0.0134153, -0.00930966
-0.999792, 0.00134349, -0.0203701
0.0153161, 0.709073, -0.704969
0.0134968, -0.705134, -0.708945

69
-0.0686407, 0.0125335, 0.000658202
0.770968, -0.00836446, 0.636819
0.581172, 0.418196, -0.698106
-0.260476, 0.908318, 0.327277

70
-0.0544518, -0.0140128, -0.00325118
-0.985607, -0.0325253, 0.165897
-0.164943, 0.400139, -0.901489
-0.0370608, -0.915877, -0.399745

71
0.00740531, -0.0140324, -0.00937
-0.999771, -0.000952995, 0.0213886
-0.0161478, 0.689533, -0.724075
-0.0140581, -0.724254, -0.68939

72
-0.0642656, -0.0120238, 0.00668276
-0.995507, -0.0456166, -0.0829769
0.0936509, -0.34491, -0.933952
0.0139841, -0.937526, 0.347633

73
0.054277, -0.0166811, 0.00119347
-0.919308, -0.039839, 0.391517
-0.359137, -0.321856, -0.87603
0.160912, -0.94595, 0.281577

74
0.0134873, -0.0139332, 0.00210739
0.999979, 0.000510565, 0.00649771
-0.0062125, 0.376176, 0.926528
-0.00197123, -0.926548, 0.376171

75
0.00151405, -0.00217113, 0.0134327
0.999987, 0.0012016, -0.00486539
-0.00307695, 0.913513, -0.406798
0.00395579, 0.406808, 0.913505

76
-0.00746159, 0.00259533, 0.012117
0.999991, -0.001175, -0.00404944
-0.000512931, 0.919354, -0.39343
0.00418515, 0.393429, 0.919345

77
-0.0106235, -0.00937171, -0.00920358
0.999989, -0.0010233, -0.00454203
0.0038167, -0.378534, 0.92558
-0.00266646, -0.925587, -0.378526

78
0.00125656, -0.00666101, -0.015374
0.999953, 0.000843976, -0.00968397
0.00753707, -0.696444, 0.717571
-0.00613873, -0.71761, -0.696418

79
-0.0377228, -0.0124052, -0.00402393
-0.999063, -0.00371769, -0.0431158
0.0381613, 0.394163, -0.918248
0.0204084, -0.919033, -0.393652

80
-0.0255062, -0.0116092, -0.00825674
0.999973, -0.00102998, 0.0072639
-0.00707086, -0.399346, 0.916773
0.00195655, -0.9168, -0.399342

81
0.00480693, 0.00270963, 0.0120645
0.999807, 0.000940943, -0.0196167
-0.00869248, 0.916888, -0.39905
0.0176109, 0.399144, 0.916719

82
-0.043013, -0.0189165, -0.00426025
-0.942632, 0.000240703, -0.333835
0.30246, 0.423858, -0.853735
0.141293, -0.905729, -0.399614

83
0.0256021, 0.00184036, -0.0132966
-0.999631, -0.00556786, -0.0266003
-0.0228348, 0.702805, 0.711016
0.014736, 0.711361, -0.702672

84
-0.0195133, 0.0101505, 0.00451244
0.999998, -0.000968581, -0.00181297
-0.0012932, 0.389119, -0.921187
0.00159771, 0.921187, 0.389117

85
0.0224336, -0.0116905, -0.00806757
0.999953, 0.00276681, -0.00924725
0.00959419, -0.389876, 0.920818
-0.00105754, -0.920863, -0.389884

86
-0.00746014, 0.00957346, 0.0104504
0.999991, -0.001175, -0.00404944
-0.00332204, 0.371885, -0.928273
0.00259665, 0.928278, 0.371878

87
-0.0317497, 0.0109, 0.000589788
-0.999429, -0.00235644, 0.0337008
0.0318114, -0.40145, 0.915328
0.0113723, 0.915878, 0.401296

88
-0.0255062, -0.0116092, -0.00825674
0.999973, -0.00102998, 0.0072639
-0.00707086, -0.399346, 0.916773
0.00195655, -0.9168, -0.399342

89
0.0165461, -0.00426505, 0.0148912
0.999941, 0.00167608, -0.0107077
-0.00582735, 0.916155, -0.400781
0.00913821, 0.40082, 0.916111

90
-0.0379334, -0.009397, 0.000597168
-0.999063, -0.00371769, -0.0431158
0.0430664, 0.0124601, -0.998995
0.00425117, -0.999915, -0.0122883

91
0.0470027, -0.0136994, 0.00281157
-0.999163, -0.00906918, 0.0398942
-0.040261, 0.0446934, -0.998189
0.00726975, -0.99896, -0.0450211

92
0.0165314, -0.013164, -0.00748511
0.999983, 0.000898243, 0.0057581
-0.00574806, -0.0108037, 0.999925
0.000960384, -0.999941, -0.0107984

93
-0.0682052, -0.0113165, 0.0101077
-0.993967, -0.0464561, 0.0993529
-0.0761526, -0.359585, -0.93
0.07893, -0.931955, 0.353878

94
-0.00447189, -0.0002714, 0.0103113
0.999873, -0.000177812, -0.0159429
-0.00622014, 0.916354, -0.400321
0.0146805, 0.40037, 0.916236

95
0.0164936, -0.00621841, -0.0125246
0.999998, 0.00126777, 0.00141561
-9.32876e-05, -0.711286, 0.702902
0.00189803, -0.702901, -0.711285

96
-0.0440275, -0.0140213, -0.00314345
-0.981409, -0.0071215, -0.191795
0.172972, 0.40021, -0.899951
0.0831675, -0.916396, -0.391538

97
-0.025455, -0.00715704, -0.0146655
0.999973, -0.00102998, 0.0072639
-0.00578388, -0.719792, 0.694166
0.00451352, -0.69419, -0.719778

98
0.0312227, 0.00780745, 0.0111005
-0.999701, -0.008281, -0.0230186
-0.00123086, -0.922743, 0.385415
-0.0244319, 0.385328, 0.922456

99
-0.0633627, -0.0142578, -0.010902
-0.998567, -0.0468954, -0.0257897
-0.016321, 0.725757, -0.687757
0.0509698, -0.686351, -0.725482

100
0.0164886, -0.00921561, -0.00630812
0.999998, 0.00126777, 0.00141561
-0.000812531, -0.388154, 0.921594
0.00171785, -0.921594, -0.388153

101
-0.0231212, 0.00906504, 0.00873155
-0.999437, 0.00159179, -0.0335082
-0.0243852, -0.720424, 0.693105
-0.0230369, 0.693532, 0.720058

102
0.06345, -0.00893366, -0.0122476
-0.93339, 0.0220131, -0.358187
0.133552, 0.947731, -0.289776
0.333086, -0.318311, -0.887543

103
0.0488283, 0.0125654, 0.0032025
-0.995401, -0.0217338, 0.0932927
0.0935482, -0.430063, 0.897939
0.0206061, 0.902537, 0.430119

104
-0.0672576, -0.0120696, -0.00231423
0.853819, 0.014236, 0.520376
-0.49374, 0.338926, 0.800843
-0.164968, -0.940705, 0.29641

105
-0.0315371, 0.00886044, 0.00675032
-0.999429, -0.00235644, 0.0337008
0.0144527, -0.931492, 0.363475
0.0305355, 0.363755, 0.930994

106
-0.025455, -0.00715704, -0.0146655
0.999973, -0.00102998, 0.0072639
-0.00578388, -0.719792, 0.694166
0.00451352, -0.69419, -0.719778

107
-0.0625892, 0.0125141, 0.000542655
0.776876, -0.00800436, 0.629602
0.576252, 0.41203, -0.705808
-0.253765, 0.911135, 0.324709

108
0.00758879, -0.00347865, 0.0130579
0.999981, 0.00158912, -0.00591913
-0.00381544, 0.917234, -0.398332
0.00479622, 0.398347, 0.917222

109
0.0467241, -0.0110962, -0.00357389
-0.999163, -0.00906918, 0.0398942
-0.0399783, 0.423577, -0.904978
-0.00869083, -0.905815, -0.423585

110
0.0515671, -0.0136669, 0.00107481
-0.95638, -0.028993, 0.290683
-0.266897, -0.317794, -0.90982
0.118756, -0.947716, 0.296194

111
0.0472413, -0.00866374, 0.00993239
-0.999163, -0.00906918, 0.0398942
-0.0344143, -0.340994, -0.939435
0.0221236, -0.940022, 0.340396

112
-0.00143776, -0.00416613, 0.0118471
0.999928, 0.000488795, -0.0120142
-0.00538002, 0.911765, -0.410677
0.0107534, 0.410712, 0.911702

113
0.0224083, 0.0102698, 0.0102237
0.999984, 0.00408319, -0.00390535
-0.00515074, 0.374664, -0.927146
-0.00232252, 0.927152, 0.374679

114
-0.0728153, -0.0112444, 0.00215469
-0.965264, -0.0371291, -0.258623
0.256702, 0.0496153, -0.965216
0.0486693, -0.998078, -0.0383608

115
0.00476683, 0.00967725, 0.0103549
0.999807, 0.000940943, -0.0196167
-0.0185993, 0.3661, -0.93039
0.00630625, 0.930575, 0.366047

116
-0.0740045, -0.0103532, 0.00488226
-0.97872, -0.0416072, -0.200936
0.202902, -0.342319, -0.917414
-0.0306133, -0.938662, 0.343477

117
-0.0315761, 0.0101077, 0.00761306
0.999995, 0.00256678, -0.00207987
-0.00292319, 0.394142, -0.919045
-0.00153922, 0.919046, 0.394148

118
-0.0694192, -0.0140194, -0.0033022
-0.993967, -0.0464561, 0.0993529
-0.10966, 0.404727, -0.907839
0.00196389, -0.913257, -0.407379

119
0.0659076, 0.0120586, -0.00155672
-0.941229, 0.00780873, -0.33768
-0.319423, 0.304428, 0.897381
0.109807, 0.952503, -0.284042

120
-0.0344486, 0.0100306, 0.0017898
-0.999798, -0.00344484, 0.0198225
0.0195297, -0.402999, 0.914992
0.00483645, 0.915194, 0.402985

121
0.0496481, -0.0105404, -0.00492691
-0.95638, -0.028993, 0.290683
-0.292027, 0.0690721, -0.953913
0.00757873, -0.99719, -0.0745259

122
-0.0314892, -0.00453508, 0.012005
0.999972, 0.00252207, -0.00706251
-0.00497927, 0.927499, -0.373792
0.00560774, 0.373817, 0.927485

123
0.0160421, 0.00488505, 0.01191
0.999822, 0.00224116, 0.0187193
0.011713, 0.704189, -0.709916
-0.014773, 0.710009, 0.704037

124
0.013528, -0.0112025, -0.00437489
0.999979, 0.000510565, 0.00649771
-0.00649396, -0.00703362, 0.999954
0.000556244, -0.999975, -0.00703016

125
0.0164928, 0.00697952, 0.00952284
0.999905, 0.00148995, -0.0136904
-0.0132326, 0.37929, -0.925183
0.00381417, 0.925277, 0.379273

126
-0.0224769, -0.011587, -0.00530735
0.999935, -0.00125207, 0.0113631
-0.0109083, -0.401886, 0.915625
0.00342025, -0.915689, -0.401873

127
-0.0376886, 0.00931236, -0.00530433
0.999801, 0.00372639, 0.0195993
0.0196343, -0.357976, -0.933524
0.00353741, 0.933723, -0.357978

128
0.0571142, -0.0135013, -0.00445435
0.894639, 0.0452449, -0.444493
0.44671, -0.0717862, 0.891794
0.0084407, -0.996393, -0.0844341

129
0.0281858, 0.0102127, 0.00735895
0.999817, 0.00724235, 0.0176932
0.0135912, 0.38161, -0.924223
-0.0134455, 0.924295, 0.381442

130
0.0135964, -0.00319493, -0.0155318
0.999979, 0.000510565, 0.00649771
-0.0041986, -0.712063, 0.702103
0.00498525, -0.702116, -0.712045

131
-0.0406871, -0.0119678, 0.00683609
-0.999333, -0.00610375, -0.036
0.0358187, -0.355318, -0.934059
-0.00709016, -0.934726, 0.355299

132
-0.0376459, 0.0100999, 0.0106305
0.999987, 0.00416351, 0.00305258
0.00115962, 0.395029, -0.918668
-0.00503074, 0.918659, 0.395019

133
-0.0547774, -0.0119078, 0.000952646
0.999213, 0.0321791, -0.0232117
0.0100062, 0.361734, 0.932228
0.0383947, -0.931726, 0.361127

134
0.0192821, -0.00617624, -0.0125377
0.999959, 0.00204841, -0.00878185
0.0076202, -0.712678, 0.70145
-0.00482177, -0.701489, -0.712664

135
-0.0710898, -0.0171448, -0.00790853
-0.97872, -0.0416072, -0.200936
0.10593, 0.736211, -0.66841
0.175742, -0.675472, -0.716137

136
-0.00166249, -0.013358, -0.00709778
0.99991, 0.000723936, -0.0134037
0.013397, 0.0085531, 0.999874
0.000838488, -0.999963, 0.00854263

137
-0.00448547, 0.00703739, 0.00937817
0.999873, -0.000177812, -0.0159429
-0.014779, 0.364856, -0.930947
0.0059824, 0.931064, 0.364807

138
-0.0549384, 0.0130961, 0.0147673
0.734928, 0.0370967, -0.677129
-0.635927, 0.384504, -0.669144
0.235536, 0.922378, 0.306173

139
0.0103077, 0.0094958, 0.0075186
0.999972, 0.00167424, 0.00728125
0.00611661, 0.376183, -0.926525
-0.00429031, 0.926544, 0.376162

140
-0.0347011, 0.0057083, -0.0117005
-0.999798, -0.00344484, 0.0198225
0.0172294, 0.362176, 0.93195
-0.0103897, 0.932103, -0.362044

141
0.0317236, 0.00932833, -0.0112028
-0.999701, -0.008281, -0.0230186
-0.0244319, 0.385328, 0.922456
0.00123086, 0.922743, -0.385415

142
-0.0523084, -0.0112377, 0.010027
-0.985607, -0.0325253, 0.165897
-0.142838, -0.364682, -0.920111
0.0904264, -0.930564, 0.354787

143
0.037357, 0.0124569, 0.00246917
-0.999556, -0.0106296, -0.0278422
-0.0213767, -0.395229, 0.918334
-0.0207656, 0.918521, 0.394827

144
0.0379644, 0.00208614, -0.0153786
-0.999556, -0.0106296, -0.0278422
-0.0273654, 0.697355, 0.716203
0.0118029, 0.716647, -0.697336

145
0.0471269, -0.00803273, 0.00720994
-0.999163, -0.00906918, 0.0398942
-0.0233283, -0.674768, -0.737661
0.0336093, -0.737974, 0.673992

146
0.0135964, -0.00319493, -0.0155318
0.999979, 0.000510565, 0.00649771
-0.0041986, -0.712063, 0.702103
0.00498525, -0.702116, -0.712045

147
-0.00528495, 0.00582037, -0.0116141
-0.999043, 0.0013577, 0.0437082
0.0403754, 0.412527, 0.91005
-0.0167953, 0.910944, -0.412187

148
-0.0701269, -0.0138402, -0.0102983
-0.993967, -0.0464561, 0.0993529
-0.102064, 0.723407, -0.682836
-0.0401506, -0.688857, -0.723784

149
0.0160404, -0.00376656, 0.013037
0.999822, 0.00224116, 0.0187193
0.00516806, 0.922294, -0.386454
-0.0181308, 0.386482, 0.922119

150
0.0164898, 0.00569538, 0.011196
0.999941, 0.00167608, -0.0107077
-0.0105822, 0.364397, -0.931184
0.00234113, 0.931242, 0.364393

151
0.0160404, -0.00376656, 0.013037
0.999822, 0.00224116, 0.0187193
0.00516806, 0.922294, -0.386454
-0.0181308, 0.386482, 0.922119

152
0.00131978, -0.00952766, -0.00909652
0.999953, 0.000843976, -0.00968397
0.00931254, -0.368813, 0.929457
-0.00278714, -0.929503, -0.368804

153
-0.00469944, 0.00928863, 0.00166111
-0.999043, 0.0013577, 0.0437082
0.0404258, -0.352434, 0.934963
0.0166737, 0.935836, 0.352042

154
0.0540323, -0.0126585, -0.0105715
0.894639, 0.0452449, -0.444493
0.415937, -0.447625, 0.791599
-0.16315, -0.893076, -0.419282

155
0.0102613, -0.00290972, -0.011926
0.999938, 0.000676987, -0.0110923
0.00836408, -0.703055, 0.711086
-0.00731713, -0.711135, -0.703018

156
-0.0376, 0.0103051, -0.00467541
0.999987, 0.00416351, 0.00305258
0.00437724, -0.370263, -0.928917
-0.0027373, 0.928918, -0.370276

157
-0.045302, -0.0114607, 0.00328286
-0.981409, -0.0071215, -0.191795
0.191632, 0.0190565, -0.981282
0.0106431, -0.999793, -0.0173375

158
-0.00167164, -0.0114124, -0.00705716
0.999905, 0.000581313, -0.0138075
0.013798, 0.0140624, 0.999806
0.000775367, -0.999901, 0.014053

159
-0.0227619, -0.00930105, 0.000699875
-0.999792, 0.00134349, -0.0203701
0.0203738, 0.0027849, -0.999789
-0.00128648, -0.999995, -0.00281169

160
-0.0452662, -0.0188778, -0.00405371
-0.915722, 0.000565111, -0.401813
0.363533, 0.427146, -0.827883
0.171165, -0.904182, -0.391353

161
0.0464409, -0.0107745, -0.0105949
-0.999163, -0.00906918, 0.0398942
-0.0336093, 0.737974, -0.673992
-0.0233283, -0.674768, -0.737661

162
-0.0381477, -0.0094904, 0.00557082
-0.999063, -0.00371769, -0.0431158
0.041415, -0.371139, -0.927653
-0.0125532, -0.92857, 0.370946

163
0.0193428, -0.00918576, -0.00632744
0.999959, 0.00204841, -0.00878185
0.00888536, -0.38998, 0.92078
-0.00153862, -0.920821, -0.389983

164
-0.004393, -0.00121801, 0.0148697
0.999863, -0.000270142, -0.0165402
-0.00646054, 0.914085, -0.405472
0.0152287, 0.405524, 0.913958

165
0.00744696, 0.0103754, 0.00695703
0.999995, 0.00147602, -0.00273647
-0.00308493, 0.361344, -0.932428
-0.00038747, 0.932432, 0.361346

166
0.016515, -0.000342893, 0.0103421
0.999905, 0.00148995, -0.0136904
-0.0066598, 0.922468, -0.386017
0.0120539, 0.386071, 0.92239

167
-0.0315386, 0.00552929, 0.00860291
0.999972, 0.00252207, -0.00706251
-0.00748614, 0.391512, -0.920142
0.000444396, 0.920169, 0.39152

168
0.0608303, 0.0134, -0.00573636
0.999509, 0.0305534, 0.00697529
0.0252151, -0.651841, -0.757936
-0.0186107, 0.75774, -0.652291

169
0.0163655, 0.00834779, -0.0057791
0.999822, 0.00224116, 0.0187193
0.014773, -0.710009, -0.704037
0.011713, 0.704189, -0.709916

170
-0.0374734, -0.0132699, -0.00362909
0.999878, 0.00386582, -0.0151639
0.0152308, -0.0179031, 0.999724
0.00359327, -0.999832, -0.0179598

171
-0.0548327, -0.00697936, -0.0178176
0.999277, 0.0340632, 0.0168577
0.0132244, -0.727459, 0.686024
0.0356314, -0.685305, -0.727384

172
0.0103082, -0.00789151, -0.0141899
0.999958, 0.000566335, -0.00915015
0.00866461, -0.384458, 0.923102
-0.00299507, -0.923142, -0.384447

173
0.0103331, -0.00738817, -0.0114387
0.999958, 0.000566335, -0.00915015
0.0068589, -0.708464, 0.705713
-0.00608288, -0.705746, -0.708439

174
-0.0558434, 0.0100396, -0.00188596
0.804977, -0.00466294, 0.593288
0.59311, 0.0320731, -0.804482
-0.0152773, 0.999475, 0.0285837

175
-0.0550282, -0.01196, 0.00383902
0.999277, 0.0340632, 0.0168577
-0.0278584, 0.354753, 0.934545
0.0258533, -0.934339, 0.355446

176
-0.0401403, -0.0142687, -0.00795269
-0.999333, -0.00610375, -0.036
0.0202577, 0.7276, -0.685703
0.0303789, -0.685975, -0.726991

177
-0.0527898, 0.0130902, -0.0184526
0.767166, -0.00220437, 0.641445
0.471798, -0.67556, -0.566591
0.434583, 0.737302, -0.517227

178
0.0503597, -0.0141703, -0.00294789
-0.95638, -0.028993, 0.290683
-0.272698, 0.445422, -0.852781
-0.104752, -0.894851, -0.4339

179
-0.0706813, -0.0143356, -0.00536615
-0.965264, -0.0371291, -0.258623
0.218537, 0.427786, -0.877064
0.1432, -0.903117, -0.404813

180
-0.0764966, -0.00180756, 0.00998066
0.770968, -0.00836446, 0.636819
0.226766, 0.937987, -0.262216
-0.595135, 0.346569, 0.725055

181
-0.0376687, -0.00368818, -0.0140641
0.999878, 0.00386582, -0.0151639
0.0133106, -0.719648, 0.694212
-0.00822897, -0.694329, -0.719611

182
0.0165479, 0.00254035, 0.0161252
0.999941, 0.00167608, -0.0107077
-0.00888081, 0.69303, -0.720854
0.00621258, 0.720907, 0.693004

183
-0.0448153, -0.0148929, 0.000920156
-0.981409, -0.0071215, -0.191795
0.181118, -0.364998, -0.913221
-0.0635015, -0.930981, 0.359502

184
0.031562, 0.00969739, -0.00431322
-0.999701, -0.008281, -0.0230186
-0.0230432, 0.00287807, 0.99973
-0.00821251, 0.999962, -0.00306803

185
-0.0708033, 0.00885776, 0.00322806
0.770968, -0.00836446, 0.636819
0.437253, 0.733961, -0.519722
-0.463053, 0.67914, 0.569518

186
-0.0534464, -0.0114544, 0.00322357
-0.985607, -0.0325253, 0.165897
-0.16657, 0.0191896, -0.985843
0.0288813, -0.999287, -0.0243312

187
-0.0346054, 0.0117218, -0.00582675
-0.999798, -0.00344484, 0.0198225
0.0198939, -0.0220932, 0.999558
-0.00300538, 0.99975, 0.0221573

188
0.0482602, 0.0102224, -0.00340549
-0.995401, -0.0217338, 0.0932927
0.0943129, -0.0519406, 0.994187
-0.0167617, 0.998414, 0.0537516

189
-0.0648044, -0.0137866, -0.00629237
0.853819, 0.014236, 0.520376
-0.519287, -0.0468658, 0.853314
0.0365356, -0.9988, -0.0326224

190
-0.0227843, 0.0100554, -0.00126976
-0.999437, 0.00159179, -0.0335082
-0.0313448, -0.400182, 0.915899
-0.0119515, 0.916434, 0.400007

191
0.0627955, -0.0136624, -0.0108326
-0.93339, 0.0220131, -0.358187
0.250853, 0.753777, -0.607366
0.256623, -0.656762, -0.70909

192
-0.0344546, -0.00260491, -0.0157152
0.999991, 0.00207958, 0.00361718
-0.000947009, -0.731185, 0.682178
0.00406347, -0.682176, -0.731177

193
0.0474024, 0.00715622, -0.0134264
-0.997306, -0.0141158, -0.0719807
-0.0725017, 0.338659, 0.938112
0.0111348, 0.940803, -0.33877

194
-0.00186904, -0.00353981, -0.0154145
0.999879, 0.000591543, -0.0155128
0.0114844, -0.70055, 0.713511
-0.0104454, -0.713603, -0.700472

195
-0.0376294, 0.0117248, 0.00299792
0.999987, 0.00416351, 0.00305258
0.00299652, 0.0134035, -0.999906
-0.00420403, 0.999902, 0.0133909

196
-0.0635701, -0.0132363, -0.000994637
-0.995507, -0.0456166, -0.0829769
0.0811706, 0.0401201, -0.995892
0.0487583, -0.998153, -0.0362372

197
-0.0017229, -0.00753582, -0.0112894
0.99991, 0.000723936, -0.0134037
0.010066, -0.701033, 0.713058
-0.00888024, -0.713129, -0.700977

198
-0.0751342, -0.00731641, 0.00975626
-0.97872, -0.0416072, -0.200936
0.175742, -0.675472, -0.716137
-0.10593, -0.736211, 0.66841

199
-0.0409504, -0.00782524, 0.0134442
-0.999333, -0.00610375, -0.036
0.0303789, -0.685975, -0.726991
-0.0202577, -0.7276, 0.685703

200
-0.0694617, 0.00647511, 0.0118578
0.876782, -0.00532332, 0.480858
0.178285, 0.932277, -0.31476
-0.446617, 0.361706, 0.818353

201
0.0374996, 0.00538631, -0.0110828
-0.998682, -0.00996693, -0.0503449
-0.0505308, 0.362547, 0.930595
0.00897721, 0.931912, -0.362573

202
-0.062937, -0.0141636, -0.00808062
-0.995507, -0.0456166, -0.0829769
0.022919, 0.73417, -0.678579
0.0918736, -0.677432, -0.729826

203
-0.0376133, 0.0130326, -0.00405623
0.999987, 0.00416351, 0.00305258
0.00509156, -0.697559, -0.716509
-0.000853834, 0.716515, -0.697571

204
0.0489741, -0.0127897, -0.0108622
-0.919308, -0.039839, 0.391517
-0.367731, 0.441301, -0.818552
-0.140166, -0.896474, -0.420342

205
0.022385, -0.00379677, -0.0109587
0.999953, 0.00276681, -0.00924725
0.00845917, -0.712597, 0.701522
-0.00464858, -0.701568, -0.712587

206
-0.0378655, -0.0120068, 0.00972677
-0.998689, -0.00203474, -0.0511576
0.0486299, -0.350194, -0.935414
-0.0160117, -0.936675, 0.349833

207
-0.0591876, 0.008132, 0.000791228
0.829127, -0.000375174, 0.55906
0.558594, 0.0413816, -0.828408
-0.022824, 0.999143, 0.0345202

208
-0.0717865, -0.0137507, -0.00132516
-0.965264, -0.0371291, -0.258623
0.255787, -0.336109, -0.906424
-0.053271, -0.941091, 0.333932

209
0.0546898, 0.0118922, 0.00422603
-0.936735, 0.0102817, -0.349888
-0.349579, -0.0787182, 0.933594
-0.0179436, 0.996844, 0.0773324

210
-0.0650037, -0.00795665, 0.0133017
-0.995507, -0.0456166, -0.0829769
0.0918736, -0.677432, -0.729826
-0.022919, -0.73417, 0.678579

211
0.0637716, 0.0088417, 0.00432269
-0.941229, 0.00780873, -0.33768
-0.33713, -0.0832524, 0.93777
-0.0207899, 0.996498, 0.0809921

212
0.00769046, -0.0110232, 0.0040927
-0.999771, -0.000952995, 0.0213886
-0.0213588, -0.0245518, -0.99947
0.00147762, -0.999698, 0.0245258

213
-0.0638536, -0.0119366, 0.0038856
-0.998567, -0.0468954, -0.0257897
0.0408441, -0.35637, -0.933452
0.0345839, -0.933167, 0.357775

214
-0.00430949, 0.00496147, 0.0107087
-0.999043, 0.0013577, 0.0437082
0.0167953, -0.910944, 0.412187
0.0403754, 0.412527, 0.91005

215
0.00752601, 0.0080115, 0.00553614
0.999981, 0.00158912, -0.00591913
-0.00608937, 0.366908, -0.930237
0.000693519, 0.930256, 0.366911

216
-0.0379937, 0.0104898, 0.0100367
0.999801, 0.00372639, 0.0195993
0.0163848, 0.407114, -0.91323
-0.0113822, 0.91337, 0.406972

217
0.0225001, -0.0155645, -0.00202942
0.999953, 0.00276681, -0.00924725
0.00753191, 0.375465, 0.926806
0.00603632, -0.926832, 0.375427

218
-0.0728048, -0.0112464, -0.000776115
-0.97872, -0.0416072, -0.200936
0.199172, 0.042949, -0.979023
0.0493644, -0.998211, -0.033748

219
0.0554528, -0.0120448, 0.00840105
-0.93339, 0.0220131, -0.358187
0.333086, -0.318311, -0.887543
-0.133552, -0.947731, 0.289776

220
0.0224747, -0.00436657, 0.0119354
0.999984, 0.00408319, -0.00390535
-0.00528439, 0.920523, -0.390654
0.00199985, 0.390668, 0.920529

221
0.0591474, -0.0119033, -0.000199433
0.894639, 0.0452449, -0.444493
0.409476, 0.314981, 0.856222
0.178747, -0.948019, 0.263268

222
0.0194991, 0.00184907, 0.0127494
0.999958, 0.00244035, -0.00880388
-0.00798336, 0.70194, -0.712192
0.0044418, 0.712232, 0.70193

223
0.0579275, -0.0119203, 0.00195991
-0.93339, 0.0220131, -0.358187
0.35884, 0.0686, -0.930875
0.00408013, -0.997401, -0.0719297

224
-0.0404022, -0.0132642, -0.000853798
-0.999333, -0.00610375, -0.036
0.0358055, 0.0294334, -0.998925
0.00715679, -0.999548, -0.0291952

225
-0.0376217, 0.00219014, 0.0134777
0.999987, 0.00416351, 0.00305258
-0.000853834, 0.716515, -0.697571
-0.00509156, 0.697559, 0.716509

226
-0.0554636, -0.00363457, -0.0171159
0.999213, 0.0321791, -0.0232117
0.0393013, -0.722373, 0.690386
0.00544845, -0.690755, -0.723069

227
-0.0106008, -0.00931801, -0.00422477
0.999989, -0.0010233, -0.00454203
0.00454658, 0.00448693, 0.99998
-0.0010029, -0.999989, 0.00449154

228
0.0644903, 0.0125024, 0.00240403
-0.941229, 0.00780873, -0.33768
-0.303511, -0.458258, 0.835392
-0.148221, 0.888785, 0.433696

229
0.00125656, -0.00666101, -0.015374
0.999953, 0.000843976, -0.00968397
0.00753707, -0.696444, 0.717571
-0.00613873, -0.71761, -0.696418

230
0.0608349, 0.0116612, 0.00122415
0.999509, 0.0305534, 0.00697529
0.00467003, 0.0748817, -0.997181
-0.0309896, 0.996724, 0.0747023

231
0.0225774, -0.0145409, 0.00663468
0.999953, 0.00276681, -0.00924725
0.00464858, 0.701568, 0.712587
0.00845917, -0.712597, 0.701522

232
-0.0711088, -0.0143891, -0.00838659
-0.97872, -0.0416072, -0.200936
0.16512, 0.421678, -0.891584
0.121827, -0.90579, -0.405835

233
0.00125398, 0.0016854, -0.0164488
-0.999624, -0.000556436, 0.0274114
0.0186752, 0.718172, 0.695615
-0.0200732, 0.695865, -0.717892

234
-0.037084, -0.0114723, -0.00555126
-0.998689, -0.00203474, -0.0511576
0.0457085, 0.414705, -0.908807
0.0230645, -0.909954, -0.414068

235
0.010394, 0.00783006, -0.00395016
0.999972, 0.00167424, 0.00728125
0.00735881, -0.389164, -0.921139
0.00129139, 0.921167, -0.389165

236
-0.0380728, 0.00167138, 0.0157466
0.999801, 0.00372639, 0.0195993
0.0107818, 0.725656, -0.687973
-0.016786, 0.688047, 0.725471

237
-0.0643994, 0.00815377, -0.00458459
0.767166, -0.00220437, 0.641445
0.640908, 0.043658, -0.766375
-0.0263148, 0.999044, 0.0349057

238
-0.00172946, -0.0106129, -0.0112105
0.999905, 0.000581313, -0.0138075
0.0103049, -0.697093, 0.716907
-0.00920838, -0.71698, -0.697033

239
0.0337532, 0.00661743, 0.00986793
-0.998471, -0.0100258, -0.0543629
-0.0110864, -0.927119, 0.374603
-0.0541566, 0.374633, 0.92559

240
0.0103512, -0.00933021, -0.00421206
0.999938, 0.000676987, -0.0110923
0.0110883, 0.00571304, 0.999922
0.000740305, -0.999983, 0.00570518

241
0.03409, 0.0077447, 0.00824373
-0.998997, -0.00945311, -0.043761
-0.00764248, -0.9271, 0.374736
-0.0441132, 0.374694, 0.926098

242
0.0554528, -0.0120448, 0.00840105
-0.93339, 0.0220131, -0.358187
0.333086, -0.318311, -0.887543
-0.133552, -0.947731, 0.289776

243
-0.0415245, -0.0132425, -0.0109927
-0.958155, -0.00170916, -0.286244
0.259217, 0.419022, -0.870188
0.12143, -0.907974, -0.401045

244
-0.0195059, 0.00576988, 0.0109705
0.999998, -0.000968581, -0.00181297
-0.000583343, 0.712022, -0.702157
0.00197097, 0.702157, 0.71202

245
0.0256782, -0.00139065, -0.0154827
-0.999631, -0.00556786, -0.0266003
-0.0154574, 0.921533, 0.387992
0.0223528, 0.38826, -0.921279

246
0.0162458, 0.0077678, 0.000686697
0.999822, 0.00224116, 0.0187193
0.0187284, -0.00411577, -0.999816
-0.00216371, 0.999989, -0.00415701

247
-0.0584592, 0.0100385, -0.00458496
0.776876, -0.00800436, 0.629602
0.629499, 0.0319895, -0.776342
-0.0139265, 0.999456, 0.0298906

248
-0.059081, 0.0145381, 0.00365843
-0.9616, -0.0153853, 0.274023
0.256143, -0.408894, 0.875898
0.0985705, 0.912452, 0.397133

249
-0.0321112, 0.00961164, -0.0109468
-0.999495, -0.00248968, 0.0316929
0.0285267, 0.36976, 0.928689
-0.0140309, 0.929124, -0.369502

250
0.0509705, 0.0133571, -0.00840066
0.902825, 0.0457502, -0.427567
-0.391146, -0.325698, -0.860771
-0.178638, 0.944366, -0.276153

251
0.0502088, 0.00544549, 0.0160332
-0.936735, 0.0102817, -0.349888
-0.1172, -0.951088, 0.285825
-0.329835, 0.30875, 0.892122

252
0.00136789, -0.00942179, -0.00411873
0.999953, 0.000843976, -0.00968397
0.00967025, 0.0149665, 0.999841
0.000988777, -0.999888, 0.0149576

253
0.059392, 0.0102642, -0.00188286
0.878623, 0.053811, -0.474475
-0.477121, 0.0584862, -0.876889
-0.0194361, 0.996837, 0.0770617

254
-0.0376053, 0.00586379, -0.00889491
0.999801, 0.00372639, 0.0195993
0.016786, -0.688047, -0.725471
0.0107818, 0.725656, -0.687973

255
0.0135726, -0.0108048, -0.0112646
0.999979, 0.000510565, 0.00649771
-0.00578677, -0.389172, 0.921147
0.00299903, -0.921165, -0.389161

256
0.0509419, 0.015107, -0.00172701
-0.937833, 0.00905971, -0.346968
-0.326774, 0.313914, 0.891446
0.116994, 0.949408, -0.291438

257
0.0458942, 0.0092163, 0.00706618
-0.997306, -0.0141158, -0.0719807
-0.0380324, -0.739589, 0.671983
-0.0627217, 0.67291, 0.73706

258
-0.0344939, -0.0138264, 0.00162095
0.999991, 0.00207958, 0.00361718
-0.00411656, 0.350436, 0.936578
0.0006801, -0.936585, 0.350441

259
-0.0373776, 0.00192541, -0.013209
-0.999605, -0.00358848, -0.0278835
-0.0225624, 0.694104, 0.719522
0.016772, 0.719866, -0.69391

260
0.0252417, 0.0101613, 0.00448394
0.999882, 0.00552233, 0.0143446
0.0110808, 0.387799, -0.921677
-0.0106526, 0.921728, 0.387692

261
0.0161525, 0.00781965, 0.0056647
0.999822, 0.00224116, 0.0187193
0.0164748, 0.378877, -0.9253
-0.00916607, 0.925444, 0.378772

262
-0.00471665, 0.0100942, -0.0111824
-0.999744, 0.000413841, 0.0226112
0.0209293, 0.395718, 0.918133
-0.00856772, 0.918372, -0.395626

263
0.0346711, 0.00195728, -0.0161744
-0.999092, -0.00971015, -0.0414858
-0.0367008, 0.690725, 0.722186
0.0216427, 0.723053, -0.690454

264
0.0486992, -0.0157571, -0.0118097
-0.919308, -0.039839, 0.391517
-0.286099, 0.750775, -0.595386
-0.270221, -0.659356, -0.701591

265
-0.0375724, 0.00881392, -0.0116931
0.999987, 0.00416351, 0.00305258
0.00503074, -0.918659, -0.395019
0.00115962, 0.395029, -0.918668

266
-0.0375614, 0.0100936, 0.00764583
0.999961, 0.00422409, -0.00776767
-0.00880522, 0.395765, -0.91831
-0.000804858, 0.918342, 0.395786

267
-0.0374424, 0.00868713, -0.011756
-0.999605, -0.00358848, -0.0278835
-0.0272634, 0.365787, 0.930299
0.00686105, 0.930692, -0.36574

268
-0.0597404, 0.0125147, 0.00342109
0.804977, -0.00466294, 0.593288
0.542116, 0.412114, -0.732306
-0.241088, 0.91112, 0.33427

269
-0.0674205, 0.0110162, -0.000961419
0.767166, -0.00220437, 0.641445
0.582052, 0.422652, -0.69468
-0.269577, 0.906289, 0.325528

270
-0.0314003, 0.00771559, 0.011322
-0.999495, -0.00248968, 0.0316929
0.0140309, -0.929124, 0.369502
0.0285267, 0.36976, 0.928689

271
0.0474263, -0.0126802, -0.0124503
-0.95638, -0.028993, 0.290683
-0.211853, 0.753961, -0.62182
-0.201135, -0.656279, -0.727216

272
-0.0315961, 0.0117251, -2.10625e-05
0.999995, 0.00256678, -0.00207987
-0.00211164, 0.0124362, -0.99992
-0.00254071, 0.999919, 0.0124416

273
-0.0640521, 0.0145745, 0.00495659
0.734928, 0.0370967, -0.677129
-0.616217, -0.380334, -0.689654
-0.283119, 0.924105, -0.256659

274
0.0688638, 0.0120435, -0.00151594
-0.935356, 0.0111205, -0.353534
-0.333949, 0.301633, 0.893026
0.116569, 0.953359, -0.278421

275
-0.0322952, -0.00340302, -0.0165894
-0.999429, -0.00235644, 0.0337008
0.0113723, 0.915878, 0.401296
-0.0318114, 0.40145, -0.915328

276
-0.034778, 0.00204953, 0.0123399
0.999931, 0.00257343, 0.0114905
0.00181258, 0.930557, -0.366144
-0.0116348, 0.366139, 0.930487

277
0.0377613, 0.00960576, -0.0109588
-0.999556, -0.0106296, -0.0278422
-0.0297991, 0.370023, 0.928545
0.00043216, 0.928962, -0.370175

278
0.0598484, 0.0119062, 0.00386544
0.898949, -0.0207371, 0.437563
0.437789, 0.0772476, -0.895753
-0.0152253, 0.996796, 0.0785202

279
-0.0597137, 0.00948912, 0.00325144
0.818477, -0.00422454, 0.574523
0.526867, 0.404334, -0.747613
-0.229141, 0.914601, 0.333164

280
-0.00168934, -0.0113649, -0.00412997
0.999879, 0.000591543, -0.0155128
0.0155067, 0.0092299, 0.999837
0.000734629, -0.999957, 0.00921961

281
0.052432, 0.00528205, 0.0205278
0.889496, -0.0224332, 0.456392
0.156737, 0.953177, -0.258625
-0.42922, 0.30158, 0.851363

282
0.043859, 0.00589116, -0.0111899
-0.993722, -0.0103334, -0.111401
-0.108585, 0.328941, 0.938087
0.0269508, 0.944294, -0.327998

283
0.0473355, 0.00288843, -0.0149797
-0.995401, -0.0217338, 0.0932927
0.0548369, 0.669257, 0.741004
-0.0785416, 0.742713, -0.664988

284
-0.0344684, 0.0127784, 0.00126807
-0.999798, -0.00344484, 0.0198225
0.0161922, -0.722552, 0.691127
0.011942, 0.691308, 0.722462

285
0.0103742, -0.013254, -0.007308
0.999958, 0.000566335, -0.00915015
0.00915122, -0.00192196, 0.999956
0.000548724, -0.999998, -0.00192707

286
-0.00445229, 0.00872331, 0.0111234
0.999863, -0.000270142, -0.0165402
-0.0153366, 0.359607, -0.932978
0.0062, 0.933104, 0.359553

287
-0.0379965, 0.00860882, 0.00812054
-0.999605, -0.00358848, -0.0278835
-0.016772, -0.719866, 0.69391
-0.0225624, 0.694104, 0.719522

288
-0.0556237, -0.0138705, -0.0101855
-0.985607, -0.0325253, 0.165897
-0.138205, 0.720172, -0.679891
-0.0973607, -0.693033, -0.714301

289
-0.0644528, 0.0101026, -0.00444382
0.770968, -0.00836446, 0.636819
0.636612, 0.0387643, -0.770209
-0.0182434, 0.999213, 0.0352109

290
-0.0316449, 0.0102767, -0.00474574
0.999972, 0.00252207, -0.00706251
-0.00560774, -0.373817, -0.927485
-0.00497927, 0.927499, -0.373792

291
-0.0345141, -0.0104069, 0.00524012
0.999991, 0.00207958, 0.00361718
-0.00406347, 0.682176, 0.731177
-0.000947009, -0.731185, 0.682178

292
-0.0195076, 0.0116565, 0.00686933
0.999998, -0.000968581, -0.00181297
-0.00180617, 0.00697589, -0.999974
0.000981203, 0.999975, 0.00697413

293
-0.0376276, 0.0117246, 1.48436e-05
0.999961, 0.00422409, -0.00776767
-0.00782695, 0.0142044, -0.999868
-0.0041132, 0.99989, 0.0142369

294
0.0534585, 0.00638759, 0.0167317
0.898949, -0.0207371, 0.437563
0.298798, 0.759464, -0.577871
-0.32033, 0.650219, 0.688915

295
-0.0453152, -0.0168056, 0.00171714
-0.958155, -0.00170916, -0.286244
0.269158, -0.345742, -0.898898
