0
0.00986014, 0.00299709, -0.049539
-0.0581229, -0.025893, -0.997974
0.895173, 0.441161, -0.0635819
0.441914, -0.897054, -0.00246293

1
-0.0175387, 0.0106944, -0.0715674
-0.0541196, 0.0385828, 0.997789
-0.560973, 0.825483, -0.062347
-0.826063, -0.563107, -0.0230309

2
0.0127194, -0.000167248, -0.042119
0.049533, 0.0807714, 0.995501
0.783749, -0.620973, 0.0113867
0.619099, 0.779659, -0.0940632

3
0.0111071, -0.00429519, -0.0899933
0.0411652, 0.0852078, 0.995512
0.761503, -0.647718, 0.0239507
0.646852, 0.7571, -0.0915495

4
0.0180244, 0.0121897, -0.0392417
-0.0516089, -0.0134164, -0.998577
0.531953, 0.845882, -0.0388575
0.8452, -0.533202, -0.0365181

5
-0.00087084, 0.00247617, -0.14893
-0.0260878, 0.999602, 0.0107742
0.78988, 0.0272179, -0.612657
-0.612706, -0.00747251, -0.790276

6
0.013169, -0.00337023, -0.00352134
-0.0609921, 8.76984e-05, -0.998138
0.723056, 0.689379, -0.0441224
0.688092, -0.724401, -0.0421101

7
-0.0149282, 0.00927541, -0.0765073
0.0586011, -0.0234112, -0.998007
-0.548867, -0.835815, -0.0126219
-0.833853, 0.548512, -0.0618293

8
-0.021442, 0.00557108, -0.0220612
0.0031096, 0.00637567, 0.999975
-0.905597, 0.42414, 0.000111874
-0.424128, -0.905574, 0.00709269

9
0.00921692, 0.00110863, -0.0309611
0.0274125, 0.11184, 0.993348
0.871825, -0.488837, 0.0309787
0.489049, 0.865177, -0.110905

10
0.0166121, -0.00657502, -0.0553452
-0.0597479, 0.0212908, -0.997986
-0.0501525, 0.998446, 0.0243032
0.996953, 0.0515036, -0.0585873

11
-0.00249988, 0.000902158, -0.0220903
0.0031096, 0.00637567, 0.999975
-0.998969, 0.0453057, 0.00281761
-0.0452866, -0.998953, 0.00650998

12
0.0182417, -0.00679144, -0.02658
0.0510345, 0.0894515, 0.994683
0.41246, -0.908959, 0.0605802
0.909545, 0.407175, -0.0832835

13
-0.00209934, -0.000711694, -0.0919054
0.999053, -0.0431978, -0.00517476
0.0224355, 0.409627, 0.911977
-0.0372757, -0.91123, 0.410208

14
0.0144095, -0.00886765, -0.0960366
0.0482912, 0.094695, 0.994334
0.551311, -0.832645, 0.0525214
0.832901, 0.545651, -0.0924159

15
0.00287209, 0.0537748, -0.0430766
-0.0635044, -0.0115344, -0.997915
-0.995887, 0.0654794, 0.0626185
0.0646206, 0.997787, -0.0156452

16
0.0214096, 0.0417087, 0.0834624
0.00585078, 0.472517, -0.881302
-0.408134, 0.805699, 0.429273
0.912903, 0.357178, 0.197565

17
-0.0348863, -0.0643695, -0.124621
0.154528, 0.318238, -0.935332
0.324971, -0.910398, -0.256065
-0.933014, -0.264386, -0.2441

18
-0.0171127, 0.0122753, -0.00647043
-0.0636513, 0.0110708, 0.997911
-0.649674, 0.758576, -0.0498548
-0.757543, -0.65149, -0.0410919

19
-0.0230895, -0.00348136, -0.0641473
0.054079, -0.0116914, -0.998468
-0.0539338, -0.998506, 0.0087707
-0.997079, 0.0533769, -0.0546288

20
-0.0146442, 0.000677384, 0.0456711
-0.0127932, -0.0138879, 0.999822
-0.883544, 0.468323, -0.00480022
-0.468173, -0.883448, -0.018262

21
0.0057277, -0.0469811, -0.0500674
0.0548545, 0.0458825, 0.99744
-0.98087, -0.184384, 0.062425
0.186776, -0.981783, 0.0348905

22
-0.0195829, 0.0331311, 0.0696575
0.134158, 0.25978, 0.956303
0.990593, -0.00891482, -0.136547
-0.026947, 0.965627, -0.258533

23
0.00131981, 0.05341, -0.0603327
-0.0593442, 0.0033014, -0.998232
-0.992574, 0.106172, 0.0593589
0.106181, 0.994342, -0.00302383

24
0.0149172, 0.0673188, -0.00362195
-0.0609921, 8.76984e-05, -0.998138
-0.688092, 0.724401, 0.0421101
0.723056, 0.689379, -0.0441224

25
0.0116985, 0.0513513, -0.0583847
-0.0620311, -0.0223355, -0.997824
-0.953426, 0.297001, 0.0526229
0.29518, 0.954616, -0.0397186

26
-0.0189769, -0.0602918, -0.0121852
0.0495053, -0.0965051, -0.994101
0.933705, -0.348907, 0.0803687
-0.354604, -0.932175, 0.0728346

27
-0.00554049, 0.0521309, -0.00126907
-0.0691809, 0.0141223, 0.997504
0.996153, 0.0548871, 0.0683102
-0.0537854, 0.998393, -0.0178651

28
-0.000304474, -0.0530588, -0.0680572
0.0578131, -0.0381147, 0.9976
-0.998327, -0.00183207, 0.0577852
-0.000374797, -0.999272, -0.0381568

29
0.0174692, 0.0355931, 0.0151326
0.0367059, -0.26652, -0.96313
-0.991363, -0.131137, -0.00149322
-0.125904, 0.954867, -0.269031

30
-0.0336233, 0.00425489, -0.150328
-0.0388093, -0.998792, -0.0301485
-0.99788, 0.040316, -0.0510908
0.0522445, 0.0281018, -0.998239

31
0.0116598, 0.0125836, -0.0888866
0.0628341, 0.0295145, 0.997587
0.435677, -0.900103, -0.000811261
0.897907, 0.434677, -0.0694159

32
0.0274536, 0.00970292, 0.0518444
0.0630374, 0.0735288, -0.995299
0.218566, 0.972056, 0.0856546
0.973784, -0.222938, 0.045205

33
0.0186115, -0.0558381, -0.0221882
0.0510345, 0.0894515, 0.994683
-0.909545, -0.407175, 0.0832835
0.41246, -0.908959, 0.0605802

34
-0.0149802, -0.0133255, -0.0789006
-0.0622467, 0.013777, 0.997966
-0.44192, 0.896165, -0.0399358
-0.894892, -0.443507, -0.049695

35
-0.0249986, 0.00977824, 0.059887
0.0552632, -0.208563, 0.976446
-0.399055, 0.891827, 0.213073
-0.91526, -0.401431, -0.0339428

36
-0.00411316, 0.0523046, -0.0233092
-0.062845, -0.0212136, 0.997798
0.997845, 0.0175423, 0.063221
-0.0188448, 0.999621, 0.0200655

37
0.0136556, -0.000817104, -0.0886456
-0.0641442, 0.0318193, -0.997433
0.0153592, 0.999405, 0.0308944
0.997822, -0.013338, -0.0645947

38
0.00414473, 0.0535928, -0.0231329
-0.054307, 0.0275813, -0.998143
-0.993322, 0.100411, 0.0568193
0.101791, 0.994564, 0.0219441

39
-0.0355509, -0.0137629, -0.0822015
-0.0717665, -0.0568278, -0.995801
0.99174, -0.110474, -0.0651693
-0.106307, -0.992253, 0.0642868

40
0.00517653, 0.0647618, -0.0966254
-0.06905, -0.0783646, -0.994531
-0.702585, 0.711562, -0.00728765
0.708242, 0.698239, -0.104191

41
0.00432206, -0.016551, 0.0743728
-0.466434, 0.539822, -0.700736
0.82023, 0.560526, -0.114164
0.331152, -0.628015, -0.704227

42
-0.00974249, -0.00374833, -0.0445626
-0.0558575, 0.0141215, 0.998339
-0.790323, 0.610406, -0.0528531
-0.610139, -0.791963, -0.0229353

43
0.0190017, -0.0056755, 0.022548
-0.0281782, 0.0641791, -0.99754
0.592951, 0.804477, 0.0350085
0.804745, -0.590506, -0.0607238

44
-0.0231237, 0.0162205, 0.059761
0.0114846, -0.151482, -0.988393
-0.57544, -0.80938, 0.11736
-0.817763, 0.567414, -0.0964641

45
0.033872, -0.0100571, -0.0679765
-0.0541196, 0.0385828, 0.997789
-0.977858, -0.204345, -0.0451369
0.202151, -0.978138, 0.0487876

46
0.0165886, -0.00497403, 0.069543
-0.0160287, -0.600065, 0.799791
-0.941553, -0.260126, -0.214036
0.336482, -0.756477, -0.560823

47
-0.00307411, 0.051741, -0.0790562
-0.0622467, 0.013777, 0.997966
0.995888, 0.0667992, 0.0611949
-0.0658202, 0.997671, -0.0178784

48
-0.0240596, -0.000322201, -0.0189736
-0.00133666, -0.132557, -0.991174
-0.843911, -0.531598, 0.0722325
-0.536481, 0.83656, -0.111156

49
-0.0367659, 0.0127536, -0.0956103
0.0482912, 0.094695, 0.994334
0.980478, 0.185476, -0.065282
-0.190607, 0.978075, -0.0838895

50
-0.0117193, 0.0827786, -0.00690857
-0.0636513, 0.0110708, 0.997911
0.757543, 0.65149, 0.0410919
-0.649674, 0.758576, -0.0498548

51
-0.00979931, -0.0131637, 0.0521936
0.0186943, 0.526321, -0.85008
0.937039, 0.287325, 0.198502
0.348725, -0.800269, -0.487812

52
-0.00557495, -0.0494817, -0.06266
0.054079, -0.0116914, -0.998468
0.997079, -0.0533769, 0.0546288
-0.0539338, -0.998506, 0.0087707

53
-0.0102162, 0.00159332, -0.0761448
-0.0182544, 0.013348, 0.999744
-0.924965, 0.379417, -0.0219547
-0.379613, -0.92513, 0.00542039

54
0.0050474, -0.038415, -0.0678079
0.0578131, -0.0381147, 0.9976
-0.706189, -0.707887, 0.0138794
0.705659, -0.705296, -0.0678413

55
-0.0101676, -0.0518269, -0.0747944
0.0586011, -0.0234112, -0.998007
0.980422, -0.186907, 0.061953
-0.187985, -0.982099, 0.0119999

56
-0.0157907, 0.00716086, -0.0859583
-0.183381, 0.982984, -0.010708
-0.814038, -0.157952, -0.558922
-0.551102, -0.0937787, 0.829151

57
-0.0164288, -0.0405942, 0.021987
0.0528999, -0.199488, -0.978471
0.937036, -0.328804, 0.117695
-0.345204, -0.923089, 0.169534

58
-0.00709747, 0.0539203, -0.0523216
-0.0550185, 0.0246603, 0.998181
0.994465, 0.0909721, 0.0525662
-0.0895103, 0.995548, -0.029529

59
0.0215025, -0.00754841, -0.0289088
0.0524345, 0.0867238, 0.994852
0.217003, -0.973406, 0.073417
0.974762, 0.212036, -0.0698594

60
-0.0134509, 0.00897524, -0.0506255
0.0442603, -0.0768572, -0.996059
-0.666369, -0.745101, 0.0278826
-0.744307, 0.662509, -0.0841936

61
-0.00393182, -0.000752882, 0.0164211
-0.0156655, 0.0613068, -0.997996
0.973984, 0.226613, -0.00136781
0.226075, -0.972054, -0.0632619

62
-0.019441, -0.0071334, 0.0105627
-0.0699237, 0.000280224, 0.997552
-0.498424, 0.866219, -0.0351805
-0.864109, -0.499664, -0.0604296

63
-0.00254272, 0.0102149, -0.133257
-0.0981762, 0.994054, 0.0470928
0.992538, 0.101246, -0.0679508
-0.0723148, 0.0400702, -0.996577

64
-0.0142863, -0.00274595, 0.00848901
-0.0731973, 0.01338, 0.997228
-0.709381, 0.702138, -0.0614898
-0.701014, -0.711915, -0.0419031

65
0.0188079, -0.00893102, -0.0525371
0.0548545, 0.0458825, 0.99744
0.186776, -0.981783, 0.0348905
0.98087, 0.184384, -0.062425

66
0.000891949, 0.00241796, -0.133903
-0.0388093, -0.998792, -0.0301485
-0.668665, 0.0483787, -0.741988
0.74255, -0.00863674, -0.669735

67
-0.0357432, 0.0407721, -0.0512007
-0.0597479, 0.0212908, -0.997986
-0.996953, -0.0515036, 0.0585873
-0.0501525, 0.998446, 0.0243032

68
-0.00801084, -0.00711399, -0.0651552
0.0214365, -0.999048, -0.0380003
0.825159, 0.0391406, -0.563544
0.564494, -0.0192758, 0.825212

69
-0.0202622, -0.022938, -0.0789971
-0.0604118, 0.015771, 0.998049
-0.334287, 0.941817, -0.0351168
-0.940533, -0.335756, -0.0516248

70
0.017628, 0.00701212, 0.0492061
0.024821, 0.0363938, -0.999029
0.696352, 0.716387, 0.0433983
0.717271, -0.696754, -0.00756147

71
-0.031901, 0.0437789, -0.0904926
-0.0629265, -0.0435703, -0.997067
-0.997462, -0.0305979, 0.0642886
-0.0333093, 0.998582, -0.0415343

72
-0.00467125, -0.0177276, 0.0435021
0.0593647, -0.0985585, 0.993359
-0.891702, 0.442075, 0.097151
-0.448714, -0.891547, -0.0616411

73
0.0397893, -0.0147388, -0.086089
0.0855101, 0.996327, 0.00441916
-0.82373, 0.0682003, 0.562866
0.560498, -0.051771, 0.826536

74
0.0292945, 0.0577633, 0.0533245
0.0489315, 0.066361, -0.996595
-0.812062, 0.58357, -0.00101263
0.581516, 0.809347, 0.0824442

75
-0.0215179, 0.012243, -0.0154847
-0.0641099, 0.0243066, 0.997647
-0.529877, 0.84631, -0.0546699
-0.845648, -0.532135, -0.0413774

76
-0.0304355, -0.0199942, -0.0874745
-0.06905, -0.0783646, -0.994531
0.997605, -0.00942096, -0.0685212
-0.0039998, -0.99688, 0.0788274

77
0.0299338, 0.0158923, -0.0526957
0.0433061, -0.0747243, -0.996263
-0.982086, 0.179861, -0.0561802
0.183387, 0.98085, -0.0655966

78
0.0165056, -0.00925145, 0.0621678
-0.00904625, 0.0834863, -0.996468
0.484357, 0.872171, 0.0686753
0.874824, -0.482025, -0.0483271

79
-0.00615679, -0.00799501, -0.0900502
0.0379837, 0.999225, 0.0103321
-0.626588, 0.0318704, -0.778699
-0.778425, 0.0231039, 0.627313

80
0.0197343, 0.00352942, 0.00174011
-0.0229905, 0.0521509, -0.998375
0.887933, 0.459959, 0.00357901
0.459398, -0.886408, -0.0568812

81
-0.025948, -0.00778955, -0.0575131
0.0214365, -0.999048, -0.0380003
0.97837, 0.0287846, -0.204852
0.20575, -0.032787, 0.978055

82
-0.014365, -0.0374553, 0.0341335
0.0367059, -0.26652, -0.96313
0.964082, -0.244257, 0.104333
-0.263058, -0.932366, 0.247981

83
0.015573, -0.00336067, -0.0126943
0.0362133, 0.127242, 0.99121
0.603987, -0.792996, 0.0797305
0.796171, 0.595791, -0.105569

84
0.0438174, -0.0565322, -0.0728127
-0.652207, -0.756029, 0.0551931
0.676981, -0.613678, -0.40632
0.34106, -0.22764, 0.912063

85
-0.0201105, 0.0230396, -0.0611089
-0.0538069, 0.00970852, 0.998504
0.343804, 0.938994, 0.00939684
-0.937499, 0.343795, -0.0538622

86
0.00937743, 0.055435, 0.0950876
0.0186943, 0.526321, -0.85008
-0.680769, 0.629398, 0.374716
0.73226, 0.571703, 0.370069

87
-0.00342587, 0.00608924, -0.0744954
-0.0876323, -0.996106, 0.00970995
0.994567, -0.0880384, -0.0555552
0.0561937, 0.00478877, 0.998408

88
-0.0205671, 0.0128408, 0.0664353
0.0673824, -0.183006, -0.9808
-0.457541, -0.879242, 0.132623
-0.886632, 0.43982, -0.142978

89
0.00854202, -0.0436623, -0.0245524
-0.062845, -0.0212136, 0.997798
-0.929101, 0.366331, -0.0507299
-0.364449, -0.930243, -0.0427317

90
0.00960239, -0.0458583, -0.024942
0.0524345, 0.0867238, 0.994852
-0.974762, -0.212036, 0.0698594
0.217003, -0.973406, 0.073417

91
-0.00522326, 0.0545526, -0.0606131
-0.0538069, 0.00970852, 0.998504
0.997704, 0.0417121, 0.0533582
-0.0411317, 0.999083, -0.0119306

92
-0.00599625, -0.0181396, 0.057145
-0.131084, 0.497984, -0.857221
0.921818, 0.379396, 0.0794399
0.364786, -0.779789, -0.508784

93
-0.0251916, 0.0133984, 0.00747194
-0.0731973, 0.01338, 0.997228
-0.387116, 0.921129, -0.0407735
-0.919121, -0.389027, -0.0622446

94
0.0136404, 0.0102699, -0.0300477
0.0524345, 0.0867238, 0.994852
0.57351, -0.818167, 0.0410944
0.817519, 0.568402, -0.0926371

95
0.0252261, -0.022051, -0.0901034
-0.0138002, 0.206741, 0.978298
-0.999431, 0.0272523, -0.0198574
-0.0307663, -0.978016, 0.206248

96
0.011858, 0.0123334, -0.0546572
-0.0597479, 0.0212908, -0.997986
-0.427852, 0.902734, 0.0448736
0.901872, 0.429672, -0.0448271

97
-0.0233685, -0.00780317, -0.0497716
0.0442603, -0.0768572, -0.996059
-0.330811, -0.941914, 0.0579796
-0.942659, 0.326941, -0.0671146

98
0.0138441, 0.00728282, 0.0166357
-0.0156655, 0.0613068, -0.997996
0.813329, 0.581352, 0.0229456
0.581593, -0.811339, -0.0589698

99
-0.0199208, -0.00670488, -0.0174343
0.0495053, -0.0965051, -0.994101
-0.354604, -0.932175, 0.0728346
-0.933705, 0.348907, -0.0803687

100
-0.0136951, 0.0499553, 0.0516983
-0.00570344, 0.206958, 0.978333
0.962616, -0.263814, 0.0614194
0.270809, 0.94211, -0.197716

101
0.00890774, 0.0343264, -0.0276571
-0.0565639, -0.00560564, -0.998383
-0.688669, 0.724233, 0.0349506
0.722866, 0.689533, -0.0448259

102
0.0170049, 0.0219169, -0.0436078
-0.0635044, -0.0115344, -0.997915
-0.321408, 0.946893, 0.00950883
0.944809, 0.321342, -0.0638391

103
-0.00471098, 0.0509376, -0.0644345
-0.056376, 0.0296215, 0.99797
0.991369, 0.120156, 0.0524367
-0.118359, 0.992313, -0.0361397

104
0.014532, -0.0162668, -0.0430091
-0.0635044, -0.0115344, -0.997915
0.440811, 0.896777, -0.0384173
0.895351, -0.442332, -0.0518648

105
0.00814213, -0.0416576, 0.0122373
0.063278, 0.131292, 0.989322
-0.983839, -0.158171, 0.0839181
0.1675, -0.978644, 0.119161

106
0.0276738, -0.00785412, -0.0624886
0.0353755, 0.998741, 0.0355663
-0.998499, 0.0368112, -0.0405549
-0.0418131, -0.0340783, 0.998544

107
-0.0183866, 0.000248566, 0.00244658
-0.0229905, 0.0521509, -0.998375
0.952707, -0.301545, -0.0376903
-0.30302, -0.952025, -0.0427518

108
-0.0159056, -0.0112965, -0.0829488
0.150514, 0.988571, 0.00856159
-0.819203, 0.129565, -0.558677
-0.553401, 0.077075, 0.829341

109
-0.00366093, -0.00295729, -0.0702868
-0.0541196, 0.0385828, 0.997789
-0.834392, 0.547155, -0.0664146
-0.548507, -0.836142, 0.00258142

110
-0.026135, 0.0123677, -0.00566327
-0.00831475, -0.0255119, 0.99964
-0.770001, 0.637967, 0.00987692
-0.637989, -0.769641, -0.0249487

111
-0.0184227, 0.0488129, 0.00749362
-0.0731973, 0.01338, 0.997228
0.919121, 0.389027, 0.0622446
-0.387116, 0.921129, -0.0407735

112
-0.000696591, -0.052343, -0.0861874
0.0628341, 0.0295145, 0.997587
-0.996285, -0.0571343, 0.0644424
0.0588985, -0.99793, 0.0258148

113
-0.0206893, -0.0270007, -0.0588316
-0.167559, 0.960356, 0.222802
-0.953394, -0.21537, 0.211318
0.250925, -0.17701, 0.951685

114
0.0222183, -0.0111979, 0.044138
0.0027386, 0.314509, 0.949251
0.147377, -0.939016, 0.310693
0.989077, 0.139047, -0.0489229

115
0.0143453, 0.00762435, -0.0835286
-0.189316, -0.98189, 0.00718453
0.861241, -0.169559, -0.479076
0.471618, -0.0845089, 0.877744

116
0.0110027, 0.0484565, 0.0721569
0.0347792, 0.244195, -0.969102
-0.963056, 0.267296, 0.032791
0.267044, 0.93216, 0.244469

117
-0.0154743, 0.0483353, -0.0886116
-0.0622633, 0.0241246, -0.997768
-0.907586, 0.414542, 0.0666587
0.415225, 0.90971, -0.00391567

118
-0.0522976, 0.0203278, -0.103462
-0.189316, -0.98189, 0.00718453
0.471618, -0.0845089, 0.877744
-0.861241, 0.169559, 0.479076

119
-0.0346044, 0.0288006, 0.0310495
0.0027386, 0.314509, 0.949251
0.989077, 0.139047, -0.0489229
-0.147377, 0.939016, -0.310693

120
0.0106018, -0.00807753, -0.077022
-0.0188223, 0.986931, 0.160041
-0.349499, -0.156466, 0.92378
0.936748, -0.0385465, 0.347876

121
0.0262112, 0.0163769, 0.0762554
0.121023, 0.591616, 0.797085
0.694812, -0.623969, 0.357631
0.708936, 0.510542, -0.486576

122
0.011871, -0.0358792, -0.0490576
-0.0550185, 0.0246603, 0.998181
-0.95302, 0.296932, -0.0598651
-0.297869, -0.95458, 0.00716504

123
0.0217814, 0.0307823, 0.00950071
0.0528999, -0.199488, -0.978471
-0.997812, -0.0494757, -0.0438585
-0.0396613, 0.97865, -0.201669

124
-0.00270795, -0.00707216, 0.0675821
-0.0160287, -0.600065, 0.799791
-0.998648, 0.0491658, 0.016874
-0.0494478, -0.798439, -0.600042

125
0.0127555, -0.0126514, -0.0855659
0.185814, -0.982542, -0.00915764
0.762427, 0.150053, -0.629435
0.619821, 0.109976, 0.776999

126
0.00098597, 0.00954506, -0.0138181
0.0362133, 0.127242, 0.99121
0.862693, -0.504634, 0.0332618
0.504431, 0.853905, -0.128045

127
0.0295659, -0.0439236, -0.0685094
-0.652207, -0.756029, 0.0551931
0.755967, -0.654079, -0.0263592
0.056029, 0.0245325, 0.998128

128
0.015874, -0.0221858, -0.0678153
0.0578131, -0.0381147, 0.9976
-0.38239, -0.923908, -0.0131388
0.922191, -0.380712, -0.0679886

129
-0.00262169, -0.0173923, -0.0912197
-0.931831, 0.346634, 0.107408
-0.184863, -0.708114, 0.681469
0.312277, 0.615158, 0.723922

130
0.0252793, 0.0255867, -0.0183181
0.0495053, -0.0965051, -0.994101
-0.998332, -0.0343805, -0.0463784
-0.0297019, 0.994739, -0.0980462

131
0.00866272, 0.0637024, 0.0358104
0.01009, 0.0979606, -0.995139
-0.801458, 0.595912, 0.0505348
0.597965, 0.797053, 0.0845241

132
0.0198701, 0.032915, -0.093261
0.0564236, -0.0851409, -0.99477
-0.964526, -0.262005, -0.0322836
-0.257886, 0.961303, -0.0969039

133
-0.0230432, 0.00610544, -0.00183134
-0.0691809, 0.0141223, 0.997504
-0.0537854, 0.998393, -0.0178651
-0.996153, -0.0548871, -0.0683102

134
-0.0178526, -0.0465719, -0.0880789
-0.0641442, 0.0318193, -0.997433
0.927745, 0.370133, -0.0478549
0.36766, -0.928434, -0.053262

135
0.0219564, -0.00424163, 0.00638826
0.063278, 0.131292, 0.989322
0.1675, -0.978644, 0.119161
0.983839, 0.158171, -0.0839181

136
0.00858626, 0.0670254, -0.0899928
-0.0717665, -0.0568278, -0.995801
-0.626096, 0.779746, 0.000624066
0.776436, 0.623512, -0.0915393

137
0.011367, 0.0532962, 0.095989
-0.131084, 0.497984, -0.857221
-0.689783, 0.575242, 0.439655
0.712051, 0.648928, 0.268096

138
0.0146471, 0.0259712, -0.0612157
-0.0593442, 0.0033014, -0.998232
-0.281744, 0.959283, 0.019922
0.957653, 0.282428, -0.0559977

139
0.0165748, 0.00302541, -0.157644
-0.0260878, 0.999602, 0.0107742
0.964227, 0.0280057, -0.263595
-0.263792, 0.00351215, -0.964573

140
-0.00194395, -0.0228924, -0.152773
-0.652207, -0.756029, 0.0551931
-0.494931, 0.479851, 0.724422
-0.574168, 0.445156, -0.687144

141
-0.0269089, -0.0234561, 0.0657978
0.0114846, -0.151482, -0.988393
0.817763, -0.567414, 0.0964641
-0.57544, -0.80938, 0.11736

142
8.75893e-05, 0.0463365, -0.062439
0.999053, -0.0431978, -0.00517476
0.043024, 0.998624, -0.0299843
0.0064629, 0.0297333, 0.999537

143
-0.0158302, 0.0124039, -0.113657
-0.395482, 0.898367, 0.191128
-0.109749, 0.160381, -0.980935
-0.911893, -0.408918, 0.035167

144
-0.0236731, -0.0200194, -0.00380344
-0.0661716, -0.0169784, -0.997664
0.995261, 0.0702717, -0.0672081
0.0712487, -0.997383, 0.012248

145
-0.00382883, -0.0164352, 0.0521205
0.00585078, 0.472517, -0.881302
0.912903, 0.357178, 0.197565
0.408134, -0.805699, -0.429273

146
-0.00991925, 0.0390714, -0.0687556
-0.96527, -0.257646, -0.0432688
0.260896, -0.959303, -0.108032
-0.0136738, -0.115569, 0.993205

147
0.00462909, -0.00196616, -0.0383592
-0.0516089, -0.0134164, -0.998577
0.814905, 0.577445, -0.0498745
0.577293, -0.816319, -0.0188682

148
0.00404358, -0.00492116, 0.0458324
-0.0127932, -0.0138879, 0.999822
-0.995451, 0.0945928, -0.0114234
-0.0944173, -0.995419, -0.0150349

149
-0.0164764, 0.0379575, -0.0524142
-0.0597479, 0.0212908, -0.997986
-0.940257, 0.334506, 0.063428
0.335182, 0.942153, 3.28299e-05

150
-0.019804, 0.00884201, -0.0640377
-0.056376, 0.0296215, 0.99797
-0.118359, 0.992313, -0.0361397
-0.991369, -0.120156, -0.0524367

151
0.00434542, -0.0189287, 0.0276325
0.01009, 0.0979606, -0.995139
0.859153, 0.508335, 0.0587512
0.51162, -0.855569, -0.079034

152
0.0135428, 0.0117606, -0.0871962
-0.0717665, -0.0568278, -0.995801
0.477737, 0.874446, -0.0843324
0.875567, -0.481783, -0.0356071

153
0.0158345, 0.0186747, 0.068616
0.134158, 0.25978, 0.956303
0.71951, -0.689105, 0.0862568
0.681401, 0.676497, -0.279364

154
-0.00396304, -0.0174016, -0.0558721
-0.0620311, -0.0223355, -0.997824
0.882898, 0.465004, -0.0652953
0.46545, -0.885027, -0.00912473

155
-0.00648144, -0.000584335, 0.0592987
-0.00456236, -0.167769, 0.985816
-0.982743, 0.183051, 0.0266039
-0.184918, -0.968683, -0.165709

156
0.0020179, -0.0211577, -0.0821948
-0.652207, -0.756029, 0.0551931
0.574168, -0.445156, 0.687144
-0.494931, 0.479851, 0.724422

157
0.0158883, 0.0160547, -0.0663551
0.0578131, -0.0381147, 0.9976
0.381697, -0.922506, -0.0573658
0.922478, 0.384097, -0.0387846

158
-0.0203266, -0.0227901, -0.0637715
0.054079, -0.0116914, -0.998468
0.331737, -0.942926, 0.0290086
-0.94182, -0.332798, -0.047114

159
-0.0266605, 0.0292696, -0.00726797
-0.0636513, 0.0110708, 0.997911
-0.310322, 0.950147, -0.0303346
-0.948498, -0.311604, -0.0570426

160
-0.00198518, 0.00849188, -0.146695
0.999053, -0.0431978, -0.00517476
-0.0258526, -0.685109, 0.727981
-0.0349925, -0.727158, -0.685577

161
0.0101258, 0.0557657, 0.0909242
0.00585078, 0.472517, -0.881302
-0.72642, 0.607683, 0.320992
0.687226, 0.638317, 0.346801

162
0.0048937, -0.00572832, -0.0910515
-0.06905, -0.0783646, -0.994531
0.708242, 0.698239, -0.104191
0.702585, -0.711562, 0.00728765

163
-0.00372085, -0.00366906, -0.145044
-0.931831, 0.346634, 0.107408
0.217763, 0.297349, 0.929604
0.290294, 0.889623, -0.352563

164
-0.0185364, -0.0151937, -0.0606524
-0.0538069, 0.00970852, 0.998504
-0.419805, 0.907069, -0.0314418
-0.906018, -0.420869, -0.0447309

165
0.0104318, 0.00108334, -0.00564711
-0.00831475, -0.0255119, 0.99964
-0.995599, -0.093108, -0.0106574
0.0933464, -0.995329, -0.0246254

166
0.0227225, 0.02481, 0.0764199
0.0186943, 0.526321, -0.85008
0.0364094, 0.849307, 0.526643
0.999162, -0.0407961, -0.00328586

167
0.0163932, 0.00654118, -0.0613838
-0.0593442, 0.0033014, -0.998232
0.106181, 0.994342, -0.00302383
0.992574, -0.106172, -0.0593589

168
0.0218553, 0.0398196, 0.0865562
-0.131084, 0.497984, -0.857221
-0.364786, 0.779789, 0.508784
0.921818, 0.379396, 0.0794399

169
-0.0326364, -0.0104272, -0.0363196
-0.0516089, -0.0134164, -0.998577
0.984432, -0.168909, -0.0486085
-0.168017, -0.98554, 0.0219248

170
0.00106925, -0.00313749, -0.085447
-0.0717665, -0.0568278, -0.995801
0.776436, 0.623512, -0.0915393
0.626096, -0.779746, -0.000624066

171
-0.00777261, 0.0417611, -0.0792115
-0.0622467, 0.013777, 0.997966
0.657657, 0.752694, 0.0306294
-0.750741, 0.658226, -0.0559133

172
0.0136338, 0.00622147, -0.0198996
-0.00133666, -0.132557, -0.991174
-0.976085, 0.215641, -0.027523
0.217386, 0.967433, -0.129675

173
-0.00958205, 0.00980358, -0.018522
0.0495053, -0.0965051, -0.994101
-0.684925, -0.727697, 0.0365346
-0.72693, 0.679076, -0.102124

174
-0.00998765, -0.000366871, -0.099031
0.0716791, -0.0677371, -0.995125
-0.897553, -0.439537, -0.0347321
-0.435042, 0.895667, -0.0923033

175
0.00318391, 0.0111044, -0.00821541
0.039199, 0.137083, 0.989784
0.835304, -0.548118, 0.042832
0.548389, 0.825091, -0.135991

176
-0.00405951, -0.00364388, -0.149154
0.0353755, 0.998741, 0.0355663
0.735612, -0.00193242, -0.677401
-0.676479, 0.0501264, -0.734754

177
0.00688786, 0.00905103, -0.0274222
0.0510345, 0.0894515, 0.994683
0.729131, -0.683949, 0.0240976
0.682468, 0.724025, -0.100127

178
-0.0420123, 0.0655936, -0.00443695
-0.00831475, -0.0255119, 0.99964
0.294758, 0.955195, 0.0268293
-0.955536, 0.294875, -0.000422369

179
-0.0171603, -0.00510181, -0.0951829
0.0353755, 0.998741, 0.0355663
-0.343479, 0.0455713, -0.938054
-0.938494, 0.0209679, 0.344658

180
-0.0137662, -0.00968776, -0.0631466
-0.056376, 0.0296215, 0.99797
-0.48873, 0.870796, -0.0534554
-0.870612, -0.490751, -0.0346151

181
0.0194306, 0.00682927, -0.0252568
-0.054307, 0.0275813, -0.998143
0.101791, 0.994564, 0.0219441
0.993322, -0.100411, -0.0568193

182
0.003553, -2.55442e-05, -0.0989402
0.0768999, 0.0730483, 0.994359
0.963674, -0.261287, -0.055332
0.255771, 0.962493, -0.0904876

183
0.0127556, -0.00973773, 0.0707087
-0.213752, 0.639778, -0.738237
0.872276, 0.465238, 0.150626
0.439823, -0.61175, -0.657509

184
0.0196532, -0.00495383, -0.0465277
-0.0621212, -0.0055783, -0.998053
-0.024228, 0.999698, -0.00407949
0.997775, 0.0239274, -0.0622376

185
0.0272845, 0.011965, 0.023449
-0.0281782, 0.0641791, -0.99754
0.239852, 0.969217, 0.0555816
0.9704, -0.237696, -0.0427043

186
0.0224132, 0.00868967, 0.0606382
-0.00570344, 0.206958, 0.978333
0.118182, -0.971353, 0.20617
0.992976, 0.116797, -0.0189187

187
-0.014041, -0.0253989, 0.0268091
0.01009, 0.0979606, -0.995139
0.989542, 0.142228, 0.024034
0.143891, -0.984975, -0.0955011

188
0.0209173, 0.010485, 0.0629446
0.0347792, 0.244195, -0.969102
0.267044, 0.93216, 0.244469
0.963056, -0.267296, -0.032791

189
-0.050184, 0.0531151, -0.022275
0.0031096, 0.00637567, 0.999975
0.0452866, 0.998953, -0.00650998
-0.998969, 0.0453057, 0.00281761

190
-0.0130248, -0.00642306, -0.0740244
-0.0664279, 0.0672972, 0.995519
-0.601925, 0.793028, -0.0937734
-0.795785, -0.605457, -0.0121713

191
-0.0464843, -0.0506999, -0.012206
-0.00133666, -0.132557, -0.991174
0.172693, -0.976314, 0.130337
-0.984975, -0.170994, 0.0241966

192
0.0108355, -0.0304415, 0.0126915
-0.0699237, 0.000280224, 0.997552
-0.963456, 0.259194, -0.0676065
-0.258578, -0.965825, -0.0178538

193
0.0235004, 0.00215169, -0.0598147
-0.0260878, 0.999602, 0.0107742
-0.991778, -0.0245298, -0.125596
-0.125282, -0.0139621, 0.992023

194
0.0246854, -0.0203577, -0.00470952
0.039199, 0.137083, 0.989784
0.202879, -0.971005, 0.126447
0.978419, 0.19585, -0.0658737

195
0.0290608, -0.0104266, -0.0116821
-0.0641099, 0.0243066, 0.997647
-0.984052, -0.16776, -0.059149
0.165927, -0.985528, 0.034674

196
-0.00932607, 0.00716923, -0.0311317
0.0274125, 0.11184, 0.993348
0.992613, -0.120537, -0.013821
0.11819, 0.986389, -0.114318

197
0.0130263, -0.00040003, 0.0594204
-0.00456236, -0.167769, 0.985816
-0.978701, -0.201582, -0.0388352
0.205238, -0.964997, -0.163276

198
0.00401847, 0.00924233, -0.0169493
0.0333545, -0.126444, -0.991413
-0.976062, -0.217432, -0.00510683
-0.21492, 0.967851, -0.13067

199
-0.039026, 0.0301729, 0.0457688
-0.0127932, -0.0138879, 0.999822
-0.293712, 0.955847, 0.0095189
-0.955808, -0.293538, -0.0163074

200
0.0137023, -0.0118187, -0.0254604
-0.054307, 0.0275813, -0.998143
0.474171, 0.880432, -0.00147011
0.878756, -0.47337, -0.0608918

201
-0.0189694, -0.0170875, -0.0257202
-0.062845, -0.0212136, 0.997798
-0.399269, 0.916816, -0.00565556
-0.914677, -0.398745, -0.0660873

202
-0.00667392, 0.0309316, -0.0790258
-0.0604118, 0.015771, 0.998049
0.741013, 0.670616, 0.0342565
-0.668767, 0.741637, -0.0521996

203
0.0276561, 0.0616108, 0.0514442
0.024821, 0.0363938, -0.999029
-0.396189, 0.917866, 0.0235937
0.917833, 0.395219, 0.0372012

204
0.0177818, 0.0115788, 0.0725686
0.290358, 0.141604, 0.946383
0.324142, -0.945077, 0.0419591
0.900347, 0.29458, -0.32031

205
-0.0288853, 0.0226292, -0.0268078
0.0510345, 0.0894515, 0.994683
0.998152, 0.0283374, -0.0537609
-0.0329957, 0.995588, -0.08784

206
0.0101517, 0.0183564, -0.0878086
-0.0641442, 0.0318193, -0.997433
-0.36766, 0.928434, 0.053262
0.927745, 0.370133, -0.0478549

207
-0.0410081, 0.0495794, 0.046013
-0.0127932, -0.0138879, 0.999822
0.0944173, 0.995419, 0.0150349
-0.995451, 0.0945928, -0.0114234

208
-0.0164335, 0.0457611, -0.0852247
-0.0641442, 0.0318193, -0.997433
-0.91599, 0.394778, 0.0715005
0.39604, 0.918225, 0.00382339

209
0.000690584, 0.00498756, -0.0966898
0.0482912, 0.094695, 0.994334
0.828082, -0.560452, 0.0131575
0.558523, 0.822755, -0.10548

210
-0.0230788, -0.00363923, -0.0794725
-0.0604118, 0.015771, 0.998049
0.0510855, 0.998614, -0.0126877
-0.996865, 0.0502194, -0.0611337

211
0.0282222, 0.0233715, 0.0500653
0.024821, 0.0363938, -0.999029
0.368858, 0.928491, 0.0429885
0.929154, -0.369567, 0.00962193

212
0.012194, 0.0535394, -0.00743422
-0.0661716, -0.0169784, -0.997664
-0.946767, 0.316759, 0.0574051
0.315045, 0.948354, -0.0370351

213
-0.00448408, -0.00563029, -0.0996126
0.154528, 0.318238, -0.935332
-0.933014, -0.264386, -0.2441
-0.324971, 0.910398, 0.256065

214
-0.0162472, -0.0144152, -0.0943157
0.355626, 0.931422, -0.0773549
-0.640947, 0.182806, -0.745499
-0.680233, 0.314699, 0.662003

215
0.0269824, 0.0286228, 0.0373038
0.00582223, 0.0424054, -0.999084
0.264534, 0.963442, 0.0424343
0.964359, -0.264539, -0.00560832

216
0.0164785, -0.0238438, -0.0905909
-0.0629265, -0.0435703, -0.997067
0.350938, 0.934279, -0.0629749
0.934282, -0.353872, -0.0435004

217
0.0210186, -0.00868832, -0.0996546
0.0768999, 0.0730483, 0.994359
0.792439, -0.609728, -0.016492
0.605084, 0.789238, -0.104774

218
0.0277719, 0.00149255, 0.0760933
-0.213752, 0.639778, -0.738237
0.637565, 0.66393, 0.390777
0.740149, -0.387145, -0.549817

219
0.015392, 0.0140835, -0.0463689
-0.0621212, -0.0055783, -0.998053
-0.404216, 0.914444, 0.0200483
0.912552, 0.404674, -0.0590612

220
0.0281805, 0.0314148, 0.024675
-0.0281782, 0.0641791, -0.99754
-0.149761, 0.986402, 0.0676929
0.988321, 0.151301, -0.0181835

221
-0.00328492, -0.0138038, -0.00251682
-0.0609921, 8.76984e-05, -0.998138
0.931338, 0.359687, -0.0568786
0.359013, -0.933073, -0.0220198

222
0.0203012, 0.0526806, -0.00395223
-0.0609921, 8.76984e-05, -0.998138
-0.912415, 0.405445, 0.0557896
0.404695, 0.91412, -0.0246489

223
0.007281, -0.0325004, 0.0692634
-0.00570344, 0.206958, 0.978333
-0.992976, -0.116797, 0.0189187
0.118182, -0.971353, 0.20617

224
0.0468145, -0.0101803, -0.0734415
0.0379837, 0.999225, 0.0103321
-0.958955, 0.0335415, 0.281566
0.281001, -0.0206029, 0.959486

225
-0.00965854, -0.00676477, -0.0938259
-0.0138002, 0.206741, 0.978298
-0.68495, 0.710832, -0.15988
-0.72846, -0.672291, 0.131798

226
0.0205572, -0.00762567, 0.0745906
0.290358, 0.141604, 0.946383
-0.0450792, -0.985868, 0.161343
0.955856, -0.0895093, -0.279871

227
-0.0218538, 0.0211827, -0.10979
-0.164673, 0.662786, 0.730478
-0.165491, 0.711524, -0.682896
-0.972366, -0.233342, -0.00748389

228
-0.00909581, -0.00204007, -0.0513465
-0.0557387, -0.0249025, -0.998135
0.996469, 0.0614856, -0.0571796
0.0627949, -0.997797, 0.0213875

229
-0.00895018, -0.00202996, -0.048313
-0.0581229, -0.025893, -0.997974
0.996145, 0.0642923, -0.0596845
0.0657075, -0.997595, 0.0220563

230
0.0162629, -0.0332882, -0.0607497
-0.056376, 0.0296215, 0.99797
-0.9612, 0.268732, -0.0622752
-0.270032, -0.962759, 0.0133221

231
-0.017499, 0.0248537, -0.0795848
-0.0622467, 0.013777, 0.997966
0.3203, 0.947291, 0.00690079
-0.945269, 0.320078, -0.0633785

232
-0.018828, -0.0439696, -0.0906341
-0.0622633, 0.0241246, -0.997768
0.935368, 0.350137, -0.0499036
0.348152, -0.936388, -0.044366

233
-0.0200254, -0.00587557, 0.0455956
0.0593647, -0.0985585, 0.993359
-0.652109, 0.749604, 0.113345
-0.755797, -0.654507, -0.0197709

234
0.0218947, -0.0132368, -0.0784649
0.0855101, 0.996327, 0.00441916
-0.97552, 0.0828208, 0.203719
0.202605, -0.021731, 0.979019

235
0.0283737, 0.0480644, 0.038137
0.00582223, 0.0424054, -0.999084
-0.124646, 0.991339, 0.0413504
0.992184, 0.124291, 0.0110575

236
0.0196376, -0.00462031, -0.0916303
-0.0629265, -0.0435703, -0.997067
-0.0333093, 0.998582, -0.0415343
0.997462, 0.0305979, -0.0642886

237
-0.0259222, -0.0121151, -0.1111
0.355626, 0.931422, -0.0773549
-0.331845, 0.0484609, -0.942089
-0.873733, 0.360701, 0.326321

238
0.0199105, -0.0255941, -0.0705308
-0.0664279, 0.0672972, 0.995519
-0.98833, 0.132632, -0.0749142
-0.13708, -0.988878, 0.0577014

239
-0.0381653, -0.0136778, -0.0171685
-0.00133666, -0.132557, -0.991174
-0.57437, -0.81127, 0.109272
-0.818595, 0.569447, -0.0750525

240
0.00956395, -0.0198891, -0.0889909
-0.0641442, 0.0318193, -0.997433
0.39604, 0.918225, 0.00382339
0.91599, -0.394778, -0.0715005

241
-0.00702062, 0.0455597, -0.0268178
-0.0565639, -0.00560564, -0.998383
-0.912876, 0.405231, 0.0494442
0.404299, 0.914197, -0.0280387

242
0.00157391, -0.00404348, 0.0484045
0.024821, 0.0363938, -0.999029
0.917833, 0.395219, 0.0372012
0.396189, -0.917866, -0.0235937

243
-0.0102862, -0.039681, -0.0781287
-0.0604118, 0.015771, 0.998049
-0.668767, 0.741637, -0.0521996
-0.741013, -0.670616, -0.0342565

244
0.00187541, -0.0140689, -0.0754155
0.150514, 0.988571, 0.00856159
-0.968622, 0.149198, -0.198775
-0.197781, 0.0216255, 0.980008

245
-0.00152818, 0.0105943, -0.0760168
0.999053, -0.0431978, -0.00517476
0.0349925, 0.727158, 0.685577
-0.0258526, -0.685109, 0.727981

246
-0.00816062, -0.00192509, -0.0142812
-0.0641099, 0.0243066, 0.997647
-0.813158, 0.578249, -0.0663429
-0.578501, -0.815498, -0.0173064

247
-0.00902584, -0.00510022, 0.0685834
-0.0853018, -0.583774, 0.807423
-0.951432, 0.288317, 0.10794
-0.295806, -0.759, -0.580015

248
0.0279351, 0.0398811, 0.064722
0.0673824, -0.183006, -0.9808
-0.994234, 0.0698691, -0.0813421
0.0834137, 0.980626, -0.177243

249
0.0153905, 0.00438647, -0.0793584
-0.0876323, -0.996106, 0.00970995
0.897355, -0.0831695, -0.433401
0.43252, -0.0292666, 0.901149

250
-0.00918098, 0.0375715, -0.0239416
-0.062845, -0.0212136, 0.997798
0.692258, 0.719243, 0.0588924
-0.718909, 0.694435, -0.0305156

251
0.00251384, -0.0158738, 0.0528508
0.0552632, -0.208563, 0.976446
-0.929361, 0.346762, 0.126664
-0.365012, -0.914471, -0.174667

252
0.0137494, -0.0385148, -0.0767609
-0.0622467, 0.013777, 0.997966
-0.945269, 0.320078, -0.0633785
-0.3203, -0.947291, -0.00690079

253
0.0105837, -0.0120806, -0.0611
-0.0593442, 0.0033014, -0.998232
0.47794, 0.878022, -0.0255093
0.876386, -0.478609, -0.0536833

254
0.0253268, 0.023455, 0.0765187
-0.131084, 0.497984, -0.857221
0.015746, 0.865619, 0.500455
0.991246, 0.0521039, -0.12131

255
-0.0208866, 0.0266964, -0.0524091
-0.0550185, 0.0246603, 0.998181
0.297869, 0.95458, -0.00716504
-0.95302, 0.296932, -0.0598651

256
0.0101884, -0.0383202, 0.00110237
-0.0691809, 0.0141223, 0.997504
-0.940908, 0.331359, -0.069947
-0.33152, -0.943399, -0.00963597

257
-0.0354676, 0.04982, -0.0838711
-0.0641442, 0.0318193, -0.997433
-0.997822, 0.013338, 0.0645947
0.0153592, 0.999405, 0.0308944

258
-0.0206603, 0.0490208, 0.0680235
0.0552632, -0.208563, 0.976446
0.91526, 0.401431, 0.0339428
-0.399055, 0.891827, 0.213073

259
-0.00900071, 0.0295477, 0.0578825
0.0114846, -0.151482, -0.988393
-0.844582, -0.530629, 0.0715109
-0.535303, 0.833958, -0.134033

260
-0.0147012, 0.00640615, -0.0782082
-0.0981762, 0.994054, 0.0470928
-0.446638, -0.00172493, -0.894713
-0.889312, -0.108873, 0.444152

261
0.0128961, -0.00544788, -0.0971645
0.0214365, -0.999048, -0.0380003
0.184317, 0.0413067, -0.981998
0.982633, 0.0140465, 0.185027

262
0.000444594, 0.0252548, 0.070039
0.0211523, 0.490768, 0.871033
0.997063, -0.0744944, 0.0177597
0.073603, 0.8681, -0.490903

263
0.0280395, -0.0340385, 0.0812233
0.134158, 0.25978, 0.956303
-0.354188, -0.888711, 0.291107
0.925501, -0.377766, -0.027217

264
-0.00592561, 0.00521682, -0.0901031
0.0411652, 0.0852078, 0.995512
0.951077, -0.308684, -0.0129069
0.306199, 0.94734, -0.0937462

265
-0.00216693, 0.000340035, -0.130433
-0.0188223, 0.986931, 0.160041
0.731695, -0.0954893, 0.674911
0.681373, 0.129805, -0.720335

266
-0.0277668, 0.0294422, 0.0747536
0.121023, 0.591616, 0.797085
0.920864, 0.232897, -0.312678
-0.370624, 0.771848, -0.516612

267
-0.0260265, 0.049834, -0.025765
-0.0565639, -0.00560564, -0.998383
-0.998106, 0.0245366, 0.0564105
0.0241808, 0.999683, -0.00698291

268
0.0167869, 0.00383731, -0.022169
0.0031096, 0.00637567, 0.999975
-0.940258, -0.340426, 0.00509439
0.34045, -0.94025, 0.00493618

269
-0.0245816, 0.00660502, 0.0604385
-0.00456236, -0.167769, 0.985816
-0.837172, 0.539816, 0.0879929
-0.546921, -0.824896, -0.142914

270
-0.0174611, -0.0114016, -0.0512791
-0.0550185, 0.0246603, 0.998181
-0.463262, 0.884953, -0.0473974
-0.884512, -0.465027, -0.0372646

271
0.0163192, -0.0241733, -0.0462128
-0.0621212, -0.0055783, -0.998053
0.359448, 0.932757, -0.0275863
0.931095, -0.360462, -0.0559389

272
0.0190017, -0.0056755, 0.022548
-0.0281782, 0.0641791, -0.99754
0.592951, 0.804477, 0.0350085
0.804745, -0.590506, -0.0607238

273
-0.00560869, -0.0163113, 0.0703291
-0.213752, 0.639778, -0.738237
0.974191, 0.195717, -0.112458
0.0725374, -0.743222, -0.665101

274
-0.0158596, 0.00131069, -0.0975371
0.0768999, 0.0730483, 0.994359
0.988198, 0.126933, -0.0857482
-0.13248, 0.989218, -0.062425

275
-0.00216009, 0.02308, -0.0528565
0.0548545, 0.0458825, 0.99744
0.82565, -0.563846, -0.0194698
0.561509, 0.824604, -0.0688124

276
0.0210602, -0.0171445, 0.0112767
-0.0731973, 0.01338, 0.997228
-0.9973, -0.00691315, -0.0731098
0.00591578, -0.999887, 0.0138499

277
-0.00463329, 0.00874716, -0.0419789
0.049533, 0.0807714, 0.995501
0.961009, -0.275342, -0.0254765
0.272045, 0.957947, -0.0912606

278
0.0224438, 0.00927141, 0.0636658
-0.00904625, 0.0834863, -0.996468
0.112707, 0.990244, 0.0819417
0.993587, -0.111568, -0.0183675

279
-0.0151833, -0.00747313, -0.107338
0.0379837, 0.999225, 0.0103321
-0.281001, 0.0206029, -0.959486
-0.958955, 0.0335415, 0.281566

280
0.00924012, -0.00198111, -0.114777
-0.0188223, 0.986931, 0.160041
0.415248, -0.137895, 0.899196
0.909514, 0.0833818, -0.407225

281
-0.00873618, 0.0309608, 0.070737
0.121023, 0.591616, 0.797085
0.9926, -0.0802045, -0.091178
0.00998742, 0.802221, -0.596944

282
0.00848256, 0.0434629, -0.0236489
-0.054307, 0.0275813, -0.998143
-0.630408, 0.774264, 0.0556941
0.774362, 0.632262, -0.0246605

283
0.0195588, 0.00257583, -0.0435468
-0.0635044, -0.0115344, -0.997915
0.0646206, 0.997787, -0.0156452
0.995887, -0.0654794, -0.0626185

284
0.0240995, -0.0208016, -0.0107669
0.0362133, 0.127242, 0.99121
0.25333, -0.960632, 0.114061
0.966702, 0.246972, -0.0670217

285
0.0352519, 0.0248308, -0.0663691
-0.395482, 0.898367, 0.191128
-0.911893, -0.408918, 0.035167
0.109749, -0.160381, 0.980935

286
-0.0463727, 0.0570023, 0.0689144
-0.00456236, -0.167769, 0.985816
0.184918, 0.968683, 0.165709
-0.982743, 0.183051, 0.0266039

287
0.0226697, -0.00137703, -0.0282364
-0.0565639, -0.00560564, -0.998383
0.0241808, 0.999683, -0.00698291
0.998106, -0.0245366, -0.0564105

288
-0.0157369, 0.016973, 0.0190197
0.0367059, -0.26652, -0.96313
-0.611972, -0.767921, 0.189178
-0.790027, 0.582465, -0.19129

289
0.00128483, -0.0268634, -0.0252005
-0.054307, 0.0275813, -0.998143
0.774362, 0.632262, -0.0246605
0.630408, -0.774264, -0.0556941

290
-0.0215134, 0.0110553, -0.0757724
-0.0664279, 0.0672972, 0.995519
-0.251573, 0.96436, -0.0819776
-0.965556, -0.255891, -0.0471303

291
-0.0348663, -0.0062445, -0.0123475
-0.0565895, -0.00613889, -0.998379
0.960458, -0.273382, -0.0527591
-0.272615, -0.961886, 0.0213667

292
0.0175976, 0.0262416, -0.0246207
-0.054307, 0.0275813, -0.998143
-0.286085, 0.957283, 0.0420175
0.956664, 0.287836, -0.0440966

293
0.0165821, 0.0776691, 0.0517541
0.024821, 0.0363938, -0.999029
-0.717271, 0.696754, 0.00756147
0.696352, 0.716387, 0.0433983

294
0.0100501, 0.0409406, -0.0781717
-0.0604118, 0.015771, 0.998049
0.940533, 0.335756, 0.0516248
-0.334287, 0.941817, -0.0351168

295
-0.0231278, 0.00197268, -0.0255769
-0.062845, -0.0212136, 0.997798
-0.0188448, 0.999621, 0.0200655
-0.997845, -0.0175423, -0.063221

296
0.0157713, 0.0103401, -0.0930728
-0.06905, -0.0783646, -0.994531
0.385462, 0.917392, -0.099049
0.920136, -0.390193, -0.0331393

297
0.0286991, 0.0360952, 0.0573171
0.0114846, -0.151482, -0.988393
-0.975726, 0.214486, -0.0442096
0.218693, 0.964909, -0.145341

298
-0.0478855, 0.00190136, 0.0843708
0.0211523, 0.490768, 0.871033
0.44956, 0.773512, -0.446739
-0.893, 0.401031, -0.204268

299
0.00337575, -0.0122034, 0.067508
-0.232687, 0.490999, -0.83951
0.871228, 0.488864, 0.0444407
0.432226, -0.721064, -0.541524

300
-0.000218487, -0.0181872, -0.0862782
-0.971427, -0.229109, -0.0619573
