0
-0.00811325, -0.00111237, 0.0119166
-0.10937, 0.0258454, 0.993665
-0.564071, 0.821498, -0.0834533
-0.818451, -0.569625, -0.075269

1
-0.00337423, -0.00983036, 0.00984914
-0.875884, 0.467016, 0.121343
0.230935, 0.62653, -0.744399
-0.423671, -0.623985, -0.656617

2
0.00723552, 0.0115605, -0.014104
-0.22986, 0.142793, -0.962691
-0.827984, -0.548553, 0.116331
-0.511476, 0.823832, 0.244321

3
-0.0109171, 0.0442429, -0.00283535
-0.995836, -0.0869604, 0.0273492
0.0843674, -0.765544, 0.637828
-0.0345288, 0.63748, 0.769693

4
-0.0103271, -0.00139757, -0.00973324
-0.0443284, -0.0129633, -0.998933
-0.503721, -0.863214, 0.0335551
-0.862728, 0.504671, 0.0317351

5
-0.000209244, -0.00829684, 0.00304004
0.999896, -0.00827912, 0.0118093
-0.0144176, -0.552737, 0.833231
-0.000370959, -0.833314, -0.552799

6
-0.00991057, 0.00732267, 0.00673644
0.844513, 0.535061, -0.0225212
-0.509287, 0.815416, 0.275181
0.165602, -0.220924, 0.961129

7
0.00246225, 0.00374484, -0.00274517
-0.99716, -0.00382468, 0.07521
-0.0344974, 0.910958, -0.411053
-0.066941, -0.412481, -0.908504

8
0.00130347, 0.00319392, -0.00146348
-0.00688577, -0.0164717, 0.999841
0.776659, -0.629901, -0.00502845
0.629883, 0.776501, 0.0171303

9
0.00717329, -0.000486601, 0.00834939
-0.0203076, 0.0180847, -0.99963
0.497407, 0.867499, 0.00558942
0.86728, -0.497109, -0.0266123

10
0.00726243, 0.0159747, 0.0345579
0.959346, 0.185776, -0.212469
-0.187513, -0.143095, -0.971783
-0.210937, 0.972117, -0.102442

11
-0.00442706, -0.0164037, 0.000632986
-0.00505252, 0.000461114, -0.999987
0.995438, 0.0952763, -0.0049856
0.0952727, -0.995451, -0.000940396

12
-0.00635497, 0.00505094, 0.00715588
0.0866386, -0.995941, 0.0244062
-0.530437, -0.0253789, 0.847344
-0.843285, -0.0863587, -0.530483

13
-0.0166166, 0.00362987, -0.00940662
-0.133401, 0.357538, -0.924322
0.0709593, -0.926818, -0.368745
-0.988519, -0.11478, 0.0982676

14
-0.0157235, -0.00169307, -0.000877585
0.00034311, -0.999764, -0.0217241
-0.871354, -0.0109579, 0.490533
-0.490655, 0.0187611, -0.871152

15
-0.0096278, 0.00696567, 0.00623631
-0.968926, -0.244195, 0.0393817
0.220916, -0.925952, -0.306281
0.111258, -0.288064, 0.951126

16
-0.00396181, 0.00120779, -0.00976883
-0.00404354, 0.0383685, -0.999255
-0.73742, -0.675045, -0.0229357
-0.675422, 0.736778, 0.0310232

17
0.00625497, 0.00440536, 0.00214987
0.956693, -0.123943, 0.263394
0.0025904, 0.908417, 0.418057
-0.291087, -0.39927, 0.869397

18
-0.0132155, -0.00748694, 0.00984515
-0.0589889, -0.987185, -0.148275
-0.669468, -0.0710591, 0.739435
-0.740495, 0.142884, -0.656697

19
0.00839257, 0.000968877, 0.0471872
0.0506653, 0.998697, 0.0061333
-0.449851, 0.0173378, 0.892935
0.891665, -0.0479999, 0.450143

20
-0.0161793, -0.00583818, -0.00690622
-0.0728887, 0.0172658, 0.997191
-0.78139, 0.620342, -0.0678559
-0.619771, -0.784141, -0.0317246

21
-0.00453481, -0.0025731, -0.000242083
0.999434, -0.0246785, 0.0228735
-0.00595371, -0.798747, -0.601637
0.0331176, 0.601161, -0.798442

22
-0.00209485, -0.011063, 0.00858053
0.0416525, -0.0461688, 0.998065
-0.887933, 0.456281, 0.0581631
-0.458083, -0.888637, -0.0219895

23
0.0168609, 0.00467196, -0.00838536
0.02847, -0.995569, 0.0896168
-0.965466, -0.0041606, 0.260494
-0.258967, -0.0939383, -0.961307

24
0.0132057, 0.000638155, 0.00487573
-0.0398961, 0.00489456, 0.999192
0.724682, -0.688325, 0.0323071
0.687927, 0.725386, 0.0239145

25
-0.0146354, 0.00196955, 0.00229373
0.0126866, -0.999597, 0.0253849
-0.808111, 0.00470175, 0.589012
-0.588894, -0.0279864, -0.807726

26
-0.0173412, 0.00104974, 0.00977712
0.0416525, -0.0461688, 0.998065
-0.645042, 0.761615, 0.0621507
-0.763011, -0.646383, 0.00194238

27
0.0436014, 0.00497788, 0.00457487
-0.0260125, 0.9988, 0.0414898
-0.91795, -0.0403002, 0.394643
0.395841, -0.0278199, 0.917897

28
-0.00285673, 0.0142327, -0.0278971
-0.996873, 0.0652424, -0.0445798
-0.0424004, 0.0344162, 0.998508
0.0666793, 0.997276, -0.0315423

29
0.00636356, -0.00289618, 0.0112655
-0.0681617, 0.056207, -0.99609
0.607897, 0.79401, 0.00320617
0.791085, -0.605301, -0.0882891

30
-0.00268247, 0.0140817, -0.00186062
0.99994, -0.00832324, 0.00716544
-0.00415949, -0.890832, -0.454315
0.0101646, 0.454257, -0.890812

31
0.00902048, 1.97273e-05, 0.00327542
0.00180268, 0.0227637, -0.999739
0.427056, 0.903973, 0.0213532
0.904223, -0.426983, -0.0080918

32
0.000409055, -0.0211946, 0.027796
-0.999705, -0.0166702, 0.01767
-0.0211245, 0.237398, -0.971183
0.011995, -0.971269, -0.23768

33
-0.00491514, -0.00428689, -0.0136664
0.13126, 0.141787, 0.981156
-0.707429, 0.706744, -0.00749083
-0.694489, -0.693115, 0.193071

34
0.00712737, -0.0156006, 0.00341723
-0.00123159, 0.00838702, -0.999964
0.499416, 0.866337, 0.00665114
0.866361, -0.49939, -0.00525559

35
-0.0572548, 0.000501068, -0.00414807
0.0160495, 0.999854, -0.00579633
0.876419, -0.0168581, -0.481255
-0.481283, 0.0026439, -0.876562

36
0.00953889, 0.00128404, -0.0119952
0.0891233, 0.0880837, -0.992118
0.394435, 0.911527, 0.116361
0.914592, -0.401697, 0.046495

37
-0.00481411, 0.00850667, 0.00107884
-0.991596, 0.12713, 0.0239844
-0.0952653, -0.84295, 0.529491
0.0875318, 0.522756, 0.847977

38
0.000767601, -0.0220403, 0.0472834
-0.999705, -0.0166702, 0.01767
-0.0149262, -0.152362, -0.988212
0.0191659, -0.988184, 0.152068

39
-0.00259238, -0.0156519, 0.00289764
0.00180268, 0.0227637, -0.999739
0.740579, 0.671763, 0.0166312
0.671966, -0.740416, -0.0156474

40
-0.00586305, -0.00501807, -0.00360694
0.997682, -0.0116181, 0.0670532
0.014206, -0.928055, -0.372171
0.066553, 0.372261, -0.925739

41
-0.0103763, -0.0157384, 0.00583093
0.0113044, 0.0660328, 0.997753
-0.503858, 0.862258, -0.0513568
-0.863713, -0.502145, 0.0430185

42
-0.00178922, -0.0096416, 0.0573534
-0.761718, 0.639187, 0.105956
-0.304361, -0.208639, -0.929427
-0.571971, -0.74021, 0.353468

43
0.0093107, -0.00575853, 0.00715267
-0.0738153, 0.996981, -0.0241033
0.407922, 0.0522393, 0.911521
0.910028, 0.0574519, -0.410547

44
-0.00873365, 0.00545818, 0.000283095
-0.109679, -0.993745, -0.0210268
0.828502, -0.0797126, -0.554284
0.549141, -0.0782138, 0.832062

45
-0.0184586, -0.0118817, 0.00693721
0.0549807, -0.0201667, 0.998284
-0.903354, 0.424911, 0.0583362
-0.425358, -0.905011, 0.00514417

46
-0.00564507, -0.0151935, 0.00834373
-0.0203076, 0.0180847, -0.99963
0.791438, 0.611229, -0.00502013
0.610913, -0.791247, -0.0267255

47
-0.0089991, -0.0261216, 0.0152789
-0.374167, 0.855676, 0.357515
-0.751163, -0.505727, 0.424257
0.543832, -0.109809, 0.831979

48
-0.00467332, 0.0263482, 0.0143907
-0.995908, 0.0730643, -0.0531917
-0.00225639, 0.568277, 0.822834
0.0903474, 0.819587, -0.565787

49
0.00771176, 0.000234495, -0.00551775
-0.00263143, -0.999996, -0.00118804
0.716045, -0.00105491, -0.698053
0.698049, -0.00268756, 0.716045

50
-0.0160358, -0.0524812, 0.0106298
0.0564522, -0.027298, -0.998032
0.3951, -0.917412, 0.0474412
-0.916902, -0.397001, -0.0410045

51
-0.00575444, -0.0107827, 0.00299496
0.999739, -0.0146799, -0.017511
0.0211189, 0.886221, 0.462782
0.00872507, -0.463031, 0.886299

52
0.00599755, -0.0118003, 0.00819126
0.396235, 0.91813, -0.00588676
-0.745285, 0.317882, -0.586089
-0.536235, 0.236616, 0.810225

53
-0.00543599, -0.0108165, 0.0382243
-0.761718, 0.639187, 0.105956
-0.0623097, 0.0905086, -0.993945
-0.644906, -0.763707, -0.0291144

54
-0.0167299, 0.00267138, 0.00468453
0.0113044, 0.0660328, 0.997753
-0.134976, 0.988786, -0.06391
-0.990784, -0.13395, 0.0200905

55
0.011117, 0.00215257, 0.00905289
0.0963061, 0.995084, 0.0230652
0.309061, -0.0519229, 0.949624
0.946153, -0.0843261, -0.312542

56
0.00113086, -0.0147235, -0.00548711
-0.0728887, 0.0172658, 0.997191
-0.959087, 0.273044, -0.0748311
-0.273569, -0.961847, -0.00334239

57
-0.00411443, -0.00224273, 1.99864e-05
0.0151389, 0.999717, 0.0183558
0.853101, -0.0224895, 0.52126
0.521525, 0.00776804, -0.8532

58
0.0132051, -0.00531155, 0.0291651
-0.121813, 0.991038, -0.0548269
-0.0958274, 0.0432376, 0.994458
0.987916, 0.126391, 0.0897017

59
-0.00650829, -0.00999098, 0.00168794
-0.997978, -0.0566265, 0.0288539
0.0340732, -0.859968, -0.50921
0.0536482, -0.507197, 0.860159

60
0.0108585, -0.00620472, 0.00750176
-0.919943, -0.374458, 0.116132
0.366578, -0.71653, 0.593468
-0.139017, 0.588528, 0.796435

61
-0.014212, 0.0218006, -0.002725
-0.133401, 0.357538, -0.924322
-0.312732, -0.900193, -0.303071
-0.940427, 0.248635, 0.2319

62
0.00281662, -0.00155481, -0.0069479
0.00034311, -0.999764, -0.0217241
-0.992792, -0.00294427, 0.119818
-0.119854, 0.0215264, -0.992558

63
-0.01225, 0.00304724, -0.00790447
-0.0730494, 0.997328, 0.000990137
-0.427232, -0.0303955, -0.903631
-0.901186, -0.0664327, 0.42831

64
-0.027827, 0.00031115, 0.00867592
-0.00263143, -0.999996, -0.00118804
0.999916, -0.00264633, 0.0127221
-0.0127251, -0.00115446, 0.999918

65
-0.00591666, -0.00574598, -0.00641515
-0.995908, 0.0730643, -0.0531917
0.0622898, 0.981368, 0.18176
0.0654808, 0.177703, -0.981903

66
0.00959429, -0.0066333, -0.0119049
-0.374167, 0.855676, 0.357515
-0.146605, -0.43525, 0.888293
0.9157, 0.279956, 0.288303

67
-0.016577, -0.0142318, 0.00955298
0.0564522, -0.027298, -0.998032
-0.36897, -0.92943, 0.00455143
-0.927725, 0.367987, -0.0625405

68
0.00306847, 0.00198611, -0.0059023
0.0126866, -0.999597, 0.0253849
-0.971957, -0.00636607, 0.235073
-0.234817, -0.0276553, -0.971646

69
-0.00656519, -0.0070874, -0.00905573
-0.997976, -0.0635752, 0.00164634
0.0358775, -0.584187, -0.810826
0.0525102, -0.809125, 0.585285

70
-0.00733355, -9.6325e-05, 0.00184201
-0.994844, 0.0898344, -0.0470709
0.0291399, 0.69774, 0.715758
0.0971429, 0.710696, -0.69676

71
-0.0155011, -0.0145128, -0.0103258
-0.00404354, 0.0383685, -0.999255
-0.422814, -0.905613, -0.0330619
-0.906207, 0.422366, 0.0198846

72
-0.00582421, -0.00965529, -0.00324414
-0.968926, -0.244195, 0.0393817
0.161523, -0.745231, -0.646947
0.18733, -0.620483, 0.761517

73
0.000683208, -0.00151651, -0.00726233
0.0560416, -0.998124, -0.0246619
-0.997523, -0.0570256, 0.0411929
-0.0425219, 0.0222923, -0.998847

74
-0.0157912, 0.0167743, 0.0106062
-0.10937, 0.0258454, 0.993665
-0.207926, 0.976952, -0.0482966
-0.972011, -0.211891, -0.101476

75
0.00265701, 0.00453267, -0.00189522
-0.875884, 0.467016, 0.121343
0.375487, 0.817627, -0.436458
-0.303046, -0.336724, -0.891504

76
-0.00917142, 0.0271686, 0.0064395
-0.995836, -0.0869604, 0.0273492
0.0911589, -0.951223, 0.294728
0.000385584, 0.295994, 0.95519

77
-0.00666057, -0.00207113, -0.0128079
-0.22986, 0.142793, -0.962691
-0.569224, -0.822064, 0.0139786
-0.789398, 0.5512, 0.270241

78
-0.00229922, 0.00977848, -0.0468827
-0.996873, 0.0652424, -0.0445798
-0.0136558, 0.413437, 0.91043
0.0778296, 0.908192, -0.411254

79
0.059659, 0.00585487, -0.00646983
-0.0260125, 0.9988, 0.0414898
-0.696594, -0.0478788, 0.715867
0.716994, -0.01028, 0.697003

80
-0.00827893, -0.0157851, 0.0115402
-0.0681617, 0.056207, -0.99609
0.864358, 0.501931, -0.0308247
0.498235, -0.86308, -0.0827955

81
-0.00264157, 0.0293982, 0.0102228
0.99994, -0.00832324, 0.00716544
4.69497e-05, -0.649184, -0.760631
0.0109826, 0.760586, -0.649145

82
-0.0386535, 0.00016844, -0.0100203
0.0160495, 0.999854, -0.00579633
0.993884, -0.0165866, -0.109176
-0.109256, -0.00400866, -0.994006

83
0.0133859, 0.00287669, 0.00356449
-0.00123159, 0.00838702, -0.999964
0.129858, 0.991499, 0.00815608
0.991532, -0.129844, -0.00231025

84
0.00761151, -0.00496529, 0.0478518
-0.121813, 0.991038, -0.0548269
-0.466592, -0.00842164, 0.884432
0.876044, 0.133317, 0.463436

85
0.010224, -0.00270261, 0.0132412
0.0151389, 0.999717, 0.0183558
0.588584, -0.0237503, 0.808087
0.808294, -0.00142962, -0.588777

86
0.0106302, -0.000474031, 0.0156173
0.0160495, 0.999854, -0.00579633
0.481283, -0.0026439, 0.876562
0.876419, -0.0168581, -0.481255

87
-0.0112199, 0.0526857, 0.00401256
-0.00123159, 0.00838702, -0.999964
-0.866361, 0.49939, 0.00525559
0.499416, 0.866337, 0.00665114

88
0.00462855, -0.0118589, 0.00975741
0.973997, -0.0816646, -0.211329
0.0993474, -0.68436, 0.722344
-0.203615, -0.724556, -0.658452

89
-0.0159409, -0.0367247, 0.0143526
0.218776, -0.191606, -0.956778
0.038756, -0.978051, 0.204728
-0.975005, -0.0818706, -0.206548

90
-0.0142422, -0.00160408, 0.00703825
-0.00943062, -0.999765, -0.0195346
-0.713069, -0.00697186, 0.70106
-0.701031, 0.0205409, -0.712835

91
0.00337711, -0.0121157, 0.00857778
-0.99716, -0.00382468, 0.07521
-0.0574887, 0.683766, -0.727433
-0.0486439, -0.729691, -0.682045

92
-0.00638817, 0.0113227, 0.00703764
0.997682, -0.0116181, 0.0670532
0.0385933, -0.714953, -0.698106
0.0560505, 0.699076, -0.712847

93
0.0228083, -0.00258719, -0.0380128
0.000810495, -0.999938, 0.0111027
0.00615424, -0.0110975, -0.999919
0.999981, 0.000878759, 0.00614487

94
-0.00512404, -0.00459413, -0.0117981
-0.999571, -0.0292584, -0.00136947
0.0200705, -0.650129, -0.759559
0.0213331, -0.75926, 0.650437

95
0.00442303, 0.00775997, -0.00205251
0.999599, 0.0148706, 0.0241071
0.00579501, 0.725727, -0.687958
-0.0277256, 0.687822, 0.72535

96
-0.0224228, -0.00184197, -0.00670659
0.0151389, 0.999717, 0.0183558
0.987742, -0.0178049, 0.155076
0.155359, 0.0157831, -0.987732

97
0.0112787, -0.00661992, 0.00979554
-0.121813, 0.991038, -0.0548269
0.289526, 0.0883142, 0.953087
0.949387, 0.100224, -0.297689

98
-0.00332443, 0.0226462, -0.0122799
-0.991596, 0.12713, 0.0239844
-0.0545167, -0.578734, 0.813692
0.117325, 0.805546, 0.580801

99
-0.00148925, -0.0146284, -0.0143987
0.0891233, 0.0880837, -0.992118
0.71441, 0.688418, 0.125297
0.694029, -0.719945, -0.00157368

100
0.0131306, 0.000205171, 0.00523242
-0.846163, -0.423009, 0.324148
0.524645, -0.554407, 0.64605
-0.0935744, 0.716726, 0.691048

101
-0.0143678, -0.0087131, 0.00246304
-0.00169282, -0.9728, -0.231641
-0.765409, -0.147811, 0.62634
-0.643542, 0.178361, -0.744339

102
-0.0238366, -0.014438, 0.00073196
-0.00505252, 0.000461114, -0.999987
0.956124, -0.292919, -0.00496597
-0.292917, -0.956137, 0.0010391

103
0.0137669, -0.0118141, -0.0016249
-0.00688577, -0.0164717, 0.999841
0.476494, -0.879107, -0.0112011
0.879151, 0.476341, 0.013902

104
0.00441767, -0.00874408, 0.00835031
0.999599, 0.0148706, 0.0241071
-0.00525623, 0.933702, -0.358011
-0.0278327, 0.357741, 0.933406

105
-0.0004837, -0.0157014, 0.0210872
0.999896, -0.00827912, 0.0118093
-0.0131781, -0.191767, 0.981352
-0.00586009, -0.981406, -0.191856

106
-0.0166818, -0.0198353, -0.00921198
-0.0443284, -0.0129633, -0.998933
-0.135226, -0.990635, 0.0188564
-0.989823, 0.135917, 0.0421604

107
-0.0202856, 0.0237658, 0.00834371
0.844513, 0.535061, -0.0225212
-0.533893, 0.83789, -0.113574
-0.0418988, 0.107939, 0.993274

108
0.00614444, -0.0142048, -0.00957529
0.0332215, 0.0999016, -0.994443
0.531028, 0.841163, 0.102243
0.846703, -0.531474, -0.0251059

109
0.0080724, -0.00237487, 0.00893323
0.0118974, -0.999862, -0.0116283
0.464941, 0.0158272, -0.8852
0.885262, 0.00512507, 0.465064

110
-0.0291867, -0.00215139, 0.0422637
-0.00943062, -0.999765, -0.0195346
-0.00851208, -0.0194545, 0.999775
-0.999919, 0.00959477, -0.00832661

111
-0.00732853, -0.00690312, -0.0118819
0.120009, 0.992764, 0.00418127
-0.584106, 0.074013, -0.808296
-0.802757, 0.0945602, 0.588761

112
-0.0182417, -0.0026925, -0.00267251
0.0560416, -0.998124, -0.0246619
-0.905318, -0.0612157, 0.420299
-0.42102, -0.0012274, -0.90705

113
-0.00812843, -0.0077821, 0.00300711
-0.991596, 0.128939, 0.0105815
-0.10068, -0.820456, 0.562775
0.0812453, 0.556981, 0.826542

114
-0.0156287, -0.0147788, -0.00756226
-0.0100803, 0.0143673, -0.999846
-0.417199, -0.908772, -0.00885246
-0.908759, 0.417046, 0.0151547

115
-0.0347292, 0.0275777, -0.00884069
-0.0728887, 0.0172658, 0.997191
-0.114282, 0.99312, -0.0255487
-0.990771, -0.115823, -0.070414

116
0.019006, 0.00624529, -0.0215086
-0.152379, -0.981719, -0.114054
0.350893, 0.0541442, -0.934849
0.923935, -0.182472, 0.336228

117
0.00696666, -0.0079678, 0.00190348
-0.988371, -0.149965, -0.0251642
0.117228, -0.856854, 0.502055
-0.0968529, 0.493267, 0.86447

118
-0.0002921, -0.070105, 0.0246157
0.218776, -0.191606, -0.956778
0.716837, -0.633695, 0.290817
-0.662028, -0.749478, -0.00128687

119
0.0293718, 0.0015429, 0.00047049
-0.00505252, 0.000461114, -0.999987
0.636513, 0.77126, -0.00286039
0.771249, -0.636519, -0.00419031

120
0.00372196, -0.0033208, 0.00170039
0.959346, 0.185776, -0.212469
0.0165636, -0.788574, -0.614717
-0.281747, 0.586207, -0.759592

121
0.0141156, -0.0120339, -0.0134429
-0.345647, -0.0488561, -0.937092
0.845925, 0.415993, -0.333708
0.406127, -0.908055, -0.102458

122
-0.015808, 0.0118741, -0.0145446
0.13126, 0.141787, 0.981156
-0.38781, 0.918191, -0.0808058
-0.912345, -0.369896, 0.175508

123
-0.0305286, -0.00197415, 0.011824
0.00034311, -0.999764, -0.0217241
-0.61726, -0.0173034, 0.786569
-0.786759, 0.0131395, -0.617121

124
-0.0114966, -0.0136672, -0.0168363
-0.133401, 0.357538, -0.924322
0.443848, -0.812344, -0.378281
-0.886117, -0.460721, -0.0503252

125
0.0353014, 0.00650183, 0.0206177
-0.0730494, 0.997328, 0.000990137
-0.996082, -0.0730077, 0.0499025
0.0498415, 0.00265909, 0.998754

126
0.00160227, 0.00346702, -0.00792783
0.0963061, 0.995084, 0.0230652
0.647612, -0.0802407, 0.757733
0.755859, -0.0580371, -0.652157

127
6.80365e-05, 0.00545094, -0.0107992
0.999896, -0.00827912, 0.0118093
-0.0134621, -0.829558, 0.558258
0.00517465, -0.558359, -0.829584

128
-0.000796083, -0.00743879, -0.00218699
0.844513, 0.535061, -0.0225212
-0.407146, 0.668802, 0.622042
0.347892, -0.516153, 0.78266

129
0.00259475, 0.0131985, -0.0104961
-0.0443284, -0.0129633, -0.998933
-0.795529, -0.604377, 0.0431453
-0.604291, 0.796593, 0.0164784

130
-0.00745134, 0.00107728, -0.0117594
-0.0467948, 0.998811, 0.0136964
-0.591137, -0.0166371, -0.8064
-0.805213, -0.0458318, 0.591212

131
0.00440924, -0.010549, -0.0118283
-0.995962, 0.0859971, -0.0257745
-0.0177652, -0.470206, -0.882378
-0.0880013, -0.878357, 0.469835

132
0.0536439, -0.0193631, -0.00759739
-0.335748, -0.870504, -0.359857
-0.844773, 0.44727, -0.293782
0.416692, 0.205361, -0.885548

133
-0.0221157, -0.0166132, -0.00435301
-0.0569687, -0.0182577, -0.998209
0.998205, -0.0195684, -0.0566106
-0.0184998, -0.999642, 0.0193397

134
0.0611562, -0.00992772, -0.00238809
0.0476716, 0.99885, -0.005118
-0.77761, 0.0403276, 0.627452
0.626937, -0.0259318, 0.778638

135
-0.00622194, -0.00661847, -0.00610681
0.396235, 0.91813, -0.00588676
-0.483345, 0.203136, -0.851536
-0.780625, 0.340253, 0.524264

136
-0.00538356, 0.00793673, 0.00847664
0.999739, -0.0146799, -0.017511
0.0161724, 0.995955, 0.0883828
0.0161428, -0.0886429, 0.995933

137
0.0287526, -0.0343208, 0.00566774
-0.0398961, 0.00489456, 0.999192
0.0259899, -0.999645, 0.00593451
0.998866, 0.0262056, 0.0397547

138
-0.013481, 0.00590055, 0.0149025
0.02847, -0.995569, 0.0896168
-0.49957, 0.0634824, 0.863944
-0.865805, -0.0693664, -0.49555

139
-0.0090712, -0.00661475, -0.00994738
0.0476716, 0.99885, -0.005118
-0.626937, 0.0259318, -0.778638
-0.77761, 0.0403276, 0.627452

140
-0.00942935, -0.00726762, 0.0219909
-0.335748, -0.870504, -0.359857
-0.416692, -0.205361, 0.885548
-0.844773, 0.44727, -0.293782

141
0.0287195, 0.0323905, -0.00815052
-0.0569687, -0.0182577, -0.998209
0.0184998, 0.999642, -0.0193397
0.998205, -0.0195684, -0.0566106

142
-0.0369113, -0.0284243, -0.0188055
0.0891233, 0.0880837, -0.992118
0.995916, -0.0222931, 0.0874853
-0.0144113, -0.995864, -0.0897108

143
0.00813382, 0.019141, -0.0563267
0.831523, -0.555334, -0.0131518
-0.177136, -0.242644, -0.953806
0.52649, 0.795442, -0.300134

144
-0.00714571, 0.0105494, 0.0181893
-0.994844, 0.0898344, -0.0470709
-0.0102532, 0.372656, 0.927913
0.1009, 0.923611, -0.369813

145
-0.0470591, 0.0356806, 0.00947321
0.0549807, -0.0201667, 0.998284
0.0472808, 0.998727, 0.0175717
-0.997367, 0.0462335, 0.0558642

146
0.00612202, -0.0256044, 0.0442847
-0.99716, -0.00382468, 0.07521
-0.075047, -0.0324737, -0.996651
0.00625422, -0.999465, 0.0320945

147
-0.00297838, -0.0240664, -0.00487742
0.99994, -0.00832324, 0.00716544
-0.0101286, -0.951122, 0.308651
0.00424624, -0.308704, -0.951149

148
0.00534997, 0.00396046, 0.00508531
-0.0260125, 0.9988, 0.0414898
-0.928991, -0.00882492, -0.369997
-0.369187, -0.0481682, 0.928106

149
-0.00533231, 0.000844691, 0.0078674
-0.996873, 0.0652424, -0.0445798
-0.077131, -0.680845, 0.728355
0.0171677, 0.729516, 0.683748

150
0.0162708, 0.0340407, 0.0126719
-0.0681617, 0.056207, -0.99609
-0.129534, 0.989462, 0.0646969
0.989229, 0.133437, -0.0601627

151
-0.0055819, 0.00425268, -0.0221444
-0.440339, 0.883672, 0.158822
-0.465346, -0.073348, -0.882084
-0.767824, -0.462324, 0.443512

152
-0.0289729, 0.037443, 0.011946
0.0416525, -0.0461688, 0.998065
0.0834164, 0.995605, 0.0425737
-0.995644, 0.0814816, 0.0453207

153
-0.00361615, -0.0165375, -0.00666771
-0.345647, -0.0488561, -0.937092
0.936951, 0.0368295, -0.347515
0.0514908, -0.998127, 0.0330457

154
0.00700407, 0.00586522, -0.00703833
0.0866386, -0.995941, 0.0244062
-0.812771, -0.0564951, 0.579837
-0.576105, -0.070073, -0.814367

155
0.0127188, 0.01132, -0.00944805
-0.00404354, 0.0383685, -0.999255
-0.93976, -0.341707, -0.00931777
-0.34181, 0.939023, 0.0374389

156
-0.0142783, 0.0257794, 0.00847674
-0.968926, -0.244195, 0.0393817
0.246676, -0.965706, 0.081013
0.0182482, 0.0882101, 0.995935

157
-0.0386165, -0.0285592, 0.00253879
0.00180268, 0.0227637, -0.999739
0.998821, -0.0485452, 0.000695669
-0.0485167, -0.998562, -0.0228244

158
0.0148113, -0.000320626, 0.0536562
0.0160495, 0.999854, -0.00579633
-0.279403, 0.0100509, 0.960121
0.96004, -0.01379, 0.279524

159
-0.0408303, -0.00277834, 0.0486709
0.00034311, -0.999764, -0.0217241
0.119854, -0.0215264, 0.992558
-0.992792, -0.00294427, 0.119818

160
0.00350258, 0.0039934, -0.00155797
0.973997, -0.0816646, -0.211329
0.0138649, -0.909542, 0.41538
-0.226134, -0.407509, -0.884759

161
0.0137503, 0.0189416, 0.00371479
0.00180268, 0.0227637, -0.999739
0.0485167, 0.998562, 0.0228244
0.998821, -0.0485452, 0.000695669

162
-4.07976e-05, -0.0129555, 0.0101178
-0.999705, -0.0166702, 0.01767
-0.0241068, 0.591016, -0.8063
0.00299796, -0.806488, -0.591243

163
-0.0341246, -0.000306857, 0.00803385
0.0549807, -0.0201667, 0.998284
-0.671813, 0.738899, 0.051927
-0.738678, -0.673515, 0.0270769

164
-0.0345823, 0.00254564, 0.0349473
0.0126866, -0.999597, 0.0253849
-0.15501, 0.023114, 0.987643
-0.987832, -0.0164647, -0.154654

165
-0.00670964, 0.0488731, 0.00321262
-0.999571, -0.0292584, -0.00136947
0.0273899, -0.950259, 0.310255
-0.0103789, 0.310085, 0.950652

166
-0.00834118, -0.00210168, 0.00798784
0.000810495, -0.999938, 0.0111027
0.926217, -0.00343496, -0.376976
0.37699, 0.010589, 0.926157

167
-0.00338921, -0.00490414, 0.0242835
-0.74143, 0.664156, 0.0958031
0.0970788, 0.247433, -0.964029
-0.66397, -0.70546, -0.24793

168
0.00725906, -0.00499441, -2.02957e-05
0.163803, -0.985824, 0.0363207
0.759956, 0.102626, -0.641821
0.628995, 0.132734, 0.765994

169
-0.0159546, 0.0122912, -0.00143246
-0.00688577, -0.0164717, 0.999841
0.958586, -0.284798, 0.00190978
0.284722, 0.958446, 0.0177506

170
0.00648458, 0.0100487, 0.0614003
-0.630047, -0.739452, 0.237174
0.254971, -0.485468, -0.836248
0.733505, -0.466403, 0.494406

171
-0.0323636, 0.00715389, -0.0251671
0.0963061, 0.995084, 0.0230652
0.992404, -0.0977772, 0.0746538
0.0765421, 0.0157003, -0.996943

172
0.0133899, 0.0180043, 0.00855763
-0.0203076, 0.0180847, -0.99963
0.127651, 0.9917, 0.015348
0.991611, -0.127292, -0.0224476

173
0.0166385, -0.0164114, 0.00755132
0.0416525, -0.0461688, 0.998065
-0.995644, 0.0814816, 0.0453207
-0.0834164, -0.995605, -0.0425737

174
0.0085715, 0.00253482, 0.0435177
-0.630047, -0.739452, 0.237174
-0.045138, -0.270029, -0.961794
0.775244, -0.616681, 0.136754

175
0.0135993, -0.00209154, -0.00977439
0.0118974, -0.999862, -0.0116283
0.090774, 0.0126611, -0.995791
0.9958, 0.0107917, 0.090912

176
-0.01348, -0.0124343, 0.00889034
0.814105, 0.034925, 0.579667
-0.543033, 0.399508, 0.738585
-0.205786, -0.916064, 0.344207

177
-0.011678, -0.0542639, -0.00971564
-0.994844, 0.0898344, -0.0470709
0.1009, 0.923611, -0.369813
0.0102532, -0.372656, -0.927913

178
-0.0132949, 0.00489402, 0.0253881
0.0866386, -0.995941, 0.0244062
-0.167348, 0.009601, 0.985851
-0.982084, -0.0894971, -0.165837

179
0.00624447, 0.00741575, -0.00695447
-0.440339, 0.883672, 0.158822
-0.723758, -0.244688, -0.645215
-0.531297, -0.399062, 0.74731

180
-0.00745153, 0.00717008, 0.00423114
-0.997976, -0.0635752, 0.00164634
0.0532413, -0.849357, -0.525126
0.0347833, -0.523976, 0.851023

181
0.031693, 0.0143285, -0.00762109
-0.0100803, 0.0143673, -0.999846
-0.999239, 0.0375279, 0.0106134
0.0376746, 0.999192, 0.013978

182
-0.0134119, -0.0147787, 0.0166405
-0.0266412, -0.595702, -0.802764
-0.502059, -0.686447, 0.526049
-0.864423, 0.417049, -0.28079

183
-0.0160506, -0.000409129, -0.014946
-0.116453, 0.108783, 0.987221
-0.665565, 0.729236, -0.158866
-0.737199, -0.67556, -0.0125193

184
-0.010116, 0.00355224, -0.00303298
-0.207061, 0.976628, 0.0576474
-0.758009, -0.1229, -0.640561
-0.618505, -0.176333, 0.76574

185
-0.0185031, -0.0451558, 0.0393513
-0.0266412, -0.595702, -0.802764
0.256231, -0.780289, 0.570521
-0.966249, -0.190493, 0.173425

186
-0.0287859, 0.0352666, -0.0203794
-0.116453, 0.108783, 0.987221
0.0506526, 0.993341, -0.103482
-0.991904, 0.0379545, -0.121187

187
-0.0278578, 0.0017894, -0.0368942
-0.207061, 0.976628, 0.0576474
-0.0986438, 0.0377827, -0.994405
-0.973342, -0.211589, 0.0885149

188
-0.00826085, -0.0161519, -0.00920155
-0.994844, 0.0898344, -0.0470709
0.0640968, 0.916599, 0.394636
0.078597, 0.389584, -0.917631

189
0.0101902, 0.0103991, 0.00374684
-0.928687, 0.22838, 0.292203
0.359173, 0.750129, 0.555248
-0.0923824, 0.620604, -0.778663

190
-0.0112034, -0.00936208, -0.00745083
0.171296, 0.974183, -0.147054
-0.693039, 0.0130574, -0.720782
-0.700254, 0.225381, 0.677383

191
0.0050841, 0.00179106, 0.00326711
-0.995962, 0.0859971, -0.0257745
-0.0500895, -0.770546, -0.635413
-0.0745041, -0.631556, 0.771742

192
0.00692423, 0.00157006, 0.00142023
-0.0467948, 0.998811, 0.0136964
-0.854281, -0.0329098, -0.518769
-0.517701, -0.0359763, 0.854805

193
0.0136051, 0.0202542, -0.00994573
0.0891233, 0.0880837, -0.992118
0.0144113, 0.995864, 0.0897108
0.995916, -0.0222931, 0.0874853

194
-0.00697008, -0.0096121, 0.00798278
-0.991596, 0.12713, 0.0239844
-0.121511, -0.978834, 0.164679
0.0444123, 0.160381, 0.986056

195
0.00690316, -0.00867919, 0.00134331
0.120009, 0.992764, 0.00418127
-0.846845, 0.104566, -0.521459
-0.518123, 0.0590387, 0.853266

196
0.002727, -0.00656371, -0.00668848
-0.00169282, -0.9728, -0.231641
-0.953418, -0.0683038, 0.293816
-0.301646, 0.221348, -0.92737

197
-0.000645353, 0.00388168, 0.0077556
-0.0730494, 0.997328, 0.000990137
-0.73958, -0.0535045, -0.670939
-0.669093, -0.049744, 0.741512

198
-8.33623e-05, 0.00183488, -0.00899028
-0.60654, -0.791771, 0.0721597
0.332585, -0.335118, -0.881523
0.722147, -0.51068, 0.466594

199
0.00592118, 0.00696485, -0.00435361
0.680195, -0.721262, -0.130827
0.602336, 0.448232, 0.660514
-0.417762, -0.52808, 0.739328

200
-0.0560686, 0.00669221, 0.000594191
-0.35217, -0.326028, -0.877315
0.624011, -0.780415, 0.0395295
-0.697558, -0.533533, 0.478284

201
-0.0192501, 0.00594362, -0.0634899
-0.329309, 0.937279, 0.114295
0.387185, 0.244445, -0.889008
-0.861187, -0.248505, -0.443398

202
-0.00929511, -0.0140406, -0.0203168
-0.237589, 0.968889, -0.0693211
0.808828, 0.236849, 0.538238
0.537912, 0.0718108, -0.839937

203
0.00878197, 0.023237, 0.0446812
0.987628, 0.0656703, -0.142404
-0.144656, 0.0309066, -0.988999
-0.0605466, 0.997363, 0.0400239

204
0.0547878, 0.00619475, -0.0035172
0.02847, -0.995569, 0.0896168
-0.865805, -0.0693664, -0.49555
0.49957, -0.0634824, -0.863944

205
-0.0224902, 0.0143511, 0.00338328
-0.0398961, 0.00489456, 0.999192
0.998866, 0.0262056, 0.0397547
-0.0259899, 0.999645, -0.00593451

206
0.00205695, 0.0227452, -0.00715255
-0.99716, -0.00382468, 0.07521
-0.00625422, 0.999465, -0.0320945
-0.075047, -0.0324737, -0.996651

207
-0.00454694, 0.0104222, 0.0143086
0.999434, -0.0246785, 0.0228735
0.00717306, -0.507892, -0.861391
0.0328751, 0.861067, -0.507427

208
0.0043734, 0.00526555, -0.00688501
-0.919943, -0.374458, 0.116132
0.285475, -0.436768, 0.853076
-0.268718, 0.817933, 0.5087

209
-0.00736444, 0.0083942, 0.00815746
-0.997978, -0.0566265, 0.0288539
0.0520098, -0.988603, -0.14128
0.0365252, -0.139493, 0.989549

210
-0.0193203, -0.0256875, 0.00263897
0.00180268, 0.0227637, -0.999739
0.941357, 0.337283, 0.00937723
0.337409, -0.941128, -0.0208208

211
0.0058112, -7.58247e-05, 0.0709635
0.0160495, 0.999854, -0.00579633
-0.625526, 0.014563, 0.780067
0.780038, -0.00889395, 0.625669

212
-0.0136661, 0.00522325, -0.0199443
0.0963061, 0.995084, 0.0230652
0.887571, -0.0963426, 0.450485
0.450492, -0.0229125, -0.892486

213
0.019709, -0.0136509, 0.00479938
0.0549807, -0.0201667, 0.998284
-0.939541, -0.339482, 0.0448874
0.337994, -0.940396, -0.0376124

214
-0.00857349, 0.0263623, 0.0421588
0.997682, -0.0116181, 0.0670532
0.0669233, -0.011227, -0.997695
0.0123441, 0.999869, -0.0104235

215
0.0105562, 0.0216905, -0.00545712
-0.851923, 0.48067, 0.207806
0.45163, 0.875264, -0.173042
-0.265061, -0.0535675, -0.962742

216
-0.00544725, -0.000484946, 0.0459278
-0.263791, -0.939031, 0.220534
0.587358, 0.0249831, 0.808942
-0.765131, 0.342924, 0.544957

217
-0.013779, 0.0148958, -0.0138269
0.168095, 0.0958066, 0.981104
-0.321804, 0.946073, -0.0372502
-0.931765, -0.309461, 0.189862

218
0.00445007, 0.00614663, 0.00313039
-0.329309, 0.937279, 0.114295
-0.861187, -0.248505, -0.443398
-0.387185, -0.244445, 0.889008

219
-0.0192205, -0.000133674, -0.00832606
0.0160495, 0.999854, -0.00579633
0.96004, -0.01379, 0.279524
0.279403, -0.0100509, -0.960121

220
0.0120968, 0.0223424, 0.00372935
-0.00123159, 0.00838702, -0.999964
-0.259469, 0.965715, 0.00841933
0.965751, 0.25947, 0.000986808

221
0.01243, 0.0112436, -0.00747121
-0.0100803, 0.0143673, -0.999846
-0.937594, -0.347703, 0.00445634
-0.347585, 0.937495, 0.0169756

222
-0.0322131, 0.0342956, 0.0323843
0.814105, 0.034925, 0.579667
-0.0176881, 0.999218, -0.0353611
-0.580448, 0.0185345, 0.814086

223
-0.00687349, -0.0149593, 0.0192015
-0.996873, 0.0652424, -0.0445798
-0.0778296, -0.908192, 0.411254
-0.0136558, 0.413437, 0.91043

224
-0.00318835, -0.0410903, 0.00464845
0.99994, -0.00832324, 0.00716544
-0.0109826, -0.760586, 0.649145
4.69497e-05, -0.649184, -0.760631

225
-0.0110204, 0.00397494, -0.00552667
-0.0260125, 0.9988, 0.0414898
-0.716994, 0.01028, -0.697003
-0.696594, -0.0478788, 0.715867

226
0.0100272, 0.0524654, 0.0141388
-0.0681617, 0.056207, -0.99609
-0.498235, 0.86308, 0.0827955
0.864358, 0.501931, -0.0308247

227
0.0136524, -0.00497764, 0.0261564
-0.0738153, 0.996981, -0.0241033
0.0286184, 0.0262769, 0.999245
0.996861, 0.0730698, -0.0304717

228
0.005029, 0.00423063, -0.0134895
-0.109679, -0.993745, -0.0210268
0.555289, -0.0437138, -0.830508
0.824394, -0.102765, 0.55661

229
0.00588433, -0.00726442, 0.00256312
0.0476716, 0.99885, -0.005118
-0.876793, 0.0393906, -0.479252
-0.4785, 0.0273342, 0.877662

230
0.00175893, -0.00504053, 0.00616482
-0.335748, -0.870504, -0.359857
-0.708254, -0.0185658, 0.705714
-0.621008, 0.491812, -0.610304

231
0.0245664, 0.0133376, -0.00756501
-0.0569687, -0.0182577, -0.998209
0.399088, 0.91606, -0.0395315
0.915141, -0.400625, -0.0449003

232
0.00731329, -0.0114568, -0.00915826
0.956693, -0.123943, 0.263394
-0.109001, 0.686474, 0.718939
-0.26992, -0.716514, 0.643235

233
0.0136064, 0.000819822, 0.0283883
0.0506653, 0.998697, 0.0061333
-0.0743826, -0.00235074, 0.997227
0.995942, -0.050981, 0.0741665

234
0.0024126, -0.0066711, -0.00180391
-0.0589889, -0.987185, -0.148275
-0.901883, -0.0109708, 0.431841
-0.427934, 0.159201, -0.889678

235
0.0236938, 0.0318943, -0.0100172
-0.761718, 0.639187, 0.105956
0.644906, 0.763707, 0.0291144
-0.0623097, 0.0905086, -0.993945

236
0.0260605, 0.0588082, 0.000484506
0.0113044, 0.0660328, 0.997753
0.990784, 0.13395, -0.0200905
-0.134976, 0.988786, -0.06391

237
0.00095067, -0.0195252, -0.0210722
-0.999296, 0.0366467, -0.00804814
-0.00509329, -0.345013, -0.938584
-0.0371727, -0.937882, 0.344956

238
-0.0172247, -0.0766539, -0.0101812
-0.991596, 0.128939, 0.0105815
-0.0812453, -0.556981, -0.826542
-0.10068, -0.820456, 0.562775

239
0.00463943, 0.0190283, -0.0179767
0.999599, 0.0148706, 0.0241071
0.015964, 0.407266, -0.91317
-0.0233974, 0.913188, 0.406865

240
-0.0155416, 0.0221008, 0.0033852
0.0113044, 0.0660328, 0.997753
0.254456, 0.964779, -0.0667334
-0.967018, 0.254638, -0.00589611

241
-0.00417371, -0.00617799, 0.0193168
-0.761718, 0.639187, 0.105956
0.189228, 0.375877, -0.907143
-0.61966, -0.670937, -0.407264

242
-0.0425732, -0.0252161, 0.0089126
-0.0203076, 0.0180847, -0.99963
0.991611, -0.127292, -0.0224476
-0.127651, -0.9917, -0.015348

243
0.0100543, 0.0132395, 0.0103079
0.0564522, -0.027298, -0.998032
-0.916902, -0.397001, -0.0410045
-0.3951, 0.917412, -0.0474412

244
-0.0171787, -0.0527165, -0.0117859
-0.00404354, 0.0383685, -0.999255
0.34181, -0.939023, -0.0374389
-0.93976, -0.341707, -0.00931777

245
-0.00285689, -0.0269164, -0.0372693
-0.968926, -0.244195, 0.0393817
-0.0182482, -0.0882101, -0.995935
0.246676, -0.965706, 0.081013

246
-0.00513555, 0.0273309, 0.00637723
0.999739, -0.0146799, -0.017511
0.00876377, 0.954065, -0.299472
0.0211029, 0.29924, 0.953944

247
-0.0124993, -0.00402664, -0.0243956
0.396235, 0.91813, -0.00588676
-0.147821, 0.057464, -0.987343
-0.906172, 0.39209, 0.158488

248
-0.00584453, -0.0241925, -0.00720474
0.997682, -0.0116181, 0.0670532
-0.0123441, -0.999869, 0.0104235
0.0669233, -0.011227, -0.997695

249
0.0406568, 0.0352103, -0.0256957
-0.345647, -0.0488561, -0.937092
-0.0514908, 0.998127, -0.0330457
0.936951, 0.0368295, -0.347515

250
0.00312612, -0.00397892, -0.000438991
-0.659546, -0.751572, -0.0117862
0.619061, -0.534233, -0.575637
0.426336, -0.386956, 0.81762

251
-0.00601545, -0.00358998, -0.026473
-0.62973, 0.769086, -0.109302
-0.0222601, -0.158513, -0.987106
-0.776495, -0.619177, 0.116941

252
0.0134295, 0.00148001, 0.0284127
0.0963061, 0.995084, 0.0230652
-0.0765421, -0.0157003, 0.996943
0.992404, -0.0977772, 0.0746538

253
-0.0084804, -0.0700339, 0.0240714
0.997682, -0.0116181, 0.0670532
-0.066553, -0.372261, 0.925739
0.014206, -0.928055, -0.372171

254
0.00581919, -0.00728801, 0.00531209
-0.0106793, 0.999401, -0.032905
-0.932967, -0.0217993, -0.3593
-0.359802, 0.0268622, 0.932642

255
0.00366931, -0.00631607, -0.00391377
-0.928687, 0.22838, 0.292203
0.29648, 0.930524, 0.215001
-0.2228, 0.286301, -0.931875

256
0.00472252, -0.0104697, 0.0037626
0.171296, 0.974183, -0.147054
-0.90826, 0.0983131, -0.406693
-0.381736, 0.203228, 0.901652

257
0.00167513, 0.00640776, 0.00706002
-0.999296, 0.0366467, -0.00804814
-0.0298866, -0.907144, -0.419758
-0.0226836, -0.419222, 0.9076

258
-0.00614606, 0.0295105, 0.00553089
-0.999571, -0.0292584, -0.00136947
0.0292768, -0.996589, -0.0771603
0.000892788, -0.0771673, 0.997018

259
0.00794638, -0.0022077, -0.00275025
0.000810495, -0.999938, 0.0111027
0.711445, -0.00722574, -0.702705
0.702741, 0.0084685, 0.711395

260
-0.0201527, -0.0337547, -0.00778932
-0.0100803, 0.0143673, -0.999846
-0.0376746, -0.999192, -0.013978
-0.999239, 0.0375279, 0.0106134

261
-0.0231137, -0.0238773, 0.0085415
-0.0203076, 0.0180847, -0.99963
0.964979, 0.261905, -0.0148654
0.261539, -0.964924, -0.02277

262
0.0195381, -0.030448, -0.00189213
-0.00688577, -0.0164717, 0.999841
0.103786, -0.994476, -0.0156686
0.994576, 0.103662, 0.00855727

263
-0.0217144, -0.00721542, 0.0723344
-0.121813, 0.991038, -0.0548269
-0.949387, -0.100224, 0.297689
0.289526, 0.0883142, 0.953087

264
0.0191964, -0.00352137, 0.0504338
0.0151389, 0.999717, 0.0183558
-0.155359, -0.0157831, 0.987732
0.987742, -0.0178049, 0.155076

265
0.0177386, -0.0498711, -0.00222451
-0.00688577, -0.0164717, 0.999841
-0.284722, -0.958446, -0.0177506
0.958586, -0.284798, 0.00190978

266
-0.0274984, -0.00207625, 0.011676
0.000810495, -0.999938, 0.0111027
0.999981, 0.000878759, 0.00614487
-0.00615424, 0.0110975, 0.999919

267
-0.00719422, 0.0658753, -0.00634207
-0.999571, -0.0292584, -0.00136947
0.0213331, -0.75926, 0.650437
-0.0200705, 0.650129, 0.759559

268
0.0188846, -0.00237819, -0.0189035
0.000810495, -0.999938, 0.0111027
0.388362, -0.00991647, -0.921454
0.921507, 0.0050587, 0.38833

269
-0.00558927, 0.0107353, 0.000259822
-0.999571, -0.0292584, -0.00136947
0.0267066, -0.891197, -0.452829
0.0120286, -0.452671, 0.891596

270
-0.0278614, 0.0613949, -0.00311659
0.0332215, 0.0999016, -0.994443
-0.985467, 0.169118, -0.015932
0.166587, 0.98052, 0.104068

271
0.0212349, -0.0016584, -0.00730872
-0.00943062, -0.999765, -0.0195346
-0.999919, 0.00959477, -0.00832661
0.00851208, 0.0194545, -0.999775

272
-0.0305422, -0.0401755, 0.00301349
0.831523, -0.555334, -0.0131518
0.497539, 0.734037, 0.462216
-0.247031, -0.390887, 0.88667

273
-0.00303256, -0.000946357, 0.0101392
0.218776, -0.191606, -0.956778
-0.662028, -0.749478, -0.00128687
-0.716837, 0.633695, -0.290817

274
0.028756, -0.00061811, -0.0194382
-0.345647, -0.0488561, -0.937092
0.626115, 0.731824, -0.269097
0.698934, -0.67974, -0.222363

275
0.0225598, 0.00221317, -0.00670212
0.0126866, -0.999597, 0.0253849
-0.987832, -0.0164647, -0.154654
0.15501, -0.023114, -0.987643

276
-0.00978643, -0.0351731, -0.0132601
-0.994844, 0.0898344, -0.0470709
0.0892954, 0.995915, 0.0134339
0.0480854, 0.00916142, -0.998801

277
-0.0230873, -0.00130353, 0.0217125
0.814105, 0.034925, 0.579667
-0.422946, 0.71966, 0.550642
-0.397932, -0.693448, 0.60065

278
-0.0201422, -0.0334485, -0.0110341
-0.00404354, 0.0383685, -0.999255
-0.043839, -0.99831, -0.0381548
-0.99903, 0.0436521, 0.00571874

279
-0.00344658, -0.0215531, -0.0185213
-0.968926, -0.244195, 0.0393817
0.0775398, -0.451055, -0.889121
0.234882, -0.858439, 0.455974

280
0.00864203, -0.0134743, -0.0748968
0.396235, 0.91813, -0.00588676
0.780625, -0.340253, -0.524264
-0.483345, 0.203136, -0.851536

281
-0.00538208, 0.0621666, -0.0369009
0.999739, -0.0146799, -0.017511
-0.0161428, 0.0886429, -0.995933
0.0161724, 0.995955, 0.0883828

282
-0.00115561, -0.0252105, -0.00448089
-0.928687, 0.22838, 0.292203
0.18865, 0.969254, -0.157978
-0.319298, -0.0915882, -0.943218

283
0.0235542, -0.0131244, 0.00811262
0.171296, 0.974183, -0.147054
-0.985206, 0.168601, -0.0306877
-0.00510186, 0.150135, 0.988652

284
0.0199318, -0.00051022, -0.00424889
0.0560416, -0.998124, -0.0246619
-0.937863, -0.0441539, -0.344185
0.34245, 0.0424181, -0.938578

285
-0.0163009, 0.0352945, 0.0136845
-0.169167, -0.0941031, 0.981085
0.0816019, 0.990676, 0.109094
-0.982203, 0.0985134, -0.159911

286
0.000589553, 0.0157114, -0.00252935
-0.9968, 0.0775488, 0.0194061
0.0784021, 0.900991, 0.426696
0.015605, 0.426851, -0.904187

287
-0.0101233, 0.00506293, 0.0003588
-0.942174, -0.33154, 0.0488852
0.251622, -0.796194, -0.550238
0.221348, -0.506119, 0.833576

288
0.00872046, -0.010293, -0.0219991
-0.516952, -0.19375, -0.833799
0.709974, 0.44712, -0.544078
0.478223, -0.873238, -0.0935822

289
0.00511123, -0.0206406, -0.00717068
0.959346, 0.185776, -0.212469
0.123123, -0.952879, -0.277241
-0.253962, 0.23981, -0.937014

290
0.0386155, 0.0187229, 0.000431707
-0.00505252, 0.000461114, -0.999987
0.292917, 0.956137, -0.0010391
0.956124, -0.292919, -0.00496597

291
0.00330394, -0.016027, 0.00399461
-0.374167, 0.855676, 0.357515
-0.485869, -0.509253, 0.710347
0.789893, 0.0920831, 0.606292

292
-0.020106, -0.0334162, 0.0098781
0.0564522, -0.027298, -0.998032
0.0141417, -0.999504, 0.0281382
-0.998305, -0.0157023, -0.0560382

293
-0.00864597, 0.000264908, 0.00511364
-0.00263143, -0.999996, -0.00118804
0.928671, -0.0020031, -0.370899
0.370895, -0.00207929, 0.928673

294
-0.00497401, 0.0123553, 0.000799819
-0.995908, 0.0730643, -0.0531917
0.0324898, 0.838662, 0.543682
0.0843336, 0.539729, -0.837604

295
-0.0252181, -0.00181566, 0.0231655
-0.00943062, -0.999765, -0.0195346
-0.390517, -0.0143018, 0.920485
-0.920548, 0.0163093, -0.39029

296
-0.0114885, -0.0551273, 0.019056
0.218776, -0.191606, -0.956778
0.408924, -0.872271, 0.268187
-0.885956, -0.449923, -0.11248

297
0.0184017, -0.0221549, 0.015826
-0.919943, -0.374458, 0.116132
0.391874, -0.887208, 0.243511
