0
-0.0190422, 0.0119717, 0.00430862
-0.999311, -0.00298559, 0.0370055
0.0286247, -0.69671, 0.716782
0.0236421, 0.717347, 0.696315

1
-0.0581656, 0.00794223, -0.0162056
0.86701, 0.00479356, 0.498268
0.351178, -0.715287, -0.604185
0.353508, 0.698814, -0.621844

2
0.0465436, 0.00448154, -0.0125083
0.999836, 0.00357366, 0.0177488
0.00953144, -0.937374, -0.348195
0.0153929, 0.348307, -0.937254

3
-0.0190422, 0.0119717, 0.00430862
-0.999311, -0.00298559, 0.0370055
0.0286247, -0.69671, 0.716782
0.0236421, 0.717347, 0.696315

4
0.0258891, 0.011872, 0.00441273
-0.999675, 0.00349557, 0.0252484
0.0155338, -0.701802, 0.712202
0.0202089, 0.712363, 0.70152

5
0.0256106, 0.00576039, 0.00753038
0.99998, -0.00375327, -0.005133
-0.00097284, 0.707421, -0.706792
0.00628397, 0.706783, 0.707403

6
-0.0285437, -0.0119414, -0.00505388
0.999863, 0.00480856, -0.015858
0.016509, -0.371782, 0.928173
-0.00143255, -0.928308, -0.37181

7
0.0046649, 0.00933013, 0.00577154
-0.999717, 0.0057382, 0.0231022
0.0124441, -0.701354, 0.712704
0.0202925, 0.71279, 0.701084

8
-0.0284523, 0.00597079, 0.0103174
0.999952, 0.00420641, -0.00882925
-0.00926408, 0.696749, -0.717255
0.0031347, 0.717303, 0.696755

9
-0.00750181, 0.0117669, 0.00540304
-0.999473, 0.000982503, -0.0324376
-0.0235993, -0.70812, 0.705698
-0.0222763, 0.706092, 0.70777

10
0.00457205, 0.0139152, 0.000614404
-0.999717, 0.0057382, 0.0231022
0.0192624, -0.375194, 0.926746
0.0139857, 0.926929, 0.374977

11
-0.00434456, 0.0115256, -0.000984108
-0.9997, 0.00238543, 0.0243662
0.0216848, -0.375736, 0.926473
0.0113653, 0.926724, 0.375571

12
-0.00413907, 0.0118726, 0.00741289
-0.9997, 0.00238543, 0.0243662
0.0156849, -0.701776, 0.712225
0.0187986, 0.712393, 0.701528

13
-0.0253699, 0.00592884, 0.0103599
0.99989, 0.00384411, -0.01432
-0.0129283, 0.698904, -0.715098
0.00725939, 0.715205, 0.698877

14
-0.0193517, 0.0115652, -0.00408252
-0.999311, -0.00298559, 0.0370055
0.0354932, -0.369159, 0.928688
0.0108883, 0.929361, 0.369011

15
-0.00444201, -0.0119995, -0.013907
0.999925, -0.000856708, 0.012207
-0.0116796, -0.364481, 0.931137
0.00365152, -0.93121, -0.364464

16
0.0135903, 0.00565824, 0.00763188
0.999983, -0.00533495, -0.00214084
0.00229886, 0.712477, -0.701692
0.00526879, 0.701675, 0.712478

17
-0.0193517, 0.0115652, -0.00408252
-0.999311, -0.00298559, 0.0370055
0.0354932, -0.369159, 0.928688
0.0108883, 0.929361, 0.369011

18
0.0464966, 0.00915969, -0.010804
0.999836, 0.00357366, 0.0177488
0.0146965, -0.732729, -0.680362
0.0105737, 0.680511, -0.732662

19
0.0256758, 0.0115253, -0.00398409
-0.999675, 0.00349557, 0.0252484
0.022085, -0.375771, 0.926449
0.0127261, 0.926706, 0.375572

20
-0.028434, 0.0101866, 0.000828777
-0.999756, -0.00432829, 0.0216662
0.0217198, -0.372319, 0.92785
0.00405074, 0.928095, 0.372323

21
0.0256106, 0.00576039, 0.00753038
0.99998, -0.00375327, -0.005133
-0.00097284, 0.707421, -0.706792
0.00628397, 0.706783, 0.707403

22
0.0135872, 0.0101389, 0.00994648
0.999986, -0.00512009, -0.000989882
0.00102012, 0.378208, -0.92572
0.00511415, 0.925707, 0.378208

23
0.00143666, 0.00173329, 0.0124155
0.999926, -0.00442213, 0.0113363
0.0111686, 0.703324, -0.710781
-0.00482992, 0.710855, 0.703322

24
-0.0253154, -0.0120584, -0.0107521
0.999895, 0.00558226, 0.0133572
-0.0104864, -0.356819, 0.934115
0.00998056, -0.934157, -0.356723

25
-0.00749762, 0.00876674, 0.00532364
-0.999375, 0.00108479, -0.0353244
-0.0258459, -0.704137, 0.709594
-0.0241034, 0.710063, 0.703725

26
-0.0129051, -0.00219508, 0.0103722
-0.999534, -0.00107212, 0.0305091
0.00134643, -0.999959, 0.00897207
0.0304982, 0.00900897, 0.999494

27
0.0287557, 0.0129254, 0.0061799
-0.999562, 0.00332465, 0.029395
0.0187263, -0.698116, 0.715739
0.0229007, 0.715977, 0.697749

28
0.0253836, -0.0103035, -0.0121848
0.999932, -0.00273855, -0.0113554
0.00952771, -0.371192, 0.928507
-0.0067578, -0.928552, -0.371141

29
-0.0135604, 0.00173767, 0.0124111
0.999983, 0.000630281, 0.00580943
0.0036892, 0.702895, -0.711284
-0.00453173, 0.711293, 0.702881

30
-0.0433896, -0.0103601, -0.0120405
0.999961, 0.00674132, 0.00574444
-0.00291856, -0.361556, 0.932346
0.00836218, -0.932326, -0.361522

31
0.0163255, -0.0065022, -0.0166306
0.999826, -0.00457938, -0.0180777
0.0096724, -0.70146, 0.712643
-0.0159443, -0.712694, -0.701294

32
0.0138668, 0.00161209, 0.0116198
0.999854, -0.00511011, -0.0162944
-0.00784941, 0.709878, -0.704281
0.015166, 0.704306, 0.709734

33
0.0507369, 0.0116495, 0.0119612
0.703526, 0.0418628, 0.709436
0.660941, 0.328315, -0.674808
-0.261168, 0.94364, 0.203309

34
-0.00736968, 0.0122949, 0.0018126
-0.999375, 0.00108479, -0.0353244
-0.0331025, -0.378808, 0.924883
-0.0123778, 0.925475, 0.378607

35
0.0137188, -0.0107142, -0.011774
0.99983, -0.00493452, 0.0177537
-0.0182466, -0.399526, 0.91654
0.00257037, -0.916709, -0.399548

36
-0.0660314, 0.0114279, -0.00789543
-0.992646, 0.0118468, -0.120468
-0.120229, 0.0191727, 0.992561
0.0140684, 0.999746, -0.0176074

37
-0.0135567, 0.00851677, 0.01104
0.999983, 0.000630281, 0.00580943
0.00514259, 0.377191, -0.926121
-0.00277498, 0.926135, 0.377181

38
0.0194698, 0.00114032, 0.0119377
0.99996, -0.00385665, 0.00807293
0.00841855, 0.711064, -0.703077
-0.00302885, 0.703117, 0.711068

39
0.01355, 0.00228235, 0.0129375
0.999986, -0.00512009, -0.000989882
0.00289957, 0.703671, -0.71052
0.00433448, 0.710508, 0.703676

40
0.0163747, -0.00864406, -0.0133696
0.999826, -0.00457938, -0.0180777
0.0150377, -0.375329, 0.92677
-0.0110291, -0.92688, -0.375195

41
-0.0164833, -0.0135173, 0.00536022
0.999948, 0.00225661, -0.00992231
0.00543383, 0.706015, 0.708176
0.00860337, -0.708194, 0.705966

42
0.0344027, 0.0138901, -0.00267845
-0.998099, 0.00201232, 0.0615978
0.0566716, -0.36283, 0.93013
0.0242213, 0.931853, 0.362026

43
-0.00745175, -0.0119392, -0.0110593
0.99997, 0.000281323, 0.00780356
-0.00713855, -0.372095, 0.928167
0.00316478, -0.928195, -0.372081

44
-0.0492233, -0.0119705, -0.0109752
0.999884, 0.0119354, 0.00948301
-0.00442615, -0.367973, 0.929826
0.0145874, -0.92976, -0.367877

45
-0.028462, -0.00872577, -0.0131624
0.999986, 0.0051811, 0.00129661
0.000624159, -0.354475, 0.935065
0.00530428, -0.935051, -0.354473

46
0.0164406, -0.00937484, -0.00953743
0.999826, -0.00457938, -0.0180777
0.0181137, 0.00794303, 0.999804
-0.0044349, -0.999958, 0.0080246

47
-0.0284591, 0.0129155, 0.000216006
-0.999756, -0.00432829, 0.0216662
0.0185163, -0.699145, 0.71474
0.0120542, 0.714967, 0.699054

48
-0.0344052, -0.0111269, -0.0114217
0.999985, 0.00495441, 0.00218773
-0.00015774, -0.377129, 0.926161
0.00541363, -0.926148, -0.377122

49
-0.00459886, -0.00867046, -0.0133045
0.999846, -0.00210924, -0.0174122
0.0154074, -0.368767, 0.929394
-0.00838138, -0.929519, -0.368678

50
-0.060999, -0.0156587, 0.00116608
-0.999561, -0.0215172, 0.0203489
-0.0269225, 0.37393, -0.927066
0.0123388, -0.927207, -0.374345

51
-0.0286579, -0.0111747, -0.0113794
0.999907, 0.00479044, -0.0127495
0.0136157, -0.374493, 0.92713
-0.00033326, -0.927217, -0.374524

52
0.0135988, 0.00614583, 0.010386
0.999983, -0.00533495, -0.00214084
0.000107594, 0.389723, -0.920932
0.00574746, 0.920916, 0.389718

53
0.0314498, 0.00475788, 0.0123907
0.999978, -0.0014166, 0.0064554
0.00559754, 0.700843, -0.713294
-0.00351377, 0.713314, 0.700836

54
0.00751584, 0.00172071, 0.0154283
0.999983, -0.0056748, 0.0013323
0.00494387, 0.704585, -0.709602
0.00308813, 0.709597, 0.704601

55
0.0461404, 0.00688915, 0.00971876
0.999836, 0.00357366, 0.0177488
0.0153929, 0.348307, -0.937254
-0.00953144, 0.937374, 0.348195

56
-0.0492369, -0.0157004, -0.00484667
0.999884, 0.0119354, 0.00948301
-0.0134446, 0.397244, 0.917615
0.00718507, -0.917636, 0.397358

57
0.00148213, 0.00851317, 0.011049
0.999926, -0.00442213, 0.0113363
0.0121668, 0.377754, -0.925826
-0.000188208, 0.925895, 0.37778

58
0.0104304, -0.0132224, -0.00791767
0.999983, -0.00462727, 0.0036154
-0.00368464, -0.015043, 0.99988
-0.00457233, -0.999876, -0.0150598

59
-0.037446, -0.0120512, -0.0107735
0.999986, 0.00463852, -0.00245216
0.00394945, -0.35778, 0.933798
0.00345411, -0.933795, -0.357793

60
-0.0734473, 0.0123434, 0.00270587
-0.999251, 0.0107892, -0.0371652
-0.0341311, -0.698352, 0.714941
-0.0182408, 0.715674, 0.698197

61
0.0256267, 0.00626777, 0.0102809
0.99998, -0.00375327, -0.005133
-0.00330356, 0.383098, -0.923702
0.00543334, 0.9237, 0.383078

62
-0.0102463, 0.00932743, 0.0102275
0.999877, -0.00030981, -0.0156807
-0.0143879, 0.379837, -0.924941
0.00624268, 0.925053, 0.379786

63
0.0259729, -0.00920245, 0.00548823
-0.999396, 0.00350626, 0.0345659
-0.0331374, -0.395178, -0.918007
0.0104409, -0.918598, 0.395056

64
-0.0254799, 0.0101892, 0.00382276
0.99989, 0.00384411, -0.01432
-0.0147222, 0.372006, -0.928113
0.00175936, 0.928222, 0.372022

65
0.0254073, 0.00113375, -0.0131787
-0.999675, 0.00349557, 0.0252484
0.0202089, 0.712363, 0.70152
-0.0155338, 0.701802, -0.712202

66
-0.0548999, -0.0148642, -0.0052191
-0.998698, -0.0129437, -0.0493335
0.0406866, 0.381094, -0.923641
0.030756, -0.924446, -0.380071

67
-0.037421, -0.0133679, -0.00308185
0.999986, 0.00463852, -0.00245216
0.00232698, 0.0268025, 0.999638
0.00470257, -0.99963, 0.0267913

68
-0.065278, 0.0059479, -0.0146424
-0.992646, 0.0118468, -0.120468
-0.105693, 0.4003, 0.910269
0.0590072, 0.916308, -0.396104

69
-0.00465144, -0.00655169, -0.0165805
0.999846, -0.00210924, -0.0174122
0.0110272, -0.696408, 0.717561
-0.0136395, -0.717643, -0.696278

70
0.0103888, -0.0156531, 0.000461488
0.999983, -0.00462727, 0.0036154
-0.00165441, 0.368738, 0.929532
-0.00563433, -0.929522, 0.368724

71
-0.022685, -0.0148733, -0.00221985
-0.999455, -0.00427335, 0.0327481
-0.0319131, 0.38018, -0.924362
-0.00850003, -0.924903, -0.380109

72
-0.00732726, 0.0106981, -7.64274e-06
-0.999473, 0.000982503, -0.0324376
-0.0303277, -0.384007, 0.922832
-0.0115496, 0.923329, 0.383835

73
-0.0166412, -0.0093835, -0.00961165
0.999948, 0.00225661, -0.00992231
0.0100279, -0.384106, 0.923235
-0.00172784, -0.923286, -0.384108

74
-0.00459915, -0.00135782, -0.0142071
0.999846, -0.00210924, -0.0174122
0.00496814, -0.918027, 0.396486
-0.0168212, -0.396512, -0.917876

75
0.0194703, -0.0137823, -0.00871842
0.999992, -0.00348203, 0.00207829
-0.00328698, -0.395881, 0.918296
-0.00237478, -0.918295, -0.39589

76
0.0349354, 0.0129843, 0.00598274
-0.998099, 0.00201232, 0.0615978
0.0430887, -0.691816, 0.720787
0.0440648, 0.722071, 0.690414

77
0.0194892, 0.00684181, 0.0122612
0.99996, -0.00385665, 0.00807293
0.00893682, 0.387866, -0.921672
0.000423345, 0.921708, 0.387885

78
-0.0135397, -0.0112722, -0.00477054
0.999987, 0.00165597, -0.00486025
0.00487694, -0.0102258, 0.999936
0.00160616, -0.999946, -0.0102338

79
-0.0285732, -0.0134913, -0.00738197
0.999863, 0.00480856, -0.015858
0.0158005, 0.011766, 0.999806
0.00499421, -0.999919, 0.0116884

80
-0.0494902, -0.0131399, 0.00383985
-0.99975, -0.0114331, -0.0192296
0.0194874, -0.0228852, -0.999548
0.0109879, -0.999673, 0.0231022

81
0.0105333, -0.0124069, -0.00112452
-0.999768, 0.00510471, 0.0209112
-0.0174453, 0.376936, -0.926075
-0.0126095, -0.926225, -0.37676

82
-0.0252504, -0.00790526, -0.0173585
0.999895, 0.00558226, 0.0133572
-0.00586876, -0.687144, 0.726498
0.0132338, -0.7265, -0.687039

83
0.070604, 0.00460208, -0.0102799
0.711081, 0.0381144, 0.702077
-0.011901, -0.997734, 0.0662187
0.70301, -0.0554423, -0.709016

84
0.0195409, -0.00921931, -0.00972038
0.999976, -0.00350773, 0.00598927
-0.006887, -0.394153, 0.919019
-0.000862982, -0.919038, -0.394167

85
-0.0285732, -0.0134913, -0.00738197
0.999863, 0.00480856, -0.015858
0.0158005, 0.011766, 0.999806
0.00499421, -0.999919, 0.0116884

86
-0.0284636, -0.00937052, -0.00931424
0.999986, 0.0051811, 0.00129661
-0.00145321, 0.0303368, 0.999539
0.00513938, -0.999526, 0.0303439

87
-0.0374814, -0.00789121, -0.0173758
0.999986, 0.00463852, -0.00245216
0.00497064, -0.687893, 0.725795
0.00167979, -0.725797, -0.687907

88
0.0195887, -0.00618166, -0.015917
0.999976, -0.00350773, 0.00598927
-0.00669301, -0.71585, 0.698222
0.00183825, -0.698245, -0.715856

89
-0.0499351, 0.009688, 0.00294486
-0.965591, 0.000286719, 0.260064
0.26006, 0.00635601, 0.965571
-0.00137612, 0.99998, -0.00621188

90
-0.0492794, -0.0133713, -0.00329858
0.999884, 0.0119354, 0.00948301
-0.00967158, 0.0158412, 0.999828
0.0117832, -0.999803, 0.0159548

91
0.0285496, -0.0108683, -0.0116455
0.999986, -0.00154868, 0.00511494
-0.00531311, -0.391258, 0.920266
0.000576065, -0.92028, -0.39126

92
-0.0623733, -0.00552728, 0.0151757
-0.937651, -0.00661977, 0.347516
-0.121448, -0.93056, -0.345412
0.325671, -0.366081, 0.871736

93
-0.0284764, -0.00959211, -0.00947077
0.999989, 0.00473193, -0.000655699
0.00236516, -0.371154, 0.928568
0.00415055, -0.928559, -0.371161

94
0.0256326, -0.0123662, -0.00403075
-0.999396, 0.00350626, 0.0345659
-0.0308145, 0.370114, -0.928475
-0.0160488, -0.92898, -0.369782

95
0.013613, 0.0115475, 0.00353455
0.999983, -0.00533495, -0.00214084
-0.00210005, 0.00763808, -0.999969
0.00535114, 0.999957, 0.00762675

96
0.0314739, 0.00689691, 0.00912755
0.999978, -0.0014166, 0.0064554
0.00651611, 0.374521, -0.927196
-0.00110422, 0.927217, 0.374522

97
0.0194548, 0.000562495, 0.0103818
0.999976, -0.00350773, 0.00598927
0.00343283, 0.999916, 0.0124696
-0.00603251, -0.0124488, 0.999904

98
0.0377658, -0.00156139, 0.0152207
-0.994066, -0.00176944, -0.108765
-0.00178283, -0.999468, 0.0325541
-0.108765, 0.0325548, 0.993534

99
-0.0609598, -0.0117761, 0.00719898
-0.999561, -0.0215172, 0.0203489
-0.0103122, -0.391226, -0.920237
0.0277619, -0.920043, 0.390833

100
-0.0315114, -0.00672483, -0.015736
0.999987, 0.00495344, -0.00154996
0.00456653, -0.69773, 0.716346
0.00246692, -0.716343, -0.697743

101
-0.0690207, -0.0076318, 0.0105439
-0.997219, -0.0172502, 0.0725037
-0.0593916, -0.403755, -0.912937
0.0450221, -0.914704, 0.401608

102
-0.0314874, -0.00960278, -0.00946345
0.999987, 0.00495344, -0.00154996
0.00327488, -0.370486, 0.928832
0.00402667, -0.928825, -0.370497

103
-0.0314874, -0.00960278, -0.00946345
0.999987, 0.00495344, -0.00154996
0.00327488, -0.370486, 0.928832
0.00402667, -0.928825, -0.370497

104
-0.01344, -0.0139033, -0.00861566
0.999994, 0.00119283, 0.00339599
-0.00266355, -0.389365, 0.92108
0.00242097, -0.921083, -0.38936

105
-0.0075112, -0.013374, -0.00338895
0.99997, 0.000281323, 0.00780356
-0.00780626, 0.0114343, 0.999904
0.000192068, -0.999935, 0.0114361

106
-0.0167098, -0.00641362, -0.0158409
0.999948, 0.00225661, -0.00992231
0.00860337, -0.708194, 0.705966
-0.00543383, -0.706015, -0.708176

107
-0.0315114, -0.00672483, -0.015736
0.999987, 0.00495344, -0.00154996
0.00456653, -0.69773, 0.716346
0.00246692, -0.716343, -0.697743

108
-0.0694167, -0.0131372, 0.00378707
-0.997219, -0.0172502, 0.0725037
-0.0720999, -0.0229788, -0.997133
0.0188668, -0.999587, 0.0216711

109
0.0225193, -0.0138308, -0.00867747
0.999986, -0.00292649, 0.00449165
-0.00528064, -0.393277, 0.919405
-0.000924169, -0.919415, -0.393287

110
-0.0373055, -0.0077418, -0.0145302
0.999938, 0.00493258, 0.0099643
-0.00372639, -0.695688, 0.718334
0.0104753, -0.718327, -0.695627

111
0.0354163, 0.00194333, 0.0141356
-0.998099, 0.00201232, 0.0615978
-0.000690245, -0.999769, 0.0214768
0.0616268, 0.0213934, 0.99787

112
0.0223479, -0.00651836, -0.0166146
0.999869, -0.00372349, -0.0157815
0.00866754, -0.69982, 0.714267
-0.0137037, -0.71431, -0.699695

113
-0.0132697, -0.00634056, -0.0158644
0.999937, 0.00118765, 0.0111564
-0.00700543, -0.71062, 0.703541
0.00876349, -0.703575, -0.710567

114
-0.0284942, -0.00670965, -0.0157413
0.999989, 0.00473193, -0.000655699
0.00377347, -0.698246, 0.715848
0.0029295, -0.715842, -0.698256

115
-0.0133356, -0.00933186, -0.00964544
0.999937, 0.00118765, 0.0111564
-0.00982581, -0.387281, 0.921909
0.00541555, -0.921961, -0.387245

116
-0.0284684, -0.00665749, -0.0164709
0.999986, 0.0051811, 0.00129661
0.00260651, -0.68532, 0.728237
0.00466166, -0.728223, -0.685324

117
-0.0623374, -0.0106536, 0.00979334
-0.955659, -0.0082149, 0.294361
-0.26628, -0.402731, -0.87573
0.125742, -0.915282, 0.382686

118
-0.0166975, -0.0148033, -0.00238773
-0.99954, -0.00283283, 0.0301874
-0.0289153, 0.3886, -0.920953
-0.00912191, -0.921402, -0.388503

119
-0.0651858, -0.0010778, -0.0160926
-0.992646, 0.0118468, -0.120468
-0.0330122, 0.930982, 0.36357
0.116461, 0.364873, -0.923745

120
-0.0643597, -0.0111531, 0.00321391
-0.955659, -0.0082149, 0.294361
-0.29413, -0.0218116, -0.955516
0.01427, -0.999728, 0.0184282

121
-0.0313147, -0.0134801, -0.00740314
0.999934, 0.00492719, 0.01035
-0.0104018, 0.010621, 0.999889
0.00481672, -0.999931, 0.0106716

122
-0.0430409, -0.0132522, -0.000292578
-0.997673, -0.00632491, -0.0678821
0.0604071, 0.379592, -0.92318
0.0316066, -0.925132, -0.378327

123
-0.0493889, -0.0109744, -0.00271215
-0.99975, -0.0114331, -0.0192296
0.0137991, 0.361415, -0.932303
0.017609, -0.932335, -0.361167

124
-0.025282, -0.000509178, 0.014769
0.99989, 0.00384411, -0.01432
-0.00916614, 0.9194, -0.393216
0.0116542, 0.393304, 0.919335

125
0.00748976, -0.00344552, 0.0129949
0.999983, -0.0056748, 0.0013323
0.00574931, 0.922503, -0.385948
0.000961123, 0.385949, 0.92252

126
0.0256267, 0.00626777, 0.0102809
0.99998, -0.00375327, -0.005133
-0.00330356, 0.383098, -0.923702
0.00543334, 0.9237, 0.383078

127
-0.03735, -0.0119728, -0.00797329
0.999938, 0.00493258, 0.0099643
-0.00745145, -0.36784, 0.929859
0.00825187, -0.929876, -0.367781

128
-0.040399, 0.0115836, -0.00112803
-0.999501, -0.00401573, 0.0313419
0.0306361, -0.366036, 0.930096
0.00773722, 0.930592, 0.365976

129
0.0135284, -0.00256816, 0.0162126
0.999986, -0.00512009, -0.000989882
0.00433758, 0.922007, -0.38715
0.00289492, 0.38714, 0.922016

130
-0.0433824, -0.00722019, -0.0169796
0.999961, 0.00674132, 0.00574444
0.000503676, -0.69082, 0.723026
0.00884253, -0.722995, -0.690796

131
-0.0314802, -0.00950589, -0.00448526
0.999987, 0.00495344, -0.00154996
0.00148465, 0.0131616, 0.999912
0.0049734, -0.999901, 0.013154

132
-0.0553224, -0.011374, 0.00241715
-0.998698, -0.0129437, -0.0493335
0.0493593, -0.00168512, -0.99878
0.0128448, -0.999915, 0.00232182

133
-0.0556204, -0.0102226, 0.00814775
-0.998698, -0.0129437, -0.0493335
0.0505176, -0.384208, -0.921864
-0.00702199, -0.923156, 0.384362

134
0.0635274, -0.0155375, 0.0021964
-0.997462, 0.0352413, -0.0618703
0.0700318, 0.328598, -0.94187
-0.0128623, -0.943812, -0.330232

135
-0.061081, -0.0133698, -0.000439219
-0.999561, -0.0215172, 0.0203489
-0.0201513, -0.00936052, -0.999753
0.0217024, -0.999725, 0.00892282

136
-0.0434159, -0.011371, -0.00627582
0.999961, 0.00674132, 0.00574444
-0.00589646, 0.0227512, 0.999724
0.00660877, -0.999718, 0.0227901

137
-0.00453351, -0.00937411, -0.00946718
0.999846, -0.00210924, -0.0174122
0.017442, 0.0150153, 0.999735
-0.00184723, -0.999885, 0.0150497

138
0.0258007, -0.00923863, 0.000512191
-0.999396, 0.00350626, 0.0345659
-0.0346105, -0.0135646, -0.999309
-0.00303496, -0.999902, 0.0136778

139
0.0135284, -0.00256816, 0.0162126
0.999986, -0.00512009, -0.000989882
0.00433758, 0.922007, -0.38715
0.00289492, 0.38714, 0.922016

140
0.0253366, -0.00711258, -0.0170909
0.999932, -0.00273855, -0.0113554
0.00621636, -0.698278, 0.7158
-0.00988949, -0.715821, -0.698213

141
-0.0434898, -0.0129296, 0.00841401
0.999961, 0.00674132, 0.00574444
-0.00836218, 0.932326, 0.361522
-0.00291856, -0.361556, 0.932346

142
-0.0730031, 0.00510001, -0.0113418
-0.999251, 0.0107892, -0.0371652
-0.0182408, 0.715674, 0.698197
0.0341311, 0.698352, -0.714941

143
0.0224493, -0.00937467, -0.00951464
0.999869, -0.00372349, -0.0157815
0.0158189, 0.010246, 0.999822
-0.00356113, -0.999941, 0.0103036

144
-0.00453696, -0.0133714, -0.00622548
0.999925, -0.000856708, 0.012207
-0.0121879, 0.0196217, 0.999733
-0.001096, -0.999807, 0.0196098

145
0.0376285, 0.00106563, -0.0132425
-0.999242, 0.000684429, -0.0389244
-0.0262908, 0.725541, 0.687677
0.0287119, 0.688179, -0.724973

146
0.00139759, -0.00149932, 0.0146002
0.999926, -0.00442213, 0.0113363
0.00847015, 0.921819, -0.387527
-0.00873632, 0.387594, 0.921789

147
-0.0016722, -0.0132808, -0.00780315
0.999931, -0.00197494, -0.0115694
0.0115504, -0.00935248, 0.99989
-0.00208292, -0.999954, -0.00932903

148
0.025446, -0.0113741, -0.00643115
0.999932, -0.00273855, -0.0113554
0.0113886, 0.0124049, 0.999858
-0.0025973, -0.999919, 0.0124352

149
0.0194549, -0.000487847, 0.0130123
0.99996, -0.00385665, 0.00807293
0.00661863, 0.926009, -0.377444
-0.00601993, 0.377483, 0.925997

150
-0.0732231, -0.01198, -0.010951
0.999743, 0.0199401, -0.0107887
0.0173474, -0.366416, 0.93029
0.014597, -0.930238, -0.366667

151
-0.0132683, 0.00232096, -0.0169126
0.999937, 0.00118765, 0.0111564
-0.00311853, -0.925774, 0.378065
0.0107773, -0.378076, -0.925712

152
-0.0642787, -0.0113731, 0.0024845
-0.980916, -0.0167771, -0.193708
0.193794, -0.00362934, -0.981036
0.0157559, -0.999853, 0.00681138

153
-0.0285437, -0.0119414, -0.00505388
0.999863, 0.00480856, -0.015858
0.016509, -0.371782, 0.928173
-0.00143255, -0.928308, -0.37181

154
-0.0439522, -0.00642256, 0.0124636
-0.997673, -0.00632491, -0.0678821
0.0523174, -0.709447, -0.702814
-0.0437136, -0.70473, 0.708127

155
0.0258007, -0.00923863, 0.000512191
-0.999396, 0.00350626, 0.0345659
-0.0346105, -0.0135646, -0.999309
-0.00303496, -0.999902, 0.0136778

156
-0.0284736, -0.0094988, -0.0044925
0.999989, 0.00473193, -0.000655699
0.000596778, 0.0124425, 0.999922
0.00473972, -0.999911, 0.0124396

157
-0.0496833, -0.00763464, 0.0106056
-0.99975, -0.0114331, -0.0192296
0.0222089, -0.403701, -0.914621
0.00269397, -0.914819, 0.403854

158
-0.0627407, -0.0148779, -0.00500034
-0.980916, -0.0167771, -0.193708
0.173013, 0.379274, -0.908965
0.0887184, -0.925132, -0.369133

159
0.00141156, -0.0119316, -0.0110781
0.999993, -0.0030196, -0.00232811
0.00103368, -0.373029, 0.927819
-0.0036701, -0.927815, -0.373023

160
-0.0730827, -0.0156995, -0.00481772
0.999743, 0.0199401, -0.0107887
0.00194486, 0.398682, 0.917087
0.0225881, -0.916872, 0.398541

161
0.0545169, 0.00960726, -0.00931777
-0.994852, -0.00458161, 0.101233
0.089028, 0.437665, 0.894719
-0.0484054, 0.899126, -0.435005

162
0.0375201, 0.00780592, -0.00449369
0.99999, -0.00101865, -0.00423929
-0.00429044, -0.402855, -0.915254
-0.000775494, 0.915263, -0.402855

163
-0.0434381, -0.0146735, 0.00145499
0.999961, 0.00674132, 0.00574444
-0.00797669, 0.403595, 0.914903
0.00384923, -0.914913, 0.403633

164
-0.00439739, -0.00418794, -0.0170135
0.999925, -0.000856708, 0.012207
-0.00939312, -0.693096, 0.720784
0.00784314, -0.720845, -0.693052

165
-0.0373927, -0.0157019, -0.00184438
0.999938, 0.00493258, 0.0099643
-0.0111039, 0.397419, 0.91757
0.000565982, -0.917624, 0.39745

166
-0.0314802, -0.00950589, -0.00448526
0.999987, 0.00495344, -0.00154996
0.00148465, 0.0131616, 0.999912
0.0049734, -0.999901, 0.013154

167
0.0135943, -0.0111895, -0.00489024
0.99983, -0.00493452, 0.0177537
-0.0178413, -0.0183042, 0.999673
-0.00460794, -0.99982, -0.0183891

168
-0.0134346, -0.00629248, -0.0128814
0.999994, 0.00119283, 0.00339599
-0.00153433, -0.71221, 0.701965
0.00325598, -0.701966, -0.712203

169
-0.0157452, 0.00158577, 0.013387
-0.999221, -0.00191851, 0.0394102
0.0018403, -0.999996, -0.00202075
0.0394139, -0.00194665, 0.999221

170
0.0708314, -0.00987226, 0.0059177
-0.98801, 0.0460023, 0.147375
-0.152651, -0.433871, -0.887949
0.023094, -0.8998, 0.435691

171
0.0349485, 0.00899235, 0.00428761
-0.999513, 0.00210569, 0.031141
0.020907, -0.695647, 0.718079
0.0231752, 0.718381, 0.695264

172
-0.0344187, -0.0114348, -0.00452731
0.999985, 0.00495441, 0.00218773
-0.00221744, 0.00599998, 0.99998
0.00494118, -0.99997, 0.00601088

173
0.0482014, 0.0091082, -0.00146046
0.904307, -0.0222559, -0.426301
-0.426881, -0.0494468, -0.902955
-0.000983134, 0.998529, -0.0542157

174
0.0537416, 0.0080283, -0.0202324
0.79086, -0.0526016, -0.609732
-0.251099, -0.936468, -0.244901
-0.558113, 0.346786, -0.753824

175
0.0193848, -0.0117279, -0.00556573
0.999977, -0.00280949, -0.0061136
0.00449352, -0.397424, 0.917624
-0.00500775, -0.917631, -0.397403

176
-0.0313464, -0.0119329, -0.00507331
0.999934, 0.00492719, 0.01035
-0.00776678, -0.372845, 0.927861
0.00843068, -0.927881, -0.372782

177
0.0225606, -0.00620196, -0.0129106
0.999986, -0.00292649, 0.00449165
-0.00523234, -0.715186, 0.698915
0.00116699, -0.698928, -0.715191

178
0.01096, 0.00234827, 0.0156714
-0.999768, 0.00510471, 0.0209112
-0.0126095, -0.926225, -0.37676
0.0174453, -0.376936, 0.926075

179
-0.0437187, -0.00860106, 0.00923502
-0.997673, -0.00632491, -0.0678821
0.0650635, -0.385755, -0.920304
-0.020365, -0.92258, 0.385269

180
0.0104287, -0.0117354, -0.00554869
0.999983, -0.00462727, 0.0036154
-0.00515392, -0.396534, 0.918006
-0.00281423, -0.918008, -0.396551

181
-0.0374138, -0.0157139, -0.00460466
0.999986, 0.00463852, -0.00245216
0.000350257, 0.407304, 0.913293
0.00523511, -0.913281, 0.407297

182
-0.0731126, -0.0133682, -0.00327268
0.999743, 0.0199401, -0.0107887
0.0104409, 0.0174626, 0.999793
0.0201244, -0.999649, 0.0172499

183
-0.0286064, 0.0116233, -0.00683951
-0.999756, -0.00432829, 0.0216662
0.0216166, 0.0111881, 0.999704
-0.00456941, 0.999928, -0.0110918

184
-0.0285686, -0.0114629, -0.00448474
0.999907, 0.00479044, -0.0127495
0.0127068, 0.00884395, 0.99988
0.00490262, -0.999949, 0.00878226

185
-0.0662337, -0.0139792, -0.00294886
-0.955659, -0.0082149, 0.294361
-0.277202, 0.362428, -0.889834
-0.099375, -0.931975, -0.348635

186
0.0195057, -0.00614157, -0.01293
0.999992, -0.00348203, 0.00207829
-0.00394556, -0.717163, 0.696894
-0.000936138, -0.696897, -0.717171

187
0.025442, -0.013516, -0.00942424
-0.999396, 0.00350626, 0.0345659
-0.0223273, 0.697446, -0.71629
-0.0266194, -0.716629, -0.696946

188
0.0106446, -0.00931286, 0.00344307
-0.999768, 0.00510471, 0.0209112
-0.0209428, -0.00620742, -0.999761
-0.00497368, -0.999968, 0.00631289

189
-0.040627, 0.00690611, 0.012103
0.999832, 0.00498478, 0.0176471
0.0145242, 0.372206, -0.928036
-0.0111944, 0.928137, 0.372071

190
-0.0654091, -0.0102106, 0.00810811
-0.980916, -0.0167771, -0.193708
0.185072, -0.38598, -0.903752
-0.0596052, -0.922355, 0.381719

191
-0.00740193, -0.00767818, -0.0175967
0.99997, 0.000281323, 0.00780356
-0.00538405, -0.698975, 0.715126
0.00565567, -0.715146, -0.698952

192
-0.0574675, -0.0137141, 0.00902614
0.912015, 0.000773544, -0.410156
0.375714, 0.399543, 0.836184
0.164522, -0.916714, 0.364098

193
0.0256085, -0.000729986, 0.011863
0.99998, -0.00375327, -0.005133
0.00150598, 0.924046, -0.382279
0.00617792, 0.382264, 0.924033

194
-0.0682722, -0.00337069, -0.0149795
0.912015, 0.000773544, -0.410156
0.164522, -0.916714, 0.364098
-0.375714, -0.399543, -0.836184

195
0.00436447, 0.0115429, -0.007779
-0.999717, 0.0057382, 0.0231022
0.0231482, 0.00808627, 0.999699
0.00554966, 0.999951, -0.00821681

196
0.040429, -0.00370772, -0.0225438
0.798734, -0.0412613, -0.600268
-0.0100697, -0.998423, 0.0552308
-0.6016, -0.0380702, -0.79789

197
-0.028528, 0.0102114, 0.00376704
0.999952, 0.00420641, -0.00882925
-0.0097585, 0.369212, -0.929294
-0.000649125, 0.929336, 0.369236

198
-0.0283862, -0.000453922, 0.0147463
0.999952, 0.00420641, -0.00882925
-0.0073593, 0.918212, -0.396021
0.0064413, 0.396067, 0.918199

199
-0.0699291, -0.0109726, -0.00274591
-0.997219, -0.0172502, 0.0725037
-0.0738316, 0.361296, -0.929524
-0.0101608, -0.932292, -0.361565

200
-0.0135739, -0.0108525, -0.011659
0.999987, 0.00165597, -0.00486025
0.00512035, -0.39211, 0.919904
-0.00038242, -0.919917, -0.392114

201
-0.0312998, -0.00766663, -0.0116073
0.999934, 0.00492719, 0.01035
-0.00394928, -0.699548, 0.714575
0.0107612, -0.714569, -0.699483

202
0.0256085, -0.000729986, 0.011863
0.99998, -0.00375327, -0.005133
0.00150598, 0.924046, -0.382279
0.00617792, 0.382264, 0.924033

203
0.0226583, -0.0133717, 0.00466766
0.999869, -0.00372349, -0.0157815
0.0137037, 0.71431, 0.699695
0.00866754, -0.69982, 0.714267

204
0.0637113, -0.0133296, 0.000489204
-0.997462, 0.0352413, -0.0618703
0.0597787, -0.0575968, -0.996549
-0.0386832, -0.997718, 0.0553439

205
-0.0401376, 0.0120183, 0.00726333
-0.999501, -0.00401573, 0.0313419
0.0253432, -0.694295, 0.719244
0.0188722, 0.719679, 0.69405

206
0.00142816, -0.00409181, -0.014113
0.999993, -0.0030196, -0.00232811
-0.000449493, -0.699693, 0.714443
-0.0037863, -0.714437, -0.69969

207
-0.0373988, -0.0143911, 0.00401916
0.999986, 0.00463852, -0.00245216
-0.00167979, 0.725797, 0.687907
0.00497064, -0.687893, 0.725795

208
0.0135647, -0.000863058, 0.0119177
0.999983, -0.00533495, -0.00214084
0.00414015, 0.926762, -0.375625
0.00398799, 0.37561, 0.926769

209
0.0195231, 0.00762451, 0.00843883
0.99996, -0.00385665, 0.00807293
0.00809454, 0.00561962, -0.999951
0.00381109, 0.999977, 0.00565061

210
-0.0434542, -0.00937501, 0.0054199
-0.997673, -0.00632491, -0.0678821
0.0679042, -0.0033354, -0.997686
0.00608387, -0.999974, 0.00375713

211
0.0108941, -0.00631442, 0.0146351
-0.999768, 0.00510471, 0.0209112
-0.0183257, -0.711473, -0.702474
0.0112919, -0.702695, 0.711402

212
0.00142505, -0.0133741, -0.00340903
0.999993, -0.0030196, -0.00232811
0.00235948, 0.0104253, 0.999943
-0.00299516, -0.999941, 0.0104324

213
0.0135873, 0.0116242, 0.00228554
0.999986, -0.00512009, -0.000989882
-0.00101463, -0.00483414, -0.999988
0.00511524, 0.999975, -0.00483926

214
-0.0644653, -0.0107211, 0.0094322
-0.937651, -0.00661977, 0.347516
-0.316161, -0.399147, -0.860653
0.144407, -0.916863, 0.372167

215
-0.0133911, -0.00932531, -0.00466661
0.999937, 0.00118765, 0.0111564
-0.0111503, -0.00498183, 0.999925
0.00124314, -0.999987, -0.00496827

216
0.019358, -0.00728911, -0.0119839
0.999977, -0.00280949, -0.0061136
0.00223509, -0.718334, 0.695695
-0.00634615, -0.695692, -0.718312

217
-0.0102233, 0.00233526, 0.011834
0.999877, -0.00030981, -0.0156807
-0.00575951, 0.922697, -0.385483
0.014588, 0.385526, 0.922582

218
-0.00682029, 0.00472621, -0.0158093
-0.999473, 0.000982503, -0.0324376
-0.0222763, 0.706092, 0.70777
0.0235993, 0.70812, -0.705698

219
0.0135209, 0.00155198, -0.0126659
0.999986, -0.00512009, -0.000989882
-0.00511524, -0.999975, 0.00483926
-0.00101463, -0.00483414, -0.999988

220
-0.0164755, -0.0113749, 0.00528488
-0.99954, -0.00283283, 0.0301874
-0.0302051, 0.00641375, -0.999523
0.00263786, -0.999975, -0.00649636

221
-0.0224496, -0.0113751, 0.00542077
-0.999455, -0.00427335, 0.0327481
-0.0327367, -0.00270467, -0.99946
0.00435962, -0.999987, 0.0025633

222
0.0285137, -0.0112816, -0.00475672
0.999986, -0.00154868, 0.00511494
-0.00512912, -0.00929916, 0.999944
-0.00150102, -0.999956, -0.00930697

223
-0.0735442, 0.000644504, -0.017374
0.999743, 0.0199401, -0.0107887
0.0225881, -0.916872, 0.398541
-0.00194486, -0.398682, -0.917087

224
-0.0439522, -0.00642256, 0.0124636
-0.997673, -0.00632491, -0.0678821
0.0523174, -0.709447, -0.702814
-0.0437136, -0.70473, 0.708127

225
-0.013571, -0.00149363, 0.0145981
0.999983, 0.000630281, 0.00580943
0.00167415, 0.921591, -0.38816
-0.00559857, 0.388163, 0.921574

226
-0.0165919, -0.00935982, -0.0046328
0.999948, 0.00225661, -0.00992231
0.0099258, -0.00154082, 0.99995
0.0022412, -0.999996, -0.00156314

227
-0.0511727, 0.00516013, -0.0171656
-0.988074, -0.00130431, 0.153975
0.107229, 0.711821, 0.694127
-0.110508, 0.702359, -0.703192

228
0.0285041, 0.0139072, -0.00248573
-0.999562, 0.00332465, 0.029395
0.0260646, -0.370983, 0.928274
0.0139912, 0.928634, 0.370734

229
-0.0129618, 0.00544456, 0.0087819
-0.999534, -0.00107212, 0.0305091
0.0129151, -0.920394, 0.390779
0.0276614, 0.390991, 0.919979

230
-0.0315076, 0.000690547, 0.0103819
0.999987, 0.00495344, -0.00154996
-0.0049734, 0.999901, -0.013154
0.00148465, 0.0131616, 0.999912

231
-0.0344331, -0.00357339, -0.0157879
0.999985, 0.00495441, 0.00218773
0.00192597, -0.702843, 0.711343
0.00506191, -0.711328, -0.702842

232
0.0104724, -0.0073029, -0.0119711
0.999983, -0.00462727, 0.0036154
-0.00583856, -0.717656, 0.696373
-0.000627693, -0.696382, -0.717671

233
0.0194717, -0.00923087, -0.00176
0.999992, -0.00348203, 0.00207829
-0.00212799, -0.0143304, 0.999895
-0.00345189, -0.999891, -0.0143377

234
-0.0287928, 0.00211191, -0.0173388
-0.999756, -0.00432829, 0.0216662
0.0120542, 0.714967, 0.699054
-0.0185163, 0.699145, -0.71474

235
0.0285832, -0.00324875, -0.0158955
0.999986, -0.00154868, 0.00511494
-0.00468822, -0.713651, 0.700486
0.00256545, -0.7005, -0.713648

236
-0.0493335, -0.0144723, 0.00379063
0.999884, 0.0119354, 0.00948301
-0.0151708, 0.718169, 0.695703
0.00149312, -0.695766, 0.718267

237
-0.0287499, -0.00363358, -0.0157662
0.999907, 0.00479044, -0.0127495
0.0124518, -0.700817, 0.713232
-0.00551841, -0.713325, -0.700812

238
0.0104146, -0.0135169, -0.0065284
-0.999768, 0.00510471, 0.0209112
-0.0112919, 0.702695, -0.711402
-0.0183257, -0.711473, -0.702474

239
0.0375819, 0.00215937, 0.0114351
0.99999, -0.00101865, -0.00423929
-0.00235834, 0.691427, -0.722442
0.00366708, 0.722445, 0.691418

240
-0.0731868, 0.0122646, -0.00432294
-0.999251, 0.0107892, -0.0371652
-0.0385135, -0.371316, 0.927707
-0.00379085, 0.928444, 0.371454

241
0.0463709, 0.00942677, -0.0037761
0.999836, 0.00357366, 0.0177488
0.0176242, -0.416533, -0.90895
0.00414468, 0.909113, -0.416528

242
-0.0492875, -0.0041478, -0.0140532
0.999884, 0.0119354, 0.00948301
0.00149312, -0.695766, 0.718267
0.0151708, -0.718169, -0.695703

243
-0.0434542, -0.00937501, 0.0054199
-0.997673, -0.00632491, -0.0678821
0.0679042, -0.0033354, -0.997686
0.00608387, -0.999974, 0.00375713

244
-0.0165383, -0.0111382, -0.00969611
-0.999748, -0.0025527, 0.0222884
-0.0179192, 0.688623, -0.724899
-0.0134978, -0.725115, -0.688495

245
-0.0430409, -0.0132522, -0.000292578
-0.997673, -0.00632491, -0.0678821
0.0604071, 0.379592, -0.92318
0.0316066, -0.925132, -0.378327

246
0.0135872, 0.0101389, 0.00994648
0.999986, -0.00512009, -0.000989882
0.00102012, 0.378208, -0.92572
0.00511415, 0.925707, 0.378208

247
0.0566033, 0.0106996, 0.00356936
0.711081, 0.0381144, 0.702077
0.70301, -0.0554423, -0.709016
0.011901, 0.997734, -0.0662187

248
-0.0733465, 0.00962274, -0.000795272
-0.999251, 0.0107892, -0.0371652
-0.0370325, 0.0122485, 0.999239
0.0112362, 0.999867, -0.0118398

249
-0.0162304, -0.0131105, 0.00389135
-0.999748, -0.0025527, 0.0222884
-0.0222152, -0.0258044, -0.99942
0.00312636, -0.999664, 0.0257412

250
-0.0165518, 0.0116247, -0.00657726
-0.999221, -0.00191851, 0.0394102
0.0394139, -0.00194665, 0.999221
-0.0018403, 0.999996, 0.00202075

251
0.0663021, -0.0170328, -0.0136834
-0.966761, 0.0424477, 0.252134
-0.072241, 0.900596, -0.428613
-0.245265, -0.43258, -0.867594

252
0.0342759, 0.00158121, -0.0167985
-0.999513, 0.00210569, 0.031141
0.0231752, 0.718381, 0.695264
-0.020907, 0.695647, -0.718079

253
-0.0404797, 0.011417, 0.00248542
0.999832, 0.00498478, 0.0176471
0.0181858, -0.393102, -0.919315
0.00235453, 0.919481, -0.393127

254
-0.0668551, -0.0111936, 0.00297515
-0.937651, -0.00661977, 0.347516
-0.347357, -0.0178951, -0.937562
0.0124253, -0.999818, 0.01448

255
0.0375705, 0.00964246, 0.00694918
0.99999, -0.00101865, -0.00423929
-0.00358216, 0.362328, -0.932044
0.00248544, 0.93205, 0.362321

256
-0.0405629, 0.00762398, 0.00826837
0.999832, 0.00498478, 0.0176471
0.0177026, -0.0113088, -0.999779
-0.00478411, 0.999924, -0.0113951

257
-0.0164101, -0.0156313, -0.00445932
-0.999748, -0.0025527, 0.0222884
-0.0217205, 0.358715, -0.933195
-0.00561299, -0.933444, -0.35868

258
-0.0556185, 0.0100724, -0.0113426
-0.999642, 0.00536743, 0.0262029
0.0262422, 0.386244, 0.922023
-0.00517182, 0.922381, -0.386246

259
-0.031556, 0.00191615, -0.016941
0.999987, 0.00495344, -0.00154996
0.00516298, -0.918751, 0.394803
0.000531598, -0.394805, -0.918765

260
-0.0458957, 0.0115534, -0.00108528
-0.992952, -0.00290422, 0.11848
0.111089, -0.371119, 0.921916
0.0412928, 0.928581, 0.368826

261
0.031458, -0.000421184, 0.00998459
0.999978, -0.0014166, 0.0064554
0.00382679, 0.920468, -0.390799
-0.00538839, 0.390815, 0.920453

262
0.0135334, 0.00762441, 0.0084479
0.999887, -0.00493507, 0.0141914
0.0142233, 0.00648794, -0.999878
0.00484239, 0.999967, 0.0065574

263
0.0487807, 0.00916693, -0.0191231
-0.624333, 0.0593556, 0.7789
0.726554, 0.410371, 0.551103
-0.286927, 0.909985, -0.299333

264
-0.068907, -0.0106394, 0.0113924
-0.997219, -0.0172502, 0.0725037
-0.0376415, -0.723063, -0.689755
0.0643231, -0.690566, 0.720403

265
-0.0476259, 0.00133593, -0.0158368
-0.992952, -0.00290422, 0.11848
0.0412928, 0.928581, 0.368826
-0.111089, 0.371119, -0.921916

266
-0.0284985, -0.00142791, -0.0141769
0.999986, 0.0051811, 0.00129661
0.00419204, -0.911832, 0.410541
0.00330935, -0.41053, -0.911841

267
0.0138308, -0.00305677, -0.015954
0.99983, -0.00493452, 0.0177537
-0.015874, -0.719923, 0.693873
0.00935737, -0.694037, -0.719879

268
-0.0548935, -0.0175986, -0.00463086
-0.998698, -0.0129437, -0.0493335
0.0258197, 0.705855, -0.707886
0.0439849, -0.708238, -0.704602

269
0.0412666, 0.00446185, -0.0168732
-0.994066, -0.00176944, -0.108765
-0.0756479, 0.729751, 0.679516
0.0781692, 0.683711, -0.725554

270
0.00143811, -0.0145135, 0.00367429
0.999993, -0.0030196, -0.00232811
0.0037863, 0.714437, 0.69969
-0.000449493, -0.699693, 0.714443

271
-0.0136585, -0.000503539, -0.0142519
-0.999534, -0.00107212, 0.0305091
0.0104272, 0.927289, 0.374201
-0.0286919, 0.374344, -0.926846

272
-0.0648854, 0.0103974, -0.013081
-0.958321, 0.00647058, -0.285622
-0.258423, 0.406642, 0.876276
0.121816, 0.913565, -0.388022

273
0.0376496, 0.00675921, -0.0136839
-0.999242, 0.000684429, -0.0389244
-0.0352771, 0.406957, 0.912766
0.0164653, 0.913447, -0.406625

274
0.0255241, -0.0147564, 0.00126468
0.999932, -0.00273855, -0.0113554
0.0115156, 0.394113, 0.91899
0.00195862, -0.919058, 0.394118

275
0.0225015, -0.0092596, -0.001732
0.999986, -0.00292649, 0.00449165
-0.00452501, -0.011496, 0.999924
-0.00287463, -0.99993, -0.0115091

276
-0.0254525, 0.0117385, 0.00615124
0.99989, 0.00384411, -0.01432
-0.0142749, -0.0115264, -0.999832
-0.00400852, 0.999926, -0.0114702

277
-0.0608786, 0.0138942, 0.000467989
-0.96496, 0.00502492, -0.262348
-0.246038, -0.364821, 0.897982
-0.0911979, 0.931064, 0.353274

278
-0.0286679, -0.00768265, -0.0115918
0.999863, 0.00480856, -0.015858
0.0147041, -0.69873, 0.715235
-0.00764122, -0.715369, -0.698705

279
-0.0169526, 0.00225195, -0.0171946
-0.999221, -0.00191851, 0.0394102
0.0265685, 0.705728, 0.707985
-0.0291711, 0.708481, -0.705127

280
0.06201, 0.00106269, 0.0172557
0.881981, -0.026062, -0.470564
-0.181335, 0.902835, -0.389881
0.435003, 0.429197, 0.791557

281
-0.0617866, -0.00653705, 0.0167394
-0.937651, -0.00661977, 0.347516
-0.236832, -0.719632, -0.652718
0.254404, -0.694324, 0.673196

282
-0.00675709, 0.00160684, -0.0158468
-0.999375, 0.00108479, -0.0353244
-0.0241034, 0.710063, 0.703725
0.0258459, 0.704137, -0.709594

283
0.0135873, 0.0116242, 0.00228554
0.999986, -0.00512009, -0.000989882
-0.00101463, -0.00483414, -0.999988
0.00511524, 0.999975, -0.00483926

284
-0.013469, -0.00930255, -0.00168975
0.999994, 0.00119283, 0.00339599
-0.00338727, -0.00724366, 0.999968
0.00121739, -0.999973, -0.00723957

285
-0.00449302, 0.00762443, -0.00669331
-0.9997, 0.00238543, 0.0243662
0.0243835, 0.00750752, 0.999674
0.00220173, 0.999969, -0.00756343

286
0.037498, 0.00876347, -0.00992791
0.99999, -0.00101865, -0.00423929
-0.00366708, -0.722445, -0.691418
-0.00235834, 0.691427, -0.722442

287
-0.0286679, -0.00768265, -0.0115918
0.999863, 0.00480856, -0.015858
0.0147041, -0.69873, 0.715235
-0.00764122, -0.715369, -0.698705

288
-0.0374196, -0.0133725, -0.00029654
0.999938, 0.00493258, 0.0099643
-0.0100421, 0.0160082, 0.999821
0.00477219, -0.99986, 0.0160568

289
0.053764, -0.0137866, -0.0022721
-0.922372, -0.00523664, -0.386267
0.364407, 0.320057, -0.874512
0.128207, -0.947384, -0.293303

290
-0.0492519, -0.0111281, -0.00974322
-0.99975, -0.0114331, -0.0192296
0.00601007, 0.690693, -0.723123
0.0215493, -0.723058, -0.690452

291
-0.0195503, 0.00762363, -0.0097624
-0.999311, -0.00298559, 0.0370055
0.0369582, 0.0145926, 0.99921
-0.00352324, 0.999889, -0.0144722

292
-0.0285141, 0.0117678, 0.00609096
0.999952, 0.00420641, -0.00882925
-0.00876726, -0.0145336, -0.999856
-0.00433413, 0.999886, -0.014496

293
-0.0134677, -0.00949553, 0.0106602
