0
-0.0167295, 0.000615672, -0.00995088
0.898331, 0.439319, -4.15841e-05
-0.00487558, 0.00987506, -0.999939
-0.439292, 0.898277, 0.011013

1
-0.0024224, 0.000950913, -0.00731853
0.664992, -0.746838, -0.00428086
-0.000113211, 0.00563108, -0.999984
0.746851, 0.664982, 0.00366007

2
-0.0108281, -0.00201764, -0.0129987
0.00570878, -0.999982, 0.00182081
-0.049933, -0.00210362, -0.99875
0.998736, 0.00561073, -0.0499441

3
0.0296184, -0.0520418, 0.0311554
-0.852582, -0.522581, 0.00355673
0.468108, -0.760648, 0.449766
-0.232334, 0.385127, 0.893139

4
0.015655, -0.00450486, -0.010441
0.495861, -0.868371, -0.00727407
-0.00255551, 0.00691719, -0.999973
0.868398, 0.495866, 0.00121083

5
0.0127792, 0.00372347, -0.0134146
0.660425, -0.750855, -0.00736315
-0.00355679, 0.00667765, -0.999971
0.750883, 0.660433, 0.00173945

6
0.0188653, 0.0156322, -0.0134964
-0.121389, -0.992568, 0.00859805
-0.000942227, -0.00854688, -0.999963
0.992605, -0.121393, 0.000102275

7
-0.0378291, 0.0464925, 0.0331729
0.801302, 0.598234, -0.00562141
-0.556847, 0.749236, 0.358563
0.218716, -0.284187, 0.933489

8
-0.00621436, -0.00181798, -0.0102843
-0.950386, -0.310972, 0.00797811
-0.00623105, -0.00661114, -0.999959
0.311011, -0.950396, 0.00434545

9
-0.0119935, 0.00186962, -0.0109162
-0.397251, -0.917696, 0.00503196
-0.0646691, 0.0225235, -0.997653
0.915428, -0.396644, -0.068294

10
0.00201374, -0.0004945, -0.0112504
-0.263932, 0.96454, -0.0016763
0.0148879, 0.0023361, -0.999886
-0.964427, -0.263927, -0.0149765

11
-0.00045944, -0.0985419, 0.058104
0.999952, 0.00845581, -0.00499327
-0.0088045, 0.997181, -0.0745217
0.00434905, 0.0745621, 0.997207

12
0.051461, 0.0813175, 0.00579835
0.837075, -0.547088, 0.000528877
0.211583, 0.322842, -0.9225
0.504518, 0.772313, 0.385998

13
-0.0050833, 0.00181573, -0.00994575
0.922326, 0.386408, -0.00168907
-0.00585295, 0.00959961, -0.999937
-0.386367, 0.922278, 0.0111156

14
-0.00242843, 0.00801866, -0.0136375
-0.995637, 0.093263, 0.00304394
0.00282472, 0.0627294, -0.998027
-0.0932699, -0.993663, -0.0627191

15
-0.00469382, -0.00309117, -0.010113
-0.915882, -0.401362, 0.00831139
-0.00449325, -0.0104533, -0.999935
0.401422, -0.91586, 0.00777059

16
-0.00303045, 0.0200981, -0.0042623
0.999891, 0.0143996, -0.00322707
0.00140465, 0.124818, 0.992179
0.0146898, -0.992075, 0.124785

17
-0.0240521, -0.0573, 0.0340888
-0.93713, 0.34898, 0.000705088
-0.289917, -0.779648, 0.555065
0.194256, 0.519964, 0.831807

18
-0.0536549, -0.0317568, 0.0328604
0.523187, -0.852194, -0.00641741
0.788962, 0.487187, -0.374416
0.322202, 0.190827, 0.927238

19
0.0283063, 0.0474132, 0.0357164
0.847188, -0.531267, -0.00523738
0.492788, 0.782067, 0.381487
-0.198575, -0.325772, 0.924359

20
0.0552437, 0.0107861, 0.0325248
-0.213283, 0.976913, -0.0122703
-0.839454, -0.189669, -0.509257
-0.499827, -0.0983154, 0.860527

21
0.00079163, -0.0274988, -0.00997549
-0.996037, -0.0888994, 0.00249114
0.00341645, -0.0102578, 0.999942
-0.0888687, 0.995988, 0.0105209

22
0.0515739, -0.0104914, -0.0133315
-0.823839, -0.566714, 0.0111596
-0.00726634, -0.00912722, -0.999932
0.566777, -0.823864, 0.00340142

23
-0.0104137, 0.0106909, 0.0251263
-0.915882, -0.401362, 0.00831139
0.280671, -0.655002, -0.701566
0.287026, -0.640219, 0.712556

24
-0.0377689, -0.0205701, 0.00334473
0.474769, -0.8801, 0.0042415
-0.0182952, -0.0146874, -0.999725
0.87992, 0.474561, -0.0230747

25
0.0464065, 0.0293567, 0.038839
-0.537449, 0.843296, -0.000116744
-0.832164, -0.530377, -0.161877
-0.136572, -0.0869033, 0.986811

26
0.0347122, 0.0430616, 0.0341831
0.776786, -0.629763, 0.00139657
0.600275, 0.74108, 0.300782
-0.190457, -0.232805, 0.953692

27
0.0395166, -0.0304307, -0.010394
-0.922617, -0.385593, 0.00976773
-0.0081831, -0.00575056, -0.99995
0.38563, -0.922651, 0.00215022

28
-0.00516217, -0.085271, -0.0108858
-0.999477, -0.0320865, 0.00394921
-0.00419369, 0.00755567, -0.999963
0.0320554, -0.999457, -0.00768628

29
0.00179009, -0.00506601, 0.00862993
-0.39364, -0.919261, 0.00272087
0.352728, -0.148308, 0.923898
-0.848899, 0.364643, 0.382629

30
-0.0497882, -0.0368053, 0.0333445
0.607888, -0.794015, -0.0035174
0.743191, 0.570527, -0.349524
0.279534, 0.209858, 0.936921

31
-0.0461419, -0.00199871, 0.0242501
0.00421495, -0.999982, 0.0043042
0.635048, -0.000648195, -0.772473
0.772462, 0.00598931, 0.635033

32
0.0341369, -0.00916502, -0.0101182
-0.91735, -0.397961, 0.0098376
-0.005973, -0.0109496, -0.999922
0.398038, -0.917337, 0.00766757

33
-0.011502, -0.00458269, -0.0165798
0.374931, -0.927052, -0.00157252
-0.0576622, -0.0216275, -0.998102
0.925258, 0.37431, -0.0615646

34
-0.00586159, -0.058948, 0.0349408
-0.998501, 0.0545225, 0.0047197
-0.0516581, -0.967479, 0.247618
0.018067, 0.247004, 0.968846

35
-0.00813401, -0.0978525, 0.00361548
-0.998501, 0.0545225, 0.0047197
-0.018067, -0.247004, -0.968846
-0.0516581, -0.967479, 0.247618

36
-0.0127037, -0.0141475, -0.0184733
0.792625, -0.609686, -0.00531418
-0.101366, -0.123177, -0.987194
0.601224, 0.783014, -0.159434

37
0.0548982, -0.0132677, 0.0324315
0.189622, 0.981837, -0.00632647
-0.902484, 0.171752, -0.394998
-0.386737, 0.0806099, 0.91866

38
-0.0307804, -0.052527, 0.035885
-0.868591, 0.495453, -0.00868764
-0.433702, -0.75162, 0.49696
0.239691, 0.435423, 0.86773

39
0.0536663, 0.0152164, 0.0331156
-0.274405, 0.9616, -0.00529704
-0.838157, -0.241872, -0.488867
-0.471376, -0.129708, 0.872342

40
-0.0185902, 0.0560066, 0.033621
-0.961835, -0.27356, -0.00610694
0.244176, -0.848019, -0.470364
0.123494, -0.453904, 0.882451

41
-0.0875907, -0.0408809, -0.0107071
-0.291673, 0.956505, 0.00508114
0.00245087, 0.00605944, -0.999979
-0.956515, -0.291654, -0.00411164

42
0.0118114, 0.0437914, -0.0107731
0.681808, -0.731529, 0.00189257
-0.00268282, -0.00508758, -0.999983
0.731527, 0.681791, -0.00543131

43
0.0458691, 0.0346297, -0.0108153
0.858542, -0.512713, -0.00563177
-0.00805236, -0.00249986, -0.999964
0.512681, 0.858556, -0.00627479

44
-0.0107211, -0.0568908, 0.0362387
-0.988521, 0.151062, 0.00239479
-0.11247, -0.746381, 0.655946
0.100876, 0.648148, 0.754804

45
0.0110062, -0.00955194, -0.0178399
0.520696, 0.853741, -0.0010648
0.124753, -0.0773206, -0.98917
-0.844578, 0.514925, -0.146768

46
0.0736302, 0.0645566, 0.0124666
-0.66407, 0.747667, -0.00224962
-0.573381, -0.507336, 0.643308
0.479839, 0.428492, 0.765604

47
0.0510231, 0.0242321, 0.0332101
-0.438828, 0.898541, -0.00731901
-0.729797, -0.361145, -0.580491
-0.524239, -0.249394, 0.814233

48
0.0132604, 0.0573814, -0.010943
0.713635, -0.70051, 0.00321739
-0.0038898, -0.00855541, -0.999956
0.700507, 0.713591, -0.00883029

49
-0.061233, -0.0020091, 0.0366138
0.00421495, -0.999982, 0.0043042
0.882316, 0.00169315, -0.470655
0.470639, 0.00578145, 0.882307

50
0.000917068, 0.00398224, 0.00546667
0.837075, -0.547088, 0.000528877
0.207136, 0.317824, 0.925247
-0.50636, -0.774392, 0.379364

51
-0.0541546, -0.0307351, 0.0346878
0.518194, -0.855156, -0.0135147
0.770024, 0.473367, -0.427769
0.372207, 0.211261, 0.903787

52
0.0128617, 0.0160139, -0.00914777
0.776786, -0.629763, 0.00139657
0.0537562, 0.0685151, 0.996201
-0.627466, -0.77376, 0.0870752

53
0.0396269, -0.0425398, 0.0335816
0.716848, 0.697211, 0.00502307
-0.613022, 0.633687, -0.471852
-0.332164, 0.335167, 0.881663

54
-0.0230043, -0.0625135, -0.0135443
-0.964294, 0.264778, 0.0054127
-0.00499301, 0.00225806, -0.999985
-0.264787, -0.964307, -0.000855393

55
-0.00403295, -0.0218802, -0.00640195
-0.998501, 0.0545225, 0.0047197
-0.00307699, -0.142037, 0.989857
0.0546398, 0.988359, 0.141992

56
0.055249, 0.00823209, 0.0336907
-0.184109, 0.982733, -0.0184484
-0.80797, -0.162003, -0.566514
-0.559721, -0.0893947, 0.823845

57
0.0705485, -0.040423, -0.0107728
-0.642449, -0.766282, 0.0084344
-0.0095766, -0.00297736, -0.99995
0.766269, -0.642497, -0.00542558

58
-0.036166, 0.0273682, -0.013738
-0.664689, -0.746963, 0.0153169
-0.32655, 0.27202, -0.905191
0.671978, -0.606672, -0.424729

59
-0.018857, 0.020654, -0.0122034
0.801302, 0.598234, -0.00562141
-0.0110288, 0.0241659, 0.999647
0.598159, -0.800957, 0.025962

60
0.000685694, 0.055869, 0.0085435
-0.932269, -0.36164, 0.00958266
0.146022, -0.35193, 0.924566
-0.330987, 0.863344, 0.380901

61
0.0246341, 0.0204726, -0.0150324
0.6393, -0.768954, -0.00232503
-0.160503, -0.136396, 0.977566
-0.75202, -0.624585, -0.210618

62
0.0549812, 0.00495713, 0.0337506
-0.103556, 0.994623, 0.00110307
-0.94, -0.0975067, -0.326943
-0.325077, -0.0348939, 0.945044

63
-0.0121476, -0.0548995, 0.0371768
-0.982484, 0.186331, 0.00257447
-0.131189, -0.701408, 0.700583
0.132346, 0.687974, 0.713566

64
0.0954929, -0.0342034, 0.0296134
0.316056, 0.948725, -0.00541927
-0.842655, 0.283336, 0.45788
0.435938, -0.140149, 0.888997

65
-0.02159, 0.0069134, 0.0364977
0.913087, -0.407763, -0.00146903
0.407751, 0.913078, -0.00529025
0.0034985, 0.00423146, 0.999985

66
-0.00289533, -0.02182, -0.00334956
0.999847, -0.016965, -0.00420526
-0.00173471, 0.143091, -0.989708
0.0173921, 0.989564, 0.143039

67
0.0161129, -0.00232455, -0.0104822
0.479465, -0.877537, -0.00650001
-0.00277711, 0.0058896, -0.999979
0.877557, 0.479472, 0.000386836

68
0.0215926, 0.00152994, -0.0105217
-0.103556, 0.994623, 0.00110307
-0.0593904, -0.00507644, -0.998222
-0.992849, -0.103438, 0.0595968

69
0.00277043, 0.0160627, -0.000547932
-0.972305, 0.233713, -0.00133115
-0.0452573, -0.193864, -0.979984
-0.229293, -0.952783, 0.199072

70
-0.0338678, -0.0153341, -0.0128975
0.522442, -0.852204, -0.0283307
-0.157814, -0.063989, -0.985393
0.837943, 0.519282, -0.16792

71
0.0306395, -0.0687788, 0.0364615
0.903747, 0.428064, -0.0013846
-0.401635, 0.849059, 0.343202
0.148088, -0.309612, 0.93926

72
-0.00137741, 0.0523557, -0.013766
0.913087, -0.407763, -0.00146903
-0.0034985, -0.00423146, -0.999985
0.407751, 0.913078, -0.00529025

73
0.00152766, -0.00301763, -0.0140831
0.225666, 0.974198, -0.00364099
0.01051, -0.0061717, -0.999926
-0.974148, 0.225611, -0.0116315

74
-0.035002, -0.00210933, -0.0123607
0.00421495, -0.999982, 0.0043042
-0.0971663, -0.00469342, -0.995257
0.995259, 0.00377674, -0.0971843

75
0.0235984, 0.0311582, 0.0364951
-0.823839, -0.566714, 0.0111596
0.566777, -0.823864, 0.00340142
0.00726634, 0.00912722, 0.999932

76
-0.028827, -0.00285907, -0.00700047
0.0487844, -0.998809, 8.46562e-06
0.0100098, 0.000480428, -0.99995
0.998759, 0.0487821, 0.0100213

77
0.0116355, 0.0409524, 0.0205251
-0.933781, 0.356118, 0.0351155
-0.206868, -0.457135, -0.865005
-0.291991, -0.814989, 0.500533

78
0.0419296, 0.0364648, 0.0338646
-0.66407, 0.747667, -0.00224962
-0.662736, -0.590024, -0.461143
-0.346108, -0.30474, 0.887323

79
-0.00683769, 0.00203354, -0.0113286
-0.933412, -0.35871, 0.0083215
-0.0137007, 0.0124565, -0.999829
0.358545, -0.933366, -0.0165417

80
0.0988587, -0.0255223, -0.00302507
0.225666, 0.974198, -0.00364099
-0.3825, 0.0920394, 0.91936
0.895973, -0.206075, 0.393401

81
0.0318936, 0.00505909, -0.0175607
-0.213283, 0.976913, -0.0122703
0.140535, 0.0182485, -0.989908
-0.96683, -0.212855, -0.141182

82
-0.00341897, 0.0564852, 0.0377188
0.999891, 0.0143996, -0.00322707
-0.013034, 0.964324, 0.264404
0.00691926, -0.264333, 0.964407

83
0.00602662, 0.0435798, -0.0145439
-0.983352, 0.181693, 0.00250099
0.0778916, 0.433918, -0.897579
-0.164169, -0.882442, -0.440846

84
-0.0492154, -0.00209924, -0.0143398
0.11654, -0.992215, -0.0439084
-0.438808, -0.0117783, -0.898503
0.890991, 0.123979, -0.436765

85
0.0184219, 0.0273274, -0.0154314
-0.807413, 0.589978, 0.00311703
0.126513, 0.178295, -0.97581
-0.576262, -0.787488, -0.218598

86
0.018047, -0.0529659, 0.03664
-0.926031, -0.376428, 0.0277251
0.303971, -0.700201, 0.646003
-0.223761, 0.606646, 0.762831

87
0.0419195, 0.00547253, 0.0197154
-0.184109, 0.982733, -0.0184484
-0.532271, -0.115462, -0.838663
-0.826312, -0.144586, 0.544338

88
-0.00408677, 0.0959882, 0.00707466
0.999891, 0.0143996, -0.00322707
-0.00691926, 0.264333, -0.964407
-0.013034, 0.964324, 0.264404

89
-0.00596279, -0.00791353, 0.0110498
-0.977939, 0.208809, 0.0058851
-0.0721319, -0.363995, 0.928603
0.196043, 0.907693, 0.371027

90
0.0309309, -0.0282118, 0.0216152
0.631468, 0.775386, -0.00501136
-0.361302, 0.288511, -0.886692
-0.686082, 0.561728, 0.462334

91
0.0540015, 0.0811329, -0.000293722
0.830094, -0.557622, 0.00121928
0.0461858, 0.0665744, -0.996712
0.555707, 0.827421, 0.0810173

92
0.0390543, 0.0182711, 0.0190039
-0.438828, 0.898541, -0.00731901
-0.473627, -0.238215, -0.847898
-0.763615, -0.368615, 0.530109

93
0.0379423, -0.017967, 0.0211053
0.411396, 0.911342, 0.0144579
-0.461721, 0.222053, -0.858782
-0.785854, 0.346624, 0.512137

94
-0.00125487, -0.0476611, -0.0150247
0.999952, 0.00845581, -0.00499327
-0.000648659, -0.450491, -0.892781
-0.0097986, 0.892741, -0.450464

95
-0.0143882, 0.0415081, 0.0212624
-0.961835, -0.27356, -0.00610694
0.17833, -0.609766, -0.772259
0.207536, -0.743875, 0.635278

96
0.00277716, 0.0159796, -0.0200568
-0.972305, 0.233713, -0.00133115
0.0459342, 0.185507, -0.981569
-0.229158, -0.954445, -0.191105

97
0.024235, 0.00182649, -0.0298487
-0.103556, 0.994623, 0.00110307
0.325077, 0.0348939, -0.945044
-0.94, -0.0975067, -0.326943

98
0.0410838, 0.00753109, 0.0195054
-0.213283, 0.976913, -0.0122703
-0.584279, -0.137607, -0.799801
-0.783025, -0.163415, 0.600139

99
-0.043372, 0.0385116, 0.0369214
0.683684, 0.729777, 0.00150186
-0.605167, 0.565792, 0.560047
0.407859, -0.383804, 0.82846

100
0.00369245, -0.0587146, 0.0358911
-0.996037, -0.0888994, 0.00249114
0.0834114, -0.924098, 0.372941
-0.0308522, 0.371671, 0.927852

101
0.0404315, 0.0334502, 0.0366261
0.6393, -0.768954, -0.00232503
0.633354, 0.524844, 0.568684
-0.436071, -0.365032, 0.822553

102
0.0175508, -0.0224303, -0.0104459
0.257358, -0.966278, -0.00861605
-0.00114261, 0.00861208, -0.999962
0.966316, 0.257358, 0.00111231

103
-0.0447857, 0.00244982, 0.0236919
-0.104817, -0.994431, 0.0109802
0.500128, -0.0622524, -0.863711
0.859584, -0.0850401, 0.503868

104
-0.00108844, -0.0448078, 0.0231367
0.999952, 0.00845581, -0.00499327
-0.00738733, 0.312718, -0.949817
-0.00646999, 0.949808, 0.312765

105
0.0121809, 0.00753879, 0.000902553
-0.537449, 0.843296, -0.000116744
-0.192279, -0.122678, -0.973642
-0.821083, -0.523261, 0.228082

106
0.0603387, 0.0746062, 0.00505886
0.776786, -0.629763, 0.00139657
0.190457, 0.232805, -0.953692
0.600275, 0.74108, 0.300782

107
0.0251458, -0.00782187, -0.0141702
0.189622, 0.981837, -0.00632647
0.0119323, -0.00874729, -0.999891
-0.981785, 0.189526, -0.0133743

108
0.0116717, 0.0213417, -0.0104371
0.847188, -0.531267, -0.00523738
0.00512197, -0.00169035, 0.999985
-0.531268, -0.847203, 0.00128909

109
0.0328886, -0.0285856, 0.0204675
0.616269, 0.787533, -0.00189346
-0.347076, 0.269438, -0.898299
-0.70693, 0.554251, 0.439381

110
0.0219981, 0.0186153, -0.0148254
-0.66407, 0.747667, -0.00224962
0.0661443, 0.0557511, -0.996251
-0.744738, -0.66173, -0.0864765

111
-0.039785, -0.0231612, 0.0221672
0.523187, -0.852194, -0.00641741
0.605605, 0.377076, -0.700754
0.599598, 0.362739, 0.713374

112
-0.00863931, -0.0424181, -0.0173598
-0.988521, 0.151062, 0.00239479
0.050157, 0.313183, 0.948367
0.142513, 0.937602, -0.317165

113
0.0517619, -0.0223837, 0.0343652
0.376281, 0.926457, 0.00954648
-0.773861, 0.319936, -0.546608
-0.509463, 0.19829, 0.837334

114
0.0388938, -0.0170166, 0.0207194
0.376281, 0.926457, 0.00954648
-0.519991, 0.2197, -0.825434
-0.766826, 0.305631, 0.564418

115
-0.0149748, 0.0393652, 0.0224543
-0.96038, -0.278677, 0.00311727
0.198323, -0.691235, -0.694883
0.195803, -0.666733, 0.719116

116
-0.0775683, -0.00230835, 0.0365904
0.00570878, -0.999982, 0.00182081
0.94182, 0.00598866, 0.336063
-0.336068, -0.000203638, 0.941838

117
-0.0318054, -0.0348679, 0.0225001
0.76708, -0.641417, -0.0131526
0.376867, 0.467102, -0.799867
0.519192, 0.608605, 0.600034

118
0.0386215, 0.0139959, 0.0206168
-0.383561, 0.923194, -0.0243483
-0.400256, -0.189939, -0.896503
-0.832272, -0.334118, 0.442367

119
0.0391019, -0.0102882, 0.0213771
0.189622, 0.981837, -0.00632647
-0.685789, 0.12783, -0.716486
-0.702664, 0.1402, 0.697572

120
0.00871469, 0.021165, -0.0111974
-0.911693, 0.410871, 0.00064133
-0.019518, -0.0417497, -0.998937
-0.410408, -0.910737, 0.0460823

121
-0.0158806, -0.0531098, 0.0378248
-0.963301, 0.268256, -0.00948837
-0.201193, -0.698177, 0.687074
0.177687, 0.663768, 0.726526

122
0.0156387, 0.0946714, 0.0530447
-0.983352, 0.181693, 0.00250099
-0.18148, -0.981323, -0.0638003
-0.00913778, -0.063192, 0.99796

123
0.063461, -0.0748747, -0.000975638
-0.730259, -0.68317, 0.00061081
-0.00691778, 0.00650055, -0.999955
0.683136, -0.73023, -0.00947311

124
-0.006686, 0.0108823, 0.0222493
-0.996641, -0.0816515, 0.00630831
0.0539891, -0.713003, -0.699079
0.0615787, -0.696391, 0.715016

125
-0.0108305, 0.0246904, -0.0126448
-0.96038, -0.278677, 0.00311727
0.00178199, -0.0173254, -0.999848
0.278689, -0.960229, 0.0171355

126
-0.000922462, -0.0544064, 0.0401203
0.999952, 0.00845581, -0.00499327
-0.00930096, 0.65239, -0.757827
-0.00315048, 0.757836, 0.652437

127
-0.0245871, -0.0296321, 0.036497
0.660425, -0.750855, -0.00736315
0.750883, 0.660433, 0.00173945
0.00355679, -0.00667765, 0.999971

128
0.010912, -0.0393454, -0.0167468
-0.926031, -0.376428, 0.0277251
-0.0904034, 0.292513, 0.951979
-0.366462, 0.879055, -0.304906

129
0.0381023, -0.0151314, 0.0213925
0.316056, 0.948725, -0.00541927
-0.435938, 0.140149, -0.888997
-0.842655, 0.283336, 0.45788

130
-0.00373225, -0.0123311, 0.00937734
-0.998026, 0.0625923, 0.00514958
-0.0162926, -0.337223, 0.941284
0.0606537, 0.939342, 0.337578

131
0.0856121, -0.0409868, -0.000498994
-0.39364, -0.919261, 0.00272087
-0.00101844, -0.00252372, -0.999996
0.919264, -0.393642, 5.72255e-05

132
-0.0357386, -0.0313692, 0.0211354
0.674718, -0.738045, -0.00668117
0.285726, 0.269534, -0.919626
0.680526, 0.618579, 0.392738

133
-0.0030887, -0.0413708, 0.0295471
0.999847, -0.016965, -0.00420526
0.0110715, 0.800908, -0.598685
0.0135247, 0.598547, 0.800973

134
0.031557, -0.0877347, 0.0158168
-0.926031, -0.376428, 0.0277251
0.223761, -0.606646, -0.762831
0.303971, -0.700201, 0.646003

135
0.0118336, -0.0100323, 0.00164565
0.520696, 0.853741, -0.0010648
-0.207949, 0.125618, -0.97004
-0.828029, 0.505318, 0.242944

136
-0.0181442, -0.0312464, -0.0138548
-0.868591, 0.495453, -0.00868764
0.0554744, 0.114646, 0.991856
0.492414, 0.861036, -0.127065

137
-0.0136739, -0.00199874, 0.00630161
0.00570878, -0.999982, 0.00182081
0.336068, 0.000203638, -0.941838
0.94182, 0.00598866, 0.336063

138
0.0291614, -0.0316904, 0.0211975
0.716848, 0.697211, 0.00502307
-0.439245, 0.457188, -0.773333
-0.541472, 0.552156, 0.633981

139
0.0394229, 0.0110821, 0.0204414
-0.274405, 0.9616, -0.00529704
-0.593968, -0.173824, -0.785485
-0.756243, -0.212395, 0.618858

140
-0.0366318, -0.0266875, 0.0230907
0.607888, -0.794015, -0.0035174
0.579646, 0.446789, -0.681462
0.542663, 0.412214, 0.731845

141
-0.0396918, 0.00149425, -0.0142239
-0.104817, -0.994431, 0.0109802
-0.254174, 0.0161134, -0.967024
0.961462, -0.104152, -0.254448

142
-0.0451725, -0.0157925, -0.0158349
0.353537, -0.935235, -0.0186262
-0.386479, -0.127905, -0.913386
0.851848, 0.330114, -0.406668

143
0.0165148, 0.0377436, -0.0172273
-0.886899, 0.461567, 0.0191532
0.157174, 0.340477, -0.927023
-0.434404, -0.819165, -0.374515

144
-0.041468, -0.0226573, -0.0156964
0.474769, -0.8801, 0.0042415
-0.353633, -0.195176, -0.914795
0.805939, 0.432817, -0.403896

145
-0.075381, -0.0473513, 0.00858054
0.257358, -0.966278, -0.00861605
0.370849, 0.0905301, 0.92427
-0.892322, -0.241063, 0.381641

146
0.0151658, -0.0287917, -0.0171885
-0.852582, -0.522581, 0.00355673
-0.0355114, 0.0647238, 0.997271
-0.521386, 0.850129, -0.0737399

147
-0.0967311, -0.00719009, -0.000528256
-0.0423377, 0.999102, -0.00135803
0.000650594, -0.00133168, -0.999999
-0.999103, -0.0423385, -0.00059363

148
0.00445954, -0.0149991, 0.00310266
0.92051, 0.390715, -0.00185512
-0.107951, 0.249759, -0.962272
-0.37551, 0.885981, 0.272084

149
0.0228805, 0.0342469, 0.0209896
-0.825689, 0.56411, -0.00427014
-0.284568, -0.423035, -0.860269
-0.487092, -0.709099, 0.509823

150
-0.0467494, -0.00349844, 0.0238234
0.11654, -0.992215, -0.0439084
0.319742, 0.0793376, -0.944177
0.94031, 0.0959947, 0.326498

151
0.0173196, 0.0377023, 0.0210326
-0.886899, 0.461567, 0.0191532
-0.196031, -0.338484, -0.920326
-0.418309, -0.819991, 0.390682

152
0.0440985, 0.040802, -0.0108874
0.801999, -0.597308, -0.00448507
-0.00820721, -0.00351123, -0.99996
0.597269, 0.802004, -0.00771824

153
-0.101192, -0.00251422, -0.00240375
0.00570878, -0.999982, 0.00182081
0.428332, 0.00409063, 0.903612
-0.903603, -0.00437862, 0.428348

154
0.00345336, 0.0601525, 0.0217311
-0.823839, -0.566714, 0.0111596
0.40591, -0.576106, 0.709464
-0.395634, 0.589014, 0.704653

155
-0.0454808, 0.0379827, 0.0367658
-0.66416, -0.747584, 0.00307167
0.706067, -0.628616, -0.326054
0.245683, -0.214383, 0.945346

156
-0.0430292, -0.0117185, -0.0145968
0.249471, -0.968378, -0.00278721
-0.370474, -0.0927802, -0.924198
0.894714, 0.231593, -0.381905

157
0.0167051, 0.0528011, 0.0351712
-0.933781, 0.356118, 0.0351155
-0.302861, -0.73422, -0.607615
-0.1906, -0.578014, 0.793455

158
-0.0166556, -0.0373341, -0.0172263
-0.93713, 0.34898, 0.000705088
0.068523, 0.182026, 0.980903
0.342187, 0.919282, -0.194495

159
-0.0021275, 0.0106003, 0.00569763
-0.995637, 0.093263, 0.00304394
-0.0330832, -0.322304, -0.946058
-0.0872512, -0.942031, 0.323983

160
-0.0407679, -0.0220953, 0.0225615
0.474769, -0.8801, 0.0042415
0.319828, 0.168037, -0.932456
0.819941, 0.444058, 0.36126

161
0.0120394, 0.0140194, -0.00390836
0.76043, -0.649417, 0.0016547
0.0843874, 0.101339, 0.991267
-0.643913, -0.75365, 0.131864

162
0.0222839, 0.0512042, 0.0335251
-0.911693, 0.410871, 0.00064133
-0.386636, -0.857388, -0.339702
-0.139024, -0.309952, 0.940533

163
-0.0322383, 0.0607089, 0.0355408
-0.915882, -0.401362, 0.00831139
0.372585, -0.842144, 0.389838
-0.149466, 0.360142, 0.920846

164
-0.0593832, -0.059934, 0.00555174
0.660425, -0.750855, -0.00736315
0.290637, 0.246567, 0.924519
-0.692364, -0.612716, 0.381065

165
0.0206442, 0.0159894, 0.039496
-0.922617, -0.385593, 0.00976773
0.38563, -0.922651, 0.00215022
0.0081831, 0.00575056, 0.99995

166
0.04252, -0.0939813, -0.000603459
0.903747, 0.428064, -0.0013846
-0.179285, 0.381447, 0.906838
0.388713, -0.819304, 0.421477

167
-0.0120711, -0.041346, -0.0163387
-0.963301, 0.268256, -0.00948837
0.0871683, 0.346061, 0.934154
0.253876, 0.899044, -0.356744

168
-0.0280058, 0.0242219, -0.0145204
0.683684, 0.729777, 0.00150186
0.145226, -0.138069, 0.979717
0.715183, -0.669599, -0.200378

169
-0.0197517, -0.00692857, 3.43506e-05
0.273292, -0.96193, 0.00116328
0.203007, 0.0564937, -0.977546
0.940266, 0.267392, 0.210718

170
0.0382323, 0.00322423, 0.023898
-0.103556, 0.994623, 0.00110307
-0.744046, -0.0767311, -0.663708
-0.660055, -0.0695519, 0.747991

171
-0.0422587, -0.014719, 0.0234226
0.327478, -0.944836, -0.00661022
0.412368, 0.149213, -0.898715
0.850124, 0.291584, 0.438484

172
-0.0206826, 0.00519456, -0.0206962
-0.336493, -0.941679, 0.0037439
-0.193238, 0.065158, -0.978986
0.921646, -0.330145, -0.203893

173
0.00382319, -0.0135923, -0.0163452
0.92051, 0.390715, -0.00185512
0.0439681, -0.108303, -0.993145
-0.388237, 0.914118, -0.116873

174
0.0261147, 0.042566, 0.0364981
0.837075, -0.547088, 0.000528877
0.547083, 0.837071, 0.00359009
-0.0024068, -0.00271583, 0.999993

175
-0.00886286, -0.0937101, 0.00417829
-0.998026, 0.0625923, 0.00514958
-0.00815881, -0.0479166, -0.998818
-0.0622716, -0.996888, 0.0483327

176
0.0410961, -0.0052186, 0.0204607
0.0722522, 0.997355, -0.00786592
-0.618091, 0.0385845, -0.785159
-0.782779, 0.0615914, 0.619244

177
-0.0271546, -0.0151418, -0.0130554
0.523187, -0.852194, -0.00641741
0.00424717, 0.0101375, -0.99994
0.852207, 0.523128, 0.00892321

178
-0.0356028, -0.0308986, -0.0171298
0.674718, -0.738045, -0.00668117
-0.279166, -0.246812, -0.927982
0.683244, 0.627991, -0.372566

179
-0.0400766, -0.0185348, -0.0311131
0.522442, -0.852204, -0.0283307
-0.466468, -0.257839, -0.846125
0.713766, 0.455267, -0.532232

180
0.0382624, 0.00621839, -0.0359644
-0.213283, 0.976913, -0.0122703
0.499827, 0.0983154, -0.860527
-0.839454, -0.189669, -0.509257

181
-0.0430338, -0.0118299, 0.0236714
0.249471, -0.968378, -0.00278721
0.370694, 0.0981552, -0.923554
0.894623, 0.229366, 0.383459

182
0.00516106, 0.0386357, 0.00430845
-0.983352, 0.181693, 0.00250099
0.00913778, 0.063192, -0.99796
-0.18148, -0.981323, -0.0638003

183
-0.0307178, 0.0221292, 0.0364966
-0.121389, -0.992568, 0.00859805
0.992605, -0.121393, 0.000102275
0.000942227, 0.00854688, 0.999963

184
0.00772843, 0.03687, 0.0311844
-0.972305, 0.233713, -0.00133115
-0.194136, -0.810802, -0.552188
-0.130133, -0.536637, 0.833718

185
0.0126689, -0.051328, 0.0412657
-0.97141, -0.232863, -0.0462256
0.108187, -0.607521, 0.786901
-0.211323, 0.759403, 0.615345

186
-0.0130525, -0.0147708, 0.0010227
0.792625, -0.609686, -0.00531418
0.136428, 0.185846, -0.973061
0.594249, 0.770548, 0.230485

187
0.00580277, 0.00848316, 0.00526269
0.784587, -0.620017, 0.00101455
0.194727, 0.247966, 0.948997
-0.588646, -0.744373, 0.315285

188
0.0301793, 0.0450402, 0.0355098
-0.825689, 0.56411, -0.00427014
-0.449309, -0.662194, -0.599684
-0.341115, -0.493233, 0.800226

189
-0.00325154, -0.0313955, 0.0327848
0.999867, -0.0155964, -0.00472103
0.0126532, 0.925653, -0.378163
0.010268, 0.378053, 0.925727

190
0.0106648, -0.00328965, -0.0102677
-0.559848, -0.828551, 0.0084968
-0.000882081, -0.0096585, -0.999953
0.828595, -0.55983, 0.00467645

191
-0.0215704, 0.0221296, 0.0394963
0.713635, -0.70051, 0.00321739
0.700507, 0.713591, -0.00883029
0.0038898, 0.00855541, 0.999956

192
-0.0250737, -0.0971927, 0.00306347
-0.977939, 0.208809, 0.0058851
-0.00838118, -0.0110711, -0.999904
-0.208724, -0.977894, 0.0125769

193
-0.0094966, 0.0462892, 0.0364943
-0.996641, -0.0816515, 0.00630831
0.0817188, -0.996592, 0.0112689
0.00536668, 0.0117466, 0.999917

194
-0.0111225, 0.0308434, -0.0153446
-0.961835, -0.27356, -0.00610694
-0.0206518, 0.0948301, -0.995279
0.272848, -0.957169, -0.0968604

195
0.0572102, 0.0669832, 0.0241124
0.76043, -0.649417, 0.0016547
0.562605, 0.657501, -0.501167
0.324379, 0.382034, 0.865349

196
-0.00319591, 0.0390397, 0.0289891
0.999891, 0.0143996, -0.00322707
-0.009394, 0.789763, 0.61334
0.0113805, -0.613243, 0.789812

197
-0.0601169, -0.00438696, 0.0388819
0.0487844, -0.998809, 8.46562e-06
0.926564, 0.0452526, -0.373406
0.372961, 0.0182242, 0.927668

198
0.0786008, -0.0642912, 0.0477799
0.616269, 0.787533, -0.00189346
-0.785939, 0.615171, 0.062171
0.0501265, -0.0368259, 0.998064

199
-0.0382913, 0.00797973, -0.0138265
-0.280262, -0.95985, 0.0118754
-0.239861, 0.0580464, -0.96907
0.929473, -0.274442, -0.246499

200
-0.0240854, -0.0169278, -0.0117202
0.607888, -0.794015, -0.0035174
0.026151, 0.0244479, -0.999359
0.793592, 0.607407, 0.0356259

201
0.0366586, 0.0121736, -0.0175577
-0.383561, 0.923194, -0.0243483
0.305481, 0.10195, -0.946724
-0.871528, -0.370565, -0.321123

202
0.0176472, 0.0129641, 0.0394961
-0.932269, -0.36164, 0.00958266
0.361673, -0.932303, 0.00190993
0.00824324, 0.00524635, 0.999952

203
0.00603991, 0.0352185, -0.0162401
-0.957949, 0.285631, 0.0273584
0.0416239, 0.232667, -0.971665
-0.283903, -0.929667, -0.234772

204
-0.0727719, 0.0187995, 0.046952
-0.280262, -0.95985, 0.0118754
0.929473, -0.274442, -0.246499
0.239861, -0.0580464, 0.96907

205
-0.00775, -0.000229181, 0.0251242
-0.999477, -0.0320865, 0.00394921
0.025632, -0.712065, 0.701645
-0.0197012, 0.70138, 0.712515

206
-0.0955604, -0.0362455, 0.0547344
0.353537, -0.935235, -0.0186262
0.934904, 0.353933, -0.0261745
0.0310717, -0.00816005, 0.999484

207
0.0497096, -0.0139896, 0.0364948
0.225666, 0.974198, -0.00364099
-0.974148, 0.225611, -0.0116315
-0.01051, 0.0061717, 0.999926

208
0.0294979, 0.00804694, -0.0163927
-0.274405, 0.9616, -0.00529704
0.114746, 0.027274, -0.99302
-0.954744, -0.273098, -0.117823

209
-0.0195148, 0.055129, 0.0330133
-0.96038, -0.278677, 0.00311727
0.258157, -0.893766, -0.366794
0.105003, -0.351457, 0.930297

210
0.0404554, -0.0358701, 0.0368216
0.631468, 0.775386, -0.00501136
-0.596352, 0.481513, -0.642269
-0.495593, 0.408561, 0.766463

211
0.0114031, -0.0425939, 0.023867
-0.97141, -0.232863, -0.0462256
0.0190821, -0.270666, 0.962484
-0.236639, 0.934085, 0.267371

212
0.0181539, 0.0700685, 0.0440817
-0.957949, 0.285631, 0.0273584
-0.283903, -0.929667, -0.234772
-0.0416239, -0.232667, 0.971665

213
-0.0113397, -0.000979478, 0.00446473
-0.101331, -0.994849, 0.00262209
0.357229, -0.0388453, -0.933209
0.928504, -0.0936261, 0.359325

214
0.048569, 0.0799958, 0.00827923
0.847188, -0.531267, -0.00523738
0.198575, 0.325772, -0.924359
0.492788, 0.782067, 0.381487

215
0.0327139, -0.0081493, 0.039496
-0.642449, -0.766282, 0.0084344
0.766269, -0.642497, -0.00542558
0.0095766, 0.00297736, 0.99995

216
-0.0043976, -0.0965808, 0.0054066
0.999867, -0.0155964, -0.00472103
0.010268, 0.378053, 0.925727
-0.0126532, -0.925653, 0.378163

217
-0.0324368, -0.00303554, -0.0261718
0.0487844, -0.998809, 8.46562e-06
-0.372961, -0.0182242, -0.927668
0.926564, 0.0452526, -0.373406

218
-0.0246308, 0.00995621, 0.0394976
0.681808, -0.731529, 0.00189257
0.731527, 0.681791, -0.00543131
0.00268282, 0.00508758, 0.999983

219
-0.00329362, -0.0479105, 0.00892182
0.858542, -0.512713, -0.00563177
0.203634, 0.330865, 0.921445
-0.470574, -0.792246, 0.388467

220
-0.0875474, -0.0306117, 0.0514037
0.327478, -0.944836, -0.00661022
0.943219, 0.32649, 0.0611828
-0.0556495, -0.0262709, 0.998105

221
-0.0236889, -0.00202543, 0.0230438
0.00570878, -0.999982, 0.00182081
0.670905, 0.0024799, -0.741539
0.741521, 0.00545487, 0.670907

222
0.0203114, 0.00152003, -0.0267859
-0.107749, 0.994178, 0.000912163
0.264047, 0.029502, -0.964059
-0.958472, -0.103636, -0.265688

223
-0.0101411, -0.0440971, 0.0210558
-0.982484, 0.186331, 0.00257447
-0.0705557, -0.38474, 0.920324
0.172476, 0.904022, 0.391147

224
-0.0991978, -0.0345206, 0.0329535
0.327478, -0.944836, -0.00661022
0.850124, 0.291584, 0.438484
-0.412368, -0.149213, 0.898715

225
-0.0271123, 0.0298667, -0.0157699
-0.768835, -0.639447, -0.000891087
-0.181821, 0.219946, -0.958418
0.613053, -0.736703, -0.285367

226
-0.0438074, -0.00359045, 0.0282063
0.0487844, -0.998809, 8.46562e-06
0.713307, 0.0348338, -0.699985
0.699151, 0.0341544, 0.714157

227
-0.057103, 0.0184439, 0.0384478
-0.336493, -0.941679, 0.0037439
0.921646, -0.330145, -0.203893
0.193238, -0.065158, 0.978986

228
-0.0548818, -0.0222168, 0.0364036
0.374931, -0.927052, -0.00157252
0.925258, 0.37431, -0.0615646
0.0576622, 0.0216275, 0.998102

229
0.0514418, 0.0662598, 0.0197426
0.784587, -0.620017, 0.00101455
0.469319, 0.592819, -0.65445
0.405169, 0.51395, 0.756104

230
0.0331266, -0.0151924, -0.0167573
0.411396, 0.911342, 0.0144579
0.229197, -0.0880849, -0.969386
-0.882169, 0.402115, -0.245115

231
0.0669825, 0.0320915, 0.0412184
-0.438828, 0.898541, -0.00731901
-0.874862, -0.429094, -0.22471
-0.205052, -0.092206, 0.974398

232
0.0309703, -0.0271763, -0.0177267
0.616269, 0.787533, -0.00189346
0.254455, -0.201393, -0.945882
-0.745295, 0.582437, -0.324504

233
-0.0494496, -0.0168262, -0.0316267
0.327478, -0.944836, -0.00661022
-0.627606, -0.212287, -0.749029
0.706306, 0.249439, -0.662504

234
0.00315331, -0.0108452, 0.00665858
0.903747, 0.428064, -0.0013846
-0.148088, 0.309612, -0.93926
-0.401635, 0.849059, 0.343202

235
-0.070912, -0.00604677, 0.035681
-0.0423377, 0.999102, -0.00135803
-0.922802, -0.0396253, -0.383231
-0.382941, -0.0149719, 0.923651

236
-0.0405596, -0.0206764, 0.0244005
0.522442, -0.852204, -0.0283307
0.480924, 0.321941, -0.815516
0.704107, 0.412435, 0.578041

237
0.014194, -0.0467038, -0.0140775
-0.97141, -0.232863, -0.0462256
-0.153836, 0.469109, 0.869639
-0.180822, 0.851887, -0.491519

238
0.0317392, -0.0137249, -0.0167298
0.376281, 0.926457, 0.00954648
0.174539, -0.0607621, -0.982774
-0.909917, 0.371465, -0.184566

239
0.0199527, 0.0296748, -0.0168916
-0.825689, 0.56411, -0.00427014
0.143206, 0.202278, -0.968801
-0.545646, -0.80054, -0.247802

240
-0.0419548, -0.0102218, 0.0248161
0.213208, -0.976997, 0.00447713
0.339288, 0.0697431, -0.938094
0.916202, 0.201528, 0.346353

241
-0.00494192, -0.0413762, 0.0265153
-0.998501, 0.0545225, 0.0047197
-0.0408119, -0.79931, 0.599531
0.0364604, 0.59844, 0.800338

242
-0.0448, 0.0886173, -0.000995487
-0.915882, -0.401362, 0.00831139
0.157769, -0.340827, 0.926793
-0.369146, 0.850145, 0.37548

243
0.0333971, 0.0758668, 0.0314838
-0.911693, 0.410871, 0.00064133
-0.371698, -0.825434, 0.424851
0.175088, 0.387096, 0.905263

244
-0.0344617, 0.0266354, 0.0244853
-0.664689, -0.746963, 0.0153169
0.244255, -0.236634, -0.940396
0.706066, -0.621329, 0.339737

245
0.0206377, -0.00817318, 0.0394967
0.858542, -0.512713, -0.00563177
0.512681, 0.858556, -0.00627479
0.00805236, 0.00249986, 0.999964

246
-0.0950164, -0.00245192, 0.012451
0.00570878, -0.999982, 0.00182081
0.741521, 0.00545487, 0.670907
-0.670905, -0.0024799, 0.741539

247
-0.0986767, 0.00791704, 0.00475933
-0.101331, -0.994849, 0.00262209
0.403952, -0.0387359, 0.913959
-0.90915, 0.0936715, 0.405797

248
0.00602166, 0.0978448, -0.00188715
-0.995637, 0.093263, 0.00304394
-0.0383026, -0.438213, 0.898055
0.0850892, 0.89402, 0.439873

249
-0.0576268, 0.00396463, 0.0383005
-0.104817, -0.994431, 0.0109802
0.791007, -0.0900571, -0.605143
0.602762, -0.0547439, 0.796041

250
-0.000732505, -0.0697736, 0.0521375
0.999952, 0.00845581, -0.00499327
-0.0097986, 0.892741, -0.450464
0.000648659, 0.450491, 0.892781

251
0.0508297, 0.0803428, -0.00334004
0.837075, -0.547088, 0.000528877
0.0024068, 0.00271583, -0.999993
0.547083, 0.837071, 0.00359009

252
-0.00895304, -0.0450763, 0.0208149
-0.988521, 0.151062, 0.00239479
-0.0653053, -0.441531, 0.894866
0.136238, 0.884438, 0.446328

253
-0.0663413, 0.00470783, 0.0367522
-0.101331, -0.994849, 0.00262209
0.928504, -0.0936261, 0.359325
-0.357229, 0.0388453, 0.933209

254
-0.0437958, -0.0388809, 0.0372369
0.674718, -0.738045, -0.00668117
0.524403, 0.485737, -0.699329
0.519382, 0.468346, 0.714769

255
0.0851676, 0.0483105, 0.0515546
-0.49893, 0.866455, -0.0180179
-0.866519, -0.499102, -0.00653179
-0.0146523, 0.0123539, 0.999816

256
0.0376981, 0.00335603, 0.0259485
-0.107749, 0.994178, 0.000912163
-0.784467, -0.0844571, -0.614393
-0.610739, -0.066916, 0.789

257
0.0422202, -0.0358506, 0.0359834
0.616269, 0.787533, -0.00189346
-0.591187, 0.461031, -0.661776
-0.520298, 0.408952, 0.749699

258
0.0367052, -0.0053373, -0.0349224
0.0722522, 0.997355, -0.00786592
0.486661, -0.0421374, -0.872574
-0.870598, 0.0592174, -0.488418

259
0.0494477, 0.0189019, 0.036087
-0.383561, 0.923194, -0.0243483
-0.688285, -0.303343, -0.658975
-0.615748, -0.235998, 0.751771

260
-0.00299472, -0.0228483, -0.0228312
0.999847, -0.016965, -0.00420526
-0.00825833, -0.246491, -0.96911
0.0154044, 0.968997, -0.246594

261
0.0218479, -0.093594, 0.0612884
-0.97141, -0.232863, -0.0462256
0.225928, -0.966561, 0.121308
-0.0729281, 0.107397, 0.991538

262
0.015415, 0.0359785, 0.0234455
-0.911693, 0.410871, 0.00064133
-0.304003, -0.67351, -0.67377
-0.276401, -0.614467, 0.738941

263
0.0352019, 0.00350775, -0.0179075
-0.184109, 0.982733, -0.0184484
0.207918, 0.020594, -0.977929
-0.960663, -0.183881, -0.208119

264
0.00859773, 0.0367254, -0.0173876
-0.933781, 0.356118, 0.0351155
0.0601916, 0.253041, -0.965581
-0.352747, -0.899528, -0.25772

265
-0.00944756, -0.0401761, 0.00195747
-0.982484, 0.186331, 0.00257447
0.000818734, -0.009499, 0.999955
0.186347, 0.982441, 0.00918006

266
-0.00292833, -0.0283242, 0.0150433
0.999847, -0.016965, -0.00420526
0.00505301, 0.510888, -0.859632
0.0167321, 0.85948, 0.510896

267
0.00209383, 0.0545654, 0.0393998
-0.995637, 0.093263, 0.00304394
-0.0932699, -0.993663, -0.0627191
-0.00282472, -0.0627294, 0.998027

268
-0.000506381, -0.103243, 0.0407421
0.999952, 0.00845581, -0.00499327
-0.00646999, 0.949808, 0.312765
0.00738733, -0.312718, 0.949817

269
0.0276623, -0.0093678, -0.0130883
-0.92141, -0.388462, 0.0100428
-0.00604286, -0.0115173, -0.999915
0.388545, -0.921393, 0.00826474

270
-0.040934, 0.0909785, -0.00176993
-0.933412, -0.35871, 0.0083215
0.149867, -0.368692, 0.917391
-0.326009, 0.857551, 0.3979

271
-0.0110807, 0.0653134, 0.032473
-0.996641, -0.0816515, 0.00630831
0.0775521, -0.916235, 0.393063
-0.0263143, 0.392232, 0.91949

272
-0.0771219, -0.0656168, 0.00221061
0.664992, -0.746838, -0.00428086
0.285912, 0.249275, 0.925266
-0.689957, -0.616518, 0.379296

273
0.093812, 0.0450394, 0.0221749
-0.438828, 0.898541, -0.00731901
-0.763615, -0.368615, 0.530109
0.473627, 0.238215, 0.847898

274
0.0213079, 0.0281512, 0.0341976
0.784587, -0.620017, 0.00101455
0.553928, 0.70169, 0.448102
-0.278543, -0.351013, 0.893982

275
-0.0952392, -0.0384875, 0.00624606
0.374931, -0.927052, -0.00157252
0.407354, 0.163223, 0.898566
-0.83276, -0.33754, 0.438835

276
-0.0372603, 0.0933068, -0.000823927
-0.950386, -0.310972, 0.00797811
0.124776, -0.357593, 0.925504
-0.284953, 0.880582, 0.378653

277
-0.0947055, 0.0377411, 0.00133793
-0.397251, -0.917696, 0.00503196
0.410066, -0.172598, 0.895576
-0.820998, 0.357832, 0.444881

278
0.0303646, 0.0433978, 0.0363923
-0.807413, 0.589978, 0.00311703
-0.483982, -0.659313, -0.575384
-0.337409, -0.466081, 0.817877

279
0.0189851, 0.0118777, 0.0186643
-0.537449, 0.843296, -0.000116744
-0.491858, -0.313583, -0.812245
-0.684999, -0.436483, 0.583317

280
-0.060499, 0.0765909, 0.00479742
0.801302, 0.598234, -0.00562141
-0.218716, 0.284187, -0.933489
-0.556847, 0.749236, 0.358563

281
0.0250125, 0.00199469, 0.0111896
-0.107749, 0.994178, 0.000912163
-0.491033, -0.0524206, -0.869562
-0.864451, -0.0941427, 0.493823

282
0.049768, -0.023535, 0.0355882
0.411396, 0.911342, 0.0144579
-0.727308, 0.337798, -0.597425
-0.549342, 0.235263, 0.801795

283
-0.00409708, -0.0953254, 0.00745902
0.999847, -0.016965, -0.00420526
0.0135247, 0.598547, 0.800973
-0.0110715, -0.800908, 0.598685

284
-0.103816, -0.00227873, 0.0156726
0.00421495, -0.999982, 0.0043042
0.772462, 0.00598931, 0.635033
-0.635048, 0.000648195, 0.772473

285
-0.00304851, -0.0151228, 0.0220257
0.999867, -0.0155964, -0.00472103
0.00776062, 0.710517, -0.703637
0.0143285, 0.703507, 0.710544

286
-0.00295455, -0.00420523, 0.0058578
0.999867, -0.0155964, -0.00472103
0.00168658, 0.387212, -0.921989
0.0162077, 0.921859, 0.387187

287
0.0394595, -0.068062, 0.036362
-0.852582, -0.522581, 0.00355673
0.521386, -0.850129, 0.0737399
-0.0355114, 0.0647238, 0.997271

288
0.0526208, -0.0559405, 0.0392545
0.716848, 0.697211, 0.00502307
-0.693472, 0.713714, -0.0985366
-0.0722858, 0.0671525, 0.995121

289
-0.0200768, -0.0963122, 0.0085043
-0.982484, 0.186331, 0.00257447
-0.132346, -0.687974, -0.713566
-0.131189, -0.701408, 0.700583

290
0.0310035, 0.0195391, 0.0319858
-0.537449, 0.843296, -0.000116744
-0.716555, -0.456748, -0.527191
-0.444631, -0.283255, 0.849747

291
-0.0493164, 0.0619101, 0.0364808
0.801302, 0.598234, -0.00562141
-0.598159, 0.800957, -0.025962
-0.0110288, 0.0241659, 0.999647

292
-0.0369308, -0.0020339, 0.00705256
0.00421495, -0.999982, 0.0043042
0.291099, -0.00289086, -0.956688
0.956684, 0.00528534, 0.291082

293
0.0496508, -0.0188914, 0.03666
0.316056, 0.948725, -0.00541927
-0.725224, 0.237909, -0.646103
-0.611685, 0.208135, 0.763231

294
0.086719, -0.0414338, 0.00863521
-0.39364, -0.919261, 0.00272087
0.350846, -0.152972, -0.923854
0.849679, -0.362712, 0.382735

295
-0.0442103, -0.00234574, 0.00451468
0.11654, -0.992215, -0.0439084
-0.0644384, 0.0365628, -0.997252
0.991093, 0.119049, -0.0596758

296
0.0151608, 0.0343466, 0.00193596
-0.886899, 0.461567, 0.0191532
-0.0210295, 0.00107872, -0.999778
-0.461485, -0.887105, 0.00874982

297
0.0299258, 0.0453731, 0.0363341
0.830094, -0.557622, 0.00121928
0.555707, 0.827421, 0.0810173
-0.0461858, -0.0665744, 0.996712

298
-0.0406491, -0.00221351, -0.0310343
0.00421495, -0.999982, 0.0043042
-0.470639, -0.00578145, -0.882307
0.882316, 0.00169315, -0.470655

299
-0.0410197, -0.0146015, 0.00318974
0.353537, -0.935235, -0.0186262
-0.0310717, 0.00816005, -0.999484
0.934904, 0.353933, -0.0261745

300
0.033492, 0.0152471, -0.0187371
