0
-0.0150171, 0.00812778, -0.0187695
-0.0209089, 0.00289134, -0.999777
-0.606155, -0.795279, 0.0103769
-0.795072, 0.606237, 0.018381

1
-0.000903575, -0.00676202, -0.146412
0.0716928, -0.985262, 0.155305
-0.367643, -0.170845, -0.914139
0.9272, 0.00844051, -0.374473

2
-0.0143158, 0.0116695, 0.063554
0.333375, -0.0897685, -0.938511
-0.607418, -0.781771, -0.140989
-0.721044, 0.61707, -0.31515

3
0.00853234, -0.0087011, 0.00183342
-0.0112079, 0.00808099, 0.999905
0.0895661, -0.99594, 0.0090529
0.995918, 0.0896591, 0.0104387

4
0.0114222, -0.0040849, -0.0106553
0.00250933, 0.00468922, -0.999986
0.358009, 0.933703, 0.00527678
0.933715, -0.358017, 0.000664185

5
0.0149696, 0.0123789, -0.0289602
0.0111987, -0.00137364, 0.999936
0.8112, -0.584686, -0.0098882
0.584662, 0.811259, -0.00543345

6
0.013359, 0.00801378, 0.0297822
0.209403, -0.00924242, 0.977786
0.647815, -0.747714, -0.145804
0.732452, 0.663957, -0.150586

7
-0.00662848, -0.0147762, 0.0139741
0.045551, 0.0113484, -0.998898
0.152206, -0.98834, -0.00428764
-0.987299, -0.151843, -0.0467471

8
-0.00407676, -0.00971738, -0.000637044
0.0219477, 0.00135576, 0.999758
-0.35061, 0.936499, 0.00642697
-0.936264, -0.350667, 0.0210293

9
-0.00722195, 0.00953641, -0.000594108
0.0219477, 0.00135576, 0.999758
0.0343711, 0.999407, -0.00210983
-0.999168, 0.0344091, 0.0218881

10
0.00302808, 0.0100141, 0.00162047
-0.0112079, 0.00808099, 0.999905
0.46387, -0.885817, 0.0123585
0.885833, 0.463964, 0.00617966

11
-0.0138747, 0.0033749, -0.0697209
-0.0202813, 0.00277644, -0.99979
-0.451138, -0.892429, 0.00667328
-0.892224, 0.451179, 0.0193522

12
0.00787944, -0.00701398, -0.0296248
0.0195055, -0.00244742, 0.999807
0.18332, -0.983035, -0.00598281
0.98286, 0.183401, -0.0187259

13
-0.0271044, -0.00385192, 0.104525
0.0408127, -0.998363, 0.040059
-0.397216, 0.0205762, 0.917494
-0.916817, -0.0533575, -0.395726

14
-0.0100361, -0.0119267, -0.0342394
-0.00928287, 0.0027334, -0.999953
0.0948241, -0.995488, -0.00360147
-0.995451, -0.0948531, 0.00898179

15
-0.0160146, -0.00404255, 0.0884758
0.0408127, -0.998363, 0.040059
-0.717831, -0.00140915, 0.696216
-0.695021, -0.0571701, -0.716713

16
-0.00806176, 0.00748214, -0.0342047
-0.00928287, 0.0027334, -0.999953
-0.293336, -0.956009, 0.000109859
-0.955964, 0.293324, 0.00967632

17
-0.0508957, -0.00109416, -0.0521834
-0.00935824, 0.000809975, -0.999956
0.0572089, -0.998361, -0.00134408
-0.998318, -0.0572189, 0.00929657

18
-0.0175915, 0.00475469, -0.0664109
-0.933882, -0.356722, -0.0247592
0.339108, -0.861548, -0.377809
0.113442, -0.361225, 0.925552

19
0.0171957, 0.0190291, -0.0528043
-0.00935824, 0.000809975, -0.999956
-0.944219, 0.329193, 0.00910327
0.329186, 0.944262, -0.00231587

20
0.00625515, -0.00419479, -0.127985
-0.55639, -0.660847, -0.503698
-0.0301569, 0.621853, -0.782553
0.830374, -0.420215, -0.365922

21
0.0119865, 0.00606288, -0.0414255
0.0232862, -0.00792446, 0.999697
0.564651, -0.825095, -0.019693
0.825001, 0.564938, -0.0147388

22
0.0301702, 0.0022358, 0.0993017
-0.173516, 0.982773, -0.0636405
0.424441, 0.132937, 0.895644
0.888674, 0.128397, -0.440196

23
0.0145745, 0.0126612, -0.0168819
0.012375, -0.00400374, 0.999915
0.81682, -0.576759, -0.0124184
0.57676, 0.816904, -0.00386709

24
0.00571151, 0.00688747, -0.0929659
-0.0255996, -0.00259551, -0.999669
0.0184972, 0.999824, -0.00306959
0.999501, -0.0185697, -0.0255471

25
0.000424919, -0.023784, -0.0045982
0.0155914, -0.000163447, 0.999878
-0.991878, 0.126243, 0.0154873
-0.126231, -0.991999, 0.0018062

26
-0.0188108, 0.0122006, 0.0389538
0.222265, -0.0204789, -0.974771
-0.790329, -0.589248, -0.167829
-0.570945, 0.807692, -0.147154

27
-0.00578313, 0.0047128, 0.0142341
0.045551, 0.0113484, -0.998898
-0.237203, -0.971214, -0.0218506
-0.970392, 0.237937, -0.0415479

28
0.0018468, -0.01645, -0.0512102
0.0279307, -0.0161021, 0.99948
-0.185713, -0.982547, -0.0106395
0.982207, -0.185319, -0.0304336

29
0.00063097, 0.0110976, -0.0294391
0.0195055, -0.00244742, 0.999807
0.54549, -0.838021, -0.0126935
0.83789, 0.545632, -0.015011

30
-0.0140311, -0.00545006, -0.0433879
0.00688855, -0.000350205, 0.999976
-0.445307, 0.895371, 0.00338117
-0.895351, -0.44532, 0.00601186

31
-0.00198702, -0.0137271, -0.0939602
-0.00143686, 0.0286067, 0.99959
-0.551053, 0.834106, -0.0246629
-0.834469, -0.550862, 0.0145653

32
0.0147174, 0.0125595, -0.0199482
0.0137546, -0.00341081, 0.9999
0.814772, -0.579632, -0.0131852
0.579619, 0.814871, -0.00519359

33
-0.0317601, -0.0021483, 0.0363026
0.222265, -0.0204789, -0.974771
-0.511677, -0.853485, -0.0987405
-0.829931, 0.520715, -0.200178

34
-3.48206e-05, -0.0195933, -0.0404945
0.0040933, 0.00172802, 0.99999
-0.788184, 0.615435, 0.00216281
-0.615425, -0.788186, 0.00388116

35
0.0012618, 0.0120039, -0.100013
0.218916, -0.189388, -0.957188
-0.100953, 0.971322, -0.215273
0.970507, 0.143758, 0.193519

36
0.00155345, -0.0121727, -0.0928099
-0.0255996, -0.00259551, -0.999669
0.399582, 0.916611, -0.0126124
0.91634, -0.399772, -0.0224278

37
0.0160597, 0.015501, -0.00769812
0.0119293, -0.00642212, 0.999908
0.873619, -0.486422, -0.0135468
0.486464, 0.8737, -0.000192178

38
0.00020917, -0.0196275, 0.0870829
-0.0339552, -0.683954, 0.728734
-0.999368, 0.0309298, -0.0175362
-0.0105456, -0.728869, -0.684572

39
-0.000968224, 0.0212183, -0.0374816
-0.0281322, -0.000200968, -0.999604
-0.987656, -0.154149, 0.0278269
-0.154093, 0.988048, 0.00413806

40
-0.000320717, 0.00582315, -0.0973529
-0.0921158, -0.121052, 0.988363
0.331757, -0.939603, -0.0841601
0.938857, 0.320144, 0.126712

41
-0.010408, -0.0281783, 0.09262
-0.917802, 0.395107, -0.03912
0.278593, 0.570663, -0.772483
-0.282889, -0.719884, -0.63383

42
0.0123346, -0.01192, -0.0904259
-0.0488751, -0.0047646, -0.998794
0.633787, 0.772729, -0.0347
0.771962, -0.634718, -0.0347475

43
0.00101825, -0.0205879, -0.0107588
0.00250933, 0.00468922, -0.999986
0.688074, 0.725622, 0.00512928
0.725636, -0.688077, -0.00140571

44
-0.00268649, -0.00599014, 0.0221109
-0.130807, 0.0173648, 0.991256
-0.212079, 0.976212, -0.0450873
-0.968459, -0.216122, -0.124012

45
0.00234217, -0.00430854, -0.0570163
-0.0261481, 0.00493913, -0.999646
0.122578, 0.992457, 0.00169731
0.992114, -0.12249, -0.0265563

46
-0.000500308, -0.00712872, -0.09663
0.218916, -0.189388, -0.957188
0.278128, 0.952398, -0.12483
0.935265, -0.238893, 0.26117

47
-0.000326768, -0.0229662, 0.00648281
-0.0405072, 0.00789137, -0.999148
0.974943, 0.219221, -0.0377945
0.218736, -0.975643, -0.0165737

48
-0.0160564, -0.0130914, -0.0823389
0.0133977, -0.00324512, 0.999905
-0.718056, 0.695884, 0.0118797
-0.695856, -0.718147, 0.00699307

49
0.048446, -0.0502069, -0.103511
-0.820296, -0.514222, -0.250379
0.449068, -0.30797, -0.838745
0.354192, -0.800456, 0.483547

50
0.00346845, -0.0190249, -0.0388737
0.024589, -0.000748738, 0.999697
-0.296746, -0.954934, 0.00658367
0.95464, -0.296818, -0.023703

51
-0.00724653, -0.000773935, -0.000450307
-0.0246708, 0.0112898, -0.999632
-0.00847884, -0.999903, -0.0110836
-0.99966, 0.00820228, 0.0247641

52
0.0102635, 0.0115055, 0.0417528
-0.388017, -0.0500048, -0.920295
-0.142687, 0.989747, 0.00638148
0.91054, 0.13379, -0.391174

53
-0.00184675, 0.0187336, -0.0699222
-0.0202813, 0.00277644, -0.99979
-0.758237, -0.651838, 0.0135711
-0.651664, 0.758353, 0.0153253

54
0.0186556, 0.0173381, 0.0689848
-0.0044577, -0.219558, -0.975589
-0.933564, 0.350555, -0.0746273
0.358383, 0.910442, -0.206534

55
-0.00116982, 0.0143402, -0.0531113
0.0264601, -0.0166715, 0.999511
0.670016, -0.741735, -0.0301093
0.741875, 0.670485, -0.00845622

56
0.000155947, 0.0202065, -0.0613952
-0.0365425, -0.00344308, -0.999326
-0.967139, -0.251655, 0.0362326
-0.25161, 0.967811, 0.00586618

57
0.00183144, -0.0216216, 0.0124982
-0.0224856, -0.00670697, 0.999725
-0.888616, 0.45834, -0.0169117
-0.4581, -0.888752, -0.016266

58
0.000331492, -0.0236733, -0.0825928
0.0133977, -0.00324512, 0.999905
-0.92969, 0.36809, 0.0136515
-0.368099, -0.929785, 0.00191461

59
-0.00630813, -0.0202615, -0.131579
-0.933882, -0.356722, -0.0247592
-0.113442, 0.361225, -0.925552
0.339108, -0.861548, -0.377809

60
0.000409324, 0.0114376, -0.0533316
0.0282664, -0.0193764, 0.999413
0.55186, -0.833331, -0.0317647
0.833457, 0.552434, -0.0128622

61
-0.0360532, 0.0190717, 0.0317043
-0.167885, -0.0424234, 0.984893
-0.140151, 0.989953, 0.0187511
-0.975793, -0.134886, -0.172144

62
-0.0339364, -0.0226255, 0.0116193
-0.0261993, 0.00108171, -0.999656
-0.111162, -0.993801, 0.00183799
-0.993457, 0.111172, 0.0261572

63
-0.0177171, 0.0134035, 0.0302155
0.129764, -0.0119881, -0.991472
-0.825641, -0.555019, -0.101349
-0.549071, 0.831751, -0.0819192

64
0.00166195, 0.00305555, -0.0508908
0.0279307, -0.0161021, 0.99948
0.204298, -0.978673, -0.021476
0.97851, 0.204792, -0.0240454

65
0.0379583, 0.0172745, 0.00524849
-0.0405072, 0.00789137, -0.999148
0.171009, 0.985269, 0.00084874
0.984436, -0.170829, -0.04126

66
-0.00349466, -0.00418184, 0.0219613
-0.127991, 0.0005343, 0.991775
-0.118901, 0.992779, -0.0158793
-0.984622, -0.119956, -0.127003

67
-0.000186293, 0.0056008, -0.0758411
-0.995995, -0.0769211, 0.0455858
0.0874891, -0.733155, 0.67441
-0.0184549, 0.675697, 0.736949

68
-0.00305846, 0.0135114, 0.0217202
-0.130807, 0.0173648, 0.991256
0.174678, 0.984609, 0.00580222
-0.975898, 0.17391, -0.131827

69
-0.000168643, -0.0193052, -0.0986669
-0.175673, 0.00926193, -0.984405
0.355285, -0.931968, -0.0721716
-0.918102, -0.362423, 0.160431

70
0.00551305, 0.000376625, -0.0389094
0.024589, -0.000748738, 0.999697
0.0911676, -0.995831, -0.00298824
0.995532, 0.0912135, -0.0244182

71
5.09752e-05, 0.0242794, 0.0674512
0.333375, -0.0897685, -0.938511
-0.837112, -0.48612, -0.250859
-0.43371, 0.869269, -0.237207

72
-0.0136821, -0.00203728, -0.09429
-0.00222058, 0.0317643, 0.999493
-0.317157, 0.947872, -0.0308284
-0.94837, -0.317065, 0.00796943

73
-0.000199473, 0.0412239, 0.0320652
-0.255346, -0.037679, -0.966115
-0.596028, 0.79292, 0.126607
0.761282, 0.60816, -0.224927

74
-0.0151325, 0.00370298, -0.0969513
0.0280871, 0.101645, -0.994424
-0.397022, -0.91185, -0.104418
-0.917379, 0.397741, 0.0147439

75
-0.0418141, 0.0138708, -0.0882869
0.00873488, -0.00188356, 0.99996
-0.238878, 0.971042, 0.00391573
-0.97101, -0.238902, 0.00803199

76
0.0468073, 0.0375545, 0.0683953
-0.366767, -0.0375123, 0.929556
0.892828, -0.294964, 0.340373
0.261418, 0.954772, 0.141675

77
0.00203897, 0.0207639, 0.00220552
-0.0381727, 0.00307881, -0.999266
-0.918339, -0.394343, 0.0338662
-0.39395, 0.918958, 0.0178805

78
-0.00258948, -0.016388, -0.0890112
0.998398, 0.0550746, -0.012948
-0.0184558, 0.533384, 0.845672
0.0534813, -0.844078, 0.533546

79
0.0241839, 0.00527246, 0.089414
0.326455, 0.0898818, 0.94093
0.321245, -0.946763, -0.0210168
0.888948, 0.30913, -0.337949

80
-0.00314617, -0.00296952, -0.0748607
0.998398, 0.0550746, -0.012948
-0.0375173, 0.815797, 0.57712
0.0423476, -0.575709, 0.816557

81
-0.0137609, -0.045763, -0.110761
-0.986037, -0.0946595, 0.137005
-0.104004, -0.292469, -0.950602
0.130053, -0.951578, 0.27854

82
-0.00212399, 0.021734, -0.0526213
-0.00935824, 0.000809975, -0.999956
-0.998318, -0.0572189, 0.00929657
-0.0572089, 0.998361, 0.00134408

83
-0.00335757, -0.00464981, -0.0492681
0.00743341, 0.00585462, 0.999955
-0.189356, 0.981899, -0.00434128
-0.98188, -0.189315, 0.00840746

84
0.00882679, -0.00240416, -0.0536553
0.0264601, -0.0166715, 0.999511
0.335111, -0.941858, -0.0245813
0.941807, 0.335598, -0.0193349

85
0.000893473, -0.0203018, -0.0834416
-0.993482, 0.113636, 0.00898836
-0.0987975, -0.819051, -0.56515
-0.0568596, -0.562355, 0.824939

86
-0.00120898, -0.0216401, -0.00390086
0.0267226, -0.00172383, 0.999641
-0.768818, 0.6391, 0.0216543
-0.638909, -0.769121, 0.0157531

87
-0.00324368, 0.0148585, -0.0493832
0.00743341, 0.00585462, 0.999955
0.200807, 0.979604, -0.00722821
-0.979603, 0.200852, 0.00610615

88
-0.000623732, -0.0215351, 0.0345666
-0.204336, -0.0237426, 0.978613
-0.870779, 0.461117, -0.170633
-0.447204, -0.887022, -0.114897

89
-0.0188728, -0.0162616, 0.0893528
-0.0339552, -0.683954, 0.728734
-0.91926, 0.307501, 0.245773
-0.392184, -0.661551, -0.639173

90
-0.0140333, 0.00972085, 0.00278546
-0.0381727, 0.00307881, -0.999266
-0.697677, -0.715996, 0.0244457
-0.715395, 0.698098, 0.0294795

91
-0.00336075, -0.00389841, 0.0237742
-0.152267, 0.00465067, 0.988328
-0.112252, 0.993437, -0.0219689
-0.981944, -0.114287, -0.150746

92
-0.00277731, 0.0204787, -0.0287503
0.0111987, -0.00137364, 0.999936
0.973191, -0.229724, -0.0112148
0.229725, 0.973255, -0.0012358

93
-0.000145186, 0.0201268, -0.0793301
-0.0185887, 0.00246186, -0.999824
-0.966064, -0.257721, 0.0173264
-0.257633, 0.966216, 0.007169

94
0.0193714, -0.0174452, 0.0900239
-0.0339552, -0.683954, 0.728734
-0.927331, -0.250351, -0.278176
0.372699, -0.685223, -0.625751

95
-0.0114671, -0.0100631, -0.162478
0.0716928, -0.985262, 0.155305
-0.694482, -0.161071, -0.70125
0.71593, -0.0575817, -0.695794

96
0.00062583, -0.0225078, -0.0733666
0.0212085, -0.00277737, 0.999771
-0.906249, 0.422252, 0.0203976
-0.422212, -0.906474, 0.00643836

97
0.0185162, 0.0204073, -0.0380298
-0.0281322, -0.000200968, -0.999604
-0.971444, 0.235694, 0.0272923
0.235596, 0.971827, -0.00682583

98
-0.0127738, -0.00481763, -0.0404678
0.0040933, 0.00172802, 0.99999
-0.492674, 0.870214, 0.000512925
-0.870204, -0.492672, 0.00441339

99
-0.00436363, 0.0300421, -0.104868
0.218916, -0.189388, -0.957188
-0.464666, 0.84237, -0.272943
0.857998, 0.504524, 0.0964066

100
0.0319323, 0.00104804, 0.0288548
0.123985, 0.0147217, 0.992175
0.581674, -0.811158, -0.0606517
0.803918, 0.584642, -0.109135

101
-0.00397881, -0.023315, -0.0918836
-0.0698634, -0.0249891, -0.997244
0.919977, 0.384904, -0.0740954
0.385695, -0.922618, -0.0039013

102
-0.0173918, 0.0117078, -0.0607242
-0.0365425, -0.00344308, -0.999326
-0.797233, -0.602864, 0.0312297
-0.602565, 0.797837, 0.0192853

103
-0.0154839, -0.0150749, 0.0890718
-0.382363, -0.450212, 0.806912
-0.681114, 0.727444, 0.0831213
-0.624406, -0.517816, -0.584793

104
0.00798273, -0.0113275, 0.0420854
0.377192, 0.0693062, 0.923538
-0.331104, -0.921199, 0.20436
0.864926, -0.38287, -0.324521

105
0.0234372, 0.0246954, -0.0911439
-0.0488751, -0.0047646, -0.998794
-0.0977048, 0.995215, 3.35762e-05
0.994015, 0.0975885, -0.0491068

106
-0.0192797, 0.0145083, -0.0369649
-0.0281322, -0.000200968, -0.999604
-0.853506, -0.520524, 0.0241252
-0.520323, 0.853847, 0.014472

107
-0.0210083, 0.0168394, -0.0524485
-0.00935824, 0.000809975, -0.999956
-0.900433, -0.43492, 0.00807455
-0.434894, 0.900469, 0.00479941

108
-0.000808324, -0.0236115, -0.0887157
0.00873488, -0.00188356, 0.99996
-0.988511, 0.150885, 0.00891908
-0.150895, -0.98855, -0.000543956

109
-0.0163901, -0.0382898, 0.0540631
0.377192, 0.0693062, 0.923538
-0.84572, -0.380656, 0.373976
0.377469, -0.922116, -0.0849668

110
0.0177428, 0.0143437, 0.0304306
0.123985, 0.0147217, 0.992175
0.845042, -0.52568, -0.0977989
0.520126, 0.850555, -0.0776169

111
-0.0367539, -0.0212907, -0.0599025
-0.0365425, -0.00344308, -0.999326
-0.137651, -0.990445, 0.00844597
-0.989807, 0.137866, 0.0357194

112
-0.0134279, -0.00946907, 0.0122365
-0.0224856, -0.00670697, 0.999725
-0.645667, 0.763561, -0.00939964
-0.763288, -0.645701, -0.0214996

113
-0.0135984, -0.0084225, 0.0483598
-0.389082, -0.0155566, 0.921072
-0.249768, 0.964186, -0.089223
-0.886697, -0.264769, -0.379033

114
-0.0282055, 0.0249768, -0.0726231
0.0212085, -0.00277737, 0.999771
0.043267, 0.999062, 0.00185756
-0.998838, 0.0432177, 0.0213088

115
0.00709337, -0.036246, -0.00120483
-0.0246708, 0.0112898, -0.999632
0.700871, -0.712838, -0.0253481
-0.712862, -0.701238, 0.00967359

116
0.0198068, -0.00432598, 0.0526612
-0.365816, 0.0712572, -0.927955
0.473207, 0.872805, -0.119524
0.801408, -0.482839, -0.353005

117
-0.000332587, -0.0206158, -0.0644595
-0.00885987, 0.00922036, -0.999918
0.38856, -0.921346, -0.0119387
-0.921381, -0.388634, 0.00458034

118
-0.0191484, -0.016962, -0.088543
0.00873488, -0.00188356, 0.99996
-0.85552, 0.517701, 0.00844832
-0.517696, -0.85556, 0.00291063

119
-0.0368195, -0.0216014, -0.078751
-0.0185887, 0.00246186, -0.999824
-0.131675, -0.991293, 7.23679e-06
-0.991119, 0.131652, 0.018751

120
-0.00240111, -0.0225937, 0.0116619
-0.0303817, 0.0223424, -0.999289
0.908284, 0.417954, -0.0182701
0.417249, -0.908193, -0.0329914

121
-0.00473501, 0.0437551, 0.0609026
0.390107, 0.0347752, -0.920113
-0.652731, -0.694364, -0.302986
-0.649429, 0.718784, -0.248177

122
-0.0382461, 0.0262191, -0.0615159
0.00261939, -0.00216215, 0.999994
0.614908, 0.788599, 9.43881e-05
-0.788595, 0.614904, 0.00339517

123
-0.0107678, -0.00244056, -0.158769
0.0925861, -0.995023, 0.03685
-0.736642, -0.0933499, -0.669809
0.669915, 0.0348697, -0.741619

124
-0.00944061, 0.00478424, -0.0644762
0.00275756, 0.00848727, 0.99996
-0.180663, 0.983514, -0.00784947
-0.983541, -0.180634, 0.00424544

125
0.00770223, -0.0191887, 0.0562918
-0.365816, 0.0712572, -0.927955
0.743872, 0.621593, -0.245515
0.559316, -0.780093, -0.280395

126
-0.00360404, -0.0199375, -0.000756634
-0.0246708, 0.0112898, -0.999632
0.37472, -0.926928, -0.0197167
-0.92681, -0.375068, 0.0186375

127
-0.00426057, -0.00150741, -0.0642485
-0.00885987, 0.00922036, -0.999918
0.00638565, -0.999937, -0.00927711
-0.99994, -0.00646732, 0.00880043

128
-0.00210279, -0.0208873, -0.0434755
0.00688855, -0.000350205, 0.999976
-0.754047, 0.656799, 0.00542443
-0.656785, -0.754066, 0.00426032

129
0.0198841, -0.022424, -0.00490141
0.0155914, -0.000163447, 0.999878
-0.964683, -0.262988, 0.0149996
0.262954, -0.964799, -0.00425804

130
-0.0234043, 0.0214373, -0.0615651
0.00261939, -0.00216215, 0.999994
0.992426, 0.122821, -0.002334
-0.122815, 0.992426, 0.00246749

131
-0.0235894, -0.00939658, -0.0186409
-0.0209089, 0.00289134, -0.999777
-0.255753, -0.966739, 0.00255291
-0.966516, 0.255749, 0.0209529

132
-0.000406032, 0.0211649, 0.0325974
0.123985, 0.0147217, 0.992175
0.979761, -0.160171, -0.120057
0.15715, 0.986979, -0.0342826

133
0.0116819, -0.00336124, -0.0357232
-0.0241935, -0.00590462, -0.99969
0.343315, 0.939118, -0.0138554
0.938909, -0.343544, -0.0206934

134
0.0398227, -0.0144917, -0.00817426
0.0119293, -0.00642212, 0.999908
0.27376, -0.961752, -0.00944311
0.961724, 0.273847, -0.00971489

135
-0.0271473, 0.00295704, -0.0821382
0.0133977, -0.00324512, 0.999905
-0.397105, 0.917736, 0.00829924
-0.917676, -0.397178, 0.0110069

136
-0.0414977, 0.0126666, -0.00393853
0.0155914, -0.000163447, 0.999878
-0.262954, 0.964799, 0.00425804
-0.964683, -0.262988, 0.0149996

137
0.000539596, -0.0224948, 0.0361515
-0.167885, -0.0424234, 0.984893
-0.955149, 0.25422, -0.151865
-0.243937, -0.966215, -0.0832005

138
0.00406772, 0.0299343, 0.0433637
-0.388017, -0.0500048, -0.920295
-0.480274, 0.863208, 0.155591
0.786625, 0.502366, -0.358955

139
0.0345211, 0.0258942, -0.0626714
-0.0365425, -0.00344308, -0.999326
-0.602565, 0.797837, 0.0192853
0.797233, 0.602864, -0.0312297

140
-0.0118369, 0.00122665, 0.0485411
-0.385741, -0.0324031, 0.922038
0.142935, 0.985218, 0.0944215
-0.911468, 0.168214, -0.375408

141
0.00952812, -0.00794174, 0.0431195
-0.388017, -0.0500048, -0.920295
0.216623, 0.965607, -0.1438
0.895833, -0.255154, -0.363839

142
-0.00307863, 0.0205489, -0.0196761
0.0137546, -0.00341081, 0.9999
0.974561, -0.223672, -0.0141691
0.223698, 0.974658, 0.000247512

143
0.042648, 0.011527, -0.014244
-0.0125647, -0.00325768, -0.999916
0.285718, 0.95829, -0.00671234
0.958231, -0.285778, -0.0111099

144
0.00186247, 0.0198507, 0.0107271
-0.0261993, 0.00108171, -0.999656
-0.960374, -0.277602, 0.0248694
-0.277479, 0.960696, 0.00831183

145
-0.00202224, 0.0152707, 0.0221409
-0.127991, 0.0005343, 0.991775
0.266948, 0.963113, 0.0339313
-0.955174, 0.269095, -0.123412

146
0.00155798, -0.0109992, -0.0657417
-0.995995, -0.0769211, 0.0455858
0.0878918, -0.935925, 0.341056
0.0164306, 0.343696, 0.938937

147
-0.0312529, 0.0220288, -0.0820213
0.0133977, -0.00324512, 0.999905
-0.0156977, 0.999871, 0.00345534
-0.999787, -0.0157425, 0.013345

148
0.0197091, -0.0180575, 0.0454637
-0.131565, 0.0755582, -0.988424
0.818353, 0.570996, -0.0652791
0.559454, -0.817468, -0.136957

149
-0.00563291, 0.0194378, 0.0517766
-0.385741, -0.0324031, 0.922038
0.480859, 0.84585, 0.230896
-0.787387, 0.532436, -0.310698

150
-0.0017713, 0.0155452, 0.0239276
-0.152267, 0.00465067, 0.988328
0.272066, 0.961552, 0.0373914
-0.950155, 0.274584, -0.147678

151
0.0350356, -0.0198671, -0.0203383
0.0137546, -0.00341081, 0.9999
0.166278, -0.986063, -0.00565094
0.985983, 0.166339, -0.0129958

152
0.00252792, -0.0227213, 0.0227486
-0.127991, 0.0005343, 0.991775
-0.486649, 0.871303, -0.0632724
-0.864171, -0.490745, -0.111259

153
-0.00179008, 0.0170574, -0.0915502
-0.995995, -0.0769211, 0.0455858
0.073767, -0.418769, 0.905092
-0.0505307, 0.904829, 0.422766

154
-7.48036e-05, -0.0270231, 0.0897071
-0.382363, -0.450212, 0.806912
-0.868217, 0.473911, -0.146997
-0.316225, -0.756781, -0.572088

155
-0.0161119, 0.013336, 0.00268701
-0.0390048, 0.00343272, -0.999233
-0.769904, -0.637551, 0.0278628
-0.636967, 0.7704, 0.0275104

156
-0.00250779, 0.0214829, -0.00743818
0.0119293, -0.00642212, 0.999908
0.993281, -0.115045, -0.0125891
0.115115, 0.99334, 0.00500657

157
-0.00273053, -0.0242897, -0.0896297
-0.0488751, -0.0047646, -0.998794
0.88096, 0.471013, -0.0453559
0.47066, -0.882114, -0.0188234

158
0.0342017, 0.0260301, -0.0799541
-0.0185887, 0.00246186, -0.999824
-0.607718, 0.794042, 0.0132538
0.793935, 0.607858, -0.0132641

159
0.0121562, -0.0124386, -0.0932865
-0.0698634, -0.0249891, -0.997244
0.702349, 0.708676, -0.0669623
0.708396, -0.705092, -0.0319594

160
0.0210606, 0.0197819, -0.0603403
-0.942157, 0.305017, 0.138944
-0.317809, -0.94467, -0.0812219
0.106482, -0.120681, 0.986964

161
0.00104389, 0.0226028, 0.00204917
-0.0390048, 0.00343272, -0.999233
-0.955055, -0.294201, 0.0362697
-0.293851, 0.955737, 0.0147537

162
-0.0195495, -0.0220986, -0.0133529
-0.0125647, -0.00325768, -0.999916
0.958231, -0.285778, -0.0111099
-0.285718, -0.95829, 0.00671234

163
0.0193262, -0.011425, 0.0447028
-0.330903, 0.0233824, -0.943375
0.595802, 0.78042, -0.189643
0.731794, -0.624819, -0.272174

164
-0.0150027, 0.0110341, 0.0480952
-0.389082, -0.0155566, 0.921072
0.108569, 0.992115, 0.0626185
-0.914783, 0.124363, -0.384325

165
0.0266138, 0.0229427, -0.0951859
-0.0698634, -0.0249891, -0.997244
-0.00427544, 0.999685, -0.0247508
0.997547, 0.00253448, -0.0699482

166
-0.0231939, -0.00563767, 0.0620558
0.333375, -0.0897685, -0.938511
-0.285249, -0.958405, -0.00965389
-0.898607, 0.270928, -0.345115

167
0.00645563, -0.0280988, 0.00196691
-0.0112079, 0.00808099, 0.999905
-0.298373, -0.954439, 0.00436909
0.954384, -0.298295, 0.0131085

168
-0.0270452, 0.0271444, 0.0302308
-0.204336, -0.0237426, 0.978613
0.0799297, 0.995963, 0.040853
-0.975632, 0.086568, -0.201614

169
0.0195213, -0.0271776, -0.0828613
0.0133977, -0.00324512, 0.999905
-0.999787, -0.0157425, 0.013345
0.0156977, -0.999871, -0.00345534

170
0.0133901, -0.0111399, 0.0114379
-0.0303817, 0.0223424, -0.999289
0.679471, 0.73369, -0.00425407
0.733073, -0.679117, -0.0374718

171
0.00400266, -0.0227171, -0.0492171
0.00743341, 0.00585462, 0.999955
-0.550692, 0.834708, -0.000793421
-0.834676, -0.550661, 0.00942881

172
-0.000127038, -0.0239194, -0.013591
-0.0125647, -0.00325768, -0.999916
0.99463, 0.102697, -0.0128329
0.10273, -0.994707, 0.00194982

173
-0.00428165, 0.00194096, -0.107969
0.0890959, 0.993914, 0.0647837
-0.328301, 0.0907125, -0.940207
-0.940362, 0.0625001, 0.334385

174
-0.0125089, -0.0148272, 0.0428775
-0.366767, -0.0375123, 0.929556
-0.100152, 0.994972, 0.000635899
-0.924906, -0.0928639, -0.36868

175
0.0030812, -0.000968506, -0.0746933
-0.999425, -0.0313382, -0.0129635
0.0312794, -0.9995, 0.00471905
-0.0131049, 0.00431085, 0.999905

176
-0.0277294, 0.0276422, 0.0622095
0.410199, -0.0591292, 0.910077
0.911525, 0.0586596, -0.40704
-0.0293168, 0.996525, 0.0779598

177
0.0185134, -0.0181685, -0.013844
-0.0125647, -0.00325768, -0.999916
0.879605, 0.475538, -0.0126022
0.475539, -0.879689, -0.00310953

178
-0.0154574, 0.0108826, 0.0111713
-0.0261993, 0.00108171, -0.999656
-0.781083, -0.624113, 0.0197956
-0.623877, 0.781333, 0.0171963

179
-0.0200441, 0.0180167, 0.0903196
0.250638, -0.202427, -0.94668
-0.712288, -0.700818, -0.0387269
-0.655611, 0.684016, -0.319838

180
-0.0151075, -0.0109782, -0.0730008
0.0212085, -0.00277737, 0.999771
-0.675691, 0.737003, 0.0163811
-0.73688, -0.675884, 0.0137541

181
0.018619, 0.0135869, 0.0406092
0.160065, 0.0316705, 0.986598
0.827835, -0.5487, -0.116694
0.53765, 0.835419, -0.114046

182
0.0444679, 0.0309508, -0.0143302
-0.0125647, -0.00325768, -0.999916
-0.10273, 0.994707, -0.00194982
0.99463, 0.102697, -0.0128329

183
-0.000398823, 0.0010796, -0.0960755
-0.328334, -0.0531667, 0.943064
0.116944, -0.993021, -0.0152682
0.937295, 0.105273, 0.33226

184
-0.00182411, 0.0197936, 0.0331451
0.209403, -0.00924242, 0.977786
0.8788, -0.436713, -0.192333
0.428789, 0.899554, -0.0833269

185
0.00153932, -0.020023, -0.0353793
-0.0241935, -0.00590462, -0.99969
0.676487, 0.736163, -0.0207198
0.736057, -0.676778, -0.013816

186
-0.00195758, 0.0197002, -0.0409925
0.0232862, -0.00792446, 0.999697
0.837384, -0.546096, -0.0238342
0.546119, 0.837685, -0.00608071

187
0.0186803, -0.0227361, -0.0888843
0.00873488, -0.00188356, 0.99996
-0.97101, -0.238902, 0.00803199
0.238878, -0.971042, -0.00391573

188
0.0414005, -0.0339363, -0.00831797
0.0119293, -0.00642212, 0.999908
-0.115115, -0.99334, -0.00500657
0.993281, -0.115045, -0.0125891

189
0.0296741, 0.0253173, 0.0419838
-0.330903, 0.0233824, -0.943375
-0.0961608, 0.993654, 0.0583584
0.938753, 0.110027, -0.326554

190
0.0350069, -0.0196936, -0.0172643
0.012375, -0.00400374, 0.999915
0.169748, -0.985469, -0.00604671
0.98541, 0.169808, -0.0115156

191
-0.00164459, -0.0274967, 0.0472308
0.377192, 0.0693062, 0.923538
-0.636893, -0.704559, 0.312993
0.672379, -0.706253, -0.221613

192
0.0350876, -0.0201735, -0.0292302
0.0111987, -0.00137364, 0.999936
0.160186, -0.987082, -0.00314998
0.987023, 0.160211, -0.010834

193
-0.0033218, 0.0239196, 0.0547137
0.389511, 0.0133657, -0.920925
-0.680026, -0.670186, -0.297348
-0.621165, 0.742073, -0.251956

194
-0.0388669, -0.0184001, 0.027832
0.129764, -0.0119881, -0.991472
-0.195564, -0.980595, -0.0137389
-0.972068, 0.195679, -0.12959

195
0.0449996, -0.00206994, 0.0648331
-0.0557798, 0.225441, -0.972659
-0.0829526, 0.969761, 0.229526
0.994991, 0.0934875, -0.0353922

196
-0.0248044, -0.0288677, -0.0186718
-0.0209089, 0.00289134, -0.999777
0.133585, -0.991021, -0.00565975
-0.990817, -0.133673, 0.0203349

197
0.0340097, 0.00913635, -0.0529697
-0.00935824, 0.000809975, -0.999956
-0.74637, 0.665488, 0.00752408
0.665465, 0.746408, -0.00562326

198
0.0149768, 0.0123473, 0.0690668
0.338449, 0.103581, 0.935267
0.623457, -0.769143, -0.14043
0.704807, 0.630627, -0.324894

199
0.00091158, 0.0151475, -0.0568828
-0.0261481, 0.00493913, -0.999646
-0.266419, 0.963786, 0.0117308
0.963503, 0.266631, -0.0238853

200
-0.0383919, -0.0204609, 0.0351751
0.222265, -0.0204789, -0.974771
-0.155128, -0.987786, -0.0146195
-0.962566, 0.154463, -0.222727

201
0.0281013, -0.00163269, -0.0201807
0.0137546, -0.00341081, 0.9999
0.53094, -0.847348, -0.0101941
0.847298, 0.531027, -0.00984402

202
0.0174954, -0.0150583, 0.00582272
-0.0405072, 0.00789137, -0.999148
0.817023, 0.575896, -0.0285751
0.57518, -0.817485, -0.0297754

203
-0.0111028, -0.0182649, 0.0481632
-0.385741, -0.0324031, 0.922038
-0.216748, 0.974595, -0.0564283
-0.896785, -0.221617, -0.382965

204
0.00723596, -0.00742231, -0.0886734
0.620178, -0.775981, 0.115035
0.51698, 0.514587, 0.684056
-0.59001, -0.364765, 0.720302

205
-2.0386e-05, 0.0190839, -0.0387593
0.024589, -0.000748738, 0.999697
0.465201, -0.885122, -0.0121052
0.884863, 0.465358, -0.0214159

206
-0.00347242, -9.34005e-05, -0.0978966
-0.175673, 0.00926193, -0.984405
-0.0231014, -0.999719, -0.00528342
-0.984177, 0.021813, 0.175838

207
-0.053164, -0.0328692, -0.0109524
0.00250933, 0.00468922, -0.999986
0.933715, -0.358017, 0.000664185
-0.358009, -0.933703, -0.00527678

208
0.020043, -0.0288232, -0.0996668
0.0892853, -0.0812686, 0.992685
-0.139904, -0.987808, -0.0682858
0.986131, -0.132784, -0.0995665

209
-0.0123417, -0.00369808, -0.0185239
-0.0231468, 0.00298361, -0.999728
-0.189737, -0.981834, 0.0014628
-0.981562, 0.189719, 0.0232925

210
-0.0493678, -0.0374178, -0.0864443
-0.694113, 0.648976, 0.311508
-0.684752, -0.461735, -0.56384
-0.222084, -0.604675, 0.764884

211
-0.00393201, 0.020906, -0.0934392
0.0892853, -0.0812686, 0.992685
0.857528, -0.500694, -0.118119
0.506631, 0.861801, 0.0249854

212
-0.036797, -0.0129832, -0.0131659
-0.0125647, -0.00325768, -0.999916
0.775951, -0.630747, -0.00769549
-0.630668, -0.775982, 0.010453

213
0.00073272, 0.0209062, 0.0432761
0.160065, 0.0316705, 0.986598
0.97057, -0.187231, -0.151454
0.179925, 0.981805, -0.0607076

214
0.0400024, -0.016698, 0.0281096
0.123985, 0.0147217, 0.992175
0.22975, -0.973145, -0.0142709
0.96532, 0.229722, -0.124038

215
-0.00400401, -0.0189673, -0.0937305
-0.00222058, 0.0317643, 0.999493
-0.655941, 0.754384, -0.0254319
-0.754809, -0.655664, 0.0191603

216
0.000170629, 0.0208577, 0.0324665
0.129764, -0.0119881, -0.991472
-0.972913, -0.194473, -0.124983
-0.191316, 0.980835, -0.0368989

217
-0.0176495, 0.0115181, -0.0790258
-0.0185887, 0.00246186, -0.999824
-0.793935, -0.607858, 0.0132641
-0.607718, 0.794042, 0.0132538

218
-0.0327947, -0.00479314, -0.00407709
0.0155914, -0.000163447, 0.999878
-0.612105, 0.790717, 0.00967402
-0.790622, -0.612182, 0.0122284

219
0.0385917, -0.0230708, -0.0831035
0.0133977, -0.00324512, 0.999905
-0.917676, -0.397178, 0.0110069
0.397105, -0.917736, -0.00829924

220
-0.00172855, -0.0183217, -0.0976323
-0.328334, -0.0531667, 0.943064
-0.250645, -0.957718, -0.141256
0.9107, -0.282753, 0.301125

221
-0.0246676, -0.000961651, 0.0909736
-0.365903, 0.0250165, 0.930317
0.069132, 0.997607, 0.000364311
-0.928082, 0.064448, -0.366757

222
-0.0101765, 0.0249718, 0.0541244
0.410199, -0.0591292, 0.910077
0.853358, -0.327159, -0.40589
0.32174, 0.943117, -0.083742

223
0.00372959, -0.0201095, -0.0784086
-0.999425, -0.0313382, -0.0129635
0.0339134, -0.925067, -0.378287
-0.000137278, -0.378509, 0.925598

224
-0.00490012, -0.0269022, 0.0581622
0.390107, 0.0347752, -0.920113
0.649429, -0.718784, 0.248177
-0.652731, -0.694364, -0.302986

225
-0.0428575, 0.0321281, -0.00391414
0.0155914, -0.000163447, 0.999878
0.126231, 0.991999, -0.0018062
-0.991878, 0.126243, 0.0154873

226
0.019619, 0.0213382, -0.0621108
-0.0365425, -0.00344308, -0.999326
-0.989807, 0.137866, 0.0357194
0.137651, 0.990445, -0.00844597

227
-0.00327957, 0.0183272, -0.000332485
-0.0246708, 0.0112898, -0.999632
-0.390387, -0.920651, -0.000763067
-0.92032, 0.390224, 0.0271205

228
-0.016808, -0.0139531, 0.0335623
-0.167885, -0.0424234, 0.984893
-0.789092, 0.604623, -0.108465
-0.590888, -0.795381, -0.134983

229
0.0280085, -0.00148379, -0.0171048
0.012375, -0.00400374, 0.999915
0.533927, -0.845472, -0.00999326
0.84544, 0.534005, -0.00832505

230
0.0360743, 0.0264616, 0.0098376
-0.0261993, 0.00108171, -0.999656
-0.623877, 0.781333, 0.0171963
0.781083, 0.624113, -0.0197956

231
-0.0155833, -0.00933602, 0.031739
-0.204336, -0.0237426, 0.978613
-0.633357, 0.765465, -0.113675
-0.746395, -0.643039, -0.17145

232
0.0198681, -0.031382, -0.0419059
0.0232862, -0.00792446, 0.999697
-0.184096, -0.982902, -0.00350313
0.982632, -0.183958, -0.024347

233
0.0321621, 0.00505549, 0.137414
-0.173516, 0.982773, -0.0636405
-0.328262, 0.00321012, 0.944581
0.928513, 0.184791, 0.32205

234
-0.0182676, -0.0106425, 0.0478907
0.389511, 0.0133657, -0.920925
-0.0416209, -0.998618, -0.0320971
-0.920081, 0.0508319, -0.388416

235
0.0266774, 0.0247454, 0.0118363
-0.0303817, 0.0223424, -0.999289
-0.0379022, 0.999005, 0.0234884
0.998819, 0.0385888, -0.0295046

236
-0.00377926, -0.0228322, -0.0569477
-0.0261481, 0.00493913, -0.999646
0.492913, 0.870036, -0.00859455
0.869686, -0.492963, -0.0251844

237
-0.0183019, 0.00867933, 0.0538249
0.390107, 0.0347752, -0.920113
-0.00233505, -0.999246, -0.038756
-0.920767, 0.0172675, -0.389731

238
0.0385054, -0.0412676, -0.0893029
-0.820296, -0.514222, -0.250379
0.550428, -0.590848, -0.589853
0.15538, -0.62167, 0.767713

239
-0.0313076, 0.0328102, -0.0520202
0.0282664, -0.0193764, 0.999413
0.979567, -0.198625, -0.031556
0.199119, 0.979884, 0.0133661

240
-0.00726349, -0.0204156, -0.0933229
-0.933882, -0.356722, -0.0247592
0.159571, -0.353782, -0.921616
0.320001, -0.864632, 0.387313

241
-0.0174486, 0.0331641, -0.0405143
0.0040933, 0.00172802, 0.99999
0.266954, 0.963705, -0.00275805
-0.963701, 0.266962, 0.00348343

242
0.00245387, -0.0133739, -0.0994455
-0.0921158, -0.121052, 0.988363
-0.0527813, -0.990594, -0.126244
0.994348, -0.0637962, 0.0848601

243
-0.00400069, -0.0145192, 0.0802516
-0.917802, 0.395107, -0.03912
0.365643, 0.802712, -0.471125
-0.154743, -0.446703, -0.881199

244
-0.0190342, 0.012219, -0.00336596
0.0267226, -0.00172383, 0.999641
-0.0918601, 0.995763, 0.00417276
-0.995413, -0.0919387, 0.026451

245
0.028266, -0.00189627, -0.0291287
0.0111987, -0.00137364, 0.999936
0.52571, -0.850635, -0.00705621
0.85059, 0.525756, -0.0088039

246
-0.0280283, -0.00403304, 0.0114846
-0.0261993, 0.00108171, -0.999656
-0.48288, -0.875609, 0.011708
-0.875295, 0.48302, 0.0234627

247
0.0113504, -0.0273429, -0.0642609
0.00275756, 0.00848727, 0.99996
-0.823217, 0.567721, -0.00254844
-0.567721, -0.823177, 0.00855239

248
-0.0219515, 0.0199035, -0.00721636
0.0119293, -0.00642212, 0.999908
0.961724, 0.273847, -0.00971489
-0.27376, 0.961752, 0.00944311

249
-0.0492438, 0.00203906, -0.0130584
-0.0125647, -0.00325768, -0.999916
0.475539, -0.879689, -0.00310953
-0.879605, -0.475538, 0.0126022

250
0.0177165, -0.0365927, -0.0492378
0.00743341, 0.00585462, 0.999955
-0.828189, 0.560441, 0.00287523
-0.560399, -0.828173, 0.00901472

251
0.0205779, -0.027009, 0.0128837
-0.0224856, -0.00670697, 0.999725
-0.996282, 0.0833401, -0.0218491
-0.0831706, -0.996499, -0.00855599

252
0.0309242, 0.00286836, -0.00795659
0.0119293, -0.00642212, 0.999908
0.620957, -0.783746, -0.012442
0.783754, 0.621048, -0.00536167

253
-0.000649479, -0.0117529, -0.138326
-0.942157, 0.305017, 0.138944
0.252868, 0.918944, -0.302655
-0.219997, -0.250014, -0.942918

254
-0.0376136, 0.0252437, -0.0191851
0.0137546, -0.00341081, 0.9999
0.579619, 0.814871, -0.00519359
-0.814772, 0.579632, 0.0131852

255
-0.00580745, -0.00318209, -0.0797508
-0.989176, -0.146521, 0.00789582
0.138267, -0.948764, -0.284128
0.0491221, -0.279961, 0.958754

256
-0.0282232, -0.0258168, 0.00321803
-0.0381727, 0.00307881, -0.999266
0.0125288, -0.999915, -0.00355942
-0.999193, -0.0126555, 0.0381309

257
0.00207716, -0.00456286, 0.0757854
-0.560089, -0.827988, 0.0271169
-0.800532, 0.54936, 0.239483
-0.213186, 0.112424, -0.970522

258
0.0173888, -0.0283693, -0.0405506
0.0040933, 0.00172802, 0.99999
-0.963701, 0.266962, 0.00348343
-0.266954, -0.963705, 0.00275805

259
0.0400137, -0.018047, 0.0381536
0.160065, 0.0316705, 0.986598
0.205192, -0.97872, -0.00187255
0.965544, 0.202741, -0.163157

260
0.0158362, -0.0200826, 0.0693337
-0.309855, 0.140659, -0.940322
0.68246, 0.721505, -0.116957
0.661996, -0.677972, -0.319556

261
0.0501399, 0.00100318, -0.00536937
0.0155914, -0.000163447, 0.999878
-0.496197, -0.868177, 0.00759545
0.86807, -0.496255, -0.0136172

262
-0.0024399, -0.0233812, -0.107223
0.998398, 0.0550746, -0.012948
0.00341552, 0.169768, 0.985478
0.056473, -0.983944, 0.169308

263
-0.019814, -0.0234475, 0.00726905
-0.0405072, 0.00789137, -0.999148
0.984436, -0.170829, -0.04126
-0.171009, -0.985269, -0.00084874

264
-0.0195993, 0.0163989, 0.0693709
-0.0044577, -0.219558, -0.975589
-0.913544, -0.3959, 0.0932721
-0.406715, 0.89166, -0.198811

265
0.0146774, 0.0159155, -0.0359095
-0.0241935, -0.00590462, -0.99969
-0.0421229, 0.999101, -0.00488172
0.998819, 0.0419917, -0.0244205

266
0.000715409, 0.0189524, -0.0984648
-0.175673, 0.00926193, -0.984405
-0.397971, -0.915273, 0.0624091
-0.900421, 0.402729, 0.164475

267
-0.0149093, -0.0318533, -0.0108516
0.00250933, 0.00468922, -0.999986
0.913387, 0.407072, 0.0042009
0.407086, -0.913384, -0.0032616

268
0.00253258, 0.0181397, -0.0785892
-0.999425, -0.0313382, -0.0129635
0.0238833, -0.921767, 0.387007
-0.0240775, 0.386475, 0.921986

269
-0.0129707, -0.0028814, -0.0754468
-0.986037, -0.0946595, 0.137005
0.0803528, -0.991067, -0.106442
0.145857, -0.0939471, 0.984835

270
0.014825, -0.0305847, -0.0435955
0.00688855, -0.000350205, 0.999976
-0.947989, 0.318234, 0.00664187
-0.318229, -0.948012, 0.00186018

271
0.0147187, 0.0151434, -0.0105569
0.00250933, 0.00468922, -0.999986
-0.0265602, 0.999637, 0.00462094
0.999644, 0.0265482, 0.00263296

272
0.0345044, -0.0391961, -0.0173362
0.012375, -0.00400374, 0.999915
-0.220273, -0.975437, -0.0011796
0.97536, -0.22024, -0.012953

273
-0.0054445, -0.0258637, 0.0515096
-0.389082, -0.0155566, 0.921072
-0.570079, 0.789469, -0.227481
-0.723619, -0.613593, -0.316037

274
0.0025244, -0.022472, 0.0247683
-0.152267, 0.00465067, 0.988328
-0.479481, 0.87408, -0.0779847
-0.864241, -0.485759, -0.130864

275
-0.0224581, -0.0202953, 0.0923626
-0.365903, 0.0250165, 0.930317
-0.291292, 0.946332, -0.140015
-0.883891, -0.322226, -0.338979

276
-0.0119884, -0.0214871, -0.0812318
-0.986037, -0.0946595, 0.137005
0.0184194, -0.879674, -0.47522
0.165504, -0.466061, 0.869135

277
0.0309305, -0.0414997, -0.0618435
0.00261939, -0.00216215, 0.999994
-0.266318, -0.963884, -0.00138648
0.963882, -0.266313, -0.0031006

278
0.0195731, -0.0271371, -0.0737814
0.0212085, -0.00277737, 0.999771
-0.998838, 0.0432177, 0.0213088
-0.043267, -0.999062, -0.00185756

279
-0.0378017, 0.025161, -0.0161836
0.012375, -0.00400374, 0.999915
0.57676, 0.816904, -0.00386709
-0.81682, 0.576759, 0.0124184

280
-0.0333571, 0.0524359, -0.11593
0.218916, -0.189388, -0.957188
-0.935265, 0.238893, -0.26117
0.278128, 0.952398, -0.12483

281
-0.00957982, -0.0281897, -0.0924832
-0.0255996, -0.00259551, -0.999669
0.719834, 0.693852, -0.0202351
0.693675, -0.720113, -0.015894

282
-0.0356205, -0.0407668, -0.0598769
-0.0365425, -0.00344308, -0.999326
0.25161, -0.967811, -0.00586618
-0.967139, -0.251655, 0.0362326

283
0.0220223, -0.0426473, 0.0726079
0.338449, 0.103581, 0.935267
-0.41257, -0.876962, 0.246422
0.845717, -0.469265, -0.254072

284
0.0174893, 0.0118741, 0.00779184
0.0129674, 0.0334141, -0.999357
0.0984518, 0.994543, 0.0345306
0.995057, -0.0988363, 0.00960694

285
0.00455036, -0.0134714, -0.146541
-0.890758, 0.450715, 0.0583675
0.208709, 0.519758, -0.828428
-0.403722, -0.725747, -0.557046

286
0.00830756, 0.0237374, 0.0304987
-0.255346, -0.037679, -0.966115
-0.259328, 0.965295, 0.0308937
0.931422, 0.258429, -0.256255

287
-0.00404427, 0.0196367, -0.0950095
0.0280871, 0.101645, -0.994424
-0.717866, -0.690231, -0.0908275
-0.695614, 0.716414, 0.0535807

288
0.0101238, -0.0357583, -0.100658
-0.175673, 0.00926193, -0.984405
0.679583, -0.722332, -0.128072
-0.712254, -0.691484, 0.1206

289
-0.0222729, 0.02117, -0.028531
0.0111987, -0.00137364, 0.999936
0.987023, 0.160211, -0.010834
-0.160186, 0.987082, 0.00314998

290
0.0363506, -0.0144691, -0.0890231
0.00873488, -0.00188356, 0.99996
-0.805682, -0.592318, 0.00592211
0.592284, -0.805702, -0.00669138

291
-0.0393114, 0.0110033, -0.00706641
0.0119293, -0.00642212, 0.999908
0.783754, 0.621048, -0.00536167
-0.620957, 0.783746, 0.012442

292
-0.0197511, 0.0204732, 0.035025
0.123985, 0.0147217, 0.992175
0.96532, 0.229722, -0.124038
-0.22975, 0.973145, 0.0142709

293
-0.0376966, -0.0399492, 0.0357431
0.222265, -0.0204789, -0.974771
0.225039, -0.971706, 0.0717272
-0.94866, -0.235304, -0.211367

294
0.00619532, -0.0263019, -0.000840057
0.0219477, 0.00135576, 0.999758
-0.682214, 0.731018, 0.0139853
-0.730823, -0.682356, 0.0169691

295
-0.0284191, -0.00179522, 0.00311544
-0.0390048, 0.00343272, -0.999233
-0.467542, -0.88384, 0.0152141
-0.88311, 0.467777, 0.036079

296
0.0206067, -0.0201924, 0.0620316
-0.0557798, 0.225441, -0.972659
0.887507, 0.457483, 0.0551377
0.457405, -0.860166, -0.225599

297
0.0546393, -0.0119782, -0.0832825
