0
0.00677363, -0.00801874, 0.0102424
0.00669483, -0.0530339, -0.99857
0.626962, 0.778165, -0.0371248
0.779021, -0.625817, 0.0384599

1
0.00447089, -0.00771087, 0.0175456
-0.0171777, -0.0217433, -0.999616
0.739473, 0.67263, -0.0273382
0.672967, -0.739659, 0.00452436

2
0.00719548, -0.0109493, 0.0152236
-0.00458529, -0.0283922, -0.999586
0.744633, 0.667099, -0.022364
0.667458, -0.744427, 0.0180829

3
0.00779097, 0.00528844, 0.0125622
-0.00791383, -0.0308469, 0.999493
0.600789, -0.79916, -0.0199071
0.799368, 0.600327, 0.0248569

4
0.00589488, 0.00718977, 0.00511734
-0.0476082, -0.111511, 0.992622
0.765689, -0.642234, -0.0354247
0.641446, 0.758354, 0.115959

5
0.00168553, -0.0121159, 0.0129748
0.00729325, -0.0324712, -0.999446
0.948311, 0.317325, -0.00338955
0.317259, -0.947761, 0.0331071

6
0.00995242, -0.00722202, 0.0191796
-0.0389645, -0.0288436, -0.998824
0.428719, 0.902424, -0.0427843
0.902597, -0.429882, -0.0227967

7
-0.0180059, -0.00517699, 0.0164314
-0.0446566, -0.00669881, -0.99898
-0.21052, -0.977459, 0.0159652
-0.976569, 0.211018, 0.0422397

8
0.0102321, 0.00155842, 0.00471755
-0.104488, -0.0273201, 0.994151
0.227356, -0.973808, -0.00286523
0.96819, 0.225727, 0.107963

9
0.0068883, -0.00792871, 0.0149341
-0.0142279, -0.0374993, -0.999195
0.623975, 0.780511, -0.0381772
0.781315, -0.624016, 0.0122936

10
0.0110409, -0.003369, 0.0186208
-0.0412474, -0.0386787, -0.9984
0.171231, 0.984193, -0.0452025
0.984367, -0.172822, -0.0339724

11
-0.018167, 0.00150442, 0.0134677
0.0409182, 0.0145096, 0.999057
-0.195793, 0.980626, -0.0062229
-0.979791, -0.195353, 0.0429663

12
-0.00639923, 0.00849036, 0.0147472
-0.0328415, -0.000137389, -0.999461
-0.963844, -0.264574, 0.0317075
-0.264436, 0.964365, 0.00855659

13
0.00198189, -0.0105589, 0.00352815
-0.0158241, -0.302127, -0.953136
0.89629, 0.418237, -0.147454
0.443187, -0.85662, 0.264175

14
-0.00455071, -0.0110104, 0.0153791
0.00865868, 0.0200254, 0.999762
-0.98584, 0.167609, 0.00518087
-0.167465, -0.98565, 0.0211931

15
-0.00650647, 0.0121596, 0.0101421
-0.0250458, 0.0319618, -0.999175
-0.978109, -0.207323, 0.0178859
-0.206581, 0.97775, 0.0364547

16
0.00703526, 0.00394465, 0.00400108
-0.0934254, -0.141277, 0.985552
0.527738, -0.846409, -0.0713045
0.844254, 0.513451, 0.153634

17
0.0179365, -0.00426162, 0.0293282
-0.0052536, 0.0669412, -0.997743
0.852759, 0.521414, 0.0304928
0.522278, -0.850674, -0.059824

18
0.0199638, 0.0211165, 0.0245481
-0.654281, 0.738668, -0.162132
-0.739738, -0.66967, -0.0657937
-0.157175, 0.0768879, 0.984573

19
0.0111485, -0.000514614, 0.00384439
-0.148492, -0.0349755, 0.988295
0.0687775, -0.99732, -0.024961
0.986519, 0.0642659, 0.1505

20
-0.00672186, -0.0126482, 0.00681371
0.0147746, 0.0892269, 0.995902
-0.962497, 0.271106, -0.0100104
-0.270888, -0.958405, 0.0898862

21
-0.00200391, 0.000221171, 0.0207508
-0.95664, 0.291214, 0.00583902
-0.266947, -0.86855, -0.417565
-0.116529, -0.401018, 0.908628

22
-0.00250417, -0.00371074, 0.0130919
-0.991964, 0.126225, -0.00867625
-0.114671, -0.86795, 0.483232
0.0534654, 0.480343, 0.875449

23
-0.00404983, -0.000365553, 0.0202257
0.806531, 0.591182, -0.00358008
-0.529693, 0.725307, 0.439722
0.262552, -0.352753, 0.898127

24
-0.00973508, 0.0072876, 0.0127989
-0.0428662, 0.00619037, -0.999062
-0.819724, -0.571885, 0.0316279
-0.571153, 0.82031, 0.0295889

25
0.00633451, 0.00277026, 0.00383703
-0.106853, -0.123743, 0.986545
0.442783, -0.894326, -0.0642177
0.890239, 0.429963, 0.150352

26
0.000346075, -0.0114967, -0.0112683
-0.968587, -0.246976, -0.0290222
0.0933968, -0.25313, -0.962913
0.23047, -0.935376, 0.268245

27
-0.00981124, 0.00715032, 0.00833208
-0.0558065, 0.0344495, -0.997847
-0.81788, -0.574806, 0.025897
-0.572676, 0.817565, 0.0602535

28
-0.00137037, 0.00125039, 0.0203139
0.916237, -0.400522, -0.00953288
0.38694, 0.878496, 0.280217
-0.103859, -0.260434, 0.959889

29
-0.0176942, -0.00707666, 0.0115403
-0.0662845, -0.000184051, -0.997801
-0.232501, -0.972471, 0.0156245
-0.970335, 0.233025, 0.0644169

30
-0.0067356, -0.0128211, 0.0131139
0.0227128, 0.0308827, 0.999265
-0.962265, 0.271779, 0.0134724
-0.271163, -0.961864, 0.0358903

31
-0.00384227, -0.00698247, 0.0083249
-0.977086, 0.211166, 0.026663
-0.147656, -0.582272, -0.799473
-0.153297, -0.785091, 0.60011

32
0.0162442, -0.0122877, 0.0120867
-0.00791383, -0.0308469, 0.999493
0.249152, -0.968062, -0.0279041
0.968432, 0.248805, 0.0153466

33
0.00834482, -0.00727663, 0.021538
-0.0548658, -0.0248382, -0.998185
0.489198, 0.87082, -0.048558
0.870445, -0.490974, -0.0356275

34
0.0100133, -0.00455563, 0.0256995
-0.0873243, -0.0472563, -0.995058
0.251865, 0.965374, -0.0679498
0.963814, -0.256554, -0.0723984

35
0.00315507, 0.00190992, 0.00898731
0.440522, -0.897699, 0.00876269
0.553702, 0.264005, -0.789756
0.70665, 0.352757, 0.613358

36
0.0108974, -0.0179337, 0.00425181
-0.104488, -0.0273201, 0.994151
-0.160461, -0.986063, -0.0439627
0.981496, -0.164116, 0.0986482

37
-0.00161284, -0.00537098, 0.0174407
-0.979201, -0.202782, 0.00672884
0.19696, -0.942081, 0.27146
-0.0487079, 0.267139, 0.962426

38
-0.00926738, -0.010903, 0.0108513
0.0208436, 0.0464541, 0.998703
-0.864733, 0.502204, -0.00531216
-0.501799, -0.863501, 0.0506381

39
0.00224535, 0.00926226, 0.00405237
-0.107933, -0.189228, 0.975983
0.938332, -0.343736, 0.0371239
0.328456, 0.919803, 0.214659

40
0.0141491, 0.000556171, -0.00866847
-0.324968, -0.628847, -0.706361
0.493867, 0.524127, -0.69382
0.80653, -0.574318, 0.140242

41
-0.00192656, -0.00549524, 0.00658513
-0.981571, -0.184644, -0.0492379
0.144528, -0.548741, -0.823405
0.125018, -0.815347, 0.565315

42
0.0186232, -0.00243699, 0.0127839
0.00729325, -0.0324712, -0.999446
0.754715, 0.655863, -0.0158011
0.656012, -0.754182, 0.0292899

43
0.00239171, 0.0102832, 0.00624648
-0.0509522, -0.06529, 0.996565
0.94212, -0.334246, 0.0262703
0.331383, 0.940222, 0.0785416

44
0.0170414, -0.0094631, 0.0105742
0.00448523, -0.0481157, -0.998832
0.895828, 0.444061, -0.0173686
0.444378, -0.894704, 0.0450951

45
-0.0211386, -0.0120604, 0.0105278
0.00448523, -0.0481157, -0.998832
0.947669, -0.318653, 0.0196056
-0.319224, -0.94665, 0.0441685

46
-0.00979951, 0.00530531, 0.0130279
-0.0501575, -0.000838639, -0.998741
-0.719728, -0.693284, 0.0367274
-0.692441, 0.720664, 0.0341697

47
0.00870979, -0.0198421, 0.00279398
-0.148492, -0.0349755, 0.988295
-0.313982, -0.945997, -0.0806547
0.937745, -0.322284, 0.129491

48
0.0114185, -0.0159784, 0.00203603
-0.106853, -0.123743, 0.986545
0.0683985, -0.990789, -0.116867
0.991919, 0.0549907, 0.114332

49
-0.0294091, 0.0115601, -0.0267251
0.425925, 0.904742, 0.00540279
-0.0149891, 0.0130269, -0.999803
-0.904634, 0.42576, 0.0191097

50
0.00121741, -0.0268314, -0.00353872
-0.491321, 0.495448, -0.716335
0.501511, -0.511498, -0.697751
-0.712103, -0.702069, 0.00283745

51
-0.00137085, -0.00365296, 0.0149919
0.776628, 0.629851, 0.0116834
-0.505346, 0.61182, 0.608524
0.376132, -0.478501, 0.793449

52
0.0174271, 0.00343457, 0.00375415
0.0191677, -0.12555, -0.991902
0.583216, 0.807215, -0.0909027
0.812091, -0.57675, 0.0886949

53
-0.00398263, 0.0128447, 0.0279079
-0.0294883, -0.0914375, -0.995374
-0.994934, -0.0930574, 0.0380238
-0.0961038, 0.991453, -0.0882302

54
-0.0179992, -0.00288577, 0.0136631
-0.183273, -0.117538, -0.97601
-0.113946, -0.983595, 0.139848
-0.976436, 0.136843, 0.166873

55
0.000146685, -0.000585097, -0.00834222
-0.531312, 0.829622, 0.171567
0.584212, 0.505461, -0.634985
-0.613517, -0.237144, -0.753232

56
-0.00248818, -0.00103151, 0.00914526
0.192319, -0.981328, -0.00300705
0.781302, 0.154971, -0.604609
0.593785, 0.113928, 0.796517

57
-0.0156311, 0.00486442, 0.0083434
0.425925, 0.904742, 0.00540279
-0.650272, 0.310269, -0.693455
-0.629074, 0.291847, 0.72048

58
0.0787202, 0.0428424, -0.000979051
-0.218975, 0.015055, -0.975614
-0.9077, 0.36367, 0.209344
0.357953, 0.931406, -0.0659691

59
-0.00654053, -0.00476983, 0.0206817
-0.800883, 0.596313, -0.0547455
-0.497867, -0.612276, 0.614204
0.332738, 0.519162, 0.787246

60
0.0160588, 0.00797452, 0.0170053
-0.0171777, -0.0217433, -0.999616
0.425651, 0.904485, -0.0269886
0.904724, -0.425951, -0.00628191

61
-0.00576137, -0.00523843, 0.00563633
-0.75617, 0.654316, -0.00879601
-0.351935, -0.417977, -0.837518
-0.551679, -0.63021, 0.546338

62
-0.00649002, 0.000851239, 0.0203144
-0.655535, 0.723617, -0.21599
-0.644388, -0.386874, 0.659616
0.393748, 0.571583, 0.719899

63
0.0111642, 0.0148924, 0.0246749
-0.0873243, -0.0472563, -0.995058
-0.136143, 0.990068, -0.0350717
0.986833, 0.132407, -0.0928907

64
0.00139123, 0.00777888, 0.0121684
-0.0241002, -0.00996681, 0.99966
0.949982, -0.311677, 0.0197951
0.311373, 0.950136, 0.0169798

65
0.0006123, -0.0209643, -0.0294401
-0.592425, 0.706982, -0.386276
0.594032, 0.059453, -0.802242
-0.544205, -0.704728, -0.455191

66
0.00111956, -0.000782551, 0.00958094
0.1082, -0.9937, -0.0292026
0.679194, 0.0953412, -0.72774
0.72594, 0.0589072, 0.685231

67
0.00414831, 0.00233389, 0.0036718
-0.486386, 0.868892, -0.0919576
-0.380556, -0.115929, 0.917463
0.786515, 0.481236, 0.387048

68
-0.00433217, -0.0106202, 0.020409
-0.966123, 0.258067, -0.00294961
-0.218778, -0.81287, 0.539795
0.136905, 0.522153, 0.841791

69
0.0170812, 0.00730731, 0.0120119
-0.00258917, -0.0427962, -0.99908
0.379539, 0.924285, -0.0405759
0.925172, -0.379295, 0.0138497

70
0.0181043, -0.00798517, 0.00399817
-0.0476082, -0.111511, 0.992622
0.461934, -0.883557, -0.0771036
0.885636, 0.454855, 0.0935754

71
-0.0066682, -0.0148715, 0.00930279
-0.95664, 0.291214, 0.00583902
-0.202033, -0.648972, -0.733497
-0.209815, -0.702872, 0.679668

72
0.015805, 0.00925267, 0.00938567
0.00669483, -0.0530339, -0.99857
0.281118, 0.95842, -0.0490168
0.95965, -0.280388, 0.0213253

73
-0.0106916, -0.0165155, 0.0134233
0.0409182, 0.0145096, 0.999057
-0.555839, 0.831221, 0.0106933
-0.830283, -0.555752, 0.0420771

74
-0.00507765, -0.00545981, 0.00519831
-0.808307, 0.587383, 0.0402617
-0.343731, -0.415283, -0.842252
-0.478004, -0.694638, 0.537578

75
-0.00955236, 0.0106439, 0.0109961
-0.0662845, -0.000184051, -0.997801
-0.586134, -0.809271, 0.0390865
-0.807498, 0.587435, 0.0535342

76
-0.0102609, 0.0127227, 0.0159651
-0.0446566, -0.00669881, -0.99898
-0.568212, -0.822301, 0.0309144
-0.82167, 0.569013, 0.0329148

77
0.0189031, 0.00464842, 0.0147268
-0.00458529, -0.0283922, -0.999586
0.432526, 0.9012, -0.0275817
0.90161, -0.432473, 0.00814809

78
0.0191571, 0.000309128, 0.00645021
-0.0509522, -0.06529, 0.996565
0.74359, -0.668611, -0.00578595
0.666692, 0.740741, 0.0826162

79
0.00156175, -0.00115542, -0.0497255
-0.996276, -0.025201, -0.0824574
0.042915, 0.684529, -0.727722
0.0747838, -0.72855, -0.680898

80
-0.00989541, 0.00975632, -0.00376797
0.59672, 0.773376, 0.214042
-0.273618, 0.446847, -0.85174
-0.754359, 0.449685, 0.478253

81
-0.0107385, -0.0275228, -0.0265837
-0.95664, 0.291214, 0.00583902
0.00550299, 0.0381131, -0.999258
-0.291221, -0.955898, -0.038063

82
0.0158538, 0.00938074, 0.0141568
-0.0142279, -0.0374993, -0.999195
0.277481, 0.959899, -0.0399757
0.960626, -0.277827, -0.00325202

83
0.00354741, 0.0183664, 0.0252823
-0.95664, 0.291214, 0.00583902
-0.291221, -0.955898, -0.038063
-0.00550299, -0.0381131, 0.999258

84
-0.0019628, 0.000434255, 0.00861564
-0.994613, 0.102099, -0.0179269
-0.0813143, -0.661185, 0.745804
0.0642928, 0.743243, 0.665925

85
-0.010859, -0.0106816, 0.00446445
-0.0163732, 0.229005, 0.973288
-0.756636, 0.633504, -0.161786
-0.653631, -0.739073, 0.162901

86
-0.0107936, -0.00881939, 0.0230395
0.0287718, -0.0371701, 0.998895
-0.701262, 0.711375, 0.04667
-0.712323, -0.70183, -0.00559847

87
-0.00326418, -0.0116053, 0.0289934
-0.00260858, -0.0664799, 0.997784
-0.99976, 0.0218602, -0.00115725
-0.0217348, -0.997548, -0.066521

88
-0.0056683, -0.0143722, 0.00980137
-0.491321, 0.495448, -0.716335
0.190825, -0.741233, -0.643552
-0.849817, -0.452886, 0.269639

89
0.0130496, 0.00988237, 0.014108
-0.0328415, -0.000137389, -0.999461
-0.991671, 0.124612, 0.0325684
0.12454, 0.992206, -0.00422869

90
0.00609188, 0.00343752, 0.00310784
-0.122996, -0.281847, 0.951543
0.551008, -0.816849, -0.170728
0.825386, 0.503309, 0.255769

91
-0.0120887, -0.0104552, 0.0231444
0.047865, -0.0575566, 0.997194
-0.672854, 0.735986, 0.0747768
-0.738225, -0.674546, -0.00349926

92
-0.0124412, 0.00860919, 0.0230986
-0.119033, -0.139565, -0.983032
-0.656045, -0.732104, 0.183379
-0.745276, 0.666742, -0.00441633

93
-0.0244355, 0.0044713, 0.0103456
-0.0250458, 0.0319618, -0.999175
-0.8246, -0.565711, 0.00257377
-0.565162, 0.823984, 0.0405244

94
-0.00376338, -0.0150458, 0.0203514
-0.994613, 0.102099, -0.0179269
-0.0997284, -0.895282, 0.434194
0.0282812, 0.433643, 0.900641

95
-0.0150855, -0.0166585, 0.00566914
0.0191677, -0.12555, -0.991902
0.986631, 0.162963, -0.00156113
0.161839, -0.978611, 0.126995

96
-0.000667095, 0.00294602, 0.00687657
-0.966123, 0.258067, -0.00294961
-0.149733, -0.551174, 0.820845
0.210207, 0.793479, 0.571143

97
-0.00524918, 0.0092858, 0.00623853
-0.0157043, 0.076807, -0.996922
-0.983278, -0.182107, 0.00145903
-0.181435, 0.980274, 0.0783825

98
0.0102014, 0.00150011, -0.00545499
0.192319, -0.981328, -0.00300705
0.494597, 0.0995757, -0.863399
0.847577, 0.16456, 0.504512

99
-0.0060841, -0.0151357, -0.00925639
-0.977086, 0.211166, 0.026663
-0.0777522, -0.237508, -0.968269
-0.198133, -0.948156, 0.248484

100
0.0356993, 0.031796, 0.0117963
0.00729325, -0.0324712, -0.999446
0.0697933, 0.997052, -0.0318841
0.997535, -0.0695221, 0.00953802

101
-0.00441867, 0.0012471, 0.00967546
-0.87007, -0.49245, 0.0216855
0.352241, -0.590366, 0.726219
-0.344825, 0.6395, 0.687121

102
-0.0453413, -0.0488333, 0.00239236
-0.0157043, 0.076807, -0.996922
0.181435, -0.980274, -0.0783825
-0.983278, -0.182107, 0.00145903

103
0.032815, 0.0357906, 0.0330174
0.0131909, 0.0708677, -0.997398
-0.0113325, 0.997432, 0.0707202
0.999849, 0.0103701, 0.0139601

104
0.0174449, 0.000704039, -0.000298715
-0.0158241, -0.302127, -0.953136
0.658464, 0.714215, -0.237325
0.752446, -0.631361, 0.187638

105
0.00168291, 0.0185747, 0.00409106
-0.105478, -0.00885403, 0.994382
0.504054, -0.862457, 0.0457875
0.857207, 0.506052, 0.095433

106
-0.00873904, -0.0093832, 0.0330401
0.00859834, -0.0603065, 0.998143
-0.834308, 0.549816, 0.0404062
-0.551232, -0.833106, -0.0455867

107
0.00317693, -0.0098157, 0.00515592
0.0191677, -0.12555, -0.991902
0.849595, 0.525057, -0.050041
0.527087, -0.841756, 0.11673

108
-0.00519779, -0.000641975, 0.0212924
-0.671684, -0.727047, -0.142281
0.433996, -0.541809, 0.719786
-0.600407, 0.421719, 0.679459

109
-0.00786179, 0.00870284, 0.0264551
-0.0200022, -0.0719782, -0.997206
-0.910199, -0.411385, 0.0479507
-0.413687, 0.908615, -0.0572859

110
0.0209914, 0.0428441, 0.0136323
-0.00458529, -0.0283922, -0.999586
-0.331693, 0.943049, -0.0252648
0.943376, 0.331439, -0.0137416

111
0.00865585, -0.00145974, 0.025306
-0.0804663, -0.0135496, -0.996665
0.0135001, 0.999801, -0.0146822
0.996666, -0.0146365, -0.0802674

112
0.00530266, -0.00470395, 0.0121624
-0.137123, 0.0128183, -0.990471
0.0175804, -0.999727, -0.0153719
-0.990398, -0.0195207, 0.13686

113
0.00508613, -0.0129011, 0.00839374
0.806531, 0.591182, -0.00358008
-0.388898, 0.535103, 0.749948
0.445271, -0.603464, 0.661487

114
0.0412082, 0.0460813, 0.0325833
-0.0052536, 0.0669412, -0.997743
-0.156185, 0.985457, 0.0669392
0.987714, 0.156185, 0.00527804

115
-0.0110531, -0.0107762, 0.0132128
0.0168212, 0.0346937, 0.999256
-0.801683, 0.597705, -0.00725671
-0.597513, -0.800965, 0.0378674

116
-0.0226541, 0.00729068, 0.0289713
-0.0294883, -0.0914375, -0.995374
-0.882422, -0.465387, 0.0688936
-0.469533, 0.880372, -0.066963

117
-0.0233728, 0.00207038, 0.00596812
-0.0157043, 0.076807, -0.996922
-0.838998, -0.54338, -0.0286477
-0.543908, 0.835966, 0.0729743

118
0.0164392, 0.00277909, -0.0238956
0.192319, -0.981328, -0.00300705
0.132594, 0.0290214, -0.990745
0.972333, 0.19014, 0.1357

119
0.042206, 0.0193395, 0.00929969
0.00448523, -0.0481157, -0.998832
0.319224, 0.94665, -0.0441685
0.947669, -0.318653, 0.0196056

120
-0.0224364, -0.00871043, 0.00548613
-0.037015, 0.0875969, -0.995468
-0.324446, -0.943241, -0.0709371
-0.94518, 0.32035, 0.0633345

121
-0.0243464, 0.0177048, -0.0298281
0.66859, 0.743564, -0.0100323
-0.0193854, 0.00394121, -0.999804
-0.743379, 0.668654, 0.0170493

122
-0.0272523, -0.0434985, 0.0217575
-0.0412474, -0.0386787, -0.9984
0.974964, 0.216968, -0.0486846
0.218504, -0.975412, 0.028761

123
-0.00836372, -0.00753983, 0.0303703
-0.0168561, -0.0361393, 0.999205
-0.797014, 0.603903, 0.00839674
-0.603726, -0.796238, -0.038983

124
0.0113524, 0.000817522, -0.00695178
0.1082, -0.9937, -0.0292026
0.349688, 0.065541, -0.934571
0.930597, 0.0909087, 0.354576

125
-0.00969251, 0.00912311, 0.0317458
-0.00700768, -0.0872489, -0.996162
-0.859967, -0.507842, 0.050529
-0.510301, 0.85702, -0.0714724

126
0.0134935, -0.0141078, -0.00113236
-0.122996, -0.281847, 0.951543
0.193203, -0.947278, -0.25561
0.973419, 0.152402, 0.170965

127
0.0149499, -0.0104661, 0.0151993
0.00865868, 0.0200254, 0.999762
-0.974884, -0.222341, 0.0128967
0.222547, -0.974763, 0.0175972

128
-0.0342951, -0.0562511, -0.000391519
-0.105478, -0.00885403, 0.994382
-0.984849, -0.137483, -0.105691
0.137646, -0.990465, 0.00578152

129
-0.00959281, -0.0208804, 0.0155826
-0.00458529, -0.0283922, -0.999586
0.943376, 0.331439, -0.0137416
0.331693, -0.943049, 0.0252648

130
-0.00282899, 0.000563468, 0.00842558
-0.991219, -0.127658, 0.0344666
0.110231, -0.653793, 0.748602
-0.0730309, 0.745828, 0.662124

131
0.0305395, 0.0230287, 0.012596
-0.601247, 0.799061, 0.00176546
-0.643043, -0.485161, 0.592549
0.47434, 0.355133, 0.805533

132
-0.0122397, -0.0177659, 0.0180515
-0.0171777, -0.0217433, -0.999616
0.940718, 0.338374, -0.0235258
0.338756, -0.94076, 0.0146418

133
0.0178584, 0.0461908, 0.0161431
-0.0171777, -0.0217433, -0.999616
-0.338756, 0.94076, -0.0146418
0.940718, 0.338374, -0.0235258

134
0.00162964, -0.0072867, 0.00407342
-0.324968, -0.628847, -0.706361
0.76492, 0.264448, -0.587337
0.556142, -0.731176, 0.39508

135
0.0687394, -0.0579071, -0.00105174
0.231452, -0.0131618, 0.972757
-0.72229, -0.672165, 0.162763
0.651711, -0.740285, -0.16508

136
-0.0122009, 0.00882622, 0.0304807
-0.104736, -0.169268, -0.979989
-0.663878, -0.721801, 0.195625
-0.74047, 0.671083, -0.0367749

137
-0.0227307, -0.0471928, 0.0284618
-0.0804663, -0.0135496, -0.996665
0.925965, 0.369085, -0.079776
0.368935, -0.929297, -0.0171525

138
-0.000513522, 0.0110686, 0.000513653
-0.991964, 0.126225, -0.00867625
-0.0854821, -0.618062, 0.781468
0.0932784, 0.77593, 0.623885

139
-0.0471849, 0.0213107, 0.0197184
-0.0111942, -0.0045541, 0.999927
-0.279263, 0.960214, 0.00124688
-0.960149, -0.279228, -0.0120206

140
-0.00388811, -0.00368594, 0.00780316
-0.654281, 0.738668, -0.162132
-0.411935, -0.527896, -0.742722
-0.634213, -0.419161, 0.649675

141
-0.000867077, -0.0367163, 0.000757871
-0.148492, -0.0349755, 0.988295
-0.648941, -0.750654, -0.124069
0.746207, -0.659769, 0.0887693

142
-0.000441842, -0.0147849, 0.0202294
-0.991219, -0.127658, 0.0344666
0.129788, -0.889441, 0.438234
-0.025288, 0.438859, 0.8982

143
-0.05046, -0.0159521, 0.0186688
-0.0171777, -0.0217433, -0.999616
0.904724, -0.425951, -0.00628191
-0.425651, -0.904485, 0.0269886

144
0.00247733, -0.0106048, 0.0293197
0.0131909, 0.0708677, -0.997398
0.919403, 0.391281, 0.0399609
0.393095, -0.917538, -0.0599947

145
0.0894308, -0.0392555, 0.0242622
-0.303091, 0.0180231, 0.952791
-0.537266, -0.829005, -0.155228
0.787071, -0.558951, 0.260947

146
-0.0031113, 9.99671e-05, 0.00960987
-0.985995, -0.166741, 0.00325162
0.132464, -0.794854, -0.592166
0.101323, -0.583442, 0.805809

147
-0.0212012, 0.0457044, 0.0253682
0.0287718, -0.0371701, 0.998895
0.389739, 0.920637, 0.0230322
-0.920476, 0.388646, 0.040975

148
0.0539435, 0.0462585, 0.006088
-0.137123, 0.0128183, -0.990471
-0.990398, -0.0195207, 0.13686
-0.0175804, 0.999727, 0.0153719

149
-0.00818774, -0.0205264, 0.0108064
0.00669483, -0.0530339, -0.99857
0.877356, 0.479441, -0.0195809
0.479794, -0.87597, 0.0497393

150
-0.020075, 0.00259019, -0.00696489
-0.234066, 0.54064, 0.808035
-0.493001, 0.650337, -0.577937
-0.837952, -0.533638, 0.114314

151
-0.0176671, -0.0145805, 0.0129136
0.00729325, -0.0324712, -0.999446
0.997535, -0.0695221, 0.00953802
-0.0697933, -0.997052, 0.0318841

152
0.0091495, -0.000424599, -0.0102905
-0.51724, 0.846402, 0.126755
0.699256, 0.50334, -0.507632
-0.493461, -0.173934, -0.852199

153
-0.00168608, -0.022853, 0.020085
-0.0389645, -0.0288436, -0.998824
0.741494, 0.669222, -0.0482515
0.669827, -0.742502, -0.00468857

154
-0.00802464, -0.0204881, 0.0156178
-0.0142279, -0.0374993, -0.999195
0.875474, 0.482298, -0.0305666
0.483056, -0.875204, 0.0259676

155
-0.0252337, 0.033398, -0.0290721
-0.234066, 0.54064, 0.808035
0.243917, 0.837197, -0.489496
-0.941126, 0.0825189, -0.327831

156
-0.0209355, -0.010703, 0.0136006
-0.0501575, -0.000838639, -0.998741
-0.399957, -0.916297, 0.0208555
-0.915161, 0.400499, 0.0456237

157
-0.00713914, -0.00706765, 0.00476469
-0.740119, 0.671267, 0.0402959
-0.34163, -0.323705, -0.882329
-0.579234, -0.666795, 0.468906

158
-0.000505882, -0.00311584, 0.0158306
0.66859, 0.743564, -0.0100323
-0.694211, 0.619264, -0.366857
-0.266569, 0.252241, 0.930223

159
-0.0381871, 0.00400052, 0.0197403
-0.0111942, -0.0045541, 0.999927
-0.625438, 0.780266, -0.00344813
-0.780193, -0.625431, -0.0115828

160
0.0365199, 0.0394518, -0.00167297
-0.183273, -0.117538, -0.97601
-0.976436, 0.136843, 0.166873
0.113946, 0.983595, -0.139848

161
0.0147203, 0.0116813, 0.0184477
-0.0389645, -0.0288436, -0.998824
0.050676, 0.99824, -0.0308036
0.997955, -0.0518166, -0.0374343

162
0.0136602, 0.00998905, -0.0176253
-0.531312, 0.829622, 0.171567
0.774524, 0.557736, -0.2984
-0.343248, -0.0256607, -0.938894

163
-0.0181842, 0.0210114, 0.0131851
0.0409182, 0.0145096, 0.999057
0.194061, 0.980738, -0.0221917
-0.980136, 0.194786, 0.0373143

164
0.0116903, 0.0472441, 0.00734036
0.00669483, -0.0530339, -0.99857
-0.479794, 0.87597, -0.0497393
0.877356, 0.479441, -0.0195809

165
-0.0159747, -0.0498508, 0.00160878
-0.105478, -0.00885403, 0.994382
-0.857207, -0.506052, -0.095433
0.504054, -0.862457, 0.0457875

166
-0.00894525, -0.00755627, 0.0304736
-0.0287965, -0.0236803, 0.999305
-0.736929, 0.67595, -0.0052179
-0.675356, -0.736567, -0.0369157

167
-0.0147306, 0.00631675, 0.0280705
0.137829, -0.189221, 0.972213
-0.195038, 0.957177, 0.213945
-0.971063, -0.219107, 0.0950211

168
0.0741073, -0.0477859, -0.00219199
0.231452, -0.0131618, 0.972757
-0.916708, -0.337705, 0.213547
0.325694, -0.94116, -0.0902279

169
0.0292361, 0.0368765, 0.0346337
-0.0239955, 0.0659697, -0.997533
-0.150808, 0.986163, 0.0688454
0.988272, 0.152088, -0.0137147

170
-0.0115236, -0.014983, 0.0251387
-0.531312, 0.829622, 0.171567
-0.0207222, 0.189729, -0.981618
-0.846923, -0.525101, -0.0836137

171
0.0332381, 0.0511383, 0.0111499
0.00729325, -0.0324712, -0.999446
-0.317259, 0.947761, -0.0331071
0.948311, 0.317325, -0.00338955

172
0.00480333, 0.0333326, 0.0243573
-0.0873243, -0.0472563, -0.995058
-0.503424, 0.864034, 0.00314565
0.859615, 0.501211, -0.0992412

173
0.00171932, 0.00496963, 0.00593315
-0.800883, 0.596313, -0.0547455
-0.332635, -0.366995, 0.868716
0.497935, 0.713951, 0.492275

174
0.0947259, 0.0323389, -0.00473359
-0.218975, 0.015055, -0.975614
-0.701623, 0.692421, 0.168163
0.678067, 0.721337, -0.14106

175
0.0446424, 0.0111956, 0.0207003
-0.0111942, -0.0045541, 0.999927
-0.48146, -0.876418, -0.00938155
0.876397, -0.481529, 0.0076182

176
-0.0460515, -0.0247229, 0.0163182
-0.0142279, -0.0374993, -0.999195
0.960626, -0.277827, -0.00325202
-0.277481, -0.959899, 0.0399757

177
0.0874365, 0.0242007, -0.0174533
-0.464919, 0.0112519, -0.885282
-0.366107, 0.90798, 0.203807
0.806112, 0.418862, -0.418018

178
-0.0161241, -0.0485684, -0.00195395
-0.148492, -0.0349755, 0.988295
-0.885105, -0.441032, -0.148596
0.441067, -0.89681, 0.0345328

179
0.0189494, -0.000815642, 0.00394571
-0.107933, -0.189228, 0.975983
0.741211, -0.669564, -0.0478485
0.662538, 0.718245, 0.212526

180
-0.00134628, -0.00192721, -0.0135742
-0.504432, 0.837981, 0.208171
0.57586, 0.506139, -0.642035
-0.643377, -0.203986, -0.737873

181
0.000204643, -0.0100367, 0.0200781
-0.957762, -0.285891, 0.0309483
0.255289, -0.795801, 0.549116
-0.132358, 0.533823, 0.835173

182
0.00317315, 0.00459311, -0.000356265
0.540778, 0.833239, -0.115202
0.504624, -0.430936, -0.748097
-0.672988, 0.34642, -0.653513

183
0.00189726, 0.0477332, 0.0179068
-0.0389645, -0.0288436, -0.998824
-0.669827, 0.742502, 0.00468857
0.741494, 0.669222, -0.0482515

184
0.101095, 0.0143374, -0.00644099
-0.218975, 0.015055, -0.975614
-0.38873, 0.915757, 0.101381
0.894952, 0.40145, -0.194675

185
-0.0380565, -0.00236026, 0.00998459
0.00448523, -0.0481157, -0.998832
0.75337, -0.656664, 0.0350158
-0.657581, -0.752647, 0.0333036

186
-0.0168546, -0.0153012, 0.0053441
-0.0158241, -0.302127, -0.953136
0.997664, 0.0585865, -0.0351342
0.0664559, -0.951466, 0.300494

187
-0.0377112, -0.0356399, 0.0218596
-0.0389645, -0.0288436, -0.998824
0.997955, -0.0518166, -0.0374343
-0.050676, -0.99824, 0.0308036

188
0.0173256, -0.0317577, 0.0114944
-0.00791383, -0.0308469, 0.999493
-0.140417, -0.989586, -0.0316529
0.990061, -0.140596, 0.00350001

189
0.00407582, 0.0481043, 0.0203946
-0.0548658, -0.0248382, -0.998185
-0.616978, 0.78685, 0.0143331
0.785065, 0.616645, -0.0584958

190
-0.00837886, -0.0145677, 0.0112988
0.916237, -0.400522, -0.00953288
0.317741, 0.711961, 0.626221
-0.244028, -0.576796, 0.779588

191
0.0140002, -0.00427578, -0.000394601
-0.303091, 0.0180231, 0.952791
-0.176639, 0.981433, -0.0747552
-0.936448, -0.190957, -0.29428

192
0.0105708, 0.0161205, 0.0178852
-0.0412474, -0.0386787, -0.9984
-0.218504, 0.975412, -0.028761
0.974964, 0.216968, -0.0486846

193
0.00267913, 0.0339584, 0.0175202
-0.0412474, -0.0386787, -0.9984
-0.574974, 0.818133, -0.0079409
0.817131, 0.573726, -0.0559851

194
-0.0123363, -0.00245728, 0.0216216
-0.504213, -0.595442, -0.625475
0.0263298, -0.734544, 0.67805
-0.863178, 0.325413, 0.386044

195
0.0447072, 0.0386656, 0.00837994
0.00448523, -0.0481157, -0.998832
-0.0677328, 0.996533, -0.0483091
0.997693, 0.0678703, 0.00121067

196
-0.0114325, 0.0474291, 0.0175813
-0.0412474, -0.0386787, -0.9984
-0.843909, 0.536301, 0.0140881
0.534898, 0.84314, -0.0547623

197
-0.00392101, 0.0115202, 0.0164452
0.540778, 0.833239, -0.115202
0.208671, -0.265563, -0.94124
-0.814871, 0.484963, -0.317483

198
-0.00594959, 0.00218793, 0.00710503
-0.699316, -0.709884, -0.0838034
0.363576, -0.454181, 0.813346
-0.615443, 0.538317, 0.575713

199
0.0181191, 0.0459914, 0.0137259
0.916237, -0.400522, -0.00953288
0.103859, 0.260434, -0.959889
0.38694, 0.878496, 0.280217

200
0.00569874, -0.0133726, 0.0318767
-0.0239955, 0.0659697, -0.997533
0.855332, 0.517899, 0.0136753
0.517524, -0.852894, -0.0688533

201
-0.00983537, -0.0107621, -0.0129635
-0.808307, 0.587383, 0.0402617
-0.134642, -0.117845, -0.983862
-0.573159, -0.800684, 0.174341

202
-0.0241074, -0.00381305, 0.00628006
0.0147746, 0.0892269, 0.995902
-0.785567, 0.617235, -0.0436464
-0.6186, -0.781703, 0.0792131

203
0.0461009, 0.00441032, 0.00450172
0.0147746, 0.0892269, 0.995902
-0.6186, -0.781703, 0.0792131
0.785567, -0.617235, 0.0436464

204
-0.00213798, -0.0646859, 0.010324
-0.00791383, -0.0308469, 0.999493
-0.799368, -0.600327, -0.0248569
0.600789, -0.79916, -0.0199071

205
0.000130035, 0.00707185, 0.00380732
-0.277415, -0.203578, 0.938934
0.933754, -0.287174, 0.21362
0.22615, 0.935995, 0.269758

206
-0.0245956, -0.003257, -0.0378537
-0.049782, 0.998718, -0.00916126
0.143742, -0.00191281, -0.989613
-0.988362, -0.0505818, -0.143462

207
-0.0220855, -0.00753899, 0.0343637
-0.104736, -0.169268, -0.979989
-0.329978, -0.923669, 0.194807
-0.93816, 0.343778, 0.0408868

208
0.0461581, 0.01167, 0.0144856
0.00865868, 0.0200254, 0.999762
-0.531983, -0.846481, 0.0215625
0.846711, -0.532043, 0.00332375

209
0.0729609, 0.042827, 0.00341079
-0.137123, 0.0128183, -0.990471
-0.921736, 0.364544, 0.132325
0.362767, 0.931098, -0.0381722

210
-0.0251052, -0.0297598, 0.013826
-0.0501575, -0.000838639, -0.998741
-0.0192948, -0.999812, 0.00180854
-0.998555, 0.0193613, 0.0501319

211
0.0462866, -0.00905385, 0.0130184
-0.0328415, -0.000137389, -0.999461
-0.613154, 0.789709, 0.0200392
0.78928, 0.613481, -0.0260195

212
-0.0462334, -0.0246489, 0.0107702
0.00669483, -0.0530339, -0.99857
0.95965, -0.280388, 0.0213253
-0.281118, -0.95842, 0.0490168

213
-0.000978695, 0.0622977, 0.0124105
-0.0142279, -0.0374993, -0.999195
-0.781315, 0.624016, -0.0122936
0.623975, 0.780511, -0.0381772

214
0.00924429, 0.00168048, 0.0139104
0.231452, -0.0131618, 0.972757
0.0499068, 0.998753, 0.00163895
-0.971565, 0.0481679, 0.23182

215
-0.028906, -0.0236329, 0.0157494
-0.00458529, -0.0283922, -0.999586
0.998499, -0.0546791, -0.00302721
-0.0545706, -0.9981, 0.0286003

216
0.00918843, -0.0172257, 0.0107602
0.0208436, 0.0464541, 0.998703
-0.990939, 0.133528, 0.0144706
-0.132683, -0.989956, 0.0488164

217
-0.023246, -0.00677707, 0.0132914
-0.0428662, 0.00619037, -0.999062
-0.538755, -0.842272, 0.0178972
-0.841371, 0.539017, 0.0394401

218
0.00160224, 0.00166402, 0.0198626
-0.740119, 0.671267, 0.0402959
-0.537288, -0.554236, -0.635723
-0.404406, -0.492161, 0.770865

219
-0.0232504, -0.00854882, 0.0198503
-0.0111942, -0.0045541, 0.999927
-0.876397, 0.481529, -0.0076182
-0.48146, -0.876418, -0.00938155

220
0.0137918, -0.015925, 0.0193096
0.66859, 0.743564, -0.0100323
-0.743379, 0.668654, 0.0170493
0.0193854, -0.00394121, 0.999804

221
0.0127257, -0.0141878, 0.00666315
0.0147746, 0.0892269, 0.995902
-0.992896, -0.116296, 0.0251495
0.118063, -0.989199, 0.0868748

222
-0.0152034, -0.00244862, -0.000764634
-0.049782, 0.998718, -0.00916126
-0.597237, -0.0371193, -0.801205
-0.800518, -0.0344142, 0.598319

223
-0.00869666, -0.0093541, 0.00667451
-0.531312, 0.829622, 0.171567
0.304958, 0.376234, -0.874899
-0.790384, -0.412524, -0.452898

224
-0.0303524, -0.0249448, 0.0134837
-0.0428662, 0.00619037, -0.999062
-0.175766, -0.984431, 0.00144179
-0.983498, 0.175663, 0.0432868

225
-0.00797971, -0.0613331, 0.0324883
-0.119033, -0.139565, -0.983032
0.745276, -0.666742, 0.00441633
-0.656045, -0.732104, 0.183379

226
-0.0239035, 0.0019928, 0.0105569
0.0208436, 0.0464541, 0.998703
-0.606879, 0.794423, -0.0242862
-0.794521, -0.605586, 0.0447506

227
0.00854116, -0.0191303, 0.0126135
-0.715279, -0.372615, -0.591214
0.482406, -0.875365, -0.0319357
-0.505628, -0.308048, 0.805883

228
-0.00984609, 0.0101093, -0.00683534
-0.87007, -0.49245, 0.0216855
0.19347, -0.300701, 0.933889
-0.453373, 0.816744, 0.356905

229
0.0127086, -0.0143605, 0.0127195
0.0227128, 0.0308827, 0.999265
-0.992787, -0.116998, 0.0261815
0.117721, -0.992652, 0.0280026

230
-0.0221535, 0.00619463, 0.0245886
0.047865, -0.0575566, 0.997194
-0.33913, 0.9381, 0.0704239
-0.939521, -0.341549, 0.025383

231
-0.00988642, -0.0198165, 0.0132436
-0.00258917, -0.0427962, -0.99908
0.92257, 0.385366, -0.0188983
0.38582, -0.921771, 0.0384847

232
-0.0335247, -0.00501605, 0.0252755
0.1082, -0.9937, -0.0292026
0.993579, 0.10907, -0.030059
0.0330548, -0.0257627, 0.999121

233
0.0468152, -0.0090669, 0.0325806
0.00859834, -0.0603065, 0.998143
-0.828548, -0.559284, -0.0266538
0.559852, -0.82678, -0.0547757

234
-0.0449216, 0.027155, 0.0149642
0.00865868, 0.0200254, 0.999762
-0.222547, 0.974763, -0.0175972
-0.974884, -0.222341, 0.0128967

235
-0.042761, -0.0334973, 0.0159478
-0.0328415, -0.000137389, -0.999461
-0.12454, -0.992206, 0.00422869
-0.991671, 0.124612, 0.0325684

236
0.0193023, 0.0585249, -0.00318265
0.0191677, -0.12555, -0.991902
-0.527087, 0.841756, -0.11673
0.849595, 0.525057, -0.050041

237
0.00779623, 0.0629036, 0.0159525
-0.0171777, -0.0217433, -0.999616
-0.672967, 0.739659, -0.00452436
0.739473, 0.67263, -0.0273382

238
0.000455977, -0.0114804, -0.0332096
-0.996276, -0.025201, -0.0824574
0.0682668, 0.353618, -0.932895
0.0526683, -0.93505, -0.350581

239
-0.00178885, -0.000505245, 0.0107091
0.59672, 0.773376, 0.214042
-0.541471, 0.58492, -0.603886
-0.592228, 0.244453, 0.767794

240
-0.0481544, -0.0199422, 0.0133482
-0.00258917, -0.0427962, -0.99908
0.925172, -0.379295, 0.0138497
-0.379539, -0.924285, 0.0405759

241
0.0244073, 0.00986839, -0.0167602
-0.51724, 0.846402, 0.126755
0.834867, 0.531587, -0.142868
-0.188305, 0.0319261, -0.981591

242
0.0143923, 0.0112544, 0.0207445
-0.0548658, -0.0248382, -0.998185
0.118855, 0.99242, -0.0312277
0.991395, -0.120353, -0.0514978

243
-0.00914946, -0.0503929, 0.00125283
-0.104488, -0.0273201, 0.994151
-0.807485, -0.581204, -0.100841
0.58056, -0.813299, 0.0386685

244
-0.0241157, -0.00395997, 0.0132351
0.0227128, 0.0308827, 0.999265
-0.785248, 0.619181, -0.00128773
-0.618765, -0.784641, 0.038314

245
0.012121, 0.00853372, -0.0230507
-0.504432, 0.837981, 0.208171
0.778235, 0.545674, -0.310791
-0.374031, 0.00523262, -0.927402

246
0.00686695, -0.0135384, 0.000328371
0.776628, 0.629851, 0.0116834
-0.322939, 0.382134, 0.865843
0.540888, -0.676211, 0.500179

247
-0.00810099, 0.0479576, 0.0247953
-0.0873243, -0.0472563, -0.995058
-0.794064, 0.606458, 0.0408841
0.601529, 0.79371, -0.0904831

248
-0.0411202, -0.0323489, 0.0248808
-0.0548658, -0.0248382, -0.998185
0.991395, -0.120353, -0.0514978
-0.118855, -0.99242, 0.0312277

249
-0.0478037, -0.0187879, 0.0156985
-0.00458529, -0.0283922, -0.999586
0.90161, -0.432473, 0.00814809
-0.432526, -0.9012, 0.0275817

250
0.00434119, 0.00607828, 0.00495322
-0.655535, 0.723617, -0.21599
-0.444656, -0.138689, 0.884899
0.610373, 0.676124, 0.412676

251
-0.052103, -0.00715026, 0.0107299
-0.0241002, -0.00996681, 0.99966
0.651214, 0.758538, 0.0232625
-0.758511, 0.651553, -0.0117904

252
0.00640775, 0.00801026, 0.0195418
-0.654281, 0.738668, -0.162132
-0.623281, -0.648118, -0.437565
-0.428296, -0.185237, 0.884449

253
-0.012637, -0.0200361, 0.0318771
-0.0239955, 0.0659697, -0.997533
0.988272, 0.152088, -0.0137147
0.150808, -0.986163, -0.0688454

254
0.0333217, -0.0553117, 0.0123092
-0.0241002, -0.00996681, 0.99966
-0.311373, -0.950136, -0.0169798
0.949982, -0.311677, 0.0197951

255
0.0356639, -0.0359454, 0.0125587
-0.0241002, -0.00996681, 0.99966
0.0758708, -0.997085, -0.00811201
0.996826, 0.0756495, 0.0247861

256
-0.0211461, 0.0150844, -0.0107626
0.66859, 0.743564, -0.0100323
-0.302388, 0.259524, -0.917174
-0.679374, 0.616247, 0.39836

257
-0.0126311, 0.00811844, 0.0066024
-0.037015, 0.0875969, -0.995468
-0.661453, -0.748848, -0.0413002
-0.749072, 0.656927, 0.0856599

258
-0.0299723, -0.0444496, 0.0133466
-0.0428662, 0.00619037, -0.999062
0.213982, -0.976719, -0.0152331
-0.975897, -0.214434, 0.0405436

259
-0.0221576, -0.00793666, 0.0266242
-0.119033, -0.139565, -0.983032
-0.320902, -0.931527, 0.17111
-0.939603, 0.335825, 0.0660958

260
-0.0263189, 0.0170649, -0.0184583
-0.234066, 0.54064, 0.808035
-0.134803, 0.805048, -0.57769
-0.96283, -0.244144, -0.115555

261
-0.000794462, -0.0021831, 0.0188699
0.425925, 0.904742, 0.00540279
-0.841509, 0.398336, -0.364953
-0.33234, 0.150896, 0.93101

262
-0.0290075, -0.0236818, 0.0134588
-0.00258917, -0.0427962, -0.99908
0.999991, 0.00328534, -0.00273226
0.00339925, -0.999078, 0.0427873

263
-0.0232811, -0.00695978, 0.00859827
-0.0558065, 0.0344495, -0.997847
-0.536469, -0.843919, 0.00086775
-0.842073, 0.535363, 0.0655773

264
-0.0073028, -0.0111641, 0.0236152
0.137829, -0.189221, 0.972213
-0.551802, 0.800468, 0.234022
-0.822507, -0.568724, 0.00591493

265
-0.0121026, 0.0154137, 0.0103521
-0.183273, -0.117538, -0.97601
-0.478938, -0.856356, 0.193062
-0.858504, 0.502832, 0.100653

266
0.0450526, -0.00844238, 0.00819072
-0.0250458, 0.0319618, -0.999175
-0.565162, 0.823984, 0.0405244
0.8246, 0.565711, -0.00257377

267
-0.0380625, -0.00948921, 0.0102406
-0.0250458, 0.0319618, -0.999175
-0.545553, -0.837974, -0.0131302
-0.837702, 0.544774, 0.0384246

268
-0.0519132, 0.00247896, 0.0121095
0.00729325, -0.0324712, -0.999446
0.656012, -0.754182, 0.0292899
-0.754715, -0.655863, 0.0158011

269
-0.0049018, -0.0221464, 0.0190061
-0.991964, 0.126225, -0.00867625
-0.126403, -0.985701, 0.111428
0.00551282, 0.111629, 0.993735

270
0.0237475, 0.0235381, 0.014168
-0.00458529, -0.0283922, -0.999586
0.0545706, 0.9981, -0.0286003
0.998499, -0.0546791, -0.00302721

271
-0.0103956, -0.0108375, -0.0124683
-0.75617, 0.654316, -0.00879601
-0.114027, -0.144989, -0.982841
-0.644364, -0.742191, 0.184247

272
-0.00671372, 0.0113696, -0.0329295
-0.671684, -0.727047, -0.142281
-0.388621, 0.182276, 0.903188
-0.630726, 0.661951, -0.404977

273
0.00533559, -0.0197598, 0.0221678
0.0287718, -0.0371701, 0.998895
-0.920476, 0.388646, 0.040975
-0.389739, -0.920637, -0.0230322

274
-0.0453129, -0.0275966, 0.00984316
-0.0250458, 0.0319618, -0.999175
-0.18345, -0.982663, -0.0268351
-0.98271, 0.182627, 0.030475

275
-0.0166108, -0.0145995, 0.0287834
0.0131909, 0.0708677, -0.997398
0.999849, 0.0103701, 0.0139601
0.0113325, -0.997432, -0.0707202

276
-0.00519612, 0.0116382, 0.00858355
-0.979201, -0.202782, 0.00672884
0.163328, -0.76814, 0.619101
-0.120374, 0.607323, 0.785283

277
0.0185732, 0.000374188, 0.0303126
0.0131909, 0.0708677, -0.997398
0.698987, 0.712624, 0.059878
0.715013, -0.697958, -0.0401355

278
-0.00417634, 0.0031585, 0.00639249
-0.957762, -0.285891, 0.0309483
0.185205, -0.530939, 0.826924
-0.219978, 0.797728, 0.561462

279
0.000890975, -0.00567742, -0.0489001
-0.981571, -0.184644, -0.0492379
-0.0601929, 0.543288, -0.837386
0.181368, -0.81899, -0.54439

280
0.0127806, -0.0166125, 0.0212318
0.466776, -0.0156392, 0.884238
-0.274062, 0.948065, 0.161441
-0.840839, -0.317692, 0.438247

281
-0.0111474, -0.0428257, 0.0163773
-0.0446566, -0.00669881, -0.99898
0.541678, -0.840381, -0.0185789
-0.839399, -0.541955, 0.0411571

282
0.0105799, -0.00570335, 0.022529
-0.464919, 0.0112519, -0.885282
0.0297534, -0.999156, -0.0283247
-0.884853, -0.0395088, 0.464192

283
-0.0296433, 0.0415567, 0.0117088
0.0168212, 0.0346937, 0.999256
0.245239, 0.968727, -0.037762
-0.969317, 0.245692, 0.00778691

284
-0.00627582, 0.0181858, 0.0047807
-0.0934254, -0.141277, 0.985552
0.810648, -0.585491, -0.00708381
0.578032, 0.798274, 0.169226

285
-0.000368168, -0.0110008, 0.0289724
-0.0052536, 0.0669412, -0.997743
0.987714, 0.156185, 0.00527804
0.156185, -0.985457, -0.0669392

286
0.00401802, -0.021543, 0.019615
-0.0412474, -0.0386787, -0.9984
0.534898, 0.84314, -0.0547623
0.843909, -0.536301, -0.0140881

287
0.0404375, 0.026631, 0.0312824
-0.0052536, 0.0669412, -0.997743
0.233685, 0.970213, 0.0638636
0.972298, -0.232822, -0.0207403

288
0.0130848, -0.0289908, 0.0252885
-0.87007, -0.49245, 0.0216855
0.4929, -0.869647, 0.0276465
0.00524425, 0.0347432, 0.999383

289
-0.0319582, -0.0239346, -0.0157216
-0.601247, 0.799061, 0.00176546
-0.192151, -0.142437, -0.970974
-0.775616, -0.584134, 0.23918

290
-0.0228489, 0.00425293, 0.000748809
-0.0163732, 0.229005, 0.973288
-0.448907, 0.868112, -0.21181
-0.893429, -0.440383, 0.0885881

291
0.0110542, 0.0596271, 0.0132012
-0.00458529, -0.0283922, -0.999586
-0.667458, 0.744427, -0.0180829
0.744633, 0.667099, -0.022364

292
0.00656061, -0.0191643, 0.0132075
0.0168212, 0.0346937, 0.999256
-0.969317, 0.245692, 0.00778691
-0.245239, -0.968727, 0.037762

293
-0.0214834, 0.0451768, 0.0271053
-0.0804663, -0.0135496, -0.996665
-0.915633, 0.39613, 0.0685388
0.39388, 0.918095, -0.0442816

294
0.0118917, 0.030979, 0.0180008
-0.0389645, -0.0288436, -0.998824
-0.335082, 0.942083, -0.0141334
0.941383, 0.334138, -0.0463728

295
-0.00873368, -0.0523754, 0.0173283
-0.991964, 0.126225, -0.00867625
-0.0534654, -0.480343, -0.875449
-0.114671, -0.86795, 0.483232

296
-0.0017908, -0.0145546, 0.0107349
0.00448523, -0.0481157, -0.998832
0.997693, 0.0678703, 0.00121067
0.0677328, -0.996533, 0.0483091

297
-0.000651618, 0.0102567, -0.00818922
-0.994613, 0.102099, -0.0179269
-0.0505208, -0.326428, 0.943871
0.0905164, 0.939692, 0.329828

298
0.0171359, -0.00198542, 0.00686805
-0.277415, -0.203578, 0.938934
0.776133, -0.623504, 0.094127
0.566267, 0.75485, 0.330973

299
0.012107, -0.0628396, -0.00245183
-0.0476082, -0.111511, 0.992622
-0.641446, -0.758354, -0.115959
