0
0.00733923, -0.00407424, 0.139418
0.999936, 0.00010411, -0.0112771
0.000420644, 0.998917, 0.0465206
0.0112697, -0.0465224, 0.998854

1
0.0130372, -0.0319749, -0.121953
0.999992, 0.00393654, 9.70473e-06
-0.0001394, 0.0329475, 0.999457
0.00393408, -0.999449, 0.0329478

2
0.000342119, -0.00772637, 0.143388
0.999935, -0.000826413, 0.0113625
-0.00066961, 0.991378, 0.131033
-0.0113728, -0.131032, 0.991313

3
-0.0596808, 0.0288429, 0.0322921
-0.00200142, 0.00304543, 0.999993
0.936906, -0.349568, 0.00293975
0.349575, 0.936906, -0.00215365

4
0.0769804, -0.0224207, 0.0355653
-0.00671337, 0.0009153, 0.999977
-0.616951, -0.786994, -0.00342156
0.786973, -0.61696, 0.00584808

5
0.0271649, 0.0159813, -0.00670272
0.00192628, -0.000937055, -0.999998
-0.679674, -0.733514, -0.000621902
-0.733511, 0.679674, -0.00204985

6
0.0337144, 0.0131286, -0.024518
-0.00372635, -0.00204351, -0.999991
-0.622611, -0.782522, 0.00391919
-0.782522, 0.62262, 0.00164363

7
-0.0439496, 0.0179977, -0.0213009
-0.294014, 1.85511e-06, 0.955801
1.45956e-06, 1, -1.49192e-06
-0.955801, 9.56408e-07, -0.294014

8
0.0842635, -0.0115018, 0.0383522
0.00134041, -1.7717e-06, 0.999999
-0.457996, -0.888954, 0.000612329
0.888953, -0.457996, -0.00119238

9
0.0124981, -0.0180023, 0.0400787
-0.993578, 1.19525e-06, 0.113151
-9.46579e-07, -1, 2.25143e-06
0.113151, 2.12987e-06, 0.993578

10
-0.0901583, -0.0170866, 0.0388349
-0.0117757, 1.70812e-05, -0.999931
0.532347, -0.846503, -0.00628363
-0.846445, -0.532384, 0.00995905

11
-0.0315438, 0.0171863, 0.141297
0.999871, -0.000661992, -0.0160543
-0.00802614, 0.844995, -0.534714
0.0139198, 0.534774, 0.844881

12
-0.059617, 0.0284661, -0.0246301
-0.00159158, 1.13529e-05, 0.999999
0.929369, 0.36915, 0.00147498
-0.369149, 0.92937, -0.000598083

13
-0.0304771, 0.0179981, -0.00136775
0.16465, 1.31282e-06, 0.986352
1.00914e-05, 1, -3.01552e-06
-0.986352, 1.04502e-05, 0.16465

14
0.0811414, -0.0201684, 0.0383564
0.00134041, -1.7717e-06, 0.999999
-0.76332, -0.646019, 0.00102202
0.646019, -0.763321, -0.000867286

15
0.032842, -0.0105187, -0.0848261
-0.00516286, -0.000151463, 0.999987
-0.51032, 0.859981, -0.00250449
-0.859969, -0.510326, -0.00451726

16
0.0911335, 0.0178141, -0.0366351
-0.000130945, -0.000840333, -1
-0.54919, 0.835697, -0.000630351
0.835698, 0.54919, -0.000570933

17
0.084332, -0.0114192, -0.0875802
-0.000493323, 8.74232e-05, 1
-0.455926, -0.890018, -0.000147111
0.890018, -0.455926, 0.000478925

18
-0.087069, 0.00180438, -0.0246735
-0.00159158, 1.13529e-05, 0.999999
0.396135, 0.918192, 0.000620058
-0.918191, 0.396135, -0.00146587

19
0.0812302, -0.0200932, -0.0875809
-0.000493323, 8.74232e-05, 1
-0.761816, -0.647794, -0.000319189
0.647794, -0.761816, 0.000386172

20
0.0978242, 0.0186733, -0.00656913
0.00192628, -0.000937055, -0.999998
-0.733511, 0.679674, -0.00204985
0.679674, 0.733514, 0.000621902

21
-0.0759947, 0.0178655, -0.0246561
-0.00159158, 1.13529e-05, 0.999999
0.717357, 0.696704, 0.00113382
-0.696703, 0.717358, -0.00111701

22
0.0537008, 0.0238091, 0.0523647
-0.986784, 0.0579922, -0.151309
0.0392866, 0.991528, 0.12381
0.157207, 0.116229, -0.980702

23
0.00660543, -0.0272562, 0.0741386
0.999936, 0.00010411, -0.0112771
0.0102509, -0.42525, 0.905018
-0.00470135, -0.905076, -0.425224

24
0.0292049, 0.00898017, -0.0489178
-0.00688366, 0.00400978, 0.999968
-0.12032, 0.992724, -0.00480899
-0.992711, -0.120349, -0.00635111

25
0.0329565, -0.00786668, -0.0548634
-0.00536043, -0.000864674, 0.999985
-0.397284, 0.917695, -0.00133613
-0.91768, -0.397286, -0.00526275

26
-0.0812136, -0.0243957, -0.0489113
0.0134234, -0.00059643, -0.99991
0.579974, -0.814593, 0.00827184
-0.814524, -0.580033, -0.0105887

27
0.0088351, -0.0187326, -0.0245207
-0.00159158, 1.13529e-05, 0.999999
-0.0146046, -0.999893, -1.18926e-05
0.999892, -0.0146046, 0.00159158

28
0.0253041, 0.00983131, 0.0203029
-0.000664077, -0.00447119, -0.99999
-0.556677, -0.830719, 0.00408402
-0.830729, 0.556674, -0.00193735

29
0.00108904, -0.0252909, 0.0763789
0.999935, -0.000826413, 0.0113625
-0.0102508, -0.500441, 0.86571
0.00497082, -0.86577, -0.500417

30
0.0217881, 0.0193169, -0.0823384
0.999993, 0.0036403, -0.000149223
-0.00348964, 0.94523, -0.326387
-0.00104709, 0.326385, 0.945236

31
0.0345926, -0.0102297, -0.101247
0.0123364, 0.0298742, 0.999478
-0.565059, 0.824861, -0.0176806
-0.824958, -0.564545, 0.0270565

32
0.0348252, -0.00872264, 0.0864717
-0.000285075, 0.00356068, 0.999994
-0.474407, 0.8803, -0.00326972
-0.880306, -0.474405, 0.00143826

33
0.0826931, 0.0213424, 0.0620778
-0.00992425, -0.000400443, -0.999951
-0.786859, 0.617086, 0.00756226
0.617053, 0.786895, -0.00643921

34
0.0219817, -0.0344212, -0.0964368
0.999993, 0.0036403, -0.000149223
-0.00230282, 0.663264, 0.748382
0.00282331, -0.748376, 0.663268

35
0.0267725, 0.0156061, 0.023453
0.000126133, -0.00489918, 0.999988
0.192174, 0.981349, 0.00478362
-0.981361, 0.192171, 0.00106527

36
-0.0890323, -0.0149868, 0.00936673
-0.0246854, -0.000214536, -0.999695
0.484615, -0.874648, -0.0117789
-0.874379, -0.484758, 0.021695

37
0.0350373, 0.0178958, 0.0861653
0.00579662, -0.000912144, -0.999983
-0.717956, -0.696079, -0.00352686
-0.696064, 0.717964, -0.00468979

38
0.041392, -0.0225437, -0.0528311
-0.999517, -0.00469077, 0.0307299
0.00187804, -0.995856, -0.0909273
0.0310291, -0.0908257, 0.995383

39
0.0384726, 0.014101, -0.142192
-0.999517, -0.00469077, 0.0307299
0.0101392, 0.885293, 0.464923
-0.0293858, 0.465009, -0.884818

40
-0.00771864, -0.0110935, 0.141363
0.999944, 0.00358143, -0.00991208
-0.0010743, 0.970229, 0.242186
0.0104844, -0.242162, 0.970179

41
-0.0700562, -0.0180027, 0.0323389
-0.478783, -1.1831e-06, -0.877933
5.81545e-06, -1, -1.82388e-06
-0.877933, -5.97882e-06, 0.478783

42
-0.0646278, 0.0640293, 0.10966
-0.97657, -0.169822, -0.132178
-0.185337, 0.351561, 0.917636
-0.109366, 0.920633, -0.374798

43
0.0104023, -0.018003, 0.0883966
-0.999937, 1.78068e-06, 0.0112364
-1.91798e-06, -1, -1.22081e-05
0.0112364, -1.22289e-05, 0.999937

44
-0.000495742, 0.0236548, 0.00717222
-0.0246854, -0.000214536, -0.999695
-0.113115, 0.993579, 0.00257993
0.993275, 0.113145, -0.0245511

45
0.064188, -0.0295887, -0.0875885
-0.000493323, 8.74232e-05, 1
-0.951726, -0.306949, -0.000442674
0.306949, -0.951726, 0.000234628

46
-0.000996716, 0.0220289, -0.0876252
-0.000493323, 8.74232e-05, 1
0.0806256, 0.996744, -4.73641e-05
-0.996744, 0.0806256, -0.000498766

47
0.0277212, -0.024096, 0.0817726
0.999974, 0.00639807, -0.00319003
0.00673913, -0.992525, 0.121854
-0.00238655, -0.121872, -0.992543

48
0.0349696, 0.008984, -0.0516333
0.0026343, 0.00344095, -0.999991
-0.479721, -0.877411, -0.00428289
-0.877417, 0.479728, -0.000660664

49
0.0640772, -0.0296243, 0.0383793
0.00134041, -1.7717e-06, 0.999999
-0.952437, -0.304734, 0.00127612
0.304733, -0.952438, -0.000410157

50
0.0295004, 0.0281911, 0.0754881
0.997543, -1.22078e-05, 0.0700628
0.0647336, 0.382707, -0.921599
-0.0268022, 0.92387, 0.381767

51
-0.00862326, 0.0106195, 0.0579493
0.999944, 0.00358143, -0.00991208
0.00500471, -0.989046, 0.147521
-0.00927517, -0.147562, -0.989009

52
0.0082043, 0.011986, 0.035072
-0.00671337, 0.0009153, 0.999977
-0.120223, 0.992745, -0.0017158
-0.992724, -0.120232, -0.00655462

53
-0.0305386, 0.0111513, 0.0413369
-0.000777224, 0.00324081, 0.999994
0.583075, -0.812413, 0.00308607
0.812418, 0.583074, -0.00125821

54
0.0352854, -0.00955673, -0.0488016
-0.00688366, 0.00400978, 0.999968
-0.491055, 0.871101, -0.00687339
-0.871101, -0.491087, -0.00402734

55
0.00722407, -0.0189643, 0.12907
0.999936, 0.00010411, -0.0112771
0.00826632, 0.673445, 0.739191
0.00767144, -0.739237, 0.673401

56
-0.0329561, -0.0265374, 0.0551401
0.999871, -0.000661992, -0.0160543
0.0020883, -0.985323, 0.17069
-0.0159317, -0.170701, -0.985194

57
0.0935593, 0.021623, -0.0859859
-0.520668, 0.843444, 0.132315
-0.776738, -0.532302, 0.336649
0.354376, 0.0725082, 0.932288

58
-0.0041127, 0.0200967, 0.0599209
0.0104313, 3.78887e-06, 0.999946
0.0419798, 0.999118, -0.000441715
-0.999064, 0.0419821, 0.010422

59
-0.0626226, -0.030589, -0.0242897
-0.00124822, -0.0073743, -0.999972
0.911753, 0.410718, -0.00416694
0.410737, -0.911733, 0.00621088

60
-0.0283168, 0.0179979, -0.0283395
-0.974785, -6.32806e-06, 0.223147
-4.79488e-06, 1, 7.41253e-06
-0.223147, 6.15566e-06, -0.974785

61
-0.000987161, 0.0221449, 0.0384666
0.00134041, -1.7717e-06, 0.999999
0.0829449, 0.996554, -0.000109415
-0.996553, 0.082945, 0.00133594

62
-0.0430843, 0.0185883, 0.0323565
-0.00200142, 0.00304543, 0.999993
0.731812, -0.681497, 0.00354014
0.681504, 0.731814, -0.000864715

63
0.0304088, -0.00888214, -0.0185825
0.00137415, -0.00214203, 0.999997
-0.417593, 0.908631, 0.00252016
-0.908633, -0.417595, 0.000354098

64
0.0362044, 0.00811578, -0.024512
-0.00282845, -0.00123973, -0.999995
-0.522359, -0.852722, 0.00253463
-0.852721, 0.522363, 0.0017643

65
0.0302321, -0.00849302, 0.083476
-0.000538184, 0.00491976, 0.999988
-0.409815, 0.912157, -0.00470821
-0.912169, -0.409812, 0.00152529

66
-0.0452766, -0.0178224, 0.0883096
0.999272, 0.0175624, 0.0338696
-0.00611834, -0.802495, 0.596628
0.0376584, -0.596401, -0.801803

67
0.0134578, 0.0179985, 0.0305308
-0.99738, 5.78206e-06, -0.0723459
4.50307e-06, 1, 1.78419e-05
0.0723459, 1.74693e-05, -0.99738

68
0.0303141, 0.00866978, 0.0713257
0.00117348, -0.000999824, -0.999999
-0.413444, -0.910529, 0.000425201
-0.910529, 0.413443, -0.00148186

69
0.0399609, -0.0163912, -0.0797934
0.99999, -0.00355754, -0.00273122
0.00378353, 0.996134, 0.087767
0.00240843, -0.0877765, 0.996137

70
-0.0275392, 0.0229961, 0.0863583
0.00604847, -0.00321034, 0.999977
0.819947, -0.572398, -0.00679718
0.572407, 0.819969, -0.000829824

71
-0.067651, -0.0405769, 0.0474981
0.00332826, -0.00154589, -0.999993
0.991486, 0.130175, 0.00309871
0.130169, -0.99149, 0.00196598

72
-0.00941758, 0.0147924, 0.0621762
0.00607543, -0.000175011, 0.999982
0.655883, -0.754852, -0.00411695
0.754838, 0.655895, -0.00447126

73
0.0231615, -0.0236558, -0.0244036
-0.00372635, -0.00204351, -0.999991
0.113074, -0.993585, 0.00160907
-0.99358, -0.113067, 0.00393351

74
-0.00831048, -0.0221876, 0.0776487
0.999944, 0.00358143, -0.00991208
0.0100974, -0.595019, 0.803648
-0.00301967, -0.803704, -0.595022

75
-0.0156815, 0.0179986, -0.00557838
-0.999563, -3.7035e-06, -0.0295607
-4.29653e-06, 1, 1.9998e-05
0.0295607, 2.01162e-05, -0.999563

76
0.00421878, -0.018002, 0.0103983
-0.999971, 1.11147e-06, 0.00756555
-1.05204e-06, -1, 7.8597e-06
0.00756555, 7.85152e-06, 0.999971

77
-0.0261598, 0.0319976, 0.00839986
-0.478783, -1.1831e-06, -0.877933
-0.877933, -5.97882e-06, 0.478783
-5.81545e-06, 1, 1.82388e-06

78
-0.010027, 0.0281917, 0.0176296
0.0120033, 3.79802e-06, -0.999928
-0.923816, 0.382677, -0.0110882
0.382649, 0.923882, 0.0045969

79
-0.0466988, -0.016216, -0.0543935
-0.00155576, -0.00769916, -0.999969
0.684283, 0.729186, -0.0066789
0.729215, -0.684273, 0.00413397

80
-0.00529163, 0.0168328, -0.0245435
-0.00159158, 1.13529e-05, 0.999999
0.696703, -0.717358, 0.00111701
0.717357, 0.696704, 0.00113382

81
-0.0645126, 0.0173527, 0.0169755
0.0120033, 3.79802e-06, -0.999928
-0.707051, -0.707112, -0.00849025
-0.707061, 0.707102, -0.008485

82
0.0269125, -0.0162982, 0.0321936
0.00310925, 0.00525161, -0.999981
0.205935, -0.978555, -0.00449877
-0.978561, -0.205917, -0.00412407

83
0.0437415, -0.0319583, 0.0594219
0.0104313, 3.78887e-06, 0.999946
-0.999064, 0.0419821, 0.010422
-0.0419798, -0.999118, 0.000441715

84
0.0457139, 0.0194745, 0.0781928
0.999989, -0.00287664, -0.00368541
-0.00393043, -0.944138, -0.329527
-0.0025316, 0.329538, -0.944139

85
-0.0341958, 0.0210456, -0.0574623
-0.00130264, -0.00285846, 0.999995
0.600966, -0.799273, -0.00150186
0.799274, 0.600961, 0.002759

86
-0.0123723, -0.010919, 0.0379189
-0.0117757, 1.70812e-05, -0.999931
0.578293, 0.815801, -0.00679632
0.815744, -0.578332, -0.00961648

87
-0.0246547, -0.0160208, -0.0754854
-0.000816565, 0.0105974, 0.999944
-0.140384, -0.990043, 0.0103778
0.990097, -0.140367, 0.00229613

88
0.0216595, 0.0179997, 0.0184793
-0.998409, 1.20016e-05, -0.0563799
9.67492e-06, 1, 4.15416e-05
0.0563799, 4.09301e-05, -0.998409

89
0.0138768, -0.0199059, -0.00669469
0.00192628, -0.000937055, -0.999998
0.0380686, -0.999275, 0.00100971
-0.999273, -0.0380705, -0.00188921

90
0.00572801, -0.0273813, -0.0365859
-0.000130945, -0.000840333, -1
0.187578, -0.982249, 0.000800855
-0.98225, -0.187577, 0.000286248

91
-0.00798014, -0.0134263, -0.0967093
0.999994, 0.00200623, -0.00299065
0.000319074, 0.777824, 0.628482
0.00358708, -0.628478, 0.777819

92
-0.0423064, -0.0208521, 0.0321484
0.00333833, 0.0102571, -0.999942
0.717004, 0.697004, 0.00954342
0.697062, -0.716994, -0.00502757

93
0.0421229, 0.0246301, 0.102797
0.114899, -0.0190364, -0.993195
-0.729415, -0.680341, -0.071343
-0.674353, 0.732649, -0.0920556

94
0.0098406, 0.0319976, 0.0384004
-0.999937, 1.78068e-06, 0.0112364
0.0112364, -1.22289e-05, 0.999937
1.91798e-06, 1, 1.22081e-05

95
-0.0173818, -0.0196181, 0.0782418
0.999965, -0.00814432, -0.00184344
-0.00706879, -0.943134, 0.332338
-0.00444528, -0.332313, -0.943159

96
0.0288475, 0.0112047, -0.0548689
-0.00536043, -0.000864674, 0.999985
-0.0158621, 0.999874, 0.000779549
-0.99986, -0.0158577, -0.00537346

97
0.017031, 0.00113212, 0.0179543
0.0120033, 3.79802e-06, -0.999928
-0.382663, 0.923877, -0.00459004
0.92381, 0.38269, 0.011091

98
0.0189746, 0.031667, 0.125661
0.999996, -0.00271529, -0.000137823
-0.000448577, -0.114781, -0.993391
0.00268153, 0.993387, -0.114782

99
0.00384055, 0.0319976, -0.0396006
-0.999971, 1.11147e-06, 0.00756555
0.00756555, 7.85152e-06, 0.999971
1.05204e-06, 1, -7.8597e-06

100
-0.00441187, 0.00689181, 0.0378255
-0.0117757, 1.70812e-05, -0.999931
0.222101, 0.97502, -0.00259891
0.974953, -0.222116, -0.0114853

101
0.0258427, -0.000471761, -0.0426539
-0.000975835, -0.0104461, 0.999945
-0.00939811, 0.999901, 0.0104364
-0.999955, -0.00938741, -0.00107391

102
0.0260442, -0.0265033, -0.0876076
-0.000493323, 8.74232e-05, 1
-0.890018, 0.455926, -0.000478925
-0.455926, -0.890018, -0.000147111

103
-0.0171593, -0.0320024, 0.0203994
-0.974785, -6.32806e-06, 0.223147
-0.223147, 6.15566e-06, -0.974785
4.79488e-06, -1, -7.41253e-06

104
0.00271702, -0.021501, 0.0620961
0.00607543, -0.000175011, 0.999982
-0.0699724, -0.997549, 0.000250534
0.99753, -0.0699726, -0.00607278

105
-0.0442104, -0.0196103, -0.0455341
-0.00333572, -0.00468081, -0.999983
0.752151, 0.658967, -0.00559356
0.658982, -0.752158, 0.00132255

106
0.0148067, 0.0180112, 0.0462385
0.0367744, 1.7918e-05, -0.999324
-0.000272078, 1, 7.91782e-06
0.999324, 0.000271603, 0.0367744

107
-0.0583893, 0.000608477, -0.0837311
0.0863145, -0.990459, 0.107429
0.922834, 0.0388544, -0.383234
0.375403, 0.132217, 0.917383

108
0.0630176, -0.0289589, 0.0592208
0.0104313, 3.78887e-06, 0.999946
-0.93908, -0.34356, 0.00979769
0.343541, -0.939131, -0.00358023

109
0.0443491, -0.00331575, -0.168244
-0.162853, 0.986501, -0.0171446
0.70542, 0.104268, -0.701079
-0.689828, -0.126267, -0.712878

110
-0.0329354, -0.00703442, 0.0556237
0.999871, -0.000661992, -0.0160543
-0.00416746, -0.975644, -0.219321
-0.0155181, 0.219359, -0.975521

111
0.0275402, -0.0173592, 0.100752
-0.999964, 1.19849e-05, -0.00848092
0.00598869, -0.707078, -0.707111
-0.00600514, -0.707136, 0.707052

112
0.0339533, 0.0452991, -0.102899
0.0123364, 0.0298742, 0.999478
0.545924, 0.837233, -0.031763
-0.837744, 0.54603, -0.00598066

113
0.0198473, -0.0172286, 0.0861093
0.00579662, -0.000912144, -0.999983
-0.01548, -0.99988, 0.000822316
-0.999863, 0.015475, -0.00581004

114
-0.0467403, -0.0192602, -0.0243931
-0.00124822, -0.0073743, -0.999972
0.685168, 0.728359, -0.00622655
0.728384, -0.685156, 0.00414348

115
0.0343498, -0.0219041, 0.0232683
0.000126133, -0.00489918, 0.999988
-0.55804, 0.829804, 0.0041358
-0.829814, -0.558033, -0.00262927

116
-0.026441, -0.0155571, -0.0960233
0.999969, -0.00775873, 0.00112265
0.00545529, 0.791521, 0.611118
-0.0056301, -0.611093, 0.791539

117
-0.0323267, -0.00413877, -0.0456462
-0.00333572, -0.00468081, -0.999983
0.442716, 0.896644, -0.00567389
0.896656, -0.442727, -0.000918688

118
0.0276777, -0.0281972, 0.0845313
-0.999964, 1.19849e-05, -0.00848092
0.0078309, -0.382645, -0.923862
-0.00325626, -0.923895, 0.382631

119
-0.0791559, -0.0180028, 0.0167996
0.0120033, 3.79802e-06, -0.999928
7.4358e-06, -1, -3.70903e-06
-0.999928, -7.39074e-06, -0.0120033

120
-0.0820741, -0.0227924, 0.0387396
-0.0117757, 1.70812e-05, -0.999931
0.815744, -0.578332, -0.00961648
-0.578293, -0.815801, 0.00679632

121
-0.00387285, 0.0263934, 0.0378195
-0.0117757, 1.70812e-05, -0.999931
-0.167904, 0.985801, 0.00199416
0.985733, 0.167916, -0.0116056

122
0.0829364, 0.0233572, -0.0366387
-0.000130945, -0.000840333, -1
-0.827193, 0.561918, -0.000363882
0.561918, 0.827193, -0.000768698

123
-0.0500825, -0.0106487, 0.168167
-0.23432, 0.972021, 0.0163897
-0.712362, -0.183149, 0.677493
0.661539, 0.147075, 0.735347

124
-0.081609, 0.0241549, 0.086689
0.00604847, -0.00321034, 0.999977
0.572407, 0.819969, -0.000829824
-0.819947, 0.572398, 0.00679718

125
-0.0735407, -0.0174159, -0.0767821
-0.683426, -0.181981, -0.706974
0.605616, -0.682081, -0.409871
-0.407625, -0.708271, 0.576363

126
0.0258623, 0.0105201, 0.0833801
-0.000538184, 0.00491976, 0.999988
-0.0295479, 0.999551, -0.00493352
-0.999563, -0.0295502, -0.000392573

127
0.0321816, 0.0281921, 0.0373138
0.997543, -1.22078e-05, 0.0700628
0.0647256, -0.38266, -0.921619
0.0268215, 0.923889, -0.381719

128
0.0290983, 0.00992676, 0.0864036
-0.000285075, 0.00356068, 0.999994
-0.101417, 0.994838, -0.00357123
-0.994844, -0.101417, 7.75087e-05

129
-0.0291599, 0.0319976, 0.0174
0.0120033, 3.79802e-06, -0.999928
-0.999928, -7.39074e-06, -0.0120033
-7.4358e-06, 1, 3.70903e-06

130
0.0298475, -0.00398192, 0.0410844
-0.00639157, -0.000217739, 0.99998
-0.199588, 0.979879, -0.00106234
-0.979859, -0.199591, -0.00630642

131
-0.081317, -0.00114911, 0.0427009
0.0367744, 1.7918e-05, -0.999324
0.382676, -0.923776, 0.0140657
-0.92315, -0.382934, -0.0339782

132
0.023949, 0.00184433, 0.0861156
0.00579662, -0.000912144, -0.999983
-0.396933, -0.917846, -0.00146369
-0.917829, 0.396934, -0.00568247

133
-0.0246018, -0.0156373, -0.0426958
0.00120188, -0.00542427, 0.999985
-0.132706, -0.991142, -0.00521681
0.991155, -0.132698, -0.00191106

134
-0.0245852, 0.0155063, 0.0475547
0.00332826, -0.00154589, -0.999993
-0.130169, 0.99149, -0.00196598
0.991486, 0.130175, 0.00309871

135
-0.0271608, -0.022732, -0.0481866
0.0134234, -0.00059643, -0.99991
0.814524, 0.580033, 0.0105887
0.579974, -0.814593, 0.00827184

136
0.0268305, -0.00390256, 0.0233574
0.000126133, -0.00489918, 0.999988
-0.198005, 0.980189, 0.00482715
-0.980201, -0.198003, -0.000846429

137
0.0312238, -0.00625535, -0.0366412
-0.00141076, 0.00172091, 0.999998
-0.305057, 0.952332, -0.00206925
-0.952333, -0.305059, -0.000818538

138
0.000978691, 0.0186002, -0.0860721
0.999994, -0.00297673, -0.00149221
0.00185718, 0.870561, -0.492057
0.00276378, 0.492052, 0.870562

139
0.0272991, 0.0255599, 0.0626259
-0.00992425, -0.000400443, -0.999951
-0.8712, -0.490848, 0.00884301
-0.490827, 0.871245, 0.00452243

140
0.0472531, -0.0237608, 0.0865288
-0.000285075, 0.00356068, 0.999994
-0.775173, 0.631744, -0.00247043
-0.631749, -0.775169, 0.00258005

141
0.0290114, 0.0131278, -0.0366776
-0.00141076, 0.00172091, 0.999998
0.0826061, 0.996581, -0.00159849
-0.996581, 0.0826037, -0.0015481

142
0.00684055, 0.0319976, -0.00960034
-0.993578, 1.19525e-06, 0.113151
0.113151, 2.12987e-06, 0.993578
9.46579e-07, 1, -2.25143e-06

143
0.0199188, -0.0281956, 0.0492941
-0.998409, 1.20016e-05, -0.0563799
0.052092, 0.382721, -0.922394
0.0215667, -0.923864, -0.382113

144
-0.0447873, 0.024477, 0.0412826
-0.000777224, 0.00324081, 0.999994
0.84959, -0.527439, 0.00236966
0.527443, 0.849587, -0.00234342

145
-0.0364024, -0.00271594, -0.024528
-0.00124822, -0.0073743, -0.999972
0.354272, 0.935114, -0.00733822
0.935142, -0.354271, 0.00144528

146
0.0263506, 0.00787864, -0.0848568
-0.00516286, -0.000151463, 0.999987
-0.142378, 0.989812, -0.000585167
-0.989799, -0.142379, -0.00513183

147
0.0266965, 0.00320933, 0.0322953
0.00310925, 0.00525161, -0.999981
-0.18422, -0.982868, -0.00573453
-0.98288, 0.184234, -0.00208854

148
-0.0218214, -0.0261107, 0.0414644
-0.000777224, 0.00324081, 0.999994
-0.16217, -0.986758, 0.00307187
0.986763, -0.162167, 0.0012925

149
0.0311894, -0.0181419, 0.0349939
0.00445978, 0.0127665, -0.999909
0.302866, -0.952972, -0.0108164
-0.953023, -0.30279, -0.00811659

150
-0.0263152, 0.00191387, -0.0873427
0.999969, -0.00775873, 0.00112265
0.00719457, 0.965125, 0.261691
-0.00311388, -0.261675, 0.965151

151
0.0258768, 0.0100931, -0.0185357
0.00137415, -0.00214203, 0.999997
-0.0380867, 0.999272, 0.00219282
-0.999273, -0.0380895, 0.00129157

152
-0.0261599, 0.0319976, -0.057601
-0.999868, -7.07468e-06, 0.0162517
0.0162517, 1.46925e-05, 0.999868
-7.31253e-06, 1, -1.45756e-05

153
0.0440509, -0.0239139, -0.0548178
-0.00536043, -0.000864674, 0.999985
-0.718224, 0.695805, -0.00324839
-0.695791, -0.718231, -0.00435084

154
-0.0247122, 0.01632, 0.0942388
-0.023949, 0.00321839, -0.999708
-0.14633, 0.989213, 0.00669009
0.988946, 0.146447, -0.0232198

155
-0.0335469, -0.00299104, -0.100683
0.0323779, -0.0225885, -0.99922
0.360358, 0.932766, -0.00940951
0.932252, -0.359773, 0.0383409

156
0.0861362, 0.0127982, 0.0620471
-0.00992425, -0.000400443, -0.999951
-0.490827, 0.871245, 0.00452243
0.8712, 0.490848, -0.00884301

157
0.033318, 0.0173538, 0.0211322
0.997543, -1.22078e-05, 0.0700628
0.0495345, -0.707089, -0.705387
0.0495493, 0.707124, -0.705351

158
0.0430307, -0.00461513, 0.16653
0.37451, -0.926894, 0.0246976
0.588902, 0.25835, 0.7658
-0.716196, -0.272255, 0.642604

159
0.0487456, 0.0201907, 0.0457982
-0.992839, 0.0233018, -0.117168
0.017977, 0.998766, 0.0462988
0.118102, 0.0438609, -0.992032

160
-0.00205921, 0.0179981, -0.0236001
-0.999998, -6.67079e-07, -0.00200581
-6.87435e-07, 1, 1.01477e-05
0.00200581, 1.01491e-05, -0.999998

161
-0.0312402, -0.00478658, 0.0323501
0.00333833, 0.0102571, -0.999942
0.395671, 0.91833, 0.0107409
0.918386, -0.395684, -0.000992766

162
-0.0172296, -0.000307173, 0.0754725
0.999965, -0.00814432, -0.00184344
-0.00823184, -0.998513, -0.0538911
-0.00140179, 0.0539044, -0.998545

163
-0.034191, 0.0210382, -0.075886
-0.000816565, 0.0105974, 0.999944
0.600838, -0.799321, 0.00896182
0.79937, 0.600811, -0.0057146

164
-0.0021118, 0.00421291, 0.00721629
-0.0246854, -0.000214536, -0.999695
0.275605, 0.961245, -0.00701177
0.960954, -0.275694, -0.0236696

165
0.0275179, 0.0127798, 0.0919999
0.999974, 0.00639807, -0.00319003
0.00307774, -0.787998, -0.61567
-0.00645283, 0.615644, -0.787998

166
0.029758, 0.0155269, 0.0410881
-0.00639157, -0.000217739, 0.99998
0.190581, 0.98167, 0.00143189
-0.981651, 0.190586, -0.00623292

167
0.00631186, 0.00103321, 0.0483686
0.999936, 0.00010411, -0.0112771
0.0039241, -0.940683, 0.339265
-0.0105728, -0.339288, -0.940623

168
0.0291301, -0.00963038, -0.0517127
0.0026343, 0.00344095, -0.999991
-0.107431, -0.994206, -0.00370405
-0.994209, 0.10744, -0.00224937

169
0.0474882, 0.0239467, -0.0515488
0.0026343, 0.00344095, -0.999991
-0.778977, -0.627038, -0.0042097
-0.627046, 0.778981, 0.00102862

170
0.00587734, -0.00787281, -0.0366023
-0.000130945, -0.000840333, -1
-0.202592, -0.979263, 0.000849436
-0.979263, 0.202592, -4.20149e-05

171
-0.0170667, 0.0185934, 0.0803042
0.999965, -0.00814432, -0.00184344
-0.00814167, -0.901877, -0.431916
0.0018551, 0.431915, -0.901912

172
0.00369579, 0.0281914, -0.0587342
-0.999971, 1.11147e-06, 0.00756555
0.00699006, 0.382691, 0.92385
-0.00289424, 0.923877, -0.38268

173
0.0300263, -0.0157529, -0.103899
-0.0924149, -0.0173901, -0.995569
0.195782, -0.980647, -0.00104418
-0.976283, -0.195011, 0.094031

174
-0.0316755, 0.00276314, 0.0324276
-0.00200142, 0.00304543, 0.999993
0.415306, -0.909675, 0.00360157
0.90968, 0.415311, 0.00055586

175
0.00137867, 0.00508129, 0.0530999
0.999935, -0.000826413, 0.0113625
-0.00373354, -0.966057, 0.258301
0.0107633, -0.258326, -0.965998

176
0.0633391, 0.00291033, -0.0896263
-0.505053, 0.86126, 0.0561465
-0.805484, -0.446979, -0.389108
-0.310027, -0.241746, 0.919479

177
-0.00733034, -0.0287543, 0.0860699
0.00604847, -0.00321034, 0.999977
-0.215055, -0.9766, -0.00183451
0.976583, -0.215038, -0.00659734

178
0.0861579, -0.0309081, -0.101266
0.0123364, 0.0298742, 0.999478
-0.978401, -0.205911, 0.0182309
0.206348, -0.978115, 0.0266888

179
-0.0316701, 0.0228692, 0.133197
0.999871, -0.000661992, -0.0160543
-0.0127421, 0.576024, -0.817333
0.00978876, 0.817432, 0.575942

180
0.0406855, -0.0233164, -0.0365984
-0.00141076, 0.00172091, 0.999998
-0.646278, 0.763099, -0.00222498
-0.763101, -0.64628, 3.56359e-05

181
0.0391174, 0.0236077, 0.0202321
-0.000664077, -0.00447119, -0.99999
-0.832209, -0.554454, 0.00303175
-0.554462, 0.832202, -0.00335277

182
-0.00219785, -0.0281966, 0.0455334
-0.999998, -6.67079e-07, -0.00200581
0.00185339, -0.382674, -0.923882
-0.000766954, -0.923883, 0.382673

183
0.00649847, -0.00113737, 0.126472
-0.99738, 5.78206e-06, -0.0723459
0.0276814, -0.923873, -0.381697
-0.0668406, -0.3827, 0.921452

184
0.0175041, 0.0253303, 0.104886
0.0561146, -0.0949785, 0.993896
0.15238, 0.984618, 0.0854885
-0.986728, 0.146653, 0.0697243

185
0.0258686, -0.010326, 0.0713395
0.00117348, -0.000999824, -0.999999
-0.0335287, -0.999437, 0.000959917
-0.999437, 0.0335275, -0.00120634

186
0.0456484, 0.000155002, 0.075481
0.999989, -0.00287664, -0.00368541
-0.00266244, -0.998378, 0.0568626
-0.003843, -0.0568521, -0.998375

187
0.024785, -0.0273523, 0.0596196
0.0104313, 3.78887e-06, 0.999946
-0.90695, 0.421132, 0.00945962
-0.421109, -0.906999, 0.00439641

188
0.0494448, 0.0224438, -0.0245672
-0.00282845, -0.00123973, -0.999995
-0.808919, -0.587913, 0.00301686
-0.587914, 0.808923, 0.000660041

189
0.0290215, 0.00124487, 0.0352318
0.00445978, 0.0127665, -0.999909
-0.0848946, -0.996304, -0.0130992
-0.99638, 0.0849452, -0.00335948

190
0.0523508, 0.00439462, 0.0537282
-0.986784, 0.0579922, -0.151309
0.0964566, 0.960531, -0.260913
0.130206, -0.27206, -0.953431

191
-0.0812778, -0.021131, 0.00917657
-0.0246854, -0.000214536, -0.999695
0.782336, -0.622561, -0.0191846
-0.622367, -0.782571, 0.015536

192
-0.0403118, -0.00113652, -0.0201819
-0.294014, 1.85511e-06, 0.955801
-0.365768, 0.92388, -0.112516
-0.883046, -0.382683, -0.271633

193
-0.0432512, -0.00977139, 0.0808299
0.999799, 0.0171174, 0.0104114
0.00844909, -0.831421, 0.555579
0.0181663, -0.55538, -0.831398

194
-0.0160257, -0.0281912, 0.0451031
0.0367744, 1.7918e-05, -0.999324
0.92315, 0.382934, 0.0339782
0.382676, -0.923776, 0.0140657

195
0.0457409, 0.020532, -0.0916331
0.999997, 0.00227836, 0.000670032
-0.00129407, 0.759341, -0.650691
-0.00199129, 0.650689, 0.759342

196
-0.0265422, -0.0243275, 0.0380856
-0.0117757, 1.70812e-05, -0.999931
0.846445, 0.532384, -0.00995905
0.532347, -0.846503, -0.00628363

197
-0.0171593, -0.0320024, 0.0443988
-0.999563, -3.7035e-06, -0.0295607
0.0295607, 2.01162e-05, -0.999563
4.29653e-06, -1, -1.9998e-05

198
0.000181544, -0.0173481, 0.0456997
0.0367744, 1.7918e-05, -0.999324
0.706436, 0.707299, 0.0260091
0.706821, -0.706915, 0.0259979

199
-0.00849219, -0.00774346, 0.0645362
0.999944, 0.00358143, -0.00991208
0.00817321, -0.85729, 0.514769
-0.00665392, -0.514821, -0.857272

200
-0.0439902, -0.0194694, -0.100649
0.0323779, -0.0225885, -0.99922
0.689685, 0.724085, 0.00597919
0.723385, -0.689341, 0.0390233

201
-0.017254, 0.0182429, 0.088585
0.999994, 0.00353476, 0.000311021
0.00300285, -0.796289, -0.604909
-0.00189054, 0.604906, -0.796295

202
0.0189194, 0.013061, 0.09222
0.999996, -0.00271529, -0.000137823
-0.00221332, -0.783593, -0.62127
0.00157893, 0.621268, -0.783596

203
0.00467549, 0.0281915, -0.0286116
-0.993578, 1.19525e-06, 0.113151
0.104538, 0.382685, 0.917945
-0.0433002, 0.923879, -0.380228

204
0.01884, -0.0320024, 0.0683977
-0.998409, 1.20016e-05, -0.0563799
0.0563799, 4.09301e-05, -0.998409
-9.67492e-06, -1, -4.15416e-05

205
0.0480551, 0.0276327, -0.104629
0.43473, 0.382159, -0.815453
-0.843408, -0.144666, -0.51743
-0.315709, 0.912703, 0.259426

206
0.0267067, 0.00326392, 0.0683663
-0.000144147, -0.00437876, -0.99999
-0.185327, -0.982667, 0.00432962
-0.982677, 0.185326, -0.000669855

207
0.0218589, -1.15556e-05, -0.0796909
0.999993, 0.0036403, -0.000149223
-0.00362472, 0.998181, 0.0601842
0.00036804, -0.0601833, 0.998187

208
-0.0456118, 0.0192841, 0.0789578
0.999272, 0.0175624, 0.0338696
0.0223022, -0.989168, -0.14508
0.0309548, 0.14573, -0.98884

209
0.00619303, 0.0173532, 0.0178243
0.0120033, 3.79802e-06, -0.999928
-0.707061, 0.707102, -0.008485
0.707051, 0.707112, 0.00849025

210
0.0373959, -0.0219715, 0.0411288
-0.00639157, -0.000217739, 0.99998
-0.559371, 0.82891, -0.00339484
-0.828893, -0.559381, -0.00541983

211
-0.0826883, -0.024383, -0.0489311
0.0134234, -0.00059643, -0.99991
0.847531, -0.530617, 0.0116943
-0.530576, -0.847612, -0.00661721

212
0.045612, -0.0187318, 0.0803689
0.999989, -0.00287664, -0.00368541
-0.000989121, -0.900625, 0.434596
-0.00456934, -0.434587, -0.900618

213
-0.0250488, -0.0173575, -0.0140643
-0.974785, -6.32806e-06, 0.223147
-0.157792, 0.707111, -0.689272
-0.157785, -0.707102, -0.689282

214
0.00125421, 0.00265015, -0.0876224
-0.000493323, 8.74232e-05, 1
-0.306949, 0.951726, -0.000234628
-0.951726, -0.306949, -0.000442674

215
0.0248376, -0.0178742, -0.0803936
0.999999, -0.00105825, -0.000131586
0.00106481, 0.984132, 0.177436
-5.8274e-05, -0.177436, 0.984132

216
0.0486283, -0.0203043, 0.093421
-0.995494, 0.0939897, -0.0125781
0.0697489, 0.635886, -0.768625
-0.0642446, -0.766039, -0.639576

217
-0.00215946, -0.0320024, 0.0263993
-0.999998, -6.67079e-07, -0.00200581
0.00200581, 1.01491e-05, -0.999998
6.87435e-07, -1, -1.01477e-05

218
-0.026807, 0.0190443, 0.0949006
-0.0204203, 0.0291713, -0.999366
-0.320438, 0.946652, 0.0341802
0.947049, 0.320933, -0.00998332

219
0.00100371, 0.0333849, -0.0988006
0.999994, -0.00297673, -0.00149221
0.000658162, 0.615993, -0.787751
0.00326411, 0.787746, 0.615992

220
0.0123982, -0.0173571, 0.0451364
-0.99738, 5.78206e-06, -0.0723459
0.0511594, 0.707119, -0.705241
0.0511531, -0.707094, -0.705266

221
-0.0140287, 0.00892289, 0.0862314
0.00604847, -0.00321034, 0.999977
0.538482, -0.842616, -0.00596222
0.842615, 0.538506, -0.00336783

222
0.0823891, -0.0255607, 0.0356044
-0.00671337, 0.0009153, 0.999977
-0.87115, -0.490987, -0.00539907
0.490971, -0.871166, 0.00409354

223
0.0458797, -0.0250314, -0.084761
-0.00516286, -0.000151463, 0.999987
-0.80057, 0.599225, -0.00404253
-0.599217, -0.80058, -0.00321498

224
-0.0630141, 0.0294172, 0.0625044
0.00607543, -0.000175011, 0.999982
0.948375, 0.317099, -0.00570639
-0.317092, 0.948392, 0.00209249

225
0.0570812, -0.0352138, 0.0901656
-0.985259, -0.120685, 0.121241
-0.170393, 0.755253, -0.632898
-0.0151864, -0.644227, -0.764683

226
0.0458159, -0.0158438, -0.079748
0.999997, 0.00227836, 0.000670032
-0.0023231, 0.997042, 0.0768277
-0.000493009, -0.076829, 0.997044

227
0.0304295, 0.012975, 0.092154
0.999962, 0.00735969, -0.0046618
0.00288853, -0.784924, -0.619586
-0.00821912, 0.619549, -0.784915

228
0.0344381, 0.019985, 0.0354952
0.00445978, 0.0127665, -0.999909
-0.45973, -0.887958, -0.0133877
-0.888047, 0.459748, 0.00190908

229
0.0430925, -0.0230031, 0.0816511
0.999898, 0.0138275, 0.00367469
0.0133905, -0.99489, 0.100073
0.00503967, -0.100014, -0.994973

230
-0.0258681, -0.00396044, 0.0475805
0.00332826, -0.00154589, -0.999993
0.259165, 0.965833, -0.000630504
0.965827, -0.259161, 0.00361518

231
0.0454616, 0.0311101, -0.0366403
-0.000130945, -0.000840333, -1
-0.98225, -0.187577, 0.000286248
-0.187578, 0.982249, -0.000800855

232
0.0378268, -0.00634354, 0.144333
-0.986784, 0.0579922, -0.151309
0.0238644, -0.871573, -0.489684
-0.160275, -0.486823, 0.858671

233
0.0274485, -0.00113847, 0.111591
-0.999964, 1.19849e-05, -0.00848092
0.00323476, -0.923864, -0.382708
-0.0078398, -0.382722, 0.92383

234
-0.0264708, 0.0281913, -0.0767325
-0.999868, -7.07468e-06, 0.0162517
0.0150118, 0.382697, 0.923752
-0.00622602, 0.923874, -0.382646

235
0.0339623, 0.0213145, 0.032413
0.00310925, 0.00525161, -0.999981
-0.546329, -0.837548, -0.00609726
-0.837565, 0.546338, 0.000264954

236
-0.00743606, 0.0292051, -0.0479528
0.0134234, -0.00059643, -0.99991
-0.224121, 0.974555, -0.00359005
0.974469, 0.224149, 0.0129482

237
-0.0177249, -0.0281968, 0.0635247
-0.999563, -3.7035e-06, -0.0295607
0.0273122, -0.382665, -0.923483
-0.0113084, -0.923887, 0.382498

238
-0.036381, 0.0003407, -0.0545371
-0.00155576, -0.00769916, -0.999969
0.353137, 0.935539, -0.0077525
0.93557, -0.353138, 0.00126339

239
0.0386771, 0.0204176, -0.134578
-0.999517, -0.00469077, 0.0307299
0.0206129, 0.639953, 0.768138
-0.0232689, 0.7684, -0.639547

240
0.0298284, -0.0195683, -0.0428495
-0.000975835, -0.0104461, 0.999945
-0.391349, 0.920196, 0.00923104
-0.920242, -0.391319, -0.00498602

241
0.026567, -0.0116289, 0.100842
0.0561146, -0.0949785, 0.993896
-0.589973, 0.799929, 0.109752
-0.805471, -0.592531, -0.011147

242
0.000932636, 6.99676e-05, -0.0799704
0.999994, -0.00297673, -0.00149221
0.00277347, 0.992593, -0.121452
0.00184268, 0.121447, 0.992596

243
0.030841, 0.0319976, 0.0564011
0.997543, -1.22078e-05, 0.0700628
0.0700628, 2.50392e-05, -0.997543
1.04235e-05, 1, 2.5833e-05

244
0.0428171, -0.00358602, 0.0835232
0.999898, 0.0138275, 0.00367469
0.0142998, -0.957432, -0.288304
-0.000468269, 0.288327, -0.957532

245
-0.0274674, -0.00113628, -0.0246296
-0.974785, -6.32806e-06, 0.223147
-0.085399, 0.923882, -0.373027
-0.206159, -0.382678, -0.900587

246
0.030681, 0.0284332, -0.0489856
-0.00688366, 0.00400978, 0.999968
0.268733, 0.963212, -0.00201246
-0.96319, 0.268711, -0.00770798

247
0.0247795, -0.00421399, -0.0244493
-0.00372635, -0.00204351, -0.999991
-0.275759, -0.961222, 0.00299187
-0.961219, 0.275768, 0.00301833

248
0.00642719, -0.0156746, 0.0584402
0.999936, 0.00010411, -0.0112771
0.00767144, -0.739237, 0.673401
-0.00826632, -0.673445, -0.739191

249
-0.0267343, 0.0173524, -0.0929514
-0.999868, -7.07468e-06, 0.0162517
0.0114865, 0.707117, 0.707003
-0.0114969, 0.707096, -0.707024

250
-0.0259133, -0.0183622, 0.0969789
0.082091, -0.0358075, 0.995981
-0.249369, -0.968304, -0.0142589
0.964923, -0.247196, -0.0884183

251
0.0278399, -0.0320024, 0.0653977
-0.999964, 1.19849e-05, -0.00848092
0.00848092, 4.13146e-05, -0.999964
-1.16341e-05, -1, -4.14148e-05

252
-0.0639397, -0.0300647, 0.00875036
-0.0246854, -0.000214536, -0.999695
0.960954, -0.275694, -0.0236696
-0.275605, -0.961245, 0.00701177

253
0.000872555, -0.0193847, -0.0814244
0.999994, -0.00297673, -0.00149221
0.00326751, 0.963513, 0.267643
0.000641058, -0.267647, 0.963517

254
-0.0331848, 0.0195855, -0.0546902
-0.00155576, -0.00769916, -0.999969
-0.0317712, 0.999466, -0.00764585
0.999494, 0.0317583, -0.00179954

255
0.0370409, -0.00313906, 0.14034
-0.992839, 0.0233018, -0.117168
0.0285872, -0.905955, -0.422409
-0.115992, -0.422733, 0.898801

256
0.0479968, -0.0243554, -0.0486548
-0.00688366, 0.00400978, 0.999968
-0.787032, 0.616862, -0.00789138
-0.616874, -0.787061, -0.00109045

257
-0.0753503, 0.00113144, 0.0168454
0.0120033, 3.79802e-06, -0.999928
-0.382649, -0.923882, -0.0045969
-0.923816, 0.382677, -0.0110882

258
-0.0480766, 0.00253216, -0.0820302
0.994818, -0.0281715, -0.0976896
-0.00159505, 0.956402, -0.292048
0.101658, 0.290691, 0.951401

259
0.0291032, -0.00211808, -0.0487754
-0.00233463, -0.0115355, 0.999931
-0.102347, 0.994685, 0.011236
-0.994746, -0.102314, -0.00350284

260
0.0282645, 0.0179997, 0.0154016
-0.999964, 1.19849e-05, -0.00848092
1.16341e-05, 1, 4.14148e-05
0.00848092, 4.13146e-05, -0.999964

261
0.0126965, 0.0544983, -0.089429
0.999992, 0.00393654, 9.70473e-06
-0.00268324, 0.68342, -0.73002
-0.00288039, 0.730015, 0.683425

262
-0.0113843, 0.0189777, 0.0788899
0.999989, -0.000933637, -0.00467161
-0.00157665, -0.990207, -0.139596
-0.00449554, 0.139602, -0.990198

263
-0.029109, -0.0186573, -0.0796045
0.999995, -0.00309545, -0.00105061
0.00310894, 0.999909, 0.0130942
0.00100998, -0.0130974, 0.999914

264
-0.0257389, 0.00346494, -0.0575015
-0.00130264, -0.00285846, 0.999995
0.249351, -0.96841, -0.00244336
0.968412, 0.249347, 0.00197425

265
0.0305161, -0.00440185, 0.0832862
0.999962, 0.00735969, -0.0046618
0.00581397, -0.962266, -0.272048
-0.00648808, 0.272011, -0.962272

266
0.0412379, -0.00314312, -0.0548797
-0.999517, -0.00469077, 0.0307299
0.0136094, -0.954808, 0.296911
0.0279484, 0.297186, 0.954411

267
-0.0431587, -0.0235661, 0.0946247
0.999799, 0.0171174, 0.0104114
0.000854004, -0.555598, 0.831451
0.0200168, -0.831275, -0.555501

268
0.0128335, 0.019645, -0.0736274
0.999992, 0.00393654, 9.70473e-06
-0.00393408, 0.999449, -0.0329478
-0.0001394, 0.0329475, 0.999457

269
-0.0140512, -0.00391427, -0.0876261
0.999997, -1.10252e-05, -0.00225505
-0.000624809, 0.959484, -0.281762
0.00216679, 0.281762, 0.959482

270
0.0443991, -0.0301618, 0.0353536
-0.00671337, 0.0009153, 0.999977
-0.963165, 0.268827, -0.00671229
-0.268827, -0.963188, -0.00092315

271
0.00728253, -0.0173583, 0.115662
-0.99738, 5.78206e-06, -0.0723459
0.0511531, -0.707094, -0.705266
-0.0511594, -0.707119, 0.705241

272
0.0418574, -0.0246787, -0.0186321
0.00137415, -0.00214203, 0.999997
-0.733524, 0.679659, 0.00246383
-0.679662, -0.733525, -0.000637279

273
0.0107497, -0.0143921, -0.0876162
-0.000493323, 8.74232e-05, 1
-0.647794, 0.761816, -0.000386172
-0.761816, -0.647794, -0.000319189

274
0.00845601, -0.0281967, 0.099483
-0.99738, 5.78206e-06, -0.0723459
0.0668372, -0.382667, -0.921465
-0.0276897, -0.923886, 0.381664

275
-0.00798769, 0.00384872, -0.0876442
0.999994, 0.00200623, -0.00299065
-0.00107793, 0.959124, 0.282983
0.00343613, -0.282978, 0.95912

276
-0.0248403, 0.0267395, 0.062272
0.00607543, -0.000175011, 0.999982
0.894821, -0.446392, -0.00551464
0.446384, 0.894838, -0.00255542

277
0.00681947, -0.0319483, 0.0930737
0.999936, 0.00010411, -0.0112771
0.0112697, -0.0465224, 0.998854
-0.000420644, -0.998917, -0.0465206

278
0.00735305, -0.0032649, 0.140651
0.999936, 0.00010411, -0.0112771
0.00470135, 0.905076, 0.425224
0.0102509, -0.42525, 0.905018

279
-0.0257369, 0.00345713, -0.0756927
-0.000816565, 0.0105974, 0.999944
0.249196, -0.968397, 0.0104665
0.968453, 0.249191, -0.00185006

280
0.0262098, -0.010153, 0.101623
0.114899, -0.0190364, -0.993195
-0.0389354, -0.999134, 0.014646
-0.992614, 0.0369876, -0.11554

281
0.0102378, 0.0173525, 0.0737533
-0.999937, 1.78068e-06, 0.0112364
0.00794401, -0.707115, 0.707054
0.00794672, 0.707098, 0.707071

282
0.029996, 0.00375316, -0.104237
-0.0924149, -0.0173901, -0.995569
-0.192729, -0.980627, 0.0350194
-0.976891, 0.195111, 0.0872729

283
0.0283638, 0.0173521, 0.0916691
0.997543, -1.22078e-05, 0.0700628
0.0495493, 0.707124, -0.705351
-0.0495345, 0.707089, 0.705387

284
0.0652887, 0.0301549, 0.062247
-0.00992425, -0.000400443, -0.999951
-0.963099, 0.268981, 0.00945079
0.268964, 0.963145, -0.00305511

285
0.0219269, -0.0188819, -0.0846416
0.999993, 0.0036403, -0.000149223
-0.00320796, 0.899168, 0.437593
0.00172714, -0.437589, 0.899173

286
-0.0137829, -0.00853323, -0.0480155
0.0134234, -0.00059643, -0.99991
0.530576, 0.847612, 0.00661721
0.847531, -0.530617, 0.0116943

287
-0.0110427, -0.0131304, 0.00744054
-0.0246854, -0.000214536, -0.999695
0.622367, 0.782571, -0.015536
0.782336, -0.622561, -0.0191846

288
0.0502074, -0.00522161, 0.0811482
-0.995494, 0.0939897, -0.0125781
0.0890249, 0.880632, -0.465362
-0.0326625, -0.464384, -0.885031

289
0.00530894, 0.000455097, -0.0245265
-0.00159158, 1.13529e-05, 0.999999
0.369149, -0.92937, 0.000598083
0.929369, 0.36915, 0.00147498

290
-0.0258349, 0.00383244, -0.0425887
0.00120188, -0.00542427, 0.999985
0.256694, -0.966477, -0.00555103
0.966492, 0.256697, 0.000230791

291
0.00357306, 0.0173527, -0.0749548
-0.999971, 1.11147e-06, 0.00756555
0.00535039, 0.707112, 0.707081
-0.00534891, 0.707101, -0.707092

292
0.0130249, -0.0288014, -0.141202
0.999992, 0.00393654, 9.70473e-06
0.00137672, -0.352033, 0.935987
0.00368796, -0.935979, -0.352036

293
