0
0.0779178, 0.0375299, -0.0391867
-0.416071, -0.909269, 0.0107452
0.657677, -0.309064, -0.686979
0.62797, -0.278765, 0.726598

1
0.00170272, 0.0044498, -0.0704834
0.999865, -0.0151413, -0.00639896
0.0151629, 0.999879, 0.00333931
0.00634763, -0.00343589, 0.999974

2
0.079356, 0.0378078, -0.0346981
-0.384907, -0.922877, 0.0120394
0.750842, -0.320689, -0.577404
0.536733, -0.213207, 0.81637

3
-0.057875, -0.0129214, -0.0649656
-0.971076, 0.238339, 0.0143251
-0.17757, -0.680771, -0.710647
-0.159623, -0.692637, 0.703402

4
0.0336635, -0.000469894, 0.0426977
0.00157433, -0.204342, -0.978898
0.999852, -0.0164347, 0.00503874
-0.0171176, -0.978761, 0.204286

5
-0.00983356, -0.00164909, -0.0710583
-0.999505, -0.0310768, 0.00484041
0.0309353, -0.999157, -0.0269892
0.00567507, -0.0268261, 0.999624

6
0.0780142, 0.0357544, -0.0394474
-0.436211, -0.899485, 0.0254405
0.696374, -0.355347, -0.623531
0.569897, -0.254275, 0.781384

7
-0.00439631, 0.00227298, -0.0687161
0.999979, 0.00249578, -0.00600857
-0.00237678, 0.999802, 0.0197326
0.00605663, -0.0197179, 0.999787

8
0.0241974, 0.0117411, -0.0105581
0.0206561, -0.829631, -0.55793
0.989004, -0.0647814, 0.132944
-0.146438, -0.554541, 0.81917

9
-0.0176245, -0.0458076, -0.046607
-0.0101908, -0.885082, 0.465323
0.18398, 0.455743, 0.87089
-0.982877, 0.0944851, 0.158193

10
0.0819037, -0.0133283, -0.0724307
0.446646, -0.894685, 0.00675026
0.111898, 0.048373, -0.992542
0.887686, 0.44407, 0.121719

11
0.0791358, 0.0355978, -0.0343567
-0.372486, -0.927856, 0.0183665
0.760185, -0.316408, -0.567456
0.532328, -0.197408, 0.823199

12
-0.0137039, -0.00346179, -0.0708109
0.999914, 0.0122399, -0.00475764
-0.0123086, 0.999816, -0.0146823
0.00457705, 0.0147396, 0.999881

13
0.0305689, -0.0238802, -0.00466207
-0.00325353, -0.757264, 0.6531
0.999814, 0.00995131, 0.0165192
-0.0190086, 0.653033, 0.757091

14
0.0295068, -0.0183552, 0.0458895
0.0147439, 0.211447, -0.977278
0.999081, -0.04246, 0.00588609
-0.0402507, -0.976467, -0.211879

15
-0.0346978, 0.00533791, -0.0707911
-0.999669, 0.0247309, 0.00707665
-0.0249151, -0.999318, -0.02725
0.00639791, -0.0274173, 0.999604

16
-0.0107982, -0.0204506, -0.0625298
-0.963121, 0.26875, 0.013053
-0.192196, -0.653203, -0.732384
-0.188302, -0.707884, 0.680767

17
-0.014584, -0.00157819, -0.0710956
-0.995605, -0.0936089, 0.0026768
0.0934934, -0.995202, -0.0288441
0.00536402, -0.0284671, 0.99958

18
-0.0197077, -0.00151162, -0.0705624
-0.999692, -0.0245233, 0.0037841
0.0245405, -0.999688, 0.004571
0.00367083, 0.00466246, 0.999982

19
0.0293068, -0.022451, 0.0402671
0.00757101, -0.0360431, -0.999322
0.998992, -0.0439515, 0.00915374
-0.0442516, -0.998383, 0.035674

20
0.0689742, 0.0478892, -0.0255411
-0.244291, -0.969693, -0.00412219
0.969265, -0.244051, -0.031043
0.0290962, -0.011579, 0.99951

21
-0.0501146, 0.0054776, -0.0705951
-0.999335, -0.0345408, 0.0117067
0.0345886, -0.999394, 0.00390577
0.0115647, 0.00430809, 0.999924

22
0.0275044, 0.0187642, -0.00805503
0.0103579, -0.87857, -0.477502
0.990055, -0.0579899, 0.128174
-0.1403, -0.47408, 0.869232

23
-0.0261706, 0.00143983, -0.0685121
-0.997324, -0.0729993, 0.00397451
0.072998, -0.997332, -0.000458996
0.00399742, -0.000167636, 0.999992

24
0.0332349, 0.0244006, -0.00503479
-0.00574245, -0.749774, -0.661669
0.999653, -0.0213023, 0.0154631
-0.0256889, -0.661351, 0.749637

25
-0.013415, -0.0281222, -0.0735356
0.999914, 0.0122399, -0.00475764
-0.000481642, 0.396231, 0.918151
0.0131232, -0.918069, 0.396203

26
-0.00213724, 0.0443569, 0.00340365
-0.0192195, -0.637636, -0.770098
-0.739273, -0.509506, 0.440318
-0.673132, 0.577775, -0.461595

27
-0.00739762, -0.00149968, -0.0685492
0.999981, -0.00300135, -0.00530855
0.00298418, 0.99999, -0.00323918
0.00531822, 0.00322328, 0.999981

28
0.0331292, -0.00558044, 0.0498342
0.0213006, 0.43252, -0.901373
0.999386, -0.0342841, 0.00716572
-0.0278034, -0.900972, -0.432984

29
0.0703372, -0.0421175, -0.0865157
0.276607, -0.959345, 0.0560861
-0.616414, -0.2219, -0.755509
0.73724, 0.174407, -0.652733

30
0.0315097, -0.0399822, 0.0455031
-0.00312692, -0.92039, 0.39099
0.999995, -0.00280286, 0.00139947
-0.000192171, 0.390992, 0.920394

31
-0.0569541, -0.00349489, -0.0706785
-0.989229, -0.145915, 0.0116401
0.145721, -0.989195, -0.0160942
0.0138627, -0.0142246, 0.999803

32
0.0246125, 0.0435585, -0.0243199
6.622e-05, 0.0195551, -0.999809
-0.00927065, -0.999766, -0.0195549
-0.999957, 0.00927018, 0.000115084

33
-0.00736128, 0.0284678, -0.0786462
0.999981, -0.00300135, -0.00530855
-0.00531822, -0.00322328, -0.999981
0.00298418, 0.99999, -0.00323918

34
-0.0137551, 0.00473534, -0.0604869
0.999914, 0.0122399, -0.00475764
-0.0131232, 0.918069, -0.396203
-0.000481642, 0.396231, 0.918151

35
-0.00544427, -0.0100071, 0.0484993
-0.0192195, -0.637636, -0.770098
0.673132, -0.577775, 0.461595
-0.739273, -0.509506, 0.440318

36
0.0428875, -0.0466185, -0.0281271
0.276607, -0.959345, 0.0560861
0.917012, 0.246049, -0.313925
0.287363, 0.138266, 0.94779

37
0.0683514, 0.0334337, -0.0285236
-0.0770447, -0.997027, 0.000593893
0.996889, -0.0770439, -0.0166451
0.0166414, -0.000690375, 0.999861

38
0.0318089, 0.0314398, 0.0872267
-0.0420637, -0.936223, 0.348881
0.99901, -0.044472, 0.00110741
0.0144787, 0.348582, 0.937166

39
0.0646491, 0.0518148, -0.0259648
-0.411349, -0.911476, 0.00207742
0.903196, -0.407916, -0.133572
0.122595, -0.0530685, 0.991037

40
0.0456575, -0.0660938, -0.0838072
-0.0101908, -0.885082, 0.465323
-0.982877, 0.0944851, 0.158193
-0.18398, -0.455743, -0.87089

41
0.0316247, 0.0227194, -0.0069986
-0.00382556, -0.771508, -0.636208
0.998315, -0.0397789, 0.0422356
-0.0578928, -0.634975, 0.77036

42
-0.0326067, 0.00435337, -0.068466
-0.99299, -0.118095, 0.00489325
0.11807, -0.992992, -0.00508658
0.00545966, -0.00447318, 0.999975

43
0.0294381, -0.0213829, 0.0399354
0.00240021, -0.209319, -0.977844
0.99913, -0.0402012, 0.011058
-0.0416252, -0.977021, 0.20904

44
0.0313391, -0.0653518, 0.0357598
0.00133802, -0.109223, -0.994016
0.999981, -0.00582637, 0.00198625
-0.00600845, -0.994, 0.109213

45
0.0757534, 0.0293909, -0.0371193
-0.448096, -0.893222, 0.0369487
0.676282, -0.365717, -0.639448
0.584681, -0.261546, 0.767946

46
-0.0146003, -0.0356723, 0.0555055
-0.00640209, -0.0641795, -0.997918
0.357496, -0.932133, 0.0576551
-0.933893, -0.356382, 0.0289115

47
-0.0370514, -0.000631097, -0.0707888
-0.991519, -0.129767, 0.00708001
0.129854, -0.99144, 0.0135794
0.00525725, 0.0143836, 0.999883

48
0.0271643, -0.0584098, 0.0566999
-0.00640209, -0.0641795, -0.997918
0.999612, -0.0274575, -0.00464708
-0.0271021, -0.997561, 0.0643304

49
0.0333279, 0.00494231, 0.0722486
0.00412673, -0.135439, -0.990777
0.999708, -0.0230516, 0.00731508
-0.0238297, -0.990517, 0.135305

50
0.0279541, 0.0361897, -0.0562324
-0.513826, -0.857894, 0.00108279
0.331391, -0.197318, 0.92263
-0.791305, 0.47443, 0.385685

51
0.0874095, 0.0432636, -0.0299393
-0.244291, -0.969693, -0.00412219
0.88435, -0.221043, -0.411176
0.397803, -0.104092, 0.911547

52
0.0305761, -0.0666246, 0.0410487
0.000405862, 0.188719, -0.982031
0.999822, -0.018602, -0.00316158
-0.0188644, -0.981855, -0.188693

53
-0.018023, -0.02629, -0.07687
-0.995068, -0.0991729, 0.00228709
-0.00525746, 0.0297004, -0.999545
0.0990598, -0.994627, -0.0300753

54
0.0668044, 0.0448481, -0.0285727
-0.190267, -0.981726, -0.0034828
0.980668, -0.189894, -0.0472246
0.0457003, -0.0124008, 0.998878

55
0.0301741, -0.0443713, 0.0875654
-0.0240231, -0.441092, -0.89714
0.999349, -0.0347481, -0.00967563
-0.0269061, -0.896789, 0.44164

56
0.0185028, -0.0715161, 0.0281937
-0.00178607, -0.693993, -0.71998
0.922948, -0.278279, 0.265946
-0.38492, -0.664029, 0.641016

57
0.0316503, -0.00497089, 0.0203922
-0.00273787, -0.238169, 0.97122
0.999993, -0.00319506, 0.00203547
0.00261833, 0.971219, 0.238176

58
0.0314368, -0.0630624, 0.0691162
-0.00325802, -0.865305, -0.501234
0.999989, -0.00447447, 0.00122458
-0.00330239, -0.501225, 0.865311

59
0.0312892, -0.0748896, 0.0517286
-0.00220316, -0.744904, -0.667168
0.999987, -0.00471229, 0.00195914
-0.00460326, -0.667155, 0.744904

60
0.0285551, -0.0408099, 0.0843199
-0.00570284, -0.941809, 0.336101
0.999982, -0.00597101, 0.000235594
0.00178498, 0.336096, 0.941826

61
-0.0317433, -0.00902235, -0.0624945
-0.998199, -0.0597715, 0.00515741
0.0534695, -0.925341, -0.375346
0.0272074, -0.374394, 0.92687

62
-0.000898846, -0.0286945, -0.0744643
-0.982346, 0.186877, 0.00852514
-0.00027794, 0.0441135, -0.999026
-0.187071, -0.981392, -0.0432828

63
0.0305852, 0.00859835, 0.0640127
0.000924457, -0.21064, -0.977563
0.999825, -0.0180697, 0.00483908
-0.0186836, -0.977397, 0.210587

64
-0.0140961, 0.026459, -0.0762507
0.999914, 0.0122399, -0.00475764
-0.00457705, -0.0147396, -0.999881
-0.0123086, 0.999816, -0.0146823

65
-0.00961084, -0.00793141, -0.065402
-0.999505, -0.0310768, 0.00484041
0.0264087, -0.912835, -0.407474
0.0170815, -0.407145, 0.913204

66
0.00205006, 0.029464, -0.0753997
0.999865, -0.0151413, -0.00639896
-0.00634763, 0.00343589, -0.999974
0.0151629, 0.999879, 0.00333931

67
0.0283121, -0.0724555, 0.0292905
0.00327897, 0.529812, -0.848109
0.999981, -0.00613159, 3.57497e-05
-0.00518131, -0.848093, -0.529822

68
0.0312937, 0.0220232, 0.023917
-0.00572099, -0.848653, -0.528919
0.999973, -0.00724281, 0.000805027
-0.00451405, -0.528901, 0.848672

69
0.0295419, -0.0319159, 0.0784735
-0.0247492, -0.559257, -0.828625
0.998911, -0.0466256, 0.00163339
-0.0395486, -0.827682, 0.559802

70
-0.00451629, 0.0274652, -0.0782206
0.999979, 0.00249578, -0.00600857
-0.00605663, 0.0197179, -0.999787
-0.00237678, 0.999802, 0.0197326

71
-0.0383964, -0.00155254, -0.0685379
-0.995106, -0.0985526, 0.007234
0.09857, -0.995128, 0.00209677
0.00699211, 0.00279956, 0.999972

72
-0.0236064, -0.0239462, -0.0679405
-0.99501, -0.0997054, 0.00380661
0.0342641, -0.377272, -0.925468
0.0937104, -0.92072, 0.378805

73
0.0100963, -0.0603139, -0.0468706
0.430903, -0.901368, -0.0431057
0.532604, 0.215472, 0.818477
-0.728461, -0.375643, 0.57292

74
-0.0122734, -0.0263159, -0.0768146
-0.995605, -0.0936089, 0.0026768
-0.00536402, 0.0284671, -0.99958
0.0934934, -0.995202, -0.0288441

75
0.0307149, 0.00767243, 0.0519259
0.00268436, -0.0889042, -0.996037
0.999867, -0.0157862, 0.00410373
-0.0160885, -0.995915, 0.08885

76
0.0283978, -0.0677295, 0.0418028
-3.66378e-05, -0.372779, -0.92792
0.999988, -0.00452455, 0.00177819
-0.00486129, -0.927909, 0.372775

77
0.00351804, -0.0464432, -0.0761131
-0.982586, 0.185638, 0.00796932
-0.0743356, -0.353427, -0.932504
-0.170292, -0.916857, 0.361072

78
0.0869145, 0.0213653, -0.0754535
0.768485, -0.639844, -0.00541754
-0.00300994, 0.00485175, -0.999984
0.63986, 0.768489, 0.00180261

79
0.0308212, -0.010828, 0.0246877
-0.000931316, -0.324106, -0.94602
0.999902, -0.0135122, 0.0036449
-0.0139641, -0.945924, 0.324087

80
-0.05924, 0.00121101, -0.0675109
-0.976165, 0.216464, 0.0156389
-0.2165, -0.976282, -0.000628929
0.0151318, -0.00399975, 0.999878

81
-0.0285289, -0.0303566, -0.0786438
-0.99299, -0.118095, 0.00489325
-0.00545966, 0.00447318, -0.999975
0.11807, -0.992992, -0.00508658

82
-0.0305835, -0.0295045, -0.0753978
-0.998199, -0.0597715, 0.00515741
-0.00467443, -0.00821742, -0.999955
0.0598112, -0.998178, 0.00792322

83
-0.00908855, -0.0264939, -0.0767311
-0.999505, -0.0310768, 0.00484041
-0.00567507, 0.0268261, -0.999624
0.0309353, -0.999157, -0.0269892

84
-0.00438865, 0.00679966, -0.0655606
0.999979, 0.00249578, -0.00600857
-0.00451363, 0.931243, -0.364371
0.00468604, 0.364391, 0.931234

85
0.0221683, 0.0513795, -0.0553135
-0.982586, 0.185638, 0.00796932
-0.0678514, -0.398405, 0.914696
0.172978, 0.898227, 0.404063

86
-0.0521164, -0.0332524, -0.0759984
-0.963431, -0.267709, 0.0114969
-0.0147614, 0.0101846, -0.999839
0.267549, -0.963446, -0.0137639

87
0.0307084, 0.0647559, -0.0249051
0.00205018, 0.320958, -0.947091
-0.927476, -0.353487, -0.1218
-0.373877, 0.878654, 0.296956

88
0.0307347, 0.000161656, 0.0855035
-0.0461079, -0.977167, -0.20741
0.998784, -0.0487206, 0.00750349
-0.0174373, -0.206812, 0.978225

89
0.0718185, -0.0253005, -0.0620036
0.800594, 0.599206, -0.00150858
-0.196755, 0.265259, 0.943888
0.565984, -0.755374, 0.330261

90
-0.00735232, 0.0054077, -0.0639209
0.999981, -0.00300135, -0.00530855
0.000721828, 0.922637, -0.385669
0.00605539, 0.385658, 0.922622

91
0.0860899, 0.0214346, -0.0787077
0.665892, -0.74602, -0.00647388
-0.00747953, 0.00200146, -0.99997
0.746011, 0.66592, -0.00424713

92
0.0860899, 0.0214346, -0.0787077
0.665892, -0.74602, -0.00647388
-0.00747953, 0.00200146, -0.99997
0.746011, 0.66592, -0.00424713

93
0.0729457, 0.0315317, -0.049721
-0.296086, -0.952874, -0.0660579
0.567184, -0.119752, -0.814838
0.768528, -0.278729, 0.575912

94
0.0284153, -0.0750223, 0.0205396
-0.00177516, -0.667914, -0.744237
0.999996, -0.00290682, 0.000223528
-0.00231266, -0.744233, 0.667916

95
0.0315016, -0.0644719, 0.0347116
0.00191895, 0.15436, -0.988013
0.999992, -0.00381029, 0.00134692
-0.0035567, -0.988007, -0.154366

96
-0.0353035, -0.0218815, -0.0612224
-0.999669, 0.0247309, 0.00707665
-0.0154455, -0.357092, -0.933941
-0.0205702, -0.933742, 0.357356

97
0.0212116, -0.0276713, -0.0112598
-0.0101908, -0.885082, 0.465323
0.978466, 0.0871124, 0.187124
-0.206155, 0.45721, 0.865135

98
-0.0650322, -0.0063071, -0.0706742
-0.971475, -0.236773, 0.0132244
0.236564, -0.97149, -0.0156509
0.0165531, -0.0120761, 0.99979

99
-0.0191125, -0.0265271, -0.0754481
-0.999692, -0.0245233, 0.0037841
-0.00367083, -0.00466246, -0.999982
0.0245405, -0.999688, 0.004571

100
0.0313972, -0.069778, -0.057185
0.00162463, 0.516707, -0.856161
0.999994, -0.00345409, -0.000187035
-0.0030539, -0.856155, -0.51671

101
0.0136167, 0.0339819, 0.0758755
-0.00436072, 0.220967, -0.975272
-0.933691, -0.350105, -0.0751485
-0.358053, 0.910275, 0.207842

102
0.0291587, -0.0692371, -0.0901472
-0.0101908, -0.885082, 0.465323
-0.837654, 0.261698, 0.479427
-0.546106, -0.384894, -0.74406

103
-0.0240207, -0.0284785, -0.0785258
-0.997324, -0.0729993, 0.00397451
-0.00399742, 0.000167636, -0.999992
0.072998, -0.997332, -0.000458996

104
-0.0331821, -0.0304462, -0.0753808
-0.991519, -0.129767, 0.00708001
-0.00525725, -0.0143836, -0.999883
0.129854, -0.99144, 0.0135794

105
-0.0195655, -0.00606063, -0.062476
-0.999692, -0.0245233, 0.0037841
0.0212677, -0.925376, -0.378454
0.0127826, -0.378257, 0.925613

106
-0.0146781, -0.051921, 0.0170297
-0.00312692, -0.92039, 0.39099
0.382504, 0.360157, 0.850869
-0.923949, 0.152216, 0.350927

107
0.0711004, -0.0399443, -0.0531061
0.276607, -0.959345, 0.0560861
0.445229, 0.0762139, -0.892167
0.851622, 0.271751, 0.44821

108
0.0629465, 0.0447554, -0.0267571
-0.384907, -0.922877, 0.0120394
0.899087, -0.377869, -0.22104
0.208542, -0.0742555, 0.97519

109
0.0246273, 0.0485367, -0.0242225
6.622e-05, 0.0195551, -0.999809
-0.391232, -0.920116, -0.0180223
-0.920292, 0.391158, 0.00758964

110
0.0339006, -0.0112719, 0.0203327
-0.000542934, -0.297003, -0.954877
0.999923, -0.0119771, 0.00315679
-0.0123742, -0.954802, 0.296986

111
-0.0692458, 0.00137549, -0.0704847
-0.993239, 0.1147, 0.0179214
-0.114776, -0.993386, -0.00327508
0.0174272, -0.00530988, 0.999834

112
-0.0455454, -0.0295025, -0.0784533
-0.998, -0.0623, 0.0106927
-0.010409, -0.00487668, -0.999934
0.0623481, -0.998046, 0.00421845

113
-0.0360021, -0.0264587, -0.0784852
-0.995106, -0.0985526, 0.007234
-0.00699211, -0.00279956, -0.999972
0.09857, -0.995128, 0.00209677

114
-0.0198414, 0.00542369, -0.0609433
-0.999692, -0.0245233, 0.0037841
0.0240772, -0.921807, 0.3869
-0.00599983, 0.386872, 0.922114

115
0.0853947, 0.0412619, -0.0332781
-0.190267, -0.981726, -0.0034828
0.88853, -0.170694, -0.425884
0.417507, -0.0841262, 0.904771

116
0.0265565, 0.0241736, -0.0125444
0.00149294, -0.789667, -0.613534
0.987236, -0.0965457, 0.126664
-0.159257, -0.605892, 0.779444

117
0.0183883, 0.0231627, 0.063397
-0.0420637, -0.936223, 0.348881
0.395681, 0.305029, 0.866253
-0.917424, 0.174483, 0.357615

118
0.0246213, 0.0434844, -0.00482177
0.00112916, -0.128114, -0.991759
-0.0101407, -0.99171, 0.128096
-0.999948, 0.00991244, -0.00241895

119
0.0539659, 0.0222577, -0.0257638
-0.437733, -0.899105, -0.000824702
0.894696, -0.435495, -0.0993104
0.0889313, -0.0442093, 0.995056

120
-0.00435176, -0.00470983, -0.0642023
0.999979, 0.00249578, -0.00600857
0.000121917, 0.916151, 0.400833
0.00650515, -0.400825, 0.916132

121
0.086449, 0.0216859, -0.0707277
0.665892, -0.74602, -0.00647388
0.278576, 0.256686, -0.925477
0.692087, 0.614464, 0.378748

122
0.0291055, -0.0277383, -0.0177552
0.176248, -0.959205, 0.221048
0.983161, 0.182554, 0.00826139
-0.0482775, 0.215869, 0.975228

123
0.0625206, 0.0435215, -0.0304906
-0.436211, -0.899485, 0.0254405
0.861456, -0.425604, -0.277045
0.260025, -0.0989341, 0.96052

124
-0.0533804, -0.0281536, -0.0760799
-0.989229, -0.145915, 0.0116401
-0.0138627, 0.0142246, -0.999803
0.145721, -0.989195, -0.0160942

125
0.0721736, 0.0346593, -0.0913744
-0.296086, -0.952874, -0.0660579
-0.492975, 0.211685, -0.843899
0.818113, -0.217302, -0.53242

126
-0.0345319, 0.00970169, -0.0626036
-0.999669, 0.0247309, 0.00707665
-0.0205702, -0.933742, 0.357356
0.0154455, 0.357092, 0.933941

127
0.0720374, 0.0328831, -0.0359551
-0.130501, -0.962876, -0.236302
0.648018, 0.0975457, -0.755353
0.750362, -0.251702, 0.611231

128
-0.0474526, 0.00433128, -0.0593271
-0.998, -0.0623, 0.0106927
0.0615855, -0.920208, 0.386555
-0.0142429, 0.386441, 0.922204

129
0.0125496, -0.0138189, 0.0425884
0.00191895, 0.15436, -0.988013
-0.925233, -0.374574, -0.0603176
-0.379394, 0.914258, 0.1421

130
0.0060883, -0.0328245, -0.0764473
-0.982586, 0.185638, 0.00796932
-0.00350923, 0.0243419, -0.999698
-0.185776, -0.982317, -0.0232665

131
0.0240894, 0.0464248, -0.0588818
-0.999487, 0.0313799, 0.00647189
-0.00637423, -0.392697, 0.919646
0.0313999, 0.919132, 0.392695

132
-0.0102391, 0.0127103, -0.062602
-0.999505, -0.0310768, 0.00484041
0.0307523, -0.933367, 0.357605
-0.00659536, 0.357577, 0.93386

133
-0.0175746, -0.022021, 0.0606194
0.00327897, 0.529812, -0.848109
-0.387463, -0.781189, -0.489506
-0.921879, 0.330216, 0.202721

134
-0.0184786, 0.0489094, 0.00837306
0.00181543, -0.0440767, -0.999027
-0.00891392, -0.998989, 0.0440589
-0.999959, 0.00882526, -0.00220649

135
-0.0154783, 0.0309515, -0.036461
0.00205018, 0.320958, -0.947091
-0.00951259, -0.947044, -0.320963
-0.999953, 0.00966732, 0.00111154

136
-0.0107186, 0.0637815, -0.0426301
-0.00572099, -0.848653, -0.528919
-0.386844, -0.485869, 0.783762
-0.922128, 0.209093, -0.325516

137
-0.0204732, -0.00157286, -0.0711204
-0.995068, -0.0991729, 0.00228709
0.0990598, -0.994627, -0.0300753
0.00525746, -0.0297004, 0.999545

138
-0.00749147, -0.0253714, -0.0727316
0.999981, -0.00300135, -0.00530855
0.00605539, 0.385658, 0.922622
-0.000721828, -0.922637, 0.385669

139
0.00327408, -0.0310783, -0.018133
-0.0101908, -0.885082, 0.465323
0.825093, 0.255448, 0.503953
-0.564906, 0.38907, 0.727672

140
-0.0184793, 0.0488303, -0.0185569
-0.00572099, -0.848653, -0.528919
-0.00451405, -0.528901, 0.848672
-0.999973, 0.00724281, -0.000805027

141
-0.0151594, -0.015086, 0.0743807
-0.0240231, -0.441092, -0.89714
0.357576, -0.841823, 0.404319
-0.933575, -0.311083, 0.177947

142
-0.0214804, -0.0353826, -0.00653639
-0.00178607, -0.693993, -0.71998
-0.00242265, -0.719976, 0.693995
-0.999995, 0.00298378, -0.000395376

143
-0.0203528, 0.0246389, -0.0715269
-0.999692, -0.0245233, 0.0037841
0.0127826, -0.378257, 0.925613
-0.0212677, 0.925376, 0.378454

144
0.0262347, 0.0177189, 0.0497345
-0.0420637, -0.936223, 0.348881
0.0144787, 0.348582, 0.937166
-0.99901, 0.044472, -0.00110741

145
-0.0508211, 0.0262516, -0.0696078
-0.999335, -0.0345408, 0.0117067
0.0239209, -0.378471, 0.925304
-0.0275301, 0.924968, 0.379046

146
0.00151998, -0.00938994, -0.0662908
0.999865, -0.0151413, -0.00639896
0.0164378, 0.922453, 0.385759
6.18621e-05, -0.385812, 0.922578

147
-0.0155104, 0.00298733, 0.0379912
-0.0192195, -0.637636, -0.770098
0.338986, -0.728774, 0.59496
-0.940595, -0.249617, 0.230156

148
-0.00728895, 0.0254723, -0.0633293
0.999981, -0.00300135, -0.00530855
-0.0037714, 0.379702, -0.925101
0.00479222, 0.925104, 0.379683

149
-0.0580859, 0.00605184, -0.0624771
-0.976165, 0.216464, 0.0156389
-0.194229, -0.903498, 0.382056
0.096831, 0.369912, 0.924007

150
-0.0494452, 0.0214138, -0.0647845
-0.971076, 0.238339, 0.0143251
-0.159623, -0.692637, 0.703402
0.17757, 0.680771, 0.710647

151
-0.0154733, 0.0492899, 0.0322314
0.00157433, -0.204342, -0.978898
-0.0171176, -0.978761, 0.204286
-0.999852, 0.0164347, -0.00503874

152
-0.0159046, 0.0127102, -0.0626126
-0.995605, -0.0936089, 0.0026768
0.0884293, -0.930341, 0.355874
-0.0308227, 0.354547, 0.93453

153
0.00169436, 0.000160126, -0.0616396
0.999865, -0.0151413, -0.00639896
0.0115795, 0.925083, -0.379588
0.011667, 0.379463, 0.925133

154
-0.0214797, -0.0472333, 0.0654716
-0.00570284, -0.941809, 0.336101
0.00178498, 0.336096, 0.941826
-0.999982, 0.00597101, -0.000235594

155
-0.058478, 0.00399872, -0.0705013
-0.956081, 0.292651, 0.0162752
-0.292714, -0.956199, -0.00159583
0.0150953, -0.0062897, 0.999866

156
0.0571839, -0.0387659, -0.0267456
0.430903, -0.901368, -0.0431057
0.876829, 0.429506, -0.216091
0.213292, 0.0553179, 0.975421

157
0.00189961, 0.012083, -0.0577804
0.999865, -0.0151413, -0.00639896
0.00623332, 0.709451, -0.704727
0.0152102, 0.704592, 0.70945

158
0.0842958, 0.00750807, -0.0438472
-0.437733, -0.899105, -0.000824702
0.569762, -0.276681, -0.773834
0.69553, -0.339202, 0.633388

159
-0.0592009, -0.030534, -0.0760644
-0.971475, -0.236773, 0.0132244
-0.0165531, 0.0120761, -0.99979
0.236564, -0.97149, -0.0156509

160
0.01429, 0.00915331, 0.0715937
0.00412673, -0.135439, -0.990777
0.91449, -0.400351, 0.058537
-0.404587, -0.906297, 0.122206

161
0.0464093, 0.0588307, -0.0813645
0.0103579, -0.87857, -0.477502
-0.968382, -0.127847, 0.214224
-0.249257, 0.460185, -0.852115

162
0.0524152, -0.0204603, -0.0293579
0.768485, -0.639844, -0.00541754
0.592306, 0.708135, 0.384343
-0.242083, -0.298571, 0.923175

163
-0.0214797, -0.0382252, 0.0504816
0.00327897, 0.529812, -0.848109
-0.00518131, -0.848093, -0.529822
-0.999981, 0.00613159, -3.57497e-05

164
-0.00436953, -0.0237692, -0.075076
0.999979, 0.00249578, -0.00600857
0.00468604, 0.364391, 0.931234
0.00451363, -0.931243, 0.364371

165
-0.00745589, -0.0221041, -0.0678759
0.999981, -0.00300135, -0.00530855
0.00587068, 0.709379, 0.704803
0.00165042, -0.704821, 0.709384

166
-0.00632207, 0.0278542, -0.00283791
0.00112916, -0.128114, -0.991759
0.373295, -0.920014, 0.119271
-0.927712, -0.370353, 0.0467855

167
-0.00447881, 0.0262105, -0.0725041
0.999979, 0.00249578, -0.00600857
-0.00650515, 0.400825, -0.916132
0.000121917, 0.916151, 0.400833

168
0.107009, -0.0111614, -0.0579885
-0.513826, -0.857894, 0.00108279
0.604253, -0.362806, -0.709402
0.608984, -0.363855, 0.704803

169
-0.0100582, 0.0370512, -0.0244495
6.622e-05, 0.0195551, -0.999809
0.374102, -0.927211, -0.0181104
-0.927388, -0.374029, -0.007377

170
-0.0107447, 0.0275965, -0.0714419
-0.999505, -0.0310768, 0.00484041
0.0170815, -0.407145, 0.913204
-0.0264087, 0.912835, 0.407474

171
-0.0149763, 0.0391414, 0.0489939
0.00268436, -0.0889042, -0.996037
0.367769, -0.926147, 0.0836571
-0.929913, -0.366536, 0.0302101

172
0.0738046, 0.0166422, -0.0376955
-0.0868278, -0.915183, -0.393574
0.52654, 0.293217, -0.797984
0.845704, -0.27652, 0.456422

173
0.0627726, 0.0434277, -0.0275693
-0.423387, -0.905686, 0.0218191
0.866305, -0.411789, -0.282747
0.265065, -0.10081, 0.958946

174
0.0916799, 0.0324832, -0.0488534
-0.384907, -0.922877, 0.0120394
0.488289, -0.214687, -0.845863
0.783212, -0.3197, 0.533265

175
0.0738948, 0.0363075, -0.0787534
0.836759, -0.54753, -0.00678774
-0.00827297, -0.000246509, -0.999966
0.547509, 0.836786, -0.00473597

176
-0.00432776, -0.0160894, -0.0649356
0.999979, 0.00249578, -0.00600857
0.00260205, 0.693024, 0.720909
0.00596332, -0.72091, 0.693003

177
-0.034226, 0.0245958, -0.0714395
-0.999669, 0.0247309, 0.00707665
-0.00362372, -0.407753, 0.913085
0.025467, 0.912757, 0.407707

178
-0.0682865, 0.00817113, -0.060813
-0.993239, 0.1147, 0.0179214
-0.0993699, -0.919801, 0.379594
0.0600235, 0.375247, 0.92498

179
-0.0525595, 0.0312587, -0.0664232
-0.976165, 0.216464, 0.0156389
-0.068871, -0.377302, 0.923526
0.205811, 0.900437, 0.383218

180
-0.01545, 0.0411824, 0.0711251
0.0213006, 0.43252, -0.901373
-0.0278034, -0.900972, -0.432984
-0.999386, 0.0342841, -0.00716572

181
-0.0146707, -0.0668837, -0.0181922
-0.00312692, -0.92039, 0.39099
-0.382859, 0.362302, 0.849798
-0.923801, -0.147037, -0.353512

182
0.0469006, 0.0598219, -0.0271809
-0.411349, -0.911476, 0.00207742
0.881359, -0.397174, 0.255849
-0.232375, 0.107074, 0.966715

183
0.061858, -0.0177465, -0.0285182
0.335166, -0.942138, -0.00631508
0.942135, 0.335198, -0.00494183
0.00677269, -0.00429333, 0.999968

184
-0.0135321, -0.0160833, -0.0671789
0.999914, 0.0122399, -0.00475764
-0.00962008, 0.929351, 0.369073
0.00893893, -0.368996, 0.929388

185
-0.055816, -0.0104502, -0.0611406
-0.989229, -0.145915, 0.0116401
0.129324, -0.908453, -0.397477
0.0685724, -0.39169, 0.917538

186
-0.0269317, 0.00933446, -0.0654226
-0.99501, -0.0997054, 0.00380661
0.0937104, -0.92072, 0.378805
-0.0342641, 0.377272, 0.925468

187
-0.0106593, 0.0253436, -0.0682574
-0.999505, -0.0310768, 0.00484041
0.0258874, -0.72548, 0.687757
-0.0178617, 0.687542, 0.725925

188
-0.00438198, 0.0156545, -0.0607729
0.999979, 0.00249578, -0.00600857
-0.00596332, 0.72091, -0.693003
0.00260205, 0.693024, 0.720909

189
-0.0154633, 0.0585333, -0.0432898
-0.00574245, -0.749774, -0.661669
-0.0256889, -0.661351, 0.749637
-0.999653, 0.0213023, -0.0154631

190
-0.0214801, -0.0443056, 0.0323945
-3.66378e-05, -0.372779, -0.92792
-0.00486129, -0.927909, 0.372775
-0.999988, 0.00452455, -0.00177819

191
0.0482134, 0.0722395, -0.0743564
0.00149294, -0.789667, -0.613534
-0.973032, -0.142668, 0.181258
-0.230665, 0.596718, -0.768584

192
-0.0650578, 0.00415731, -0.0674916
-0.9721, 0.233899, 0.0177124
-0.233979, -0.972238, -0.00257752
0.0166178, -0.00664993, 0.99984

193
0.0850609, -0.0243907, -0.0486702
0.430903, -0.901368, -0.0431057
0.469192, 0.264591, -0.842526
0.770832, 0.342822, 0.536928

194
0.0947866, 0.0381699, -0.0452007
-0.411349, -0.911476, 0.00207742
0.551968, -0.250915, -0.795219
0.725344, -0.325965, 0.606319

195
0.0264888, -0.0440761, -0.0416828
0.00162463, 0.516707, -0.856161
-0.0030539, -0.856155, -0.51671
-0.999994, 0.00345409, 0.000187035

196
-0.0139795, -0.00784582, -0.065451
-0.995605, -0.0936089, 0.0026768
0.0843239, -0.908553, -0.409171
0.0407341, -0.407147, 0.912454

197
-0.0380412, 0.00749493, -0.0604559
-0.991519, -0.129767, 0.00708001
0.121981, -0.910467, 0.395184
-0.0448358, 0.392696, 0.918575

198
0.00128777, -0.0240335, -0.0679249
0.999865, -0.0151413, -0.00639896
0.011667, 0.379463, 0.925133
-0.0115795, -0.925083, 0.379588

199
-0.00370994, -0.0244658, 0.0408934
0.00191895, 0.15436, -0.988013
-0.709616, -0.695932, -0.110105
-0.704586, 0.701321, 0.108201

200
-0.0198352, -0.00784415, -0.0654835
-0.995068, -0.0991729, 0.00228709
0.0895074, -0.90755, -0.410295
0.0427658, -0.408067, 0.91195

201
-0.0326535, 0.00547283, -0.0706753
-0.998199, -0.0597715, 0.00515741
0.0598112, -0.998178, 0.00792322
0.00467443, 0.00821742, 0.999955

202
0.081554, 0.036623, -0.0703092
-0.288255, -0.95463, -0.0747693
0.1789, 0.0230184, -0.983598
0.940693, -0.296903, 0.164148

203
0.0149177, -0.0121532, 0.00235437
0.00112916, -0.128114, -0.991759
0.919951, -0.388669, 0.0512551
-0.392032, -0.912427, 0.11742

204
0.0233205, 0.0610686, -0.00709475
0.00112916, -0.128114, -0.991759
-0.927712, -0.370353, 0.0467855
-0.373295, 0.920014, -0.119271

205
0.0313573, -0.0733056, 0.0261852
0.00367094, 0.607444, -0.794354
0.999985, -0.00544768, 0.000455375
-0.00405078, -0.794344, -0.607455

206
0.0493355, -0.0292695, -0.0303382
0.446646, -0.894685, 0.00675026
0.862936, 0.428778, -0.267376
0.236323, 0.125247, 0.963569

207
-0.0191814, -0.0220857, -0.0648617
-0.999692, -0.0245233, 0.0037841
0.0147571, -0.710183, -0.703862
0.0199484, -0.70359, 0.710327

208
-0.0563148, 0.0105286, -0.0608409
-0.956081, 0.292651, 0.0162752
-0.264656, -0.885819, 0.381158
0.125963, 0.36011, 0.924367

209
-0.0709903, -0.0201154, -0.0725553
-0.9721, 0.233899, 0.0177124
-0.0166178, 0.00664993, -0.99984
-0.233979, -0.972238, -0.00257752

210
-0.0146062, -0.0404511, 0.0383748
0.00191895, 0.15436, -0.988013
-0.385966, -0.911342, -0.143131
-0.922511, 0.381614, 0.0578288

211
-0.0460762, -0.0179742, -0.0608252
-0.998, -0.0623, 0.0106927
0.0367265, -0.709173, -0.704077
0.051447, -0.702276, 0.710043

212
-0.0290682, 0.0304346, -0.07121
-0.99501, -0.0997054, 0.00380661
0.0420348, -0.384276, 0.922261
-0.0904916, 0.917819, 0.386549

213
0.107235, 0.032468, -0.0820585
-0.411349, -0.911476, 0.00207742
0.232375, -0.107074, -0.966715
0.881359, -0.397174, 0.255849

214
-0.0184797, -0.0352405, 0.0323841
0.00133802, -0.109223, -0.994016
-0.00600845, -0.994, 0.109213
-0.999981, 0.00582637, -0.00198625

215
-0.0154768, 0.037067, 0.00532554
-0.000542934, -0.297003, -0.954877
-0.0123742, -0.954802, 0.296986
-0.999923, 0.0119771, -0.00315679

216
0.110003, -0.0420787, -0.0714279
0.0543701, -0.998515, -0.00330505
0.363758, 0.0228892, -0.931212
0.929905, 0.0494278, 0.364463

217
-0.0637711, -0.011205, -0.0657218
-0.971475, -0.236773, 0.0132244
0.212222, -0.892918, -0.397063
0.105822, -0.38293, 0.917696

218
-0.034743, 0.022491, -0.064231
-0.99299, -0.118095, 0.00489325
0.0873486, -0.705315, 0.703492
-0.0796274, 0.698989, 0.710686

219
0.0649829, 0.0183843, -0.0255188
-0.31309, -0.949723, 0.00131019
0.949678, -0.313088, -0.00932999
0.00927111, -0.00167687, 0.999956

220
0.0815808, 0.0357075, -0.0527345
-0.130501, -0.962876, -0.236302
0.311539, 0.186443, -0.931763
0.941229, -0.195213, 0.275643

221
-0.0696318, -0.00322503, -0.0624354
-0.993239, 0.1147, 0.0179214
-0.112708, -0.915737, -0.385646
-0.0278221, -0.385058, 0.922473

222
0.0897807, 0.0048709, -0.0799856
-0.437733, -0.899105, -0.000824702
-0.0889313, 0.0442093, -0.995056
0.894696, -0.435495, -0.0993104

223
-0.0184804, -0.0593917, -0.00058659
-0.00312692, -0.92039, 0.39099
-0.000192171, 0.390992, 0.920394
-0.999995, 0.00280286, -0.00139947

224
0.0147186, -0.0867224, -0.077606
-0.00325353, -0.757264, 0.6531
-0.720416, 0.454727, 0.523663
-0.693534, -0.468801, -0.547025

225
-0.00774992, -0.0329763, -0.077127
-0.969423, 0.245168, 0.0105934
-0.00236749, 0.0338224, -0.999425
-0.245385, -0.96889, -0.0322078

226
0.0340437, -0.016884, -0.0525648
0.00205018, 0.320958, -0.947091
0.999953, -0.00966732, -0.00111154
-0.00951259, -0.947044, -0.320963

227
-0.0494516, 0.0334257, -0.0693838
-0.956081, 0.292651, 0.0162752
-0.0980706, -0.371732, 0.923145
0.276209, 0.881005, 0.384107

228
0.0451877, 0.0516906, -0.0258089
-0.423387, -0.905686, 0.0218191
0.901797, -0.419022, 0.105748
-0.0866322, 0.064449, 0.994154

229
-0.018474, 0.0582575, 0.0472782
0.00268436, -0.0889042, -0.996037
-0.0160885, -0.995915, 0.08885
-0.999867, 0.0157862, -0.00410373

230
0.0605109, 0.0120842, -0.0241639
-0.0868278, -0.915183, -0.393574
0.810097, 0.165078, -0.562576
0.579831, -0.36768, 0.727054

231
-0.0502593, 0.0116302, -0.0647956
-0.999335, -0.0345408, 0.0117067
0.0363813, -0.921671, 0.386263
-0.00255206, 0.386432, 0.922315

232
0.0340558, -0.0165201, -0.0254944
6.622e-05, 0.0195551, -0.999809
0.999957, -0.00927018, -0.000115084
-0.00927065, -0.999766, -0.0195549

233
0.0391875, -0.07956, -0.0691794
-0.00325353, -0.757264, 0.6531
-0.930982, 0.240711, 0.274464
-0.365051, -0.607132, -0.705783

234
-0.0153964, 0.0564571, -0.0476284
-0.00382556, -0.771508, -0.636208
-0.0578928, -0.634975, 0.77036
-0.998315, 0.0397789, -0.0422356

235
0.0882641, -0.00112151, -0.0791976
-0.5037, -0.863878, -0.000272606
-0.0705282, 0.0414373, -0.996649
0.860995, -0.501993, -0.0817998

236
-0.0119953, 0.0304996, 0.0361595
0.00157433, -0.204342, -0.978898
0.366812, -0.910547, 0.190664
-0.930294, -0.359372, 0.0735218

237
-0.051267, 0.0137503, -0.060781
-0.971076, 0.238339, 0.0143251
-0.215426, -0.900433, 0.377906
0.102969, 0.36389, 0.925733

238
-0.0218758, 0.0126972, -0.0626197
-0.995068, -0.0991729, 0.00228709
0.0935313, -0.930281, 0.354723
-0.0330513, 0.353188, 0.934969

239
0.014082, -0.0474371, -0.0379493
-0.997251, 0.0740992, 0.000203383
-0.055808, -0.749271, -0.659908
-0.0487463, -0.658105, 0.751346

240
-0.00450146, -0.0337955, -0.0163334
-0.00325353, -0.757264, 0.6531
0.693534, 0.468801, 0.547025
-0.720416, 0.454727, 0.523663

241
-0.0647281, -0.0231761, -0.0725261
-0.976165, 0.216464, 0.0156389
-0.0151318, 0.00399975, -0.999878
-0.2165, -0.976282, -0.000628929

242
-0.0472183, 0.000172682, -0.0616871
-0.998, -0.0623, 0.0106927
0.0536188, -0.92394, -0.378761
0.0334762, -0.37743, 0.925433

243
0.0648581, 0.0153952, -0.0255178
-0.342175, -0.939636, 0.00094599
0.939612, -0.342173, -0.00686621
0.00677543, -0.00146058, 0.999976

244
-0.0722023, -0.0234326, -0.0755657
-0.993239, 0.1147, 0.0179214
-0.0174272, 0.00530988, -0.999834
-0.114776, -0.993386, -0.00327508

245
0.116113, 0.0361426, -0.0558504
-0.244291, -0.969693, -0.00412219
0.6648, -0.164383, -0.728711
0.705948, -0.180758, 0.684809

246
-0.0351603, -0.0168146, -0.058713
-0.999669, 0.0247309, 0.00707665
-0.0221417, -0.687238, -0.726095
-0.0130937, -0.726012, 0.687558

247
0.0262793, 0.050459, -0.0749343
0.999861, -0.0151175, -0.00708865
-0.00691128, 0.0117524, -0.999907
0.0151994, 0.999817, 0.0116463

248
0.100807, 0.038316, -0.0448706
-0.190267, -0.981726, -0.0034828
0.661122, -0.125507, -0.739706
0.725752, -0.143044, 0.672921

249
0.00825586, 0.0560859, -0.0362212
-0.288255, -0.95463, -0.0747693
0.800625, -0.283111, 0.52806
-0.52527, 0.0923537, 0.845909

250
-0.0322834, 0.00198556, -0.0600006
-0.99299, -0.118095, 0.00489325
0.111172, -0.919117, 0.377975
-0.0401393, 0.375869, 0.925803

251
-0.0610671, 0.0246372, -0.0675671
-0.989229, -0.145915, 0.0116401
0.0685724, -0.39169, 0.917538
-0.129324, 0.908453, 0.397477

252
-0.0201228, 0.0168096, -0.061504
-0.999692, -0.0245233, 0.0037841
0.0199484, -0.70359, 0.710327
-0.0147571, 0.710183, 0.703862

253
0.0263011, 0.0354015, -0.0397528
0.999861, -0.0151175, -0.00708865
0.00586061, 0.715287, -0.698806
0.0156346, 0.698667, 0.715276

254
0.0881119, 0.0326772, -0.055097
-0.416071, -0.909269, 0.0107452
0.367301, -0.178859, -0.912743
0.83185, -0.375819, 0.408393

255
-0.00862459, 0.0221526, -0.0272549
0.0206561, -0.829631, -0.55793
0.595784, -0.437927, 0.673247
-0.802879, -0.346312, 0.485235

256
0.0930097, 0.00907553, -0.0757965
-0.31309, -0.949723, 0.00131019
-0.00927111, 0.00167687, -0.999956
0.949678, -0.313088, -0.00932999

257
0.0685704, -0.019267, -0.0401453
0.327861, -0.938732, 0.106249
0.585999, 0.113862, -0.802272
0.741021, 0.325296, 0.587427

258
0.0416379, 0.0398475, -0.0293462
-0.296086, -0.952874, -0.0660579
0.944491, -0.281769, -0.168946
0.142371, -0.112414, 0.983409

259
-0.0184717, -0.0166017, 0.0506415
0.000405862, 0.188719, -0.982031
-0.0188644, -0.981855, -0.188693
-0.999822, 0.018602, 0.00316158

260
-0.0184329, 0.014642, 0.0657054
-0.0387673, -0.834747, -0.549267
-0.0201726, -0.548914, 0.835635
-0.999045, 0.0434755, 0.00444089

261
-0.0596993, -0.000439087, -0.0624441
-0.956081, 0.292651, 0.0162752
-0.276209, -0.881005, -0.384107
-0.0980706, -0.371732, 0.923145

262
-0.0184803, -0.0533721, 0.00838161
-0.00273787, -0.238169, 0.97122
0.00261833, 0.971219, 0.238176
-0.999993, 0.00319506, -0.00203547

263
0.0873627, 0.0319621, -0.0326475
-0.0770447, -0.997027, 0.000593893
0.914637, -0.0709151, -0.398008
0.396867, -0.0301212, 0.917382

264
-0.0266552, 0.00831312, -0.0638582
-0.997324, -0.0729993, 0.00397451
0.0689711, -0.921479, 0.382256
-0.024242, 0.381508, 0.924048

265
-0.0403342, 0.0245958, -0.0681521
-0.991519, -0.129767, 0.00708001
0.0545499, -0.366119, 0.928968
-0.117957, 0.921476, 0.370093

266
0.0145731, 0.0655614, -0.0441068
-0.423387, -0.905686, 0.0218191
0.576409, -0.250721, 0.777748
-0.698925, 0.341865, 0.628197

267
0.0233782, 0.0116323, -0.0149213
-0.0868278, -0.915183, -0.393574
0.982827, -0.143262, 0.116303
-0.162823, -0.376717, 0.911906

268
-0.0121171, 0.0365803, 0.0677344
0.00412673, -0.135439, -0.990777
0.360556, -0.92394, 0.127804
-0.932729, -0.357758, 0.0450205

269
0.0676866, 0.0124311, -0.0255169
-0.513826, -0.857894, 0.00108279
0.857888, -0.513826, -0.00325147
0.00334578, -0.000741773, 0.999994

270
-0.0184302, 0.0296658, 0.0380257
0.00757101, -0.0360431, -0.999322
-0.0442516, -0.998383, 0.035674
-0.998992, 0.0439515, -0.00915374

271
-0.0491168, -0.0237485, -0.071654
-0.999335, -0.0345408, 0.0117067
0.00255206, -0.386432, -0.922315
0.0363813, -0.921671, 0.386263

272
0.0889666, -0.000377479, -0.0755979
-0.513826, -0.857894, 0.00108279
-0.00334578, 0.000741773, -0.999994
0.857888, -0.513826, -0.00325147

273
0.060588, 0.037384, -0.0278068
-0.448096, -0.893222, 0.0369487
0.848551, -0.437968, -0.296892
0.281373, -0.101683, 0.954196

274
-0.0134209, -0.0270146, -0.0719296
0.999914, 0.0122399, -0.00475764
-0.00546701, 0.717399, 0.696641
0.0119399, -0.696554, 0.717405

275
-0.0137207, 0.0324089, 0.0135856
-0.0192195, -0.637636, -0.770098
-0.425402, -0.691827, 0.583445
-0.9048, 0.338815, -0.257955

276
-0.0139026, -0.061139, 0.00648986
-0.00273787, -0.238169, 0.97122
-0.380262, 0.898512, 0.219267
-0.924875, -0.368717, -0.0930264

277
-0.0184626, -0.0102872, 0.0659889
-0.00436072, 0.220967, -0.975272
-0.0265103, -0.974964, -0.220779
-0.999639, 0.024892, 0.0101094

278
0.030921, 0.0670139, -0.0357557
-0.411349, -0.911476, 0.00207742
0.725344, -0.325965, 0.606319
-0.551968, 0.250915, 0.795219

279
0.00162608, 0.0540347, -0.0286014
0.00205018, 0.320958, -0.947091
-0.391454, -0.871255, -0.296106
-0.920195, 0.371349, 0.123854

280
0.0927077, 0.00520299, -0.0757226
-0.342175, -0.939636, 0.00094599
-0.00677543, 0.00146058, -0.999976
0.939612, -0.342173, -0.00686621

281
0.0783398, 0.0359321, -0.0366292
-0.423387, -0.905686, 0.0218191
0.698925, -0.341865, -0.628197
0.576409, -0.250721, 0.777748

282
-0.00440009, 0.0228154, 0.0504796
0.00268436, -0.0889042, -0.996037
0.695636, -0.715381, 0.0657282
-0.718389, -0.693056, 0.0599247

283
-0.0114343, 0.0552908, -0.000345028
-0.000542934, -0.297003, -0.954877
-0.394086, -0.877538, 0.273172
-0.919073, 0.376452, -0.116568

284
-0.0597669, -0.00141396, -0.0640668
-0.976165, 0.216464, 0.0156389
-0.205811, -0.900437, -0.383218
-0.068871, -0.377302, 0.923526

285
-0.0575109, 0.000928844, -0.0625407
-0.989229, -0.145915, 0.0116401
0.139934, -0.91934, 0.367739
-0.0429576, 0.365407, 0.929856

286
0.0840889, 0.00260227, -0.0293851
-0.513826, -0.857894, 0.00108279
0.791305, -0.47443, -0.385685
0.331391, -0.197318, 0.92263

287
0.110754, -0.0420698, -0.0617451
0.0543701, -0.998515, -0.00330505
0.691928, 0.0400621, -0.720854
0.719916, 0.036906, 0.693079

288
-0.0233757, 0.0275437, -0.0714137
-0.995068, -0.0991729, 0.00228709
0.0427658, -0.408067, 0.91195
-0.0895074, 0.90755, 0.410295

289
-0.0348078, -0.00181445, -0.061332
-0.999669, 0.0247309, 0.00707665
-0.025467, -0.912757, -0.407707
-0.00362372, -0.407753, 0.913085

290
0.0821087, -0.0112005, -0.0799635
0.478951, -0.877841, -0.000653652
-0.246873, -0.13398, -0.959741
0.842413, 0.459831, -0.280885

291
-0.0489602, 0.0262001, -0.0726205
-0.998, -0.0623, 0.0106927
0.0334762, -0.37743, 0.925433
-0.0536188, 0.92394, 0.378761

292
0.0814644, 0.0442116, -0.0322925
-0.411349, -0.911476, 0.00207742
0.787529, -0.356557, -0.502658
0.458901, -0.205132, 0.864483

293
-0.0154023, 0.0137457, 0.0521574
0.0147439, 0.211447, -0.977278
0.345145, -0.918386, -0.193498
-0.938434, -0.33445, -0.0865205

294
-0.0264565, 0.00439933, -0.0704748
-0.99501, -0.0997054, 0.00380661
0.0996894, -0.99501, -0.00419085
0.00420547, -0.00379046, 0.999984

295
0.081058, -0.0355783, -0.0650023
0.298739, -0.953725, 0.0341092
0.210757, 0.031073, -0.977044
0.930772, 0.29907, 0.210287

296
-0.015466, 0.0556208, 0.0651176
0.00412673, -0.135439, -0.990777
-0.0238297, -0.990517, 0.135305
-0.999708, 0.0230516, -0.00731508

297
0.0891697, 0.0299229, -0.0543521
-0.436211, -0.899485, 0.0254405
0.425276, -0.230991, -0.875091
