0
0.080382, 0.0375851, -0.0156989
0.00131887, 0.000207573, -0.999999
-0.751661, -0.659548, -0.00112825
-0.659548, 0.751662, -0.000713832

1
-0.042374, 0.0496646, -0.0814558
0.999979, -0.00487669, 0.00420837
0.00361499, -0.115872, -0.993258
0.00533144, 0.993252, -0.115852

2
0.0802597, 0.0374773, 0.00826444
-3.68801e-05, -0.00196404, -0.999998
-0.749509, -0.661993, 0.00132782
-0.661994, 0.749508, -0.00144765

3
-0.0639489, -0.010374, -0.0491727
0.99997, -0.00778616, -0.000204914
0.00475781, 0.589789, 0.807543
-0.0061668, -0.80752, 0.589809

4
0.0660173, -0.0160828, -0.015729
0.00131887, 0.000207573, -0.999999
0.321695, -0.946843, 0.000227734
-0.946843, -0.321695, -0.00131554

5
0.0170321, 0.0219181, 0.0892983
0.999971, 0.00057129, 0.00753449
-0.000585321, 0.999998, 0.00186014
-0.00753341, -0.0018645, 0.99997

6
-0.138232, 0.0125058, -0.0388792
0.297531, -0.943641, -0.14497
0.792866, 0.15964, 0.588115
-0.531826, -0.289924, 0.795679

7
0.142017, 0.0208365, -0.0218915
-0.0045859, -2.77844e-05, -0.999989
-0.016746, 0.99986, 4.90157e-05
0.999849, 0.0167461, -0.00458572

8
-0.0361125, 0.0176899, 0.0896499
0.999905, -0.000570778, -0.0137412
0.00102491, 0.999453, 0.0330644
0.0137148, -0.0330753, 0.999359

9
0.0294229, 0.0219504, 0.0384117
0.999989, 0.00345153, 0.00309955
0.00446181, -0.898496, -0.43896
0.00126985, 0.438969, -0.898501

10
-0.0457732, -0.00439787, 0.0659658
0.99998, -0.000346302, 0.00625749
-0.0056779, 0.372588, 0.927979
-0.00265283, -0.927997, 0.372579

11
-0.0245614, -0.0286851, 0.0590175
0.999997, 0.00232484, -0.000919326
0.00193403, -0.486384, 0.873743
0.00158417, -0.873742, -0.486387

12
0.0503138, 0.0207508, 0.0896864
0.999999, 1.47534e-05, 0.00116791
-5.15675e-05, 0.999503, 0.0315278
-0.00116686, -0.0315278, 0.999502

13
0.0824618, 0.0256883, 0.00530196
-0.00186341, -0.00446919, -0.999988
-0.513724, -0.857942, 0.00479164
-0.857954, 0.513727, -0.000697232

14
-0.0189346, 0.0360516, -0.0440173
0.999976, 0.00167215, 0.00674576
0.00370498, 0.692941, -0.720985
-0.00588001, 0.720992, 0.692918

15
-0.0398784, 0.0422513, 0.00733563
0.999989, 0.000154721, 0.00475511
-0.000131003, 0.999988, -0.00498783
-0.00475583, 0.00498715, 0.999976

16
-0.100694, 0.0407062, 0.111085
0.0249125, 0.934173, -0.355951
-0.65069, 0.285464, 0.703643
0.758935, 0.214084, 0.614968

17
-0.0815725, 0.0245004, 0.0367499
0.999997, -0.00260521, 9.73684e-05
-0.00222336, -0.871736, -0.489971
0.00136136, 0.489969, -0.871739

18
-0.0453891, 0.00309597, -0.0137596
0.999986, -0.00211469, -0.00490869
0.00180686, 0.998081, -0.0618898
0.00503015, 0.0618801, 0.998071

19
-0.0487179, 0.0162067, 0.0195046
0.999999, -0.000134233, -0.00172355
0.000774199, -0.856646, 0.515905
-0.00154572, -0.515905, -0.856644

20
0.0386456, 0.039931, -0.0353856
-0.999793, 0.0202296, -0.00209253
-0.0195157, -0.925347, 0.378618
0.00572296, 0.37858, 0.925551

21
0.127142, 0.00608335, 0.00236473
-0.000878535, -7.38521e-05, 1
-0.718372, -0.695659, -0.000682491
0.695659, -0.718372, 0.000558107

22
0.07846, 0.0208377, -0.0124869
0.0032754, 0.00406398, 0.999986
-0.0632991, 0.997987, -0.00384852
-0.997989, -0.0632856, 0.00352606

23
-0.0155146, 0.0161033, 0.0388887
0.999979, -0.00416082, 0.00497795
-0.00597858, -0.888956, 0.457954
0.00251972, -0.457974, -0.888962

24
0.0293327, 0.0374716, 0.0502306
0.999989, 0.00345153, 0.00309955
0.00460813, -0.662116, -0.749387
-0.000534273, 0.749394, -0.662125

25
-0.0456545, -0.00799506, 0.0467916
0.99998, -0.000346302, 0.00625749
-0.00626089, -0.0109025, 0.999921
-0.000278053, -0.999941, -0.0109045

26
-0.142804, 0.0459012, 0.0110522
-0.00334621, 0.00414876, 0.999986
0.597145, 0.802132, -0.0013297
-0.802126, 0.597132, -0.00516151

27
0.116616, 0.0498958, -0.0156485
0.00131887, 0.000207573, -0.999999
-0.997876, 0.0651342, -0.00130255
0.0651339, 0.997876, 0.000293035

28
0.0742268, 0.0221111, 0.0380861
0.999978, 0.00651061, -0.000979516
0.00602602, -0.964996, -0.262195
-0.00265228, 0.262183, -0.965014

29
0.0263336, -0.00441746, 0.0659173
0.999997, 0.000393396, 0.00237233
-0.00234863, 0.371611, 0.928386
-0.000516359, -0.928389, 0.37161

30
-0.085318, 0.0311523, -0.00957726
0.00219068, -0.0062678, 0.999978
0.563005, -0.826429, -0.00641339
0.826451, 0.563007, 0.00171837

31
-0.0798077, 0.0160861, -0.075608
0.081018, -0.990089, 0.114717
0.0104624, -0.114244, -0.993398
0.996658, 0.0816833, 0.00110283

32
0.135462, 0.0448516, -0.0156247
0.00131887, 0.000207573, -0.999999
-0.896991, 0.442047, -0.00109126
0.442046, 0.896992, 0.000769192

33
0.0746607, -0.0392478, 0.0732271
0.999978, 0.00651061, -0.000979516
0.00265228, -0.262183, 0.965014
0.00602602, -0.964996, -0.262195

34
0.0504143, 0.0243337, 0.00356258
0.999999, 1.47534e-05, 0.00116791
-0.000398896, -0.935485, 0.353365
0.00109777, -0.353365, -0.935485

35
-0.0578404, -0.01135, -0.105857
0.999994, -3.39774e-05, -0.0034872
0.0023168, -0.740921, 0.671589
-0.00260656, -0.671593, -0.740916

36
-0.0849854, 0.0254934, 0.0261078
0.00119128, 0.0078191, 0.999969
0.449851, -0.893081, 0.00644739
0.893103, 0.449829, -0.00458134

37
0.0647054, 0.0420049, -0.0656081
-0.998899, -0.000184157, -0.0469197
-0.000186727, 1, 5.03937e-05
0.0469197, 5.90994e-05, -0.998899

38
0.00204358, -0.027144, -0.0601751
0.999974, -0.00724625, -0.000525482
0.00358863, 0.429747, 0.902942
-0.00631712, -0.90292, 0.429762

39
0.0423659, 0.042805, 0.00229296
-0.000878535, -7.38521e-05, 1
0.0160607, 0.999871, 8.79524e-05
-0.999871, 0.0160607, -0.000877235

40
-0.0457545, 0.0331017, -0.101138
0.999986, -0.00211469, -0.00490869
-0.00483449, -0.749506, -0.66198
-0.00227921, 0.661994, -0.749505

41
-0.0485941, 0.0141583, 0.0914869
0.999999, -0.000134233, -0.00172355
0.00054555, 0.97054, 0.240939
0.00164043, -0.24094, 0.970539

42
-0.0247373, 0.0393212, 0.0396497
0.999997, 0.00232484, -0.000919326
0.00158417, -0.873742, -0.486387
-0.00193403, 0.486384, -0.873743

43
0.050362, -0.00797318, 0.0487604
0.999999, 1.47534e-05, 0.00116791
-0.00116686, -0.0315278, 0.999502
5.15675e-05, -0.999503, -0.0315278

44
-0.0425799, 0.0392154, -0.0446422
0.999979, -0.00487669, 0.00420837
0.00632608, 0.620401, -0.784259
0.00121371, 0.78427, 0.620419

45
0.150835, 0.0331016, 0.00827043
-3.68801e-05, -0.00196404, -0.999998
-0.661994, 0.749508, -0.00144765
0.749509, 0.661993, -0.00132782

46
-0.093766, 0.0644118, 0.0326402
0.999987, 0.00504646, -0.000275794
0.00438759, -0.893921, -0.448203
-0.00250838, 0.448196, -0.893932

47
-0.0485784, -0.0324168, -0.0536546
0.999999, 0.00122481, -0.000407564
-0.000348485, 0.560171, 0.828377
0.00124291, -0.828376, 0.560171

48
0.050233, 0.0412822, 0.00128464
0.999997, -0.000344141, 0.00254684
0.000459929, 0.99896, -0.0456034
-0.0025285, 0.0456044, 0.998956

49
0.0507281, -0.00418858, 0.0356802
0.644503, 0.000170132, 0.764602
-0.70639, 0.382849, 0.595349
-0.292626, -0.923811, 0.246867

50
0.101315, 0.0164392, 0.0362581
-0.997295, -0.0187258, 0.0710726
-0.0411749, 0.943356, -0.329218
-0.0608819, -0.331254, -0.941575

51
-0.0756246, 0.050522, -0.0538049
0.999998, 0.000826624, -0.00180542
-0.00195979, 0.557165, -0.8304
0.000319491, 0.830402, 0.557165

52
-0.0874448, 0.0176164, -0.0426429
-0.00211572, -0.00541998, -0.999983
0.427707, 0.903899, -0.00580412
0.903915, -0.427712, 0.000405765

53
-0.071708, 0.02563, 0.0113742
-0.00334621, 0.00414876, 0.999986
0.512551, -0.858641, 0.00527747
0.858651, 0.512561, 0.000746741

54
-0.0931894, 0.0214144, 0.0596609
-0.0164185, 0.987042, -0.159622
0.416421, 0.151889, 0.896395
0.909024, -0.0517523, -0.413518

55
-0.0456406, -0.049998, -0.0246632
-0.530452, -2.97903e-10, -0.847715
0.847715, 3.07138e-09, -0.530452
2.76168e-09, -1, -1.37668e-09

56
-0.0486603, -0.00799803, 0.0353486
0.737016, -0.000449425, -0.675875
0.675875, -9.33785e-05, 0.737016
-0.000394346, -1, 0.000234934

57
0.0293137, 0.0164997, 0.0372971
0.999988, -0.00472416, 0.00100847
-0.00474333, -0.920783, 0.390046
-0.000914051, -0.390046, -0.920795

58
-0.0294479, 0.0228648, -0.00960784
-0.00130043, -0.000247176, 0.999999
-0.382744, -0.923854, -0.000726088
0.923854, -0.382744, 0.00110681

59
-0.0452017, -0.0055383, -0.0571799
0.99995, 0.0098344, 0.00185264
-0.00480687, 0.309633, 0.950844
0.00877735, -0.950805, 0.309665

60
0.0803631, 0.016063, 0.0405914
0.999999, -0.00143143, 0.000953334
-0.00171831, -0.854907, 0.518778
7.24193e-05, -0.518779, -0.854908

61
0.0870633, 0.0227875, -0.0400764
-0.00825788, -0.00139744, 0.999965
-0.32429, 0.945957, -0.00135608
-0.945922, -0.32429, -0.00826477

62
0.0413458, 0.028177, 0.00828612
1, 0.000299318, -0.000370411
0.000390067, -0.961014, 0.276499
-0.000273209, -0.276499, -0.961014

63
-0.0305126, -0.0248513, -0.0442777
0.999938, 0.0106531, 0.00315416
-0.0108116, 0.867648, 0.497062
0.00255852, -0.497065, 0.867709

64
-0.0851668, 0.00676563, 0.00243535
0.00367103, 0.000899507, -0.999993
0.70472, 0.709478, 0.00322525
0.709476, -0.704727, 0.00197062

65
-0.125641, 0.0420053, -0.0097282
-0.00130043, -0.000247176, 0.999999
6.5594e-05, 1, 0.000247262
-0.999999, 6.59155e-05, -0.00130042

66
0.0874237, 0.0217673, -0.0247083
-0.00325025, 0.00623277, 0.999975
-0.344679, 0.938695, -0.00697114
-0.938715, -0.344693, -0.000902693

67
0.0932894, -0.000663521, 0.0354352
0.00054461, 0.00197218, 0.999998
-0.853312, 0.521401, -0.000563575
-0.521401, -0.85331, 0.00196684

68
-0.100531, 0.0369282, -0.0419949
-0.999084, 0.0338596, 0.0261646
-0.00707814, -0.733798, 0.679331
0.0422014, 0.678524, 0.733365

69
-0.040534, -0.0141402, -0.0960976
0.997629, 1.58862e-09, -0.0688266
0.0486677, -0.707107, 0.70543
-0.0486677, -0.707107, -0.70543

70
0.0864312, 0.0200005, 0.0363469
0.999975, 0.00692069, 0.001296
0.00689334, -0.999775, 0.0200396
0.0014344, -0.0200301, -0.999798

71
-0.0486184, 0.0393351, -0.0334426
0.999999, -0.00121849, 8.36502e-05
0.00113771, 0.90441, -0.426663
0.000444232, 0.426662, 0.904411

72
0.0876326, 0.0212087, 0.0353015
-0.00325636, 0.00656676, 0.999973
-0.355851, 0.934514, -0.00729571
-0.934537, -0.355865, -0.000706332

73
-0.0865475, 0.0228796, 0.0545227
-0.99972, 3.6653e-05, 0.0236746
-0.00908816, -0.923977, -0.382339
0.0218608, -0.382447, 0.923719

74
-0.0156968, 0.00627662, -0.0316818
0.999996, -0.00274035, -0.00118999
0.00276748, 0.699623, 0.714507
-0.00112546, -0.714507, 0.699627

75
0.00435408, 0.00665309, -0.00274572
-0.143191, 0.000544432, -0.989695
0.699747, 0.707236, -0.100852
0.699893, -0.706977, -0.101651

76
0.0968686, 0.00592164, -0.040019
-0.00825788, -0.00139744, 0.999965
-0.661593, 0.74985, -0.00441564
-0.749817, -0.661607, -0.00711671

77
-0.0990078, 0.0229518, 0.0389194
0.999891, -0.0125254, 0.00777175
-0.00755973, -0.888349, -0.459106
0.0126545, 0.458997, -0.888348

78
-0.00690551, 0.0247961, -0.0322445
0.999986, 0.00309267, 0.00433587
-0.000535506, 0.868384, -0.495893
-0.00529883, 0.495884, 0.868373

79
0.132838, 0.00315733, 0.0468906
0.000599239, -0.0110007, 0.999939
-0.776944, -0.629537, -0.00646018
0.62957, -0.776893, -0.00892419

80
0.0780681, 0.0402354, -0.00661837
0.00274177, 0.00522726, 0.999983
0.324658, 0.945814, -0.00583426
-0.945828, 0.324668, 0.000896136

81
0.0795761, 0.000432361, 0.0441077
-0.00401227, -0.00282993, 0.999988
-0.831395, 0.555679, -0.00176327
-0.555667, -0.831392, -0.00458233

82
0.0140519, -0.031809, -0.0497776
0.999949, -0.0096276, -0.0029548
0.00797372, 0.577663, 0.816236
-0.00615152, -0.816218, 0.577711

83
0.0321207, 1.96702e-06, 0.0793362
0.999989, 1.37888e-09, 0.00477391
-1.37241e-09, 1, -1.35829e-09
-0.00477391, 1.35172e-09, 0.999989

84
-0.0486418, 0.0204061, -0.028721
0.999999, -0.00121849, 8.36502e-05
0.00122111, 0.998843, -0.0480818
-2.4966e-05, 0.0480818, 0.998843

85
0.0979984, 0.00468199, 0.0354438
-0.00325636, 0.00656676, 0.999973
-0.686395, 0.727195, -0.00701066
-0.727222, -0.686399, 0.00213938

86
-0.0574665, -0.00244915, 0.0012764
0.999994, -3.39774e-05, -0.0034872
0.000204887, 0.998798, 0.049022
0.00348134, -0.0490224, 0.998792

87
0.0188442, 0.0420111, -0.00482272
-0.143191, 0.000544432, -0.989695
-0.00010288, 1, 0.000564986
0.989695, 0.00018272, -0.143191

88
0.0413786, 0.0181976, 0.0888691
1, 0.000299318, -0.000370411
-0.000255822, 0.993673, 0.112312
0.000401684, -0.112312, 0.993673

89
-0.0155825, 0.0414757, -0.016666
0.999996, -0.00274035, -0.00118999
0.00275272, 0.999941, 0.0105214
0.00116108, -0.0105247, 0.999944

90
0.0392518, 0.0671028, -0.0623262
-0.999793, 0.0202296, -0.00209253
-0.00975292, -0.386623, 0.922186
0.0178464, 0.922016, 0.38674

91
-0.0865705, 0.0299038, -0.0211431
-0.00117, -0.0158231, 0.999874
0.598127, -0.801312, -0.011981
0.801401, 0.598037, 0.0104018

92
0.0473594, -0.049998, 0.0353368
0.999955, 1.10537e-09, -0.00944236
0.00944236, 2.50707e-09, 0.999955
1.129e-09, -1, 2.49652e-09

93
0.064354, 0.041999, 0.0557356
0.887975, -0.000472847, -0.459892
0.000447018, 1, -0.000165052
0.459892, -5.90181e-05, 0.887975

94
0.00214103, -0.0141402, -0.0902313
0.999993, -7.3615e-11, -0.00386078
0.00272998, -0.707107, 0.707102
-0.00272998, -0.707107, -0.707102

95
0.0323594, -0.049998, 0.0293368
0.999989, 1.37888e-09, 0.00477391
-0.00477391, 1.35172e-09, 0.999989
1.37241e-09, -1, 1.35829e-09

96
-0.00689559, 0.0395246, -0.0450381
0.999986, 0.00309267, 0.00433587
0.00153303, 0.612515, -0.790457
-0.00510041, 0.790453, 0.612502

97
0.0810472, 0.0401742, -0.0125739
0.0032754, 0.00406398, 0.999986
0.323433, 0.946238, -0.00490494
-0.946245, 0.323445, 0.00178488

98
0.00235943, -0.049998, -0.0336632
0.999993, -7.3615e-11, -0.00386078
0.00386078, -6.14186e-10, 0.999993
-7.59857e-11, -1, -6.13897e-10

99
-0.00964057, -0.049998, -0.00066318
-0.00587913, -6.23372e-11, 0.999983
-0.999983, 4.12383e-10, -0.00587913
-4.12009e-10, -1, -6.47606e-11

100
0.00482744, 0.041454, 0.090709
0.999892, 0.000646862, 0.0146956
0.00645055, 0.87857, -0.477569
-0.01322, 0.477613, 0.878471

101
-0.0815351, 0.0393155, 0.0494429
0.999997, -0.00260521, 9.73684e-05
-0.00153314, -0.617876, -0.786274
0.00210857, 0.786271, -0.617878

102
0.0862938, 0.0392066, 0.0397687
0.999975, 0.00692069, 0.001296
0.00691753, -0.931337, -0.364092
-0.00131276, 0.364092, -0.931362

103
0.00609355, -0.00525014, 0.00661885
0.999892, 0.000646862, 0.0146956
-0.000900444, -0.994468, 0.10504
0.0146822, -0.105042, -0.994359

104
-0.105188, 0.00330786, -0.0442497
0.990744, 0.0633757, -0.120041
0.0420756, 0.697392, 0.715454
0.129058, -0.713882, 0.68827

105
-0.0827857, 0.015551, 0.0140447
-0.00939098, -0.00847553, -0.99992
0.348942, 0.937077, -0.01122
0.937097, -0.34902, -0.00584261

106
0.0741216, 0.0395777, 0.0467758
0.999978, 0.00651061, -0.000979516
0.00455233, -0.791207, -0.611531
-0.00475644, 0.611514, -0.79122

107
0.0263805, -0.00799446, 0.0467391
0.999997, 0.000393396, 0.00237233
-0.00236745, -0.0119555, 0.999926
0.000421729, -0.999928, -0.0119546

108
0.0716715, -0.0345196, -0.0456173
0.999958, 0.00914765, 0.000943764
-0.00675408, 0.660884, 0.750457
0.0062412, -0.750432, 0.660918

109
-0.0331992, 1.96701e-06, 0.0102183
0.997629, 1.58862e-09, -0.0688266
-1.66445e-09, 1, -1.04435e-09
0.0688266, 1.15643e-09, 0.997629

110
0.0502338, 0.0219944, -0.00164483
0.999997, -0.000344141, 0.00254684
-0.000542695, 0.94037, 0.340152
-0.00251203, -0.340152, 0.940367

111
-0.0888243, 0.0419892, -0.0416492
-0.99972, 3.6653e-05, 0.0236746
3.05959e-05, 1, -0.000256211
-0.0236746, -0.000255415, -0.99972

112
-0.0721131, -0.00886455, -0.0920575
-0.288211, -0.909212, 0.300447
-0.296371, -0.213657, -0.930868
0.910549, -0.35733, -0.207885

113
-0.0697696, -0.00133732, 0.0870432
0.999993, -0.00179155, 0.00327412
-5.15135e-05, 0.870547, 0.492086
-0.00373187, -0.492082, 0.870541

114
-0.0706412, 0.04217, 0.00252052
0.00367103, 0.000899507, -0.999993
-0.00336321, 0.999994, 0.000887161
0.999988, 0.00335993, 0.00367404

115
-0.0246996, 0.0207516, 0.0336685
0.999997, 0.00232484, -0.000919326
0.0022037, -0.993364, -0.114996
-0.00118057, 0.114993, -0.993366

116
0.0503395, -0.0047723, 0.0680051
0.999999, 1.47534e-05, 0.00116791
-0.00109777, 0.353365, 0.935485
-0.000398896, -0.935485, 0.353365

117
0.083211, 0.00258612, 0.104353
0.612945, -0.78976, 0.0240327
0.318771, 0.275006, 0.90706
-0.722968, -0.548317, 0.420316

118
0.0413543, 0.0108412, 0.0172343
1, 0.000299318, -0.000370411
0.000464927, -0.78205, 0.623216
-0.00010314, -0.623216, -0.78205

119
-0.0307292, -0.00635772, -0.0380694
0.999938, 0.0106531, 0.00315416
-0.0109677, 0.991821, 0.127167
-0.00177365, -0.127194, 0.991876

120
0.0614703, -0.00419314, 0.00344759
-0.998899, -0.000184157, -0.0469197
0.0434196, -0.382629, -0.922881
-0.0177829, -0.923902, 0.382215

121
-0.0635388, 0.0417955, -0.0300741
0.99997, -0.00778616, -0.000204914
0.00751812, 0.971753, -0.235879
0.00203571, 0.23587, 0.971782

122
-0.0230737, 1.96696e-06, 0.0133123
0.999509, 2.86597e-10, -0.0313372
-2.88896e-10, 1, -6.88472e-11
0.0313372, 7.78666e-11, 0.999509

123
0.0593338, 0.021201, 0.0341903
0.999987, -0.00480422, -0.00142101
-0.00498365, -0.982918, -0.183976
-0.000512873, 0.183981, -0.98293

124
-0.0695668, 0.0112035, 0.0319484
0.999993, -0.00179155, 0.00327412
-0.00342808, -0.787769, 0.615962
0.00147572, -0.615969, -0.787769

125
-0.0907243, 0.0216331, -0.0289523
0.999987, -0.00495071, 0.00114931
0.00479867, 0.994206, 0.107383
-0.00167427, -0.107377, 0.994217

126
-0.0215211, 0.0166119, 0.0372498
0.999986, -0.00343438, 0.00403777
-0.00473146, -0.921737, 0.387787
0.00238995, -0.387801, -0.92174

127
-0.0424635, 0.0481014, -0.0620097
0.999979, -0.00487669, 0.00420837
0.00538007, 0.273049, -0.961985
0.00354221, 0.961988, 0.273069

128
0.0972747, 0.0473441, -0.0156746
0.00131887, 0.000207573, -0.999999
-0.946843, -0.321695, -0.00131554
-0.321695, 0.946843, -0.000227734

129
-0.0223331, 0.0590806, -0.0379943
0.999853, 0.0163046, 0.00536703
-0.0101404, 0.813331, -0.581712
-0.0138497, 0.581572, 0.813377

130
-0.0216577, 0.0202371, 0.0333868
0.999973, 0.00740421, -1.08919e-05
0.00739632, -0.998973, -0.0447049
-0.000341885, 0.0447036, -0.999

131
-0.0217979, 0.0391815, 0.0380444
0.999973, 0.00740421, -1.08919e-05
0.00670247, -0.905823, -0.423603
-0.00314631, 0.423591, -0.905848

132
0.0710217, 0.0360462, -0.0411403
0.999958, 0.00914765, 0.000943764
-0.0062412, 0.750432, -0.660918
-0.00675408, 0.660884, 0.750457

133
0.0594311, 0.0393081, 0.0414516
0.999987, -0.00480422, -0.00142101
-0.00480056, -0.837691, -0.546123
0.00143333, 0.546123, -0.837704

134
-0.0989114, 0.0382027, 0.0510851
0.999891, -0.0125254, 0.00777175
-0.0021416, -0.645077, -0.764114
0.0145842, 0.764015, -0.645034

135
-0.000676809, 0.0181271, 0.0347674
0.99999, 0.00421667, -0.00177714
0.00451809, -0.971379, 0.237492
-0.000724853, -0.237498, -0.971388

136
0.0858512, 0.0215335, -0.0989836
0.0145568, 0.999889, -0.00331783
0.526314, -0.0104835, -0.850226
-0.850166, 0.0106304, -0.526408

137
-0.0372937, 0.0214061, 0.00353981
0.999905, -0.000570778, -0.0137412
0.00430155, -0.936031, 0.351891
-0.0130631, -0.351916, -0.93594

138
-0.0826835, 0.0427227, 0.0312534
0.0451291, -0.00208513, 0.998979
0.853497, -0.519588, -0.0396414
0.51914, 0.854414, -0.0216689

139
0.0148455, 0.0513042, -0.052012
0.999949, -0.0096276, -0.0029548
0.00263185, 0.533025, -0.846095
0.00972084, 0.846044, 0.533024

140
-0.0522979, 0.0420057, -0.0685292
-0.997321, -8.43736e-05, 0.0731468
-7.86284e-05, 1, 8.1423e-05
-0.0731468, 7.54535e-05, -0.997321

141
-0.0695068, 0.0286212, 0.0231607
0.999993, -0.00179155, 0.00327412
-0.0026024, -0.963524, 0.267608
0.00267526, -0.267615, -0.963522

142
-0.0578066, 0.0147705, -0.096432
0.999994, -3.39774e-05, -0.0034872
0.00114296, -0.941529, 0.336931
-0.00329475, -0.336933, -0.941523

143
-0.0215148, 0.000952485, 0.0363336
0.999973, 0.00740421, -1.08919e-05
0.00696414, -0.940038, 0.340999
0.00251459, -0.34099, -0.940064

144
-0.0224744, 0.0724295, -0.0522206
0.999853, 0.0163046, 0.00536703
-0.00406848, 0.528862, -0.848698
-0.0166761, 0.848551, 0.528851

145
-0.0832234, 0.0245854, -0.0303389
-0.000295871, -0.0167104, 0.99986
0.371725, -0.928215, -0.015403
0.928343, 0.371669, 0.0064863

146
0.116567, 0.0857277, 0.034972
-0.00325636, 0.00656676, 0.999973
0.934537, 0.355865, 0.000706332
-0.355851, 0.934514, -0.00729571

147
0.042795, 1.96689e-06, 0.0217809
0.988881, 1.68742e-09, -0.148711
-1.48405e-09, 1, 1.47851e-09
0.148711, -1.24138e-09, 0.988881

148
-0.0209071, -0.0186969, -0.0673549
0.999853, 0.0163046, 0.00536703
-0.0089149, 0.226054, 0.974074
0.0146686, -0.973978, 0.226166

149
-0.0486329, 0.0190282, -0.0326788
0.999999, 0.00122481, -0.000407564
-0.00128165, 0.979688, -0.200525
0.000153682, 0.200525, 0.979689

150
-0.0891687, 0.00230018, -0.0455173
0.0117976, 0.0148575, -0.99982
0.493904, 0.869315, 0.0187461
0.869437, -0.494036, 0.00291764

151
0.0971205, 0.0472914, 0.00824454
-3.68801e-05, -0.00196404, -0.999998
-0.94579, -0.324778, 0.000672757
-0.324778, 0.945788, -0.00184559

152
-0.0934859, 0.00928405, 0.0395279
0.999987, 0.00504646, -0.000275794
0.00399649, -0.756168, 0.654366
0.00309369, -0.654358, -0.756178

153
-0.0032548, 1.96711e-06, -0.0511858
-0.530452, -2.97903e-10, -0.847715
-2.76168e-09, 1, 1.37668e-09
0.847715, 3.07138e-09, -0.530452

154
-0.0148468, 0.0419973, 0.0721876
0.737016, -0.000449425, -0.675875
0.000394346, 1, -0.000234934
0.675875, -9.33785e-05, 0.737016

155
0.0865576, 0.000946821, 0.0405356
0.999975, 0.00692069, 0.001296
0.0058197, -0.916007, 0.40112
0.00396317, -0.401103, -0.916024

156
-0.0453988, 0.0374773, -0.0305642
0.999986, -0.00211469, -0.00490869
-0.00227921, 0.661994, -0.749505
0.00483449, 0.749506, 0.66198

157
0.0915564, -0.00799158, 0.00233242
-0.000878535, -7.38521e-05, 1
-0.999871, 0.0160607, -0.000877235
-0.0160607, -0.999871, -8.79524e-05

158
0.0378718, 0.00167084, -0.0355539
-0.999793, 0.0202296, -0.00209253
-0.0178464, -0.922016, -0.38674
-0.00975292, -0.386623, 0.922186

159
-0.0486678, -0.00652504, 0.0502899
0.999999, -0.000134233, -0.00172355
0.00164043, -0.24094, 0.970539
-0.00054555, -0.97054, -0.240939

160
0.00255247, 1.96692e-06, 0.0163364
0.999993, -7.3615e-11, -0.00386078
7.59857e-11, 1, 6.13898e-10
0.00386078, -6.14186e-10, 0.999993

161
-0.0816467, 0.0215361, 0.0342542
0.999992, -0.00392868, -0.000889147
-0.00402614, -0.981644, -0.19068
-0.000123705, 0.190682, -0.981652

162
0.0801045, 0.0400921, 0.0230072
-0.00528729, 0.00569299, 0.99997
0.261832, 0.965105, -0.00411008
-0.965099, 0.261802, -0.00659339

163
0.149156, -0.0131909, -0.0219233
-0.0045859, -2.77844e-05, -0.999989
0.695159, 0.718849, -0.00320793
0.718841, -0.695166, -0.00327725

164
-0.0904006, 0.0767123, -0.073294
0.999987, -0.00495071, 0.00114931
0.00167427, 0.107377, -0.994217
0.00479867, 0.994206, 0.107383

165
-0.0454609, 0.0472913, -0.0474249
0.999986, -0.00211469, -0.00490869
-0.00395579, 0.324779, -0.945781
0.00359428, 0.945787, 0.324766

166
0.0375674, -0.0144997, -0.0464637
-0.999793, 0.0202296, -0.00209253
-0.0127556, -0.703878, -0.710207
-0.01584, -0.710033, 0.70399

167
0.0724858, -0.00387874, 0.00231597
-0.000878535, -7.38521e-05, 1
-0.917614, 0.397472, -0.000776802
-0.397472, -0.917614, -0.000416961

168
-0.0486344, -0.00744132, 0.0697773
0.999999, -0.000134233, -0.00172355
0.00172434, 0.14881, 0.988864
0.000123744, -0.988866, 0.14881

169
-0.0906261, 0.0410651, -0.0306816
0.999987, -0.00495071, 0.00114931
0.00507411, 0.959618, -0.281261
0.000289544, 0.281263, 0.959631

170
0.111601, -0.00739237, 0.0354385
0.00054461, 0.00197218, 0.999998
-0.987889, 0.155164, 0.000232004
-0.155163, -0.987887, 0.0020328

171
0.0975916, 0.00511809, -0.0245715
-0.00325025, 0.00623277, 0.999975
-0.677672, 0.735333, -0.00678594
-0.735357, -0.677678, 0.00183376

172
-0.0847655, 0.0280308, 0.055356
-0.0101519, 0.0651057, 0.997827
0.440897, -0.895351, 0.0629051
0.8975, 0.440577, -0.0196154

173
-0.0959431, -0.0228422, -0.0927195
-0.090043, -0.74085, 0.665608
-0.601279, -0.49234, -0.629336
0.793949, -0.456884, -0.401126

174
-0.0815594, 0.00128647, -0.00696534
0.0051526, -0.00396737, 0.999979
-0.274328, -0.961633, -0.0024017
0.961622, -0.27431, -0.00604327

175
0.05032, 0.00554953, 0.0845599
0.999999, 1.47534e-05, 0.00116791
-0.000861559, 0.684462, 0.729048
-0.000788631, -0.729049, 0.684461

176
-0.0246529, 0.00130678, 0.035249
0.999997, 0.00232484, -0.000919326
0.00248774, -0.961754, 0.273902
-0.000247385, -0.273904, -0.961757

177
0.0834695, 0.0019829, -0.0124267
0.0032754, 0.00406398, 0.999986
-0.440395, 0.897802, -0.00220621
-0.897798, -0.440381, 0.00473042

178
0.0657829, 0.0142291, 0.0440914
-0.00401227, -0.00282993, 0.999988
-0.555464, 0.83154, 0.000124531
-0.831531, -0.555457, -0.00490829

179
-0.0406101, 0.00858418, -0.0972009
0.997629, 1.58862e-09, -0.0688266
0.0263388, -0.92388, 0.381776
-0.0635875, -0.382683, -0.921689

180
-0.0007605, 0.0376175, 0.0339203
0.99999, 0.00421667, -0.00177714
0.00389678, -0.988324, -0.15232
-0.00239868, 0.152311, -0.98833

181
-0.0264133, -0.0141402, -0.0932039
0.999509, 2.86597e-10, -0.0313372
0.0221587, -0.707107, 0.70676
-0.0221587, -0.707107, -0.70676

182
0.0713413, -0.000164019, -0.0287635
0.999958, 0.00914765, 0.000943764
-0.00918905, 0.997951, 0.0633137
-0.000362659, -0.0633197, 0.997993

183
-0.140933, 0.0430697, 0.0338855
0.0451291, -0.00208513, 0.998979
0.51914, 0.854414, -0.0216689
-0.853497, 0.519588, 0.0396414

184
0.0142278, -0.0176493, -0.0363584
0.999949, -0.0096276, -0.0029548
0.00972084, 0.846044, 0.533024
-0.00263185, -0.533025, 0.846095

185
0.0887876, 0.0575621, 0.0229536
-0.00528729, 0.00569299, 0.99997
0.611229, 0.791453, -0.00127403
-0.791436, 0.611204, -0.00766436

186
-0.0817233, 0.00202738, 0.0343419
0.999992, -0.00392868, -0.000889147
-0.00367233, -0.979892, 0.199497
-0.00165503, -0.199492, -0.979898

187
0.0634553, 0.00309608, 0.00833258
-3.68801e-05, -0.00196404, -0.999998
-0.0618823, -0.998082, 0.00196255
-0.998083, 0.0618822, -8.47297e-05

188
0.0787677, 0.0206292, 0.0231109
-0.00528729, 0.00569299, 0.99997
-0.127426, 0.991828, -0.0063204
-0.991834, -0.127456, -0.00451864

189
-0.0815692, 0.0395933, 0.0416389
0.999992, -0.00392868, -0.000889147
-0.00376701, -0.83395, -0.551827
0.00142645, 0.551826, -0.833958

190
-0.0005876, 0.000444473, 0.0430088
0.99999, 0.00421667, -0.00177714
0.00445156, -0.806551, 0.591148
0.00105932, -0.59115, -0.806561

191
-0.0756118, -0.0353534, -0.00590889
-0.530452, -2.97903e-10, -0.847715
0.599425, -0.707107, -0.375086
-0.599425, -0.707107, 0.375086

192
-0.0214371, 0.00355885, -0.0362283
0.999853, 0.0163046, 0.00536703
-0.0166761, 0.848551, 0.528851
0.00406848, -0.528862, 0.848698

193
-0.0725503, 0.00664993, 0.00928767
0.737016, -0.000449425, -0.675875
0.477637, -0.707173, 0.521315
-0.478195, -0.707041, -0.520983

194
0.0353594, -0.049998, -0.0276632
0.988881, 1.68742e-09, -0.148711
0.148711, -1.24138e-09, 0.988881
1.48405e-09, -1, -1.47851e-09

195
-0.0908097, 0.00301851, -0.034791
0.999987, -0.00495071, 0.00114931
0.00379268, 0.877435, 0.47968
-0.0033832, -0.479669, 0.877443

196
0.0684381, 0.021958, 0.00829535
-3.68801e-05, -0.00196404, -0.999998
-0.439122, -0.898426, 0.00178074
-0.898428, 0.439121, -0.000829317

197
-0.0220863, 0.0413047, -0.0299595
0.999853, 0.0163046, 0.00536703
-0.0146686, 0.973978, -0.226166
-0.0089149, 0.226054, 0.974074

198
0.0877197, 0.0228649, 0.0513233
-0.995529, 0.000154898, 0.0944558
-0.0362947, -0.923855, -0.381017
0.0872045, -0.382742, 0.91973

199
0.0116108, 0.0447723, -0.0504022
0.999981, -0.00287485, -0.00551025
-0.00365398, 0.445239, -0.895404
0.00502753, 0.895407, 0.44522

200
-0.069812, 0.00261354, 0.102135
0.999993, -0.00179155, 0.00327412
-0.00147572, 0.615969, 0.787769
-0.00342808, -0.787769, 0.615962

201
0.0502538, 0.00529577, -0.0117324
0.999997, -0.000344141, 0.00254684
-0.0014627, 0.738618, 0.674122
-0.00211314, -0.674124, 0.738615

202
-0.0887348, 0.022856, -0.0378393
-0.99972, 3.6653e-05, 0.0236746
-0.00903163, 0.923782, -0.382813
-0.0218842, -0.382919, -0.923523

203
-0.0699079, -0.0034164, -0.0734549
-0.288211, -0.909212, 0.300447
0.074641, -0.334138, -0.939564
0.954653, -0.248367, 0.164167

204
0.00605489, 0.014178, 0.00839355
0.999892, 0.000646862, 0.0146956
0.00478674, -0.958966, -0.28348
0.0139092, 0.28352, -0.958865

205
-0.0252402, -0.046192, -0.055788
0.999509, 2.86597e-10, -0.0313372
0.0289518, -0.382683, 0.923426
-0.0119922, -0.92388, -0.382495

206
0.0711669, 0.019172, -0.0313504
0.999958, 0.00914765, 0.000943764
-0.00835079, 0.946218, -0.323421
-0.00385155, 0.3234, 0.946255

207
-0.0969921, 0.0408697, 0.0260018
0.00119128, 0.0078191, 0.999969
0.757383, -0.652957, 0.00420341
0.652969, 0.757355, -0.00669991

208
0.0625122, 0.0105251, 0.0470138
0.000599239, -0.0110007, 0.999939
-0.62957, 0.776893, 0.00892419
-0.776944, -0.629537, -0.00646018

209
-0.00666734, 0.0434211, -0.100458
0.999986, 0.00309267, 0.00433587
0.00529883, -0.495884, -0.868373
-0.000535506, 0.868384, -0.495893

210
0.0685099, 0.0221043, -0.0157177
0.00131887, 0.000207573, -0.999999
-0.442046, -0.896992, -0.000769192
-0.896991, 0.442047, -0.00109126

211
-0.0423251, 0.0436671, -0.10002
0.999979, -0.00487669, 0.00420837
0.00129956, -0.487153, -0.873315
0.00630901, 0.873303, -0.487137

212
0.0942377, 0.0448419, 0.0414427
-0.0107488, -0.00294173, -0.999938
-0.896737, -0.44243, 0.010941
-0.442434, 0.896798, 0.00211762

213
0.0931967, -0.049991, -0.0216656
-0.0045859, -2.77844e-05, -0.999989
0.999849, 0.0167461, -0.00458572
0.016746, -0.99986, -4.90157e-05

214
0.0116616, 0.0328451, -0.0349639
0.999981, -0.00287485, -0.00551025
-0.00145189, 0.754004, -0.656868
0.00604315, 0.656863, 0.753986

215
-0.101399, 0.00104774, -0.0287168
-0.999084, 0.0338596, 0.0261646
-0.0348459, -0.998662, -0.0382079
0.0248359, -0.0390846, 0.998927

216
-0.0366406, -0.049998, -0.0396632
0.997629, 1.58862e-09, -0.0688266
0.0688266, 1.15643e-09, 0.997629
1.66445e-09, -1, 1.04435e-09

217
0.00568196, 0.0439305, 0.0324583
0.999892, 0.000646862, 0.0146956
0.01322, -0.477613, -0.878471
0.00645055, 0.87857, -0.477569

218
-0.0743828, 0.0230231, 0.00248956
0.00367103, 0.000899507, -0.999993
0.379571, 0.92516, 0.00222562
0.925155, -0.379577, 0.00305486

219
0.0754558, 0.0209023, -0.00651015
0.00274177, 0.00522726, 0.999983
-0.0620079, 0.998063, -0.00504721
-0.998072, -0.061993, 0.00306059

220
-0.0361505, 0.000136058, 0.0876088
0.999905, -0.000570778, -0.0137412
0.00619534, 0.910717, 0.412986
0.0122787, -0.413032, 0.910634

221
-0.0771552, 0.0390061, -0.0237131
0.139002, 4.06945e-05, 0.990292
7.61753e-05, 1, -5.17857e-05
-0.990292, 8.26341e-05, 0.139002

222
-0.0455336, -0.00398065, 0.0277004
0.99998, -0.000346302, 0.00625749
-0.00589072, -0.392733, 0.919634
0.00213905, -0.919652, -0.392728

223
-0.0694672, 0.048076, 0.0217074
0.999993, -0.00179155, 0.00327412
-0.00138053, -0.992592, -0.121486
0.00346751, 0.121481, -0.992588

224
-0.0859431, 0.0393025, -0.00679193
0.0051526, -0.00396737, 0.999979
0.48599, -0.873944, -0.00597149
0.873949, 0.486011, -0.00257498

225
-0.0844392, 0.0402701, -0.0448973
0.0117976, 0.0148575, -0.99982
-0.265542, 0.964034, 0.0111924
0.964027, 0.265362, 0.0153186

226
-0.0486804, 0.0507288, -0.0541156
0.999999, 0.00122481, -0.000407564
-0.00101494, 0.550951, -0.834537
-0.000797597, 0.834536, 0.550952

227
-0.0933899, -0.00786766, 0.0737372
0.999987, 0.00504646, -0.000275794
0.000638383, -0.0719902, 0.997405
0.00501351, -0.997393, -0.0719925

228
0.0382504, 0.0207844, -0.0316638
-0.999793, 0.0202296, -0.00209253
-0.0202202, -0.999786, -0.00439555
-0.002181, -0.00435233, 0.999988

229
-0.0453736, 0.0219579, -0.0187425
0.999986, -0.00211469, -0.00490869
-0.000255631, 0.898426, -0.439124
0.00533871, 0.439119, 0.898413

230
0.110749, -0.00449336, 0.00234954
-0.000878535, -7.38521e-05, 1
-0.929906, -0.367796, -0.000844118
0.367796, -0.929907, 0.000254446

231
-0.0486972, 0.00177905, 0.0326364
0.999999, -0.000134233, -0.00172355
0.00130679, -0.594009, 0.804457
-0.00113179, -0.804458, -0.594008

232
0.0849809, 0.00213648, 0.023249
-0.00528729, 0.00569299, 0.99997
-0.497285, 0.867554, -0.0075685
-0.867571, -0.49731, -0.00175597

233
0.0583218, 0.051763, 0.0441677
-0.00401227, -0.00282993, 0.999988
0.195209, 0.980755, 0.00355874
-0.980754, 0.19522, -0.00338263

234
-0.0799704, 0.0207306, -0.00689639
0.0051526, -0.00396737, 0.999979
0.114551, -0.993407, -0.00453154
0.993404, 0.114572, -0.00466416

235
0.0803299, 0.00167956, 0.0537716
0.999999, -0.00143143, 0.000953334
-0.00161522, -0.591303, 0.806448
-0.000590662, -0.806448, -0.591305

236
0.080441, 0.00204116, -0.00642523
0.00274177, 0.00522726, 0.999983
-0.439233, 0.898366, -0.00349178
-0.898369, -0.439216, 0.00475911

237
-0.069638, -0.00152538, 0.0467325
0.999993, -0.00179155, 0.00327412
-0.00373187, -0.492082, 0.870541
5.15135e-05, -0.870547, -0.492086

238
-0.0876421, -0.00799803, 0.00834963
-0.99972, 3.6653e-05, 0.0236746
-0.0236746, -0.000255415, -0.99972
-3.05959e-05, -1, 0.000256211

239
0.0458641, 0.0236122, 0.00229461
-0.000878535, -7.38521e-05, 1
-0.367796, 0.929907, -0.000254446
-0.929906, -0.367796, -0.000844118

240
0.0373484, -0.0289873, -0.081883
-0.999793, 0.0202296, -0.00209253
0.002181, 0.00435233, -0.999988
-0.0202202, -0.999786, -0.00439555

241
-0.0456533, 0.0449233, -0.0856194
0.999986, -0.00211469, -0.00490869
-0.00533871, -0.439119, -0.898413
-0.000255631, 0.898426, -0.439124

242
-0.0485979, -0.00378765, 0.0906795
0.999999, -0.000134233, -0.00172355
0.00113179, 0.804458, 0.594008
0.00130679, -0.594009, 0.804457

243
-0.0366918, -0.0109707, 0.0486836
0.999905, -0.000570778, -0.0137412
0.0137148, -0.0330753, 0.999359
-0.00102491, -0.999453, -0.0330644

244
-0.0214396, 0.0357246, 0.033338
0.999986, -0.00343438, 0.00403777
-0.0034567, -0.999979, 0.00553363
0.00401868, -0.00554751, -0.999977

245
0.0766938, 0.068072, 0.0353086
0.00054461, 0.00197218, 0.999998
0.521401, 0.85331, -0.00196684
-0.853312, 0.521401, -0.000563575

246
0.117126, 0.0859367, -0.0250117
-0.00325025, 0.00623277, 0.999975
0.938715, 0.344693, 0.000902693
-0.344679, 0.938695, -0.00697114

247
0.0292265, 0.000365766, 0.0482648
0.999988, -0.00472416, 0.00100847
-0.00403247, -0.701429, 0.712728
-0.00265967, -0.712724, -0.70144

248
0.097077, 0.0185105, 0.0340798
-0.999314, -0.0219688, 0.0298059
-0.0267043, 0.985228, -0.16915
-0.0256496, -0.16983, -0.98514

249
0.0172423, -0.0042276, 0.0633845
0.999971, 0.00057129, 0.00753449
-0.00718396, 0.38096, 0.924564
-0.00234215, -0.924591, 0.380953

250
0.0264242, -0.00395995, 0.0276518
0.999997, 0.000393396, 0.00237233
-0.00202585, -0.393702, 0.919236
0.00129561, -0.919238, -0.3937

251
0.0740526, 0.0523893, 0.0614884
0.999978, 0.00651061, -0.000979516
0.00238559, -0.496964, -0.867768
-0.00613648, 0.867747, -0.496969

252
0.0966636, 0.0380084, 0.0345928
-0.999314, -0.0219688, 0.0298059
-0.0148559, 0.975224, 0.220722
-0.0339164, 0.220128, -0.974881

253
-0.0154098, 0.0348558, 0.0335096
0.999979, -0.00416082, 0.00497795
-0.00455923, -0.996547, 0.0829028
0.00461582, -0.0829237, -0.996545

254
-0.0264479, 0.00858418, -0.0943093
0.999509, 2.86597e-10, -0.0313372
0.0119922, -0.92388, 0.382495
-0.0289518, -0.382683, -0.923426

255
0.0715185, -0.019018, -0.0337734
0.999958, 0.00914765, 0.000943764
-0.00862836, 0.897755, 0.44041
0.00318144, -0.440399, 0.897796

256
-0.0485983, 0.0550163, -0.0450487
0.999999, -0.00121849, 8.36502e-05
0.000881106, 0.672289, -0.740288
0.000845799, 0.740287, 0.67229

257
0.0843805, 0.0404443, 0.0351646
-0.00325636, 0.00656676, 0.999973
0.0288687, 0.999562, -0.00647005
-0.999578, 0.0288468, -0.00344451

258
0.00213677, 0.00858418, -0.0913372
0.999993, -7.3615e-11, -0.00386078
0.00147746, -0.92388, 0.382681
-0.00356689, -0.382683, -0.923873

259
0.113189, 0.0484978, 0.00514276
-0.00186341, -0.00446919, -0.999988
-0.969922, -0.243397, 0.00289519
-0.243407, 0.969916, -0.00388122

260
-0.0189794, 0.000993736, -0.0286742
0.999976, 0.00167215, 0.00674576
-0.00153797, 0.999802, -0.0198462
-0.00677761, 0.0198354, 0.99978

261
-0.0592808, -0.00765137, 0.030091
0.0451291, -0.00208513, 0.998979
-0.153004, -0.988214, 0.00484934
0.987195, -0.153067, -0.0449162

262
-0.0486975, -0.0272185, -0.05733
0.999999, -0.00121849, 8.36502e-05
0.000444232, 0.426662, 0.904411
-0.00113771, -0.90441, 0.426663

263
-0.0874599, -0.0116828, -0.0791509
-0.090043, -0.74085, 0.665608
-0.251679, -0.629705, -0.734935
0.963613, -0.233695, -0.129755

264
-0.104874, 0.0193689, -0.0331796
0.990744, 0.0633757, -0.120041
-0.0105156, 0.917497, 0.397603
0.135336, -0.392661, 0.909671

265
-0.0796756, 0.0348096, 0.0138522
-0.00939098, -0.00847553, -0.99992
-0.0362311, 0.99931, -0.00813009
0.999299, 0.0361518, -0.00969158

266
-0.0576508, -0.0499379, -0.0511143
0.999994, -3.39774e-05, -0.0034872
0.00348134, -0.0490224, 0.998792
-0.000204887, -0.998798, -0.049022

267
-0.0875644, 0.084223, -0.0684446
0.999994, -0.00229426, 0.00260403
0.00311792, 0.264366, -0.964417
0.00152421, 0.96442, 0.264371

268
0.0789931, 0.0228707, -0.0406516
-0.995529, 0.000154898, 0.0944558
-0.0359987, 0.923904, -0.380928
-0.0873271, -0.382625, -0.919767

269
-0.094711, -0.0238759, -0.0544623
-0.0323556, -0.0511281, 0.998168
-0.476476, -0.877112, -0.0603724
0.878592, -0.477557, 0.00401816

270
0.029408, 0.0356026, 0.0333384
0.999988, -0.00472416, 0.00100847
-0.00473206, -0.999957, 0.00798232
0.00097072, -0.007987, -0.999968

271
-0.0311133, 0.0482519, -0.100768
0.999938, 0.0106531, 0.00315416
0.00583579, -0.262042, -0.965039
-0.00945409, 0.964998, -0.262088

272
0.0413845, 0.000299633, 0.090409
1, 0.000299318, -0.000370411
-8.26313e-05, 0.875054, 0.484025
0.000469007, -0.484025, 0.875054

273
-0.0156386, 0.000836906, 0.0510347
0.999979, -0.00416082, 0.00497795
-0.00648774, -0.646029, 0.763285
4.00117e-05, -0.763301, -0.646043

274
-0.151379, 0.0105546, -0.0531607
0.297531, -0.943641, -0.14497
0.528991, 0.0365394, 0.84784
-0.79476, -0.328947, 0.51005

275
0.141559, 0.00208301, -0.0218889
-0.0045859, -2.77844e-05, -0.999989
0.367154, 0.930158, -0.00170959
0.930149, -0.367158, -0.00425541

276
0.0844013, 0.0410404, -0.0248383
-0.00325025, 0.00623277, 0.999975
0.0407893, 0.999149, -0.00609505
-0.999162, 0.0407685, -0.00350172

277
0.0789465, 0.0125608, 0.0354169
0.00054461, 0.00197218, 0.999998
-0.588826, 0.808259, -0.00127335
-0.80826, -0.588824, 0.00160146

278
0.0831333, 0.0210563, -0.0514572
0.282214, 0.115027, 0.952431
-0.319677, 0.947322, -0.0196873
-0.904523, -0.298914, 0.304119

279
0.0653635, -0.00799803, -0.000678255
-0.992992, -4.4331e-05, -0.118178
0.118178, 0.000308891, -0.992992
8.05245e-05, -1, -0.000301488

280
-0.0217717, 0.021808, -0.0293393
0.999853, 0.0163046, 0.00536703
-0.0169636, 0.986346, 0.163812
-0.00262287, -0.163879, 0.986477

281
0.00949327, -0.046192, -0.000550688
-0.00587913, -6.23372e-11, 0.999983
-0.923864, -0.382683, -0.0054316
0.382677, -0.92388, 0.00224984

282
-0.0213888, 0.0548795, 0.037038
0.999986, -0.00343438, 0.00403777
-0.00165569, -0.925983, -0.377562
0.0050356, 0.37755, -0.925975

283
0.0292466, 0.0472885, 0.0670896
0.999989, 0.00345153, 0.00309955
0.0040529, -0.324935, -0.945728
-0.00225706, 0.94573, -0.324945

284
0.0583194, 0.032254, 0.0441125
-0.00401227, -0.00282993, 0.999988
-0.194969, 0.980807, 0.00199337
-0.980801, -0.194959, -0.00448701

285
-0.0683285, 0.0295289, 0.0305773
0.0451291, -0.00208513, 0.998979
0.589862, -0.807007, -0.0283316
0.806242, 0.590538, -0.0351896

286
0.0148588, 0.0582831, -0.07023
0.999949, -0.0096276, -0.0029548
-0.0012885, 0.168684, -0.985669
0.00998805, 0.985623, 0.168663

287
-0.0992362, 0.0448225, -0.00946109
0.00219068, -0.0062678, 0.999978
0.836418, -0.548067, -0.00526761
0.548088, 0.836411, 0.00404186

288
-0.111255, 0.0841969, -0.0429534
-0.00211572, -0.00541998, -0.999983
-0.903915, 0.427712, -0.000405765
0.427707, 0.903899, -0.00580412

289
0.025084, 0.00664872, -0.020052
0.887975, -0.000472847, -0.459892
0.324877, -0.707148, 0.62801
-0.325509, -0.707065, -0.627776

290
0.0831675, -0.0117976, -0.0501266
0.99999, -0.00441827, 0.000650796
0.00228172, 0.630727, 0.776001
-0.00383906, -0.775992, 0.630731

291
-0.161248, 0.0146505, 0.0384654
0.0249125, 0.934173, -0.355951
0.891591, -0.181808, -0.414743
-0.452156, -0.30703, -0.837429

292
-0.0428213, 0.00579559, -0.0260003
0.999979, -0.00487669, 0.00420837
0.00533144, 0.993252, -0.115852
-0.00361499, 0.115872, 0.993258

293
0.0262906, 0.00622647, 0.0822669
