0
-0.0948915, 0.0309301, 0.0326324
0.999986, -0.000904275, -0.00529418
-0.00398548, -0.785704, -0.618589
-0.00360029, 0.618602, -0.785697

1
0.0814572, 0.0229774, 0.00354777
-0.0133915, 0.000835832, -0.99991
-0.399522, -0.916712, 0.00458439
-0.916626, 0.399548, 0.0126101

2
-0.0164798, 0.00711404, -0.0413058
0.999955, -0.00464175, -0.00822552
0.0082297, 0.855538, 0.517675
0.00463433, -0.517719, 0.855538

3
0.016644, 0.0326651, 0.0309896
0.99997, -0.0035118, 0.00693309
-0.00313718, -0.998572, -0.0533251
0.00711046, 0.0533017, -0.998553

4
0.10133, 0.0414519, 0.047401
-0.993294, -0.115503, 0.00501055
-0.0594105, 0.547132, 0.834935
-0.0991793, 0.829039, -0.550325

5
0.136834, 0.0395451, -0.0232794
0.0222724, -0.000274282, -0.999752
-0.429603, 0.902964, -0.0098184
0.902743, 0.429715, 0.0199934

6
-0.0954245, 0.0384235, 0.04488
0.00750681, -0.00642586, 0.999951
0.70843, -0.705712, -0.00985334
0.705741, 0.70847, -0.000745371

7
-0.0918391, 0.0377039, -0.0480879
0.999982, -0.00212618, 0.0055957
0.00541448, 0.719897, -0.694059
-0.00255263, 0.694077, 0.719896

8
-0.0695951, 0.0298439, 0.0238074
0.00378529, -0.00140612, 0.999992
0.596871, -0.80233, -0.00338753
0.802328, 0.596879, -0.00219778

9
0.0367694, 0.0264517, -0.0356559
0.999908, -0.00196218, 0.0134581
0.00878478, 0.848599, -0.528964
-0.0103826, 0.529034, 0.848537

10
0.0935184, 0.0394102, -0.0238864
-0.0124176, -0.00471296, -0.999912
-0.788116, -0.615396, 0.012688
-0.615402, 0.788204, 0.0039274

11
-0.0825686, 0.00116792, 0.0864377
0.999985, 0.0020768, -0.0050464
0.000653171, 0.872551, 0.488522
0.0054178, -0.488518, 0.872537

12
-0.0600024, 0.0473189, 0.0350756
-0.017301, 0.00347602, -0.999844
-0.106303, 0.99432, 0.00529625
0.994183, 0.106379, -0.0168332

13
-0.032536, 0.0411864, -0.0220961
0.99986, 0.00271165, 0.0165351
-0.00297998, 0.999864, 0.0162252
-0.0164888, -0.0162722, 0.999732

14
0.0138003, 0.0449481, 0.092572
0.999888, -0.00155565, -0.0148996
-0.00722152, 0.82135, -0.570379
0.0131251, 0.570422, 0.821247

15
0.0375247, 0.0447595, -0.0891068
0.999908, -0.00196218, 0.0134581
0.0062305, -0.813508, -0.58152
0.0120893, 0.581551, -0.81342

16
0.0807807, 0.0246352, -0.0236585
-0.0124176, -0.00471296, -0.999912
-0.49262, -0.870185, 0.0102192
-0.870156, 0.492703, 0.00848392

17
0.0282182, 0.0605497, 0.0344856
0.999797, 0.0191681, 0.00614334
0.0200793, -0.928437, -0.370946
-0.0014066, 0.370994, -0.928634

18
0.0707587, 0.022762, -0.0259343
0.999946, -0.000560364, -0.0104229
0.00452752, 0.923017, 0.384734
0.00940492, -0.38476, 0.922969

19
-0.0855851, 0.0268515, 0.0323423
0.999997, -0.000164179, 0.00256259
0.000447912, -0.971502, -0.23703
0.00252848, 0.23703, -0.971499

20
-0.0407115, 0.046194, 0.0580514
-1, 1.22465e-16, 0
-4.68652e-17, -0.382683, 0.92388
1.13143e-16, 0.92388, 0.382683

21
-0.0557215, 0.0269287, -0.0344527
0.999997, 0.00253689, 0.000511636
-0.00258024, 0.992597, 0.121426
-0.000199804, -0.121427, 0.9926

22
0.128923, 0.0523326, -0.0187034
-0.0270945, -0.0047962, -0.999621
-0.665013, 0.746692, 0.0144424
0.74634, 0.665153, -0.0234207

23
0.00164758, 0.0273663, -0.0362383
0.999942, 0.00281931, -0.010425
-0.00806534, 0.836914, -0.547274
0.00718192, 0.547327, 0.836888

24
0.0102032, 0.0335711, -0.0405368
0.999998, 0.00209027, 0.000777928
-0.00143816, 0.870919, -0.491425
-0.00170472, 0.491423, 0.870919

25
0.0635056, 0.0420714, -0.0548082
-0.974501, 0.00462792, -0.224334
0.00418971, 0.999988, 0.00242935
0.224343, 0.00142751, -0.974509

26
-0.131887, 0.0524454, 0.004982
-0.034001, 0.0092802, 0.999379
0.671349, 0.740969, 0.0159601
-0.740361, 0.671475, -0.031424

27
-0.0840694, 0.0429241, 0.0238806
0.00378529, -0.00140612, 0.999992
0.858475, -0.512841, -0.00397072
0.512842, 0.858483, -0.000734131

28
-0.0829262, 0.0284224, 0.0267966
0.999985, 0.0020768, -0.0050464
0.0033691, -0.962421, 0.271539
-0.00429283, -0.271552, -0.962414

29
-0.091933, 0.0212876, -0.0375476
0.999982, -0.00212618, 0.0055957
0.00402548, 0.93071, -0.365735
-0.00443036, 0.365751, 0.930702

30
0.0631702, 0.0334893, -0.0249188
0.0222724, -0.000274282, -0.999752
-0.669624, -0.742555, -0.0147141
-0.742366, 0.669785, -0.0167222

31
-0.0726784, 0.058593, 0.0990287
-0.999695, 0.0241666, -0.00514398
-0.0135473, -0.362012, 0.932075
0.0206629, 0.93186, 0.362228

32
0.00646413, 0.0420638, -0.0103041
0.215551, -0.00938744, 0.976447
0.00327026, 0.999955, 0.00889153
-0.976487, 0.00127666, 0.215572

33
0.0374956, 0.0493228, -0.0862816
0.999908, -0.00196218, 0.0134581
0.0129541, -0.164019, -0.986372
0.00414283, 0.986455, -0.163978

34
-0.0422158, 0.0421758, -0.0521249
-0.920831, -0.00507508, -0.389929
-0.00604418, 0.999981, 0.00125841
0.389915, 0.00351558, -0.920844

35
-0.00211704, 0.0565244, -0.0863944
0.999896, 0.00363643, -0.0139703
-0.00726918, -0.709272, -0.704898
-0.0124721, 0.704926, -0.709171

36
0.0289094, 0.00651466, 0.0316465
0.9998, 0.017535, 0.00957921
0.0156536, -0.985339, 0.169891
0.0124178, -0.169707, -0.985416

37
0.0102373, 0.0150365, -0.0344485
0.999998, 0.00209027, 0.000777928
-0.00198106, 0.992683, -0.120731
-0.0010246, 0.120729, 0.992685

38
0.111008, -0.034132, 0.0506304
0.0186467, -0.00157638, -0.999825
0.92247, -0.385658, 0.0178121
-0.385618, -0.922641, -0.0057371

39
0.0850767, -0.0126417, 0.072344
0.99999, -0.0044218, 0.000286756
-0.00130246, -0.231462, 0.972843
-0.00423535, -0.972834, -0.231466

40
-0.0497115, 0.0353553, 0.0712726
-1, 1.22465e-16, 0
-8.65956e-17, -0.707107, 0.707107
8.65956e-17, 0.707107, 0.707107

41
-0.0649319, 0.0212402, 0.0354312
0.99993, 0.00816594, -0.008571
0.0109874, -0.909695, 0.415131
-0.00440706, -0.415196, -0.909721

42
-0.0845553, 0.0222238, 0.0446943
0.00750681, -0.00642586, 0.999951
0.384429, -0.923112, -0.00881806
0.923124, 0.384476, -0.00445934

43
-0.0979654, 0.00358209, -0.0370827
0.999982, -0.00186141, 0.00569821
-0.00318696, 0.640017, 0.768354
-0.00507717, -0.768358, 0.64

44
0.00728848, 0.046194, -0.0132169
-1, 1.22465e-16, 0
4.68652e-17, 0.382683, 0.92388
1.13143e-16, 0.92388, -0.382683

45
0.0462885, 0.0191342, 0.0731112
-1, 1.22465e-16, 0
-1.13143e-16, -0.92388, 0.382683
4.68652e-17, 0.382683, 0.92388

46
0.00780891, 0.0203865, -0.0359985
0.999946, 0.00472464, -0.00927768
-0.000249677, 0.901732, 0.432295
0.0104084, -0.432269, 0.901684

47
-0.00478406, 0.0529872, -0.0829527
0.999925, 0.00172469, -0.0120966
-0.0121324, 0.0225812, -0.999671
-0.00145097, 0.999744, 0.0226004

48
0.0152613, 0.0421331, 0.0337312
0.19628, 0.00028456, 0.980548
0.00255513, 0.999996, -0.000801675
-0.980544, 0.00266278, 0.196279

49
0.0550978, 0.0399681, -0.0888493
0.999986, 0.0010062, -0.00523005
-0.00176935, -0.863457, -0.504419
-0.00502347, 0.504421, -0.863443

50
0.0282885, 0.0353553, -0.0744381
-1, 1.22465e-16, 0
8.65956e-17, 0.707107, 0.707107
8.65956e-17, 0.707107, -0.707107

51
-0.00471152, 0.05, 0.00891727
-1, 1.22465e-16, 0
0, 0, 1
1.22465e-16, 1, -0

52
-0.0641748, -0.0106217, 0.093394
0.99993, 0.00816594, -0.008571
-0.000133094, 0.731717, 0.681609
0.0118375, -0.68156, 0.731666

53
0.0852676, 0.0280778, 0.0345489
0.99999, -0.0044218, 0.000286756
-0.00441138, -0.987358, 0.158445
-0.00041748, -0.158444, -0.987368

54
0.126373, 0.0421796, -0.0289053
-0.33647, 0.00693163, -0.941669
-0.00105067, 0.99997, 0.00773619
0.941694, 0.00359238, -0.336452

55
-0.0507968, 0.0417797, -0.0108401
-0.995141, -0.00621873, -0.098266
-0.00575556, 0.999971, -0.00499614
0.0982942, -0.00440628, -0.995148

56
-0.0227703, -0.00448357, -0.0695021
0.999989, 0.00059881, -0.00470189
0.00459181, -0.36839, 0.92966
-0.00117544, -0.929671, -0.368388

57
0.0518494, 0.0409546, -0.0861518
0.999752, 0.00484358, -0.0217371
-0.00662559, -0.867175, -0.497959
-0.0212618, 0.49798, -0.866928

58
-0.0568112, 0.0450078, 0.0319628
-0.0192304, 0.00177062, -0.999814
-0.0601118, 0.998187, 0.00292393
0.998006, 0.0601568, -0.0190891

59
-0.0477373, 0.0420746, -0.0314784
0.0320825, 0.00300607, -0.999481
-0.00158815, 0.999994, 0.00295664
0.999484, 0.00149247, 0.032087

60
0.0991096, 0.0263016, 0.0348811
0.99967, 0.00538788, -0.0250985
0.0101523, -0.980993, 0.193777
-0.0235774, -0.193968, -0.980724

61
-0.0858968, 0.0104845, 0.00935431
0.00559057, -0.00698141, -0.99996
0.630346, 0.776312, -0.00189583
0.776294, -0.63031, 0.00874074

62
0.0462885, 0.0353553, 0.0622726
-1, 1.22465e-16, 0
-8.65956e-17, -0.707107, 0.707107
8.65956e-17, 0.707107, 0.707107

63
0.00777407, 0.00477786, -0.0477019
0.999946, 0.00472464, -0.00927768
0.00375246, 0.66767, 0.744448
0.00971167, -0.744443, 0.667616

64
0.0292429, -0.00798688, 0.0815505
0.999797, 0.0191681, 0.00614334
-0.00638447, 0.0125439, 0.999901
0.0190891, -0.999738, 0.0126637

65
-0.0707115, 0.0353553, -0.0594381
-1, 1.22465e-16, 0
8.65956e-17, 0.707107, 0.707107
8.65956e-17, 0.707107, -0.707107

66
-0.0856033, 0.0445383, 0.0405752
0.999997, -0.000164179, 0.00256259
0.00138142, -0.806844, -0.590764
0.0021646, 0.590765, -0.806841

67
0.0706363, 0.00656525, -0.0368087
0.999946, -0.000560364, -0.0104229
0.00778199, 0.705515, 0.708652
0.00695641, -0.708695, 0.705481

68
0.0851848, 0.00978855, 0.0413385
0.99999, -0.0044218, 0.000286756
-0.00391582, -0.851566, 0.524233
-0.00207386, -0.524229, -0.851575

69
-0.01634, 0.0254545, -0.0346568
0.999955, -0.00464175, -0.00822552
0.00582977, 0.988537, 0.150869
0.00743093, -0.15091, 0.98852

70
-0.0407115, 0.02, 0.0889173
-1, 1.22465e-16, 0
-1.22465e-16, -1, 6.12323e-17
7.4988e-33, 6.12323e-17, 1

71
0.0372305, 0.0152832, 0.0313137
0.99999, 0.00447824, -0.00060082
0.00436724, -0.992063, -0.125668
-0.00115882, 0.125664, -0.992072

72
0.0792885, 0.0353553, 0.0532726
-1, 1.22465e-16, 0
-8.65956e-17, -0.707107, 0.707107
8.65956e-17, 0.707107, 0.707107

73
-0.0693844, 0.00688621, -0.0250322
0.224841, 0.0013815, 0.974394
-0.684516, 0.711904, 0.156943
-0.693458, -0.702276, 0.161011

74
0.0232911, -0.0109139, -0.0413339
-0.999449, -0.033002, 0.00343616
0.026435, -0.854575, -0.518655
0.0200531, -0.518279, 0.854976

75
-0.0497115, 0.046194, 0.0550514
-1, 1.22465e-16, 0
-4.68652e-17, -0.382683, 0.92388
1.13143e-16, 0.92388, 0.382683

76
0.0222885, 3.06162e-18, 0.0799173
-1, 1.22465e-16, 0
-1.22465e-16, -1, 6.12323e-17
7.4988e-33, 6.12323e-17, 1

77
-0.0848387, -0.00295919, 0.0324169
-0.0192304, 0.00177062, -0.999814
0.899034, 0.437567, -0.0165171
0.437457, -0.899184, -0.0100065

78
-0.0287115, 3.06162e-18, 0.0319173
-1, 1.22465e-16, 0
-1.22465e-16, -1, 6.12323e-17
7.4988e-33, 6.12323e-17, 1

79
0.0370931, 0.0485176, 0.0502852
0.99999, 0.00447824, -0.00060082
0.0022687, -0.612637, -0.790361
-0.00390752, 0.790352, -0.612641

80
-0.106075, 0.0247549, 0.0369897
0.999594, 0.0283188, 0.00316018
0.0254888, -0.938211, 0.345123
0.0127384, -0.344902, -0.938552

81
0.0282885, 3.06162e-18, 0.0109173
-1, 1.22465e-16, 0
-1.22465e-16, -1, 6.12323e-17
7.4988e-33, 6.12323e-17, 1

82
0.0550903, 0.0398227, -0.090317
0.999986, 0.0010062, -0.00523005
-0.00355706, -0.604697, -0.796448
-0.00396398, 0.796455, -0.604685

83
-0.0357315, 0.0420754, -0.007436
0.572924, 0.004566, -0.819596
-0.00385259, 0.999988, 0.00287789
0.8196, 0.00150876, 0.572935

84
-0.0751917, 0.0214458, 0.0901331
-0.999292, -0.00017249, -0.0376241
-0.00120023, -0.999334, 0.0364594
-0.0376054, 0.0364788, 0.998627

85
0.00103795, 0.0445095, -0.090076
0.999942, 0.00281931, -0.010425
-0.00354876, -0.825937, -0.563751
-0.0101998, 0.563755, -0.825879

86
-0.0368843, 0.0422162, 0.00190996
0.99985, -0.00523023, -0.0165212
0.00515804, 0.999977, -0.00440912
0.0165439, 0.00432324, 0.999854

87
0.0522885, 3.06162e-18, 0.0559173
-1, 1.22465e-16, 0
-1.22465e-16, -1, 6.12323e-17
7.4988e-33, 6.12323e-17, 1

88
-0.105635, 0.00811571, 0.0471654
0.999594, 0.0283188, 0.00316018
0.0186738, -0.734806, 0.67802
0.0215229, -0.677686, -0.735037

89
-0.0497531, 0.0390755, 0.0332441
0.999992, -0.00356023, -0.00199713
-0.0039967, -0.953457, -0.301504
-0.000830754, 0.301509, -0.953463

90
0.0835219, -0.00384948, -0.00616263
0.0134861, -0.00997392, 0.999859
-0.856885, 0.515237, 0.0166973
-0.515331, -0.85699, -0.00159795

91
-0.0762167, 0.0121826, -0.0732302
-0.366212, -0.271736, -0.889971
0.491888, 0.755334, -0.433033
0.789895, -0.596348, -0.142949

92
-0.0407115, 0.0191342, -0.00727671
-1, 1.22465e-16, 0
1.13143e-16, 0.92388, 0.382683
4.68652e-17, 0.382683, -0.92388

93
0.0282885, 0.0191342, -0.0852767
-1, 1.22465e-16, 0
1.13143e-16, 0.92388, 0.382683
4.68652e-17, 0.382683, -0.92388

94
0.0588169, 0.0397314, -0.037727
0.999748, -0.0223141, -0.00237946
0.0197963, 0.926907, -0.374769
0.0105682, 0.374628, 0.927115

95
-0.0980037, 0.0374625, -0.0192899
0.999982, -0.00186141, 0.00569821
0.00133658, 0.995872, 0.09076
-0.00584363, -0.0907508, 0.995856

96
-0.103206, 0.0227694, 0.0310717
-0.99331, 0.0944095, -0.0665028
0.0917646, 0.994904, 0.0417692
0.0701074, 0.0353871, -0.996912

97
0.0852885, 0.0353553, -0.0474381
-1, 1.22465e-16, 0
8.65956e-17, 0.707107, 0.707107
8.65956e-17, 0.707107, -0.707107

98
-0.0527115, 3.06162e-18, 0.0349173
-1, 1.22465e-16, 0
-1.22465e-16, -1, 6.12323e-17
7.4988e-33, 6.12323e-17, 1

99
-0.098007, 0.0187527, -0.0248168
0.999982, -0.00186141, 0.00569821
-0.00100142, 0.885337, 0.464949
-0.00591029, -0.464946, 0.885319

100
0.075378, 0.018102, 0.0235031
0.999798, 0.000140358, -0.0201086
0.00853209, -0.908465, 0.417873
-0.0182093, -0.41796, -0.908283

101
0.00728848, 3.06162e-18, 0.0559173
-1, 1.22465e-16, 0
-1.22465e-16, -1, 6.12323e-17
7.4988e-33, 6.12323e-17, 1

102
-0.00501069, 0.0496142, -0.102167
0.999925, 0.00172469, -0.0120966
-0.0106537, -0.361723, -0.932225
-0.00598341, 0.932284, -0.361678

103
0.0462885, 0.0191342, -0.0192767
-1, 1.22465e-16, 0
1.13143e-16, 0.92388, 0.382683
4.68652e-17, 0.382683, -0.92388

104
-0.0324162, 0.0221168, -0.0262116
0.99986, 0.00271165, 0.0165351
-0.00906315, 0.917527, 0.397571
-0.0140933, -0.397665, 0.917422

105
-0.0730341, 0.0301006, 0.0343135
-0.999695, 0.0241666, -0.00514398
0.0206629, 0.93186, 0.362228
0.0135473, 0.362012, -0.932075

106
0.0251908, 0.0422759, 0.0372061
-0.999702, -0.0222091, -0.0101
-0.0243195, 0.873944, 0.485417
-0.00195382, 0.485518, -0.874224

107
-0.103813, 0.0379017, 0.0456032
0.993017, -0.0839916, 0.0828449
-0.00149326, -0.711122, -0.703067
0.117965, 0.698033, -0.706282

108
0.0852885, 3.06162e-18, 0.0379173
-1, 1.22465e-16, 0
-1.22465e-16, -1, 6.12323e-17
7.4988e-33, 6.12323e-17, 1

109
0.0554663, 0.0302349, -0.0202603
0.999986, 0.0010062, -0.00523005
-0.00396398, 0.796455, -0.604685
0.00355706, 0.604697, 0.796448

110
-0.00471152, 3.06162e-18, 0.0589173
-1, 1.22465e-16, 0
-1.22465e-16, -1, 6.12323e-17
7.4988e-33, 6.12323e-17, 1

111
-0.0107115, 3.06162e-18, 0.00491727
-1, 1.22465e-16, 0
-1.22465e-16, -1, 6.12323e-17
7.4988e-33, 6.12323e-17, 1

112
0.0342885, 3.06162e-18, 0.0739173
-1, 1.22465e-16, 0
-1.22465e-16, -1, 6.12323e-17
7.4988e-33, 6.12323e-17, 1

113
0.0561493, 0.0225325, 0.087332
-0.999663, -0.000284651, 0.0259447
0.00220163, -0.997264, 0.0738882
0.0258527, 0.0739205, 0.996929

114
-0.0107115, 0.046194, -0.0642169
-1, 1.22465e-16, 0
4.68652e-17, 0.382683, 0.92388
1.13143e-16, 0.92388, -0.382683

115
0.0852885, 0.05, -0.0120827
-1, 1.22465e-16, 0
0, 0, 1
1.22465e-16, 1, -0

116
0.0342885, 0.046194, 0.0047831
-1, 1.22465e-16, 0
4.68652e-17, 0.382683, 0.92388
1.13143e-16, 0.92388, -0.382683

117
-0.0827169, 0.0290183, -0.0301234
0.00287079, -0.00692766, 0.999972
0.280353, -0.959868, -0.00745468
0.959893, 0.280366, -0.00081339

118
-0.0829743, 0.0478711, 0.0252639
0.999985, 0.0020768, -0.0050464
0.00146985, -0.99308, -0.11743
-0.00525535, 0.117421, -0.993068

119
0.0788083, 0.0451482, -0.0245736
0.0222724, -0.000274282, -0.999752
-0.902743, -0.429715, -0.0199934
-0.429603, 0.902964, -0.0098184

120
0.0710756, 0.0542582, -0.0214742
0.999874, -0.00305853, -0.0155498
-0.00183298, 0.952295, -0.305173
0.0157414, 0.305164, 0.95217

121
-0.0407115, 0.0353553, 0.0742726
-1, 1.22465e-16, 0
-8.65956e-17, -0.707107, 0.707107
8.65956e-17, 0.707107, 0.707107

122
0.0852885, 0.0191342, -0.0582767
-1, 1.22465e-16, 0
1.13143e-16, 0.92388, 0.382683
4.68652e-17, 0.382683, -0.92388

123
0.0813754, 0.0392841, -0.00801666
-0.0387695, -0.00339119, -0.999242
-0.785015, -0.618621, 0.0325572
-0.618262, 0.785683, 0.0213215

124
-0.0554984, 0.0487518, -0.0581551
0.999938, -0.0089749, 0.00657972
0.0102799, 0.518492, -0.855021
0.00426219, 0.855035, 0.518552

125
-0.0855861, 0.00736048, 0.0315045
0.999997, -0.000164179, 0.00256259
-0.00055379, -0.988259, 0.15279
0.00250742, -0.15279, -0.988255

126
0.0708096, 0.0418876, -0.0220856
0.999946, -0.000560364, -0.0104229
0.000583771, 0.999997, 0.00224274
0.0104216, -0.0022487, 0.999943

127
-0.0497115, 0.02, 0.0859173
-1, 1.22465e-16, 0
-1.22465e-16, -1, 6.12323e-17
7.4988e-33, 6.12323e-17, 1

128
0.0752841, 0.0370755, 0.0189644
0.999798, 0.000140358, -0.0201086
0.000914217, -0.999259, 0.0384799
-0.0200883, -0.0384905, -0.999057

129
-0.0527115, 0.0353553, -0.0504381
-1, 1.22465e-16, 0
8.65956e-17, 0.707107, 0.707107
8.65956e-17, 0.707107, -0.707107

130
-0.0738141, 0.000948792, -0.0397135
0.999965, -0.00819376, -0.00194433
0.00816741, 0.88735, 0.461025
-0.00205222, -0.461024, 0.887385

131
-0.0557115, 0.0353553, -0.00972739
-1, 1.22465e-16, 0
-8.65956e-17, -0.707107, 0.707107
8.65956e-17, 0.707107, 0.707107

132
0.0701081, -0.0145366, -0.0863509
0.999946, -0.000560364, -0.0104229
0.00695641, -0.708695, 0.705481
-0.00778199, -0.705515, -0.708652

133
-0.0701086, -0.0179474, 0.0934323
0.999919, 0.00849831, -0.00950263
0.00107405, 0.686591, 0.727043
0.0127031, -0.726994, 0.686526

134
0.055125, -0.00799776, -0.0215273
0.215551, -0.00938744, 0.976447
-0.976487, 0.00127666, 0.215572
-0.00327026, -0.999955, -0.00889153

135
0.029278, -0.0143763, 0.0957744
0.999797, 0.0191681, 0.00614334
-0.0180125, 0.715791, 0.698082
0.00898353, -0.698051, 0.715991

136
-0.0707115, 0.05, -0.0240827
-1, 1.22465e-16, 0
0, 0, 1
1.22465e-16, 1, -0

137
0.0398918, 0.00157252, 0.0309392
0.999957, -0.00494612, -0.00779637
-0.00472137, -0.99958, 0.0285877
-0.0079345, -0.0285496, -0.999561

138
0.0868209, 0.0422718, 0.0231005
-0.136348, 0.00224059, -0.990658
-0.00507947, 0.999983, 0.00296078
0.990648, 0.00543572, -0.136335

139
-0.110128, -0.0104862, -0.0291965
-0.992721, 0.119219, 0.0171063
-0.120151, -0.970465, -0.209191
-0.00833842, -0.209723, 0.977725

140
-0.0228913, 0.012977, -0.0930069
0.999989, 0.00059881, -0.00470189
0.00241574, -0.917868, 0.396879
-0.00407806, -0.396886, -0.917859

141
0.0342885, 0.0191342, -0.0222767
-1, 1.22465e-16, 0
1.13143e-16, 0.92388, 0.382683
4.68652e-17, 0.382683, -0.92388

142
0.0792885, 0.0191342, -0.0282767
-1, 1.22465e-16, 0
1.13143e-16, 0.92388, 0.382683
4.68652e-17, 0.382683, -0.92388

143
-0.07365, 0.0196822, -0.0342696
0.999965, -0.00819376, -0.00194433
0.00833105, 0.996231, 0.0863436
0.00122952, -0.0863567, 0.996264

144
-0.0794517, 0.00648728, 0.0138041
-0.648361, -0.00245222, -0.761329
0.54186, -0.703941, -0.45919
-0.534805, -0.710254, 0.457737

145
0.0168275, 0.00600142, -0.0373867
0.999899, 0.00132393, -0.014161
0.00927681, 0.694002, 0.719913
0.0107809, -0.719972, 0.69392

146
-0.127181, 0.0395853, 0.0439358
0.760429, 0.00100472, 0.64942
0.00683756, 0.999931, -0.00955334
-0.649385, 0.0117051, 0.76037

147
-0.0224769, 0.0427711, -0.00108923
0.999989, 0.00059881, -0.00470189
-0.000671245, 0.999881, -0.0154192
0.0046921, 0.0154221, 0.99987

148
0.00728848, 0.0191342, -0.0402767
-1, 1.22465e-16, 0
1.13143e-16, 0.92388, 0.382683
4.68652e-17, 0.382683, -0.92388

149
-0.0993291, 0.00744395, 0.105485
-0.963266, -0.207829, 0.170075
0.0219849, -0.692213, -0.721358
0.267647, -0.691121, 0.671354

150
0.0583979, 0.0205699, -0.0340847
0.999748, -0.0223141, -0.00237946
0.0223337, 0.999714, 0.00855002
0.002188, -0.00860101, 0.999961

151
-0.0707115, 3.06162e-18, 0.0259173
-1, 1.22465e-16, 0
-1.22465e-16, -1, 6.12323e-17
7.4988e-33, 6.12323e-17, 1

152
0.0282885, 0.0191342, 0.00711125
-1, 1.22465e-16, 0
-1.13143e-16, -0.92388, 0.382683
4.68652e-17, 0.382683, 0.92388

153
0.0662613, 0.0393134, 0.000786718
-0.342628, 0.00192123, -0.939469
-0.00523102, 0.999979, 0.00395274
0.939456, 0.0062687, -0.342611

154
0.0562021, 0.0403578, 0.0895602
-0.999663, -0.000284651, 0.0259447
0.0119274, -0.893064, 0.449772
0.0230423, 0.44993, 0.892766

155
-0.0594594, 0.0256794, 0.0319795
-0.0192304, 0.00177062, -0.999814
0.326384, 0.945226, -0.00460373
0.945041, -0.326412, -0.018755

156
-0.0527115, 0.0191342, -0.0612767
-1, 1.22465e-16, 0
1.13143e-16, 0.92388, 0.382683
4.68652e-17, 0.382683, -0.92388

157
-0.088147, 0.0415872, 0.00612254
-0.00490283, 0.000880725, 0.999988
0.411735, -0.911299, 0.00282131
0.91129, 0.411744, 0.00410532

158
0.0792885, 3.06162e-18, 0.0679173
-1, 1.22465e-16, 0
-1.22465e-16, -1, 6.12323e-17
7.4988e-33, 6.12323e-17, 1

159
-0.0834303, 0.0423404, -0.0218414
0.224841, 0.0013815, 0.974394
0.00632289, 0.999976, -0.00287677
-0.974375, 0.00680781, 0.224827

160
-0.111666, 0.0492302, 0.0450714
0.00750681, -0.00642586, 0.999951
0.92458, -0.380873, -0.00938854
0.380915, 0.924605, 0.00308208

161
0.0257561, 0.042233, -0.0635028
-0.968397, -0.00456003, -0.249373
-0.00557811, 0.999979, 0.00337606
0.249352, 0.0046604, -0.968402

162
0.05665, 0.047978, 0.0443829
-0.0109773, -0.00175931, 0.999938
0.119534, 0.992825, 0.00305903
-0.992769, 0.11956, -0.0106882

163
-0.0144285, -0.00019452, -0.00507721
0.999897, -3.7935e-06, -0.0143401
5.19958e-05, -0.999992, 0.00389006
-0.01434, -0.0038904, -0.99989

164
-0.0824737, 0.00273785, 0.105876
0.999985, 0.0020768, -0.0050464
0.00267675, 0.619184, 0.785241
0.00475544, -0.785243, 0.61917

165
0.110941, 0.0481854, -0.0241441
-0.0124176, -0.00471296, -0.999912
-0.963628, -0.26692, 0.0132251
-0.266958, 0.963707, -0.00122704

166
-0.0856336, 0.00522918, 0.0325758
0.999995, -0.00227833, 0.00221309
-0.00276802, -0.966828, 0.255412
0.00155776, -0.255416, -0.96683

167
-0.0617522, 0.0278886, 0.0350383
-0.017301, 0.00347602, -0.999844
0.282246, 0.959341, -0.0015487
0.959186, -0.282229, -0.0175787

168
-0.0557115, 3.06162e-18, 0.00491727
-1, 1.22465e-16, 0
-1.22465e-16, -1, 6.12323e-17
7.4988e-33, 6.12323e-17, 1

169
0.0522885, 0.0191342, -0.0402767
-1, 1.22465e-16, 0
1.13143e-16, 0.92388, 0.382683
4.68652e-17, 0.382683, -0.92388

170
-0.0385588, 0.0134445, -0.0903186
0.99985, -0.00523023, -0.0165212
0.00156567, -0.922204, 0.386701
-0.0172585, -0.386669, -0.922057

171
0.0473155, -0.00129035, 0.00093706
-0.0203996, -0.000113857, -0.999792
0.0258039, -0.999667, -0.000412656
-0.999459, -0.0258069, 0.0203958

172
0.084165, 0.0312829, 0.0500267
0.0186467, -0.00157638, -0.999825
-0.385618, -0.922641, -0.0057371
-0.92247, 0.385658, -0.0178121

173
-0.112396, -0.028257, -0.0369204
-0.992721, 0.119219, 0.0171063
-0.107814, -0.816335, -0.567426
-0.0536835, -0.56514, 0.823246

174
0.0222885, 0.0191342, -0.0162767
-1, 1.22465e-16, 0
1.13143e-16, 0.92388, 0.382683
4.68652e-17, 0.382683, -0.92388

175
0.0291616, -0.0116931, 0.0386477
0.9998, 0.017535, 0.00957921
0.00970997, -0.84539, 0.534061
0.0174629, -0.533861, -0.845392

176
0.0925357, 0.0420142, 0.0790748
0.863151, -0.00120388, -0.504944
0.000895785, 0.999999, -0.000852938
0.504945, 0.000283893, 0.863151

177
-0.00210179, 0.0298961, -0.0922339
0.999896, 0.00363643, -0.0139703
-0.001943, -0.925045, -0.379853
-0.0143045, 0.37984, -0.924942

178
0.0993936, 0.00826936, 0.0423215
0.99967, 0.00538788, -0.0250985
0.0184022, -0.832091, 0.554334
-0.0178976, -0.554613, -0.831916

179
-0.0463323, 0.0422734, 0.0396235
0.554121, -0.00223079, 0.832433
0.00578791, 0.999983, -0.00117301
-0.832416, 0.00546803, 0.554125

180
0.0371514, 0.0337872, 0.0374941
0.99999, 0.00447824, -0.00060082
0.00359134, -0.868457, -0.495751
-0.00274188, 0.495744, -0.868464

181
-0.0693014, 0.00883561, 0.032139
-0.0192304, 0.00177062, -0.999814
0.663192, 0.748362, -0.0114305
0.748203, -0.663288, -0.0155656

182
-0.0289483, 0.0183786, -0.0344003
0.999812, -0.0192181, 0.00259057
0.0188048, 0.993474, 0.112497
-0.00473564, -0.112427, 0.993649

183
0.0530014, 0.0305298, -0.0354921
0.999752, 0.00484358, -0.0217371
-0.0171078, 0.791927, -0.610376
0.0142578, 0.610597, 0.791813

184
-0.0749793, 0.0471619, 0.00915927
0.00559057, -0.00698141, -0.99996
-0.103201, 0.994632, -0.00752119
0.994645, 0.103239, 0.00484008

185
-0.110133, 0.00221157, 0.0356402
-0.9691, -0.142785, 0.201139
-0.246522, 0.588528, -0.769975
-0.00843519, -0.795769, -0.605542

186
0.031448, 0.0393485, -0.0635419
-0.429195, 9.54621e-06, -0.903212
-0.00629209, 0.999976, 0.00300049
0.90319, 0.00697088, -0.429184

187
0.0432885, 0.0353553, -0.0534381
-1, 1.22465e-16, 0
8.65956e-17, 0.707107, 0.707107
8.65956e-17, 0.707107, -0.707107

188
-0.0734953, 0.0390729, -0.0364092
0.999965, -0.00819376, -0.00194433
0.00722637, 0.953444, -0.301482
0.00432409, 0.301458, 0.95347

189
-0.0389471, 0.0424612, 0.0565969
0.593602, -0.00210018, 0.804756
0.00867023, 0.999955, -0.00378572
-0.804712, 0.00922463, 0.593593

190
0.0540521, 0.0156671, 0.00645137
-0.999663, -0.000284651, 0.0259447
0.00785937, 0.94964, 0.313244
-0.0247273, 0.313343, -0.949318

191
0.0439459, 0.0228527, -0.00393881
0.863151, -0.00120388, -0.504944
0.192406, -0.92377, 0.331102
-0.466851, -0.382945, -0.797122

192
-0.0979559, 0.056863, -0.0213435
0.999982, -0.00186141, 0.00569821
0.00347109, 0.954794, -0.297246
-0.00488732, 0.297261, 0.954784

193
-0.101717, 0.0416713, 0.0356652
-0.99331, 0.0944095, -0.0665028
0.0579505, 0.90563, 0.420091
0.0998875, 0.413427, -0.905042

194
0.0645629, 0.0423708, -0.0220244
-0.618846, -0.000624641, -0.785512
-0.00621131, 0.999972, 0.00409825
0.785488, 0.00741524, -0.618833

195
0.00093125, -0.00307498, 0.0923811
0.999846, -0.0144378, -0.00996481
0.0175422, 0.81872, 0.573925
-0.000127805, -0.574012, 0.818847

196
0.00728848, 0.05, 0.00591727
-1, 1.22465e-16, 0
0, 0, 1
1.22465e-16, 1, -0

197
-0.0527115, 0.0191342, 0.0311112
-1, 1.22465e-16, 0
-1.13143e-16, -0.92388, 0.382683
4.68652e-17, 0.382683, 0.92388

198
0.0653896, 0.00288284, -0.0167441
-0.0270945, -0.0047962, -0.999621
-0.0575066, -0.998325, 0.00634868
-0.997977, 0.0576568, 0.0267733

199
-0.0711986, 0.0404285, 0.0309401
0.999919, 0.00849831, -0.00950263
0.00822295, -0.999556, -0.0286496
-0.00974188, 0.0285692, -0.999544

200
-0.0707115, 0.0353553, 0.0112726
-1, 1.22465e-16, 0
-8.65956e-17, -0.707107, 0.707107
8.65956e-17, 0.707107, 0.707107

201
-0.0915102, 0.0495355, -0.102369
0.999982, -0.00212618, 0.0055957
0.00443036, -0.365751, -0.930702
0.00402548, 0.93071, -0.365735

202
0.109535, 0.0227429, 0.0148657
0.19628, 0.00028456, 0.980548
-0.377599, -0.922857, 0.0758533
0.904927, -0.385142, -0.181031

203
-0.0497115, 0.046194, 0.0167831
-1, 1.22465e-16, 0
4.68652e-17, 0.382683, 0.92388
1.13143e-16, 0.92388, -0.382683

204
-0.0497115, 0.05, 0.0359173
-1, 1.22465e-16, 0
0, 0, 1
1.22465e-16, 1, -0

205
0.0954923, 0.03478, -0.0553687
-0.453651, 0.0134885, -0.891078
-0.624342, -0.718303, 0.306981
-0.635923, 0.695599, 0.33428

206
0.0672293, -0.00799995, 0.032962
0.774623, -0.001482, -0.632421
0.632422, -5.62357e-05, 0.774624
-0.00118355, -0.999999, 0.000893684

207
0.0769401, 0.046578, 0.0448072
0.999776, -0.021075, -0.00213995
-0.0167003, -0.722012, -0.691679
0.013032, 0.69156, -0.722202

208
0.0432885, 3.06162e-18, 0.0319173
-1, 1.22465e-16, 0
-1.22465e-16, -1, 6.12323e-17
7.4988e-33, 6.12323e-17, 1

209
-0.0855866, 0.0247008, 0.0313685
0.999995, -0.00227833, 0.00221309
-0.00196119, -0.990977, -0.13402
0.00249846, 0.134015, -0.990976

210
-0.0647049, 0.00541417, 0.0468368
0.99993, 0.00816594, -0.008571
0.0118375, -0.68156, 0.731666
0.000133094, -0.731717, -0.681609

211
0.0756106, 0.00231002, 0.0349557
0.999798, 0.000140358, -0.0201086
0.014851, -0.679366, 0.733649
-0.0135581, -0.7338, -0.679231

212
0.0820378, 0.0373346, -0.0173606
-0.0270945, -0.0047962, -0.999621
-0.74634, -0.665153, 0.0234207
-0.665013, 0.746692, 0.0144424

213
-0.102448, 0.0494695, 0.0239593
0.00378529, -0.00140612, 0.999992
0.989383, -0.145276, -0.00394941
0.14528, 0.98939, 0.00084128

214
-0.0919932, 0.00208713, -0.0340919
0.999982, -0.00212618, 0.0055957
0.00202363, 0.999831, 0.0182691
-0.0056336, -0.0182575, 0.999817

215
-0.00471152, 0.0191342, 0.0551112
-1, 1.22465e-16, 0
-1.13143e-16, -0.92388, 0.382683
4.68652e-17, 0.382683, 0.92388

216
-0.139555, 0.0401165, 0.0240866
0.00378529, -0.00140612, 0.999992
0.802328, 0.596879, -0.00219778
-0.596871, 0.80233, 0.00338753

217
-0.037046, 0.023066, -0.00181114
0.99985, -0.00523023, -0.0165212
0.0110965, 0.925513, 0.378554
0.0133107, -0.37868, 0.925432

218
0.0522885, 0.0191342, 0.0521112
-1, 1.22465e-16, 0
-1.13143e-16, -0.92388, 0.382683
4.68652e-17, 0.382683, 0.92388

219
-0.0614093, -0.00799905, -0.00614565
-0.920831, -0.00507508, -0.389929
0.389915, 0.00351558, -0.920844
0.00604418, -0.999981, -0.00125841

220
0.055377, 0.0431729, -0.0348618
0.999986, 0.0010062, -0.00523005
-0.00502347, 0.504421, -0.863443
0.00176935, 0.863457, 0.504419

221
0.136722, 0.0436099, -0.0101787
-0.0387695, -0.00339119, -0.999242
-0.871612, 0.48914, 0.0321576
0.488661, 0.872199, -0.0219195

222
0.0263745, -0.013081, 0.0417664
-0.999702, -0.0222091, -0.0101
-0.0111118, 0.783004, -0.621917
0.0217206, -0.62162, -0.783018

223
0.0706744, 0.000848759, -0.0367666
0.999874, -0.00305853, -0.0155498
0.0138417, 0.646362, 0.762905
0.00771741, -0.763025, 0.646323

224
0.0291891, 0.00621045, 0.0460132
0.999797, 0.0191681, 0.00614334
0.00898353, -0.698051, 0.715991
0.0180125, -0.715791, -0.698082

225
0.0848827, -0.0307698, -0.0234483
-0.0124176, -0.00471296, -0.999912
0.615402, -0.788204, -0.0039274
-0.788116, -0.615396, 0.012688

226
0.071267, 0.0423022, 0.0163681
-0.510984, -0.00144417, -0.859589
-0.00593346, 0.999981, 0.00184711
0.85957, 0.00604418, -0.510983

227
0.133257, 0.00125073, -0.00678258
0.0134861, -0.00997392, 0.999859
-0.515331, -0.85699, -0.00159795
0.856885, -0.515237, -0.0166973

228
-0.0287115, 0.0353553, -0.0534381
-1, 1.22465e-16, 0
8.65956e-17, 0.707107, 0.707107
8.65956e-17, 0.707107, -0.707107

229
0.0125691, 0.00887163, 0.0137159
0.999888, -0.00155565, -0.0148996
-0.00417449, -0.984132, -0.17739
-0.0143873, 0.177433, -0.984028

230
0.0503671, -0.00257279, -0.0251942
0.0222724, -0.000274282, -0.999752
0.0514369, -0.998675, 0.00141989
-0.998428, -0.0514557, -0.0222288

231
-0.0827442, -0.00162756, 0.0504912
0.999985, 0.0020768, -0.0050464
0.0054178, -0.488518, 0.872537
-0.000653171, -0.872551, -0.488522

232
-0.0734811, 0.0108924, 0.0309301
-0.999695, 0.0241666, -0.00514398
0.0242744, 0.999462, -0.0220343
0.00460872, -0.0221524, -0.999744

233
-0.0321891, 0.00607416, -0.0373105
0.99986, 0.00271165, 0.0165351
-0.0137665, 0.695504, 0.71839
-0.00955221, -0.718517, 0.695444

234
0.0342885, 0.0191342, 0.0701112
-1, 1.22465e-16, 0
-1.13143e-16, -0.92388, 0.382683
4.68652e-17, 0.382683, 0.92388

235
0.0852885, 0.0191342, 0.0341112
-1, 1.22465e-16, 0
-1.13143e-16, -0.92388, 0.382683
4.68652e-17, 0.382683, 0.92388

236
-0.0707115, 0.0191342, 0.0221112
-1, 1.22465e-16, 0
-1.13143e-16, -0.92388, 0.382683
4.68652e-17, 0.382683, 0.92388

237
-0.0710042, 0.0211941, 0.0341962
0.999919, 0.00849831, -0.00950263
0.0113251, -0.934402, 0.35604
-0.00585354, -0.356119, -0.934422

238
-0.0162427, 0.0626146, -0.0437993
0.999955, -0.00464175, -0.00822552
-0.00113219, 0.80571, -0.592309
0.00937674, 0.592291, 0.805669

239
-0.101865, 0.0470764, 0.00605326
-0.034001, 0.0092802, 0.999379
0.940918, -0.336805, 0.0351396
0.336922, 0.941529, 0.00271982

240
-0.0707652, 0.00467044, 0.0445651
0.999919, 0.00849831, -0.00950263
0.0127031, -0.726994, 0.686526
-0.00107405, -0.686591, -0.727043

241
-0.0949797, -0.00590797, 0.0222683
0.999986, -0.000904275, -0.00529418
-0.00027237, -0.992994, 0.118163
-0.00536395, -0.118159, -0.99298

242
-0.0407115, 0.0353553, 0.00356193
-1, 1.22465e-16, 0
8.65956e-17, 0.707107, 0.707107
8.65956e-17, 0.707107, -0.707107

243
0.0342885, 0.0353553, 0.0592726
-1, 1.22465e-16, 0
-8.65956e-17, -0.707107, 0.707107
8.65956e-17, 0.707107, 0.707107

244
-0.0726903, 0.0465531, 0.044792
-0.999695, 0.0241666, -0.00514398
0.0139057, 0.722391, 0.691345
0.0204235, 0.691063, -0.722506

245
-0.00800038, 0.0247322, -0.0893169
0.999948, 0.000927619, -0.0101361
-0.000779385, -0.985937, -0.167118
-0.0101486, 0.167117, -0.985885

246
-0.0916103, 0.0529916, -0.0831693
0.999982, -0.00212618, 0.0055957
0.0056336, 0.0182575, -0.999817
0.00202363, 0.999831, 0.0182691

247
-0.0602423, -0.00726379, 0.0237198
0.00378529, -0.00140612, 0.999992
-0.14528, -0.98939, -0.00084128
0.989383, -0.145276, -0.00394941

248
-0.0143749, 0.0189543, -0.00134604
0.999897, -3.7935e-06, -0.0143401
-0.00543966, -0.925361, -0.379047
-0.0132684, 0.379086, -0.925266

249
-0.0107115, 0.0353553, -0.0804381
-1, 1.22465e-16, 0
8.65956e-17, 0.707107, 0.707107
8.65956e-17, 0.707107, -0.707107

250
-0.00802794, 0.0408651, -0.090559
0.999948, 0.000927619, -0.0101361
-0.00460374, -0.846934, -0.531678
-0.00907779, 0.531697, -0.846886

251
0.0546921, 0.0446532, 0.0314287
-0.999663, -0.000284651, 0.0259447
0.0230423, 0.44993, 0.892766
-0.0119274, 0.893064, -0.449772

252
0.0526198, 0.0433588, -0.0501848
0.999752, 0.00484358, -0.0217371
-0.0212618, 0.49798, -0.866928
0.00662559, 0.867175, 0.497959

253
-0.0708034, 0.0106065, 0.0351349
-0.017301, 0.00347602, -0.999844
0.627826, 0.778311, -0.00815787
0.778162, -0.627869, -0.0156479

254
0.0260792, 0.00426706, 0.0328467
-0.999702, -0.0222091, -0.0101
-0.0185781, 0.961285, -0.274928
0.0158149, -0.274659, -0.961412

255
0.118184, 0.0496496, -0.00947997
-0.0387695, -0.00339119, -0.999242
-0.992267, 0.118131, 0.038098
0.117912, 0.992992, -0.00794484

256
0.0709098, 0.0161204, -0.0246289
0.999874, -0.00305853, -0.0155498
0.00983471, 0.889158, 0.457496
0.0124269, -0.457591, 0.889076

257
-0.0648447, 0.0193264, -0.0290245
0.760429, 0.00100472, 0.64942
-0.254826, -0.919336, 0.299807
0.597337, -0.393471, -0.698834

258
-0.105758, 0.0268963, -0.0361189
-0.992721, 0.119219, 0.0171063
-0.0908558, -0.834519, 0.543436
0.0790635, 0.537926, 0.839276

259
0.0401749, 0.0373311, 0.0445667
0.999957, -0.00494612, -0.00779637
-0.00894905, -0.726998, -0.686582
-0.00227203, 0.686622, -0.727011

260
0.0724928, 0.00683745, 0.0249924
-0.136348, 0.00224059, -0.990658
0.696902, 0.710938, -0.0943095
0.704086, -0.703251, -0.0984967

261
0.0714741, 0.0113646, 0.0112404
-0.999676, -0.00362758, -0.0251955
-0.00925829, 0.97382, 0.227132
0.0237119, 0.227291, -0.973538

262
-0.0743756, 0.0468612, 0.068341
-0.999292, -0.00017249, -0.0376241
-0.0352022, -0.348727, 0.936563
-0.0132821, 0.937224, 0.348474

263
-0.0729365, 0.0454652, 0.0301252
-0.999292, -0.00017249, -0.0376241
-0.0342835, 0.416131, 0.908658
0.0154998, 0.909305, -0.415842

264
-0.0651253, 0.0402267, 0.0309504
0.99993, 0.00816594, -0.008571
0.0084645, -0.999338, 0.0353959
-0.00827628, -0.035466, -0.999337

265
-0.0751157, 0.0389926, 0.0880333
-0.999292, -0.00017249, -0.0376241
-0.0154998, -0.909305, 0.415842
-0.0342835, 0.416131, 0.908658

266
0.0504229, -0.0246773, 0.0606122
0.999706, 0.0242148, 0.00137765
0.00857512, -0.406013, 0.913827
0.0226875, -0.913547, -0.406101

267
-0.140306, 0.00423332, -0.0444311
-0.366212, -0.271736, -0.889971
0.789895, -0.596348, -0.142949
-0.491888, -0.755334, 0.433033

268
0.0432885, 0.0191342, -0.0642767
-1, 1.22465e-16, 0
1.13143e-16, 0.92388, 0.382683
4.68652e-17, 0.382683, -0.92388

269
-0.0949541, 0.0135419, 0.0237866
0.999986, -0.000904275, -0.00529418
-0.00230433, -0.962625, -0.270829
-0.00485141, 0.270837, -0.962613

270
-0.0557115, 0.0191342, -0.0912767
-1, 1.22465e-16, 0
1.13143e-16, 0.92388, 0.382683
4.68652e-17, 0.382683, -0.92388

271
-0.0837372, 0.0225831, 0.0061609
-0.00490283, 0.000880725, 0.999988
0.0316582, -0.999498, 0.00103551
0.999487, 0.0316629, 0.00487249

272
0.000480585, 0.0151633, 0.0207374
0.999846, -0.0144378, -0.00996481
-0.0068312, -0.843628, 0.536884
-0.016158, -0.536734, -0.843597

273
0.0852885, 0.0353553, 0.0232726
-1, 1.22465e-16, 0
-8.65956e-17, -0.707107, 0.707107
8.65956e-17, 0.707107, 0.707107

274
0.000672792, 0.0333483, 0.0136753
0.999846, -0.0144378, -0.00996481
-0.0124946, -0.98481, 0.173186
-0.0123139, -0.173035, -0.984839

275
0.0792885, 0.05, 0.0179173
-1, 1.22465e-16, 0
0, 0, 1
1.22465e-16, 1, -0

276
-0.138419, 0.00432579, 0.0334604
-0.0192304, 0.00177062, -0.999814
0.437457, -0.899184, -0.0100065
-0.899034, -0.437567, 0.0165171

277
0.0769727, 0.0456848, 0.000326589
-0.0203996, -0.000113857, -0.999792
-0.913505, -0.406398, 0.0186853
-0.406316, 0.913696, 0.00818638

278
0.079341, -0.00799848, -0.0124695
-0.33647, 0.00693163, -0.941669
0.941694, 0.00359238, -0.336452
0.00105067, -0.99997, -0.00773619

279
-0.0407115, 0.046194, 0.0197831
-1, 1.22465e-16, 0
4.68652e-17, 0.382683, 0.92388
1.13143e-16, 0.92388, -0.382683

280
-0.127171, 0.0421185, 0.0199487
0.760629, -0.000464434, 0.649186
0.00189205, 0.999997, -0.00150144
-0.649184, 0.00237033, 0.760628

281
-0.0407115, 0.05, 0.0389173
-1, 1.22465e-16, 0
0, 0, 1
1.22465e-16, 1, -0

282
-0.0287115, 0.0191342, 0.0281112
-1, 1.22465e-16, 0
-1.13143e-16, -0.92388, 0.382683
4.68652e-17, 0.382683, 0.92388

283
0.0370646, 0.0572318, 0.0677399
0.99999, 0.00447824, -0.00060082
0.000600659, -0.263548, -0.964646
-0.00447827, 0.964636, -0.263548

284
-0.103706, -0.00790937, 0.0327711
-0.0192304, 0.00177062, -0.999814
0.998006, 0.0601568, -0.0190891
0.0601118, -0.998187, -0.00292393

285
0.0581413, 0.0285261, 0.044365
-0.0109773, -0.00175931, 0.999938
-0.269482, 0.963005, -0.00126403
-0.962943, -0.269479, -0.0110453

286
0.000854973, -0.00799776, 0.0271066
0.593602, -0.00210018, 0.804756
-0.804712, 0.00922463, 0.593593
-0.00867023, -0.999955, 0.00378572

287
0.0533974, -0.00641099, -0.0255078
0.999752, 0.00484358, -0.0217371
-0.00201527, 0.991734, 0.128295
0.0221788, -0.12822, 0.991498

288
-0.088763, -0.0234264, 0.0428577
0.999999, -0.000846855, -0.000631354
-0.000235168, -0.761191, 0.648528
-0.00102979, -0.648527, -0.761191

289
0.0285626, 0.0260142, 0.0321463
0.9998, 0.017535, 0.00957921
0.0192141, -0.975278, -0.220144
0.00548217, 0.220284, -0.97542

290
-0.00214856, 0.0461347, -0.0913545
0.999896, 0.00363643, -0.0139703
-0.0114887, -0.385518, -0.922629
-0.00874088, 0.922693, -0.385436

291
-0.0557115, 0.0191342, 0.00111125
-1, 1.22465e-16, 0
-1.13143e-16, -0.92388, 0.382683
4.68652e-17, 0.382683, 0.92388

292
0.0555286, 0.0126939, -0.0117215
0.999986, 0.0010062, -0.00523005
-0.00230101, 0.967236, -0.253869
0.00480325, 0.253877, 0.967225

293
0.0162855, -0.00436842, 0.0157342
0.593602, -0.00210018, 0.804756
-0.746775, -0.374144, 0.549857
0.29994, -0.927368, -0.223661

294
0.0366108, -0.0112983, -0.0293807
0.999908, -0.00196218, 0.0134581
-0.00112984, 0.974133, 0.225972
-0.0135534, -0.225967, 0.974041

295
0.0551734, 0.0483618, -0.0727762
0.999986, 0.0010062, -0.00523005
-0.00480325, -0.253877, -0.967225
-0.00230101, 0.967236, -0.253869

296
0.0925904, 0.0389972, 0.00341206
-0.0133915, 0.000835832, -0.99991
-0.719888, -0.694031, 0.00906108
-0.693961, 0.719945, 0.0098958

297
0.00146592, 0.0412969, -0.0498952
0.999942, 0.00281931, -0.010425
-0.0101998, 0.563755, -0.825879
0.00354876, 0.825937, 0.563751

298
-0.0886998, 0.0470595, 0.0484909
0.999999, -0.000846855, -0.000631354
-0.00102979, -0.648527, -0.761191
0.000235168, 0.761191, -0.648528

299
-0.104291, 0.0216382, 0.0348387
0.993017, -0.0839916, 0.0828449
-0.0465227, -0.924117, -0.379267
0.108414, 0.372764, -0.921571

300
-0.0647593, 0.0227564, -0.0531904
0.760629, -0.000464434, 0.649186
-0.25018, -0.92297, 0.292467
0.599044, -0.384872, -0.702154

301
0.0377277, 0.0424299, -0.104531
0.999908, -0.00196218, 0.0134581
0.0103826, -0.529034, -0.848537
0.00878478, 0.848599, -0.528964

302
-0.0045464, 0.0487501, -0.0639108
0.999925, 0.00172469, -0.0120966
-0.0117642, 0.403448, -0.914927
0.00330236, 0.915001, 0.403438

303
0.0189443, 0.0229889, 0.0329995
0.19628, 0.00028456, 0.980548
-0.372878, 0.924895, 0.074372
-0.906883, -0.380222, 0.181645

304
0.0222885, 0.0191342, 0.0761112
-1, 1.22465e-16, 0
-1.13143e-16, -0.92388, 0.382683
4.68652e-17, 0.382683, 0.92388

305
0.0694438, 0.0407407, 0.0875666
-0.999676, -0.00362758, -0.0251955
-0.0102202, -0.849314, 0.527789
-0.0233134, 0.527875, 0.849002

306
0.109006, 0.0495368, 0.00320102
