0
-0.0199843, 0.00206268, -0.140574
0.999994, 6.23359e-06, 0.00350849
1.08007e-05, -0.999999, -0.00130172
0.00350848, 0.00130175, -0.999993

1
-0.085107, 0.00199709, -0.0103052
-0.0459013, -2.84926e-06, -0.998946
1.0441e-05, -1, 2.3725e-06
-0.998946, -1.03211e-05, 0.0459013

2
0.0848018, 0.0302246, -0.0397321
-0.00319367, -0.00114797, -0.999994
-0.666247, 0.74573, 0.0012717
0.745724, 0.666248, -0.00314645

3
0.0346351, 0.0175023, 0.0324302
0.00262043, 0.00345557, -0.999991
-0.710089, -0.704099, -0.00429384
-0.704107, 0.710093, 0.000608712

4
0.0132147, 0.011882, 0.0763151
0.999966, -0.00730256, 0.00389163
-0.00352843, -0.801695, -0.597723
0.00748481, 0.597688, -0.801693

5
0.0843188, -0.0114351, 0.0503295
0.00226779, 0.000346417, 0.999997
-0.456322, -0.889814, 0.00134309
0.889812, -0.456323, -0.00185983

6
0.0332557, 0.012543, 0.0232557
-0.000170623, -0.00493742, -0.999988
-0.610915, -0.791686, 0.00401318
-0.791696, 0.610908, -0.00288127

7
-0.0570974, 0.0282724, -0.0576032
-0.000119304, 1.62018e-05, 1
0.925495, 0.378759, 0.000104279
-0.378759, 0.925495, -6.01822e-05

8
-0.0436351, 0.0318732, 0.0504175
-0.0039102, -7.95782e-05, 0.999992
0.997505, -0.0704889, 0.00389486
0.070488, 0.997513, 0.000355005

9
0.0858264, -0.0131462, 0.00526221
0.00330866, -0.000806378, 0.999994
-0.499582, -0.866266, 0.000954412
0.86626, -0.499582, -0.00326903

10
0.0843739, -0.0113686, 0.00545371
-0.00173062, -0.000257311, 0.999998
-0.454654, -0.890667, -0.00101601
0.890666, -0.454655, 0.00142442

11
0.0329083, -0.0106297, -0.0698606
-0.00354626, -0.00421741, 0.999985
-0.512561, 0.858649, 0.00180363
-0.858643, -0.512547, -0.00520668

12
-0.0629898, 0.0294254, 0.0503416
-0.0039102, -7.95782e-05, 0.999992
0.948549, 0.316608, 0.00373424
-0.316606, 0.948556, -0.00116252

13
0.0280054, -0.0184632, -0.0676026
0.999993, -0.00186343, -0.00331434
0.00189388, 0.999956, 0.0092103
0.00329703, -0.00921651, 0.999952

14
0.0859121, -0.0130474, -0.0780247
-0.0160948, 0.000870805, 0.99987
-0.497012, -0.867713, -0.00724466
0.867594, -0.497065, 0.0143985

15
-0.091681, 0.0282346, -0.0918305
-0.558508, -0.828956, 0.0300279
0.637741, -0.405966, 0.654583
-0.53043, 0.38474, 0.755394

16
0.0822974, -0.0216554, 0.00526702
0.00330866, -0.000806378, 0.999994
-0.793057, -0.609144, 0.00213277
0.609139, -0.793059, -0.00265495

17
0.0812131, -0.0201076, 0.0503396
0.00226779, 0.000346417, 0.999997
-0.762103, -0.647453, 0.00195258
0.647452, -0.762105, -0.00120428

18
0.0269557, -0.0157582, 0.0411501
-0.00805367, 0.0014041, 0.999967
-0.675086, 0.737711, -0.00647296
-0.737695, -0.675116, -0.00499339

19
-0.0842718, 0.00132767, -0.057606
-0.000119304, 1.62018e-05, 1
0.386601, 0.922247, 3.1181e-05
-0.922247, 0.386601, -0.000116292

20
-0.0461659, -0.0193246, -0.0815735
-0.996805, -0.0219518, 0.0767986
0.000622998, -0.963601, -0.267345
0.0798719, -0.266443, 0.960535

21
0.0254224, 0.0100056, -0.0789023
0.00932867, 0.00301018, -0.999952
-0.560114, -0.828379, -0.00771906
-0.828363, 0.560159, -0.00604164

22
0.0812845, -0.0200469, 0.00544613
-0.00173062, -0.000257311, 0.999998
-0.760889, -0.64888, -0.00148378
0.64888, -0.76089, 0.000927181

23
0.0275281, 0.0192841, -0.0395366
-0.00319367, -0.00114797, -0.999994
-0.745724, -0.666248, 0.00314645
-0.666247, 0.74573, 0.0012717

24
-0.0571166, -0.0282693, -0.000626957
0.00141052, -2.50832e-07, -0.999999
0.925337, -0.379143, 0.0013053
-0.379143, -0.925338, -0.000534557

25
-0.00561568, -0.0241679, -0.113798
0.276037, -0.0774798, 0.958019
-0.140134, -0.989339, -0.0396354
0.950876, -0.12331, -0.283952

26
0.0327721, 0.0103963, -0.0847418
0.00270923, -0.000981023, -0.999996
-0.507975, -0.861372, -0.000531195
-0.861368, 0.507974, -0.00283199

27
-0.0332407, -0.0204919, 0.100016
0.0292692, 0.0314388, 0.999077
-0.0488734, -0.998265, 0.032845
0.998376, -0.0497896, -0.0276819

28
0.0975948, -0.0188879, 0.0417234
-0.00805367, 0.0014041, 0.999967
-0.737695, -0.675116, -0.00499339
0.675086, -0.737711, 0.00647296

29
0.00559309, -0.0173587, -0.0929326
-0.999377, 3.22603e-06, 0.03528
-0.0249451, 0.707088, -0.706685
-0.0249483, -0.707125, -0.706648

30
-0.0714496, -0.00541487, 0.0754484
-0.227316, 0.953296, 0.198882
0.94524, 0.166878, 0.280487
0.234198, 0.25175, -0.939028

31
0.079839, 0.0186596, -0.0575436
0.00171671, -4.85029e-05, -0.999999
-0.733239, 0.67997, -0.00129174
0.679969, 0.73324, 0.00113174

32
-0.000465113, -0.0235193, 0.0742221
0.00353646, -0.000343988, 0.999994
-0.110339, -0.993894, 4.83225e-05
0.993888, -0.110338, -0.00355282

33
0.024682, -0.00463065, 0.0832212
0.999994, 0.00214536, -0.00269504
0.00134645, -0.963574, -0.26744
-0.00317063, 0.267435, -0.963571

34
0.036047, -0.0188521, -0.0962794
-0.00660398, 0.0147626, 0.999869
-0.736992, 0.675739, -0.0148447
-0.675869, -0.736993, 0.00641732

35
0.0104164, 0.00113328, 0.02821
-0.999922, 3.1298e-06, -0.0124665
-0.00476821, 0.923867, 0.382684
0.0115186, 0.382713, -0.923795

36
-0.082484, 0.0253647, -0.0191077
-0.0201382, 0.00086828, 0.999797
0.612228, 0.790595, 0.0116451
-0.790425, 0.612338, -0.0164528

37
-0.0842798, -0.0013133, -0.000665278
0.00141052, -2.50832e-07, -0.999999
0.386218, -0.922407, 0.000545
-0.922407, -0.386218, -0.00130098

38
-0.0229114, -0.0180034, 0.115399
-0.999988, -8.27145e-06, 0.00496247
8.17352e-06, -1, -1.97525e-05
0.00496247, -1.97117e-05, 0.999988

39
-0.0114482, -0.00118698, -0.136772
0.99998, 4.22013e-06, -0.00625467
0.00240376, -0.923461, 0.383684
-0.00577432, -0.383692, -0.923443

40
-0.0733792, -0.0174928, -0.000649898
0.00141052, -2.50832e-07, -0.999999
0.709808, -0.704394, 0.00100138
-0.704393, -0.709809, -0.000993384

41
-0.0283148, 0.0213361, 0.0964419
-0.103897, 0.0551571, 0.993057
0.780158, -0.614777, 0.115769
0.616894, 0.78677, 0.0208422

42
0.0694792, 0.0313205, 0.10292
0.0769273, -0.144372, -0.986529
-0.994768, -0.0778296, -0.0661799
-0.0672266, 0.986458, -0.149604

43
0.0748321, -0.0180026, 0.0183152
-0.018308, -2.988e-06, 0.999832
-4.85859e-06, -1, -3.07746e-06
0.999832, -4.91412e-06, 0.018308

44
-0.0113802, -0.0173963, -0.125916
0.99998, 4.22013e-06, -0.00625467
0.00443053, -0.706334, 0.707864
-0.0044149, -0.707878, -0.706321

45
-0.03229, 0.0283501, -0.112347
0.999975, -2.46259e-05, -0.00701946
-0.00651663, -0.374936, -0.927028
-0.00260902, 0.927051, -0.374927

46
-0.00956823, -0.0117001, -0.0176068
-0.0201382, 0.00086828, 0.999797
0.126004, -0.992024, 0.00339954
0.991825, 0.126047, 0.0198682

47
0.0439572, 0.0319621, -0.0576059
0.00171671, -4.85029e-05, -0.999999
-0.999289, -0.0376671, -0.00171366
-0.037667, 0.99929, -0.000113132

48
-0.0198264, 0.000628115, -0.105633
0.148792, -0.267561, -0.951983
0.394749, 0.898739, -0.190898
0.906661, -0.34739, 0.239345

49
0.0278649, 0.0283659, -0.136308
0.999993, -0.00186343, -0.00331434
-0.00377081, -0.374152, -0.92736
0.000488004, 0.927366, -0.374156

50
-0.0242937, -0.00599781, -0.05151
-0.000832574, -0.00528203, -0.999986
0.479911, 0.877303, -0.00503357
0.877317, -0.479908, 0.00180448

51
-0.087421, 0.0132864, 0.0502448
-0.0039102, -7.95782e-05, 0.999992
0.446851, 0.894607, 0.00181848
-0.8946, 0.446855, -0.00346253

52
0.00271575, -0.0215268, 0.0505945
-0.0039102, -7.95782e-05, 0.999992
-0.070488, -0.997513, -0.000355005
0.997505, -0.0704889, 0.00389486

53
0.0325896, -0.00694694, 0.0970009
-0.0323691, 0.00522443, 0.999462
-0.378541, 0.925427, -0.017097
-0.925018, -0.378891, -0.0279775

54
-0.0112787, -0.0282172, -0.109684
0.99998, 4.22013e-06, -0.00625467
0.00578278, -0.381675, 0.924279
-0.00238335, -0.924297, -0.381667

55
-0.0205316, -0.0180022, 0.00739839
-0.999972, -6.59928e-06, -0.00744269
6.56356e-06, -1, 4.824e-06
-0.00744269, 4.77501e-06, 0.999972

56
-0.0390613, -0.0180015, 0.01339
0.980195, 1.32814e-05, -0.198035
9.60724e-06, -1, -1.9514e-05
-0.198035, 1.72249e-05, -0.980195

57
-0.0320213, 0.0280298, -0.0740805
0.999975, -2.46259e-05, -0.00701946
-0.00645281, 0.390404, -0.920621
0.00276309, 0.920644, 0.390394

58
-0.0223877, -0.0180015, -0.0106062
-0.999881, -7.10539e-06, 0.0154361
7.39262e-06, -1, 1.85501e-05
0.0154361, 1.8662e-05, 0.999881

59
0.00684037, -0.0320024, 0.0173994
-0.886647, -8.82037e-07, 0.462446
-0.462446, 7.30968e-06, -0.886647
-2.59828e-06, -1, -6.88901e-06

60
-0.0166954, -0.0180012, -0.0346024
-0.999957, -6.74715e-06, 0.00928221
6.96264e-06, -1, 2.31834e-05
0.00928221, 2.3247e-05, 0.999957

61
0.0118401, 0.0181891, -0.000529704
0.00141052, -2.50832e-07, -0.999999
-0.00382893, 0.999993, -5.65162e-06
0.999992, 0.00382893, 0.00141051

62
0.0288672, 0.0122024, 0.0967802
-0.0323691, 0.00522443, 0.999462
0.00426278, 0.999978, -0.00508907
-0.999467, 0.00409576, -0.0323906

63
-0.0111589, -0.0320024, -0.0905456
0.99998, 4.22013e-06, -0.00625467
0.00625466, 0.00109174, 0.99998
1.10485e-05, -0.999999, 0.00109169

64
0.0648046, -0.0302924, 0.00531794
0.00330866, -0.000806378, 0.999994
-0.965796, -0.259285, 0.00298642
0.259281, -0.965801, -0.00163668

65
-0.0660463, -0.0301657, -0.104202
0.148792, -0.267561, -0.951983
0.988709, 0.022986, 0.148072
-0.0177361, -0.963267, 0.267961

66
0.0641667, -0.0295955, 0.0503815
0.00226779, 0.000346417, 0.999997
-0.95186, -0.306524, 0.00226481
0.306524, -0.951863, -0.000365391

67
0.00226541, 0.0245, 0.00556904
0.00330866, -0.000806378, 0.999994
0.13005, 0.991507, 0.000369242
-0.991502, 0.130048, 0.00338543

68
0.0642559, -0.0295667, 0.00541421
-0.00173062, -0.000257311, 0.999998
-0.951285, -0.308307, -0.00172565
0.308307, -0.951287, 0.000288787

69
0.0632211, 0.0288795, -0.0575727
0.00171671, -4.85029e-05, -0.999999
-0.937637, 0.347612, -0.00162651
0.347612, 0.937638, 0.000551269

70
-0.0319084, 0.0170558, -0.0579511
0.999975, -2.46259e-05, -0.00701946
-0.00490423, 0.713001, -0.701146
0.00502215, 0.701163, 0.712983

71
0.0739821, 0.0407557, 0.0391237
0.00527526, 0.0150628, -0.999873
-0.995254, -0.0970799, -0.00671337
-0.0971686, 0.995163, 0.0144792

72
0.0131853, 0.0147732, 0.069505
0.999975, -0.00128024, 0.00699246
-0.00172847, -0.997918, 0.0644776
0.00689535, -0.0644881, -0.997895

73
0.0278592, 0.0462556, -0.110621
1, -0.000126143, -0.000678907
-0.000580217, 0.379576, -0.92516
0.000374399, 0.92516, 0.379576

74
0.0332097, 0.0179968, -0.0834682
-0.99736, 1.56144e-05, 0.0726151
1.44456e-05, 1, -1.6621e-05
-0.0726151, -1.55281e-05, -0.99736

75
0.00921718, -0.018004, 0.124396
-0.999922, 3.1298e-06, -0.0124665
-2.72455e-06, -1, -3.25237e-05
-0.0124665, -3.24872e-05, 0.999922

76
-0.0337896, -0.00370627, -0.0575611
-0.000731628, -0.00390761, -0.999992
0.374078, 0.927389, -0.00389759
0.927397, -0.374078, 0.000783247

77
0.0198411, -0.0177905, 0.0322695
0.00262043, 0.00345557, -0.999991
-0.00422953, -0.999985, -0.00346663
-0.999988, 0.00423857, -0.00260578

78
-0.0733645, 0.0175027, -0.057605
-0.000119304, 1.62018e-05, 1
0.710102, 0.704099, 7.33103e-05
-0.704099, 0.710102, -9.55069e-05

79
0.0283983, -0.018004, 0.133397
-0.999938, 9.84602e-06, 0.011156
-1.01954e-05, -1, -3.1262e-05
0.011156, -3.13738e-05, 0.999938

80
-0.0162818, 0.017998, -0.0269326
-0.886647, -8.82037e-07, 0.462446
2.59828e-06, 1, 6.88901e-06
-0.462446, 7.30968e-06, -0.886647

81
0.00645036, -0.00772682, -0.059669
0.999963, -0.00205648, 0.00840492
0.00373983, 0.978653, -0.205488
-0.00780292, 0.205511, 0.978624

82
-0.0246282, -0.0158291, 0.0266095
-0.00376143, 0.0034326, 0.999987
-0.136548, -0.990629, 0.00288686
0.990626, -0.136535, 0.0041949

83
0.0502765, -0.0346737, -0.146948
-0.993071, 0.111222, -0.0379546
0.0740179, 0.341096, -0.93711
-0.091281, -0.933425, -0.346965

84
-0.0262325, 0.0261761, -0.0791854
0.999995, -4.81263e-05, 0.00320883
0.00285776, 0.4683, -0.883565
-0.00146017, 0.88357, 0.468297

85
0.0512044, 0.0493014, 0.100516
-0.998193, 0.0594695, 0.00866495
0.0371009, 0.496364, 0.867321
0.0472782, 0.866075, -0.497674

86
-0.0258556, -0.0189121, -0.0428785
0.00233821, -0.0128035, 0.999915
-0.258243, -0.966008, -0.0117654
0.966077, -0.258194, -0.00556514

87
-0.0324047, 0.0176477, -0.128658
0.999975, -2.46259e-05, -0.00701946
-0.00502215, -0.701163, -0.712983
-0.00490423, 0.713001, -0.701146

88
0.0138911, 0.0202107, 0.0409944
-0.00805367, 0.0014041, 0.999967
0.0442714, 0.999019, -0.00104621
-0.998987, 0.0442615, -0.00810793

89
-0.0482138, 0.0118957, 0.0958473
-0.966102, 0.243649, -0.0853374
0.136837, 0.763594, 0.631031
0.218913, 0.597963, -0.77105

90
0.027841, 0.0319976, 0.0834013
-0.999938, 9.84602e-06, 0.011156
0.011156, -3.13738e-05, 0.999938
1.01954e-05, 1, 3.1262e-05

91
-0.0378996, -0.0191355, 0.0780748
0.999986, 0.00224966, 0.00472448
0.000604897, -0.946512, 0.322669
0.00519768, -0.322662, -0.9465

92
0.0127978, 0.0180003, 0.0675453
0.28291, 2.64074e-05, -0.959146
-5.94635e-05, 1, 9.99284e-06
0.959146, 5.42071e-05, 0.28291

93
0.0130169, 0.0220824, 0.146286
0.999966, -0.00730256, 0.00389163
0.00748481, 0.597688, -0.801693
0.00352843, 0.801695, 0.597723

94
-0.0173374, 0.0281911, -0.103735
-0.999957, -6.74715e-06, 0.00928221
0.00857297, 0.382705, 0.923831
-0.00355858, 0.923871, -0.382688

95
0.00719549, 0.00903952, -0.144218
0.999963, -0.00205648, 0.00840492
-0.000469105, -0.982803, -0.184657
0.00864012, 0.184646, -0.982767

96
-0.0260366, 0.00568906, -0.14053
0.999995, -4.81263e-05, 0.00320883
0.000255404, -0.995522, -0.0945247
0.00319901, 0.094525, -0.995517

97
-0.0813977, 0.0210381, 0.0745237
0.00353646, -0.000343988, 0.999994
0.780806, 0.624768, -0.00254639
-0.624763, 0.78081, 0.00247806

98
-0.0111192, 0.013236, 0.0742724
0.00353646, -0.000343988, 0.999994
0.624763, -0.78081, -0.00247806
0.780806, 0.624768, -0.00254639

99
0.0239729, 0.0179995, 0.0214453
-0.99909, 1.26126e-05, -0.0426484
1.09978e-05, 1, 3.80984e-05
0.0426484, 3.75947e-05, -0.99909

100
0.0278689, 0.0354716, -0.0943639
1, -0.000126143, -0.000678907
-0.000392774, 0.704726, -0.709479
0.000567939, 0.709479, 0.704726

101
-0.0308375, -0.0512749, 0.0355008
-0.000363263, 0.00262748, 0.999996
-0.665452, -0.746438, 0.00171952
0.74644, -0.665449, 0.00201962

102
0.0288462, 0.0112804, -0.0578456
-0.00486789, -0.0027369, 0.999984
-0.0143581, 0.999893, 0.00266676
-0.999885, -0.0143449, -0.00490666

103
0.0310969, -0.0178505, -0.0458904
0.00227504, 0.0122227, -0.999923
0.297011, -0.954811, -0.0109955
-0.954871, -0.296963, -0.00580252

104
0.0302845, 0.00860446, -0.0547003
0.00380094, 0.00354907, -0.999986
-0.412124, -0.911115, -0.00480014
-0.91112, 0.412137, -0.00200044

105
-0.044477, -0.0200273, -0.0574895
-0.000731628, -0.00390761, -0.999992
0.700502, 0.713643, -0.00330117
0.71365, -0.700499, 0.00221517

106
0.00570976, 0.0281917, 0.0170496
-0.018308, -2.988e-06, 0.999832
0.923727, 0.382679, 0.0169156
-0.382615, 0.923881, -0.00700334

107
-0.02916, 0.0319976, 0.0624007
0.980195, 1.32814e-05, -0.198035
-0.198035, 1.72249e-05, -0.980195
-9.60724e-06, 1, 1.9514e-05

108
0.0282353, 0.0173518, 0.118754
-0.999938, 9.84602e-06, 0.011156
0.00788126, -0.707129, 0.707041
0.00789568, 0.707085, 0.707085

109
-0.0257794, -0.0186265, -0.0126268
-0.00133751, -0.00723214, 0.999973
-0.252478, -0.967575, -0.00733552
0.967602, -0.252481, -0.000531812

110
-0.0554168, -0.0330046, 0.0792429
-0.958745, 0.187878, -0.213331
0.250246, 0.913822, -0.319854
0.134853, -0.360044, -0.923137

111
0.0118401, -0.0182146, -0.0575943
-0.000119304, 1.62018e-05, 1
-0.00424427, -0.999991, 1.56953e-05
0.999991, -0.00424427, 0.000119372

112
-0.0268259, -0.0191117, -0.0574643
-0.00193614, 0.00275049, 0.999994
-0.322192, -0.946672, 0.00198002
0.946672, -0.322187, 0.00271908

113
-0.0580204, -0.0210031, 0.165516
-0.227316, 0.953296, 0.198882
-0.833989, -0.296015, 0.465658
0.502782, -0.0600137, 0.862327

114
-0.00940025, 0.0147728, 0.05055
-0.0039102, -7.95782e-05, 0.999992
0.6555, -0.755191, 0.00250306
0.755185, 0.655505, 0.00300511

115
-0.00265442, 0.0172026, -0.0575966
-0.000119304, 1.62018e-05, 1
0.704099, -0.710102, 9.55069e-05
0.710102, 0.704099, 7.33103e-05

116
-0.051441, 0.0312391, 0.144341
-0.994882, 0.0676973, -0.0750068
-0.0950139, -0.374307, 0.922424
0.0343701, 0.92483, 0.378824

117
-0.018045, 0.0179963, 0.106138
0.994755, 1.01496e-05, -0.10229
-7.50177e-06, 1, 2.62706e-05
0.10229, -2.53654e-05, 0.994755

118
0.0131921, 0.034113, 0.0720693
0.999975, -0.00128024, 0.00699246
0.00104184, -0.946634, -0.322308
0.00703193, 0.322307, -0.946609

119
0.0248407, 0.0319976, 0.0173999
-0.018308, -2.988e-06, 0.999832
0.999832, -4.91412e-06, 0.018308
4.85859e-06, 1, 3.07746e-06

120
0.0303869, 0.00882954, -0.0425545
-4.69421e-05, 0.00209288, -0.999998
-0.41664, -0.90907, -0.00188302
-0.909072, 0.416639, 0.000914651

121
-0.0438613, -0.0193872, -0.0819558
0.00221713, 0.012681, -0.999917
0.687729, 0.725888, 0.0107306
0.725964, -0.687696, -0.00711169

122
-0.0231599, 0.0319976, 0.0654008
-0.999988, -8.27145e-06, 0.00496247
0.00496247, -1.97117e-05, 0.999988
-8.17352e-06, 1, 1.97525e-05

123
-0.0334652, -0.00288054, -0.0817234
0.00221713, 0.012681, -0.999917
0.357565, 0.933803, 0.0126353
0.933886, -0.357563, -0.00246391

124
-0.0200929, 0.0282165, -0.109674
0.999994, 6.23359e-06, 0.00350849
0.00324555, -0.38148, -0.924371
0.00133266, 0.924377, -0.381478

125
-0.0174879, 0.0173521, -0.119955
-0.999957, -6.74715e-06, 0.00928221
0.00655859, 0.707123, 0.70706
-0.00656843, 0.70709, -0.707093

126
0.0107354, -0.0143751, 0.0504974
0.00226779, 0.000346417, 0.999997
-0.647452, 0.762105, 0.00120428
-0.762103, -0.647453, 0.00195258

127
0.0258414, -2.54252e-05, 0.00569663
0.00593704, 0.000473867, 0.999982
-0.000463496, 1, -0.000471123
-0.999982, -0.000460691, 0.00593726

128
0.0309407, 0.0173364, 0.0322996
-0.00366099, -0.00524078, 0.99998
0.28676, 0.957983, 0.00607052
-0.957996, 0.286776, -0.00200432

129
-0.0200174, 0.0281915, -0.0617341
-0.999972, -6.59928e-06, -0.00744269
-0.00687866, 0.382688, 0.923852
0.00284213, 0.923878, -0.382677

130
0.00715033, 0.0233454, -0.135345
0.999963, -0.00205648, 0.00840492
0.00287304, -0.83733, -0.54669
0.00816195, 0.546693, -0.837293

131
-0.00266908, -0.0172221, -0.00055016
0.00141052, -2.50832e-07, -0.999999
0.704393, 0.709809, 0.000993384
0.709808, -0.704394, 0.00100138

132
0.00521074, -0.00113778, -0.103765
-0.999377, 3.22603e-06, 0.03528
-0.0134989, 0.923869, -0.38247
-0.0325953, -0.382708, -0.923294

133
-0.0542546, -0.00317996, 0.0843892
-0.227316, 0.953296, 0.198882
0.783664, 0.0578347, 0.618487
0.578099, 0.296449, -0.760211

134
0.0809102, -0.028998, 0.0416032
-0.00805367, 0.0014041, 0.999967
-0.939886, -0.341416, -0.00709039
0.341394, -0.939911, 0.00406934

135
-0.0201598, 0.0319976, -0.0426005
-0.999972, -6.59928e-06, -0.00744269
-0.00744269, 4.77501e-06, 0.999972
-6.56356e-06, 1, -4.824e-06

136
0.0131187, -0.00573256, 0.0679294
0.999966, -0.00730256, 0.00389163
-0.00612415, -0.969395, -0.245429
0.00556479, 0.245397, -0.969407

137
0.0245177, -0.00311735, -0.0965878
-0.00660398, 0.0147626, 0.999869
-0.422248, 0.906336, -0.0161705
-0.906457, -0.422299, 0.00024803

138
0.0247198, -0.0240857, 0.0817714
0.999994, 0.00214536, -0.00269504
0.00245731, -0.992569, 0.12166
-0.00241401, -0.121666, -0.992568

139
0.0304084, 0.00887635, -0.0365699
0.000104904, 0.00168325, -0.999999
-0.417575, -0.908641, -0.00157328
-0.908642, 0.417575, 0.000607564

140
-0.0202839, 0.0173069, -0.0551991
0.999994, 6.23359e-06, 0.00350849
0.00247323, 0.708027, -0.706181
-0.00248851, 0.706186, 0.708022

141
0.0407347, -0.0233736, -0.0548405
-0.0052205, -0.00127717, 0.999986
-0.64742, 0.76213, -0.00240652
-0.762115, -0.647423, -0.00480556

142
-0.0351565, -0.0320024, 0.0533993
0.28291, 2.64074e-05, -0.959146
0.959146, 5.42071e-05, 0.28291
5.94635e-05, -1, -9.99284e-06

143
-0.0462814, 0.0181046, 0.0763893
-0.996988, 0.0140833, -0.0762722
-8.77112e-05, 0.983172, 0.182684
0.0775615, 0.182141, -0.980209

144
0.00355069, 0.00503336, 0.00554909
0.00330866, -0.000806378, 0.999994
-0.259281, 0.965801, 0.00163668
-0.965796, -0.259285, 0.00298642

145
0.0258666, -0.0103976, -0.0547845
0.00380094, 0.00354907, -0.999986
-0.0320827, -0.999478, -0.00366921
-0.999478, 0.0320962, -0.0036851

146
-0.0229843, 0.0173523, 0.100755
-0.999988, -8.27145e-06, 0.00496247
0.00351478, -0.707121, 0.707084
0.00350322, 0.707093, 0.707112

147
0.00751545, -0.0281959, -0.0384767
-0.999377, 3.22603e-06, 0.03528
-0.0325953, -0.382708, -0.923294
0.0134989, -0.923869, 0.38247

148
-0.037931, 0.00020329, 0.0755032
0.999986, 0.00224966, 0.00472448
0.00254792, -0.99794, -0.0641025
0.00457054, 0.0641136, -0.997932

149
0.068324, -0.0074718, -0.0777427
0.380433, 0.923291, 0.0529627
-0.900573, 0.38288, -0.205841
-0.210329, 0.0306119, 0.977151

150
0.0246683, 0.0127887, 0.0920058
0.999994, 0.00214536, -0.00269504
3.06144e-05, -0.787883, -0.615825
-0.00344454, 0.615821, -0.787878

151
0.0527211, -0.0289767, -0.0960197
-0.00660398, 0.0147626, 0.999869
-0.939536, 0.342266, -0.0112589
-0.342387, -0.939487, 0.0116096

152
0.0129804, -0.0252151, 0.0669229
0.999966, -0.00730256, 0.00389163
-0.00778753, -0.989514, 0.144229
0.00279758, -0.144254, -0.989537

153
-0.0231599, 0.0319976, -0.0606012
-0.999881, -7.10539e-06, 0.0154361
0.0154361, 1.8662e-05, 0.999881
-7.39262e-06, 1, -1.85501e-05

154
0.02498, 0.0274381, -0.0576382
0.00171671, -4.85029e-05, -0.999999
-0.908808, -0.417212, -0.00153992
-0.417211, 0.908809, -0.000760309

155
0.0274464, 0.0173541, 0.0480477
-0.999938, 9.84602e-06, 0.011156
0.00789568, 0.707085, 0.707085
-0.00788126, 0.707129, -0.707041

156
-0.0230614, 0.017873, -0.0803944
0.999968, -0.00792166, -0.000564963
0.00769556, 0.984087, -0.177518
0.00196221, 0.177508, 0.984117

157
0.0276275, 0.0281922, 0.0642682
-0.999938, 9.84602e-06, 0.011156
0.0103107, 0.382654, 0.923834
-0.00425979, 0.923892, -0.382631

158
0.0198883, 0.0158319, -0.0968982
-0.00660398, 0.0147626, 0.999869
-0.04322, 0.998952, -0.0150345
-0.999044, -0.0433136, -0.00595902

159
0.024776, -0.0426146, 0.087877
0.999994, 0.00214536, -0.00269504
0.00319406, -0.870454, 0.492239
-0.00128989, -0.492244, -0.870456

160
-0.0316409, -0.00269099, 0.0715855
0.00468964, 0.00133993, -0.999988
0.413762, 0.91038, 0.00316028
0.910373, -0.413772, 0.00371494

161
0.00960209, 0.028191, 0.093534
-0.999922, 3.1298e-06, -0.0124665
-0.0115186, -0.382713, 0.923795
-0.00476821, 0.923867, 0.382684

162
0.00026795, -0.00217198, 0.0505865
-0.0039102, -7.95782e-05, 0.999992
0.316606, -0.948556, 0.00116252
0.948549, 0.316608, 0.00373424

163
0.00359437, 0.0048932, -0.0793654
-0.0160948, 0.000870805, 0.99987
-0.262041, 0.965044, -0.00505852
-0.964923, -0.262088, -0.015304

164
-0.0238584, -0.018958, -0.133164
-0.558508, -0.828956, 0.0300279
-0.0758805, 0.0150091, -0.997004
0.826021, -0.559113, -0.0712843

165
0.0269899, -0.025388, -0.0789625
-0.0160948, 0.000870805, 0.99987
-0.867594, 0.497065, -0.0143985
-0.497012, -0.867713, -0.00724466

166
-0.0332725, -0.0113007, -0.0968711
-0.558508, -0.828956, 0.0300279
0.53043, -0.38474, -0.755394
0.637741, -0.405966, 0.654583

167
-0.0530629, -0.0332033, 0.100962
-0.100439, 0.0287543, -0.994528
0.901047, 0.426528, -0.078666
0.421932, -0.904017, -0.0687489

168
-0.0175884, 0.00113071, -0.130793
-0.999957, -6.74715e-06, 0.00928221
0.00354571, 0.923888, 0.382646
-0.0085783, 0.382662, -0.923849

169
-0.010938, -0.0173191, -0.055207
0.99998, 4.22013e-06, -0.00625467
0.0044149, 0.707878, 0.706321
0.00443053, -0.706334, 0.707864

170
-0.00213663, -0.00408202, 0.0742347
0.00353646, -0.000343988, 0.999994
0.278404, -0.960463, -0.00131496
0.960457, 0.278407, -0.00330087

171
-0.0891979, 0.027356, 0.0473998
0.000281627, 0.000130445, 1
0.907168, 0.420769, -0.00031037
-0.420769, 0.907168, 1.64036e-07

172
0.0400196, -0.0164318, -0.079621
0.999989, -0.00284001, -0.0036641
0.00294358, 0.999587, 0.0285777
0.00358143, -0.0285881, 0.999585

173
-0.0295273, -0.00754042, 0.0233274
0.00428076, 0.0116873, -0.999923
0.450743, 0.892568, 0.0123622
0.892644, -0.450761, -0.00144711

174
0.0231021, -0.0218939, 0.107091
0.0769273, -0.144372, -0.986529
0.0672266, -0.986458, 0.149604
-0.994768, -0.0778296, -0.0661799

175
-0.0285481, 0.0215274, -0.018018
-0.0201382, 0.00086828, 0.999797
0.790425, -0.612338, 0.0164528
0.612228, 0.790595, 0.0116451

176
-0.034786, 0.00554843, 0.103453
-0.548665, 0.835973, -0.010784
0.412012, 0.281591, 0.866575
0.72747, 0.471016, -0.49893

177
0.0050765, 0.0179963, -0.107569
-0.999377, 3.22603e-06, 0.03528
2.29425e-06, 1, -2.64515e-05
-0.03528, -2.63541e-05, -0.999377

178
0.0348232, -0.0207185, 0.0745469
0.000233864, 0.00576875, 0.999983
-0.474331, 0.880333, -0.00496758
-0.880347, -0.474322, 0.00294218

179
0.0279911, 0.0280132, -0.0980415
0.999993, -0.00186343, -0.00331434
-0.0023213, 0.391181, -0.920311
0.00301144, 0.920312, 0.391174

180
-0.0231591, -0.0320024, 0.0563985
0.994755, 1.01496e-05, -0.10229
0.10229, -2.53654e-05, 0.994755
7.50177e-06, -1, -2.62706e-05

181
-0.016046, 0.0281918, -0.0134786
-0.0459013, -2.84926e-06, -0.998946
-0.92291, 0.382674, 0.0424064
0.38227, 0.923883, -0.0175679

182
-0.00923927, -0.0145697, -0.0887953
-0.0320874, -0.000683842, -0.999485
0.650994, 0.758781, -0.0214186
0.758405, -0.651346, -0.0239022

183
0.0261078, -0.0265358, 0.00534897
-0.00173062, -0.000257311, 0.999998
-0.890666, 0.454655, -0.00142442
-0.454654, -0.890667, -0.00101601

184
-0.0101753, 0.0117521, 0.106245
0.170285, 0.104883, -0.979797
0.105931, 0.986609, 0.124022
0.979684, -0.12491, 0.156895

185
-0.0797092, -0.0199414, -0.0865293
-0.0320874, -0.000683842, -0.999485
0.758405, -0.651346, -0.0239022
-0.650994, -0.758781, 0.0214186

186
-0.0381722, 0.0182991, 0.0910166
0.999998, 0.00160137, 0.00132217
0.00206114, -0.687661, -0.726029
-0.000253433, 0.72603, -0.687663

187
0.0158634, 0.0177347, -0.0799305
0.999997, 0.00243777, -0.0007425
-0.00250686, 0.993392, -0.11474
0.000457884, 0.114741, 0.993395

188
-0.01845, 0.0126152, -0.0516132
-0.000832574, -0.00528203, -0.999986
0.107645, 0.994175, -0.00534096
0.994189, -0.107648, -0.000259139

189
-0.06272, -0.0295165, -0.0870682
-0.0320874, -0.000683842, -0.999485
0.949799, -0.311392, -0.0302793
-0.311211, -0.950281, 0.0106413

190
-0.0348869, 0.0193195, 0.0353138
-0.000363263, 0.00262748, 0.999996
0.74644, -0.665449, 0.00201962
0.665452, 0.746438, -0.00171952

191
-0.0233622, -0.0195193, -0.0885302
0.999968, -0.00792166, -0.000564963
0.00682907, 0.821372, 0.570352
-0.00405409, -0.570338, 0.8214

192
0.0038195, -0.0182731, -0.0804672
0.999994, -0.00358393, -0.000248771
0.00356791, 0.982654, 0.185414
-0.000420056, -0.185414, 0.98266

193
-0.0466268, -0.017803, 0.069403
0.99947, -0.0307897, 0.0105261
-0.0307457, -0.999518, -0.0043131
0.0106538, 0.00398719, -0.999935

194
0.0309454, 0.0173523, 0.0743282
0.000233864, 0.00576875, 0.999983
0.287096, 0.957885, -0.00559304
-0.957902, 0.287093, -0.00143217

195
0.0315957, 0.00409851, -0.10472
-0.252063, 0.0531599, -0.96625
-0.208894, -0.977938, 0.000690711
-0.944896, 0.202018, 0.257607

196
-0.0171598, 0.0319976, -0.0846014
-0.999957, -6.74715e-06, 0.00928221
0.00928221, 2.3247e-05, 0.999957
-6.96264e-06, 1, -2.31834e-05

197
-0.0273851, -0.0048842, 0.0991879
-0.100439, 0.0287543, -0.994528
0.338786, 0.940837, -0.00701244
0.935487, -0.337636, -0.104238

198
0.0291, -0.00208527, 0.032191
-0.00366099, -0.00524078, 0.99998
-0.101677, 0.994806, 0.00484141
-0.994811, -0.101658, -0.00417484

199
0.021024, -0.0281971, 0.0905148
-0.99909, 1.26126e-05, -0.0426484
0.0393978, -0.382649, -0.923054
-0.016331, -0.923894, 0.3823

200
-0.0262816, 0.0138527, -0.0640614
0.999995, -4.81263e-05, 0.00320883
0.00208145, 0.77078, -0.637098
-0.00244264, 0.637101, 0.770776

201
0.0258748, -0.0101505, -0.042594
-4.69421e-05, 0.00209288, -0.999998
-0.0370381, -0.999312, -0.00208971
-0.999314, 0.0370379, 0.000124426

202
-0.00655339, -0.0047684, -0.111959
0.276037, -0.0774798, 0.958019
0.234418, -0.961219, -0.145282
0.932122, 0.26468, -0.24717

203
-0.0242641, 0.000228315, -0.0575125
-0.00193614, 0.00275049, 0.999994
0.0646089, -0.997907, 0.00286984
0.997909, 0.0646141, 0.00175438

204
-0.0246718, 0.000501761, 0.0981794
-0.127388, 0.0397881, -0.991055
-0.0645062, 0.996747, 0.0483081
0.989753, 0.070083, -0.124407

205
0.0039592, 0.00165832, -0.0853455
0.999995, 0.00282708, -0.00153431
-0.00217047, 0.945094, 0.326791
0.00237393, -0.326786, 0.945095

206
-0.038154, 0.017312, 0.0902451
0.999997, 0.00165445, 0.00154399
0.00226037, -0.763091, -0.646287
0.000108954, 0.646289, -0.763093

207
-0.0232548, 0.028192, 0.0462667
-0.999988, -8.27145e-06, 0.00496247
0.0045816, 0.382665, 0.923876
-0.00190661, 0.923887, -0.38266

208
0.0368398, -0.0320024, -0.0335994
-0.99736, 1.56144e-05, 0.0726151
-0.0726151, -1.55281e-05, -0.99736
-1.44456e-05, -1, 1.6621e-05

209
-0.0260453, 0.0257983, 0.0743296
0.00353646, -0.000343988, 0.999994
0.876008, -0.482286, -0.00326389
0.482284, 0.876014, -0.00140425

210
-0.0704779, 0.0173526, -0.0109775
-0.0459013, -2.84926e-06, -0.998946
-0.706354, -0.707114, 0.0324588
-0.706369, 0.707099, 0.0324555

211
-0.0464818, 0.000127229, -0.0801138
-0.996805, -0.0219518, 0.0767986
0.0311412, -0.992214, 0.120586
0.0735536, 0.122592, 0.989728

212
0.0392924, 0.023724, -0.0787316
0.00932867, 0.00301018, -0.999952
-0.834479, -0.550959, -0.00944352
-0.550961, 0.834527, -0.00262779

213
-0.0640797, 0.0300208, 0.0744655
0.00353646, -0.000343988, 0.999994
0.960457, 0.278407, -0.00330087
-0.278404, 0.960463, 0.00131496

214
0.0491968, 0.0304695, -0.12746
-0.971242, -0.235884, -0.0323597
-0.0495787, 0.067435, 0.996491
-0.232874, 0.969439, -0.0771906

215
0.0130232, -0.0195641, 0.0863985
0.999975, -0.00128024, 0.00699246
-0.00609797, -0.660034, 0.751211
0.00365354, -0.751234, -0.660026

216
0.0258767, -0.010099, -0.0366023
0.000104904, 0.00168325, -0.999999
-0.0380668, -0.999274, -0.00168602
-0.999275, 0.0380669, -4.07516e-05

217
-0.0351602, 0.0319976, 0.0654007
-0.917266, -6.03059e-06, -0.398275
-0.398275, -2.18491e-05, 0.917266
-1.42336e-05, 1, 1.76396e-05

218
-0.0453636, -0.0175069, -0.103245
0.0638463, -0.0873666, -0.994128
0.715277, 0.69867, -0.0154634
0.695918, -0.71009, 0.107099

219
-0.0819287, 0.025398, 0.090607
-0.103897, 0.0551571, 0.993057
0.616894, 0.78677, 0.0208422
-0.780158, 0.614777, -0.115769

220
-0.0237055, 0.0173523, -0.095952
-0.999881, -7.10539e-06, 0.0154361
0.0109097, 0.70712, 0.707009
-0.0109202, 0.707094, -0.707036

221
0.0268614, -0.0253157, 0.00544749
0.00330866, -0.000806378, 0.999994
-0.86626, 0.499582, 0.00326903
-0.499582, -0.866266, 0.000954412

222
0.0329266, -0.00779717, -0.0578779
-0.00486789, -0.0027369, 0.999984
-0.395905, 0.918291, 0.000586065
-0.918279, -0.395896, -0.00555369

223
-0.0209456, -0.0344597, 0.0354602
-0.000363263, 0.00262748, 0.999996
-0.329148, -0.944276, 0.0023615
0.944278, -0.329145, 0.00120785

224
-0.0301617, 0.0154623, -0.0576386
-0.000731628, -0.00390761, -0.999992
-0.00929673, 0.999949, -0.00390064
0.999957, 0.00929381, -0.000767919

225
-0.0437451, 0.0336811, -0.0421632
0.00233821, -0.0128035, 0.999915
0.793714, -0.608215, -0.00964395
0.608287, 0.793669, 0.00874015

226
0.00669685, 0.0238641, -0.0812657
0.999963, -0.00205648, 0.00840492
0.00816195, 0.546693, -0.837293
-0.00287304, 0.83733, 0.54669

227
0.0290481, 0.00154923, -0.0456579
0.00227504, 0.0122227, -0.999923
-0.0910113, -0.995773, -0.0123791
-0.995847, 0.0910325, -0.00115302

228
-0.0245913, 0.000554387, -0.0426322
0.00233821, -0.0128035, 0.999915
0.131116, -0.991282, -0.0129995
0.991364, 0.131136, -0.00063908

229
0.0345798, 0.020256, -0.0454166
0.00227504, 0.0122227, -0.999923
-0.465178, -0.885138, -0.011878
-0.885214, 0.465169, 0.00367202

230
0.00684039, -0.0320024, -0.0575989
-0.999377, 3.22603e-06, 0.03528
-0.03528, -2.63541e-05, -0.999377
-2.29425e-06, -1, 2.64515e-05

231
0.0126087, -0.0300288, 0.14376
0.999975, -0.00128024, 0.00699246
-0.00365354, 0.751234, 0.660026
-0.00609797, -0.660034, 0.751211

232
0.0303097, 0.00865976, -0.0847382
0.00294263, -0.000191184, -0.999996
-0.413242, -0.910621, -0.00104193
-0.910617, 0.413243, -0.00275863

233
-0.0899077, 0.0270198, 0.0352736
-0.000363263, 0.00262748, 0.999996
0.900448, 0.434963, -0.000815758
-0.434963, 0.900445, -0.00252391

234
-0.0308304, -0.0152463, -0.102891
0.148792, -0.267561, -0.951983
0.711664, 0.697386, -0.0847739
0.686582, -0.664879, 0.29418

235
0.0260244, -0.0264931, 0.0504669
0.00226779, 0.000346417, 0.999997
-0.889812, 0.456323, 0.00185983
-0.456322, -0.889814, 0.00134309

236
0.0290778, -0.0138564, 0.0380641
0.00527526, 0.0150628, -0.999873
0.0971686, -0.995163, -0.0144792
-0.995254, -0.0970799, -0.00671337

237
0.0459838, -0.0251085, -0.0698753
-0.00354626, -0.00421741, 0.999985
-0.802133, 0.597145, -0.000326175
-0.597135, -0.802122, -0.00550056

238
-0.0234552, 0.0281912, -0.079733
-0.999881, -7.10539e-06, 0.0154361
0.0142583, 0.382701, 0.923762
-0.00591397, 0.923872, -0.382655

239
0.0871088, 0.0119463, -0.0575308
0.00171671, -4.85029e-05, -0.999999
-0.417211, 0.908809, -0.000760309
0.908808, 0.417212, 0.00153992

240
0.0433533, -0.0232121, 0.0974345
-0.0323691, 0.00522443, 0.999462
-0.703716, 0.709987, -0.0265021
-0.709744, -0.704195, -0.0193051

241
-0.0229304, 0.00113087, 0.111594
-0.999988, -8.27145e-06, 0.00496247
0.00190661, -0.923887, 0.38266
0.0045816, 0.382665, 0.923876

242
-0.02016, 0.0319976, -0.0905351
0.999994, 6.23359e-06, 0.00350849
0.00350848, 0.00130175, -0.999993
-1.08007e-05, 0.999999, 0.00130172

243
0.0157951, 0.00369774, -0.0394813
-0.00319367, -0.00114797, -0.999994
-0.433997, -0.900911, 0.00242028
-0.900908, 0.434003, 0.00237899

244
-0.0198966, 0.0173528, -0.0779548
-0.999972, -6.59928e-06, -0.00744269
-0.00526742, 0.70711, 0.707084
0.00525814, 0.707103, -0.707091

245
0.0168462, 0.000926823, 0.0410453
-0.00805367, 0.0014041, 0.999967
-0.341394, 0.939911, -0.00406934
-0.939886, -0.341416, -0.00709039

246
-0.085185, -0.0281873, 0.0889327
0.170285, 0.104883, -0.979797
0.617837, -0.785962, 0.0232443
-0.767646, -0.609313, -0.198638

247
0.0278736, -0.0212885, -0.0827083
0.999994, -0.00325752, -0.000878574
0.00330822, 0.997833, 0.0657188
0.000662589, -0.0657213, 0.997838

248
0.0121877, -0.0124596, 0.00550641
0.00330866, -0.000806378, 0.999994
-0.609139, 0.793059, 0.00265495
-0.793057, -0.609144, 0.00213277

249
-0.00500012, -0.0214367, -0.0827186
0.999995, 0.000881835, -0.00313444
-0.000664455, 0.997638, 0.0686888
0.00318761, -0.0686863, 0.997633

250
0.0296562, -0.0191578, 0.00568305
0.00593704, 0.000473867, 0.999982
-0.383105, 0.923703, 0.00183683
-0.923686, -0.383109, 0.00566561

251
-0.017269, 0.0131249, 0.0922707
0.999988, 0.00471415, 0.000951812
0.00428175, -0.78257, -0.622548
-0.00218993, 0.622545, -0.782581

252
-0.0310232, 0.01928, -0.0123597
-0.00133751, -0.00723214, 0.999973
0.505669, -0.86271, -0.00556305
0.862727, 0.505647, 0.00481095

253
0.00810736, -0.000959548, -0.000534964
0.00141052, -2.50832e-07, -0.999999
0.379143, 0.925338, 0.000534557
0.925337, -0.379143, 0.0013053

254
0.0595196, -0.034117, 0.0980151
-0.0323691, 0.00522443, 0.999462
-0.921756, 0.386459, -0.0318725
-0.386418, -0.922292, -0.00769366

255
-0.0260613, 0.0179467, 0.0977827
-0.128422, -0.031964, -0.991204
-0.241109, 0.970498, -5.76952e-05
0.961964, 0.238981, -0.13234

256
-0.0625287, -0.00862279, -0.0842522
0.383938, -0.916863, 0.109335
0.907081, 0.35238, -0.230288
0.172615, 0.187592, 0.966961

257
0.00811527, 0.000935549, -0.057595
-0.000119304, 1.62018e-05, 1
0.378759, -0.925495, 6.01822e-05
0.925495, 0.378759, 0.000104279

258
-0.0607183, -0.0491195, 0.0888765
-0.958745, 0.187878, -0.213331
0.282803, 0.706478, -0.648776
0.0288232, -0.682342, -0.730465

259
0.0416379, 0.0244693, -0.0546008
0.00380094, 0.00354907, -0.999986
-0.729424, -0.684043, -0.00520028
-0.684052, 0.729433, -1.12304e-05

260
-0.0461336, 0.0155313, 0.0992598
0.0292692, 0.0314388, 0.999077
0.6714, -0.741086, 0.00365085
0.740517, 0.670673, -0.042799

261
0.0633462, 0.0334113, -0.0846816
0.00270923, -0.000981023, -0.999996
-0.968271, -0.24989, -0.00237813
-0.249887, 0.968274, -0.00162691

262
0.0290979, -0.00206877, 0.0744406
0.000233864, 0.00576875, 0.999983
-0.101331, 0.994836, -0.00571536
-0.994853, -0.101328, 0.000817207

263
-0.0263122, -0.00332038, -0.0548047
0.999995, -4.81263e-05, 0.00320883
0.000988247, 0.955916, -0.293639
-0.00305324, 0.29364, 0.955911

264
-0.0324821, 0.00151779, -0.139631
0.999975, -2.46259e-05, -0.00701946
-0.00276309, -0.920644, -0.390394
-0.00645281, 0.390404, -0.920621

265
-0.0271605, -0.000183583, 0.0176655
0.00529742, -0.00481749, -0.999974
0.00364937, 0.999982, -0.00479819
0.999979, -0.00362386, 0.00531491

266
-0.0168316, 0.0173538, -0.0492472
-0.999957, -6.74715e-06, 0.00928221
0.00656843, -0.70709, 0.707093
0.00655859, 0.707123, 0.70706

267
-0.0381112, 0.000251134, 0.0807833
0.999997, 0.00165445, 0.00154399
0.00204661, -0.952328, -0.305068
0.000965665, 0.30507, -0.952329

268
-0.0430228, -0.0185355, 0.0715109
0.00468964, 0.00133993, -0.999988
0.730651, 0.682737, 0.00434136
0.682735, -0.730663, 0.00222277

269
-0.0244632, 0.014403, 0.0994504
-0.100439, 0.0287543, -0.994528
-0.0449982, 0.998428, 0.0334115
0.993925, 0.0481078, -0.0989869

270
-0.0231371, 0.00374574, 0.035359
-0.000363263, 0.00262748, 0.999996
0.434963, -0.900445, 0.00252391
0.900448, 0.434963, -0.000815758

271
-0.0458801, 0.0153177, 0.0565331
0.00184753, -0.00606884, 0.99998
0.666404, -0.745569, -0.00575605
0.745589, 0.666401, 0.00266684

272
-0.0292984, 0.0190765, -0.0575741
-0.00193614, 0.00275049, 0.999994
0.441574, -0.897219, 0.00332276
0.897223, 0.441578, 0.000522596

273
-0.015735, 0.0065784, 0.0985777
-0.103897, 0.0551571, 0.993057
0.484697, -0.869064, 0.0989807
0.86849, 0.491616, 0.0635586

274
-0.0232161, -0.00163228, -0.0807433
0.999968, -0.00792166, -0.000564963
0.00786067, 0.977108, 0.2126
-0.00113212, -0.212598, 0.977139

275
-0.0275424, 0.000445776, -0.100476
-0.108213, 0.0852132, 0.990469
0.059573, -0.993973, 0.0920233
0.992341, 0.0689633, 0.102485

276
-0.0246312, 0.000848239, -0.0124844
-0.00133751, -0.00723214, 0.999973
0.137026, -0.990543, -0.00698066
0.990567, 0.137013, 0.00231585

277
-0.00976623, -0.0119215, 0.10023
-0.103897, 0.0551571, 0.993057
0.115445, -0.991043, 0.0671234
0.987865, 0.121617, 0.0965988

278
-0.03516, 0.0319976, -0.0126003
-0.0459013, -2.84926e-06, -0.998946
-0.998946, -1.03211e-05, 0.0459013
-1.0441e-05, 1, -2.3725e-06

279
0.045338, -0.0315778, 0.00538131
0.00330866, -0.000806378, 0.999994
-0.991502, 0.130048, 0.00338543
-0.13005, -0.991507, -0.000369242

280
-0.0188486, -0.0281228, -0.000572979
0.00141052, -2.50832e-07, -0.999999
0.922407, 0.386218, 0.00130098
0.386218, -0.922407, 0.000545

281
0.00984064, 0.0319976, 0.0744014
-0.999922, 3.1298e-06, -0.0124665
-0.0124665, -3.24872e-05, 0.999922
2.72455e-06, 1, 3.25237e-05

282
0.00127624, 0.00258225, 0.00531349
-0.00173062, -0.000257311, 0.999998
-0.308307, 0.951287, -0.000288787
-0.951285, -0.308307, -0.00172565

283
0.0422589, 0.0263135, -0.140987
0.899428, 0.437039, -0.0051652
0.0687269, -0.153092, -0.985819
-0.431632, 0.886318, -0.167731

284
-0.0321553, 0.0319959, -0.0931817
0.999975, -2.46259e-05, -0.00701946
-0.00701901, 0.00837073, -0.99994
8.33825e-05, 0.999965, 0.00837035

285
-0.0456958, 0.0174769, 0.0841992
0.99947, -0.0307897, 0.0105261
-0.0142071, -0.703947, -0.710111
0.0292739, 0.709585, -0.704011

286
-0.0799345, 0.0197572, 0.0502746
-0.0039102, -7.95782e-05, 0.999992
0.755185, 0.655505, 0.00300511
-0.6555, 0.755191, -0.00250306

287
0.0263308, -0.0080187, -0.0847412
0.00270923, -0.000981023, -0.999996
-0.139676, -0.990197, 0.000592994
-0.990194, 0.139674, -0.00281969

288
-0.0427808, 0.0281912, 0.0829517
-0.917266, -6.03059e-06, -0.398275
-0.367953, -0.382704, 0.847437
-0.152426, 0.923871, 0.351039

289
-0.0105087, 0.0173531, 0.0167526
-0.018308, -2.988e-06, 0.999832
0.706992, 0.707103, 0.0129479
-0.706985, 0.70711, -0.0129436

290
-0.0182027, -0.0159233, 0.0473854
0.000281627, 0.000130445, 1
0.0415817, -0.999135, 0.000118622
0.999135, 0.0415816, -0.000286807

291
0.0891698, 0.0281098, 0.0326098
0.00262043, 0.00345557, -0.999991
-0.92225, 0.386594, -0.00108081
0.386586, 0.922244, 0.00419994

292
0.0273254, 0.00113323, 0.0372093
-0.999938, 9.84602e-06, 0.011156
0.00427863, 0.923868, 0.382689
-0.0103029, 0.382712, -0.92381

293
-0.0203218, 0.00107163, -0.0443817
0.999994, 6.23359e-06, 0.00350849
0.00133266, 0.924377, -0.381478
