0
0.000457144, -0.0445572, 0.0456983
-0.0174446, -0.999839, -0.00422703
0.908181, -0.0140768, -0.41834
0.418214, -0.0111367, 0.90828

1
-0.0474076, 0.0439338, 0.0509106
0.999992, -0.0010262, -0.00385769
0.00388475, 0.472526, 0.881308
0.000918457, -0.881316, 0.472526

2
-0.0654947, 0.0418621, 0.0481164
0.999985, -0.00515217, -0.00162656
0.00533983, 0.896629, 0.44275
-0.000822704, -0.442752, 0.896644

3
-0.00382507, -0.0126844, 0.0633906
0.0164341, 0.482287, 0.875859
0.721164, -0.612474, 0.323724
0.692569, 0.626318, -0.357874

4
-0.00254839, 0.0422391, 0.0423006
0.999985, -0.00548253, -0.000543163
0.00517246, 0.900312, 0.435215
-0.00189706, -0.435211, 0.900326

5
-0.0184108, 0.000534202, 0.112296
0.999817, -0.000427474, -0.0191429
-0.000249173, -0.999957, 0.00931563
-0.019146, -0.00930915, -0.999773

6
0.00387044, 0.0499272, 0.0278036
-0.995511, 0.0013863, -0.0946339
0.0673646, 0.712718, -0.698208
0.0664794, -0.701449, -0.709612

7
0.091445, -0.0364665, -0.0164887
0.0315437, -0.999493, -0.00431179
-0.39539, -0.0085161, -0.918474
0.917972, 0.0306769, -0.395458

8
-0.0659195, -0.0452943, 0.110399
-0.999682, -0.000231635, 0.0252337
-0.0234508, 0.377819, -0.925582
-0.00931937, -0.925879, -0.377704

9
0.0643209, 0.0719431, -0.00355054
-0.999009, -0.0445169, 4.74809e-05
-0.000695813, 0.0166812, 0.999861
-0.0445115, 0.998869, -0.0166957

10
0.0223547, 0.0386727, 0.105966
-0.993169, -6.81205e-05, -0.116688
0.108141, -0.376198, -0.920207
-0.0438351, -0.926539, 0.373636

11
-0.0686089, 0.000761264, 0.0766276
-0.993144, -0.000964552, -0.11689
-0.000400605, 0.999988, -0.00484799
0.116893, -0.00476792, -0.993133

12
-0.0672947, 0.00530896, 0.0334644
-0.379812, -0.925044, 0.00602567
0.670968, -0.270996, 0.69019
-0.636824, 0.266186, 0.723603

13
-0.0207926, 0.0645697, -0.00494586
-0.972397, 0.23331, -0.00322947
0.007269, 0.0441242, 0.999
0.233219, 0.971401, -0.0446021

14
0.0468107, 0.0931324, 0.144341
0.000307669, -0.00813519, 0.999967
0.10266, 0.994684, 0.00806062
-0.994716, 0.102655, 0.0011412

15
-0.0055292, 0.0613101, 0.051565
0.999989, 0.00295904, 0.00365744
-0.00445452, 0.845611, 0.53378
-0.0015133, -0.533791, 0.845615

16
-0.0174437, 0.0380012, 0.0366755
0.999999, 0.000204802, 0.00115775
-0.00115932, 0.00782576, 0.999969
0.000195735, -0.999969, 0.00782599

17
-0.0141357, -0.0379212, 0.0318992
0.999938, 0.00171223, -0.0109651
-0.00909762, 0.692326, -0.721527
0.00635602, 0.721583, 0.692299

18
0.0546381, 0.0809144, 3.8575e-05
-0.998306, -0.05816, 0.00148803
0.00119973, 0.00499164, 0.999987
-0.0581666, 0.998295, -0.00491341

19
0.0735559, -0.0463739, 0.0505395
0.0152761, 0.0309098, -0.999405
-0.0120614, -0.999444, -0.0310953
-0.999811, 0.0125293, -0.0148948

20
0.0697468, 0.128002, 0.0168741
0.999992, -0.00398059, -0.000876376
0.000753279, 0.391797, -0.920051
0.00400571, 0.920043, 0.391797

21
-0.0770998, -0.0341978, 0.151102
0.86643, 0.00278095, 0.499291
-0.353189, 0.710246, 0.608941
-0.352926, -0.703949, 0.61636

22
0.00437948, -0.0352165, 0.0340967
0.00106231, -0.999971, -0.00755054
0.676262, 0.00628057, -0.736634
0.73666, -0.00432361, 0.676249

23
0.0495814, 0.00151193, 0.103488
-0.0359505, -0.00160786, 0.999352
0.0101811, 0.999946, 0.00197506
-0.999302, 0.0102455, -0.0359322

24
-0.0474854, 0.0382468, 0.032249
0.999992, -0.0010262, -0.00385769
0.00394052, 0.099292, 0.995051
-0.000638086, -0.995058, 0.0992952

25
-0.0185119, -0.0442454, 0.0502459
-0.0174446, -0.999839, -0.00422703
0.999093, -0.0172671, -0.0389122
0.038833, -0.00490201, 0.999234

26
-0.0054382, 0.0471617, 0.0381331
0.999989, 0.00295904, 0.00365744
-0.00469455, 0.57697, 0.816752
0.000306565, -0.81676, 0.576978

27
0.0394938, 0.0322354, -0.00156463
0.999999, -0.000920506, -0.00140661
0.00131071, -0.0969789, 0.995286
-0.00105258, -0.995286, -0.0969775

28
0.00484391, 0.0855132, 0.112509
-0.995567, -0.00064225, 0.0940496
0.000326672, 0.999947, 0.0102865
-0.0940512, 0.0102716, -0.995514

29
-0.0697267, 0.0041692, 0.176243
-0.997972, -0.000681625, -0.0636535
0.000140639, -0.999964, 0.008503
-0.063657, 0.0084768, 0.997936

30
0.043329, 0.0499812, 0.0187962
-0.99442, -0.000503282, -0.105495
0.0735282, 0.713781, -0.696499
0.0756508, -0.700369, -0.709761

31
0.0140621, 0.0388374, 0.00329549
0.143245, -0.989687, 0.000720876
0.000119278, 0.000745651, 1
-0.989687, -0.143245, 0.000224859

32
0.0162427, -0.0447841, 0.0342367
-0.0174446, -0.999839, -0.00422703
0.679007, -0.00874344, -0.73408
0.733925, -0.0156759, 0.67905

33
0.0695907, 0.0382669, 0.032447
0.999823, 0.00282135, 0.0186033
-0.0187951, 0.10322, 0.994481
0.000885558, -0.994655, 0.103254

34
0.0389732, -0.0482849, 0.0934394
0.0751317, 0.0159846, 0.997045
-0.982828, -0.167803, 0.0767506
0.168534, -0.985691, 0.00310275

35
0.0609591, 0.0883396, 0.0681794
-0.982121, 0.00141507, -0.188247
0.00010976, 0.999976, 0.00694428
0.188252, 0.00679946, -0.982097

36
0.0750351, 0.110965, 0.00207357
0.999947, 0.0101947, 0.00111737
0.000751763, 0.035796, -0.999359
-0.0102281, 0.999307, 0.0357864

37
0.0479394, 0.0416767, 0.135755
-0.982121, 0.00141507, -0.188247
0.17388, -0.376392, -0.909997
-0.0721424, -0.926459, 0.369417

38
0.0757074, 0.0402252, 0.0457639
0.999947, 0.0101947, 0.00111737
-0.00973725, 0.909541, 0.4155
0.0032196, -0.415489, 0.909592

39
-0.0624452, 0.0149548, 0.116608
0.0166099, -0.00866916, 0.999824
0.278936, -0.960222, -0.0129597
0.960166, 0.279102, -0.0135311

40
-0.0190134, 0.0809741, -0.0030649
-0.999512, -0.0311877, 0.00159884
0.00138024, 0.00702932, 0.999974
-0.0311981, 0.999489, -0.00698285

41
0.0490993, 0.100486, 0.0420476
0.999907, -0.0127594, -0.00483799
0.0079979, 0.835243, -0.549822
0.0110563, 0.549732, 0.835268

42
0.00338353, -0.0270056, 0.047577
0.039301, -0.0140056, -0.999129
-0.999222, -0.00381189, -0.0392512
-0.00325883, 0.999895, -0.0141445

43
-0.0724535, 0.0460291, 0.0602894
-0.000593051, 0.998944, 0.0459424
-7.67119e-05, -0.0459424, 0.998944
1, 0.000588901, 0.000103877

44
-0.00573788, -0.0389143, 0.0376734
-0.0209267, 0.999771, 0.00448988
-0.687707, -0.0111347, -0.725903
-0.725687, -0.0182785, 0.687782

45
-0.0764544, 0.00116985, 0.176183
-0.994983, -0.00135849, -0.100033
0.000500406, -0.999963, 0.0086026
-0.100041, 0.00850938, 0.994947

46
-0.0116347, 0.107993, -0.00192668
0.999991, 0.00365401, -0.00193314
-0.00199055, 0.0157744, -0.999874
-0.00362306, 0.999869, 0.0157816

47
0.0872594, -0.0362292, 0.112689
0.568092, 0.004569, 0.822953
0.672571, -0.578848, -0.461068
0.474258, 0.815422, -0.331912

48
-0.0725624, 0.0470291, 0.136849
-0.994983, -0.00135849, -0.100033
-0.0926173, 0.390531, 0.915919
0.0378217, 0.920589, -0.388697

49
0.0936865, 0.0164241, 0.0373867
0.00136345, 0.999953, -0.00956926
-0.802092, -0.0046212, -0.597182
-0.597199, 0.00848965, 0.802048

50
-0.0175115, 0.0883909, 0.0862827
0.999999, 0.000204802, 0.00115775
-0.000195735, 0.999969, -0.00782599
-0.00115932, 0.00782576, 0.999969

51
-0.007449, -0.0294953, 0.0667407
0.00858733, 0.0534255, 0.998535
-0.0103721, 0.998523, -0.0533357
-0.999909, -0.00989889, 0.00912878

52
-0.0662502, -0.0365044, 0.0386005
-0.999606, -0.0264433, 0.0093633
0.0230879, -0.585945, 0.810022
-0.0159333, 0.809919, 0.586325

53
0.000515171, 0.0350013, 0.062881
-0.995511, 0.0013863, -0.0946339
0.094642, 0.00796854, -0.995479
-0.000625934, -0.999967, -0.00806397

54
-0.0883942, 0.0398171, 0.114071
-0.00953364, -0.0021125, -0.999952
0.783605, 0.621198, -0.0087833
0.621187, -0.783651, -0.00426691

55
0.0185496, 0.0380403, 0.0461277
0.999993, 0.0034934, 0.00145371
-0.00378329, 0.916863, 0.399185
6.16584e-05, -0.399187, 0.916869

56
0.0183705, 0.107991, 0.00118064
0.999993, 0.0034934, 0.00145371
0.00139084, 0.0179328, -0.999838
-0.0035189, 0.999833, 0.0179279

57
-0.0951416, 0.12269, 0.11396
-0.00953364, -0.0021125, -0.999952
-0.873774, 0.486277, 0.00730334
0.486239, 0.873802, -0.00648184

58
0.0416342, 0.0389892, 0.0348245
-0.99442, -0.000503282, -0.105495
0.0968815, 0.391428, -0.915095
0.0417542, -0.920209, -0.389195

59
0.0178266, 0.0393683, -0.0158395
0.143245, -0.989687, 0.000720876
-0.378627, -0.0541286, 0.923965
-0.914397, -0.132627, -0.382476

60
0.0638559, -0.0339915, 0.103944
-0.0359505, -0.00160786, 0.999352
-0.699414, 0.714313, -0.0240114
-0.713812, -0.699824, -0.0268045

61
0.129218, 0.0291029, 0.1455
-0.0150929, -0.0365362, 0.999218
-0.998458, -0.0528418, -0.0170135
0.0534221, -0.997934, -0.0356823

62
-0.0487602, -0.0315563, -0.00522701
0.00857847, -0.999958, -0.00321256
-0.110249, 0.0022473, -0.993901
0.993867, 0.00888033, -0.110225

63
-0.0202599, -0.00334903, 0.0585584
0.0164341, 0.482287, 0.875859
0.931304, -0.326171, 0.16213
0.363873, 0.813026, -0.454516

64
-0.0655937, 0.0263909, 0.0362321
0.999985, -0.00515217, -0.00162656
0.00461852, 0.658944, 0.752178
-0.00280354, -0.752175, 0.658958

65
-0.0657478, -0.0507985, 0.051868
-0.999606, -0.0264433, 0.0093633
0.0274279, -0.851285, 0.523986
-0.00588509, 0.524036, 0.851676

66
-0.0174411, 0.0509975, 0.161818
0.999817, -0.000427474, -0.0191429
-0.019146, -0.00930915, -0.999773
0.000249173, 0.999957, -0.00931563

67
-0.0178084, 0.0470135, 0.142724
0.999817, -0.000427474, -0.0191429
-0.017784, -0.391267, -0.920105
-0.00709666, 0.920277, -0.391203

68
0.0699894, 0.0691853, 0.0246615
-0.963328, -0.000697216, -0.268327
0.100346, 0.926503, -0.362662
0.248858, -0.376288, -0.892456

69
0.0631829, 0.0308089, 0.00339105
0.303815, 0.952731, 0.000386545
-0.00215259, 0.000280712, 0.999998
0.952729, -0.303815, 0.00213612

70
0.0311836, 0.00745141, 0.107417
0.403541, 0.00128842, -0.914961
-0.063683, 0.997613, -0.0266824
0.912743, 0.0690349, 0.402659

71
-0.111963, -0.0412756, 0.144272
-0.0114553, 0.00742496, 0.999907
-0.922561, 0.385618, -0.0134327
-0.385682, -0.922629, 0.0024326

72
0.0879507, 0.00311225, 0.0815058
-0.00937324, -0.0158111, 0.999831
0.702203, 0.711753, 0.0178385
-0.711915, 0.702252, 0.00443116

73
-0.0170757, 0.0473698, 0.180984
0.999817, -0.000427474, -0.0191429
-0.0175933, 0.374066, -0.927235
0.00755707, 0.927402, 0.37399

74
-0.0174667, 0.0419568, 0.0557793
0.999999, 0.000204802, 0.00115775
-0.00114597, 0.389902, 0.920856
-0.000262815, -0.920856, 0.389902

75
-0.0651911, 0.11389, 0.00658009
0.999985, -0.00515217, -0.00162656
-0.00128338, 0.0659245, -0.997824
0.00524819, 0.997811, 0.0659169

76
0.0135091, -0.0347191, 0.0308457
-0.070578, -0.997502, -0.0030769
0.669719, -0.0450994, -0.741244
0.739253, -0.0543762, 0.671229

77
-0.0744335, -0.0489997, 0.126527
-0.993144, -0.000964552, -0.11689
0.116893, -0.00476792, -0.993133
0.000400605, -0.999988, 0.00484799

78
-0.0197548, 0.0869466, 0.000227551
-0.998939, -0.0460238, 0.00181092
0.00175681, 0.00121604, 0.999998
-0.0460259, 0.99894, -0.00113389

79
-0.118676, -0.029623, 0.0328638
-0.630251, -0.775099, 0.0447809
0.572491, -0.424996, 0.701165
-0.52444, 0.467547, 0.711591

80
0.117824, 0.0255677, 0.122849
-0.00598402, -0.231947, 0.97271
0.998499, 0.0515782, 0.0184417
-0.0544482, 0.97136, 0.23129

81
-0.0854162, 0.0447203, 0.123112
-0.00861687, -0.00100704, -0.999962
0.865551, 0.500758, -0.00796292
0.500747, -0.865587, -0.00344333

82
-0.0545334, -0.0288735, 0.0107986
0.999543, 0.0150678, 0.0262073
0.0211529, 0.270729, -0.962423
-0.0215967, 0.962538, 0.270287

83
-0.0666121, -0.0183772, 0.0832061
-0.999682, -0.000231635, 0.0252337
-0.00999246, 0.921854, -0.387408
-0.023172, -0.387537, -0.921563

84
0.00527857, 0.0853981, 0.0135103
-0.995511, 0.0013863, -0.0946339
0.000625934, 0.999967, 0.00806397
0.094642, 0.00796854, -0.995479

85
0.0640225, -0.0372168, -0.0431703
0.0315437, -0.999493, -0.00431179
-0.928687, -0.0277136, -0.369828
0.369521, 0.01567, -0.92909

86
0.122724, 0.0261631, 0.146329
-0.0183377, -0.0787931, 0.996722
-0.999697, 0.0178361, -0.0169824
-0.0164396, -0.996731, -0.0790963

87
-0.0139858, -0.0539147, 0.0430701
0.999938, 0.00171223, -0.0109651
-0.00597276, 0.915764, -0.401673
0.00935371, 0.401714, 0.915718

88
-0.00344486, -0.0485635, 0.0677265
0.00858733, 0.0534255, 0.998535
-0.392231, 0.918727, -0.0457823
-0.919827, -0.391264, 0.0288446

89
0.0754637, -0.0439691, 0.106007
-0.00598402, -0.231947, 0.97271
-0.432412, 0.877681, 0.206627
-0.901656, -0.419375, -0.105549

90
-0.0140744, -0.0399987, 0.0272796
0.999968, -0.00450837, -0.00662861
-0.00259851, 0.599938, -0.800042
0.00758364, 0.800034, 0.599907

91
-0.016654, 0.0178296, -0.0458879
-0.998939, -0.0460238, 0.00181092
-0.0431947, 0.922434, -0.38373
0.0159903, -0.383401, -0.923444

92
0.10369, -0.0881372, 0.101635
0.568092, 0.004569, 0.822953
-0.180776, -0.974868, 0.130204
0.802865, -0.222738, -0.552988

93
0.0295011, -0.0448637, -0.00166137
-0.0174446, -0.999839, -0.00422703
-0.038833, 0.00490201, -0.999234
0.999093, -0.0172671, -0.0389122

94
-0.0544039, -0.0435632, 0.0369882
-0.0174446, -0.999839, -0.00422703
0.733925, -0.0156759, 0.67905
-0.679007, 0.00874344, 0.73408

95
-0.0167678, 0.0366826, 0.197302
0.999817, -0.000427474, -0.0191429
-0.0133621, 0.700494, -0.713534
0.0137145, 0.713659, 0.700359

96
-0.0476154, 0.0493085, -0.00438549
0.999992, -0.0010262, -0.00385769
0.00233517, -0.633402, 0.773819
-0.00323756, -0.773822, -0.633395

97
0.0686067, 0.0931606, 0.0770083
0.999823, 0.00282135, 0.0186033
-0.000885558, 0.994655, -0.103254
-0.0187951, 0.10322, 0.994481

98
-0.104618, 0.0971082, 0.0583457
-0.979612, -0.199182, -0.0261998
0.19067, -0.962881, 0.191062
-0.0632833, 0.182171, 0.981228

99
-0.0473368, 0.0563296, 0.0659752
0.999992, -0.0010262, -0.00385769
0.00323756, 0.773822, 0.633395
0.00233517, -0.633402, 0.773819

100
-0.0021783, 0.113916, 0.000161558
0.999985, -0.00548253, -0.000543163
-0.000226755, 0.0575484, -0.998343
0.0055047, 0.998328, 0.0575462

101
-0.00384178, -0.0103517, 0.0656854
0.00858733, 0.0534255, 0.998535
0.373066, 0.926303, -0.0527692
-0.927765, 0.372973, -0.0119768

102
0.0886243, -0.0112217, 0.051857
0.0152761, 0.0309098, -0.999405
-0.715502, -0.697854, -0.0325199
-0.698444, 0.715573, 0.0114555

103
-0.0303181, -0.0353753, 0.0502372
0.00106231, -0.999971, -0.00755054
0.999087, 0.00138378, -0.0426988
0.042708, -0.00749829, 0.999059

104
0.0696615, 0.100676, 0.0436651
0.999992, -0.00398059, -0.000876376
0.00336511, 0.927611, -0.373533
0.00229982, 0.373526, 0.927617

105
-0.0594442, -0.0489997, 0.120547
0.86643, 0.00278095, 0.499291
-0.499299, 0.0044526, 0.866418
0.000186319, -0.999986, 0.00524639

106
0.089266, 0.0380175, 0.113907
0.0157501, -0.00795724, 0.999844
-0.999548, 0.0254871, 0.0159483
-0.0256101, -0.999643, -0.00755222

107
-0.063829, -0.0742502, 0.0323425
-0.630251, -0.775099, 0.0447809
0.52444, -0.467547, -0.711591
0.572491, -0.424996, 0.701165

108
0.0925089, 0.0398606, 0.0416832
0.00106333, 0.999991, 0.00407878
-0.827983, 0.0031676, -0.560744
-0.560752, -0.00278091, 0.827979

109
0.0165682, -0.0371092, 0.00385948
0.341909, -0.939512, -0.0203606
0.0177758, -0.0151965, 0.999727
-0.939565, -0.342178, 0.0115048

110
0.0229349, 0.016936, 0.0639951
0.00858733, 0.0534255, 0.998535
0.919827, 0.391264, -0.0288446
-0.392231, 0.918727, -0.0457823

111
-0.0654353, -0.0489996, 0.129547
-0.999682, -0.000231635, 0.0252337
-0.0252321, -0.00525937, -0.999668
0.000364272, -0.999986, 0.00525185

112
0.0799554, -0.0449958, 0.104505
-0.0359505, -0.00160786, 0.999352
-0.919338, 0.392128, -0.0324412
-0.391822, -0.919909, -0.0155754

113
-0.0757648, 0.0546858, 0.113919
-0.00953364, -0.0021125, -0.999952
0.486239, 0.873802, -0.00648184
0.873774, -0.486277, -0.00730334

114
0.0184769, 0.057103, 0.0502762
0.999993, 0.0034934, 0.00145371
-0.0035189, 0.999833, 0.0179279
-0.00139084, -0.0179328, 0.999838

115
-0.0664645, 0.0884691, 0.0609194
-0.947341, -0.0010927, 0.320224
0.00197132, 0.999955, 0.00924405
-0.32022, 0.00938853, -0.947297

116
-0.122214, 0.0660554, 0.18551
0.00368121, 0.711314, -0.702865
-0.999921, 0.0110403, 0.00593602
0.0119822, 0.702788, 0.711299

117
0.119141, -0.0215048, 0.0832419
0.0341745, -0.998991, -0.0291225
0.999021, 0.0333271, 0.0291019
-0.028102, -0.0300885, 0.999152

118
0.0138139, 0.0765518, 0.2074
-0.995567, -0.00064225, 0.0940496
-0.0362936, -0.9199, -0.39047
0.086767, -0.392153, 0.915799

119
0.0785098, -0.0512646, 0.106334
0.0101799, -0.105599, -0.994357
-0.277284, -0.955709, 0.0986562
-0.960734, 0.274715, -0.03901

120
-0.0707604, 0.0575964, 0.122973
-0.00861687, -0.00100704, -0.999962
0.608037, 0.793886, -0.00603907
0.793862, -0.608066, -0.00622849

121
-0.0540464, -0.0273567, -0.0086453
0.999543, 0.0150678, 0.0262073
0.0278074, -0.118226, -0.992597
-0.0118579, 0.992872, -0.118591

122
0.0076447, -0.0158891, 0.0511678
-0.0439459, -0.0566455, -0.997427
-0.384772, 0.922331, -0.0354279
0.921965, 0.382225, -0.0623283

123
-0.0696781, 0.0503542, 0.174986
-0.997972, -0.000681625, -0.0636535
-0.0587576, -0.374838, 0.925226
-0.0244904, 0.92709, 0.374038

124
0.0735479, 0.0370787, 0.0539101
-0.00749765, -0.395449, 0.918457
-0.0015076, 0.918487, 0.395449
-0.999971, 0.00158027, -0.00748267

125
0.0820468, -0.0164708, 0.0374214
0.999908, -0.0135968, -0.000104407
0.00920684, 0.68268, -0.730659
0.0100059, 0.730591, 0.682742

126
-0.0825146, -0.0179286, 0.160408
0.86643, 0.00278095, 0.499291
-0.191246, 0.925571, 0.326717
-0.461221, -0.378564, 0.802474

127
0.0771305, -0.0655451, 0.0500012
0.0152761, 0.0309098, -0.999405
0.371468, -0.92816, -0.0230283
-0.92832, -0.370895, -0.0256607

128
0.0145155, -0.0350799, 0.017428
0.00106231, -0.999971, -0.00755054
0.342877, 0.00745707, -0.939351
0.93938, -0.00159103, 0.342875

129
-0.0540174, -0.107924, 0.0365707
0.999543, 0.0150678, 0.0262073
-0.0280476, 0.785665, 0.618016
-0.011278, -0.618468, 0.785729

130
0.123471, 0.082924, 0.0740567
-0.00749765, -0.395449, 0.918457
0.999971, -0.00158027, 0.00748267
-0.0015076, 0.918487, 0.395449

131
-0.00211902, -0.0336493, 0.0424741
-0.070578, -0.997502, -0.0030769
0.90164, -0.0624753, -0.427952
0.42669, -0.0329782, 0.903796

132
-0.0777532, -0.0412317, 0.154668
-0.993144, -0.000964552, -0.11689
0.108149, -0.387084, -0.91568
-0.0443631, -0.922044, 0.384535

133
-0.0790844, 0.0205262, 0.20208
-0.994983, -0.00135849, -0.100033
-0.0378217, -0.920589, 0.388697
-0.0926173, 0.390531, 0.915919

134
0.0907907, 0.00594887, 0.0875639
-0.0091173, -0.0173286, 0.999808
0.698947, 0.714927, 0.0187648
-0.715115, 0.698984, 0.00559355

135
0.0801387, -0.010391, 0.0871836
-0.0091173, -0.0173286, 0.999808
0.37208, 0.927996, 0.019477
-0.928156, 0.372187, -0.0020132

136
-0.0794072, -0.01294, 0.168488
-0.993144, -0.000964552, -0.11689
0.0829394, -0.71047, -0.698823
-0.0823729, -0.703727, 0.705679

137
-0.0209951, -0.0323283, 0.0472227
-0.070578, -0.997502, -0.0030769
0.996294, -0.0703399, -0.0495078
0.0491677, -0.00655966, 0.998769

138
-0.0769531, 0.040666, 0.0897815
-0.00301499, 0.0142226, -0.999894
0.52676, 0.849949, 0.0105014
0.850009, -0.526673, -0.0100545

139
0.0435739, 0.0262462, -0.000806855
0.0252111, 0.999602, -0.0126551
0.0214978, -0.0131983, -0.999682
-0.999451, 0.024931, -0.021822

140
0.0634551, -0.0171246, 0.0284587
0.0130534, 0.999708, 0.0203538
-0.623358, 0.0240518, -0.781567
-0.781828, -0.0024856, 0.62349

141
-0.064472, -0.0452538, 0.144845
-0.0114553, 0.00742496, 0.999907
-0.925067, -0.379724, -0.00777822
0.37963, -0.92507, 0.0112184

142
0.0735498, -0.0323363, 0.0808102
-0.00937324, -0.0158111, 0.999831
-0.00686712, 0.999852, 0.015747
-0.999932, -0.00671836, -0.00948044

143
-0.0174223, 0.0416574, 0.0175122
0.999999, 0.000204802, 0.00115775
-0.000996164, -0.375442, 0.926845
0.000624487, -0.926846, -0.375441

144
0.0734297, 0.0260864, 0.046046
0.0252111, 0.999602, -0.0126551
-0.915145, 0.0179825, -0.402723
-0.402335, 0.0217344, 0.915235

145
0.0727711, 0.0440155, 0.143934
0.000307669, -0.00813519, 0.999967
-0.879712, 0.475489, 0.00413899
-0.475507, -0.879684, -0.00701033

146
0.0765518, -0.029564, 0.0868186
-0.0091173, -0.0173286, 0.999808
-0.0114325, 0.999786, 0.0172239
-0.999893, -0.0112732, -0.00931346

147
0.0156541, 0.0459856, -0.0467156
0.303815, 0.952731, 0.000386545
0.952729, -0.303815, 0.00213612
0.00215259, -0.000280712, -0.999998

148
0.0525292, 0.0416745, 0.0874173
-0.963328, -0.000697216, -0.268327
0.248858, -0.376288, -0.892456
-0.100346, -0.926503, 0.362662

149
0.0689133, 0.0564827, 0.066095
0.999823, 0.00282135, 0.0186033
-0.0139163, 0.776314, 0.630192
-0.012664, -0.63034, 0.776216

150
-0.00244219, 0.0611222, 0.0472014
0.999985, -0.00548253, -0.000543163
0.0055047, 0.998328, 0.0575462
0.000226755, -0.0575484, 0.998343

151
0.00781514, -0.0443524, 0.0714257
0.433204, 0.0208626, 0.901054
0.649032, -0.700895, -0.29581
0.625373, 0.712959, -0.317171

152
0.130791, 0.0164632, 0.0467545
0.00136345, 0.999953, -0.00956926
-0.989448, 0.00273541, 0.144862
0.144882, 0.00927077, 0.989406

153
-0.0174876, 0.0529221, 0.0719152
0.999999, 0.000204802, 0.00115775
-0.000958167, 0.712619, 0.701551
-0.000681355, -0.701551, 0.712618

154
-0.0461987, 0.0399709, 0.0710084
0.119357, 0.275763, 0.953786
0.988305, 0.0588259, -0.140684
-0.094903, 0.959424, -0.265517

155
-0.0917751, 0.0634354, 0.143163
0.00752548, 0.094002, 0.995544
0.83277, -0.551722, 0.0458001
0.553568, 0.828714, -0.082434

156
-0.0647222, -0.0412177, 0.15787
-0.999682, -0.000231635, 0.0252337
-0.023172, -0.387537, -0.921563
0.00999246, -0.921854, 0.387408

157
0.0186217, 0.0220162, 0.035
0.999993, 0.0034934, 0.00145371
-0.00347171, 0.694308, 0.719669
0.00150477, -0.719669, 0.694315

158
-0.0779477, 0.0497245, 0.144353
0.00752548, 0.094002, 0.995544
0.557538, -0.82686, 0.0738599
0.830118, 0.554497, -0.0586322

159
-0.0269271, 0.0374448, 0.0693271
0.119357, 0.275763, 0.953786
0.949393, -0.312808, -0.0283665
0.290529, 0.908904, -0.299143

160
-0.0685355, -0.0288766, 0.0186818
-0.070578, -0.997502, -0.0030769
0.42669, -0.0329782, 0.903796
-0.90164, 0.0624753, 0.427952

161
-0.0608889, 0.0945694, 0.122851
-0.00861687, -0.00100704, -0.999962
-0.131398, 0.99133, 0.000133943
0.991292, 0.131394, -0.00867448

162
-0.105752, 0.0309136, 0.114255
-0.00953364, -0.0021125, -0.999952
0.961674, 0.274022, -0.00974759
0.274029, -0.961721, -0.000580886

163
0.00595282, -0.0407631, 0.0962214
0.403541, 0.00128842, -0.914961
0.818894, 0.44555, 0.361798
0.408127, -0.895256, 0.178742

164
-0.0143236, -0.109997, 0.0372863
0.999968, -0.00450837, -0.00662861
0.00758364, 0.800034, 0.599907
0.00259851, -0.599938, 0.800042

165
-0.0707091, 0.0396534, 0.191266
-0.997972, -0.000681625, -0.0636535
-0.0449129, -0.701087, 0.71166
-0.0451117, 0.713075, 0.699635

166
-0.0145505, -0.0240111, -0.00374913
0.999938, 0.00171223, -0.0109651
-0.0109274, -0.0206875, -0.999726
-0.0019386, 0.999785, -0.0206675

167
-0.0385867, 0.0149194, 0.0514551
-0.0439459, -0.0566455, -0.997427
-0.99903, -0.000169183, 0.0440261
-0.00266263, 0.998394, -0.0565831

168
-0.0020361, -0.00853563, -0.0319589
0.999924, -0.0123212, -0.000555113
-0.00907846, -0.704805, -0.709343
0.00834868, 0.709294, -0.704863

169
-0.0362036, 0.0282638, 0.0425311
-0.997159, -0.0731819, 0.0178627
0.0738216, -0.902097, 0.425172
-0.015001, 0.425283, 0.904936

170
0.011498, -0.0349919, 0.0520829
-0.0439459, -0.0566455, -0.997427
-0.00266263, 0.998394, -0.0565831
0.99903, 0.000169183, -0.0440261

171
-0.0836173, -0.0489987, 0.144654
-0.0114553, 0.00742496, 0.999907
-0.999929, 0.00319018, -0.0114792
-0.00327511, -0.999967, 0.00738789

172
0.0772242, -0.0131793, 0.0811476
-0.00937324, -0.0158111, 0.999831
0.376313, 0.926314, 0.0181764
-0.926445, 0.37642, -0.00273265

173
0.0758815, 0.0244032, 0.0343517
0.999947, 0.0101947, 0.00111737
-0.00776396, 0.681305, 0.731958
0.00670081, -0.731928, 0.681349

174
0.0448869, 0.0524048, 0.151761
-0.982121, 0.00141507, -0.188247
0.133037, -0.702282, -0.699358
-0.133192, -0.711898, 0.689537

175
-0.0472565, 0.0929643, 0.0770368
0.999992, -0.0010262, -0.00385769
0.000638086, 0.995058, -0.0992952
0.00394052, 0.099292, 0.995051

176
0.0528657, -0.0162379, -0.00830461
0.0130534, 0.999708, 0.0203538
0.112055, 0.0187648, -0.993525
-0.993616, 0.0152496, -0.111777

177
0.149171, 0.0163756, 0.040217
0.00136345, 0.999953, -0.00956926
-0.858687, 0.00607496, 0.512464
0.512498, 0.00751828, 0.858655

178
-0.0953811, 0.0618017, 0.0388939
-0.974144, -0.211604, 0.0791699
0.134614, -0.82504, -0.548806
0.181448, -0.523959, 0.832192

179
0.0891787, 0.0402843, 0.140821
-0.0104848, -0.00510918, 0.999932
-0.894295, 0.447423, -0.00709103
-0.447356, -0.894308, -0.00926025

180
-0.0166439, -0.0154255, 0.0430124
-0.379812, -0.925044, 0.00602567
0.845117, -0.349629, -0.404397
0.376192, -0.148503, 0.914564

181
0.0755744, 0.0497025, 0.123735
0.000550689, -0.115554, -0.993301
-0.437042, -0.893443, 0.103695
-0.899441, 0.434058, -0.0509942

182
-0.0158312, -0.021094, 0.0502459
-0.0629259, -0.997822, -0.0197989
0.997491, -0.0622353, -0.0337532
0.0324475, -0.0218731, 0.999234

183
-0.0788572, -0.0451462, 0.0258818
0.0412435, 0.0937458, 0.994742
0.582302, -0.811288, 0.0523137
0.811926, 0.577082, -0.0880487

184
0.0770519, 0.057752, 0.147986
-0.0183377, -0.0787931, 0.996722
-0.367379, 0.927685, 0.0665766
-0.92989, -0.364954, -0.0459586

185
-0.0613039, 0.0925781, 0.151099
-0.111591, 0.0444843, -0.992758
-0.145859, 0.987445, 0.0606415
0.982992, 0.15157, -0.103701

186
0.0303807, 0.0853501, 0.037627
-0.993169, -6.81205e-05, -0.116688
-0.000885538, 0.999975, 0.00695333
0.116685, 0.00700916, -0.993144

187
0.00175683, -0.0397825, 0.0961075
0.0751317, 0.0159846, 0.997045
-0.814136, 0.578334, 0.0520769
-0.575793, -0.815644, 0.0564648

188
0.0745398, -0.0670876, 0.0629906
0.00501702, -0.00482, -0.999976
-0.198278, -0.980139, 0.00372959
-0.980133, 0.198255, -0.00587308

189
0.0441578, 0.0432554, 0.116292
0.080169, 0.256638, 0.963177
0.99626, -0.0518706, -0.0691018
0.0322265, 0.965115, -0.259836

190
-0.0115112, 0.0927927, 0.0331931
0.999991, 0.00365401, -0.00193314
-0.00396942, 0.718168, -0.695858
-0.00115435, 0.69586, 0.718177

191
0.00953013, 0.0350023, 0.16177
-0.995567, -0.00064225, 0.0940496
-0.0940512, 0.0102716, -0.995514
-0.000326672, -0.999947, -0.0102865

192
0.051541, 0.0380009, 0.116937
-0.982121, 0.00141507, -0.188247
0.188252, 0.00679946, -0.982097
-0.00010976, -0.999976, -0.00694428

193
0.0755089, 0.0592099, 0.0502522
0.999947, 0.0101947, 0.00111737
-0.0102281, 0.999307, 0.0357864
-0.000751763, -0.035796, 0.999359

194
-0.13345, 0.00115917, 0.14371
-0.0114553, 0.00742496, 0.999907
0.00327511, 0.999967, -0.00738789
-0.999929, 0.00319018, -0.0114792

195
-0.0797507, 0.0238406, 0.0798707
0.119357, 0.275763, 0.953786
0.631731, 0.720011, -0.287228
-0.765944, 0.636819, -0.0882699

196
-0.00307443, -0.0934265, -0.0180856
0.999924, -0.0123212, -0.000555113
-0.00834868, -0.709294, 0.704863
-0.00907846, -0.704805, -0.709343

197
-0.0535106, 0.0380002, 0.126049
-0.996429, 0.000739919, 0.0844308
-0.0844264, 0.00477853, -0.996418
-0.00114072, -0.999988, -0.004699

198
-0.069556, 0.0311859, 0.0569962
0.0007205, 0.0788489, 0.996886
0.0639816, -0.994848, 0.0786414
0.997951, 0.0637257, -0.00576167

199
-0.0139072, -0.072966, 0.0472706
0.999938, 0.00171223, -0.0109651
-0.0019386, 0.999785, -0.0206675
0.0109274, 0.0206875, 0.999726

200
0.03963, 0.11376, 0.0419016
0.999999, -0.000920506, -0.00140661
-0.000182528, 0.772348, -0.6352
0.0016711, 0.635199, 0.772347

201
0.0531899, -0.0176602, 0.103587
-0.0359505, -0.00160786, 0.999352
-0.37301, 0.927751, -0.011926
-0.927131, -0.373197, -0.0339529

202
-0.082099, 0.0497135, 0.153644
-0.132528, 0.112107, -0.984819
0.714382, 0.699562, -0.0165005
0.687092, -0.705724, -0.172799

203
-0.0713968, 0.0235247, 0.20222
-0.997972, -0.000681625, -0.0636535
-0.0242305, -0.920602, 0.389749
-0.0588652, 0.390501, 0.918719

204
-0.00303265, -0.0901298, -0.0159962
0.999924, -0.0123212, -0.000555113
-0.00423899, -0.385585, 0.922662
-0.0115823, -0.92259, -0.385608

205
-0.0317625, -0.0381052, 0.0185428
-0.997159, -0.0731819, 0.0178627
0.015001, -0.425283, -0.904936
0.0738216, -0.902097, 0.425172

206
0.0287032, 0.049893, 0.0519255
-0.993169, -6.81205e-05, -0.116688
0.0818823, 0.712046, -0.697342
0.0831346, -0.702133, -0.707176

207
-0.0705426, 0.055447, 0.150474
-0.111591, 0.0444843, -0.992758
0.591942, 0.805405, -0.0304478
0.798218, -0.591053, -0.116208

208
-0.0721984, -0.045285, 0.107505
-0.993144, -0.000964552, -0.11689
0.107842, 0.378274, -0.919391
0.0451033, -0.925693, -0.375577

209
0.02351, -0.0353751, 0.0141079
-0.070578, -0.997502, -0.0030769
0.33584, -0.0208576, -0.941688
0.939271, -0.0674958, 0.336473

210
0.0783582, -0.0175754, 0.0410403
0.0130534, 0.999708, 0.0203538
-0.8751, 0.0212698, -0.483474
-0.483766, -0.0115006, 0.875122

211
-0.0780538, -0.0460006, 0.042617
0.477579, -0.877829, 0.0365364
0.702239, 0.356399, -0.616311
0.527994, 0.319995, 0.786655

212
0.0077466, -0.054096, 0.0533332
-0.0439459, -0.0566455, -0.997427
0.379852, 0.922461, -0.0691241
0.924003, -0.381913, -0.0190214

213
-0.0194245, -0.0390403, 0.00193647
-0.0209267, 0.999771, 0.00448988
0.0268561, 0.00505137, -0.999627
-0.99942, -0.0207983, -0.0269556

214
-0.0736823, 0.0291435, 0.0292415
0.0311821, -0.998918, -0.034513
0.218118, 0.0404983, -0.975082
0.975424, 0.0228772, 0.219145

215
0.00543685, -0.029509, 0.0364998
0.0295609, -0.0263088, 0.999217
-0.669535, 0.741739, 0.039337
-0.742192, -0.670173, 0.00431181

216
-0.0703066, -0.0345238, 0.0913431
-0.993144, -0.000964552, -0.11689
0.0823729, 0.703727, -0.705679
0.0829394, -0.71047, -0.698823

217
0.0263612, -0.0355173, -0.00519115
-0.070578, -0.997502, -0.0030769
-0.0491677, 0.00655966, -0.998769
0.996294, -0.0703399, -0.0495078

218
-0.0139987, -0.108617, 0.0333606
0.999938, 0.00171223, -0.0109651
0.00635602, 0.721583, 0.692299
0.00909762, -0.692326, 0.721527

219
0.12598, 0.0552186, 0.131284
0.00735595, -0.260657, -0.965403
-0.998788, 0.0450655, -0.0197779
0.0486616, 0.964379, -0.26001

220
-0.129694, -0.0323938, 0.039321
0.00857847, -0.999958, -0.00321256
0.780728, 0.00469026, 0.624854
-0.624812, -0.00786842, 0.780735

221
0.0805762, -0.0486512, 0.0865245
-0.0091173, -0.0173286, 0.999808
-0.393205, 0.919368, 0.0123487
-0.919406, -0.393017, -0.0151958

222
-0.137433, -0.0324403, 0.0331541
0.00857847, -0.999958, -0.00321256
0.482193, 0.00132212, 0.876064
-0.876023, -0.00906436, 0.482184

223
-0.0843954, 0.0163699, 0.146082
-0.00377842, 0.0300163, -0.999542
0.712992, 0.700932, 0.0183538
0.701162, -0.712596, -0.0240498

224
0.0750714, -0.0294398, 0.0332374
0.0383752, -0.0629081, -0.997281
-0.413926, -0.909367, 0.0414347
-0.909501, 0.411211, -0.0609365

225
-0.0142773, -0.0305039, -0.00979159
0.999968, -0.00450837, -0.00662861
-0.00719987, -0.141489, -0.989914
0.00352502, 0.98993, -0.141517

226
-0.0184154, 0.0560574, -0.0459313
-0.998939, -0.0460238, 0.00181092
-0.0418501, 0.923365, 0.381635
-0.0192364, 0.381154, -0.924311

227
0.07338, -0.00679678, 0.114858
-0.00598402, -0.231947, 0.97271
0.331805, 0.917158, 0.220742
-0.943329, 0.324071, 0.071473

228
0.0736071, 0.00925293, 0.143295
0.00735595, -0.260657, -0.965403
-0.0486616, -0.964379, 0.26001
-0.998788, 0.0450655, -0.0197779

229
-0.034734, 0.00938427, 0.0472222
-0.997159, -0.0731819, 0.0178627
0.0739429, -0.996178, 0.0465036
0.0143912, 0.0476923, 0.998758

230
-0.00224158, -0.0247211, -0.0428489
0.999924, -0.0123212, -0.000555113
-0.0115823, -0.92259, -0.385608
0.00423899, 0.385585, -0.922662

231
-0.103314, 0.075175, 0.0535412
0.0007205, 0.0788489, 0.996886
0.946471, -0.321837, 0.0247717
0.322788, 0.943506, -0.0748601

232
-0.0734216, 0.0324938, 0.146524
-0.00377842, 0.0300163, -0.999542
0.390395, 0.920276, 0.0261602
0.92064, -0.390118, -0.0151954

233
-0.0666266, -0.0403991, 0.0278303
0.477579, -0.877829, 0.0365364
0.44673, 0.206813, -0.870437
0.756538, 0.432025, 0.490922

234
-0.0161346, -0.0390578, 0.0211661
-0.0209267, 0.999771, 0.00448988
-0.35765, -0.0032923, -0.93385
-0.933621, -0.0211482, 0.357637

235
-0.0815683, 0.0282815, 0.0470648
0.0311821, -0.998918, -0.034513
0.574794, 0.0461702, -0.816995
0.817704, 0.00563774, 0.575611

236
0.0705954, -0.0216667, 0.0318292
0.0341745, -0.998991, -0.0291225
-0.028102, -0.0300885, 0.999152
-0.999021, -0.0333271, -0.0291019

237
-0.0505521, 0.0380019, 0.107822
-0.947341, -0.0010927, 0.320224
-0.32022, 0.00938853, -0.947297
-0.00197132, -0.999955, -0.00924405

238
-0.0690461, -0.0183545, 0.0805002
-0.993144, -0.000964552, -0.11689
0.0443631, 0.922044, -0.384535
0.108149, -0.387084, -0.91568

239
-0.0777094, 0.00948113, 0.0175041
-0.379812, -0.925044, 0.00602567
0.376192, -0.148503, 0.914564
-0.845117, 0.349629, 0.404397

240
-0.02429, -0.030013, 0.086529
0.433204, 0.0208626, 0.901054
0.901141, 0.00853037, -0.433443
-0.0167291, 0.999746, -0.0151048

241
-0.0218193, 0.0600282, -0.0238911
-0.972397, 0.23331, -0.00322947
0.0959647, 0.412504, 0.905887
0.212684, 0.880572, -0.423508

242
0.0245907, 0.0350009, 0.0869366
-0.993169, -6.81205e-05, -0.116688
0.116685, 0.00700916, -0.993144
0.000885538, -0.999975, -0.00695333

243
-0.0652226, 0.0969468, 0.0408932
0.999985, -0.00515217, -0.00162656
0.00280354, 0.752175, -0.658958
0.00461852, 0.658944, 0.752178

244
0.00811164, -0.0603089, 0.0893907
0.0164341, 0.482287, 0.875859
-0.363873, -0.813026, 0.454516
0.931304, -0.326171, 0.16213

245
0.0983234, -0.0504085, 0.10513
0.568092, 0.004569, 0.822953
0.439883, -0.846835, -0.298954
0.695539, 0.531836, -0.48309

246
-0.0181216, 0.0360243, 0.126608
0.999817, -0.000427474, -0.0191429
-0.0137145, -0.713659, -0.700359
-0.0133621, 0.700494, -0.713534

247
0.0718136, -0.0506127, 0.124884
-0.000357332, -0.662743, -0.748847
-0.223706, -0.729816, 0.646007
-0.974657, 0.167752, -0.147999

248
-0.0494268, -0.002436, -0.0527033
0.896331, -0.442825, 0.0222706
-0.442909, -0.896566, -0.00128371
0.0205355, -0.00871319, -0.999751

249
0.111307, 0.0164803, 0.0457606
0.00136345, 0.999953, -0.00956926
-0.969575, -0.00102058, -0.244794
-0.244792, 0.00961187, 0.969528

250
-0.0175033, 0.0692276, 0.0826265
0.999999, 0.000204802, 0.00115775
-0.000624487, 0.926846, 0.375441
-0.000996164, -0.375442, 0.926845

251
0.0798036, -0.0372868, 0.113087
-0.000357332, -0.662743, -0.748847
-0.579662, -0.610066, 0.540196
-0.814857, 0.434271, -0.383949

252
0.0956332, -0.118483, 0.0633442
0.00501702, -0.00482, -0.999976
0.829647, -0.558246, 0.00685327
-0.558266, -0.829661, 0.00119816

253
0.0746377, 0.0537786, 0.0951984
0.00458329, -0.0442049, -0.999012
-0.396147, -0.917368, 0.0387748
-0.918176, 0.395578, -0.0217162

254
-0.122457, 0.0437025, 0.110231
-0.000593051, 0.998944, 0.0459424
-1, -0.000588901, -0.000103877
-7.67119e-05, -0.0459424, 0.998944

255
0.0626577, -0.0192405, -0.0467021
0.341909, -0.939512, -0.0203606
-0.939565, -0.342178, 0.0115048
-0.0177758, 0.0151965, -0.999727

256
-0.0475584, 0.0401341, 0.0128316
0.999992, -0.0010262, -0.00385769
0.00339638, -0.289058, 0.957305
-0.00209749, -0.957311, -0.289053

257
0.0331138, -0.0209232, 0.0326871
0.999808, -0.00482172, 0.0190164
0.0176066, 0.648097, -0.761354
-0.00865345, 0.761542, 0.648057

258
0.112231, -0.0220775, 0.0996108
-0.000357332, -0.662743, -0.748847
-0.986074, -0.124306, 0.110483
-0.166308, 0.738458, -0.653469

259
-0.014334, -0.0274205, 0.0154585
0.999938, 0.00171223, -0.0109651
-0.0108375, 0.363488, -0.931536
0.00239069, 0.931597, 0.363484

260
0.0492201, 0.121966, 0.0103763
0.999907, -0.0127594, -0.00483799
-0.00216261, 0.201887, -0.979406
0.0134733, 0.979326, 0.201841

261
-0.0318966, -0.0417835, 0.0463964
0.039301, -0.0140056, -0.999129
-0.704252, -0.709728, -0.0177531
-0.708861, 0.704337, -0.0377565

262
0.0693782, 0.0356191, 0.0159609
0.999992, -0.00398059, -0.000876376
0.00229982, 0.373526, 0.927617
-0.00336511, -0.927611, 0.373533

263
-0.0666447, -0.0230816, 0.116348
0.0166099, -0.00866916, 0.999824
-0.481703, -0.876335, 0.000404018
0.876177, -0.481625, -0.0187318

264
0.0156016, -0.03118, 0.000764869
0.283342, -0.958777, -0.0215444
0.0153261, -0.0179353, 0.999722
-0.958897, -0.283593, 0.00961247

265
-0.067176, 0.113038, 0.122886
-0.00861687, -0.00100704, -0.999962
-0.500747, 0.865587, 0.00344333
0.865551, 0.500758, -0.00796292

266
-0.0569395, -0.0297454, 0.0343464
-0.070578, -0.997502, -0.0030769
0.739253, -0.0543762, 0.671229
-0.669719, 0.0450994, 0.741244

267
0.104093, -0.0686362, 0.101248
0.568092, 0.004569, 0.822953
0.140228, -0.985898, -0.0913269
0.81093, 0.167283, -0.560721

268
-0.0667151, 0.000736691, 0.0793009
-0.999682, -0.000231635, 0.0252337
-0.000364272, 0.999986, -0.00525185
-0.0252321, -0.00525937, -0.999668

269
0.13346, -0.0279934, 0.0630978
0.00501702, -0.00482, -0.999976
-0.980133, 0.198255, -0.00587308
0.198278, 0.980139, -0.00372959

270
0.0448465, -0.0378068, -0.0467105
0.0315437, -0.999493, -0.00431179
-0.999404, -0.0316007, 0.0138708
-0.014, 0.00387169, -0.999894

271
-0.0112551, 0.0220912, 0.0320772
0.999991, 0.00365401, -0.00193314
-0.00115435, 0.69586, 0.718177
0.00396942, -0.718168, 0.695858

272
-0.0566717, 0.0419874, 0.0897315
-0.947341, -0.0010927, 0.320224
-0.29509, 0.39134, -0.87165
-0.124364, -0.920245, -0.371055

273
0.07386, -0.0221156, 0.0510579
0.0341745, -0.998991, -0.0291225
0.356346, -0.0150444, 0.934233
-0.933729, -0.0423046, 0.355472

274
0.0686952, 0.0737359, 0.075199
0.999823, 0.00282135, 0.0186033
-0.00801073, 0.958441, 0.285177
-0.0170255, -0.285275, 0.958294

275
0.104482, -0.00539865, 0.0358737
-0.00749765, -0.395449, 0.918457
-0.924429, 0.35295, 0.144419
-0.381279, -0.847966, -0.368211

276
0.0813126, -0.0705568, 0.0501
0.999908, -0.0135968, -0.000104407
0.0127676, 0.936228, 0.35116
-0.00467691, -0.351129, 0.936315

277
0.0809297, -0.0985153, 0.0239726
0.999908, -0.0135968, -0.000104407
0.00572096, 0.413727, 0.910383
-0.0123351, -0.910299, 0.413767

278
-0.0548439, -0.071089, 0.0469141
0.999543, 0.0150678, 0.0262073
-0.0118579, 0.992872, -0.118591
-0.0278074, 0.118226, 0.992597

279
-0.140855, 0.0483054, 0.123586
-0.00861687, -0.00100704, -0.999962
0.793862, -0.608066, -0.00622849
-0.608037, -0.793886, 0.00603907

280
0.103859, -0.0929289, 0.0495628
0.0152761, 0.0309098, -0.999405
0.919089, -0.394046, 0.00186133
-0.393754, -0.918571, -0.0344283

281
0.0760232, -0.0330873, 0.0343174
0.0295609, -0.0263088, 0.999217
-0.742192, -0.670173, 0.00431181
0.669535, -0.741739, -0.039337

282
-0.123351, 0.0396921, 0.123444
-0.00861687, -0.00100704, -0.999962
0.966119, -0.257973, -0.00806543
-0.257955, -0.966152, 0.00319583

283
-0.054965, -0.0525412, 0.0408671
0.999543, 0.0150678, 0.0262073
-0.000313825, 0.872051, -0.489414
-0.0302285, 0.489182, 0.871658

284
0.0814459, 0.057464, 0.145816
-0.0150929, -0.0365362, 0.999218
-0.431449, 0.901749, 0.0264554
-0.902011, -0.430712, -0.0293735

285
0.0706129, -0.0484049, 0.0342622
0.0383752, -0.0629081, -0.997281
-0.0343666, -0.997509, 0.0616001
-0.998672, 0.0319093, -0.0404416

286
0.104974, 0.124087, 0.148607
-0.0150929, -0.0365362, 0.999218
0.902011, 0.430712, 0.0293735
-0.431449, 0.901749, 0.0264554

287
-0.00233773, 0.0804434, 0.0445028
0.999985, -0.00548253, -0.000543163
0.00499891, 0.944357, -0.328883
0.00231605, 0.328876, 0.94437

288
0.0712428, -0.0652156, 0.137808
-0.000357332, -0.662743, -0.748847
0.166308, -0.738458, 0.653469
-0.986074, -0.124306, 0.110483

289
0.00773179, 0.0390047, 0.142761
-0.995567, -0.00064225, 0.0940496
-0.086767, 0.392153, -0.915799
-0.0362936, -0.9199, -0.39047

290
0.127348, 0.0375623, 0.141208
-0.0104848, -0.00510918, 0.999932
-0.94869, -0.315996, -0.0115621
0.316033, -0.948747, -0.00153387

291
0.0924716, 0.0256596, 0.0502683
0.0252111, 0.999602, -0.0126551
-0.999451, 0.024931, -0.021822
-0.0214978, 0.0131983, 0.999682

292
-0.0373533, -0.082258, 0.0740647
-0.996301, -0.0294415, 0.080727
0.0256671, -0.998546, -0.0474013
0.0820052, -0.0451539, 0.995608

293
-0.110074, 0.0215098, 0.0696016
0.0500967, -0.995145, -0.0847127
0.967569, 0.0693847, -0.24289
0.247588, -0.0697975, 0.966348

294
-0.0183332, 0.019703, 0.115922
0.999817, -0.000427474, -0.0191429
-0.00755707, -0.927402, -0.37399
-0.0175933, 0.374066, -0.927235

295
-0.0458844, -0.015967, -0.0526804
-0.221455, 0.975081, 0.0132111
0.974665, 0.220884, 0.0351779
0.0313831, 0.0206667, -0.999294

296
0.0810861, -0.0871344, 0.0398172
0.999908, -0.0135968, -0.000104407
0.0100059, 0.730591, 0.682742
-0.00920684, -0.68268, 0.730659

297
0.122943, -0.0969725, 0.0497295
0.0152761, 0.0309098, -0.999405
0.999811, -0.0125293, 0.0148948
-0.0120614, -0.999444, -0.0310953

