0
0.0286692, 0.0661654, 0.0183455
0.00329441, -0.999994, 0.000625845
0.372232, 0.000645416, -0.92814
0.928134, 0.00329063, 0.372232

1
-0.000746337, -0.0807764, 0.140885
4.18293e-05, 0.00388311, -0.999992
-0.784462, -0.620173, -0.00244103
-0.620177, 0.784456, 0.00302021

2
0.0322591, 0.0661652, -0.000830432
0.00329441, -0.999994, 0.000625845
-0.0112843, -0.000662984, -0.999936
0.999931, 0.00328714, -0.0112864

3
0.0330685, -0.0408092, -0.000439886
0.443791, -0.896126, -0.00280974
-0.00436145, 0.00097547, -0.99999
0.89612, 0.443799, -0.0034755

4
0.0376448, -0.0383273, -0.000478568
0.37343, -0.927655, -0.00260817
-0.00491573, 0.0008327, -0.999988
0.927645, 0.373438, -0.00424914

5
0.0159671, -0.0700524, 0.311518
-0.0485753, -0.00655357, -0.998798
-0.997764, -0.0456426, 0.0488245
-0.0459077, 0.998936, -0.00432181

6
-0.0316257, -0.122281, 0.314175
-0.0485753, -0.00655357, -0.998798
0.0459077, -0.998936, 0.00432181
-0.997764, -0.0456426, 0.0488245

7
0.045044, -0.0322368, 0.253592
0.000217743, -0.997165, 0.0752501
0.99999, 0.000545949, 0.004341
-0.00436977, 0.0752484, 0.997155

8
-0.0286281, -0.0721265, -0.00656879
-0.00254852, 0.999997, -5.93626e-05
0.0660536, 0.000109106, -0.997816
-0.997813, -0.00254688, -0.0660536

9
0.0451668, 0.0428659, 0.194131
0.000259491, -0.869881, 0.493262
0.999989, 0.00258754, 0.00403713
-0.00478815, 0.493255, 0.869871

10
-0.0506341, 0.0329231, 0.144367
0.00152507, 0.432664, 0.901554
-0.999997, -0.00120439, 0.00226959
0.00206779, -0.901554, 0.432661

11
-0.0347128, -0.121542, 0.290438
0.00589779, 0.000481945, -0.999982
0.0308571, -0.999524, -0.000299732
-0.999506, -0.0308548, -0.00590985

12
-0.0506149, -0.0615246, 0.198669
0.00212779, -0.821286, 0.570513
-0.999995, -0.00314563, -0.000798726
0.00245061, -0.570509, -0.821288

13
-0.0536644, 0.0522203, 0.106593
0.000269352, -0.502823, -0.864389
-0.999999, 0.00112824, -0.000967916
0.00146193, 0.864388, -0.502822

14
-0.0537772, -0.101903, 0.0938177
-0.00576745, -0.878306, 0.478064
-0.999983, 0.00544519, -0.00205999
-0.000793843, -0.478067, -0.878323

15
-0.0506658, -0.0337439, 0.159785
-0.00209353, -0.99898, -0.045109
-0.999997, 0.00215605, -0.00133746
0.00143335, 0.045106, -0.998981

16
-0.0537516, 0.0189606, 0.108743
-0.000487162, -0.999816, -0.0191943
-1, 0.000481627, 0.000292946
-0.000283648, 0.0191945, -0.999816

17
-0.0536573, -0.05169, 0.121225
-0.00194314, -0.810175, -0.586186
-0.999997, 0.00251437, -0.000160257
0.00160372, 0.586183, -0.810177

18
-0.0154782, 0.022895, 0.134674
-0.00176757, -0.929804, -0.368051
0.709022, 0.258379, -0.656147
0.705184, -0.262116, 0.658794

19
0.0451087, 0.0451156, 0.196926
0.00148533, -0.915394, 0.402557
0.999993, 0.00273606, 0.00253195
-0.00341915, 0.402551, 0.915391

20
0.0451987, 0.0769369, 0.170441
0.00114923, -0.948276, 0.317445
0.999996, 0.0019008, 0.00205786
-0.00255482, 0.317442, 0.948274

21
-0.0390901, -0.12014, 0.296006
0.254564, -0.00203705, -0.967054
0.00219847, -0.999994, 0.00268515
-0.967053, -0.00280958, -0.254558

22
-0.0506296, -0.0597198, 0.196526
0.00137401, -0.804157, 0.594416
-0.999997, -0.00238741, -0.000918294
0.00215756, -0.594412, -0.804157

23
-0.0536879, 0.00430722, 0.211705
0.00116383, 0.999426, 0.0338711
-0.999999, 0.00112956, 0.00103108
0.000992224, -0.0338722, 0.999426

24
0.0608438, -0.0994608, 0.152014
-0.0159325, 0.000289853, -0.999873
-0.410711, 0.91174, 0.00680879
0.911626, 0.410768, -0.0144072

25
0.0228851, -0.126123, 0.243047
-0.0063698, -0.000470785, 0.99998
-0.122472, -0.992471, -0.00124739
0.992451, -0.122478, 0.00626418

26
-0.0480862, -0.0580759, 0.234532
-0.000634992, -0.0159516, 0.999873
0.998593, -0.0530283, -0.000211817
0.0530249, 0.998466, 0.0159629

27
0.0452251, -0.0340265, 0.226388
-0.00448803, -0.0330763, 0.999443
0.99999, 0.000599479, 0.00451033
-0.00074833, 0.999453, 0.0330733

28
-0.0314729, 0.0293755, 0.0330182
0.000936344, -0.969232, -0.246147
-0.922795, 0.0940009, -0.373649
0.385291, 0.227493, -0.894314

29
0.000345798, -0.120095, 0.258734
0.999999, -9.2182e-06, 0.00166528
-1.23994e-05, -0.999998, 0.00191029
0.00166525, -0.00191031, -0.999997

30
0.0450237, -0.0682134, 0.271054
0.00209004, -0.986412, -0.164277
0.999986, 0.00127706, 0.00505425
-0.00477578, -0.164285, 0.986401

31
0.0480893, -0.0591807, 0.157266
0.000209657, -0.990658, 0.136372
0.999994, 0.000680197, 0.00340383
-0.00346479, 0.13637, 0.990652

32
0.0509625, -0.0428553, 0.247065
0.00207275, -0.986642, 0.162892
0.99998, 0.00302261, 0.00558363
-0.0060014, 0.162877, 0.986628

33
0.00204784, 0.0963793, 0.0618751
-0.00890716, -0.290097, 0.956956
0.381577, 0.883593, 0.271409
-0.924294, 0.36757, 0.102824

34
0.000529328, 0.0360545, 0.0467331
0.781645, 0.623704, -0.00484066
-0.6237, 0.78166, 0.00248852
0.00533585, 0.00107398, 0.999985

35
0.0449375, -0.0237775, 0.161359
-0.000919146, -0.952533, 0.304435
0.999978, 0.00110382, 0.00647283
-0.00650162, 0.304434, 0.952511

36
0.044746, -0.00281003, 0.165588
-0.00280653, -0.797139, 0.603789
0.999943, 0.00400104, 0.00993022
-0.0103315, 0.603783, 0.797082

37
0.00723803, -0.0875318, 0.14066
0.00569363, 0.00438789, -0.999974
-0.649325, -0.760479, -0.00703409
-0.76049, 0.649348, -0.00148072

38
0.0511911, -0.0738776, 0.300935
0.000713986, -0.880103, 0.474782
0.999988, 0.00288979, 0.003853
-0.00476306, 0.474774, 0.880095

39
5.10599e-05, 0.077649, 0.0358864
-0.00242244, 0.0122701, 0.999922
-0.42704, 0.904151, -0.0121295
-0.904229, -0.427036, 0.00304957

40
0.0237233, 0.148565, 0.0958786
-0.0048511, -0.00605406, 0.99997
0.871268, 0.490756, 0.00719788
-0.490784, 0.871276, 0.002894

41
-0.00150179, -0.079102, 0.266914
-0.00383203, 0.00171812, -0.999991
-0.817943, -0.575295, 0.00214598
-0.575286, 0.817944, 0.00360987

42
-0.0506485, 0.00132632, 0.0468117
0.00176168, -0.978444, -0.206507
-0.999997, -0.00135613, -0.0021054
0.00177997, 0.20651, -0.978443

43
-0.0507449, -0.0307997, 0.028005
-0.00110829, -0.994578, -0.103989
-0.999999, 0.00108681, 0.000263254
-0.00014881, 0.103989, -0.994578

44
-0.00209025, -0.0764965, 0.242911
-0.0063698, -0.000470785, 0.99998
0.870038, -0.492957, 0.00531
0.492944, 0.870054, 0.00354964

45
-0.0182448, -0.0589154, 0.122301
-0.00205027, -0.777665, -0.628675
-0.704346, 0.447392, -0.551123
0.709854, 0.441675, -0.548663

46
0.000263155, -0.0699993, 0.308638
0.999999, -9.2182e-06, 0.00166528
0.00166525, -0.00191031, -0.999997
1.23994e-05, 0.999998, -0.00191029

47
-0.00186363, -0.0898318, 0.173812
-6.51163e-05, -0.00251303, 0.999997
0.60335, -0.797474, -0.00196479
0.797477, 0.603348, 0.00156816

48
0.04849, -0.0110475, 0.0493864
-0.00559104, 0.98694, -0.160991
0.999974, 0.00625054, 0.00359032
0.00454971, -0.160967, -0.986949

49
0.0454155, 0.0780673, 0.0407841
-0.00392669, 0.799001, 0.601317
0.999988, 0.00129733, 0.00480624
0.00306008, 0.601329, -0.798996

50
-0.0347077, -0.121529, 0.15353
-0.0159325, 0.000289853, -0.999873
0.0305837, -0.999532, -0.00077709
-0.999405, -0.0305922, 0.0159162

51
0.00940776, 0.0240059, 0.0497337
0.00492636, -0.999988, 8.76845e-05
0.999984, 0.00492609, -0.00290494
0.00290447, 0.000101994, 0.999996

52
-0.0171732, 0.066034, 0.0497307
0.00329441, -0.999994, 0.000625845
0.999931, 0.00328714, -0.0112864
0.0112843, 0.000662984, 0.999936

53
-0.0286663, -0.0768387, 0.317669
0.0937317, -0.121634, 0.988139
0.86011, -0.489974, -0.1419
0.501423, 0.863209, 0.0586924

54
-0.0536787, -0.0363512, 0.0100539
0.00116065, -0.993599, -0.112959
-0.999999, -0.00102043, -0.00129909
0.0011755, 0.11296, -0.993599

55
0.040384, -0.055625, 0.105076
0.00362625, 0.00749961, -0.999965
-0.987501, -0.15754, -0.00476258
-0.15757, 0.987484, 0.0068346

56
-0.0175702, -0.134556, 0.278394
0.00550876, 0.00521888, -0.999971
0.29117, -0.956665, -0.00338884
-0.956656, -0.291143, -0.00678962

57
-0.000881063, -0.0720529, 0.0415631
-0.00254852, 0.999997, -5.93626e-05
-0.896581, -0.00231125, -0.442873
-0.442872, -0.00107545, 0.896584

58
-0.0377298, -0.120666, 0.114299
-0.0112941, -0.000103661, -0.999936
0.0133394, -0.999911, -4.70077e-05
-0.999847, -0.0133391, 0.0112945

59
0.0448241, -0.0163231, -0.00351953
0.453504, -0.891245, -0.00410145
-0.0063773, 0.00135679, -0.999979
0.891231, 0.453521, -0.00506843

60
0.00330852, 0.0821393, 0.0425262
0.999972, -0.00583145, -0.00459872
0.00736942, 0.855827, 0.51721
0.000919623, -0.51723, 0.855846

61
0.0396764, 0.0563489, 0.183972
0.000471344, -0.911965, 0.410267
0.922412, 0.158844, 0.352028
-0.386206, 0.37827, 0.841283

62
0.0289187, 0.00431695, 0.144256
-0.00559104, 0.98694, -0.160991
-0.922114, -0.0673742, -0.381006
-0.386877, 0.146322, 0.910448

63
-0.0535704, -0.109621, 0.231004
-0.00416444, -0.774612, 0.632423
-0.999986, 0.00111312, -0.00522141
0.0033406, -0.632436, -0.774605

64
0.048075, -0.0569288, 0.235408
0.00325922, -0.933493, -0.358582
0.999988, 0.00169722, 0.00467074
-0.00375151, -0.358593, 0.933487

65
-0.0284389, 0.131442, 0.0623384
-0.0085182, -0.00512003, 0.999951
0.108779, 0.994048, 0.00601645
-0.994029, 0.108825, -0.00791054

66
-0.0470322, -0.0707488, 0.32016
0.0937317, -0.121634, 0.988139
0.986524, -0.122341, -0.108638
0.134105, 0.985006, 0.108528

67
0.0105596, -0.0790589, 0.107926
0.00328485, 0.00699675, -0.99997
-0.818808, -0.574028, -0.00670619
-0.574058, 0.818805, 0.0038434

68
-0.0195573, 0.092618, 0.0358191
-0.00675027, -0.999967, -0.00441015
0.781712, -0.00252653, -0.623634
0.623603, -0.00765716, 0.781704

69
0.0313271, 0.0637637, 0.174674
0.000802355, -0.885833, 0.464003
0.92275, 0.179482, 0.341055
-0.385398, 0.427885, 0.817547

70
0.0366463, -0.153629, 0.104327
0.00362625, 0.00749961, -0.999965
0.972632, -0.232346, 0.00178457
-0.232324, -0.972604, -0.00813691

71
-0.00278234, 0.0821641, 0.0623046
-0.0085182, -0.00512003, 0.999951
-0.876735, 0.480947, -0.00500599
-0.480897, -0.876735, -0.00858571

72
-0.00373804, -0.0659055, 0.0385139
-0.00221634, 0.996868, -0.0790547
0.00423868, 0.0790635, 0.996861
0.999989, 0.00187429, -0.00440063

73
0.048015, 0.0507984, 0.154458
0.000437797, -0.934502, 0.355957
0.999988, 0.00217153, 0.00447106
-0.00495119, 0.35595, 0.934492

74
0.0449008, 0.0725469, 0.111813
-0.00174231, -0.981605, 0.190914
0.999972, -0.000329063, 0.00743398
-0.00723441, 0.190921, 0.981579

75
-0.0262601, -0.0641831, 0.0460086
0.37343, -0.927655, -0.00260817
0.858914, 0.344693, 0.378753
-0.350453, -0.143678, 0.925494

76
-0.046866, 0.144098, 0.145369
-0.00477264, 0.272817, -0.962054
-0.999837, 0.0154666, 0.00934607
0.0174295, 0.961941, 0.272699

77
-0.0536188, -0.0639142, 0.0944745
-0.00252041, 0.994813, -0.101693
-0.999994, -0.00226592, 0.002618
0.00237399, 0.101699, 0.994812

78
-0.052213, -0.061021, 0.119782
-0.00244066, -0.00102723, 0.999996
0.999561, 0.0295092, 0.00246991
-0.0295116, 0.999564, 0.000954756

79
-0.00373777, -0.0688859, 0.044603
-0.00252041, 0.994813, -0.101693
0.00237399, 0.101699, 0.994812
0.999994, 0.00226592, -0.002618

80
-0.0130049, -0.155964, 0.258156
-0.00726407, 0.00472934, 0.999962
-0.71931, -0.694686, -0.00193979
0.694651, -0.719297, 0.00844811

81
-0.0535255, -0.062046, 0.0885769
-0.00221634, 0.996868, -0.0790547
-0.999989, -0.00187429, 0.00440063
0.00423868, 0.0790635, 0.996861

82
0.0607991, -0.0993497, 0.164883
0.00315543, 0.000275207, -0.999995
-0.412988, 0.910736, -0.00105252
0.910731, 0.412989, 0.00298742

83
0.0449559, 0.0680265, 0.141502
0.000407495, -0.975382, 0.22052
0.999981, 0.00174996, 0.00589242
-0.00613327, 0.220513, 0.975365

84
0.00915261, -0.0699995, 0.3086
0.254564, -0.00203705, -0.967054
-0.967053, -0.00280958, -0.254558
-0.00219847, 0.999994, -0.00268515

85
0.00907818, -0.0901575, 0.209683
0.00220809, 0.00156488, -0.999996
-0.536831, -0.843686, -0.00250565
-0.843687, 0.536834, -0.00102286

86
0.0592617, 0.0242471, -0.000411358
0.00492636, -0.999988, 8.76845e-05
-0.00290447, -0.000101994, -0.999996
0.999984, 0.00492609, -0.00290494

87
0.0492504, -0.0551803, 0.30387
0.0300587, 0.082103, -0.99617
-0.999353, 0.022168, -0.0283277
0.0197573, 0.996377, 0.0827162

88
-0.0154749, 0.0128816, 0.136919
-0.000921223, -0.823844, -0.566816
0.708958, 0.399209, -0.581387
0.705251, -0.402384, 0.583703

89
-0.0505282, -0.0604307, 0.0886674
-0.00195883, 0.998678, -0.0513615
-0.999989, -0.00174124, 0.00428086
0.00418576, 0.0513694, 0.998671

90
-0.0317113, -0.0628089, 0.135387
0.00115712, 0.764747, -0.64433
0.924771, 0.244364, 0.291694
0.380523, -0.596195, -0.706933

91
0.0451404, -0.052116, 0.10577
-0.00329934, 0.999285, 0.0376715
0.999992, 0.00338899, -0.00231615
-0.00244216, 0.0376635, -0.999287

92
-0.0342024, 0.107566, 0.03766
-0.0232084, 0.000260095, 0.999731
-0.368599, 0.929547, -0.00879874
-0.929299, -0.368704, -0.0214774

93
-0.0500926, -0.136868, 0.272166
-0.00435858, -0.0714183, 0.997437
-0.999907, -0.0125523, -0.00526815
0.0128964, -0.997367, -0.0713569

94
-0.036349, 0.0659686, 0.0461409
0.00329441, -0.999994, 0.000625845
0.928134, 0.00329063, 0.372232
-0.372232, -0.000645416, 0.92814

95
-0.00555511, 0.0992931, 0.0391857
-0.0582748, -0.993366, -0.0991333
0.795119, 0.0138606, -0.606295
0.603647, -0.114155, 0.789037

96
0.0425263, -0.0270725, -0.0231911
-0.000879096, 0.999999, -0.00141976
0.998501, 0.000800081, -0.0547265
-0.0547253, -0.00146574, -0.9985

97
0.0179599, -0.0720046, 0.0466247
-0.00254852, 0.999997, -5.93626e-05
-0.997813, -0.00254688, -0.0660536
-0.0660536, -0.000109106, 0.997816

98
-0.0206139, -0.0703756, 0.242796
-0.0063698, -0.000470785, 0.99998
0.992451, -0.122478, 0.00626418
0.122472, 0.992471, 0.00124739

99
0.04472, 0.0241786, 0.0349864
0.00492636, -0.999988, 8.76845e-05
0.705041, 0.00341115, -0.709158
0.709149, 0.00355539, 0.70505

100
0.0404135, -0.0681904, 0.209786
0.00220809, 0.00156488, -0.999996
-0.976173, -0.216977, -0.00249503
-0.21698, 0.976175, 0.00104849

101
-0.024603, -0.108754, -0.00738899
-0.184492, 0.975349, -0.12107
0.104045, -0.10311, -0.989213
-0.977311, -0.195098, -0.0824575

102
-0.0215291, -0.130924, 0.266902
-0.00383203, 0.00171812, -0.999991
0.218482, -0.975838, -0.00251386
-0.975833, -0.21849, 0.00336406

103
-0.00373769, 0.0450493, 0.0505925
0.00104383, 0.77299, 0.634418
0.00280059, -0.634418, 0.772985
0.999996, 0.00096988, -0.00282706

104
0.0190603, -0.0938437, 0.0461946
-0.184492, 0.975349, -0.12107
-0.977311, -0.195098, -0.0824575
-0.104045, 0.10311, 0.989213

105
-0.0748338, -0.0925937, 0.320108
0.0937317, -0.121634, 0.988139
0.792404, 0.609996, -7.81181e-05
-0.602752, 0.783013, 0.153559

106
0.0180144, 0.0661405, 0.0346879
0.00329441, -0.999994, 0.000625845
0.699079, 0.00185556, -0.715042
0.715037, 0.00279316, 0.699081

107
0.0166241, -0.0718956, 0.14092
4.18293e-05, 0.00388311, -0.999992
-0.96208, -0.272767, -0.00109943
-0.272769, 0.962072, 0.00372445

108
0.0555113, 0.0242303, 0.0187338
0.00492636, -0.999988, 8.76845e-05
0.379994, 0.0017909, -0.924987
0.924976, 0.00459014, 0.379998

109
0.0225611, -0.0760574, 0.209735
0.00220809, 0.00156488, -0.999996
-0.818832, -0.574027, -0.00270635
-0.574029, 0.818835, 1.38743e-05

110
0.00831481, 0.0298625, 0.0358031
-0.00211387, 0.999996, 0.00179135
-0.601388, 0.00015996, -0.798957
-0.798954, -0.00276618, 0.601385

111
0.0510768, -0.0664759, 0.0946698
-0.00191332, -0.998724, 0.0504584
0.999991, -0.00172345, 0.00380601
-0.00371419, 0.0504652, 0.998719

112
-0.0567915, -0.0695177, 0.321238
0.0937317, -0.121634, 0.988139
0.962749, 0.263917, -0.0588368
-0.25363, 0.956845, 0.14184

113
0.0005814, -0.039067, 0.0467328
0.453504, -0.891245, -0.00410145
0.891231, 0.453521, -0.00506843
0.0063773, -0.00135679, 0.999979

114
-0.00973715, 0.0239113, 0.0459833
0.00492636, -0.999988, 8.76845e-05
0.924976, 0.00459014, 0.379998
-0.379994, -0.0017909, 0.924987

115
0.0511096, 0.0195298, 0.139533
0.00267022, -0.995991, -0.089413
0.999992, 0.00238602, 0.00328529
-0.00305877, -0.089421, 0.995989

116
-0.0259895, 0.0238303, 0.0351918
0.00492636, -0.999988, 8.76845e-05
0.709149, 0.00355539, 0.70505
-0.705041, -0.00341115, 0.709158

117
-0.0340797, -0.155137, 0.232992
-0.000634992, -0.0159516, 0.999873
-0.942871, -0.333104, -0.00591303
0.333156, -0.942755, -0.0148288

118
0.0012633, -0.0150355, 0.0504605
0.00109903, -0.997648, -0.0685431
-0.00540434, -0.0685481, 0.997633
-0.999985, -0.000725999, -0.00546696

119
0.0287244, -0.13302, 0.209165
0.00563954, 0.00996501, -0.999934
0.920474, -0.390801, 0.00129681
-0.390762, -0.920421, -0.0113765

120
-0.00127483, 0.0907177, 0.00933674
-0.999175, -0.000683773, -0.0406051
0.0281695, 0.708547, -0.705101
0.0292527, -0.705663, -0.707943

121
-0.00373787, -0.0599642, 0.254933
-0.00160389, -0.835698, 0.549187
0.00371266, -0.549189, -0.83569
0.999992, 0.000698591, 0.0039835

122
-0.00466252, -0.0270392, 0.0294702
-0.000879096, 0.999999, -0.00141976
-0.0547253, -0.00146574, -0.9985
-0.998501, -0.000800081, 0.0547265

123
0.0125425, 0.103457, -0.0131757
-0.0582748, -0.993366, -0.0991333
-0.253418, 0.110769, -0.960994
0.9656, -0.0308795, -0.258192

124
0.000716303, -0.142704, 0.140381
0.00569363, 0.00438789, -0.999974
0.454115, -0.890942, -0.00132383
-0.890925, -0.454096, -0.0070653

125
0.000184923, -0.0270081, 0.0483674
-0.000879096, 0.999999, -0.00141976
-0.432669, -0.00166034, -0.901551
-0.901552, -0.000178265, 0.43267

126
0.00172042, -0.12304, 0.296843
0.0300587, 0.082103, -0.99617
0.364182, -0.929016, -0.0655793
-0.930842, -0.360817, -0.0578255

127
-0.00373831, -0.0782714, 0.137837
-0.00576745, -0.878306, 0.478064
-0.000793843, -0.478067, -0.878323
0.999983, -0.00544519, 0.00205999

128
0.0422622, 0.154639, 0.0960053
-0.0048511, -0.00605406, 0.99997
0.992761, 0.119976, 0.00554249
-0.120006, 0.992758, 0.00542822

129
-0.00467848, 0.0965745, 0.0356427
-0.00242244, 0.0122701, 0.999922
-0.0484999, 0.998747, -0.0123732
-0.99882, -0.0485261, -0.00182431

130
-0.0149629, -0.0932229, 0.266942
-0.00383203, 0.00171812, -0.999991
-0.535528, -0.844517, 0.000601187
-0.844509, 0.535526, 0.00415632

131
-0.0536687, 0.0394379, 0.0879951
0.00131563, 0.985225, 0.171257
-0.999998, 0.0010605, 0.0015812
0.00137622, -0.171259, 0.985225

132
0.0348104, 0.0568457, 0.0953771
-0.0048511, -0.00605406, 0.99997
-0.963116, 0.269069, -0.00304331
-0.269042, -0.963102, -0.00713604

133
0.0351171, -0.0702362, 0.27902
0.00550876, 0.00521888, -0.999971
-0.99526, 0.0971194, -0.00497593
0.0970906, 0.995259, 0.00572915

134
-0.0184308, 0.0540183, 0.00384502
0.00131563, 0.985225, 0.171257
0.708079, -0.121848, 0.695541
0.706132, 0.120348, -0.697777

135
0.00191665, 0.0660944, 0.045709
0.00329441, -0.999994, 0.000625845
0.919497, 0.00278321, -0.393086
0.393082, 0.00187045, 0.919501

136
-0.00648656, -0.0727216, 0.188834
-0.00195613, -0.000601315, 0.999998
0.465553, -0.88502, 0.000378504
0.885018, 0.465552, 0.00201115

137
0.0446271, -0.0763821, 0.310166
-0.0485753, -0.00655357, -0.998798
-0.939382, 0.340108, 0.0434541
0.339415, 0.940364, -0.0226772

138
-0.0141173, -0.0894994, 0.31473
0.0937317, -0.121634, 0.988139
0.602752, -0.783013, -0.153559
0.792404, 0.609996, -7.81181e-05

139
-0.0536295, -0.0746699, 0.278533
0.00148923, 0.955985, 0.293412
-0.999997, 0.000790146, 0.00250113
0.00215921, -0.293414, 0.955983

140
0.0122316, -0.139443, 0.295808
0.0300587, 0.082103, -0.99617
0.692679, -0.72022, -0.0384585
-0.72062, -0.68887, -0.0785199

141
-0.0506206, -0.000782841, 0.208971
0.00115712, 0.764747, -0.64433
-0.999997, 0.00239062, 0.00104155
0.00233687, 0.644327, 0.764747

142
0.0478242, -0.136995, 0.209233
0.00563954, 0.00996501, -0.999934
0.999946, -0.0088227, 0.00555168
-0.0087668, -0.999911, -0.0100142

143
-0.0461658, -0.14579, 0.188713
-0.00195613, -0.000601315, 0.999998
-0.995809, -0.0914317, -0.00200291
0.0914327, -0.995811, -0.000419943

144
-0.0506064, 0.0613414, 0.0665417
-0.000921223, -0.823844, -0.566816
-0.999996, 0.00224469, -0.00163731
0.00262122, 0.566812, -0.823843

145
0.00126297, -0.068913, 0.0445436
-0.00191332, -0.998724, 0.0504584
-0.00371419, 0.0504652, 0.998719
-0.999991, 0.00172345, -0.00380601

146
-0.000151405, 0.0298761, 0.0182269
-0.00211387, 0.999996, 0.00179135
-0.249863, 0.00120636, -0.96828
-0.968279, -0.00249441, 0.24986

147
-0.0302484, -0.156608, 0.119737
-0.00244066, -0.00102723, 0.999996
-0.912181, -0.40978, -0.00264727
0.409781, -0.912184, 6.31139e-05

148
0.0480993, 0.0104608, 0.22078
0.000920248, -0.85232, 0.52302
0.999966, 0.00505381, 0.00647633
-0.00816315, 0.522996, 0.852296

149
-0.0535518, -0.0874586, 0.212949
-0.00160389, -0.835698, 0.549187
-0.999992, -0.000698591, -0.0039835
0.00371266, -0.549189, -0.83569

150
-0.0310093, -0.132831, 0.272538
-0.00435858, -0.0714183, 0.997437
-0.918859, -0.393273, -0.0321743
0.394563, -0.916644, -0.0639092

151
-0.0236126, 0.0911828, 0.0379101
-0.0232084, 0.000260095, 0.999731
-0.696168, 0.717692, -0.016348
-0.717503, -0.69636, -0.0164754

152
0.00348671, -0.0745277, 0.243047
0.00312781, 0.0161633, -0.999864
-0.549457, -0.835384, -0.0152232
-0.835516, 0.54943, 0.00626811

153
0.0137334, -0.0700226, 0.152773
-0.0159325, 0.000289853, -0.999873
-0.999405, -0.0305922, 0.0159162
-0.0305837, 0.999532, 0.00077709

154
0.0163384, -0.0712073, 0.26686
-0.00383203, 0.00171812, -0.999991
-0.975833, -0.21849, 0.00336406
-0.218482, 0.975838, 0.00251386

155
0.0116636, 0.0619742, 0.0361068
-0.00242244, 0.0122701, 0.999922
-0.740567, 0.671907, -0.0100391
-0.671978, -0.740534, 0.00745919

156
-0.0660627, -0.0734797, 0.257381
-0.00726407, 0.00472934, 0.999962
0.930388, 0.366543, 0.00502508
-0.366505, 0.930389, -0.00706271

157
0.00213418, 0.0907655, 0.0183083
-0.998654, -0.000904962, -0.0518619
0.0359062, 0.709499, -0.703792
0.0374328, -0.704706, -0.708511

158
-0.00449893, -0.0207809, 0.185319
0.00115712, 0.764747, -0.64433
-0.380523, 0.596195, 0.706933
0.924771, 0.244364, 0.291694

159
-0.00269917, 0.076001, 0.0446334
-0.999175, -0.000683773, -0.0406051
0.0406036, 0.0020388, -0.999173
0.000765993, -0.999998, -0.00200936

160
-0.0183406, -0.0379693, 0.0246508
0.00116065, -0.993599, -0.112959
-0.706275, 0.0791535, -0.703499
0.707937, 0.0805966, -0.701662

161
0.0495155, -0.0835788, 0.152199
-0.0159325, 0.000289853, -0.999873
-0.728312, 0.685144, 0.0118039
0.68506, 0.728408, -0.0107049

162
0.0351488, -0.0530386, 0.243494
0.00312781, 0.0161633, -0.999864
-0.979324, -0.2022, -0.00633222
-0.202275, 0.979211, 0.0151967

163
0.0599176, -0.0677541, 0.20983
0.00220809, 0.00156488, -0.999996
-0.984901, 0.173105, -0.00190387
0.173102, 0.984902, 0.00192349

164
0.0285306, 0.0240998, 0.0458721
0.00492636, -0.999988, 8.76845e-05
0.922753, 0.00451208, -0.385366
0.385361, 0.00197936, 0.922764

165
0.00139271, -0.145293, 0.173673
-6.51163e-05, -0.00251303, 0.999997
-0.505881, -0.862601, -0.00220069
0.862604, -0.505879, -0.00121512

166
0.00664575, -0.107387, 0.173769
-6.51163e-05, -0.00251303, 0.999997
0.252241, -0.967661, -0.00241534
0.967664, 0.25224, 0.0006969

167
0.000294971, -0.0738418, 0.289512
0.999999, -9.2182e-06, 0.00166528
0.00153375, -0.384448, -0.923146
0.000648721, 0.923147, -0.384447

168
0.0509923, -0.0184266, 0.100616
0.00109903, -0.997648, -0.0685431
0.999985, 0.000725999, 0.00546696
-0.00540434, -0.0685481, 0.997633

169
-0.0496841, -0.139988, 0.128904
-0.00263752, 0.00334877, 0.999991
-0.999775, -0.0210754, -0.00256638
0.0210666, -0.999772, 0.0034036

170
0.0318515, -0.0435331, 0.243203
0.00207275, -0.986642, 0.162892
0.921564, 0.0651227, 0.382725
-0.38822, 0.149322, 0.909389

171
0.012443, 0.021094, 0.0428796
0.781645, 0.623704, -0.00484066
-0.574182, 0.72257, 0.384977
0.243609, -0.298136, 0.922914

172
-0.00601173, -0.0961039, 0.0501126
0.00189767, 0.0356037, 0.999364
0.298158, -0.953931, 0.0334189
0.954515, 0.297905, -0.0124258

173
-0.00373955, -0.0865613, 0.185862
-0.00262863, 0.00768811, 0.999967
0.00873789, -0.999932, 0.00771081
0.999958, 0.00875788, 0.00256127

174
-0.00373809, -0.0811544, 0.113929
-0.00496126, -0.547656, 0.836689
-0.000462147, -0.836698, -0.547665
0.999988, -0.00310378, 0.00389798

175
-0.0164958, -0.0477396, 0.0430239
0.453504, -0.891245, -0.00410145
0.825831, 0.418479, 0.377993
-0.335168, -0.174808, 0.925799

176
0.0511906, -0.0504879, 0.274854
-6.77359e-05, -0.924801, 0.380452
0.999996, 0.00103184, 0.00268622
-0.00287679, 0.38045, 0.924797

177
0.028685, -0.0269468, 0.0739057
-0.000879096, 0.999999, -0.00141976
-0.943437, -0.00130009, -0.331549
-0.33155, 0.00104799, 0.943437

178
-0.0163508, -0.0720931, 0.0296767
-0.00254852, 0.999997, -5.93626e-05
-0.658853, -0.00172376, -0.752269
-0.752267, -0.00187806, 0.658856

179
-0.00495699, -0.0698958, 0.128787
-0.00263752, 0.00334877, 0.999991
0.40206, -0.915604, 0.00412663
0.915609, 0.402067, 0.00106852

180
-0.0260943, -0.0721189, 0.012775
-0.00254852, 0.999997, -5.93626e-05
-0.320821, -0.000873846, -0.947139
-0.947136, -0.00239476, 0.320822

181
-0.0153496, -0.0789851, 0.0495205
0.00189767, 0.0356037, 0.999364
0.640739, -0.767314, 0.0261199
0.767756, 0.640282, -0.0242688

182
-0.00753522, -0.065133, 0.124393
-0.00496126, -0.547656, 0.836689
0.382252, -0.774196, -0.504485
0.924045, 0.317323, 0.213184

183
-0.0077126, -0.0674617, 0.185705
-0.00262863, 0.00768811, 0.999967
0.39074, -0.920465, 0.00810402
0.920497, 0.390749, -0.000584491

184
-0.00256458, -0.0777455, 0.0293114
0.00436608, 0.999986, -0.00307953
-0.291561, -0.00167277, -0.956551
-0.956542, 0.00507424, 0.29155

185
0.011851, 0.0909764, 0.0695894
0.812559, -0.00733871, 0.582833
-0.412545, -0.713626, 0.566167
0.411769, -0.700489, -0.582891

186
0.00665482, -0.0777328, 0.0465045
0.00436608, 0.999986, -0.00307953
-0.63542, 0.000396388, -0.772166
-0.772154, 0.00532813, 0.635413

187
-0.00692547, 0.0515564, 0.0478212
-0.0010322, -0.999689, 0.0249358
0.481874, -0.022347, -0.875956
0.87624, 0.0111118, 0.481747

188
0.0546334, -0.076341, 0.140904
4.18293e-05, 0.00388311, -0.999992
-0.87317, 0.487413, 0.00185617
0.487416, 0.873163, 0.003411

189
0.00769043, 0.098476, 0.0356518
-0.001229, -0.00116215, 0.999999
-0.490497, 0.871443, 0.000409926
-0.871442, -0.490496, -0.00164103

190
-0.0230665, 0.0994624, 0.0477836
-0.0582748, -0.993366, -0.0991333
0.9656, -0.0308795, -0.258192
0.253418, -0.110769, 0.960994

191
0.0225568, -0.0754521, 0.1408
0.00569363, 0.00438789, -0.999974
-0.890925, -0.454096, -0.0070653
-0.454115, 0.890942, 0.00132383

192
0.000234374, -0.0783918, 0.325875
0.999999, -9.2182e-06, 0.00166528
0.00154324, 0.380918, -0.924608
-0.00062581, 0.924609, 0.380917

193
-0.0164434, -0.0768691, 0.173844
-6.51163e-05, -0.00251303, 0.999997
0.862604, -0.505879, -0.00121512
0.505881, 0.862601, 0.00220069

194
0.00551798, 0.0971104, 0.0283428
0.0176989, 0.0328789, 0.999303
-0.518505, 0.854865, -0.0189432
-0.854891, -0.517808, 0.032178

195
-0.00294951, -0.0747277, 0.312468
-0.0485753, -0.00655357, -0.998798
-0.904246, -0.424445, 0.0467619
-0.424241, 0.90543, 0.0146915

196
-0.00697336, 0.0925988, 0.0209112
-0.00675027, -0.999967, -0.00441015
0.483566, 0.000596056, -0.875308
0.875282, -0.00804116, 0.483546

197
0.0367524, 0.0764172, 0.102681
0.0216033, -0.293637, 0.955673
-0.972903, 0.213926, 0.0877231
-0.230202, -0.931672, -0.281059

198
0.00126354, -0.0511503, 0.197455
0.00207275, -0.986642, 0.162892
-0.0060014, 0.162877, 0.986628
-0.99998, -0.00302261, -0.00558363

199
-0.00373752, 0.00594435, 0.161682
0.00116383, 0.999426, 0.0338711
0.000992224, -0.0338722, 0.999426
0.999999, -0.00112956, -0.00103108

200
-0.000791739, 0.0593629, 0.0436088
-0.00174231, -0.981605, 0.190914
-0.389357, 0.176514, 0.904016
-0.921085, -0.0727584, -0.382502

201
-0.0346774, -0.108125, 0.199162
-0.00194314, -0.810175, -0.586186
0.92449, 0.222, -0.309893
0.381201, -0.542525, 0.748567

202
-0.0336542, -0.0409363, 0.279107
-0.00435858, -0.0714183, 0.997437
0.71616, -0.696369, -0.0467318
0.697922, 0.714121, 0.0541821

203
0.0415541, -0.0180752, 0.0156335
0.453504, -0.891245, -0.00410145
0.335168, 0.174808, -0.925799
0.825831, 0.418479, 0.377993

204
-0.0187629, -0.0575593, 0.18882
-0.00195613, -0.000601315, 0.999998
0.768796, -0.639493, 0.00111933
0.639491, 0.768797, 0.00171322

205
-0.00462407, -0.0639016, 0.0194274
-0.00195883, 0.998678, -0.0513615
0.386546, 0.0481254, 0.921013
0.922268, -0.0180495, -0.38613

206
0.0360709, -0.0703381, 0.140927
4.18293e-05, 0.00388311, -0.999992
-0.99323, 0.116166, 0.000409541
0.116166, 0.993222, 0.00386168

207
-0.0035939, -0.0913439, 0.23403
-0.000634992, -0.0159516, 0.999873
0.333156, -0.942755, -0.0148288
0.942871, 0.333104, 0.00591303

208
0.0420609, 0.102355, 0.0604554
-0.0082631, -0.254455, 0.967049
0.999958, 0.00179803, 0.0090174
-0.00403331, 0.967083, 0.25443

209
-0.00190932, -0.0270642, 0.0101564
-0.000879096, 0.999999, -0.00141976
0.33155, -0.00104799, -0.943437
-0.943437, -0.00130009, -0.331549

210
-0.00073763, -0.0298798, 0.23678
0.00137401, -0.804157, 0.594416
0.00215756, -0.594412, -0.804157
0.999997, 0.00238741, 0.000918294

211
-0.00373764, -0.0600387, 0.230609
0.00148923, 0.955985, 0.293412
0.00215921, -0.293414, 0.955983
0.999997, -0.000790146, -0.00250113

212
0.00516023, -0.0902171, 0.270716
0.000713986, -0.880103, 0.474782
-0.387079, 0.437528, 0.811627
-0.922046, -0.184358, -0.340357

213
0.0136111, -0.0700265, 0.164742
0.00315543, 0.000275207, -0.999995
-0.999449, -0.0330283, -0.0031628
-0.033029, 0.999454, 0.000170837

214
0.0137197, -0.070023, 0.290749
0.00589779, 0.000481945, -0.999982
-0.999506, -0.0308548, -0.00590985
-0.0308571, 0.999524, 0.000299732

215
-0.0452439, 0.0497559, -0.0259478
-0.0010322, -0.999689, 0.0249358
-0.993945, -0.00171409, -0.109862
0.109871, -0.0248982, -0.993634

216
-0.0507421, -0.00486793, 0.151558
0.000178432, 0.816479, 0.577375
-1, 0.00019921, 2.73321e-05
-9.2703e-05, -0.577375, 0.816479

217
-0.0536829, 0.0275645, 0.132567
-0.0017656, -0.883342, 0.468725
-0.999998, 0.00104807, -0.00179163
0.00109137, -0.468727, -0.883342

218
0.0282281, -0.150602, 0.295371
0.0300587, 0.082103, -0.99617
0.915721, -0.401778, -0.00548278
-0.400689, -0.912049, -0.0872603

219
-0.0719049, -0.0801255, 0.173832
-6.51163e-05, -0.00251303, 0.999997
0.797477, 0.603348, 0.00156816
-0.60335, 0.797474, 0.00196479

220
-0.00073773, -0.0328419, 0.239774
0.00212779, -0.821286, 0.570513
0.00245061, -0.570509, -0.821288
0.999995, 0.00314563, 0.000798726

221
0.00223882, -0.0674591, 0.209669
0.00563954, 0.00996501, -0.999934
-0.390762, -0.920421, -0.0113765
-0.920474, 0.390801, -0.00129681

222
-0.00173578, -0.00025186, 0.20341
0.000920248, -0.85232, 0.52302
-0.00816315, 0.522996, 0.852296
-0.999966, -0.00505381, -0.00647633

223
-0.0359071, -0.0482492, 0.188792
-0.00195613, -0.000601315, 0.999998
0.954998, -0.296609, 0.00168974
0.296607, 0.954999, 0.00115446

224
0.0319978, -0.0230128, 0.0319093
0.453504, -0.891245, -0.00410145
0.625686, 0.321647, -0.710676
0.634705, 0.319728, 0.703508

225
0.0283913, 0.0519363, 0.0362706
-0.00242244, 0.0122701, 0.999922
-0.94135, 0.337372, -0.00642046
-0.337424, -0.941292, 0.0107332

226
0.000339697, -0.100953, 0.262504
0.999999, -9.2182e-06, 0.00166528
0.00062581, -0.924609, -0.380917
0.00154324, 0.380918, -0.924608

227
0.00469916, 0.0804631, 0.095374
-0.0048511, -0.00605406, 0.99997
-0.490784, 0.871276, 0.002894
-0.871268, -0.490756, -0.00719788

228
-0.00373752, 0.00894442, 0.131782
0.000269352, -0.502823, -0.864389
0.00146193, 0.864388, -0.502822
0.999999, -0.00112824, 0.000967916

229
-0.0543495, -0.0716161, 0.173855
-6.51163e-05, -0.00251303, 0.999997
0.967664, 0.25224, 0.0006969
-0.252241, 0.967661, 0.00241534

230
0.000239529, -0.114232, 0.322581
0.999999, -9.2182e-06, 0.00166528
0.000648721, 0.923147, -0.384447
-0.00153375, 0.384448, 0.923146

231
0.0012629, 0.0449011, 0.15857
0.000471344, -0.911965, 0.410267
-0.00381579, 0.410263, 0.911959
-0.999993, -0.00199534, -0.00328649

232
0.0203924, 0.0836685, 0.0356502
-0.001229, -0.00116215, 0.999999
-0.786647, 0.617404, -0.000249275
-0.617402, -0.786646, -0.00167299

233
0.00120434, 0.0489607, 0.167594
0.000471344, -0.911965, 0.410267
0.379155, 0.379797, 0.843798
-0.925333, 0.155157, 0.345955

234
-0.0356734, 0.106439, 0.136041
0.812559, -0.00733871, 0.582833
-0.222551, 0.92026, 0.321858
-0.53872, -0.391239, 0.746132

235
-0.00292271, -0.0931588, 0.107783
0.00328485, 0.00699675, -0.99997
-0.536797, -0.843676, -0.00766652
-0.843705, 0.536806, 0.000984488

236
-0.0274598, -0.14025, 0.188753
-0.00195613, -0.000601315, 0.999998
-0.885018, -0.465552, -0.00201115
0.465553, -0.88502, 0.000378504

237
-0.0010402, 0.0510865, 0.029227
-0.0010322, -0.999689, 0.0249358
0.109871, -0.0248982, -0.993634
0.993945, 0.00171409, 0.109862

238
-0.0501201, 0.142946, 0.0934844
-0.000783033, -0.0449845, -0.998987
-0.999923, 0.0123699, 0.00022675
0.0123472, 0.998911, -0.0449907

239
-0.00073766, 0.0328886, 0.107816
-0.000921223, -0.823844, -0.566816
0.00262122, 0.566812, -0.823843
0.999996, -0.00224469, 0.00163731

240
-0.00458836, -0.0454383, 0.156053
0.00115712, 0.764747, -0.64433
0.384841, 0.594365, 0.706135
0.922982, -0.248782, -0.293618

241
-0.0152896, 0.0529613, 0.0786645
-0.000921223, -0.823844, -0.566816
-0.705251, 0.402384, -0.583703
0.708958, 0.399209, -0.581387

242
0.0479157, -0.0707551, 0.108107
0.00328485, 0.00699675, -0.99997
-0.984905, 0.173084, -0.0020243
0.173064, 0.984882, 0.00745969

243
-0.0637123, 0.0658617, 0.0193882
0.00329441, -0.999994, 0.000625845
0.393082, 0.00187045, 0.919501
-0.919497, -0.00278321, 0.393086

244
-0.00188537, -0.139934, 0.258161
-0.00726407, 0.00472934, 0.999962
-0.398725, -0.917069, 0.00144082
0.917042, -0.398699, 0.00854736

245
0.0607557, 0.0299405, 0.0541479
-0.00211387, 0.999996, 0.00179135
-0.968279, -0.00249441, 0.24986
0.249863, -0.00120636, 0.96828

246
0.0127963, -0.158023, 0.140382
0.00569363, 0.00438789, -0.999974
0.76049, -0.649348, 0.00148072
-0.649325, -0.760479, -0.00703409

247
-0.0284466, 0.0721294, 0.0159827
0.781645, 0.623704, -0.00484066
-0.243609, 0.298136, -0.922914
-0.574182, 0.72257, 0.384977

248
-0.0537606, -0.122834, 0.0863506
-0.00496126, -0.547656, 0.836689
-0.999988, 0.00310378, -0.00389798
-0.000462147, -0.836698, -0.547665

249
-0.0533006, -0.136996, 0.186119
-0.00262863, 0.00768811, 0.999967
-0.999958, -0.00875788, -0.00256127
0.00873789, -0.999932, 0.00771081

250
-0.0388296, -0.158696, 0.0524048
0.00189767, 0.0356037, 0.999364
-0.954515, -0.297905, 0.0124258
0.298158, -0.953931, 0.0334189

251
-0.00373818, -0.0780548, 0.269995
-0.00416444, -0.774612, 0.632423
0.0033406, -0.632436, -0.774605
0.999986, -0.00111312, 0.00522141

252
-0.0186368, -0.0862951, 0.313307
-0.0485753, -0.00655357, -0.998798
-0.673064, -0.738629, 0.0375801
-0.737987, 0.67408, 0.0314682

253
-0.000737688, 0.0180114, 0.0778823
0.000936344, -0.969232, -0.246147
0.00282417, 0.246149, -0.969228
0.999996, 0.000212369, 0.00296775

254
-0.00753807, 0.0176113, 0.177851
-0.000487162, -0.999816, -0.0191943
0.382421, 0.0175491, -0.923821
0.923988, -0.00779037, 0.382342

255
-0.00180495, 0.115869, 0.0354129
-0.00242244, 0.0122701, 0.999922
0.337424, 0.941292, -0.0107332
-0.94135, 0.337372, -0.00642046

256
0.0181775, 0.107297, 0.0609747
0.812559, -0.00733871, 0.582833
-0.223565, -0.92737, 0.300007
0.5383, -0.374074, -0.755183

257
-0.0219956, -0.11142, 0.266937
-0.00383203, 0.00171812, -0.999991
-0.171584, -0.985169, -0.00103513
-0.985162, 0.171579, 0.00407

258
0.0158236, 0.0762984, 0.0624331
-0.0085182, -0.00512003, 0.999951
-0.994029, 0.108825, -0.00791054
-0.108779, -0.994048, -0.00601645

259
-0.0236632, 0.0828552, 0.0319497
-0.983201, -0.150039, 0.103942
0.0194529, -0.652356, -0.757663
0.181486, -0.742913, 0.644316

260
0.0261631, -0.130179, 0.22312
-0.00448803, -0.0330763, 0.999443
-0.924156, 0.38192, 0.00848959
-0.381988, -0.923603, -0.0322817

261
-0.0346669, 0.0558917, -0.00680783
0.00131563, 0.985225, 0.171257
0.924405, -0.0665177, 0.375568
0.381411, 0.157817, -0.910834

262
-0.0526914, 0.0659081, 0.035486
0.00329441, -0.999994, 0.000625845
0.715037, 0.00279316, 0.699081
-0.699079, -0.00185556, 0.715042

263
-0.0211663, -0.0857516, 0.290536
0.00589779, 0.000481945, -0.999982
-0.684938, -0.728588, -0.00439084
-0.728577, 0.684952, -0.00396696

264
-0.0122977, -0.127974, 0.18879
-0.00195613, -0.000601315, 0.999998
-0.639491, -0.768797, -0.00171322
0.768796, -0.639493, 0.00111933

265
-0.0346164, 0.0188783, 0.112543
-0.000487162, -0.999816, -0.0191943
-0.923988, 0.00779037, -0.382342
0.382421, 0.0175491, -0.923821

266
0.0136286, -0.0689882, 0.301657
0.0300587, 0.082103, -0.99617
-0.72062, -0.68887, -0.0785199
-0.692679, 0.72022, 0.0384585

267
-0.0345036, -0.0735683, 0.274847
0.00148923, 0.955985, 0.293412
-0.92305, -0.111555, 0.36815
0.384677, -0.271382, 0.882256

268
-0.0153874, -0.032361, 0.0425609
-0.00110829, -0.994578, -0.103989
-0.707212, 0.0742998, -0.703087
0.707001, 0.0727628, -0.703459

269
-0.0178414, -0.133637, 0.140679
4.18293e-05, 0.00388311, -0.999992
0.272769, -0.962072, -0.00372445
-0.96208, -0.272767, -0.00109943

270
0.0262351, 0.10889, 0.0756213
0.0226407, 0.0103052, -0.999691
0.341933, 0.939563, 0.0174294
0.939452, -0.342222, 0.0177486

271
-0.0182327, -0.0631376, 0.0738226
-0.00221634, 0.996868, -0.0790547
-0.704101, 0.054581, 0.707999
0.710096, 0.0572317, 0.701775

272
-0.034549, -0.0367616, 0.0138605
0.00116065, -0.993599, -0.112959
-0.923428, 0.0422853, -0.381434
0.383769, 0.104752, -0.917468

273
0.00389404, -0.130076, 0.242151
0.00312781, 0.0161633, -0.999864
0.561649, -0.827294, -0.0116166
-0.82737, -0.561536, -0.0116657

274
0.0306845, -0.0780828, -0.0330936
0.00436608, 0.999986, -0.00307953
0.956542, -0.00507424, -0.29155
-0.291561, -0.00167277, -0.956551

275
-0.000737659, -0.0481319, 0.0927738
-0.00226163, -0.947777, -0.318925
0.00160291, 0.318922, -0.947779
0.999996, -0.00265473, 0.000797921

276
0.0342082, -0.0397645, 0.0186715
0.37343, -0.927655, -0.00260817
0.350453, 0.143678, -0.925494
0.858914, 0.344693, 0.378753

277
-0.0325808, -0.0434125, 0.128626
-0.00263752, 0.00334877, 0.999991
0.931733, -0.363125, 0.00367352
0.363134, 0.931734, -0.00216241

278
0.0329618, -0.0732368, 0.290861
0.00589779, 0.000481945, -0.999982
-0.935232, 0.353995, -0.00534529
0.353986, 0.935247, 0.00253852

279
0.0300534, -0.0585484, 0.303013
0.0300587, 0.082103, -0.99617
-0.930842, -0.360817, -0.0578255
-0.364182, 0.929016, 0.0655793

280
-0.00373747, 0.0179767, 0.158719
-0.000487162, -0.999816, -0.0191943
-0.000283648, 0.0191945, -0.999816
1, -0.000481627, -0.000292946

281
0.0358679, -0.151102, 0.241911
0.00312781, 0.0161633, -0.999864
0.982184, -0.187919, 3.46984e-05
-0.187893, -0.982051, -0.0164631

282
0.00516778, -0.0101037, 0.0403934
0.000423961, -0.99843, 0.056008
-0.387439, 0.0514695, 0.920457
-0.921895, -0.02209, -0.386809

283
-0.0115194, -0.0630479, 0.0497334
0.443791, -0.896126, -0.00280974
0.89612, 0.443799, -0.0034755
0.00436145, -0.00097547, 0.99999

284
-0.000737729, 0.0358687, 0.101828
-0.00176757, -0.929804, -0.368051
0.00271333, 0.368046, -0.929804
0.999995, -0.00264214, 0.00187231

285
0.0424032, 0.127286, 0.0618214
-0.00560282, 0.37826, 0.925682
0.99998, -0.000485268, 0.00625082
0.00281364, 0.925699, -0.37825

286
-0.0468656, -0.0700073, 0.257504
-0.00726407, 0.00472934, 0.999962
0.999822, -0.0174029, 0.00734536
0.017437, 0.999837, -0.00460208

287
-0.00762512, -0.0674254, 0.0194565
-0.00221634, 0.996868, -0.0790547
0.386595, 0.0737624, 0.919295
0.922247, -0.0285247, -0.385548

288
0.0177897, -0.143768, 0.241973
0.00312781, 0.0161633, -0.999864
0.835516, -0.54943, -0.00626811
-0.549457, -0.835384, -0.0152232

289
-0.000748737, -0.0889454, 0.128862
-0.00263752, 0.00334877, 0.999991
0.0210666, -0.999772, 0.0034036
0.999775, 0.0210754, 0.00256638

290
-0.0315037, -0.0574118, 0.199604
0.00137401, -0.804157, 0.594416
-0.923051, -0.229677, -0.308586
0.384676, -0.548252, -0.742593

291
0.0297413, -0.042517, 0.0187073
0.443791, -0.896126, -0.00280974
0.338901, 0.170736, -0.9252
0.829576, 0.409644, 0.379469

292
-0.0286825, -0.071536, 0.0459939
0.443791, -0.896126, -0.00280974
0.829576, 0.409644, 0.379469
-0.338901, -0.170736, 0.9252

293
-0.0315211, 0.000566284, 0.050576
0.00176168, -0.978444, -0.206507
-0.923195, 0.0777749, -0.376379
0.384327, 0.191309, -0.903158

294
-0.0037538, -0.0545298, 0.263203
-0.00160389, -0.835698, 0.549187
0.38611, -0.507118, -0.770552
0.922451, 0.210811, 0.323485

295
-0.00373762, -0.0811249, 0.161742
-0.00194314, -0.810175, -0.586186
