0
0.0588002, -0.0282681, -0.00969403
0.00495412, 2.71167e-06, 0.999988
-0.925304, -0.379199, 0.00458515
0.379194, -0.925315, -0.00187609

1
0.0337494, 0.0131719, -0.0758153
0.00297146, -0.003173, -0.999991
-0.623494, -0.781828, 0.000628058
-0.781822, 0.623486, -0.00430152

2
0.0338737, -0.0133325, 0.00548796
0.00370883, -0.00179804, 0.999992
-0.626595, 0.779336, 0.00372525
-0.779336, -0.626603, 0.00176378

3
-0.0549789, -0.0180025, 0.00964507
-0.0849061, 8.01427e-07, -0.996389
1.31736e-06, -1, -9.16589e-07
-0.996389, -1.39043e-06, 0.0849061

4
0.0869662, -0.0121466, 0.0713595
0.000903798, -0.000104405, 1
-0.421521, -0.906819, 0.000286293
0.906818, -0.421521, -0.00086359

5
0.0861367, 0.0127974, -0.021218
0.0106657, 0.000532976, -0.999943
-0.490804, 0.871257, -0.00477068
0.871205, 0.490827, 0.00955415

6
0.0826938, 0.0213416, -0.0212502
0.0106657, 0.000532976, -0.999943
-0.78684, 0.617105, -0.00806375
0.617065, 0.786881, 0.00700122

7
0.0587666, -0.0282816, 0.0686046
-0.0109204, -3.94465e-05, 0.99994
-0.925528, -0.378544, -0.0101226
0.378522, -0.925583, 0.00409733

8
-0.09065, 0.0165427, 0.0244499
0.0267433, -0.00136377, 0.999641
0.519923, 0.854118, -0.0127442
-0.853794, 0.520077, 0.023551

9
0.0869343, -0.0121839, 0.0840138
-0.0147983, 0.000194191, 0.99989
-0.422299, -0.906436, -0.00607394
0.906336, -0.422342, 0.0134957

10
0.0587893, 0.0282679, -0.0276481
-0.00250949, -6.73894e-06, -0.999997
-0.925403, 0.378978, 0.00231975
0.378977, 0.925406, -0.000957279

11
-0.0904673, 0.0167515, 0.0888585
-0.0114891, 0.00323979, 0.999929
0.524838, 0.851196, 0.00327243
-0.851124, 0.524838, -0.0114798

12
-0.0974638, 0.0201606, -0.0544689
-0.000833863, -0.00414753, 0.999991
0.763264, 0.646079, 0.00331611
-0.646087, 0.763259, 0.00262691

13
0.0750538, 0.0174944, -0.0276888
-0.00250949, -6.73894e-06, -0.999997
-0.709933, 0.704267, 0.00177683
0.704265, 0.709935, -0.00177214

14
-0.0893546, 0.0146064, 0.0150382
0.0159135, -0.000447423, 0.999873
0.476268, 0.879271, -0.00718658
-0.879156, 0.476322, 0.0142053

15
0.0796646, -0.0188253, 0.0713654
0.000903798, -0.000104405, 1
-0.736459, -0.676482, 0.000594982
0.676482, -0.736459, -0.000688294

16
0.0133631, 0.00907464, -0.144189
0.999919, -0.00308619, 0.0123361
-0.000742509, -0.982617, -0.185641
0.0126946, 0.185617, -0.98254

17
-0.0888297, -0.0152381, -0.0636658
0.00151563, 0.000209162, -0.999999
0.490416, -0.871488, 0.000561005
-0.871487, -0.490416, -0.00142343

18
0.0820999, -0.0105348, -0.00980951
0.00495412, 2.71167e-06, 0.999988
-0.386158, -0.922431, 0.0019156
0.92242, -0.386162, -0.00456879

19
-0.073328, -0.0175425, 0.0831226
0.00785222, 2.87343e-05, -0.999969
0.710781, -0.703392, 0.00556117
-0.70337, -0.710802, -0.00554361

20
-0.0870543, 0.00183619, -0.0219092
-0.00672885, 7.2784e-06, 0.999977
0.396763, 0.917917, 0.00266314
-0.917897, 0.396772, -0.00617942

21
0.0355419, 0.0183789, -0.0275315
-0.00413386, -0.00200933, -0.999989
-0.727615, -0.685971, 0.00438624
-0.685973, 0.727626, 0.00137369

22
-0.0595844, 0.0284789, -0.0217245
-0.00672885, 7.2784e-06, 0.999977
0.929604, 0.368506, 0.00625263
-0.368497, 0.929625, -0.00248639

23
0.0343038, 0.00983019, -0.0758169
0.00283393, -0.00355379, -0.99999
-0.556661, -0.830738, 0.00137474
-0.830735, 0.556652, -0.00433251

24
0.00883087, -0.0187955, -0.0341781
0.0115588, 1.26982e-05, 0.999933
-0.0158619, -0.999874, 0.000196053
0.999807, -0.0158631, -0.0115571

25
-0.0759691, 0.0178897, -0.0218347
-0.00672885, 7.2784e-06, 0.999977
0.717825, 0.696207, 0.00482518
-0.696191, 0.717841, -0.0046899

26
-0.0269963, 0.0143015, -0.0544344
-0.000833863, -0.00414753, 0.999991
0.646087, -0.763259, -0.00262691
0.763264, 0.646079, 0.00331611

27
-0.0101589, -0.0182028, -0.0274748
-0.00250949, -6.73894e-06, -0.999997
0.0040076, -0.999992, -3.31817e-06
-0.999989, -0.00400759, 0.0025095

28
0.0219163, 0.0347969, 0.123924
0.999997, -0.00165883, -0.00152455
-0.00166691, -0.089507, -0.995985
0.00151571, 0.995985, -0.0895095

29
-0.0497136, -0.0551681, -0.0633181
-0.00228875, 0.00553047, 0.999982
-0.743332, -0.668919, 0.00199817
0.668918, -0.743314, 0.00564197

30
-0.0132938, 0.017998, -0.0295927
-0.99985, -4.03763e-06, -0.0173137
-4.16705e-06, 1, 7.43882e-06
0.0173137, 7.50986e-06, -0.99985

31
0.0859456, -0.00134315, 0.0689025
-0.0109204, -3.94465e-05, 0.99994
-0.386792, -0.922157, -0.00426054
0.922102, -0.386815, 0.010055

32
-0.0816389, 0.0241378, 0.0593004
-0.00253161, 0.000828068, 0.999996
0.571842, 0.820364, 0.000768368
-0.82036, 0.571842, -0.00255037

33
0.0400072, -0.0100855, -0.0792322
0.999982, -0.00224731, -0.0055546
0.00497915, 0.827364, 0.561645
0.00333348, -0.561662, 0.82736

34
0.000393599, 0.00254808, 0.0442781
-0.00268495, -0.000391708, -0.999996
0.308988, 0.951065, -0.00120216
0.951062, -0.308991, -0.00243253

35
0.0820935, 0.0105401, -0.0277065
-0.00250949, -6.73894e-06, -0.999997
-0.386382, 0.922338, 0.00096341
0.922336, 0.386383, -0.00231721

36
-0.0842511, -0.00137837, 0.0830373
0.00785222, 2.87343e-05, -0.999969
0.387508, -0.921861, 0.0030164
-0.921833, -0.38752, -0.00724979

37
-0.0122723, -0.0180036, 0.118387
-0.999752, -4.69132e-06, -0.0222563
5.23028e-06, -1, -2.41579e-05
-0.0222563, -2.42683e-05, 0.999752

38
-0.0810333, -0.0213319, -0.0636552
0.00151563, 0.000209162, -0.999999
0.786589, -0.617476, 0.00106302
-0.617475, -0.786589, -0.00110039

39
0.00883352, -0.0187673, -0.0212638
-0.00672885, 7.2784e-06, 0.999977
-0.0152971, -0.999883, -9.56564e-05
0.99986, -0.0152974, 0.00672818

40
0.0402043, -0.0109382, 0.141497
0.999921, -0.00202412, -0.012386
0.00491049, 0.971329, 0.237688
0.0115498, -0.23773, 0.971263

41
0.036636, -0.00113739, 0.126593
-0.99999, 1.47079e-05, -0.00442043
0.00167811, -0.923873, -0.382696
-0.00408954, -0.3827, 0.923864

42
0.0830145, 0.0233039, -0.0847202
-0.00468051, 0.000289218, -0.999989
-0.826116, 0.563485, 0.00402966
0.56348, 0.826126, -0.00239847

43
0.00220497, -0.0240049, -0.0221329
0.0106657, 0.000532976, -0.999943
0.120048, -0.992768, 0.000751322
-0.992711, -0.12005, -0.0106525

44
0.036234, 0.00816403, 0.0504436
0.00385805, 0.00795538, -0.999961
-0.523315, -0.852094, -0.00879805
-0.852131, 0.523328, 0.000875748

45
0.0367552, -0.0281967, 0.0995329
-0.99999, 1.47079e-05, -0.00442043
0.00407835, -0.382667, -0.923877
-0.00170514, -0.923886, 0.382663

46
0.0273944, -0.0191679, -0.0218884
-0.0110336, 0.00217707, 0.999937
-0.74325, 0.668944, -0.00965766
-0.668923, -0.74331, -0.00576274

47
-0.0324294, -0.011311, -0.0800918
0.999946, 0.0040729, 0.00960962
-0.00893262, 0.810176, 0.586118
-0.00539828, -0.586172, 0.810168

48
-0.0101585, 0.018186, -0.00935253
0.00495412, 2.71167e-06, 0.999988
0.00376844, 0.999993, -2.13812e-05
-0.999981, 0.0037685, 0.00495407

49
0.00499712, -0.0180028, 0.0823864
-0.999732, 6.96531e-07, 0.0231324
-8.7369e-07, -1, -7.64836e-06
0.0231324, -7.66653e-06, 0.999732

50
-0.0194952, -0.0180029, 0.0883954
-0.999912, -6.62143e-06, 0.0132865
6.47825e-06, -1, -1.08199e-05
0.0132865, -1.07329e-05, 0.999912

51
-0.0323308, -0.0347905, -0.128005
0.999992, -0.00320229, 0.00259222
-0.00228691, 0.0919174, 0.995764
-0.00342699, -0.995761, 0.0919093

52
-0.00988253, 0.0173521, -0.119914
-0.998812, -2.17936e-06, 0.0487313
0.0344559, 0.707123, 0.706251
-0.0344606, 0.707091, -0.706283

53
-0.0111598, 0.0319976, 0.068401
-0.999752, -4.69132e-06, -0.0222563
-0.0222563, -2.42683e-05, 0.999752
-5.23028e-06, 1, 2.41579e-05

54
-0.00942727, 0.0128678, -0.0239747
0.0124228, -0.00149063, -0.999922
0.102606, 0.994722, -0.000208122
0.994645, -0.102595, 0.0125102

55
0.0796274, -0.018856, 0.083907
-0.0147983, 0.000194191, 0.99989
-0.736993, -0.675815, -0.0107762
0.675739, -0.737072, 0.010144

56
-0.016765, 0.0179955, -0.131599
-0.999969, -4.77576e-06, -0.00788917
-4.44909e-06, 1, -4.14239e-05
0.00788917, -4.13875e-05, -0.999969

57
-0.0256815, -0.0667, 0.123072
0.999954, 0.00956474, 0.00107668
0.0011183, -0.226555, 0.973998
0.00955996, -0.973952, -0.226555

58
0.00150475, 0.0179973, -0.0655958
-0.999912, 3.40302e-07, -0.013285
4.28018e-07, 1, -6.59977e-06
0.013285, -6.60487e-06, -0.999912

59
-0.0570507, -0.028296, 0.0832501
0.00785222, 2.87343e-05, -0.999969
0.925844, -0.377837, 0.0072593
-0.377825, -0.925872, -0.00299346

60
0.030003, -0.00797502, 0.0262691
-0.00199215, -0.00197013, 0.999996
-0.399456, 0.916752, 0.00101035
-0.91675, -0.399452, -0.00261329

61
0.0338779, 0.0133331, -0.0335811
2.75945e-05, 0.000644944, -1
-0.62671, -0.779252, -0.000519868
-0.779253, 0.62671, 0.00038269

62
-0.0315518, 0.00248996, -0.0575319
3.86837e-05, -0.00341959, 0.999994
0.409849, -0.912148, -0.00313504
0.912153, 0.409847, 0.00136623

63
0.00571084, -0.0272881, -0.084373
-0.00468051, 0.000289218, -0.999989
0.185712, -0.982604, -0.00115342
-0.982593, -0.185715, 0.00454537

64
-0.0875883, 0.0130643, 0.00900856
0.01497, -0.000112713, 0.999888
0.441876, 0.897052, -0.00651449
-0.896951, 0.441924, 0.0134787

65
-0.000518336, 0.0239767, -0.0635237
0.00151563, 0.000209162, -0.999999
-0.119581, 0.992824, 2.64208e-05
0.992823, 0.119581, 0.00152976

66
0.0160042, -0.01835, -0.151934
0.999992, 0.00406586, 0.000463826
0.00245477, -0.686676, 0.726959
0.00327421, -0.726952, -0.68668

67
-0.00377104, -0.025684, 0.022068
0.0267433, -0.00136377, 0.999641
-0.153613, -0.988127, 0.00276155
0.987769, -0.153632, -0.0266353

68
0.0274606, 0.0238345, -0.08446
-0.00468051, 0.000289218, -0.999989
-0.836729, -0.547604, 0.00375798
-0.547597, 0.836737, 0.00280506

69
-0.0476219, 0.0186506, 0.0849741
-0.995541, -0.0442549, -0.0832995
-0.0795076, 0.868869, 0.488615
0.0507528, 0.493059, -0.868514

70
-0.0440199, -0.0195552, -0.0877796
0.00362082, 0.00897866, -0.999953
0.691056, 0.722745, 0.0089919
0.722792, -0.691056, -0.00358782

71
0.0124985, 0.0128529, -0.0220034
0.0106657, 0.000532976, -0.999943
-0.617065, -0.786881, -0.00700122
-0.78684, 0.617105, -0.00806375

72
0.0750351, -0.0175156, 0.0687827
-0.0109204, -3.94465e-05, 0.99994
-0.710222, -0.703934, -0.00778412
0.703893, -0.710265, 0.00765921

73
0.0396401, 0.0319972, -0.0276001
-0.00250949, -6.73894e-06, -0.999997
-0.999989, -0.00400759, 0.0025095
-0.0040076, 0.999992, 3.31817e-06

74
0.0154143, 0.0179966, -0.0895339
-0.998674, 5.23957e-06, -0.0514759
6.30826e-06, 1, -2.05986e-05
0.0514759, -2.0896e-05, -0.998674

75
-0.0323376, -0.018002, -0.0257013
-0.997978, -9.13874e-06, -0.063562
8.57591e-06, -1, 9.12767e-06
-0.063562, 8.56411e-06, 0.997978

76
0.0629984, -0.0289663, 0.0713794
0.000903798, -0.000104405, 1
-0.939278, -0.343157, 0.00081309
0.343157, -0.939278, -0.000408211

77
0.00432939, -0.0171991, 0.0680106
-0.0109204, -3.94465e-05, 0.99994
-0.703893, 0.710265, -0.00765921
-0.710222, -0.703934, -0.00778412

78
-0.0470974, 0.019002, 0.0839132
-0.992588, 0.0462559, -0.112378
-0.00830106, 0.896762, 0.442435
0.121242, 0.440088, -0.889732

79
0.0088272, 0.0189002, 0.0601174
0.0143549, 5.00768e-05, -0.999897
-0.01805, 0.999837, -0.000209058
0.999734, 0.0180512, 0.0143534

80
-0.00839386, -0.0197743, 0.0773344
0.999959, -0.00870245, -0.00238227
-0.00770956, -0.961279, 0.275468
-0.00468728, -0.275439, -0.961307

81
-0.00380309, -0.0259975, 0.0832465
0.00285448, -0.00155413, 0.999995
-0.159906, -0.987132, -0.00107769
0.987128, -0.159902, -0.00306626

82
-0.00945223, -0.012632, -0.0671888
0.0123857, -0.00504899, 0.999911
0.107339, -0.994202, -0.00634975
0.994145, 0.107408, -0.0117719

83
-0.00410709, 0.0201634, 0.0826601
-0.0147983, 0.000194191, 0.99989
0.0433134, 0.999061, 0.000447004
-0.998952, 0.0433152, -0.0147928

84
-0.00380033, -0.0259598, 0.0899927
-0.0114891, 0.00323979, 0.999929
-0.159176, -0.987249, 0.0013698
0.987183, -0.159149, 0.0118583

85
0.0397192, 0.0465678, 0.0440015
-0.00816917, 0.00298475, 0.999962
0.691401, 0.722463, 0.00349193
-0.722425, 0.691403, -0.00796558

86
0.0366837, -0.0173584, 0.115754
-0.99999, 1.47079e-05, -0.00442043
0.00311537, -0.707094, -0.707113
-0.00313606, -0.707119, 0.707087

87
0.039213, 0.0103937, 0.0579853
0.999921, -0.00202412, -0.012386
-0.00011678, -0.988367, 0.152091
-0.0125498, -0.152077, -0.988289

88
0.0118383, 0.0182596, 0.0837924
0.00785222, 2.87343e-05, -0.999969
-0.00524031, 0.999986, -1.24146e-05
0.999955, 0.00524024, 0.00785226

89
-0.0256435, 0.0180865, 0.0716344
0.00463973, 0.000784158, -0.999989
-0.241779, 0.970331, -0.000360899
0.97032, 0.241778, 0.00469167

90
-0.00572293, -0.0180013, -0.0346596
-0.998812, -2.17936e-06, 0.0487313
3.28554e-06, -1, 2.26194e-05
0.0487313, 2.27526e-05, 0.998812

91
-0.0108301, -0.0128762, -0.0635471
0.00151563, 0.000209162, -0.999999
0.617475, 0.786589, 0.00110039
0.786589, -0.617476, 0.00106302

92
-0.0176807, 0.0281923, 0.0612744
-0.999629, -8.98092e-06, 0.0272214
0.0251463, 0.38265, 0.923551
-0.0104246, 0.923894, -0.382508

93
-0.0278062, 0.0209454, -0.0667919
0.0123857, -0.00504899, 0.999911
0.778867, -0.627058, -0.0128139
0.627067, 0.778956, -0.00383404

94
0.01779, 0.0179984, 0.0316461
0.0449258, 1.24019e-05, -0.99899
-1.58789e-05, 1, 1.17004e-05
0.99899, 1.53372e-05, 0.0449258

95
0.00268607, 0.0219219, 0.0442644
-0.00268495, -0.000391708, -0.999996
-0.0784875, 0.996915, -0.000179765
0.996911, 0.0784868, -0.00270741

96
0.0400898, 0.00788312, -0.0716346
0.999982, -0.00224731, -0.0055546
0.00332446, 0.979323, 0.202275
0.00498517, -0.20229, 0.979313

97
-0.0461442, -0.0186158, -0.0876847
0.00219774, 0.00493279, -0.999985
0.672266, 0.740292, 0.00512924
0.740306, -0.672268, -0.00168918

98
0.0142327, 0.0179982, -0.023018
-0.988356, 9.0704e-06, 0.152157
1.0757e-05, 1, 1.02612e-05
-0.152157, 1.17785e-05, -0.988356

99
0.0269125, -0.0162982, 0.0321936
0.00310925, 0.00525161, -0.999981
0.205935, -0.978555, -0.00449877
-0.978561, -0.205917, -0.00412407

100
0.0109127, 0.0153684, -0.0221454
-0.0110336, 0.00217707, 0.999937
-0.0525574, 0.998614, -0.00275412
-0.998557, -0.0525845, -0.0109039

101
-0.0153314, -0.0221454, -0.0545759
-0.000833863, -0.00414753, 0.999991
-0.0828565, -0.996553, -0.00420236
0.996561, -0.0828593, 0.000487339

102
0.0470143, -0.0380776, 0.126297
-0.926186, 0.334371, 0.174288
-0.170093, 0.0420318, -0.984531
-0.336524, -0.941504, 0.0179449

103
0.0300789, -0.0081464, 0.0440861
-0.00816917, 0.00298475, 0.999962
-0.402846, 0.915248, -0.00602293
-0.915231, -0.40288, -0.00627442

104
-0.0317129, -0.0225112, -0.149906
0.999946, 0.0040729, 0.00960962
-0.00539828, -0.586172, 0.810168
0.00893262, -0.810176, -0.586118

105
-0.0256387, -0.0255768, -0.0635722
0.00151563, 0.000209162, -0.999999
0.871487, 0.490416, 0.00142343
0.490416, -0.871488, 0.000561005

106
-0.0268849, 0.0245376, 0.0833909
0.00285448, -0.00155413, 0.999995
0.850794, -0.525489, -0.00324527
0.525491, 0.850799, -0.000177752

107
-0.0231038, -0.0180014, -0.0114271
-0.983462, -7.51459e-06, 0.181114
1.09061e-05, -1, 1.77301e-05
0.181114, 1.94122e-05, 0.983462

108
-0.00411449, 0.0201181, 0.0714451
0.000903798, -0.000104405, 1
0.0424101, 0.9991, 6.59811e-05
-0.9991, 0.04241, 0.000907413

109
0.0846246, -0.0303158, -0.0212326
-0.0110336, 0.00217707, 0.999937
-0.668923, -0.74331, -0.00576274
0.74325, -0.668944, 0.00965766

110
0.0305507, 0.0173626, 0.0840552
0.99996, -0.000743867, -0.00894448
-0.00685225, -0.706914, -0.707266
-0.00579687, 0.707299, -0.706891

111
0.0629538, -0.0289818, 0.0836622
-0.0147983, 0.000194191, 0.99989
-0.939487, -0.342306, -0.0138378
0.342266, -0.939588, 0.00524799

112
-0.0269176, 0.0245574, 0.0895634
-0.0114891, 0.00323979, 0.999929
0.851124, -0.524838, 0.0114798
0.524838, 0.851196, 0.00327243

113
-0.0449963, 0.0179979, -0.0185797
-0.899589, -1.12033e-05, 0.436737
-7.5632e-06, 1, 1.00737e-05
-0.436737, 5.75908e-06, -0.899589

114
-0.0431328, 0.0186331, -0.0544472
-0.00101685, -0.00323162, 0.999994
0.732715, -0.680534, -0.00145417
0.680535, 0.732709, 0.00305986

115
-0.0212661, 0.000259446, 0.04149
-0.0017647, -0.000676674, 0.999998
0.0652378, -0.99787, -0.000560108
0.997868, 0.0652367, 0.00180508

116
-0.0479471, 0.02276, 0.108529
-0.999015, 0.038068, -0.0228079
0.00338708, 0.577859, 0.81613
0.0442481, 0.815249, -0.577418

117
0.0231551, -0.0236006, -0.0757301
0.00297146, -0.003173, -0.999991
0.111955, -0.993707, 0.00348574
-0.993709, -0.111964, -0.00259753

118
-0.0445061, -0.0498668, 0.074598
-0.00451621, 0.00133987, 0.999989
-0.757285, -0.653079, -0.00254505
0.653069, -0.757288, 0.00396411

119
0.0258542, 0.0108995, 0.0439947
-0.00816917, 0.00298475, 0.999962
-0.0219376, 0.999754, -0.00316335
-0.999726, -0.0219627, -0.00810168

120
0.0258489, 0.0110866, 0.0262984
-0.00199215, -0.00197013, 0.999996
-0.0182242, 0.999832, 0.0019335
-0.999832, -0.0182203, -0.00202772

121
-0.0139548, 0.0189466, -0.0813065
0.99999, -0.00275031, -0.00350196
0.00174952, 0.965879, -0.258989
0.00409477, 0.25898, 0.965874

122
-0.0816582, 0.020825, 0.0149185
0.0159135, -0.000447423, 0.999873
0.776453, 0.630059, -0.0120757
-0.629974, 0.776547, 0.0103738

123
0.0242304, 0.00248405, -0.0274528
-0.00413386, -0.00200933, -0.999989
-0.409719, -0.912205, 0.00352667
-0.912203, 0.409729, 0.00294767

124
-0.0632488, 0.0293376, 0.00864599
0.01497, -0.000112713, 0.999888
0.946694, 0.321824, -0.0141373
-0.321787, 0.946799, 0.0049244

125
-0.031703, 0.00282291, -0.0544867
-0.00101685, -0.00323162, 0.999994
0.416511, -0.909127, -0.00251444
0.90913, 0.416506, 0.00227045

126
-0.0800487, -0.0319184, -0.06681
-0.00142743, 0.0042844, -0.99999
0.998328, -0.0577779, -0.00167261
-0.0577844, -0.99832, -0.00419477

127
-0.00262046, -0.017172, 0.0836778
0.00785222, 2.87343e-05, -0.999969
0.70337, 0.710802, 0.00554361
0.710781, -0.703392, 0.00556117

128
-0.0351339, 0.0195261, -0.098639
0.00624514, -0.0310954, 0.999497
0.75079, -0.660059, -0.0252263
0.660511, 0.75057, 0.019224

129
-0.0140469, 0.00895175, 0.0594841
-0.00253161, 0.000828068, 0.999996
0.53908, -0.842252, 0.00206219
0.842251, 0.539083, 0.00168586

130
-0.0271633, 0.0247035, 0.0227626
0.0267433, -0.00136377, 0.999641
0.853794, -0.520077, -0.023551
0.519923, 0.854118, -0.0127442

131
-0.0323307, 0.000190566, -0.0848433
0.999992, -0.00320229, 0.00259222
0.00229097, 0.955139, 0.296149
-0.00342429, -0.296141, 0.955138

132
-0.0646607, 0.0306567, 0.0835082
0.00285448, -0.00155413, 0.999995
0.973181, 0.230029, -0.00242044
-0.230024, 0.973183, 0.00216906

133
-0.0344068, 0.0351613, -0.0872535
0.00362082, 0.00897866, -0.999953
-0.403317, 0.915035, 0.00675576
0.915053, 0.403274, 0.00693443

134
0.0317188, -0.0180035, 0.109355
-0.999099, 1.22221e-05, -0.0424348
-1.12606e-05, -1, -2.2897e-05
-0.0424348, -2.23985e-05, 0.999099

135
-0.0528612, 0.0435684, 0.134353
-0.995541, -0.0442549, -0.0832995
-0.0773157, -0.123025, 0.989387
-0.0540332, 0.991416, 0.119055

136
0.02184, -0.0320024, 0.0263993
-0.988356, 9.0704e-06, 0.152157
-0.152157, 1.17785e-05, -0.988356
-1.0757e-05, -1, -1.02612e-05

137
-0.00451187, -0.00646392, 0.0899213
-0.0114891, 0.00323979, 0.999929
0.230719, -0.973003, 0.00580349
0.972953, 0.230769, 0.0104314

138
-0.00542464, -0.0148003, 0.0942499
0.999977, -0.00646611, -0.00180482
-0.00411668, -0.80299, 0.595978
-0.00530292, -0.595958, -0.802998

139
-0.0303761, 0.0281917, -0.0565052
-0.997978, -9.13874e-06, -0.063562
-0.0587203, -0.382676, 0.922015
-0.024332, 0.923883, 0.381901

140
-0.00450046, -0.00650094, 0.0832788
0.00285448, -0.00155413, 0.999995
0.230024, -0.973183, -0.00216906
0.973181, 0.230029, -0.00242044

141
-0.020414, 0.0281918, 0.0192678
-0.999912, -6.62143e-06, 0.0132865
0.0122726, 0.382674, 0.923802
-0.00509051, 0.923884, -0.38264

142
-0.0831135, 0.0241102, 0.0592967
-0.00253161, 0.000828068, 0.999996
0.842251, 0.539083, 0.00168586
-0.53908, 0.842252, -0.00206219

143
-0.0636324, -0.030153, -0.0636307
0.00151563, 0.000209162, -0.999999
0.963011, -0.269459, 0.0014032
-0.269458, -0.963012, -0.000609824

144
-0.0360986, -0.00189224, -0.0875801
0.00219774, 0.00493279, -0.999985
0.33779, 0.941206, 0.00538522
0.941219, -0.337797, 0.000402277

145
0.00435261, -0.0172242, -0.00942432
0.00495412, 2.71167e-06, 0.999988
-0.704428, 0.709766, 0.00348794
-0.709758, -0.704437, 0.00351818

146
-0.0245593, 0.0153073, -0.0634962
0.00136737, 0.00574397, -0.999983
-0.126204, 0.991989, 0.00552548
0.992003, 0.126194, 0.00208133

147
-0.03216, 0.0319976, -0.0606011
-0.983462, -7.51459e-06, 0.181114
0.181114, 1.94122e-05, 0.983462
-1.09061e-05, 1, -1.77301e-05

148
0.00400993, -0.0158254, -0.0962313
0.999992, 0.00380834, -0.00132198
-0.00218365, 0.787377, 0.616468
0.00338862, -0.61646, 0.787379

149
-0.0626089, -0.0295556, 0.0444599
-0.00268495, -0.000391708, -0.999996
0.951062, -0.308991, -0.00243253
-0.308988, -0.951065, 0.00120216

150
0.0395915, -0.0233706, -0.148682
0.999982, -0.00224731, -0.0055546
0.00333348, -0.561662, 0.82736
-0.00497915, -0.827364, -0.561645

151
0.00434387, 0.017211, -0.0275114
-0.00250949, -6.73894e-06, -0.999997
-0.704265, -0.709935, 0.00177214
-0.709933, 0.704267, 0.00177683

152
-0.00859779, -0.049727, 0.101152
0.999959, -0.00870245, -0.00238227
-0.00213707, -0.484962, 0.874532
-0.00876589, -0.874492, -0.484961

153
-0.0288836, -0.0191268, 0.0801538
0.999939, 0.0106546, 0.00281951
0.00954074, -0.964876, 0.262532
0.00551765, -0.262489, -0.964919

154
-0.0674786, -0.0173583, 0.027811
0.0449258, 1.24019e-05, -0.99899
0.706404, -0.707096, 0.0317591
-0.706382, -0.707118, -0.0317756

155
0.0393927, -0.0223232, 0.0778357
0.999921, -0.00202412, -0.012386
0.00879148, -0.591346, 0.80637
-0.00895663, -0.806416, -0.591281

156
-0.0242813, -0.000482743, 0.0716253
0.00462924, 0.00154843, -0.999988
0.0695992, 0.997573, 0.00186689
0.997564, -0.069607, 0.00451023

157
0.024795, -0.00416071, -0.0757869
0.00297146, -0.003173, -0.999991
-0.276843, -0.960913, 0.00222637
-0.960911, 0.276834, -0.00373374

158
-0.0212963, 0.0278822, -0.0338304
0.0115588, 1.26982e-05, 0.999933
0.917632, -0.397291, -0.0106024
0.397264, 0.917693, -0.00460385

159
-0.0201598, 0.0319976, 0.0384003
-0.999912, -6.62143e-06, 0.0132865
0.0132865, -1.07329e-05, 0.999912
-6.47825e-06, 1, 1.08199e-05

160
-0.0141593, -0.0320024, 0.0203994
-0.99985, -4.03763e-06, -0.0173137
0.0173137, 7.50986e-06, -0.99985
4.16705e-06, -1, -7.43882e-06

161
0.0231322, -0.0233956, -0.0336051
2.75945e-05, 0.000644944, -1
0.107864, -0.994165, -0.000638205
-0.994166, -0.107864, -9.69997e-05

162
0.0412705, -0.0241255, 0.0442252
-0.00816917, 0.00298475, 0.999962
-0.722425, 0.691403, -0.00796558
-0.691401, -0.722463, -0.00349193

163
0.00589718, -0.00778, -0.0843682
-0.00468051, 0.000289218, -0.999989
-0.204447, -0.978877, 0.000673813
-0.978866, 0.204448, 0.00464077

164
0.0231333, 0.0233975, 0.00559384
0.00370883, -0.00179804, 0.999992
0.108005, 0.994149, 0.00138696
-0.994143, 0.107999, 0.00388133

165
0.0304416, 0.00114435, 0.0732127
0.99996, -0.000743867, -0.00894448
-0.00411229, -0.923775, -0.382913
-0.00797785, 0.382935, -0.923741

166
0.00384055, 0.0319976, 0.0324002
-0.999732, 6.96531e-07, 0.0231324
0.0231324, -7.66653e-06, 0.999732
8.7369e-07, 1, 7.64836e-06

167
-0.0871689, -0.0136131, 0.0445196
-0.00268495, -0.000391708, -0.999996
0.454015, -0.890994, -0.00087
-0.89099, -0.454015, 0.00257011

168
-0.0326662, 0.0259173, -0.071234
0.999946, 0.0040729, 0.00960962
-0.00249916, 0.987367, -0.158427
-0.0101335, 0.158395, 0.987324

169
0.0158406, 0.0319976, -0.0396006
-0.999535, 1.85708e-06, -0.0304803
-0.0304803, 7.196e-06, 0.999535
2.07556e-06, 1, -7.13605e-06

170
-0.00526826, 0.016808, -0.021359
-0.00672885, 7.2784e-06, 0.999977
0.696191, -0.717841, 0.0046899
0.717825, 0.696207, 0.00482518

171
0.0401009, -0.027698, 0.135893
0.999921, -0.00202412, -0.012386
0.00895663, 0.806416, 0.591281
0.00879148, -0.591346, 0.80637

172
-0.0511867, 0.00113172, 0.00932194
-0.0849061, 8.01427e-07, -0.996389
-0.3813, -0.92388, 0.0324913
-0.920544, 0.382682, 0.0784433

173
0.0652897, 0.0301545, -0.0214311
0.0106657, 0.000532976, -0.999943
-0.963086, 0.269004, -0.0101292
0.268984, 0.963139, 0.00338242

174
-0.0157984, -0.0180042, 0.130381
-0.999629, -8.98092e-06, 0.0272214
7.97972e-06, -1, -3.68885e-05
0.0272214, -3.66576e-05, 0.999629

175
-0.0428656, 0.0183833, -0.0574771
3.86837e-05, -0.00341959, 0.999994
0.727717, -0.685873, -0.00237357
0.685877, 0.727713, 0.00246196

176
-0.0246181, 0.0157509, 0.0656083
0.00491278, -0.00515652, -0.999975
-0.13504, 0.990823, -0.00577277
0.990828, 0.135065, 0.00417136

177
0.00395525, 0.00158665, -0.0874325
0.999992, 0.00380834, -0.00132198
-0.0033142, 0.96335, 0.268226
0.00229503, -0.268219, 0.963355

178
0.0338411, 0.0319976, 0.0594009
-0.999099, 1.22221e-05, -0.0424348
-0.0424348, -2.23985e-05, 0.999099
1.12606e-05, 1, 2.2897e-05

179
0.039595, -0.0305688, 0.0955154
0.999921, -0.00202412, -0.012386
0.0115498, -0.23773, 0.971263
-0.00491049, -0.971329, -0.237688

180
-0.0512736, -0.0281967, 0.0285396
0.0449258, 1.24019e-05, -0.99899
0.922953, -0.382669, 0.0415016
-0.382282, -0.923885, -0.0172032

181
-0.0107339, 0.0281921, 0.0492715
-0.999752, -4.69132e-06, -0.0222563
-0.0205641, 0.382661, 0.92366
0.00851228, 0.923889, -0.382566

182
-0.00200896, 0.00452466, -0.0635301
0.00151563, 0.000209162, -0.999999
0.269458, 0.963012, 0.000609824
0.963011, -0.269459, 0.0014032

183
-0.0904443, 0.01678, 0.0835603
0.00285448, -0.00155413, 0.999995
0.525491, 0.850799, -0.000177752
-0.850794, 0.525489, 0.00324527

184
-0.0104107, 0.00113073, -0.13074
-0.998812, -2.17936e-06, 0.0487313
0.0186456, 0.923888, 0.382208
-0.0450231, 0.382662, -0.922791

185
0.0303933, -0.0179888, 0.0694018
0.99996, -0.000743867, -0.00894448
-0.000746272, -1, -0.000265574
-0.00894428, 0.000272238, -0.99996

186
-0.0260282, -0.0261727, 0.085072
0.999954, 0.00956474, 0.00107668
0.00926021, -0.986513, 0.163424
0.00262526, -0.163406, -0.986555

187
0.0411354, -0.023996, 0.0262597
-0.00199215, -0.00197013, 0.999996
-0.719874, 0.694104, -6.66226e-05
-0.694101, -0.719872, -0.00280101

188
-0.0351626, -0.0360356, -0.0875383
1, -0.000803933, -0.00044342
0.000916041, 0.841238, 0.540664
-6.1635e-05, -0.540664, 0.841239

189
0.0558677, 0.0578352, 0.0264503
-0.00199215, -0.00197013, 0.999996
0.91675, 0.399452, 0.00261329
-0.399456, 0.916752, 0.00101035

190
-0.0346249, -0.0216129, -0.063722
0.00136737, 0.00574397, -0.999983
0.612213, 0.790675, 0.00537883
0.790692, -0.61221, -0.00243539

191
-0.0351448, -0.0178814, -0.0803949
1, -0.000803933, -0.00044342
0.000869898, 0.984106, 0.17758
0.00029361, -0.17758, 0.984106

192
0.0290659, -0.0102698, 0.0056977
-0.00674313, -0.0079707, -0.999945
-0.0945988, -0.995479, 0.00857302
-0.995493, 0.0946515, 0.00595862

193
0.0122683, -0.00777522, -0.0596607
0.999919, -0.00308619, 0.0123361
0.00554401, 0.978853, -0.204492
-0.0114441, 0.204543, 0.978791

194
-0.0321484, -0.00377341, -0.0667578
-0.00142743, 0.0042844, -0.99999
0.435429, 0.900217, 0.00323538
0.900222, -0.43542, -0.00315056

195
0.0260046, -0.0130428, 0.0176444
-0.0042794, -0.00777117, -0.999961
0.0808437, -0.996699, 0.00739985
-0.996718, -0.0808089, 0.00489353

196
-0.0161974, 0.0173517, 0.115743
-0.999629, -8.98092e-06, 0.0272214
0.0192541, -0.707133, 0.706819
0.0192428, 0.707081, 0.706871

197
-0.0171599, 0.0319976, 0.0804016
-0.999629, -8.98092e-06, 0.0272214
0.0272214, -3.66576e-05, 0.999629
-7.97972e-06, 1, 3.68885e-05

198
0.0135347, 0.0101719, -0.0843987
-0.00468051, 0.000289218, -0.999989
-0.56348, -0.826126, 0.00239847
-0.826116, 0.563485, 0.00402966

199
-0.0231591, -0.0320024, 0.0263993
-0.899589, -1.12033e-05, 0.436737
-0.436737, 5.75908e-06, -0.899589
7.5632e-06, -1, -1.00737e-05

200
0.0271379, 0.0144584, 0.102885
-0.15925, -0.0405458, 0.986405
0.160821, 0.984745, 0.0664411
-0.974051, 0.169215, -0.1503

201
0.00680186, -0.0172824, -0.0798798
0.999999, -0.00151234, 0.000616528
0.00143878, 0.994407, 0.105602
-0.000772787, -0.105601, 0.994408

202
-0.0446764, 0.0172247, 0.0233299
-0.00395237, 0.00596458, 0.999974
0.704532, -0.709638, 0.00701745
0.709661, 0.704542, -0.00139749

203
-0.0241599, -0.000179059, -0.012499
0.0020348, 0.00281149, -0.999994
0.00352765, 0.99999, 0.00281865
0.999992, -0.00353336, 0.00202486

204
-0.0459929, 0.0154436, -0.0637001
-0.00228875, 0.00553047, 0.999982
0.668918, -0.743314, 0.00564197
0.743332, 0.668919, -0.00199817

205
0.0263129, -0.00814657, 0.0802635
0.00243949, -0.00225767, -0.999994
-0.137122, -0.990552, 0.00190185
-0.990551, 0.137116, -0.00272602

206
-0.0816672, 0.0257943, -0.0661003
0.0123857, -0.00504899, 0.999911
0.627067, 0.778956, -0.00383404
-0.778867, 0.627058, 0.0128139

207
-0.0174383, -0.0173563, -0.0462445
-0.999969, -4.77576e-06, -0.00788917
0.00558163, -0.707136, -0.707055
-0.00557534, -0.707078, 0.707114

208
-0.0291599, 0.0319976, -0.0756007
-0.997978, -9.13874e-06, -0.063562
-0.063562, 8.56411e-06, 0.997978
-8.57591e-06, 1, -9.12767e-06

209
0.0392585, -0.00793903, 0.0646569
0.999921, -0.00202412, -0.012386
0.00469471, -0.854934, 0.518715
-0.0116392, -0.518733, -0.854857

210
-0.0783065, -0.00113727, 0.0273242
0.0449258, 1.24019e-05, -0.99899
0.382312, -0.923874, 0.0171816
-0.922941, -0.382698, -0.0415105

211
-0.0247103, -0.0014002, 0.0716234
0.00463973, 0.000784158, -0.999989
0.147951, 0.988994, 0.001462
0.988984, -0.147956, 0.00447264

212
-0.0140766, -0.018995, -0.0862948
0.99999, -0.00275031, -0.00350196
0.00413254, 0.866106, 0.499843
0.00165835, -0.499853, 0.866109

213
-0.0242655, 0.000251429, -0.0216792
0.00120739, 0.00575185, 0.999983
0.0650844, -0.997864, 0.00566108
0.997879, 0.0650764, -0.00157917

214
-0.0826514, 0.0223649, 0.0242438
0.0267433, -0.00136377, 0.999641
0.807079, 0.590077, -0.0207867
-0.589837, 0.807346, 0.0168813

215
-0.0296816, 0.00367586, 0.0745932
-0.00451621, 0.00133987, 0.999989
0.313556, -0.949566, 0.00268841
0.949559, 0.313565, 0.00386831

216
0.00084048, -0.0320024, -0.0155999
-0.999912, 3.40302e-07, -0.013285
0.013285, -6.60487e-06, -0.999912
-4.28018e-07, -1, 6.59977e-06

217
0.0164238, 0.0281914, -0.0587258
-0.999535, 1.85708e-06, -0.0304803
-0.0281593, 0.38269, 0.923448
0.0116662, 0.923877, -0.382512

218
-0.082931, -0.0259895, -0.02483
0.0124228, -0.00149063, -0.999922
0.879666, -0.475449, 0.0116376
-0.475429, -0.879742, -0.00459518

219
0.0218352, 0.0170464, 0.0900218
0.999997, -0.00165883, -0.00152455
-0.00225045, -0.767559, -0.640975
-0.000106915, 0.640977, -0.76756

220
0.0259909, -0.0128771, 0.0713843
0.000530749, -0.00282537, -0.999996
0.0774922, -0.996989, 0.00285801
-0.996993, -0.0774934, -0.000310206

221
0.0283027, 0.00649444, 0.0713308
0.000530749, -0.00282537, -0.999996
-0.309939, -0.950753, 0.00252174
-0.950756, 0.309937, -0.00138031

222
0.00901756, -0.0158265, 0.0714295
0.000903798, -0.000104405, 1
-0.676482, 0.736459, 0.000688294
-0.736459, -0.676482, 0.000594982

223
0.0126319, 0.023837, -0.0812246
0.999919, -0.00308619, 0.0123361
0.0120124, 0.547519, -0.836707
-0.00417203, 0.836787, 0.547512

224
0.000175192, -0.00191118, 0.00769291
0.01497, -0.000112713, 0.999888
0.321787, -0.946799, -0.0049244
0.946694, 0.321824, -0.0141373

225
-0.0484017, 0.0488521, 0.0715529
0.00463973, 0.000784158, -0.999989
-0.857084, 0.515165, -0.0035727
0.515157, 0.857091, 0.00306231

226
0.00677727, -0.0359077, -0.0856852
0.999999, -0.00151234, 0.000616528
0.00103352, 0.878301, 0.478107
-0.00126456, -0.478106, 0.878301

227
-0.0148025, -0.0281965, 0.0436122
-0.899589, -1.12033e-05, 0.436737
-0.403489, -0.382678, -0.831116
0.167139, -0.923882, 0.344249

228
0.027768, -0.00502794, 0.102186
-0.15925, -0.0405458, 0.986405
-0.224174, 0.974541, 0.00386646
-0.96145, -0.220511, -0.164285

229
0.0469891, 0.0235395, 0.00530734
-0.00674313, -0.0079707, -0.999945
-0.770811, -0.636981, 0.0102754
-0.637028, 0.770838, -0.00184866

230
0.0158115, 0.0194216, -0.0676205
0.999992, 0.00406586, 0.000463826
-0.004051, 0.999586, -0.0284817
-0.000579436, 0.0284796, 0.999594

231
-0.0869958, -0.0019673, 0.0587407
0.0143549, 5.00768e-05, -0.999897
0.399258, -0.916821, 0.00568596
-0.916726, -0.399298, -0.0131808

232
0.0903264, 0.0276079, -0.0277766
-0.00413386, -0.00200933, -0.999989
-0.912203, 0.409729, 0.00294767
0.409719, 0.912205, -0.00352667

233
-0.00642964, 0.0009465, -0.0274842
-0.00250949, -6.73894e-06, -0.999997
-0.378977, -0.925406, 0.000957279
-0.925403, 0.378978, 0.00231975

234
0.0300681, 0.017353, 0.00239792
-0.0849061, 8.01427e-07, -0.996389
-0.704554, 0.707106, 0.0600383
0.704552, 0.707108, -0.060037

235
-0.0144906, -0.0281965, 0.0395307
-0.99985, -4.03763e-06, -0.0173137
0.0159974, -0.382676, -0.923744
-0.00662181, -0.923882, 0.382619

236
-0.010156, 0.0182214, 0.0678538
-0.0109204, -3.94465e-05, 0.99994
0.00447563, 0.99999, 8.83269e-05
-0.99993, 0.00447633, -0.0109201

237
0.0128402, -0.0320024, -0.0395992
-0.998674, 5.23957e-06, -0.0514759
0.0514759, -2.0896e-05, -0.998674
-6.30826e-06, -1, 2.05986e-05

238
-0.0113368, 0.0135006, 0.013796
0.0159135, -0.000447423, 0.999873
0.629974, -0.776547, -0.0103738
0.776453, 0.630059, -0.0120757

239
-0.00223801, -0.00375602, 0.0136435
0.0159135, -0.000447423, 0.999873
0.284884, -0.958549, -0.004963
0.95843, 0.284927, -0.0151264

240
-0.0338968, 0.000964861, 0.0234695
-0.00395237, 0.00596458, 0.999974
0.379327, -0.925236, 0.00701807
0.925254, 0.379345, 0.00139435

241
0.00813269, -0.000894232, 0.0837627
0.00785222, 2.87343e-05, -0.999969
0.377825, 0.925872, 0.00299346
0.925844, -0.377837, 0.0072593

242
-0.082434, 0.0225289, 0.0889321
-0.0114891, 0.00323979, 0.999929
0.810599, 0.585555, 0.00741646
-0.58549, 0.810626, -0.00935365

243
0.0268143, -0.00818393, -0.0757741
0.00283393, -0.00355379, -0.99999
-0.19638, -0.980524, 0.00292808
-0.980524, 0.196369, -0.00347663

244
0.000586285, -0.0281962, 0.00353256
-0.999912, 3.40302e-07, -0.013285
0.0122736, -0.38269, -0.923795
-0.00508434, -0.923877, 0.382656

245
0.0266965, 0.00320933, 0.0322953
0.00310925, 0.00525161, -0.999981
-0.18422, -0.982868, -0.00573453
-0.98288, 0.184234, -0.00208854

246
-0.00525017, 0.0167877, -0.0340158
0.0115588, 1.26982e-05, 0.999933
0.695755, -0.718235, -0.00803349
0.718187, 0.695801, -0.00831075

247
-0.0199056, 0.0281914, 0.0575328
-0.999912, -6.62143e-06, 0.0132865
0.0122776, -0.382693, 0.923794
0.00507854, 0.923875, 0.38266

248
-0.0119466, 0.0173521, 0.103747
-0.999752, -4.69132e-06, -0.0222563
-0.0157339, -0.707124, 0.706915
-0.0157413, 0.70709, 0.706949

249
-0.0293017, 0.0188308, 0.0850028
0.999939, 0.0106546, 0.00281951
0.0106479, -0.867878, -0.496663
-0.00284475, 0.496663, -0.867939

250
0.00899086, -0.0157931, 0.082861
-0.0147983, 0.000194191, 0.99989
-0.675739, 0.737072, -0.010144
-0.736993, -0.675815, -0.0107762

251
0.0396167, -0.0320019, 0.0683954
-0.0109204, -3.94465e-05, 0.99994
-0.99993, 0.00447633, -0.0109201
-0.00447563, -0.99999, -8.83269e-05

252
0.0494904, 0.0224763, 0.0506086
0.00385805, 0.00795538, -0.999961
-0.809576, -0.586963, -0.0077932
-0.587002, 0.809575, 0.00417595

253
0.0339623, 0.0213145, 0.032413
0.00310925, 0.00525161, -0.999981
-0.546329, -0.837548, -0.00609726
-0.837565, 0.546338, 0.000264954

254
0.0370444, -0.00113574, 0.0342059
-0.99999, 1.47079e-05, -0.00442043
0.00170514, 0.923886, -0.382663
0.00407835, -0.382667, -0.923877

255
-0.0262235, 0.00113139, -0.121701
-0.997978, -9.13874e-06, -0.063562
-0.024332, 0.923883, 0.381901
0.0587203, 0.382676, -0.922015

256
0.0641625, 0.0327938, 0.00511776
-0.00674313, -0.0079707, -0.999945
-0.955917, -0.293507, 0.0087858
-0.293561, 0.955924, -0.00564017

257
0.0401344, 0.0273916, -0.0714915
0.999982, -0.00224731, -0.0055546
0.00116366, 0.98219, -0.187889
0.00587792, 0.187879, 0.982175

258
0.0867097, 0.0313727, 0.0508229
0.00385805, 0.00795538, -0.999961
-0.98753, 0.15741, -0.00255778
0.157384, 0.987501, 0.00846347

259
0.0370615, 0.0179985, 0.0304003
-0.99999, 1.47079e-05, -0.00442043
1.46288e-05, 1, 1.7923e-05
0.00442043, 1.78581e-05, -0.99999

260
-0.0173102, -0.0281956, -0.0624647
-0.999969, -4.77576e-06, -0.00788917
0.00729034, -0.382722, -0.923835
-0.00301494, -0.923864, 0.38271

261
0.0490213, -0.00521962, -0.0902622
0.999908, 0.0117407, -0.0068454
-0.0131005, 0.966697, -0.255589
0.00361663, 0.255656, 0.966761

262
-0.0111821, -0.032064, -0.0672655
0.0123857, -0.00504899, 0.999911
-0.281275, -0.959626, -0.00136149
0.959547, -0.281233, -0.0133058

263
0.0369244, -0.028196, 0.061265
-0.99999, 1.47079e-05, -0.00442043
0.00408954, 0.3827, -0.923864
0.00167811, -0.923873, -0.382696

264
-0.0383633, -0.00111741, 0.101971
0.0963455, 0.48646, 0.868374
0.433632, -0.805801, 0.403296
0.895924, 0.3377, -0.28858

265
-0.0279437, 0.0281914, -0.0946961
-0.997978, -9.13874e-06, -0.063562
-0.0587269, 0.382691, 0.922008
0.0243162, 0.923876, -0.381918

266
0.00339792, 0.0281917, 0.0132711
-0.999732, 6.96531e-07, 0.0231324
0.0213719, 0.382676, 0.923635
-0.00885157, 0.923882, -0.382574

267
-0.0293651, -0.0192149, 0.0146603
0.00592386, 0.000215783, -0.999982
0.44424, 0.895903, 0.00282499
0.895888, -0.444249, 0.00521134

268
0.0248505, 0.00396427, 0.00555253
0.00370883, -0.00179804, 0.999992
-0.280659, 0.959804, 0.00276671
-0.9598, -0.280667, 0.00305512

269
0.034653, 0.028192, 0.0402839
-0.999099, 1.22221e-05, -0.0424348
-0.0392003, 0.382663, 0.923056
0.0162495, 0.923888, -0.382318

270
-0.027296, -0.0156867, 0.0746299
-0.00451621, 0.00133987, 0.999989
-0.0736922, -0.997281, 0.00100343
0.997271, -0.0736869, 0.00460267

271
-0.0343541, -0.021258, 0.0657514
0.00491278, -0.00515652, -0.999975
0.605134, 0.796123, -0.00113237
0.796109, -0.605113, 0.00703156

272
-0.0801383, 0.0195762, 0.00889775
0.01497, -0.000112713, 0.999888
0.751489, 0.659651, -0.0111767
-0.659576, 0.751572, 0.00995966

273
-0.0392952, 0.0206516, 0.074527
-0.00451621, 0.00133987, 0.999989
0.653069, -0.757288, 0.00396411
0.757285, 0.653079, 0.00254505

274
0.00532072, 0.000422895, -0.0212876
-0.00672885, 7.2784e-06, 0.999977
0.368497, -0.929625, 0.00248639
0.929604, 0.368506, 0.00625263

275
-0.0290874, -0.0068321, -0.089864
0.99999, -0.0044623, -0.000456438
0.00424754, 0.974715, -0.22341
0.00144182, 0.223406, 0.974724

276
-0.00805264, 0.0182457, 0.0816732
0.999959, -0.00870245, -0.00238227
-0.00876589, -0.874492, -0.484961
0.00213707, 0.484962, -0.874532

277
-0.0258053, -0.00372179, 0.0657029
0.00491278, -0.00515652, -0.999975
0.254413, 0.967088, -0.00373703
0.967083, -0.254388, 0.00606297

278
0.04372, -0.0319574, 0.0713965
0.000903798, -0.000104405, 1
-0.9991, 0.04241, 0.000907413
-0.0424101, -0.9991, -6.59811e-05

279
-0.0126296, 0.0112754, 0.0897706
-0.0114891, 0.00323979, 0.999929
0.58549, -0.810626, 0.00935365
0.810599, 0.585555, 0.00741646

280
-0.0292587, -0.0445652, -0.0962398
0.99999, -0.0044623, -0.000456438
0.00402299, 0.8472, 0.531259
-0.00198395, -0.531256, 0.847209

281
-0.0405238, -0.0520291, -0.0546729
-0.00101685, -0.00323162, 0.999994
-0.680535, -0.732709, -0.00305986
0.732715, -0.680534, -0.00145417

282
0.00686405, 0.0194217, -0.090709
0.999999, -0.00151234, 0.000616528
0.00156381, 0.777823, -0.628481
0.000470926, 0.628481, 0.777825

283
0.0476432, 0.0232877, 0.0231987
-0.000321584, -0.00508882, -0.999987
-0.825812, -0.563937, 0.00313538
-0.563946, 0.825802, -0.00402105

284
-0.0175238, -0.00113465, -0.0354069
-0.999969, -4.77576e-06, -0.00788917
0.00302316, -0.923895, -0.382633
-0.00728694, -0.382645, 0.923867

285
-0.0485394, 0.0206457, 0.0883048
0.98734, -0.0671874, 0.143689
0.0439769, -0.754405, -0.654935
0.152403, 0.652962, -0.741899

286
-0.0332175, 0.0174026, -0.0874786
0.00219774, 0.00493279, -0.999985
-0.0481115, 0.99883, 0.00482135
0.99884, 0.0481002, 0.00243249

287
0.0378517, 0.0235067, 0.0712878
0.000530749, -0.00282537, -0.999996
-0.650185, -0.759774, 0.00180157
-0.759776, 0.650181, -0.00224027

288
-0.0512231, 0.0468434, 0.131813
-0.992588, 0.0462559, -0.112378
-0.11519, -0.0634126, 0.991317
0.0387281, 0.996915, 0.0682708

289
-0.0782925, 0.00113216, 0.087935
0.357946, -1.7945e-05, 0.933742
0.357341, 0.923876, -0.136967
-0.86266, 0.382691, 0.330704

290
0.0129004, -0.035883, -0.0874406
0.999993, 0.0036525, 0.000908485
-0.00356817, 0.843185, 0.537612
0.00119761, -0.537612, 0.843192

291
-0.0258039, 0.00371452, -0.0514856
-0.00170414, -0.00253714, 0.999995
0.254343, -0.967112, -0.00202027
0.967113, 0.254338, 0.0022934

292
-0.00822851, -0.000332719, 0.0757223
0.999959, -0.00870245, -0.00238227
-0.00891645, -0.993512, -0.113377
-0.00138016, 0.113393, -0.993549

293
0.0432274, -0.00360817, -0.0877185
