0
-0.0315331, 0.00534053, -0.0265432
0.215484, 0.976507, 0.000507388
0.0102062, -0.00173261, -0.999946
-0.976454, 0.215477, -0.0103397

1
-0.0167678, -0.0353025, -0.0285465
-0.8974, 0.441199, 0.00408056
-0.00789447, -0.00680909, -0.999946
-0.441147, -0.897384, 0.0095935

2
-0.0115012, -0.0354923, -0.0286371
-0.961191, 0.275852, 0.0042059
-0.00618906, -0.00631907, -0.999961
-0.275815, -0.961179, 0.0077811

3
0.005704, -0.0289815, -0.0272768
-0.951177, -0.308555, 0.00750501
-0.0148546, 0.0214773, -0.999659
0.308289, -0.950964, -0.0250121

4
-0.0766273, -0.000634031, 0.0278983
0.00065691, -0.999651, -0.026397
0.89881, -0.0109805, 0.4382
-0.438337, -0.0240137, 0.89849

5
-0.00806184, -0.0303429, -0.0298645
-0.978335, 0.206988, 0.0041333
-0.000572559, 0.0172596, -0.999851
-0.207028, -0.978191, -0.0167672

6
0.032498, 0.00783113, -0.0260148
0.265288, -0.96416, -0.00416421
-0.000884989, 0.00407546, -0.999991
0.964169, 0.26529, 0.0002279

7
0.0203455, -0.0119247, -0.0318701
-0.430377, -0.902645, 0.00282387
-0.0525545, 0.0219344, -0.998377
0.901118, -0.429827, -0.0568781

8
0.00540905, -0.0493359, -0.0259971
-0.998014, -0.0623824, 0.00871456
-0.00866131, -0.00112393, -0.999962
0.0623898, -0.998052, 0.00058139

9
0.0318948, -0.0747208, 0.0316029
-0.913906, -0.403989, 0.0396076
0.311377, -0.760291, -0.57009
0.260423, -0.508676, 0.820627

10
-0.00887912, -0.0221561, -0.0307404
-0.93871, 0.344701, 0.00233776
0.0303155, 0.0893087, -0.995543
-0.343374, -0.934454, -0.0942847

11
-0.0062451, -0.0222208, 0.0184963
-0.976136, 0.216837, -0.0118623
-0.174467, -0.750529, 0.637392
0.129307, 0.624251, 0.770449

12
0.0184811, 0.00199505, -0.034027
0.148973, -0.988835, -0.0034476
-0.099412, -0.0115079, -0.99498
0.983831, 0.148568, -0.100016

13
0.0235798, -0.00358792, 0.0164458
0.104406, 0.994509, 0.00718977
-0.90418, 0.0979292, -0.415774
-0.414195, 0.0369086, 0.90944

14
0.015662, -0.0178892, 0.0279637
-0.299988, 0.293811, -0.90757
-0.714063, -0.700018, 0.00940681
-0.632552, 0.650884, 0.419796

15
0.00442552, 0.0140339, -0.0347053
0.8822, -0.470831, -0.00635579
-0.0872539, -0.150194, -0.984799
0.462719, 0.869344, -0.173583

16
-0.00259544, 0.0209315, -0.0506979
-0.993696, 0.106653, 0.0345472
0.0549832, 0.732186, -0.678882
-0.0977, -0.672703, -0.733434

17
0.00253531, -0.0223339, 0.0217605
-0.0849002, 0.468178, -0.879546
-0.980886, -0.194385, -0.008788
-0.175085, 0.861988, 0.475732

18
-0.0690977, -0.0378744, 0.0217409
0.487365, -0.872722, -0.0288491
0.737354, 0.393623, 0.548973
-0.467745, -0.288822, 0.835342

19
0.00836839, -0.0220631, 0.0214062
-0.1526, 0.444579, -0.882645
-0.921003, -0.387876, -0.0361375
-0.358423, 0.807404, 0.468648

20
0.0188094, -0.0106692, 0.0235406
-0.423788, 0.158306, -0.89182
-0.406134, -0.913292, 0.0308749
-0.809604, 0.375283, 0.451336

21
0.0450096, -0.0252497, 0.0257571
-0.161789, 0.354047, -0.921127
-0.88607, 0.358773, 0.293531
0.4344, 0.863674, 0.255665

22
-0.00896771, 0.0174928, 0.0239568
-0.951177, -0.308555, 0.00750501
0.308289, -0.950964, -0.0250121
0.0148546, -0.0214773, 0.999659

23
0.00683408, 0.0740233, 0.0227676
-0.991905, 0.122807, 0.0322823
-0.0886715, -0.851881, 0.516174
0.0908904, 0.509133, 0.855875

24
0.0734803, 0.0142455, 0.0240227
-0.201782, 0.979428, 0.00219953
-0.862647, -0.178786, 0.473155
0.463814, 0.0935769, 0.880977

25
0.00616978, 0.0235681, 0.0282284
0.14535, 0.399654, 0.905069
-0.948223, 0.317374, 0.0121363
-0.282396, -0.859971, 0.425091

26
0.00794066, 0.0200832, 0.0238739
0.180072, 0.421207, 0.888909
-0.912634, 0.408683, -0.00877561
-0.366978, -0.809668, 0.458001

27
-0.00554777, -0.02467, -0.0298117
-0.987608, 0.156882, 0.0041882
0.0077534, 0.0754289, -0.997121
-0.156747, -0.984733, -0.0757106

28
-0.00450159, -0.0241137, 0.0235267
-0.061195, -0.446954, 0.892462
0.992674, -0.120577, 0.00768053
0.104177, 0.886394, 0.451058

29
-0.0499217, -0.0354374, 0.0358728
-0.388495, 0.0126715, 0.921364
-0.66698, -0.693774, -0.271692
0.635775, -0.720082, 0.277979

30
-0.0183472, 0.0125545, 0.0206105
0.462709, -0.238774, -0.853749
0.583659, 0.806923, 0.0906499
0.667264, -0.540243, 0.512733

31
0.0455814, 0.0174914, 0.0174769
0.180072, 0.421207, 0.888909
-0.904822, -0.28354, 0.31765
0.385837, -0.861504, 0.330061

32
-0.0267889, -0.0106715, 0.0167587
0.349564, -0.936893, -0.00609734
0.857085, 0.322403, -0.401823
0.378431, 0.135237, 0.915697

33
-0.0054034, -0.000203391, -0.030831
0.104406, 0.994509, 0.00718977
0.0366512, 0.00337682, -0.999322
-0.993859, 0.104599, -0.0360974

34
-6.74182e-05, 0.0189567, 0.0201944
-0.991905, 0.122807, 0.0322823
-0.117905, -0.796378, -0.593195
-0.0471395, -0.592199, 0.804412

35
0.00258954, 0.0227468, 0.0209824
-0.984299, 0.176385, 0.00657639
-0.168045, -0.925054, -0.34064
-0.0540004, -0.336396, 0.940171

36
0.0187188, -0.00301659, 0.0209356
0.0920965, 0.995735, 0.0054885
-0.815477, 0.078585, -0.57343
-0.571415, 0.0483352, 0.819236

37
0.012019, 0.0758619, 0.00769872
-0.984299, 0.176385, 0.00657639
-0.114198, -0.664793, 0.738248
0.134588, 0.725905, 0.674498

38
-0.0259386, -0.0673193, 0.0234954
-0.348003, -0.195981, 0.91678
-0.555167, -0.74492, -0.369979
0.755436, -0.63772, 0.150432

39
-0.0299663, 0.0204899, 0.0409888
0.28932, -0.24759, -0.924658
0.613385, 0.789543, -0.019486
0.734882, -0.561534, 0.380299

40
0.0177325, -0.0274729, 0.0407815
-0.248292, 0.284994, -0.925813
-0.810086, -0.585134, 0.037133
-0.531141, 0.759208, 0.376154

41
0.0169737, 0.0142431, 0.0196675
-0.639235, 0.768947, 0.00995047
-0.705371, -0.581131, -0.40588
-0.306317, -0.266471, 0.913872

42
-0.0082818, 0.0249381, 0.0329621
0.0875116, -0.390084, -0.916611
0.974084, 0.226164, -0.00325054
0.208573, -0.892572, 0.399766

43
0.0302822, -0.0169939, 0.0439145
-0.34039, 0.166501, -0.925425
-0.459885, -0.887929, 0.0094001
-0.820147, 0.428789, 0.378814

44
-0.0138023, -0.0186024, 0.0189959
-0.853201, 0.521451, 0.0117301
-0.33692, -0.56816, 0.750786
0.398162, 0.636619, 0.660442

45
0.0133965, -0.0121762, -0.0353943
-0.558817, -0.829272, 0.00550674
-0.108674, 0.0666452, -0.991841
0.822139, -0.554856, -0.127363

46
-0.0205991, -0.0107767, 0.0213166
0.487365, -0.872722, -0.0288491
0.714313, 0.417469, -0.561673
0.502228, 0.253132, 0.826856

47
0.00772072, -0.0214188, 0.0174783
-0.913906, -0.403989, 0.0396076
0.260423, -0.508676, 0.820627
-0.311377, 0.760291, 0.57009

48
-0.00806859, -0.0246214, 0.0255902
-0.132954, -0.412378, 0.901259
0.968, -0.249301, 0.0287297
0.212837, 0.876238, 0.432327

49
0.00782188, -0.0759496, 0.0291716
-0.263386, 0.272304, -0.925461
0.322031, -0.879487, -0.350427
-0.909354, -0.390325, 0.143955

50
-0.0480052, -0.0660192, 0.0308607
-0.81937, 0.573214, -0.00765236
-0.452773, -0.65528, -0.604652
-0.35161, -0.491969, 0.796453

51
0.0186627, -0.00239221, 0.0222111
-0.484369, 0.0217797, -0.874593
-0.0637528, -0.997911, 0.010457
-0.872538, 0.0608228, 0.484745

52
-0.0706133, 0.0366045, 0.00599309
-0.471831, -0.881684, -0.00289516
0.563573, -0.304116, 0.768048
-0.678057, 0.360757, 0.640385

53
0.000646984, -0.061404, -0.0295118
-0.999428, 0.0327714, 0.008291
-0.00796786, 0.00997879, -0.999918
-0.0328515, -0.999413, -0.00971197

54
-0.0384158, -0.066718, 0.000835649
0.8822, -0.470831, -0.00635579
0.257687, 0.471445, 0.843408
-0.394106, -0.745693, 0.537236

55
0.0209651, 0.0364154, 0.0204944
0.862417, -0.506182, -0.00422711
0.500833, 0.854457, -0.138091
0.0735109, 0.116975, 0.990411

56
-0.00626731, 0.0298369, 0.0411383
0.0609319, -0.378479, -0.923602
0.989789, 0.142372, 0.00695611
0.128863, -0.914595, 0.383289

57
-0.0780617, -0.0297388, 0.00705673
0.349564, -0.936893, -0.00609734
0.677617, 0.248321, 0.692223
-0.647024, -0.246108, 0.721658

58
-0.00252894, -0.0255033, 0.0326979
-0.0358758, -0.393558, 0.918599
0.999077, -0.0358589, 0.0236557
0.0236301, 0.9186, 0.394481

59
-0.0225228, -0.0295768, 0.0321446
-0.81937, 0.573214, -0.00765236
-0.498114, -0.705285, 0.504436
0.283753, 0.417131, 0.863415

60
0.00663251, 0.0809705, 0.0293786
-0.993696, 0.106653, 0.0345472
-0.088186, -0.933884, 0.346532
0.0692219, 0.341301, 0.937402

61
-0.0146261, 0.0175356, 0.0263228
0.21572, -0.393273, -0.893757
0.83772, 0.544809, -0.0375338
0.501687, -0.740621, 0.446979

62
-0.00131413, -0.000878338, -0.0308398
0.0920965, 0.995735, 0.0054885
0.21585, -0.0145827, -0.976318
-0.972074, 0.0911002, -0.216272

63
-0.00668881, 0.00656293, -0.026114
0.841035, 0.540906, -0.00902433
-0.0390844, 0.0441161, -0.998262
-0.539567, 0.839925, 0.0582442

64
-0.0138147, -0.0190425, 0.0220094
-0.246127, -0.412953, 0.876865
0.854245, -0.519846, -0.00503955
0.457916, 0.747817, 0.480711

65
-0.0775528, -0.0268242, 0.0046261
0.326374, -0.945187, -0.0101051
0.638658, 0.212623, 0.739532
-0.696847, -0.247818, 0.673045

66
0.0045068, 0.00184568, -0.0266755
0.326374, -0.945187, -0.0101051
0.0411462, 0.0248866, -0.998843
0.944345, 0.32558, 0.0470132

67
-0.0265419, -0.00935324, 0.0180139
0.326374, -0.945187, -0.0101051
0.888207, 0.310321, -0.338806
0.323371, 0.101602, 0.940802

68
0.00112269, 4.73568e-05, -0.0300669
0.349564, -0.936893, -0.00609734
-0.021632, -0.00156462, -0.999765
0.936663, 0.349614, -0.0208138

69
0.00938195, 0.0686121, -0.00344971
-0.987608, 0.156882, 0.0041882
-0.0671475, -0.446528, 0.892247
0.141848, 0.880909, 0.451529

70
-0.0219104, -0.0170562, 0.018648
0.63906, -0.769126, -0.00689545
0.732056, 0.61096, -0.301367
0.236002, 0.187543, 0.953483

71
0.0106182, -0.062012, 0.0225589
-0.981628, -0.190796, 0.00157938
0.185031, -0.953924, -0.236205
0.0465736, -0.231574, 0.971702

72
0.0180022, -0.0235876, 0.0438771
-0.258817, 0.276589, -0.925479
-0.768059, -0.639947, 0.0235384
-0.585747, 0.716915, 0.378066

73
-0.0154266, -0.0247926, 0.0328566
-0.212198, -0.337537, 0.917083
0.879643, -0.474762, 0.0287961
0.425676, 0.812816, 0.397656

74
0.00272262, 0.000622851, 0.0239719
-0.998014, -0.0623824, 0.00871456
0.0623898, -0.998052, 0.00058139
0.00866131, 0.00112393, 0.999962

75
-0.0653311, 0.0290024, -0.00729562
-0.430377, -0.902645, 0.00282387
0.393397, -0.184752, 0.900614
-0.812413, 0.388714, 0.434611

76
-0.00745399, -0.00436054, -0.0281489
-0.518511, 0.855044, 0.00671413
-0.0184832, -0.00335749, -0.999824
-0.854871, -0.518544, 0.0175449

77
0.0622006, -0.015354, -0.00641539
0.215484, 0.976507, 0.000507388
-0.383102, 0.0840604, 0.919873
0.89822, -0.198412, 0.392216

78
-0.0465748, -0.0724752, 0.0301175
-0.853201, 0.521451, 0.0117301
-0.398162, -0.636619, -0.660442
-0.33692, -0.56816, 0.750786

79
0.00732059, -0.0252133, 0.0323909
-0.161789, 0.354047, -0.921127
-0.933714, -0.357018, 0.0267755
-0.319379, 0.864401, 0.388341

80
0.0203865, 0.00951066, 0.0191572
-0.43919, 0.898383, 0.00441819
-0.866278, -0.422182, -0.267065
-0.238062, -0.12112, 0.963668

81
-0.0296134, -0.0788113, 0.0294883
-0.942466, 0.333486, 0.0233238
-0.260053, -0.687519, -0.678005
-0.21007, -0.645062, 0.734688

82
0.00268795, -0.0119323, 0.0209698
-0.999428, 0.0327714, 0.008291
-0.0328515, -0.999413, -0.00971197
0.00796786, -0.00997879, 0.999918

83
0.00277901, -0.000545512, 0.0201718
0.265288, -0.96416, -0.00416421
0.890437, 0.246655, -0.38247
0.369789, 0.0977567, 0.923959

84
0.0485393, 0.0418279, 0.00676598
-0.484369, 0.0217797, -0.874593
-0.830517, -0.325691, 0.451848
-0.275006, 0.945225, 0.175843

85
0.00488894, 0.00199695, -0.0262376
0.449319, -0.893371, -0.000272225
0.0497029, 0.0253022, -0.998443
0.891988, 0.448606, 0.0557719

86
-0.0214974, 0.01447, 0.0196026
-0.631892, -0.775028, 0.00661289
0.752834, -0.615782, -0.232494
0.184261, -0.141933, 0.972575

87
0.0532505, -0.0399605, 0.00748253
-0.0849002, 0.468178, -0.879546
-0.537126, 0.721985, 0.436156
0.839218, 0.509457, 0.190174

88
-0.0257398, -0.00485795, 0.0207228
0.148973, -0.988835, -0.0034476
0.983831, 0.148568, -0.100016
0.099412, 0.0115079, 0.99498

89
-0.069973, -0.0365778, -0.000416434
0.464144, -0.885749, -0.00440743
0.508508, 0.262384, 0.820106
-0.725252, -0.382888, 0.572195

90
0.00968145, -0.0483734, 0.0147914
-0.246127, -0.412953, 0.876865
0.280247, -0.896373, -0.343478
0.927838, 0.1612, 0.336351

91
-0.021578, -0.000400063, 0.0204079
0.00065691, -0.999651, -0.026397
0.748931, 0.0179837, -0.662404
0.662648, -0.0193344, 0.748681

92
0.00128688, 0.00192438, 0.0150773
0.832021, -0.554742, -0.00176601
0.490014, 0.73344, 0.471118
-0.260054, -0.392845, 0.882068

93
-0.00615547, -0.0043768, -0.0272892
-0.639235, 0.768947, 0.00995047
0.0130666, 0.023798, -0.999631
-0.768901, -0.638869, -0.02526

94
0.0095217, 0.00527429, -0.0397661
0.464144, -0.885749, -0.00440743
-0.192259, -0.0958863, -0.976649
0.864643, 0.454153, -0.214798

95
-0.0259534, -0.0683858, 0.0216413
-0.161789, 0.354047, -0.921127
-0.0622487, -0.935227, -0.348533
-0.98486, 0.000949892, 0.173349

96
0.0590123, 0.0493127, 0.0102092
-0.639235, 0.768947, 0.00995047
-0.552934, -0.468576, 0.688985
0.534455, 0.434921, 0.724708

97
0.00339206, -6.28214e-05, -0.0344449
-0.201782, 0.979428, 0.00219953
0.282018, 0.0602518, -0.957515
-0.93795, -0.19259, -0.288374

98
-0.024939, -0.0130185, 0.0181631
0.449319, -0.893371, -0.000272225
0.84311, 0.424141, -0.330561
0.295429, 0.148298, 0.943785

99
-0.0636089, 0.0399225, -0.00416472
-0.558817, -0.829272, 0.00550674
0.415021, -0.273906, 0.867602
-0.71797, 0.487116, 0.497229

100
0.021014, -0.0232749, 0.0409159
-0.263386, 0.272304, -0.925461
-0.716897, -0.697178, -0.00110573
-0.645512, 0.663169, 0.378841

101
-0.0730042, -0.0371885, 0.0043023
0.449319, -0.893371, -0.000272225
0.595585, 0.299321, 0.745443
-0.665876, -0.335104, 0.666569

102
0.0336947, 0.0319985, 0.0147425
-0.484369, 0.0217797, -0.874593
-0.662058, -0.662621, 0.350161
-0.571898, 0.748638, 0.335372

103
-0.0036646, 0.0158445, -0.017459
-0.992394, -0.123067, 0.00281389
0.0311878, -0.229249, 0.972868
-0.119083, 0.965556, 0.231344

104
0.054903, 0.05146, 0.00192572
-0.686633, 0.726998, 0.00308412
-0.44838, -0.426817, 0.785355
0.572268, 0.537868, 0.619038

105
-0.0581264, 0.0501502, 0.00150296
-0.681092, -0.732157, 0.00768675
0.407507, -0.370321, 0.834745
-0.608318, 0.571671, 0.550583

106
-0.00870777, -0.0190574, 0.0198741
-0.942466, 0.333486, 0.0233238
-0.21007, -0.645062, 0.734688
0.260053, 0.687519, 0.678005

107
0.00259901, 0.0128826, 0.0209719
-0.961191, 0.275852, 0.0042059
-0.275815, -0.961179, 0.0077811
0.00618906, 0.00631907, 0.999961

108
-0.0231134, -0.0649019, 0.00527169
-0.1526, 0.444579, -0.882645
-0.0213125, -0.894378, -0.446804
-0.988058, -0.0493708, 0.145957

109
0.00373274, 0.0235484, 0.00666966
-0.999428, 0.0327714, 0.008291
-0.0175954, -0.713748, 0.700182
0.0288636, 0.699636, 0.713917

110
-0.0341181, -0.0106977, 0.020163
0.265288, -0.96416, -0.00416421
0.891114, 0.243536, 0.382891
-0.368154, -0.105287, 0.923784

111
-0.0536134, -0.0589262, 0.00494491
0.749367, -0.662144, -0.00380193
0.412389, 0.462204, 0.785049
-0.518059, -0.589858, 0.619422

112
-0.0312043, 0.0877457, 0.0248318
0.0904491, 0.370927, 0.924247
0.226183, 0.896148, -0.381785
-0.969876, 0.243581, -0.00284148

113
0.0668363, -0.0282243, 0.033469
0.370827, 0.927543, 0.0463816
-0.888303, 0.339683, 0.309086
0.270935, -0.155818, 0.949903

114
0.00568428, 0.00990711, 0.0209711
-0.8974, 0.441199, 0.00408056
-0.441147, -0.897384, 0.0095935
0.00789447, 0.00680909, 0.999946

115
-0.0193422, 0.0810008, 0.000535051
0.180072, 0.421207, 0.888909
0.366978, 0.809668, -0.458001
-0.912634, 0.408683, -0.00877561

116
-0.0195689, -0.0748673, 0.0230545
-0.970507, 0.240388, -0.0181643
-0.198245, -0.838693, -0.507241
-0.137169, -0.48868, 0.861613

117
-0.00430077, -0.0202863, 0.0213245
0.0452417, -0.533751, 0.844431
0.9931, -0.0675188, -0.0958845
0.108193, 0.842942, 0.527013

118
0.0115864, -0.0854343, 0.00744417
-0.299988, 0.293811, -0.90757
0.632552, -0.650884, -0.419796
-0.714063, -0.700018, 0.00940681

119
-0.0619612, 0.0472963, 0.000323076
-0.631892, -0.775028, 0.00661289
0.458333, -0.366778, 0.809571
-0.625014, 0.514593, 0.586985

120
-0.00114891, -0.00193684, -0.0337076
-0.981628, -0.190796, 0.00157938
-0.0277799, 0.151105, 0.988127
-0.188769, 0.96993, -0.153629

121
0.016527, 0.015142, 0.0190973
-0.686633, 0.726998, 0.00308412
-0.700294, -0.660261, -0.271374
-0.195252, -0.188494, 0.962469

122
-0.0356511, -0.000363476, 0.0414076
-0.388495, 0.0126715, 0.921364
-0.0220649, -0.999747, 0.00444584
0.921187, -0.0186026, 0.388676

123
-0.0411236, -0.0328316, 0.0166496
-0.061195, -0.446954, 0.892462
0.775591, 0.541514, 0.324377
-0.628262, 0.712036, 0.313515

124
0.011864, 0.063423, -0.00912031
-0.978335, 0.206988, 0.0041333
-0.0786972, -0.390283, 0.917325
0.191488, 0.897126, 0.398117

125
-0.00350635, -0.00960195, -0.0237723
-0.984299, 0.176385, 0.00657639
-0.0144181, -0.0432131, -0.998962
-0.175918, -0.983372, 0.0450778

126
0.0225599, -0.0846913, 0.0170691
-0.145746, -0.361725, 0.920822
-0.291489, -0.873743, -0.389367
0.945406, -0.325158, 0.0219062

127
0.0115301, -0.0294323, 0.0194653
-0.0655694, -0.474433, 0.877846
0.835992, -0.506443, -0.211264
0.54481, 0.72002, 0.429829

128
0.0516924, -0.0567934, 0.0246394
-0.722183, -0.691154, 0.0275315
0.608958, -0.654166, -0.448593
0.328057, -0.307201, 0.893312

129
-0.0222767, 0.0122344, 0.0205659
-0.558817, -0.829272, 0.00550674
0.822139, -0.554856, -0.127363
0.108674, -0.0666452, 0.991841

130
-0.0172254, -0.0326196, 0.0442597
-0.18072, -0.341244, 0.922438
0.903035, -0.429182, 0.0181478
0.389702, 0.836274, 0.385717

131
0.000633387, -0.0107988, 0.0034778
-0.981628, -0.190796, 0.00157938
0.113837, -0.578997, 0.807344
-0.153123, 0.792691, 0.590079

132
0.037188, -0.012459, 0.0394952
-0.263386, 0.272304, -0.925461
-0.909354, -0.390325, 0.143955
-0.322031, 0.879487, 0.350427

133
0.0134365, -0.0170928, 0.0177889
-0.722183, -0.691154, 0.0275315
0.536124, -0.534155, 0.653643
-0.437062, 0.48681, 0.756302

134
-0.0182956, -0.0761587, 0.0241594
-0.976136, 0.216837, -0.0118623
-0.186229, -0.863947, -0.467882
-0.111702, -0.454508, 0.883711

135
-0.0630113, -0.0510675, 0.00313927
0.63906, -0.769126, -0.00689545
0.498183, 0.407072, 0.765576
-0.586017, -0.492684, 0.643309

136
0.0381385, -0.0570428, 0.00995925
-0.061195, -0.446954, 0.892462
0.283633, -0.865064, -0.413784
0.956978, 0.22781, 0.179708

137
0.0190499, 0.0133202, 0.0305731
0.309521, 0.275197, 0.910199
-0.591168, 0.805429, -0.0424883
-0.744794, -0.524929, 0.411985

138
-0.00405891, 0.000447527, -0.0320364
-0.991905, 0.122807, 0.0322823
-0.001569, 0.24236, -0.970185
-0.126969, -0.962383, -0.240205

139
-0.0330823, 0.00314574, 0.0413862
-0.385862, 0.0439928, 0.921507
-0.135418, -0.990744, -0.00940551
0.912564, -0.128418, 0.388248

140
0.00530164, -0.0213881, -0.038026
-0.913906, -0.403989, 0.0396076
-0.188015, 0.507755, 0.840735
-0.359758, 0.760906, -0.539997

141
-0.00392203, -0.0341092, 0.0435829
-0.0473292, -0.369889, 0.92787
0.997321, -0.0693607, 0.0232216
0.0557683, 0.926483, 0.372181

142
0.0016999, 0.00108269, -0.0459665
0.326374, -0.945187, -0.0101051
-0.323371, -0.101602, -0.940802
0.888207, 0.310321, -0.338806

143
-0.00789006, -0.0325578, 0.0189311
-0.1526, 0.444579, -0.882645
-0.713733, -0.667331, -0.212731
-0.683592, 0.59751, 0.419145

144
-0.0602323, -0.0177661, -0.00690269
0.265288, -0.96416, -0.00416421
0.369789, 0.0977567, 0.923959
-0.890437, -0.246655, 0.38247

145
-0.00441896, -0.0367144, 0.0201012
-0.998765, 0.0494017, 0.00530875
-0.0476226, -0.921334, -0.385845
-0.0141703, -0.385621, 0.922548

146
-0.0535155, -0.0431854, 0.00948708
0.0452417, -0.533751, 0.844431
0.480001, 0.752938, 0.450204
-0.876101, 0.384959, 0.290265

147
-0.0124923, 0.0154934, 0.0198923
-0.824075, -0.565138, -0.038993
0.375256, -0.493036, -0.784919
0.424363, -0.661465, 0.61837

148
0.00231819, 0.0177037, 0.0209664
-0.978335, 0.206988, 0.0041333
-0.207028, -0.978191, -0.0167672
0.000572559, -0.0172596, 0.999851

149
0.00715719, 0.000627364, 0.00363156
-0.201782, 0.979428, 0.00219953
-0.463814, -0.0935769, -0.880977
-0.862647, -0.178786, 0.473155

150
0.0484682, 0.00454587, 0.0223853
0.268189, 0.336774, 0.902584
-0.952608, -0.0469233, 0.300561
0.143573, -0.940416, 0.308229

151
0.00339435, -0.0248944, 0.0166798
-0.981628, -0.190796, 0.00157938
0.163769, -0.838273, 0.520075
-0.0979042, 0.510779, 0.854119

152
0.00462183, 0.00537783, -0.0247034
0.63906, -0.769126, -0.00689545
0.0621084, 0.0605368, -0.996232
0.766645, 0.636223, 0.0864558

153
0.068776, 0.0345659, 0.0102312
-0.460201, 0.887802, -0.00480585
-0.645325, -0.330784, 0.688576
0.60973, 0.319985, 0.725148

154
-0.0077521, -0.0121562, -0.0221216
0.862417, -0.506182, -0.00422711
0.0735109, 0.116975, 0.990411
-0.500833, -0.854457, 0.138091

155
-0.00617733, -0.0210413, 0.0198916
-0.970507, 0.240388, -0.0181643
-0.202593, -0.772435, 0.601914
0.130662, 0.587841, 0.798354

156
0.0269551, -0.0477554, 0.0396344
-0.0972254, -0.364399, 0.926154
0.601004, -0.763235, -0.237206
0.79331, 0.53356, 0.293211

157
0.00518585, 0.00776267, -0.0201703
0.749367, -0.662144, -0.00380193
0.0747196, 0.0902646, -0.993111
0.657926, 0.74392, 0.117116

158
0.0197915, 0.0107974, 0.0305034
0.324035, 0.258435, 0.910062
-0.520539, 0.85196, -0.0565929
-0.789962, -0.455385, 0.410591

159
0.0126859, 0.0166589, 0.0284978
0.268189, 0.336774, 0.902584
-0.775117, 0.631795, -0.00542219
-0.572074, -0.698154, 0.430479

160
-0.00703059, -0.0104803, -0.0349913
-0.942466, 0.333486, 0.0233238
0.159868, 0.38833, 0.907547
0.293597, 0.859062, -0.419302

161
0.0202562, 0.0125099, 0.0329154
0.308659, 0.258074, 0.915493
-0.543405, 0.837798, -0.0529628
-0.780667, -0.481136, 0.398832

162
0.0200942, 0.00936983, 0.0220662
-0.438026, 0.89895, 0.00475645
-0.865241, -0.420154, -0.273548
-0.243907, -0.123937, 0.961847

163
-0.0195123, -0.0245033, 0.041338
-0.233515, -0.309332, 0.921837
0.819105, -0.573445, 0.0150664
0.523963, 0.7586, 0.387284

164
0.0158311, 0.0250774, 0.0412208
0.23639, 0.304976, 0.922556
-0.827567, 0.560732, 0.0266853
-0.509169, -0.769785, 0.38494

165
-0.0105282, -0.0120066, -0.0360709
-0.853201, 0.521451, 0.0117301
0.23892, 0.370734, 0.897482
0.463644, 0.768535, -0.440895

166
0.0150596, -0.0242405, 0.0437701
-0.247805, 0.285441, -0.925806
-0.814487, -0.578833, 0.0395452
-0.524599, 0.763856, 0.375926

167
0.078132, -0.00925087, 0.00758145
0.104406, 0.994509, 0.00718977
-0.728681, 0.071575, 0.681103
0.676848, -0.0763505, 0.732152

168
-0.070791, 0.0134503, 0.023736
-0.348003, -0.195981, 0.91678
0.926736, 0.0758018, 0.367986
-0.141612, 0.977673, 0.155244

169
-0.0220827, 0.00846993, 0.0208927
-0.430377, -0.902645, 0.00282387
0.901118, -0.429827, -0.0568781
0.0525545, -0.0219344, 0.998377

170
-0.0252939, -0.0289673, 0.0415417
-0.0972254, -0.364399, 0.926154
0.962918, 0.200868, 0.180117
-0.251669, 0.909322, 0.331356

171
-0.0185732, -0.0193687, 0.0220905
0.749367, -0.662144, -0.00380193
0.636438, 0.721835, -0.271846
0.182745, 0.201292, 0.962333

172
0.00785551, -0.0018546, 0.00502898
0.104406, 0.994509, 0.00718977
-0.676848, 0.0763505, -0.732152
-0.728681, 0.071575, 0.681103

173
0.0147302, 0.0667285, 0.0158941
0.309521, 0.275197, 0.910199
0.46187, 0.793196, -0.396884
-0.831188, 0.543238, 0.118406

174
0.0730579, -0.0362598, 0.0297584
0.432004, 0.901015, 0.0393022
-0.855929, 0.395875, 0.332669
0.284181, -0.177354, 0.942224

175
0.00433393, 0.013599, -0.0152014
0.8822, -0.470831, -0.00635579
0.0964629, 0.193922, -0.976263
0.460887, 0.860646, 0.216496

176
-0.0118047, -0.0151691, -0.036248
-0.81937, 0.573214, -0.00765236
0.283753, 0.417131, 0.863415
0.498114, 0.705285, -0.504436

177
0.00411147, 0.00665843, -0.0396184
0.749367, -0.662144, -0.00380193
-0.182745, -0.201292, -0.962333
0.636438, 0.721835, -0.271846

178
0.00149588, 0.0197155, 0.0201549
-0.998014, -0.0623824, 0.00871456
0.0609552, -0.921649, 0.383206
-0.0158735, 0.382976, 0.923622

179
0.0174394, -0.00772349, 0.0184273
0.370827, 0.927543, 0.0463816
-0.59025, 0.273948, -0.759314
-0.717002, 0.254197, 0.64907

180
-0.0364572, 0.0595602, -0.0282111
0.879913, 0.475085, -0.00684152
-0.0137645, 0.0110952, -0.999844
-0.474935, 0.87987, 0.0163021

181
-0.0674096, -0.0181107, 0.00740464
-0.246127, -0.412953, 0.876865
0.749964, 0.491956, 0.442191
-0.613983, 0.766452, 0.188616

182
0.00299723, 0.0271439, 0.0411575
0.0583984, 0.379331, 0.923416
-0.984421, 0.175551, -0.00985849
-0.165847, -0.908455, 0.383673

183
0.024539, -0.0667353, 0.024436
-0.145746, -0.361725, 0.920822
0.0924906, -0.931666, -0.351345
0.984989, 0.0339601, 0.169243

184
-0.0123158, 0.0206737, 0.0203799
0.91364, 0.406478, -0.00606575
-0.400814, 0.9032, 0.153551
0.0678939, -0.137859, 0.988122

185
0.00693128, -0.00922242, -0.0406509
-0.631892, -0.775028, 0.00661289
-0.184261, 0.141933, -0.972575
0.752834, -0.615782, -0.232494

186
0.0132983, -0.0233922, 0.0437148
-0.234741, 0.294433, -0.926394
-0.833709, -0.55102, 0.0361261
-0.499825, 0.780824, 0.374819

187
0.0117708, -0.0214, 0.018202
0.841035, 0.540906, -0.00902433
-0.513452, 0.792872, -0.328208
-0.170374, 0.280668, 0.944563

188
0.00850349, 0.0241076, 0.03549
0.157729, 0.357102, 0.920652
-0.921186, 0.389061, 0.00691153
-0.355721, -0.849182, 0.390324

189
-0.00589515, -0.0636412, -0.00705084
-0.998765, 0.0494017, 0.00530875
-0.0236544, -0.378806, -0.925174
-0.0436942, -0.924157, 0.379507

190
0.0257224, 0.00168915, 0.0329699
-0.397986, -0.0394004, -0.916545
0.105166, -0.99445, -0.00291629
-0.911344, -0.0975501, 0.399921

191
-0.00768347, -0.0318023, 0.0437722
-0.116811, -0.360664, 0.925352
0.980093, -0.192473, 0.0487029
0.16054, 0.91262, 0.375967

192
0.00328621, 0.00722863, 0.0173499
-0.999428, 0.0327714, 0.008291
-0.0273016, -0.927156, 0.37368
0.0199331, 0.37324, 0.927521

193
-0.0156662, -0.00563712, 0.0239734
0.265288, -0.96416, -0.00416421
0.964169, 0.26529, 0.0002279
0.000884989, -0.00407546, 0.999991

194
-0.0377547, -0.0751526, -0.00246557
-0.0849002, 0.468178, -0.879546
0.175085, -0.861988, -0.475732
-0.980886, -0.194385, -0.008788

195
0.00190189, 0.0207952, 0.0238299
-0.987608, 0.156882, 0.0041882
-0.156747, -0.984733, -0.0757106
-0.0077534, -0.0754289, 0.997121

196
-0.0628051, -0.0366946, 0.0224121
-0.145746, -0.361725, 0.920822
0.631092, 0.682801, 0.368112
-0.761893, 0.634774, 0.128766

197
0.00759166, -0.00959451, -0.0211566
-0.631892, -0.775028, 0.00661289
0.117862, -0.104521, -0.987514
0.766042, -0.623223, 0.157392

198
-0.0122824, -0.00625314, -0.022924
-0.43919, 0.898383, 0.00441819
-0.11157, -0.0496619, -0.992515
-0.891439, -0.436396, 0.122044

199
0.0288159, -0.0171559, 0.0264436
-0.421747, -0.0416066, -0.905758
0.445939, -0.879298, -0.167251
-0.789473, -0.474451, 0.389396

200
0.00990956, 0.00538048, -0.0202612
0.464144, -0.885749, -0.00440743
0.153261, 0.0852093, -0.984505
0.8724, 0.456276, 0.1753

201
0.061426, 0.0261956, 0.0101427
0.180072, 0.421207, 0.888909
-0.688293, -0.59164, 0.419779
0.702728, -0.68742, 0.183377

202
0.0114985, -0.0226198, 0.0436519
-0.217334, 0.305108, -0.927187
-0.852268, -0.522362, 0.0278796
-0.475821, 0.79627, 0.373561

203
0.0360803, 0.0699779, 0.0321966
-0.851769, 0.456526, 0.25705
-0.409725, -0.886207, 0.216246
0.326521, 0.0788714, 0.941893

204
0.00145169, -0.0245481, 0.020341
-0.992394, -0.123067, 0.00281389
0.121953, -0.979788, 0.158567
-0.0167574, 0.157704, 0.987344

205
0.00202904, -0.0310172, 0.0169782
-0.999428, 0.0327714, 0.008291
-0.0334, -0.919519, -0.391625
-0.00521038, -0.391678, 0.920088

206
0.0715614, -0.0161541, 0.0311205
-0.258817, 0.276589, -0.925479
-0.835083, 0.417446, 0.358295
0.485438, 0.865585, 0.122933

207
0.00289235, 0.00411467, -0.0440945
0.63906, -0.769126, -0.00689545
-0.236002, -0.187543, -0.953483
0.732056, 0.61096, -0.301367

208
-0.010136, -0.0247462, 0.0354422
-0.145746, -0.361725, 0.920822
0.945406, -0.325158, 0.0219062
0.291489, 0.873743, 0.389367

209
-0.00151128, -0.0877568, 0.0256164
-0.228535, -0.3115, 0.922355
-0.518482, -0.762943, -0.386129
0.823983, -0.566468, 0.0128523

210
-0.0384158, -0.066718, 0.000835649
0.8822, -0.470831, -0.00635579
0.257687, 0.471445, 0.843408
-0.394106, -0.745693, 0.537236

211
-0.05751, -0.0401112, 0.00853705
-0.0655694, -0.474433, 0.877846
0.54481, 0.72002, 0.429829
-0.835992, 0.506443, 0.211264

212
0.0444459, 0.0494777, -0.00503472
0.747663, -0.664077, -0.00129696
0.277919, 0.314673, -0.907602
0.603126, 0.67822, 0.419829

213
0.0482953, -0.0828298, 0.0254438
-0.34039, 0.166501, -0.925425
0.820147, -0.428789, -0.378814
-0.459885, -0.887929, 0.0094001

214
0.0299937, 0.0808749, 0.0128113
0.0875116, -0.390084, -0.916611
-0.208573, 0.892572, -0.399766
0.974084, 0.226164, -0.00325054

215
0.0016627, -0.0239185, 0.0206648
-0.989804, -0.142399, 0.00331753
0.141885, -0.983645, 0.110958
-0.0125371, 0.110298, 0.99382

216
-0.0017817, 0.0177482, 0.00944975
-0.998765, 0.0494017, 0.00530875
-0.031316, -0.708847, 0.704667
0.0385748, 0.70363, 0.709518

217
0.00433393, 0.013599, -0.0152014
0.8822, -0.470831, -0.00635579
0.0964629, 0.193922, -0.976263
0.460887, 0.860646, 0.216496

218
-0.00327565, 0.00948207, -0.0349166
-0.993696, 0.106653, 0.0345472
0.0134097, 0.419019, -0.907878
-0.111304, -0.901692, -0.417808

219
-0.0105511, -0.0380585, 0.0283701
-0.970507, 0.240388, -0.0181643
-0.237173, -0.938594, 0.250579
0.0431873, 0.247497, 0.967926

220
-0.0100755, -0.0389575, 0.0277599
-0.976136, 0.216837, -0.0118623
-0.21067, -0.932288, 0.294035
0.0526986, 0.289517, 0.955721

221
0.0655548, -0.0230674, 0.0308337
-0.217334, 0.305108, -0.927187
-0.76575, 0.535759, 0.355795
0.605304, 0.787319, 0.117198

222
-0.0004596, 0.0179574, 0.0199179
-0.993696, 0.106653, 0.0345472
-0.0977, -0.672703, -0.733434
-0.0549832, -0.732186, 0.678882

223
-0.0143477, -0.0219236, 0.0232138
0.8822, -0.470831, -0.00635579
0.462719, 0.869344, -0.173583
0.0872539, 0.150194, 0.984799

224
-0.00940006, 0.0318372, 0.0215804
0.146502, 0.428197, 0.891731
-0.742356, 0.643385, -0.186984
-0.653792, -0.634589, 0.412132

225
-0.000851773, -0.00350364, -0.0325551
-0.970507, 0.240388, -0.0181643
0.0431873, 0.247497, 0.967926
0.237173, 0.938594, -0.250579

226
0.00253371, 0.0831564, 0.00670272
0.268189, 0.336774, 0.902584
0.572074, 0.698154, -0.430479
-0.775117, 0.631795, -0.00542219

227
0.025819, 0.0511507, -0.0103362
-0.8974, 0.441199, 0.00408056
-0.161526, -0.337123, 0.927501
0.410588, 0.83168, 0.373799

228
0.00365931, -0.0242785, 0.0202774
-0.978412, -0.206658, 0.00182971
0.204078, -0.964724, 0.166314
-0.0326049, 0.163097, 0.986071

229
0.000380361, -0.0106072, -0.0220624
-0.946589, -0.322392, 0.00577463
0.0201095, -0.0768994, -0.996836
0.321816, -0.943478, 0.0792753

230
-0.0118296, -0.0050173, 0.00558497
0.349564, -0.936893, -0.00609734
0.647024, 0.246108, -0.721658
0.677617, 0.248321, 0.692223

231
0.0230326, -0.00434978, 0.0330145
-0.401917, 0.0220042, -0.915412
-0.138507, -0.989669, 0.0370233
-0.90514, 0.141671, 0.400813

232
-0.0709686, -0.0386063, 0.0315159
-0.18072, -0.341244, 0.922438
0.705614, 0.608376, 0.363301
-0.685164, 0.716541, 0.130841

233
0.0167793, -0.00534672, 0.0239712
0.215484, 0.976507, 0.000507388
-0.976454, 0.215477, -0.0103397
-0.0102062, 0.00173261, 0.999946

234
-0.0360412, 0.0880438, 0.0209995
0.28932, -0.24759, -0.924658
-0.734882, 0.561534, -0.380299
0.613385, 0.789543, -0.019486

235
-0.0264385, -0.0700762, 0.032885
-0.942466, 0.333486, 0.0233238
-0.320648, -0.882039, -0.345242
-0.0945608, -0.332857, 0.938224

236
0.0024209, -0.00522259, -0.00286034
-0.631892, -0.775028, 0.00661289
0.402042, -0.335062, -0.852113
0.662627, -0.535785, 0.523317

237
-0.0227971, 0.0581716, 0.0185048
-0.946589, -0.322392, 0.00577463
0.289624, -0.842231, 0.454713
-0.141732, 0.432099, 0.890619

238
0.0613642, -0.0609168, 0.014825
-0.401917, 0.0220042, -0.915412
0.90514, -0.141671, -0.400813
-0.138507, -0.989669, 0.0370233

239
0.0140952, 0.0270519, 0.0169817
-0.8974, 0.441199, 0.00408056
-0.404546, -0.826469, 0.391526
0.176113, 0.349705, 0.920158

240
-0.0688087, 0.0152286, 0.0142602
0.21572, -0.393273, -0.893757
0.78408, -0.475755, 0.398591
-0.581965, -0.786761, 0.205728

241
-0.014425, -0.0177932, 0.0222725
-0.296983, -0.385045, 0.873809
0.809975, -0.586219, 0.01697
0.505709, 0.712803, 0.485974

242
0.00818752, -0.0119269, -0.0354876
-0.681092, -0.732157, 0.00768675
-0.143694, 0.123363, -0.981903
0.717959, -0.669871, -0.189229

243
-0.00490491, 0.0039164, 0.013681
0.91364, 0.406478, -0.00606575
-0.344322, 0.781691, 0.520001
0.216111, -0.473005, 0.854144

244
-0.0691997, -0.0279496, 0.0192524
-0.212198, -0.337537, 0.917083
0.729898, 0.56926, 0.378406
-0.649785, 0.749674, 0.125572

245
-0.0494096, -0.0522002, 0.0194292
-0.0358758, -0.393558, 0.918599
0.404161, 0.834953, 0.373506
-0.913984, 0.384662, 0.129106

246
-0.057913, -0.05108, 0.0299179
-0.116811, -0.360664, 0.925352
0.523385, 0.769495, 0.365986
-0.844052, 0.527066, 0.0988808

247
-0.0107775, -0.00380221, 0.00795044
0.326374, -0.945187, -0.0101051
0.696847, 0.247818, -0.673045
0.638658, 0.212623, 0.739532

248
0.0672382, -0.0220391, 0.0304769
-0.234741, 0.294433, -0.926394
-0.780825, 0.510521, 0.360112
0.578972, 0.807885, 0.110061

249
0.036586, -0.0825536, 0.0269539
-0.0972254, -0.364399, 0.926154
-0.135981, -0.916972, -0.375061
0.985929, -0.162405, 0.0396016

250
-0.0197698, 0.0860197, 0.0163194
0.157729, 0.357102, 0.920652
0.355721, 0.849182, -0.390324
-0.921186, 0.389061, 0.00691153

251
0.0577642, 0.0471676, 0.0324102
0.0904491, 0.370927, 0.924247
-0.580121, -0.734719, 0.351636
0.809493, -0.56798, 0.148728

252
-0.00976993, 1.76271e-05, 0.00488385
0.00065691, -0.999651, -0.026397
0.438337, 0.0240137, -0.89849
0.89881, -0.0109805, 0.4382

253
0.0116527, 0.0174533, 0.0207345
0.832021, -0.554742, -0.00176601
0.552232, 0.827946, 0.0977034
-0.052738, -0.0822665, 0.995214

254
0.0604074, 0.0313974, 0.010323
0.146502, 0.428197, 0.891731
-0.653792, -0.634589, 0.412132
0.742356, -0.643385, 0.186984

255
0.0355017, -0.00947629, 0.0203632
0.215484, 0.976507, 0.000507388
-0.906032, 0.199738, 0.37311
0.364244, -0.0808589, 0.927787

256
-0.0549938, 0.0528759, 0.0298371
-0.385862, 0.0439928, 0.921507
0.791276, -0.497784, 0.355095
0.474333, 0.866184, 0.157266

257
-0.0597164, 0.0420406, 0.0207732
0.0875116, -0.390084, -0.916611
0.565462, -0.738079, 0.368092
-0.820119, -0.550521, 0.155987

258
-0.00252772, 0.00150695, 0.0202325
-0.998765, 0.0494017, 0.00530875
-0.0436942, -0.924157, 0.379507
0.0236544, 0.378806, 0.925174

259
-0.0659044, -0.00804542, 0.000597082
0.462709, -0.238774, -0.853749
0.839829, -0.190324, 0.508394
-0.28388, -0.952241, 0.112465

260
0.00760243, -0.0746761, -0.00280932
-0.992394, -0.123067, 0.00281389
0.0621514, -0.520648, -0.851506
0.106258, -0.844855, 0.524337

261
0.00461046, 0.0181383, 0.0199854
-0.851769, 0.456526, 0.25705
-0.458461, -0.412005, -0.787442
-0.253582, -0.788566, 0.560232

262
0.0535905, 0.0470747, 0.0297705
0.0583984, 0.379331, 0.923416
-0.529944, -0.772122, 0.350695
0.84602, -0.509839, 0.155933

263
0.0586883, 0.035451, 0.014547
0.14535, 0.399654, 0.905069
-0.623769, -0.673056, 0.397377
0.767975, -0.622313, 0.151463

264
0.0603104, -0.0354017, 0.0191675
-0.161789, 0.354047, -0.921127
-0.652385, 0.661977, 0.369026
0.740418, 0.660634, 0.123874

265
-0.0149231, 0.0357704, 0.0206306
-0.951177, -0.308555, 0.00750501
0.290506, -0.886795, 0.359445
-0.104253, 0.344076, 0.933136

266
-0.0517136, -0.0595018, 0.0310225
-0.0473292, -0.369889, 0.92787
0.433182, 0.829416, 0.352737
-0.900063, 0.418631, 0.120973

267
0.00998059, -0.00316662, -0.0355772
0.432004, 0.901015, 0.0393022
0.404287, -0.154518, -0.901486
-0.806179, 0.405335, -0.431021

268
-0.0249975, 0.0524949, 0.0383715
0.0904491, 0.370927, 0.924247
-0.525871, 0.80591, -0.271972
-0.845742, -0.461435, 0.267954

269
0.0704557, 0.0183582, 0.0277858
0.259644, 0.287888, 0.921795
-0.811615, -0.452215, 0.369841
0.523323, -0.844169, 0.116239

270
-0.00828502, -0.00431414, 0.0119791
0.464144, -0.885749, -0.00440743
0.725252, 0.382888, -0.572195
0.508508, 0.262384, 0.820106

271
0.0573687, 0.0369942, 0.0189328
-0.401917, 0.0220042, -0.915412
-0.889245, -0.247843, 0.384471
-0.218418, 0.96855, 0.119179

272
-0.00508908, -0.0063195, -0.0160302
-0.942466, 0.333486, 0.0233238
0.0353439, 0.0300215, 0.998924
0.332427, 0.942277, -0.040081

273
0.00785294, 0.0312499, 0.0170171
-0.961191, 0.275852, 0.0042059
-0.252451, -0.885596, 0.389857
0.111268, 0.373665, 0.920866

274
-0.0290608, 0.062418, 0.010182
-0.419285, 0.181854, 0.889454
0.586483, -0.693601, 0.418277
0.692992, 0.697027, 0.184162

275
0.00229731, -0.00238448, -0.0028002
-0.471831, -0.881684, -0.00289516
0.410773, -0.216916, -0.885558
0.780155, -0.419023, 0.464519

276
0.00627732, 0.0364862, 0.0174817
-0.978335, 0.206988, 0.0041333
-0.19105, -0.910336, 0.367135
0.0797552, 0.358392, 0.930158

277
0.0661491, 0.00902295, 0.0154612
0.268189, 0.336774, 0.902584
-0.825152, -0.403233, 0.395636
0.497191, -0.850874, 0.169747

278
0.069441, 0.0147636, 0.0279154
0.265492, 0.283902, 0.921365
-0.822482, -0.431924, 0.370088
0.503028, -0.856062, 0.118832

279
0.0682201, -0.0145022, 0.0204444
0.324035, 0.258435, 0.910062
-0.929031, -0.0946896, 0.357679
0.17861, -0.961377, 0.209411

280
-0.0563661, -0.0686145, 0.010684
-0.404572, -0.0986499, 0.90917
-0.874696, -0.248392, -0.416183
0.266887, -0.963623, 0.0142039

281
-0.0593537, -0.0401511, 0.0109189
-0.132954, -0.412378, 0.901259
0.567073, 0.714135, 0.410412
-0.812866, 0.565646, 0.138902

282
0.0370311, 0.0181849, 0.0239565
-0.460201, 0.887802, -0.00480585
-0.887458, -0.460163, -0.02586
-0.0251701, -0.00763583, 0.999654

283
0.0159209, 0.0212343, 0.0413434
0.265492, 0.283902, 0.921365
-0.779488, 0.625608, 0.0318402
-0.567374, -0.726646, 0.387391

284
0.00718781, -0.00494017, -0.0215126
-0.471831, -0.881684, -0.00289516
0.0809521, -0.040051, -0.995913
0.877965, -0.470137, 0.0902715

285
0.00038997, 0.0358928, 0.00930727
-0.998014, -0.0623824, 0.00871456
0.0502407, -0.704934, 0.707491
-0.0379918, 0.706524, 0.706669

286
-0.0527606, -0.0199106, 0.026015
-0.212198, -0.337537, 0.917083
0.923, 0.23904, 0.301547
-0.321003, 0.910455, 0.260823

287
0.0128298, 0.0303716, 0.0303841
0.308659, 0.258074, 0.915493
-0.203292, 0.958148, -0.201558
-0.929194, -0.1239, 0.348205

288
0.00410385, -0.0167936, -0.0172124
0.91364, 0.406478, -0.00606575
-0.0906592, 0.218274, 0.971667
0.396286, -0.887204, 0.236275

289
-0.0205257, 0.0153985, 0.023069
-0.681092, -0.732157, 0.00768675
0.717959, -0.669871, -0.189229
0.143694, -0.123363, 0.981903

290
0.0697757, 0.022935, 0.0281066
0.23639, 0.304976, 0.922556
-0.787107, -0.496606, 0.36585
0.569722, -0.812633, 0.122656

291
-0.0735226, -0.0214284, 0.0286882
-0.233515, -0.309332, 0.921837
0.797537, 0.481407, 0.363569
-0.556243, 0.820098, 0.134288

292
-0.0123463, -0.00621333, -0.0202583
-0.438026, 0.89895, 0.00475645
-0.105772, -0.0462834, -0.993313
-0.892718, -0.4356, 0.115357

293
-0.0437509, -0.0478373, 0.0176086
0.749367, -0.662144, -0.00380193
0.57925, 0.65275, 0.488249
-0.320809, -0.36808, 0.872696

294
0.0488082, -0.0211317, 0.0357677
0.370827, 0.927543, 0.0463816
-0.924367, 0.373455, -0.0779541
-0.0896272, -0.0139661, 0.995877

295
-0.0556525, -0.0493857, 0.030321
-0.0972254, -0.364399, 0.926154
0.502929, 0.785022, 0.361666
-0.858842, 0.500953, 0.106943

296
0.0072717, -0.0891715, 0.0144136
-0.212198, -0.337537, 0.917083
-0.425676, -0.812816, -0.397656
0.879643, -0.474762, 0.0287961

297
-0.00618146, -0.067372, -0.0261977
-0.998765, 0.0494017, 0.00530875
-0.00513276, 0.00368853, -0.99998
-0.0494203, -0.998772, -0.0034304

298
0.000565212, -0.091375, 0.0269511
-0.247805, 0.285441, -0.925806
0.524599, -0.763856, -0.375926
-0.814487, -0.578833, 0.0395452

299
0.0123043, -0.00291474, -0.0366825
0.370827, 0.927543, 0.0463816
0.436545, -0.130012, -0.890239
-0.819705, 0.350372, -0.453126

300
0.0257874, 0.02842, 0.0209056
0.747663, -0.664077, -0.00129696
0.622993, 0.702081, -0.344908
0.229956, 0.257067, 0.938636

301
0.0740261, -0.00813865, 0.0221382
0.0920965, 0.995735, 0.0054885
-0.839989, 0.074729, 0.537434
0.534731, -0.054106, 0.843288

302
-0.00339591, -0.0899844, 0.0267801
-0.234741, 0.294433, -0.926394
0.499825, -0.780824, -0.374819
-0.833709, -0.55102, 0.0361261

303
0.0166388, 0.00164979, -0.0146082
0.148973, -0.988835, -0.0034476
0.284651, 0.0462226, -0.957516
0.946985, 0.141663, 0.288359

304
0.0124765, 0.0491766, 0.0252022
0.308659, 0.258074, 0.915493
0.16777, 0.932627, -0.319467
-0.93626, 0.252198, 0.244567

305
