0
-0.00764399, -0.0303136, -0.0393871
-0.0136661, 0.00268011, -0.999903
0.980483, -0.196111, -0.0139263
-0.196129, -0.980578, 5.22711e-05

1
0.0205303, -0.00754168, -0.033653
-0.00682057, 0.00428548, -0.999968
0.504381, 0.863481, 0.000260274
0.863454, -0.504363, -0.00805094

2
-0.0155829, -0.00216939, -0.043657
0.031768, 0.00330589, 0.99949
-0.0370035, 0.999313, -0.00212918
-0.99881, -0.0369169, 0.0318685

3
0.0144023, -0.00703416, -0.0338226
-0.0116617, 1.60116e-05, -0.999932
0.194199, 0.98096, -0.00224915
0.980893, -0.194212, -0.0114428

4
0.0143848, 0.0124749, -0.0338221
-0.0116617, 1.60116e-05, -0.999932
-0.195955, 0.98061, 0.00230103
0.980544, 0.195968, -0.0114325

5
0.00643545, -0.0310789, -0.0512918
0.0263542, -0.00458871, 0.999642
-0.961508, -0.273719, 0.0240924
0.273511, -0.961799, -0.0116257

6
-0.00796309, -0.0303114, -0.0276153
-0.00869183, 0.00720939, -0.999936
0.979291, -0.202213, -0.0099703
-0.202272, -0.979315, -0.00530248

7
-0.0417614, -0.00992939, -0.0410608
-0.0236625, -0.00305058, -0.999715
0.313224, -0.949668, -0.00451593
-0.949384, -0.313242, 0.0234271

8
-0.0168282, -0.00230432, -0.0194491
-0.26392, -0.00662431, 0.964522
-0.0399586, 0.999193, -0.00407136
-0.963716, -0.0396155, -0.263972

9
-0.0385969, 0.00356881, -0.0499455
0.0263542, -0.00458871, 0.999642
0.115262, 0.993334, 0.00152103
-0.992985, 0.115181, 0.0267074

10
0.00261212, -0.0306689, -0.0336855
-0.0116617, 1.60116e-05, -0.999932
0.980544, 0.195968, -0.0114325
0.195955, -0.98061, -0.00230103

11
0.0118728, -0.0128531, -0.0520758
0.0678557, 0.0319698, -0.997183
0.487818, 0.870803, 0.0611128
0.870304, -0.490591, 0.0434935

12
-0.00881649, -0.0302778, -0.057388
0.0477371, -0.0487766, -0.997668
0.979674, -0.192539, 0.0562894
-0.194835, -0.980076, 0.0385939

13
-0.0184319, -0.013578, -0.0435454
-0.0330198, -0.01408, -0.999356
0.0855153, -0.996274, 0.0112111
-0.99579, -0.08509, 0.0341008

14
0.00540488, 0.0266539, -0.0538008
-0.0127702, 0.00908227, -0.999877
-0.976266, 0.216094, 0.0144315
0.216198, 0.97633, 0.00610714

15
0.0143352, 9.8849e-06, -0.0247417
-0.190085, -0.00248019, -0.981765
-0.0659237, 0.997772, 0.0102432
0.979552, 0.0666686, -0.189825

16
-0.0215639, 0.00623059, -0.0408852
0.0282176, -0.0180391, 0.999439
-0.0483972, 0.99864, 0.0193911
-0.99843, -0.0489172, 0.0273061

17
-0.00433535, 0.0249118, -0.0536922
-0.0127702, 0.00908227, -0.999877
-0.984688, -0.173981, 0.0109959
-0.173859, 0.984707, 0.011165

18
0.0141003, -0.0162446, -0.0293219
0.0979178, -0.0274482, 0.994816
-0.200177, -0.979732, -0.00732904
0.974855, -0.198421, -0.101428

19
-0.0361686, 0.010929, -0.0499758
0.0263542, -0.00458871, 0.999642
0.486487, 0.873643, -0.00881524
-0.87329, 0.486546, 0.0252565

20
0.0208403, 0.00223104, -0.0304008
-0.0668891, -0.026007, -0.997421
0.126937, 0.991315, -0.0343605
0.989653, -0.128908, -0.0630069

21
-0.0401317, 0.00600776, -0.0534068
-0.0127702, 0.00908227, -0.999877
-0.216198, -0.97633, -0.00610714
-0.976266, 0.216094, 0.0144315

22
0.0125513, 0.0109418, -0.0296264
0.0722189, -0.0353906, 0.996761
0.462119, -0.884441, -0.0648848
0.883873, 0.465307, -0.0475188

23
0.0374592, -0.00874064, -0.0399457
-0.0136661, 0.00268011, -0.999903
0.196129, 0.980578, -5.22711e-05
0.980483, -0.196111, -0.0139263

24
-0.0254127, -0.00723698, -0.0281777
-0.0891477, 0.00363062, 0.996012
-0.436236, 0.898837, -0.0423215
-0.895406, -0.438269, -0.0785454

25
0.0152804, 0.0234702, -0.0338324
-0.0116617, 1.60116e-05, -0.999932
-0.83191, 0.554826, 0.00971107
0.554788, 0.831967, -0.00645692

26
0.0121398, 0.0335459, 0.00878873
-0.339182, 0.0161613, -0.940582
-0.633274, 0.735447, 0.241001
0.695643, 0.677389, -0.239216

27
0.0122628, 0.0132892, -0.0544078
-0.0804619, 0.0160158, 0.996629
0.569415, -0.81992, 0.0591472
0.818103, 0.572254, 0.0568527

28
0.0150749, -0.0122944, -0.0295602
0.106094, -0.0493218, 0.993132
-0.00465835, -0.998783, -0.0491048
0.994345, 0.00058338, -0.106195

29
-0.0176135, 0.0112801, -0.0266424
-0.164844, 0.0355289, 0.985679
0.116431, 0.993065, -0.0163232
-0.979423, 0.112073, -0.167838

30
0.0199146, -0.00275165, -0.051557
0.0729418, 0.0312333, -0.996847
0.405591, 0.912196, 0.0582591
0.911139, -0.408562, 0.0538693

31
-0.018452, -0.0120377, -0.0559003
-0.0869546, 0.00827337, -0.996178
-0.00641441, -0.999949, -0.00774479
-0.996192, 0.00571645, 0.0870032

32
-0.0226503, -0.00302113, -0.0594758
0.0968086, 0.11315, 0.98885
-0.424667, 0.903239, -0.0617792
-0.900159, -0.413952, 0.135493

33
0.0180295, -0.00775219, -0.0306871
0.0722189, -0.0353906, 0.996761
0.0886984, -0.995183, -0.0417611
0.993437, 0.091427, -0.068732

34
-0.0173676, -0.0110739, -0.0558766
0.101944, -0.0157427, 0.994666
-0.391522, 0.918543, 0.0546655
-0.914504, -0.395006, 0.0874768

35
0.0075931, -0.0221441, -0.0336274
-0.00682057, 0.00428548, -0.999968
0.796417, 0.604741, -0.0028405
0.60471, -0.79641, -0.00753771

36
-0.0258248, -0.013371, -0.05036
0.0263542, -0.00458871, 0.999642
-0.620644, 0.783838, 0.0199605
-0.783649, -0.620948, 0.0178095

37
-0.0213784, 0.0080051, -0.0551636
0.101944, -0.0157427, 0.994666
-0.0117538, 0.999786, 0.0170284
-0.994721, -0.013427, 0.101738

38
-0.0124894, 0.0170921, -0.0438191
0.031768, 0.00330589, 0.99949
0.348041, 0.937372, -0.0141627
-0.936941, 0.348314, 0.0286279

39
0.0146899, 0.0240512, -0.0305573
-0.0668891, -0.026007, -0.997421
-0.865743, 0.498456, 0.0450616
0.495999, 0.866525, -0.0558566

40
-0.0195731, -0.000710036, -0.0172439
-0.281092, -0.0176024, 0.959519
0.0452279, 0.998478, 0.0315666
-0.958614, 0.0522702, -0.279868

41
0.00978428, 0.0157854, -0.0147028
0.269666, -0.0163407, 0.962815
0.711818, -0.670004, -0.210738
0.648533, 0.742178, -0.169046

42
-0.0110734, -0.0211499, -0.0437376
0.031768, 0.00330589, 0.99949
-0.416415, 0.909117, 0.0102285
-0.90862, -0.416527, 0.0302575

43
0.0146448, -0.0162463, -0.0295035
-0.0668891, -0.026007, -0.997421
0.495999, 0.866525, -0.0558566
0.865743, -0.498456, -0.0450616

44
-0.00494371, 0.0252507, -0.0278508
0.0722189, -0.0353906, 0.996761
0.993437, 0.091427, -0.068732
-0.0886984, 0.995183, 0.0417611

45
-0.0128993, -0.0174386, -0.0294938
-0.0742245, 0.0187721, 0.997065
-0.639573, 0.766223, -0.0620377
-0.765138, -0.642301, -0.0448664

46
-0.0168378, -0.0126914, -0.0413601
0.0282176, -0.0180391, 0.999439
-0.426796, 0.903903, 0.0283647
-0.903908, -0.427357, 0.0178069

47
-0.00233533, -0.0308384, -0.0510594
0.0263542, -0.00458871, 0.999642
-0.992985, 0.115181, 0.0267074
-0.115262, -0.993334, -0.00152103

48
-0.0385071, -0.0115886, -0.0535873
-0.0127702, 0.00908227, -0.999877
0.173859, -0.984707, -0.011165
-0.984688, -0.173981, 0.0109959

49
0.0189099, 0.0233601, 0.00617235
-0.339182, 0.0161613, -0.940582
-0.85128, 0.420239, 0.3142
0.400347, 0.90727, -0.12878

50
0.0208974, -0.00686321, -0.0468035
0.0502236, 0.0302461, -0.99828
0.489074, 0.870751, 0.0509876
0.870795, -0.490793, 0.0289397

51
0.0127441, 0.0248624, -0.042457
-0.0236625, -0.00305058, -0.999715
-0.892799, 0.450021, 0.0197587
0.449833, 0.893013, -0.0133722

52
0.0200443, -0.00457732, -0.0534925
-0.0804619, 0.0160158, 0.996629
0.212996, -0.976499, 0.0328883
0.973734, 0.214924, 0.0751597

53
-0.0260619, 0.0105232, 0.00475574
0.204881, -0.163365, -0.965057
-0.715037, -0.698278, -0.0335975
-0.66839, 0.696936, -0.259876

54
-0.00983633, 0.0212317, 0.00638769
0.204881, -0.163365, -0.965057
-0.91639, -0.378419, -0.13049
-0.343879, 0.911104, -0.227237

55
-0.00193668, 0.0279747, -0.0446759
-0.0330198, -0.01408, -0.999356
-0.99579, -0.08509, 0.0341008
-0.0855153, 0.996274, -0.0112111

56
-0.0110986, -0.0187284, -0.0588094
0.0968086, 0.11315, 0.98885
-0.736817, 0.676072, -0.00522575
-0.669125, -0.728096, 0.148821

57
0.0168481, -0.0090065, -0.0256799
0.21747, -0.0609951, 0.974159
0.110353, -0.99011, -0.0866289
0.969809, 0.126341, -0.208589

58
0.0123396, -0.0308717, -0.0597145
0.0968086, 0.11315, 0.98885
-0.900159, -0.413952, 0.135493
0.424667, -0.903239, 0.0617792

59
0.029136, 0.0154036, -0.0313006
-0.0668891, -0.026007, -0.997421
-0.610032, 0.792118, 0.0202561
0.789548, 0.609814, -0.0688491

60
0.0173763, -0.0293107, -0.039744
0.0162943, -0.00953912, 0.999822
-0.787504, -0.61627, 0.0069544
0.616094, -0.787477, -0.0175538

61
0.0189158, 0.0027255, -0.0583018
-0.210327, -0.192479, 0.958496
0.514715, -0.855342, -0.0588183
0.831163, 0.480981, 0.278973

62
0.00840961, 0.0280407, -0.021255
0.13647, 0.0218828, -0.990402
-0.977808, -0.157447, -0.138213
-0.15896, 0.987285, -8.9651e-05

63
-0.0397885, 0.00672671, -0.0123417
-0.164116, -0.0857734, 0.982705
0.333941, 0.93256, 0.137166
-0.928197, 0.350677, -0.124405

64
-0.0162781, 0.00580868, -0.0438897
-0.0330198, -0.01408, -0.999356
-0.302066, -0.952999, 0.0234075
-0.952715, 0.302645, 0.0272147

65
-0.00688522, 0.0253017, -0.0561468
-0.0804619, 0.0160158, 0.996629
0.973734, 0.214924, 0.0751597
-0.212996, 0.976499, -0.0328883

66
-0.0176263, 0.0390379, -0.0259254
-0.167153, 0.015646, 0.985807
0.482715, 0.873134, 0.067991
-0.859678, 0.487229, -0.153499

67
-0.0145377, 0.00707372, -0.0560833
-0.0869546, 0.00827337, -0.996178
-0.387152, -0.921645, 0.0261394
-0.917906, 0.387945, 0.0833443

68
0.0273556, 0.0179738, -0.0335902
-0.00682057, 0.00428548, -0.999968
-0.60471, 0.79641, 0.00753771
0.796417, 0.604741, -0.0028405

69
0.0275938, 0.0169394, -0.0427843
-0.0236625, -0.00305058, -0.999715
-0.652695, 0.757507, 0.0131373
0.757251, 0.65282, -0.0199156

70
-0.00130215, -0.037051, -0.0154393
-0.26392, -0.00662431, 0.964522
-0.709705, 0.678524, -0.189535
-0.653195, -0.734549, -0.183778

71
0.0172783, 0.00849342, -0.0255816
-0.206546, -0.0498947, -0.977164
-0.00673234, 0.998748, -0.0495737
0.978414, -0.00366064, -0.206623

72
-0.03757, -0.0187517, -0.0510576
-0.0594495, -0.00730339, -0.998205
0.513966, -0.857465, -0.0243363
-0.855748, -0.51449, 0.0547295

73
0.0120051, -0.00924061, -0.0465218
0.0457212, 0.0226798, -0.998697
0.35709, 0.933315, 0.0375429
0.93295, -0.358341, 0.0345735

74
-0.0109196, 0.027837, 0.0585367
0.996085, -0.0288026, -0.0835731
-0.0882231, -0.383215, -0.919436
-0.00554432, 0.92321, -0.384256

75
0.00175178, -0.0284312, -0.0276862
-0.00869183, 0.00720939, -0.999936
0.982153, 0.187947, -0.00718219
0.187883, -0.982153, -0.00871433

76
-0.0237634, -0.0282264, -0.0431629
-0.0330198, -0.01408, -0.999356
0.764598, -0.644304, -0.0161855
-0.643661, -0.76464, 0.0320403

77
0.0113795, 0.00681428, -0.0282165
0.106094, -0.0493218, 0.993132
0.376216, -0.922532, -0.0860059
0.920438, 0.382757, -0.0793197

78
-0.00107262, -0.0267189, -0.0577943
0.101944, -0.0157427, 0.994666
-0.994721, -0.013427, 0.101738
0.0117538, -0.999786, -0.0170284

79
-0.0161136, -0.00814792, -0.0256912
-0.164844, 0.0355289, 0.985679
-0.267241, 0.960361, -0.0793095
-0.949425, -0.276487, -0.148815

80
-0.0136975, 0.0274924, -0.0407235
0.0282176, -0.0180391, 0.999439
0.903908, 0.427357, -0.0178069
-0.426796, 0.903903, 0.0283647

81
0.0136833, -0.0106029, -0.0238467
-0.206546, -0.0498947, -0.977164
0.368203, 0.921322, -0.124871
0.906513, -0.385586, -0.171924

82
0.0384085, -0.00446345, -0.0164768
0.0131118, 0.0352604, 0.999292
-0.00272336, -0.999373, 0.035299
0.99991, -0.00318427, -0.0130076

83
0.0164014, -0.0133077, -0.0170644
0.275901, -0.0198632, 0.960981
-0.024403, -0.999609, -0.0136554
0.960876, -0.0196833, -0.276278

84
0.00590369, 0.0172611, -0.0582382
-0.210327, -0.192479, 0.958496
0.793607, -0.606169, 0.0524173
0.570921, 0.771693, 0.280246

85
-0.0127808, 0.0289753, -0.0557129
0.101944, -0.0157427, 0.994666
0.914504, 0.395006, -0.0874768
-0.391522, 0.918543, 0.0546655

86
-0.00125155, 0.00678955, -0.0440935
-0.996876, -0.0775181, -0.015161
0.0592942, -0.861234, 0.504738
-0.0521835, 0.502262, 0.86314

87
-0.0113844, -0.0198721, -0.0208181
-0.238919, -0.0182457, 0.970868
-0.32555, 0.943465, -0.0623834
-0.914841, -0.330971, -0.231352

88
-0.0163691, -0.0277877, -0.027524
-0.00869183, 0.00720939, -0.999936
0.82734, -0.561588, -0.0112405
-0.561634, -0.827385, -0.00108339

89
-0.0248419, -0.00616573, -0.0111797
-0.284035, 0.00577215, 0.958797
-0.167949, 0.984222, -0.0556787
-0.94399, -0.176844, -0.278584

90
0.0177219, -0.00804447, -0.0510591
-0.068079, 0.0243997, 0.997382
0.143643, -0.989045, 0.0340005
0.987285, 0.145581, 0.0638284

91
0.00695312, -0.0250648, -0.033736
-0.0116617, 1.60116e-05, -0.999932
0.554788, 0.831967, -0.00645692
0.83191, -0.554826, -0.00971107

92
0.000592346, 0.0229756, 0.0690903
0.262793, 0.0299644, -0.964387
-0.964016, -0.0334439, -0.263731
-0.0401554, 0.998991, 0.0200974

93
0.0132003, -0.00682087, -0.0256594
-0.162997, -0.0395456, -0.985834
0.240546, 0.967452, -0.0785798
0.956854, -0.249946, -0.148179

94
-0.0235777, 0.0100783, -0.00368883
0.28461, 0.0132586, -0.958552
-0.426168, -0.893917, -0.138901
-0.858707, 0.448036, -0.248767

95
-0.027778, 0.000554486, 0.00860541
0.275161, -0.25206, -0.927767
-0.497423, -0.863137, 0.0869736
-0.822713, 0.437561, -0.362882

96
0.0208659, -0.00194917, -0.026033
-0.176969, -0.0346211, -0.983607
0.321673, 0.942463, -0.0910479
0.930166, -0.332513, -0.15565

97
0.00868612, -0.0186508, -0.0528768
0.0729418, 0.0312333, -0.996847
0.723396, 0.686409, 0.0744393
0.68657, -0.726544, 0.0274739

98
-0.035463, 0.0114604, -0.0160694
0.0131118, 0.0352604, 0.999292
0.385165, 0.922082, -0.0375898
-0.922754, 0.385385, -0.0014909

99
-0.0304936, 0.00404831, -0.0374764
-0.145934, -0.985959, 0.0811729
0.988601, -0.142269, 0.049265
-0.0370249, 0.0874371, 0.995482

100
0.011048, -0.0293198, -0.030947
0.0722189, -0.0353906, 0.996761
-0.883873, -0.465307, 0.0475188
0.462119, -0.884441, -0.0648848

101
0.0302267, 0.0150765, -0.0577372
0.0477371, -0.0487766, -0.997668
-0.554965, 0.829164, -0.0670926
0.830503, 0.556873, 0.0125126

102
-0.0235907, 0.0204768, -0.0266422
-0.167153, 0.015646, 0.985807
0.116986, 0.993125, 0.00407386
-0.978966, 0.116007, -0.167834

103
0.00723707, 0.0180238, 0.0661932
0.0180717, 0.00932863, -0.999793
-0.82156, 0.570042, -0.00953122
0.569835, 0.821563, 0.0179656

104
0.0218846, -0.00997062, -0.0569118
0.0477371, -0.0487766, -0.997668
0.554909, 0.831791, -0.0141151
0.83054, -0.552941, 0.0667739

105
0.00122187, -0.0289803, -0.02165
-0.167153, 0.015646, 0.985807
-0.859678, 0.487229, -0.153499
-0.482715, -0.873134, -0.067991

106
-0.0250862, -0.0261416, -0.0554384
-0.0869546, 0.00827337, -0.996178
0.699878, -0.711113, -0.066997
-0.70895, -0.703029, 0.0560442

107
-0.0285568, 7.58731e-06, -0.00814703
-0.279024, -0.00751727, 0.960255
0.0618854, 0.99775, 0.025793
-0.958288, 0.0666227, -0.277931

108
-0.00149138, 0.00603055, -0.0420401
0.999917, -0.0125974, 0.00261041
0.0125055, 0.904125, -0.427085
0.00302002, 0.427082, 0.904208

109
0.00822509, -0.0216563, -0.0478892
0.0502236, 0.0302461, -0.99828
0.785084, 0.61665, 0.0581811
0.617349, -0.786656, 0.00722467

110
-0.0372897, -0.0189595, 0.00170842
-0.0488316, 0.131239, -0.990147
0.51185, -0.847977, -0.137639
-0.857686, -0.513528, -0.0257668

111
-0.0145318, -0.0310682, -0.0549648
0.0729418, 0.0312333, -0.996847
0.911139, -0.408562, 0.0538693
-0.405591, -0.912196, -0.0582591

112
-0.030279, 0.0187181, -0.0287079
-0.0891477, 0.00363062, 0.996012
0.660307, 0.748877, 0.0563707
-0.745686, 0.662699, -0.069158

113
9.8637e-05, -0.0277435, -0.04211
0.0282176, -0.0180391, 0.999439
-0.99843, -0.0489172, 0.0273061
0.0483972, -0.99864, -0.0193911

114
-0.0280785, 0.022056, -0.0542545
0.101944, -0.0157427, 0.994666
0.695063, 0.71645, -0.0598984
-0.711685, 0.697461, 0.0839802

115
0.020936, 0.000140646, -0.0180917
0.269666, -0.0163407, 0.962815
0.409451, -0.903022, -0.130005
0.871567, 0.429284, -0.236824

116
-0.0231795, 0.0260563, -0.031078
-0.0742245, 0.0187721, 0.997065
0.765138, 0.642301, 0.0448664
-0.639573, 0.766223, -0.0620377

117
-0.00174215, -0.0128946, -0.0373096
0.999917, -0.0125974, 0.00261041
0.0127093, 0.99874, -0.0485494
-0.00199553, 0.0485785, 0.998817

118
-0.0222771, 0.0135518, -0.0415936
-0.0236625, -0.00305058, -0.999715
-0.757251, -0.65282, 0.0199156
-0.652695, 0.757507, 0.0131373

119
0.0288454, -0.0292084, -0.0208051
0.269666, -0.0163407, 0.962815
-0.648533, -0.742178, 0.169046
0.711818, -0.670004, -0.210738

120
-0.0116396, 0.0280909, -0.0438825
0.031768, 0.00330589, 0.99949
0.90862, 0.416527, -0.0302575
-0.416415, 0.909117, 0.0102285

121
0.0338886, 0.0173797, -0.0289541
-0.142536, -0.0261804, -0.989443
-0.547622, 0.834796, 0.0567999
0.824496, 0.549937, -0.133325

122
0.000922445, 0.0377296, 0.0171167
0.520348, 0.180951, 0.834563
0.802736, -0.437016, -0.405749
0.291296, 0.881064, -0.372656

123
-0.0178711, 0.0129079, 0.0656916
0.0180717, 0.00932863, -0.999793
-0.840856, -0.540879, -0.0202455
-0.540956, 0.841048, -0.00193055

124
-0.0133901, -0.0163344, -0.0243283
-0.167153, 0.015646, 0.985807
-0.609512, 0.784275, -0.115796
-0.774955, -0.620217, -0.121557

125
-0.00814143, -0.0213406, 0.0401369
-0.966394, 0.0525521, 0.251637
-0.0599343, 0.905844, -0.419351
-0.249981, -0.42034, -0.872252

126
0.0211563, 0.00643823, -0.0232976
0.207407, -0.0213131, 0.978022
0.539603, -0.83142, -0.132551
0.815973, 0.555235, -0.160942

127
-0.00787226, 0.0221169, 0.0659583
0.0180717, 0.00932863, -0.999793
-0.983865, -0.177852, -0.0194432
-0.177997, 0.984013, 0.00596403

128
0.0084174, -0.028385, -0.00735571
-0.164116, -0.0857734, 0.982705
-0.892466, -0.411454, -0.184959
0.420202, -0.907386, -0.00902355

129
-0.0237586, 0.00844183, -0.0520791
-0.0594495, -0.00730339, -0.998205
-0.593922, -0.803465, 0.0412504
-0.802323, 0.595308, 0.0434279

130
0.00810585, -0.0237817, -0.0568958
0.0477371, -0.0487766, -0.997668
0.830503, 0.556873, 0.0125126
0.554965, -0.829164, 0.0670926

131
-0.00244312, -8.0069e-05, -0.0383278
-0.976154, 0.0820129, -0.200992
-0.093284, -0.994518, 0.0472469
-0.196015, 0.0648695, 0.978453

132
0.0118684, -0.0193354, -0.0242152
-0.190085, -0.00248019, -0.981765
0.313953, 0.947334, -0.0631793
0.930216, -0.320237, -0.179295

133
-0.00399112, 0.0239999, 0.066046
0.0180717, 0.00932863, -0.999793
-0.977089, 0.212252, -0.0156809
0.212061, 0.977171, 0.0129506

134
0.00162168, -0.025735, -0.0473717
0.0457212, 0.0226798, -0.998697
0.686933, 0.72514, 0.0479158
0.725281, -0.688228, 0.0175747

135
-0.015129, 0.0154045, 0.00832238
0.275161, -0.25206, -0.927767
-0.774397, -0.629988, -0.0585159
-0.569733, 0.734562, -0.368543

136
0.0102974, -0.0289535, -0.0396252
0.0162943, -0.00953912, 0.999822
-0.992494, 0.121062, 0.0173299
-0.121205, -0.992599, -0.0074949

137
-0.0141317, -0.000559987, -0.0211312
-0.238919, -0.0182457, 0.970868
0.0493256, 0.998305, 0.0308997
-0.969786, 0.0552712, -0.237614

138
-0.0288065, 0.0200322, -0.0404316
0.0282176, -0.0180391, 0.999439
0.671774, 0.740735, -0.00559675
-0.740218, 0.671555, 0.03302

139
0.0392286, 0.000275262, 0.000484204
-0.0488316, 0.131239, -0.990147
-0.144665, 0.979947, 0.137022
0.988275, 0.149931, -0.0288666

140
0.0207129, -0.00138389, -0.0249074
-0.219494, -0.0476001, -0.974452
0.303807, 0.945812, -0.114633
0.927105, -0.321207, -0.193139

141
0.0214305, -0.0103635, -0.0264253
-0.142536, -0.0261804, -0.989443
0.55217, 0.827538, -0.10144
0.821457, -0.560799, -0.103498

142
0.0362695, -0.0172262, -0.00454336
-0.0539115, 0.122765, -0.99097
0.248257, 0.962901, 0.105782
0.967193, -0.240313, -0.0823887

143
-0.0238757, -0.0120045, -0.025006
-0.180968, 0.00287816, 0.983485
-0.642435, 0.756818, -0.120427
-0.744666, -0.653619, -0.135111

144
0.0215404, -0.0264155, -0.0309522
0.106094, -0.0493218, 0.993132
-0.706402, -0.706659, 0.0403688
0.699814, -0.705834, -0.109813

145
-0.00220987, 0.00588048, -0.0513068
-0.966547, 0.256273, 0.0105263
-0.193246, -0.754593, 0.627093
0.16865, 0.60408, 0.778874

146
0.0123561, 0.0193755, 0.0598369
0.023048, -0.00478869, -0.999723
-0.833307, 0.552378, -0.0218573
0.552329, 0.83358, 0.00874072

147
0.0235833, 0.00390284, 0.0663569
0.0180717, 0.00932863, -0.999793
-0.540956, 0.841048, -0.00193055
0.840856, 0.540879, 0.0202455

148
-3.38704e-06, 0.0225733, 0.0563376
0.0985567, 0.0121875, -0.995057
-0.989938, 0.103225, -0.0967854
0.101535, 0.994583, 0.0222383

149
-0.0053036, 0.0231599, -0.0420247
-0.0236625, -0.00305058, -0.999715
-0.949384, -0.313242, 0.0234271
-0.313224, 0.949668, 0.00451593

150
-0.00965026, -0.0450727, 0.0460208
0.997132, 0.0222171, -0.0723511
0.0641533, -0.755316, 0.652213
-0.0401577, -0.654984, -0.754575

151
-0.0398677, -0.0137627, 0.00916867
0.253917, -0.227131, -0.940179
0.399979, -0.860372, 0.315875
-0.880649, -0.456258, -0.127615

152
0.0238905, 0.0233365, -0.0504487
0.0729418, 0.0312333, -0.996847
-0.68657, 0.726544, -0.0274739
0.723396, 0.686409, 0.0744393

153
0.00654711, -0.0458624, -0.025688
0.21747, -0.0609951, 0.974159
-0.607727, -0.78945, 0.0862385
0.76379, -0.610777, -0.20875

154
-0.0213563, 0.00842609, -0.0128419
0.290521, 0.0317159, -0.956343
-0.388888, -0.909272, -0.148293
-0.874279, 0.414993, -0.251829

155
-0.00287064, -0.0361916, -0.0509865
-0.976154, 0.0820129, -0.200992
0.0726417, -0.7491, -0.658462
-0.204565, -0.657361, 0.725279

156
-0.0123957, -0.0212723, -0.0183665
-0.26392, -0.00662431, 0.964522
-0.405715, 0.907974, -0.104779
-0.875066, -0.418975, -0.24232

157
-0.0176017, 0.00351192, -0.0517508
-0.0538257, -0.0141777, -0.99845
-0.195696, -0.980359, 0.0244706
-0.979186, 0.196709, 0.049994

158
-0.0371884, -0.0193147, -0.0285843
0.13647, 0.0218828, -0.990402
0.521051, -0.85188, 0.0529748
-0.842545, -0.52328, -0.127658

159
-0.0109667, -0.0260057, -0.0508097
0.0263542, -0.00458871, 0.999642
-0.87329, 0.486546, 0.0252565
-0.486487, -0.873643, 0.00881524

160
0.0112158, 0.010326, -0.0519526
-0.068079, 0.0243997, 0.997382
0.510526, -0.858047, 0.0558384
0.857163, 0.512991, 0.0459583

161
0.0224972, -0.00333539, -0.0209976
-0.264907, -0.0354195, -0.963623
0.338811, 0.932188, -0.127406
0.902791, -0.360237, -0.234943

162
-0.00175607, 0.0209428, 0.059504
0.023048, -0.00478869, -0.999723
-0.981243, 0.191333, -0.0235384
0.191393, 0.981514, -0.000289037

163
-0.0169225, -0.0321834, -0.0576826
0.0477371, -0.0487766, -0.997668
0.83054, -0.552941, 0.0667739
-0.554909, -0.831791, 0.0141151

164
-0.0136577, -0.0227674, -0.027069
-0.0891477, 0.00363062, 0.996012
-0.745686, 0.662699, -0.069158
-0.660307, -0.748877, -0.0563707

165
-0.00363629, 0.0232321, -0.0569006
-0.0869546, 0.00827337, -0.996178
-0.70895, -0.703029, 0.0560442
-0.699878, 0.711113, 0.066997

166
-0.0238332, 0.00801566, -0.0261402
0.13647, 0.0218828, -0.990402
-0.579012, -0.809448, -0.0976683
-0.803816, 0.586784, -0.0977951

167
-0.00174025, 0.00540998, -0.0448445
-0.997904, -0.00198674, 0.0646885
0.0286286, -0.909969, 0.413686
0.0580426, 0.41467, 0.908119

168
0.00805312, 0.0190237, 0.0570921
0.0985567, 0.0121875, -0.995057
-0.875728, 0.475978, -0.0809078
0.472639, 0.879373, 0.0575837

169
-0.00236708, 0.0102407, -0.0494547
-0.963604, -0.267308, -0.00377806
0.183412, -0.671321, 0.718114
-0.194494, 0.691285, 0.695915

170
-0.0181195, -0.0364561, -0.0548734
0.0678557, 0.0319698, -0.997183
0.960337, 0.268851, 0.0739679
0.270458, -0.962651, -0.0124587

171
-0.039439, 0.0140804, -0.0279461
-0.180968, 0.00287816, 0.983485
0.442132, 0.893487, 0.0787405
-0.878504, 0.44908, -0.162965

172
0.0364417, -0.01703, -0.00167209
-0.0488316, 0.131239, -0.990147
0.244543, 0.962729, 0.115545
0.968408, -0.236492, -0.0791054

173
-0.0246986, 0.0158435, 0.0655956
0.0180717, 0.00932863, -0.999793
-0.569835, -0.821563, -0.0179656
-0.82156, 0.570042, -0.00953122

174
0.0332639, -0.0213937, -0.0264717
0.207407, -0.0213131, 0.978022
-0.547363, -0.831141, 0.0979661
0.810787, -0.555653, -0.184051

175
-0.0101304, 0.0215216, -0.0524093
-0.0538257, -0.0141777, -0.99845
-0.555518, -0.830456, 0.0417398
-0.829761, 0.556903, 0.036824

176
-0.0374477, -0.0188869, -0.000738676
-0.0539115, 0.122765, -0.99097
0.508364, -0.850801, -0.133057
-0.859453, -0.510947, -0.0165415

177
-0.0298086, 0.0181663, -0.0163802
0.0131118, 0.0352604, 0.999292
0.708969, 0.704412, -0.0341579
-0.705118, 0.708915, -0.0157624

178
0.0047615, -0.0277107, 0.05585
-0.0563078, -0.025299, 0.998093
-0.956891, -0.283931, -0.0611803
0.284937, -0.958511, -0.00822091

179
-0.0248352, -0.00640179, -0.00804984
-0.28212, 0.00833856, 0.959343
-0.171882, 0.983344, -0.0590934
-0.943857, -0.181565, -0.275987

180
-0.0224003, 0.0260603, -0.0279757
-0.164844, 0.0355289, 0.985679
0.774886, 0.622955, 0.107137
-0.610228, 0.78145, -0.130222

181
-0.0228822, 0.00254662, 0.006073
-0.343983, 0.0819523, 0.935393
0.251038, 0.967948, 0.0075125
-0.904796, 0.237403, -0.353531

182
-0.00874898, -0.0239979, -0.0221875
-0.180968, 0.00287816, 0.983485
-0.878504, 0.44908, -0.162965
-0.442132, -0.893487, -0.0787405

183
0.00884939, 0.0176338, 0.0682408
-0.0685828, 0.0224965, 0.997392
0.873574, -0.481495, 0.0709291
0.481834, 0.87616, 0.0133699

184
0.0234806, 0.0173496, -0.0271827
-0.176969, -0.0346211, -0.983607
-0.058772, 0.997969, -0.0245524
0.98246, 0.0534635, -0.178645

185
-0.0403467, 0.0115136, 0.00392274
0.104816, -0.165506, -0.980623
-0.148706, -0.977577, 0.149097
-0.983311, 0.130197, -0.127078

186
0.0200887, -0.0209258, -0.039741
-0.0136661, 0.00268011, -0.999903
0.83199, 0.554702, -0.00988436
0.554622, -0.832045, -0.00981044

187
0.0370925, 0.0255141, -0.0415186
0.60355, -0.795975, 0.0463824
0.740865, 0.53836, -0.401606
0.294698, 0.276752, 0.914637

188
0.000677728, 0.0230094, -0.0262689
0.106094, -0.0493218, 0.993132
0.699814, -0.705834, -0.109813
0.706402, 0.706659, -0.0403688

189
-0.0106043, -0.0329974, -0.0192781
-0.176969, -0.0346211, -0.983607
0.930166, -0.332513, -0.15565
-0.321673, -0.942463, 0.0910479

190
-0.0225148, 0.017835, -0.0535243
-0.0127702, 0.00908227, -0.999877
-0.8432, -0.537568, 0.00588622
-0.537449, 0.843171, 0.014523

191
-0.0260936, -0.0193371, -0.00758275
-0.279024, -0.00751727, 0.960255
-0.309546, 0.947296, -0.08253
-0.909025, -0.320271, -0.266646

192
-0.0230176, -0.0101371, -0.0389028
0.0162943, -0.00953912, 0.999822
-0.616094, 0.787477, 0.0175538
-0.787504, -0.61627, 0.0069544

193
-0.0107276, 0.0225753, 0.0552755
0.0985567, 0.0121875, -0.995057
-0.953439, -0.285243, -0.0979283
-0.285027, 0.958378, -0.0164926

194
0.0154905, -0.0209216, 0.0566274
-0.0563078, -0.025299, 0.998093
-0.775011, -0.629124, -0.0596692
0.629434, -0.776893, 0.0158175

195
0.0111707, -0.0187169, -0.0236985
-0.176969, -0.0346211, -0.983607
0.653146, 0.743475, -0.143682
0.736262, -0.667867, -0.10896

196
-0.0157358, 0.0180952, 0.0665399
-0.0685828, 0.0224965, 0.997392
0.958419, 0.279071, 0.0596084
-0.277002, 0.960007, -0.0407006

197
0.0249416, -0.0345592, -0.0644668
-0.210327, -0.192479, 0.958496
-0.223762, -0.944923, -0.238855
0.951679, -0.264713, 0.155673

198
-0.0181902, 0.0137029, 0.0591598
0.023048, -0.00478869, -0.999723
-0.829179, -0.558742, -0.0164398
-0.558509, 0.829328, -0.0168485

199
-0.00998152, -0.0327922, -0.0164593
-0.219494, -0.0476001, -0.974452
0.927105, -0.321207, -0.193139
-0.303807, -0.945812, 0.114633

200
-0.0261071, -0.0104127, -0.00744495
-0.281017, 0.00708309, 0.959677
-0.306939, 0.946787, -0.0968674
-0.909295, -0.321783, -0.26389

201
0.0125782, -0.019801, -0.0176656
-0.264907, -0.0354195, -0.963623
0.658504, 0.723373, -0.207616
0.704413, -0.689549, -0.168303

202
-0.00679714, -0.0201917, -0.119825
-0.253391, -0.916701, 0.308953
-0.829987, 0.0419668, -0.556201
0.496905, -0.397364, -0.771484

203
0.0111707, -0.0187169, -0.0236985
-0.176969, -0.0346211, -0.983607
0.653146, 0.743475, -0.143682
0.736262, -0.667867, -0.10896

204
-0.00687228, 0.0228917, -0.0444412
-0.0330198, -0.01408, -0.999356
-0.643661, -0.76464, 0.0320403
-0.764598, 0.644304, 0.0161855

205
0.00838834, 0.0256344, -0.0171449
0.0131118, 0.0352604, 0.999292
0.922754, -0.385385, 0.0014909
0.385165, 0.922082, -0.0375898

206
-0.0150592, 0.0181961, -0.0155747
-0.281092, -0.0176024, 0.959519
0.408631, 0.90247, 0.136265
-0.868336, 0.430392, -0.246484

207
-0.00823188, -0.0228592, -0.0392651
0.0162943, -0.00953912, 0.999822
-0.870561, 0.491698, 0.0188789
-0.49179, -0.870714, -0.000292516

208
-0.0244626, 0.0133396, -0.0111847
-0.284035, 0.00577215, 0.958797
0.206085, 0.976978, 0.0551691
-0.936404, 0.213263, -0.278685

209
-0.00141337, -0.0135798, -0.0403853
-0.997904, -0.00198674, 0.0646885
0.00423741, -0.99939, 0.0346739
0.0645801, 0.0348753, 0.997303

210
0.00397112, 0.0204276, 0.0699318
0.262793, 0.0299644, -0.964387
-0.906002, 0.351399, -0.235965
0.331814, 0.935746, 0.119493

211
0.0159456, -0.0271422, -0.0312245
0.0722189, -0.0353906, 0.996761
-0.298225, -0.954417, -0.0122796
0.951759, -0.296372, -0.0794813

212
0.0236099, 0.0225938, -0.0276399
-0.206546, -0.0498947, -0.977164
-0.696604, 0.70881, 0.111051
0.687083, 0.703633, -0.181158

213
-0.0264514, 0.0151074, 0.0589626
0.023048, -0.00478869, -0.999723
-0.552329, -0.83358, -0.00874072
-0.833307, 0.552378, -0.0218573

214
-0.00162678, 0.00714898, -0.0514043
-0.924218, -0.377956, -0.0545004
0.23666, -0.678927, 0.695018
-0.299688, 0.62945, 0.716923

215
-0.00523109, -0.0283603, -0.0419706
0.0282176, -0.0180391, 0.999439
-0.740218, 0.671555, 0.03302
-0.671774, -0.740735, 0.00559675

216
-0.00157809, -0.032835, -0.0435176
-0.997904, -0.00198674, 0.0646885
-0.0207989, -0.936662, -0.349617
0.0612858, -0.350229, 0.934657

217
-0.00150621, 0.0256451, -0.0170154
0.0131118, 0.0352604, 0.999292
0.99991, -0.00318427, -0.0130076
0.00272336, 0.999373, -0.035299

218
0.0121322, 0.0332037, 0.0416713
0.502173, 0.0440944, 0.863642
0.797036, -0.411052, -0.442458
0.335492, 0.910545, -0.241564

219
0.00772579, 0.0202335, -0.0201488
0.207407, -0.0213131, 0.978022
0.810787, -0.555653, -0.184051
0.547363, 0.831141, -0.0979661

220
-0.0107644, 0.0224374, 0.0588736
-0.95231, -0.260654, 0.158635
0.0404385, 0.407493, 0.912312
-0.302441, 0.875219, -0.377519

221
0.0151734, 0.0260144, 0.0107714
0.520348, 0.180951, 0.834563
0.630157, -0.740919, -0.232254
0.576317, 0.646758, -0.499563

222
-0.0139248, 0.0169652, -0.0185223
-0.26392, -0.00662431, 0.964522
0.331881, 0.938294, 0.0972563
-0.905649, 0.345775, -0.245436

223
-0.0200421, -0.0213467, 0.00761608
-0.352994, -0.00607425, 0.935606
-0.395348, 0.907289, -0.14327
-0.847995, -0.420463, -0.322669

224
0.0141612, 0.0126418, -0.026599
-0.162997, -0.0395456, -0.985834
-0.143937, 0.989459, -0.0158927
0.976071, 0.139307, -0.166971

225
-0.0284639, -0.00873132, -0.00539977
0.28461, 0.0132586, -0.958552
-0.0651147, -0.997328, -0.0331286
-0.956429, 0.0718445, -0.282986

226
-0.0110701, 0.0191129, 0.0657923
0.262793, 0.0299644, -0.964387
-0.875268, -0.413196, -0.251347
-0.406012, 0.910149, -0.0823581

227
0.022992, 0.0021383, 0.0745467
0.262793, 0.0299644, -0.964387
-0.406012, 0.910149, -0.0823581
0.875268, 0.413196, 0.251347

228
-0.00969492, 0.0212705, -0.0238992
0.13647, 0.0218828, -0.990402
-0.842545, -0.52328, -0.127658
-0.521051, 0.85188, -0.0529748

229
0.0206479, 0.00973199, 0.0600742
0.023048, -0.00478869, -0.999723
-0.558509, 0.829328, -0.0168485
0.829179, 0.558742, 0.0164398

230
0.0113712, -0.0182587, -0.0219789
-0.219494, -0.0476001, -0.974452
0.635469, 0.750896, -0.179818
0.740271, -0.658703, -0.134569

231
0.000754755, -0.0261207, 0.0556643
-0.0563078, -0.025299, 0.998093
-0.993093, 0.104489, -0.0533772
-0.102939, -0.994204, -0.0310078

232
-0.0245317, 0.0131047, -0.00813012
-0.28212, 0.00833856, 0.959343
0.2024, 0.977973, 0.0510206
-0.937786, 0.208565, -0.277593

233
0.0195025, 0.0216897, -0.0308185
-0.0668891, -0.026007, -0.997421
-0.261449, 0.965187, -0.00763322
0.962897, 0.260264, -0.07136

234
-0.000773587, -0.027648, -0.0534107
0.0678557, 0.0319698, -0.997183
0.783736, 0.616776, 0.0731052
0.617376, -0.786489, 0.0167959

235
-0.00782875, -0.0297256, 0.00926413
-0.154437, -0.507873, 0.847475
-0.970769, 0.237511, -0.0345702
-0.183727, -0.828042, -0.529708

236
0.0077387, -0.0240633, -0.0240905
-0.142536, -0.0261804, -0.989443
0.824496, 0.549937, -0.133325
0.547622, -0.834796, -0.0567999

237
-0.0170854, -0.032249, -0.0202978
-0.142536, -0.0261804, -0.989443
0.821457, -0.560799, -0.103498
-0.55217, -0.827538, 0.10144

238
-0.0242419, -0.0168778, 0.0072748
-0.343983, 0.0819523, 0.935393
-0.114322, 0.985118, -0.12835
-0.931991, -0.151086, -0.329495

239
-0.00738668, -0.0254713, -0.0236073
-0.164844, 0.0355289, 0.985679
-0.610228, 0.78145, -0.130222
-0.774886, -0.622955, -0.107137

240
0.0391236, 8.80501e-05, -0.00255368
-0.0539115, 0.122765, -0.99097
-0.140769, 0.981568, 0.129259
0.988574, 0.146466, -0.0356363

241
-0.0280574, 0.032183, 0.0279355
-0.582194, -0.0878719, 0.808287
0.490671, 0.754724, 0.43547
-0.648299, 0.650131, -0.39628

242
-0.0135478, -0.0183421, -0.00637255
-0.235414, -0.046526, 0.970781
-0.766059, 0.623582, -0.155883
-0.598109, -0.780372, -0.182442

243
-0.0380571, 0.0122926, -0.00950904
-0.172813, -0.085644, 0.981224
0.436667, 0.886298, 0.154264
-0.882869, 0.455127, -0.115766

244
0.00860173, 0.0481044, 0.0497644
-0.960661, 0.240882, 0.138228
0.264435, 0.641231, 0.720345
0.0848822, 0.728559, -0.679703

245
-0.0160815, -0.0318774, -0.0494218
0.0502236, 0.0302461, -0.99828
0.870795, -0.490793, 0.0289397
-0.489074, -0.870751, -0.0509876

246
0.0225713, 0.0243795, -0.0272665
-0.176969, -0.0346211, -0.983607
-0.736262, 0.667867, 0.10896
0.653146, 0.743475, -0.143682

247
0.01964, 0.0107634, -0.0595546
-0.0926794, -0.259882, 0.961182
0.740488, -0.663342, -0.107954
0.665648, 0.701739, 0.253918

248
-0.0232928, 0.0133357, 0.0539178
0.0985567, 0.0121875, -0.995057
-0.472639, -0.879373, -0.0575837
-0.875728, 0.475978, -0.0809078

249
-0.0347178, 0.00399049, -0.0500459
0.0263542, -0.00458871, 0.999642
-0.273511, 0.961799, 0.0116257
-0.961508, -0.273719, 0.0240924

250
0.0381619, 0.00127222, 0.00284915
-0.173741, 0.15905, -0.971863
0.0211948, 0.987247, 0.157778
0.984563, 0.00681409, -0.174896

251
0.0403122, 0.00949101, -0.027748
-0.00869183, 0.00720939, -0.999936
-0.187883, 0.982153, 0.00871433
0.982153, 0.187947, -0.00718219

252
-0.0132268, 0.0159978, -0.0897473
-0.616709, -0.779269, -0.111403
-0.155456, -0.0181693, 0.987676
-0.771689, 0.626427, -0.109937

253
0.0322385, 0.00467805, 0.0335134
-0.451089, -0.0136779, -0.892374
-0.105335, 0.99371, 0.0380151
0.886241, 0.111147, -0.449693

254
-0.0198499, 0.0338972, -0.0573316
-0.0804619, 0.0160158, 0.996629
0.981123, -0.175126, 0.0820243
0.175849, 0.984416, -0.00162249

255
-0.0222715, 0.0274409, -0.026529
-0.167153, 0.015646, 0.985807
0.774955, 0.620217, 0.121557
-0.609512, 0.784275, -0.115796

256
0.00348556, -0.0260434, 0.00988647
-0.324811, 0.254657, -0.91085
0.788308, 0.605007, -0.111963
0.522559, -0.754398, -0.397261

257
-0.0580496, 0.0111252, 0.0398645
-0.545481, -0.829482, 0.120046
-0.650779, 0.509441, 0.562988
-0.528145, 0.228976, -0.8177

258
-0.0114006, 0.0256974, -0.0168874
0.0131118, 0.0352604, 0.999292
0.924839, 0.379502, -0.0255258
-0.380133, 0.924519, -0.0276343

259
0.0132112, 0.00589389, -0.0157515
0.275901, -0.0198632, 0.960981
0.345166, -0.931051, -0.118343
0.897073, 0.364349, -0.250022

260
-0.0158529, 0.00258519, 0.0360752
-0.993576, 0.0863995, 0.0730889
0.104174, 0.950593, 0.292439
-0.0442111, 0.298175, -0.953487

261
0.0197037, 0.0250753, -0.0172736
0.0131118, 0.0352604, 0.999292
0.705118, -0.708915, 0.0157624
0.708969, 0.704412, -0.0341579

262
-0.0146481, -0.0264651, 0.0547866
-0.0563078, -0.025299, 0.998093
-0.878105, 0.477, -0.0374479
-0.475143, -0.878539, -0.049074

263
0.00655982, -0.0342358, -0.0290761
0.0979178, -0.0274482, 0.994816
-0.558, -0.829222, 0.0320436
0.824044, -0.558245, -0.0965117

264
-0.00622709, -0.00789713, -0.0511979
0.60355, -0.795975, 0.0463824
0.555782, 0.461707, 0.691327
-0.571694, -0.391472, 0.721052

265
0.0238107, -0.00686525, -0.00449762
-0.197627, 0.0734238, -0.977524
0.553501, 0.831379, -0.0494552
0.809061, -0.550834, -0.204943

266
0.0178733, 0.0089508, 0.00434122
0.302984, 0.132244, 0.943775
0.501589, -0.864184, -0.0399353
0.810314, 0.485487, -0.328166

267
0.0140542, 0.025539, -0.0424901
-0.0236625, -0.00305058, -0.999715
-0.996983, 0.0740244, 0.023372
0.073932, 0.997252, -0.00479298

268
-0.0262842, -0.0108462, 0.054526
-0.0563078, -0.025299, 0.998093
-0.284937, 0.958511, 0.00822091
-0.956891, -0.283931, -0.0611803

269
-0.00174622, 0.0267996, -0.055756
-0.0804619, 0.0160158, 0.996629
0.839145, -0.538515, 0.0764015
0.537923, 0.842464, 0.0298904

270
-0.0267067, -0.0115567, -0.00959164
-0.172813, -0.085644, 0.981224
-0.648559, 0.759654, -0.0479194
-0.741287, -0.644663, -0.186823

271
0.0395105, 0.00920216, -0.00376599
-0.263314, 0.0613665, -0.962756
-0.446433, 0.876935, 0.177996
0.855198, 0.476675, -0.203513

272
-0.0130056, -0.0323171, -0.0434607
-0.0330198, -0.01408, -0.999356
0.460078, -0.887874, -0.00269214
-0.887264, -0.45987, 0.0357953

273
0.025544, 0.0158723, -0.0225412
-0.264907, -0.0354195, -0.963623
-0.0324624, 0.999086, -0.0277989
0.963727, 0.0239174, -0.265815

274
-0.00197774, -0.0321896, -0.0401822
0.999917, -0.0125974, 0.00261041
0.0109782, 0.941306, 0.337377
-0.00670728, -0.337321, 0.941366

275
-0.0133643, 0.0182285, -0.0868422
-0.533676, -0.804269, -0.261421
-0.137486, -0.222498, 0.96519
-0.834439, 0.55104, 0.00816588

276
-0.0303517, 0.0116296, -0.0286886
-0.0891477, 0.00363062, 0.996012
-0.0603722, 0.998135, -0.00904196
-0.994187, -0.0609375, -0.0887622

277
-0.0223471, 0.017543, 0.054063
0.0985567, 0.0121875, -0.995057
-0.771788, -0.630286, -0.0841625
-0.628196, 0.776268, -0.0527127

278
-0.0341645, -0.0176263, 0.0116507
0.275161, -0.25206, -0.927767
-0.14472, -0.964882, 0.219222
-0.950443, 0.0739449, -0.301976

279
0.00934562, 0.0188477, -0.0238232
-0.190085, -0.00248019, -0.981765
-0.435764, 0.896308, 0.0821062
0.87976, 0.443425, -0.171455

280
-0.00933943, -0.0259516, -0.0101088
-0.164116, -0.0857734, 0.982705
-0.928197, 0.350677, -0.124405
-0.333941, -0.93256, -0.137166

281
0.0165114, 0.0170448, 0.0579057
0.0985567, 0.0121875, -0.995057
-0.628196, 0.776268, -0.0527127
0.771788, 0.630286, 0.0841625

282
-0.0186898, 0.0255249, -0.0406181
0.0282176, -0.0180391, 0.999439
0.337369, 0.941343, 0.00746547
-0.940949, 0.336969, 0.0326483

283
0.0219845, 0.0249512, -0.0264803
-0.219494, -0.0476001, -0.974452
-0.740271, 0.658703, 0.134569
0.635469, 0.750896, -0.179818

284
-0.0159853, -0.0213915, 0.0543935
0.809682, -0.476904, -0.34202
0.00342537, -0.578937, 0.815365
-0.586859, -0.661358, -0.467121

285
0.0234178, -0.0139871, 0.00298771
-0.173741, 0.15905, -0.971863
0.711178, 0.702907, -0.0121041
0.681204, -0.693271, -0.235236

286
0.0268949, 0.0108999, -0.0336174
-0.00682057, 0.00428548, -0.999968
0.135558, 0.990764, 0.00332143
0.990746, -0.13553, -0.0073385

287
-0.0418077, -0.00367676, 0.0586986
0.023048, -0.00478869, -0.999723
0.198682, -0.98002, 0.00927479
-0.979793, -0.19884, -0.021636

288
-0.032228, 0.0222086, -0.00895903
-0.235414, -0.046526, 0.970781
0.598109, 0.780372, 0.182442
-0.766059, 0.623582, -0.155883

289
0.0165803, -0.0115959, 0.00925613
-0.324811, 0.254657, -0.91085
0.528327, 0.847649, 0.0485847
0.784454, -0.465446, -0.409868

290
-0.0176194, -0.0159951, -0.0514728
-0.0538257, -0.0141777, -0.99845
0.193919, -0.981011, 0.003476
-0.97954, -0.193432, 0.0555529

291
-0.0356671, -0.0223637, -0.00772709
0.28461, 0.0132586, -0.958552
0.630255, -0.756019, 0.176676
-0.722341, -0.654415, -0.223527

292
0.0243867, -0.00943241, 0.0048261
0.302984, 0.132244, 0.943775
0.153314, -0.98419, 0.0886884
0.940583, 0.117823, -0.318469

293
-0.0274939, -0.00807297, 0.0545281
-0.0563078, -0.025299, 0.998093
0.102939, 0.994204, 0.0310078
-0.993093, 0.104489, -0.0533772

294
0.0315526, 0.0167305, -0.0542249
-0.0127702, 0.00908227, -0.999877
-0.537449, 0.843171, 0.014523
0.8432, 0.537568, -0.00588622

295
-0.0272902, 0.000289318, 0.053362
0.0985567, 0.0121875, -0.995057
-0.101535, -0.994583, -0.0222383
-0.989938, 0.103225, -0.0967854

296
-0.0243064, 0.0190578, -0.0310301
-0.0742245, 0.0187721, 0.997065
0.0887879, 0.995977, -0.012142
-0.993281, 0.0876261, -0.0755926

297
-0.0074219, 0.0061816, -0.0532177
-0.616709, -0.779269, -0.111403
0.435742, -0.455798, 0.776129
-0.65559, 0.430103, 0.620655

298
0.0125947, 0.0288195, 0.0568508
-0.582194, -0.0878719, 0.808287
0.648299, -0.650131, 0.39628
0.490671, 0.754724, 0.43547

299
-0.0379386, 0.0465651, -0.0147383
-0.190085, -0.00248019, -0.981765
-0.979552, -0.0666686, 0.189825
-0.0659237, 0.997772, 0.0102432

300
