0
0.0561626, -0.0449171, 0.0279065
0.565737, 0.0979336, -0.818749
-0.823775, 0.111156, -0.555914
0.0365659, 0.988966, 0.14356

1
0.0727078, -0.022842, 0.0193184
0.000178638, 0.999954, 0.00958816
-0.991842, -0.00104503, 0.127466
0.12747, -0.00953271, 0.991797

2
-0.041364, 0.0149559, -0.044245
-0.998542, 0.0535657, 0.00669879
-0.0013275, 0.0996878, -0.995018
-0.0539666, -0.993576, -0.0994713

3
-0.0106223, -0.0109244, -0.0412783
-0.0112191, 0.999937, 0.00072818
0.0401268, 0.00117786, -0.999194
-0.999132, -0.0111809, -0.0401375

4
-0.0254005, 0.0108943, -0.000253284
0.00557038, -0.999982, 0.00218966
0.780361, 0.00297772, -0.625322
0.625304, 0.005192, 0.780364

5
0.0240885, 0.0856139, -0.0277763
-0.971868, -0.0294454, -0.233679
-0.0144468, 0.997739, -0.0656387
0.235083, -0.0604162, -0.970096

6
0.0443219, 0.0335559, -0.0425408
-0.0215748, -0.999767, 0.000213161
-0.00538953, -9.69019e-05, -0.999985
0.999753, -0.0215756, -0.00538619

7
-0.0186808, -0.0610457, -0.0260833
0.00698263, -0.999667, -0.0248547
0.0235961, 0.0250131, -0.999409
0.999697, 0.00639202, 0.0237629

8
-0.0106253, -0.0011804, -0.0412719
0.00370322, 0.999993, -3.82677e-05
0.0400074, -0.000186394, -0.999199
-0.999193, 0.00369873, -0.0400078

9
0.00831897, -0.0437483, -0.0404489
-0.00769112, -0.99997, -0.00124835
-0.0235376, 0.00142908, -0.999722
0.999693, -0.0076596, -0.0235479

10
0.0443338, -0.0344537, -0.0394855
-0.00176757, -0.999998, -0.000202234
-0.00428001, 0.000209798, -0.999991
0.999989, -0.00176668, -0.00428038

11
0.00732819, 0.0925269, 0.0534755
-0.97759, -0.0964831, 0.187105
0.00582918, -0.900855, -0.434081
0.210436, -0.423263, 0.881229

12
0.0693323, 0.0147248, -0.000120192
-0.0964261, -0.00880904, -0.995301
0.993532, 0.0593864, -0.0967804
0.0599599, -0.998196, 0.00302567

13
0.0153719, -0.0986109, 0.0401074
-0.997871, 0.014694, 0.0635412
-0.0237193, -0.989335, -0.143711
0.0607519, -0.144912, 0.987578

14
0.00621506, 0.0548837, 0.0107227
0.999996, -0.00179293, 0.00235821
0.0017573, 0.999886, 0.0150233
-0.00238488, -0.0150191, 0.999884

15
-0.0701956, -0.028788, 0.0227033
-0.00101841, -0.999963, -0.00848746
0.999531, -0.00127759, 0.0305877
-0.0305974, -0.00845233, 0.999496

16
0.0292614, -0.0377056, -0.0427261
0.0531945, -0.998584, -0.000363409
-0.00909837, -0.000120761, -0.999959
0.998543, 0.0531956, -0.00909191

17
0.0472254, -0.0286609, -0.0393943
-0.0659121, -0.997825, -0.000462165
-0.00242013, 0.000623034, -0.999997
0.997822, -0.0659108, -0.00245593

18
-0.0373886, 0.0338845, -0.039544
0.104999, 0.994472, -3.96042e-05
0.00541561, -0.000611621, -0.999985
-0.994458, 0.104998, -0.0054499

19
0.0140392, 0.0214006, -0.0478928
-0.999606, 0.0273832, -0.00621525
0.0108416, 0.172198, -0.985003
-0.0259023, -0.984682, -0.172427

20
0.011025, -0.0512636, -0.0391067
-0.997871, 0.014694, 0.0635412
0.0597302, 0.597098, 0.799942
-0.026186, 0.802034, -0.596704

21
-0.0252073, -0.0315387, 0.0037615
-0.00663586, -0.999978, -0.000101633
0.860641, -0.00565947, -0.509181
0.509169, -0.00346632, 0.86066

22
-0.0698455, -0.062616, 0.022699
0.00698263, -0.999667, -0.0248547
0.999697, 0.00639202, 0.0237629
-0.0235961, -0.0250131, 0.999409

23
0.0352688, -0.048876, -0.03976
-0.0502035, -0.998738, 0.00116714
-0.00981673, -0.000675097, -0.999952
0.998691, -0.0502126, -0.00977045

24
0.0297861, 0.0258004, 0.000802689
0.00593907, 0.999982, 0.000903839
-0.741467, 0.00501017, -0.670971
-0.670963, 0.00331478, 0.741483

25
0.0232515, -0.0464924, -0.0394178
0.0574589, -0.998348, -0.00023414
-0.00293437, 6.56418e-05, -0.999996
0.998344, 0.0574593, -0.00292575

26
-0.0168693, -0.0952908, 0.0221008
-0.995474, -0.0672934, 0.067107
0.0571537, -0.988072, -0.142991
0.075929, -0.138509, 0.987446

27
0.066016, -0.0179578, -0.00687894
0.114502, 0.370386, 0.921794
0.993403, -0.0367435, -0.108633
-0.00636629, 0.928151, -0.372149

28
0.044307, -0.011998, -0.0395311
-0.0326537, -0.999467, 7.36335e-05
-0.00519194, 9.59548e-05, -0.999987
0.999453, -0.0326536, -0.00519231

29
0.035402, -0.00437297, 0.0107198
-0.00209145, 0.999998, 0.000113529
-0.999824, -0.00208897, -0.0186462
-0.0186459, -0.000152507, 0.999826

30
-0.025133, -0.0135853, -0.0034689
-0.00839119, -0.999964, 0.00115139
0.776019, -0.00723813, -0.630668
0.630654, -0.00439856, 0.776052

31
0.0426369, 0.0444918, -0.0502469
-0.00246196, 0.998876, -0.0473459
0.880549, -0.0202742, -0.473521
-0.473948, -0.0428562, -0.879509

32
-0.0250335, -0.0433743, 0.00365857
0.00234222, -0.999996, -0.00160752
0.858598, 0.00283512, -0.512642
0.512645, -0.000179491, 0.858601

33
-0.036385, 0.0169046, -0.00108926
0.00182123, -0.999983, 0.00552949
0.763661, -0.00217914, -0.645613
0.645615, 0.00539847, 0.763644

34
-0.00116675, -0.0316931, -0.0463246
-0.00663586, -0.999978, -0.000101633
-0.141058, 0.00103668, -0.990001
0.989979, -0.00655517, -0.141062

35
-0.0314394, 0.0261089, -0.00844877
-0.0217409, -0.987356, 0.157018
-0.593521, -0.113638, -0.796756
0.804525, -0.110516, -0.583546

36
0.0116096, -0.0464549, 0.00078899
0.999869, 0.0144372, 0.00730787
-0.00719562, 0.80121, -0.59834
-0.0144935, 0.598209, 0.801209

37
0.0727672, -0.0644857, 0.0192293
0.0247758, 0.997814, -0.0612672
-0.991379, 0.032411, 0.12695
0.128659, 0.0575937, 0.990015

38
-0.0696337, 0.0214419, -0.00894327
-0.120772, -0.593524, 0.795703
-0.991848, 0.0393324, -0.121204
0.0406407, -0.803855, -0.593436

39
0.0131732, -0.0356171, -0.0442124
-0.99972, 0.0150441, -0.0182628
-0.0166842, 0.0990964, 0.994938
0.0167777, 0.994964, -0.0988177

40
0.0229109, 0.0106929, 0.0252995
0.00275182, 0.999943, 0.0102774
-0.151399, 0.0105755, -0.988416
-0.988469, 0.00116396, 0.151419

41
0.0397981, 0.042985, -0.00701205
-0.991502, 0.0761066, 0.105508
-0.119797, -0.217923, -0.968586
-0.0507231, -0.972994, 0.225189

42
-0.0484473, -0.0600876, -0.0729834
0.00698263, -0.999667, -0.0248547
-0.91457, 0.00366664, -0.404411
0.404368, 0.0255552, -0.914239

43
0.00619051, 0.0358089, 0.0066297
0.999996, -0.00179293, 0.00235821
0.000710884, 0.918026, 0.396519
-0.00287583, -0.396516, 0.918024

44
-0.0118426, -0.00236581, -0.0393959
0.99996, 0.00351672, -0.00823818
-0.00822935, -0.0025185, -0.999963
-0.00353733, 0.999991, -0.00248946

45
-0.0397434, 0.0517975, 0.00051994
0.999767, -0.016275, 0.0141446
0.000578159, 0.675976, 0.736923
-0.0215549, -0.736744, 0.675828

46
0.0546015, -0.108627, 0.00943847
-0.967517, -0.233164, -0.0976978
0.252749, -0.883981, -0.393314
0.00534378, -0.405231, 0.914199

47
-0.0349883, -0.0467562, -0.0246943
-0.00194396, -0.999945, 0.0103118
-0.608504, -0.00700009, -0.79352
0.793548, -0.00781734, -0.608457

48
0.0229562, -0.022596, -0.00540611
0.000178638, 0.999954, 0.00958816
-0.497329, 0.00840716, -0.867521
-0.867562, -0.00461349, 0.497307

49
-0.0235794, 0.0450521, -0.00616002
-0.999476, 0.0221478, 0.0235993
-0.0323183, -0.721891, -0.691251
0.00172643, -0.691652, 0.722229

50
0.0111512, -0.117039, -0.000601372
-0.99972, 0.0150441, -0.0182628
-6.61059e-05, -0.773618, -0.633653
-0.0236612, -0.633474, 0.773402

51
-0.0596985, -0.0518306, -0.0668153
-0.00165289, -0.999933, -0.0114227
-0.970933, 0.00433871, -0.239311
0.239345, 0.0106951, -0.970876

52
0.0250174, -0.0461314, -0.00828382
0.999299, -0.0323274, 0.0189016
0.0348667, 0.61906, -0.784569
0.0136619, 0.784678, 0.619753

53
0.0120635, 0.0286652, 0.0107278
0.104999, 0.994472, -3.96042e-05
-0.994458, 0.104998, -0.0054499
-0.00541561, 0.000611621, 0.999985

54
0.0210108, -0.0106458, -0.00791274
-0.00658668, 0.999978, 0.00119947
-0.687166, -0.00365482, -0.726491
-0.726471, -0.0056094, 0.687175

55
-0.0297288, -0.0454019, 0.00217782
0.999978, 0.00615087, -0.00262781
-0.00656864, 0.828964, -0.559263
-0.00126159, 0.559268, 0.828986

56
0.0644399, 0.0221104, -0.0286415
8.46722e-05, 0.999943, -0.0106319
0.987457, -0.00176226, -0.157879
-0.157889, -0.0104852, -0.987401

57
0.00183328, 0.0551212, 0.0108967
-0.973433, -0.0971397, 0.207346
-0.210535, 0.735732, -0.643718
-0.0900204, -0.67027, -0.736637

58
0.0226883, 0.053253, 0.00170442
0.0328376, 0.99943, 0.00787428
-0.818953, 0.0314223, -0.572999
-0.57292, 0.0123673, 0.819518

59
-0.0234208, 0.0397583, -0.0103734
-0.00477483, -0.998777, 0.0492207
-0.262581, -0.0462417, -0.963801
0.964898, -0.0175264, -0.262039

60
-0.0256047, 0.0169931, 0.00211033
0.0114365, -0.999934, 0.00090724
0.827588, 0.00895613, -0.561264
0.561219, 0.00716974, 0.827636

61
0.0143379, 0.0438391, 0.00293047
-0.999606, 0.0273832, -0.00621525
-0.0197817, -0.84383, -0.536246
-0.0199287, -0.535912, 0.844039

62
0.0659734, 0.0395188, 0.0027056
0.0688515, -0.0135879, 0.997534
-0.979902, 0.186726, 0.070178
-0.187219, -0.982318, -0.000458439

63
0.00336994, -0.047334, -0.006812
0.999983, -0.00429796, 0.00393775
0.00578535, 0.649176, -0.760617
0.000712806, 0.760626, 0.649189

64
0.0344823, 0.0788829, 0.00861964
-0.998117, -0.0574534, -0.0215046
0.0489021, -0.956815, 0.286556
-0.0370395, 0.284964, 0.957822

65
-0.0136569, -0.00446979, -0.0402038
-0.00209145, 0.999998, 0.000113529
0.0186459, 0.000152507, -0.999826
-0.999824, -0.00208897, -0.0186462

66
-0.0112023, -0.00736864, 0.0107264
-0.00553661, -0.999985, -1.47039e-05
0.999942, -0.00553624, -0.00926738
0.00926716, -6.60129e-05, 0.999957

67
-0.0239424, -0.022633, -0.00428898
-0.00673139, -0.999977, -0.000778299
0.699638, -0.00415355, -0.714485
0.714466, -0.00535401, 0.69965

68
-0.0671907, 0.0268354, -0.0181654
0.233514, 0.0189137, -0.972169
0.968226, 0.0875047, 0.234269
0.0895003, -0.995985, 0.0021209

69
0.00909617, 0.0588697, 0.00765144
0.99982, -0.0186091, 0.00373842
0.0183736, 0.998296, 0.0553787
-0.00476259, -0.0553, 0.998458

70
-0.0300225, -0.0732894, 0.007063
-0.953276, -0.302101, -0.000763298
0.280227, -0.883304, -0.375827
0.112864, -0.358481, 0.926689

71
-0.078314, -0.0222759, 0.00712067
-0.00673139, -0.999977, -0.000778299
0.92782, -0.00653595, 0.37297
-0.372967, 0.00178849, 0.927843

72
0.0297408, 0.0229167, 0.0469147
8.46722e-05, 0.999943, -0.0106319
-0.523753, -0.00901263, -0.851822
-0.85187, 0.00564061, 0.523723

73
-0.0313941, -0.0527704, 0.0113602
-0.00165289, -0.999933, -0.0114227
0.592686, 0.00822063, -0.805392
0.805432, -0.00810128, 0.592633

74
-0.0112179, -0.071383, 0.00696843
0.99996, 0.00351672, -0.00823818
-0.000118836, 0.924835, 0.380369
0.0089566, -0.380353, 0.924798

75
-0.0318812, -0.0128555, -0.0395524
0.00294556, -0.999912, -0.0129654
-0.605697, 0.00853254, -0.795649
0.79569, 0.0101967, -0.605619

76
-0.0361773, -0.0226013, 0.00110649
-0.00511665, -0.999985, -0.00210817
0.807557, -0.00288867, -0.589783
0.589768, -0.00472018, 0.807559

77
0.0795473, -0.0394616, 0.0066978
-0.0287193, -0.035484, -0.998958
-0.978495, 0.205213, 0.0208416
0.20426, 0.978074, -0.0406145

78
0.0533083, -0.0640847, 0.0178903
0.0247758, 0.997814, -0.0612672
-0.965151, 0.00790369, -0.261576
-0.260519, 0.0656128, 0.963236

79
0.00830383, -0.00405591, 0.00696429
-0.0156046, -0.999878, 0.000268956
0.924604, -0.0143274, 0.38066
-0.380609, 0.0061887, 0.924715

80
0.0455872, -0.071439, 0.00995607
-0.967517, -0.233164, -0.0976978
0.182499, -0.91161, 0.368321
-0.174942, 0.338528, 0.924551

81
-0.0250957, -0.0463942, 0.0122715
-0.00194396, -0.999945, 0.0103118
0.130846, -0.0104775, -0.991347
0.991401, -0.000577884, 0.130859

82
-0.0653329, 0.0381632, -0.0468072
-0.00477483, -0.998777, 0.0492207
-0.991935, -0.00150364, -0.126738
0.126657, -0.0494289, -0.990714

83
-0.0404888, -0.0434368, 0.0107146
-0.00769112, -0.99997, -0.00124835
0.999693, -0.0076596, -0.0235479
0.0235376, -0.00142908, 0.999722

84
-0.0240963, -0.0166394, -0.00413253
-0.00803859, -0.999968, 0.000339339
0.702754, -0.00589075, -0.711408
0.711387, -0.00548025, 0.702779

85
0.0327121, -0.043485, -0.00226431
-0.00627741, 0.999977, -0.00246897
-0.740121, -0.00630643, -0.672445
-0.672445, -0.00239387, 0.740143

86
-0.0374628, -0.0267204, -0.0336012
-0.999346, -0.0361714, -3.00358e-05
0.00407225, -0.113333, 0.993549
-0.0359415, 0.992898, 0.113406

87
-0.0141749, -0.0463316, 0.0107261
-0.0502035, -0.998738, 0.00116714
0.998691, -0.0502126, -0.00977045
0.00981673, 0.000675097, 0.999952

88
0.0313095, 0.0791288, -0.0715288
-0.0962957, 0.964486, 0.245955
0.70713, 0.240193, -0.665038
-0.700496, 0.109882, -0.705146

89
-0.0381458, -0.00125432, 0.00430334
0.000686634, -0.999997, 0.00216145
0.871499, -0.000461571, -0.490397
0.490397, 0.00222043, 0.871496

90
-0.0356698, 0.0575756, 0.00655699
0.0813172, -0.0207322, -0.996473
0.620577, 0.783393, 0.0343433
0.779918, -0.62118, 0.0765692

91
-0.0054061, -0.0103701, 0.0107279
-0.0326537, -0.999467, 7.36335e-05
0.999453, -0.0326536, -0.00519231
0.00519194, -9.59548e-05, 0.999987

92
0.0202743, -0.025851, 0.00259632
-0.0211095, 0.999777, 0.000443238
-0.89716, -0.0187472, -0.441307
-0.4412, -0.00971343, 0.897356

93
-0.0669105, -0.0460816, 0.0347074
-0.00194396, -0.999945, 0.0103118
0.966007, -0.00454346, -0.258474
0.258507, 0.0094588, 0.965963

94
-0.00254469, -0.0253965, 0.0107284
-0.0659121, -0.997825, -0.000462165
0.997822, -0.0659108, -0.00245593
0.00242013, -0.000623034, 0.999997

95
0.0444259, -0.132764, 0.0291081
0.00948687, -0.220483, -0.975345
0.785989, -0.601337, 0.143581
-0.618168, -0.767972, 0.167592

96
-0.0114998, -0.0169213, -0.00400546
0.99996, 0.00351672, -0.00823818
-0.0083203, 0.705319, -0.708841
0.00331775, 0.708881, 0.70532

97
0.0847519, -0.0633301, 0.0454587
0.565737, 0.0979336, -0.818749
-0.556641, 0.777903, -0.291578
0.608353, 0.620706, 0.494603

98
0.0183631, -0.0106337, 0.00611727
-0.0112191, 0.999937, 0.00072818
-0.907721, -0.00987904, -0.419457
-0.419423, -0.00536694, 0.907775

99
0.037328, -0.0104242, 0.0106882
-0.0112191, 0.999937, 0.00072818
-0.999132, -0.0111809, -0.0401375
-0.0401268, -0.00117786, 0.999194

100
-0.0464991, -0.0127311, -0.0524715
0.00294556, -0.999912, -0.0129654
-0.864089, 0.00398092, -0.503324
0.503331, 0.0126858, -0.864

101
-0.025592, 0.0200808, 0.00210084
0.0161936, -0.999869, -0.000205087
0.827336, 0.0135145, -0.561545
0.561474, 0.00892377, 0.827446

102
0.0477316, -0.0149573, 0.00224256
-0.100342, -0.0506276, -0.993664
-0.922771, -0.368722, 0.11197
-0.372055, 0.92816, -0.00971923

103
-0.0718925, 0.0470169, 0.0361264
0.000587598, -0.999945, 0.0105044
0.963216, -0.00225687, -0.268717
0.268726, 0.0102759, 0.963162

104
0.0318402, 0.0223263, -0.00859952
8.46722e-05, 0.999943, -0.0106319
0.586593, -0.00866023, -0.809835
-0.809882, -0.00616802, -0.586561

105
0.0688541, 0.0227901, 0.0353184
8.46722e-05, 0.999943, -0.0106319
-0.972713, -0.00238438, -0.232001
-0.232013, 0.0103614, 0.972657

106
0.0117246, -0.027908, -0.0515807
0.999869, 0.0144372, 0.00730787
0.0106366, -0.246063, -0.969196
-0.0121943, 0.969146, -0.246184

107
0.0373339, -0.00135602, 0.0106885
0.00370322, 0.999993, -3.82677e-05
-0.999193, 0.00369873, -0.0400078
-0.0400074, 0.000186394, 0.999199

108
0.092282, 0.0510635, -0.0106215
0.0328376, 0.99943, 0.00787428
-0.57292, 0.0123673, 0.819518
0.818953, -0.0314223, 0.572999

109
-0.0235049, 0.0465218, -0.0137073
0.000587598, -0.999945, 0.0105044
-0.268726, -0.0102759, -0.963162
0.963216, -0.00225687, -0.268717

110
-0.0105998, -0.0403733, -0.00935948
0.000729422, -0.999999, -0.00124152
0.598239, 0.00143122, -0.801316
0.801317, -0.00015823, 0.59824

111
0.0183675, -0.00128596, 0.00612
0.00370322, 0.999993, -3.82677e-05
-0.907823, 0.00334585, -0.419339
-0.419336, 0.00158765, 0.90783

112
-0.0357774, -0.0287309, -0.0136121
-0.0123855, -0.999923, 0.00110996
0.75312, -0.0100587, -0.657806
0.657766, -0.00731131, 0.753187

113
0.0553125, 0.0046461, 0.03932
0.00146648, 0.999999, 0.00027152
-0.781497, 0.00131546, -0.623908
-0.623907, 0.000702758, 0.781498

114
-0.0117062, -0.0374973, -0.0150799
-0.00282844, -0.999996, -0.000489549
0.54383, -0.00112737, -0.839195
0.839191, -0.00263985, 0.543831

115
0.00254124, 0.0543228, -0.0500598
0.0328376, 0.99943, 0.00787428
0.215909, 0.000598952, -0.976413
-0.975861, 0.0337632, -0.215767

116
0.0240152, -0.00756341, -0.0042453
-0.00553661, -0.999985, -1.47039e-05
0.700513, -0.00386803, -0.713629
0.713618, -0.00396139, 0.700523

117
0.0038931, 0.0866737, 0.0560825
-0.971868, -0.0294454, -0.233679
0.10331, -0.944911, -0.310597
-0.21166, -0.326001, 0.92137

118
0.0118846, -0.0617499, 0.00479787
-0.99972, 0.0150441, -0.0182628
-0.0218854, -0.881304, 0.472042
-0.00899366, 0.472309, 0.881387

119
0.0340703, 0.0605062, 0.00519348
0.0688515, -0.0135879, 0.997534
-0.560512, 0.826639, 0.0499475
-0.825279, -0.562569, 0.0492992

120
0.00356404, -0.0355213, -0.043211
0.999983, -0.00429796, 0.00393775
0.00358683, -0.0788077, -0.996883
0.00459489, 0.996881, -0.0787909

121
-0.0590158, 0.0387836, 0.0224833
-0.35499, -0.00263857, -0.934866
0.932016, 0.0770851, -0.354125
0.0729987, -0.997021, -0.0249053

122
-0.0733657, -0.0224301, 0.010132
-0.00511665, -0.999985, -0.00210817
0.988058, -0.00538027, 0.153991
-0.154, -0.00129507, 0.98807

123
-0.0627318, 0.0471002, 0.043546
0.000587598, -0.999945, 0.0105044
0.787059, -0.00601751, -0.616849
0.616878, 0.00863007, 0.787012

124
-0.0102083, -0.00446476, -0.021002
-0.00209145, 0.999998, 0.000113529
-0.36539, -0.000658518, -0.930854
-0.930852, -0.00198832, 0.36539

125
-0.00469765, 0.0171856, -0.0493624
0.0114365, -0.999934, 0.00090724
-0.201795, -0.00319661, -0.979423
0.979361, 0.0110181, -0.201818

126
-0.024602, -0.0343412, 0.00700398
-0.00176757, -0.999998, -0.000202234
0.925508, -0.00171249, 0.378725
-0.378725, 0.000482253, 0.925509

127
0.0273906, -0.0531276, -0.0256213
-0.00244976, 0.999771, -0.0212645
0.627176, -0.0150264, -0.778732
-0.778873, -0.0152443, -0.626996

128
0.0133974, 0.025929, -0.0337785
0.00593907, 0.999982, 0.000903839
-0.0498537, 0.00119882, -0.998756
-0.998739, 0.00588662, 0.0498599

129
-0.0642056, 0.0237096, -0.0280725
-0.0217409, -0.987356, 0.157018
-0.988568, -0.0022079, -0.150762
0.149203, -0.1585, -0.976021

130
-0.0113532, -0.033115, 0.00687316
0.99996, 0.00351672, -0.00823818
-0.0064173, 0.922907, -0.384969
0.00624925, 0.385007, 0.922893

131
0.0230003, -0.0647661, -0.00546402
0.0247758, 0.997814, -0.0612672
-0.498249, -0.0408065, -0.866073
-0.86668, 0.051984, 0.496149

132
-0.0423818, -0.01343, 0.00564475
-0.00839119, -0.999964, 0.00115139
0.958289, -0.00837041, -0.285679
0.285679, -0.00129382, 0.958325

133
0.0320339, 0.0110497, -0.0118638
0.00275182, 0.999943, 0.0102774
0.591898, 0.00665499, -0.805985
-0.806008, 0.00830108, -0.591846

134
0.0565775, -0.0290316, 0.0463675
-0.00117997, 0.999887, 0.0150021
-0.775313, 0.00856022, -0.631519
-0.631576, -0.0123765, 0.775215

135
0.0104743, 0.0111028, -0.0200131
-0.00999276, 0.99995, -0.00036568
-0.385151, -0.00351143, 0.922847
0.922799, 0.00936263, 0.385167

136
-0.0456326, -0.0504678, 0.00697829
0.0574589, -0.998348, -0.00023414
0.923472, 0.0530604, 0.379979
-0.379339, -0.0220494, 0.924995

137
-0.0372481, -0.032668, -0.0150221
-0.999346, -0.0361714, -3.00358e-05
0.0175165, -0.484672, 0.874521
-0.0316472, 0.873948, 0.484988

138
-0.0796606, 0.0443518, -0.0392713
0.0143424, 0.999897, 0.000484656
4.36366e-06, 0.000484644, -1
-0.999897, 0.0143424, 2.58773e-06

139
-0.0321175, 0.0389402, -0.0278176
-0.00477483, -0.998777, 0.0492207
-0.611844, -0.0360147, -0.790158
0.790964, -0.0338882, -0.610923

140
-0.0650176, 0.0441246, -0.00391605
0.0143424, 0.999897, 0.000484656
-0.707031, 0.0104843, -0.707105
-0.707037, 0.0097989, 0.707109

141
-0.00966958, -0.0227015, -0.039796
-0.00673139, -0.999977, -0.000778299
-0.0104849, 0.000848854, -0.999945
0.999922, -0.00672285, -0.0104904

142
-0.058261, -0.0460072, 0.0435539
-0.00194396, -0.999945, 0.0103118
0.793548, -0.00781734, -0.608457
0.608504, 0.00700009, 0.79352

143
-0.0391048, 0.0433117, -0.0543815
0.999767, -0.016275, 0.0141446
-0.0196929, -0.421978, 0.906392
-0.00878285, -0.90646, -0.4222

144
0.0467257, 0.08542, -0.0235665
-0.589399, -0.0960037, -0.802118
-0.00467811, 0.993302, -0.115449
0.807829, -0.0642929, -0.5859

145
-0.00470443, 0.0204297, -0.049379
0.0161936, -0.999869, -0.000205087
-0.202127, -0.00307271, -0.979355
0.979226, 0.0159007, -0.20215

146
0.0794471, 0.0964764, 0.0399695
0.386541, -0.074101, -0.919291
-0.00534722, 0.99657, -0.0825787
0.922257, 0.0368357, 0.384819

147
-0.0839164, -0.0529441, 0.034165
-0.00165289, -0.999933, -0.0114227
0.988619, 8.43908e-05, -0.150443
0.150434, -0.0115413, 0.988553

148
0.0847473, 0.0254666, 0.008911
0.00593907, 0.999982, 0.000903839
-0.903636, 0.00497976, 0.428272
0.42826, -0.00336028, 0.903649

149
-0.0402505, -0.0165058, 0.00680488
-0.00803859, -0.999968, 0.000339339
0.921496, -0.00753955, -0.388314
0.388304, -0.0028088, 0.921527

150
0.02605, -0.0357357, -0.0450986
0.999299, -0.0323274, 0.0189016
0.014994, -0.117109, -0.993006
0.0343149, 0.992593, -0.116543

151
-0.0200019, -0.0583287, 0.0126955
-0.995474, -0.0672934, 0.067107
0.0941037, -0.796613, 0.59712
0.0132761, 0.600732, 0.79934

152
-0.0105337, 0.0433378, 0.00692245
0.0143424, 0.999897, 0.000484656
-0.923786, 0.0130652, 0.382686
0.38264, -0.00593634, 0.923878

153
0.0163234, 0.112826, -0.0124592
-0.999606, 0.0273832, -0.00621525
-0.0199287, -0.535912, 0.844039
0.0197817, 0.84383, 0.536246

154
-0.0294781, -0.0829005, 0.00981055
0.999978, 0.00615087, -0.00262781
-0.00553681, 0.981628, 0.190723
0.00375265, -0.190704, 0.98164

155
0.0576695, 0.0228512, 0.0409744
8.46722e-05, 0.999943, -0.0106319
-0.809882, -0.00616802, -0.586561
-0.586593, 0.00866023, 0.809835

156
0.0229615, 0.0227228, 0.0286225
8.46722e-05, 0.999943, -0.0106319
-0.157889, -0.0104852, -0.987401
-0.987457, 0.00176226, 0.157879

157
0.0521719, -0.051687, 0.0392541
-0.00244976, 0.999771, -0.0212645
-0.778873, -0.0152443, -0.626996
-0.627176, 0.0150264, 0.778732

158
0.065827, 0.0255747, 0.0136663
0.00593907, 0.999982, 0.000903839
-0.998739, 0.00588662, 0.0498599
0.0498537, -0.00119882, 0.998756

159
0.0236987, 0.0225154, 0.00912847
8.46722e-05, 0.999943, -0.0106319
0.232013, -0.0103614, -0.972657
-0.972713, -0.00238438, -0.232001

160
-0.0364972, -0.0542717, -0.00744263
0.494142, 0.10425, -0.863108
-0.612855, -0.662386, -0.430875
-0.61663, 0.741873, -0.263423

161
0.0673102, -0.0288384, 0.0343327
-0.00117997, 0.999887, 0.0150021
-0.957989, 0.00317234, -0.286786
-0.286801, -0.0147102, 0.957877

162
-0.0105201, -0.0940496, -0.0426636
0.289787, -0.423918, 0.858089
-0.253487, -0.898537, -0.358295
0.922913, -0.113685, -0.367843

163
0.00876273, 0.0399786, 0.00279166
0.99982, -0.0186091, 0.00373842
0.0151525, 0.901143, 0.433257
-0.0114314, -0.433122, 0.901263

164
0.0644116, 0.0485799, 0.0348688
-0.00246196, 0.998876, -0.0473459
-0.957774, -0.0159679, -0.287077
-0.28751, 0.0446399, 0.956737

165
-0.0400487, -0.0225332, 0.00671922
-0.00673139, -0.999977, -0.000778299
0.919795, -0.00588627, -0.392354
0.392341, -0.00335696, 0.919814

166
0.0112426, -0.0998255, 0.00857946
-0.99972, 0.0150441, -0.0182628
-0.00911581, -0.95715, -0.289451
-0.0218348, -0.289203, 0.957019

167
-0.0785169, -0.0161981, 0.0070384
-0.00803859, -0.999968, 0.000339339
0.926169, -0.00731739, 0.377039
-0.377024, 0.00334515, 0.926197

168
0.0647644, 0.0111634, -0.0316923
0.00275182, 0.999943, 0.0102774
0.988469, -0.00116396, -0.151419
-0.151399, 0.0105755, -0.988416

169
-0.0545649, 0.0980153, 0.0504608
-0.120772, -0.593524, 0.795703
0.931901, -0.34396, -0.11512
0.342017, 0.727613, 0.594646

170
-0.0229676, 0.0614973, 0.00431768
-0.999476, 0.0221478, 0.0235993
-0.0291975, -0.931624, -0.362248
0.0139627, -0.362747, 0.931783

171
0.00747909, 0.0865185, 0.0521116
-0.973433, -0.0971397, 0.207346
-0.00259994, -0.900801, -0.434224
0.228958, -0.423227, 0.876617

172
0.0637627, 0.00465632, -0.0439601
0.00146648, 0.999999, 0.00027152
0.993771, -0.00142709, -0.111433
-0.111432, 0.000433243, -0.993772

173
-0.0054517, -0.0343758, 0.0107281
-0.00176757, -0.999998, -0.000202234
0.999989, -0.00176668, -0.00428038
0.00428001, -0.000209798, 0.999991

174
-0.0307124, 0.0740304, 0.0346985
-0.589399, -0.0960037, -0.802118
0.574529, -0.747833, -0.332659
-0.567913, -0.656909, 0.495929

175
0.0298406, -0.0344352, -0.00406779
-0.00176757, -0.999998, -0.000202234
0.704073, -0.00110088, -0.710127
0.710126, -0.00139758, 0.704074

176
-0.0432231, -0.0374188, 0.00662587
-0.00282844, -0.999996, -0.000489549
0.977943, -0.00266382, -0.208853
0.208851, -0.00106948, 0.977947

177
0.00986757, 0.114549, -0.0135352
0.999871, -0.0156525, 0.00373066
0.0120486, 0.574611, -0.818338
0.0106653, 0.818277, 0.574725

178
-0.0303707, -0.00726246, 0.00709784
-0.00553661, -0.999985, -1.47039e-05
0.927372, -0.00514008, 0.374105
-0.374099, 0.00205764, 0.927386

179
-0.0113448, -0.0985107, -0.020023
0.99996, 0.00351672, -0.00823818
0.00624925, 0.385007, 0.922893
0.0064173, -0.922907, 0.384969

180
0.0318662, 0.0593876, 0.00536438
0.0596761, 0.007389, 0.99819
-0.584271, 0.811043, 0.0289266
-0.809361, -0.58494, 0.052717

181
0.0416021, -0.133799, -0.00701131
-0.0785271, 0.0798433, -0.993709
0.784887, -0.609615, -0.111007
-0.614643, -0.788667, -0.0147967

182
0.00521811, 0.0165321, 0.00692983
0.00767154, -0.99997, 0.000954891
0.923997, 0.00745378, 0.382328
-0.382324, -0.00205073, 0.924026

183
0.049433, -0.0433553, 0.00778536
-0.00627741, 0.999977, -0.00246897
-0.941116, -0.00674248, -0.338017
-0.338026, 0.000201713, 0.941137

184
0.03309, -0.0638846, -0.000721133
-0.0785271, 0.0798433, -0.993709
-0.614643, -0.788667, -0.0147967
-0.784887, 0.609615, 0.111007

185
0.0465684, -0.00773384, 0.00687952
-0.0193014, -0.999814, 6.09531e-05
0.922847, -0.0178391, -0.384752
0.384682, -0.00737002, 0.92302

186
0.0612524, -0.0276251, -0.047007
-0.00117997, 0.999887, 0.0150021
0.994821, 0.0026985, -0.101608
-0.101637, 0.0148045, -0.994711

187
-0.0681234, -0.0468892, -0.0438388
-0.00194396, -0.999945, 0.0103118
-0.991401, 0.000577884, -0.130859
0.130846, -0.0104775, -0.991347

188
0.0303927, 0.00468283, 0.0386459
0.00146648, 0.999999, 0.00027152
-0.48325, 0.00094639, -0.875482
-0.875481, 0.00115267, 0.483251

189
-0.00449441, -0.0375089, -0.033207
-0.00282844, -0.999996, -0.000489549
0.181289, -3.13293e-05, -0.98343
0.983426, -0.00287033, 0.181289

190
-0.0487981, 0.0438867, 0.00692255
0.0143424, 0.999897, 0.000484656
-0.923783, 0.0134361, -0.382681
-0.382648, 0.00504084, 0.92388

191
0.0735645, -0.00508171, -0.0202385
-0.0156046, -0.999878, 0.000268956
0.380609, -0.0061887, -0.924715
0.924604, -0.0143274, 0.38066

192
-0.0623597, -0.0603357, 0.0102395
-0.0806408, -0.994165, 0.0716393
0.990216, -0.0716939, 0.119714
-0.113879, 0.0805922, 0.99022

193
0.0658645, -0.111296, 0.00531995
-0.100342, -0.0506276, -0.993664
0.994909, -0.0145366, -0.0997275
-0.0093955, -0.998612, 0.0518285

194
0.0298539, -0.0115232, -0.00410019
-0.0326537, -0.999467, 7.36335e-05
0.703049, -0.0230218, -0.710769
0.710391, -0.0231575, 0.703426

195
-0.0373104, 0.0400485, -0.0127972
-0.999233, 0.0387145, 0.00592958
-0.0212592, -0.408976, -0.912297
-0.0328941, -0.911723, 0.409485

196
0.0597019, 0.0169397, -0.00392975
0.00767154, -0.99997, 0.000954891
0.706819, 0.00474707, -0.707378
0.707353, 0.00610162, 0.706835

197
-0.0408693, -0.0343103, -0.00376513
-0.00176757, -0.999998, -0.000202234
0.710126, -0.00139758, 0.704074
-0.704073, 0.00110088, 0.710127

198
-0.023119, -0.0525823, -0.00630592
-0.00165289, -0.999933, -0.0114227
0.239345, 0.0106951, -0.970876
0.970933, -0.00433871, 0.239311

199
0.045165, 0.0851284, -0.0349683
-0.6974, -0.086231, -0.711475
-0.00994697, 0.993804, -0.110699
0.716613, -0.0701245, -0.693937

200
0.0369241, -0.0105545, 0.00337266
-0.00658668, 0.999978, 0.00119947
-0.912867, -0.00552324, -0.40822
-0.408204, -0.00378377, 0.912883

201
-0.00220286, -0.0403453, -0.0269689
0.000729422, -0.999999, -0.00124152
0.24605, 0.00138283, -0.969256
0.969257, 0.000401519, 0.246051

202
-0.0323128, 0.0463338, -0.0311139
0.000587598, -0.999945, 0.0105044
-0.616878, -0.00863007, -0.787012
0.787059, -0.00601751, -0.616849

203
0.0163422, -0.00441236, 0.00655769
-0.00209145, 0.999998, 0.000113529
-0.916581, -0.0018716, -0.399844
-0.399843, -0.000940314, 0.916583

204
0.0732402, -0.0100117, -0.00252556
-0.0112191, 0.999937, 0.00072818
-0.734867, -0.00873895, 0.678155
0.678119, 0.00707321, 0.734918

205
0.0115675, -0.0268884, -0.0320989
0.999869, 0.0144372, 0.00730787
0.00516039, 0.143544, -0.989631
-0.0153365, 0.989539, 0.143451

206
-0.0591415, -0.0224078, 0.0107258
-0.00673139, -0.999977, -0.000778299
0.999922, -0.00672285, -0.0104904
0.0104849, -0.000848854, 0.999945

207
-0.00966825, -0.0167674, -0.0395766
-0.00803859, -0.999968, 0.000339339
-0.00610451, -0.00029027, -0.999981
0.999949, -0.00804051, -0.00610198

208
0.0735624, -0.00825662, -0.0202408
-0.0193014, -0.999814, 6.09531e-05
0.380541, -0.00740272, -0.924735
0.924563, -0.0178255, 0.380613

209
-0.0256825, -0.0640507, -2.93674e-05
-0.0806408, -0.994165, 0.0716393
0.780714, -0.107683, -0.615541
0.619664, 0.00629205, 0.784842

210
-0.0202108, -0.0403593, 0.00772645
0.0531945, -0.998584, -0.000363409
0.998543, 0.0531956, -0.00909191
0.00909837, 0.000120761, 0.999959

211
0.0123894, -0.10193, 0.00369869
0.999869, 0.0144372, 0.00730787
-0.0161439, 0.859283, 0.511246
0.00110146, -0.511297, 0.859403

212
-0.075855, 0.0442879, -0.0201372
0.0143424, 0.999897, 0.000484656
-0.38264, 0.00593634, -0.923878
-0.923786, 0.0130652, 0.382686

213
0.0130566, 0.0387477, 0.0240105
-0.971868, -0.0294454, -0.233679
0.235083, -0.0604162, -0.970096
0.0144468, -0.997739, 0.0656387

214
0.068727, -0.043227, 0.0106711
-0.00627741, 0.999977, -0.00246897
-0.998835, -0.00615204, 0.0478701
0.0478539, 0.00276659, 0.998851

215
-0.0263653, -0.0465925, -0.00719519
-0.00194396, -0.999945, 0.0103118
-0.258507, -0.0094588, -0.965963
0.966007, -0.00454346, -0.258474

216
0.049745, -0.0901703, 0.0134847
-0.967517, -0.233164, -0.0976978
0.235554, -0.971767, -0.0135257
-0.0917858, -0.0360995, 0.995124

217
0.0398355, 0.0458423, -0.0202293
-0.932752, 0.35594, -0.0572719
-0.0865418, -0.375277, -0.922864
-0.349977, -0.855847, 0.380844

218
-0.0935404, -0.00130153, 5.72892e-05
0.000686634, -0.999997, 0.00216145
0.786576, 0.00187477, 0.617491
-0.617493, 0.00127616, 0.786575

219
0.0196458, 0.00470601, 0.0113002
0.00146648, 0.999999, 0.00027152
-0.111432, 0.000433243, -0.993772
-0.993771, 0.00142709, 0.111433

220
-0.076178, -0.0431451, -0.00309342
-0.00769112, -0.99997, -0.00124835
0.723534, -0.00642667, 0.690259
-0.690246, 0.00440564, 0.723561

221
-0.028652, 0.0997342, -0.00749022
0.233514, 0.0189137, -0.972169
-0.453211, 0.886683, -0.0916105
0.860273, 0.461991, 0.215625

222
-0.0593605, -0.0163508, 0.0107276
-0.00803859, -0.999968, 0.000339339
0.999949, -0.00804051, -0.00610198
0.00610451, 0.00029027, 0.999981

223
-0.00429192, 0.0909491, -0.00107442
-0.973433, -0.0971397, 0.207346
-0.0852163, 0.994194, 0.0657034
-0.212524, 0.0462886, -0.976059

224
-0.00327504, 0.0879497, -0.00428475
-0.97759, -0.0964831, 0.187105
-0.0859158, 0.994257, 0.0638067
-0.192187, 0.0463015, -0.980265

225
0.0298714, 0.0338753, -0.00710708
-0.0215748, -0.999767, 0.000213161
0.703121, -0.0153248, -0.710905
0.710743, -0.0151878, 0.703288

226
-0.03227, -0.0469756, 0.00624119
-0.115604, 0.275664, 0.954277
0.517376, -0.803394, 0.294755
0.847914, 0.527795, -0.0497468

227
-0.0341553, -0.0620237, 0.0089031
0.00698263, -0.999667, -0.0248547
0.723578, 0.0222068, -0.689886
0.690208, -0.0131671, 0.723492

228
0.00830727, -0.00699521, 0.00696525
-0.0193014, -0.999814, 6.09531e-05
0.924563, -0.0178255, 0.380613
-0.380541, 0.00740272, 0.924735

229
-0.0649485, -0.0127032, -0.0588138
0.00294556, -0.999912, -0.0129654
-0.99093, -0.00117677, -0.134372
0.134345, 0.0132436, -0.990846

230
-0.085663, 0.010135, -0.039406
-0.00999276, 0.99995, -0.00036568
0.00269326, -0.000338783, -0.999996
-0.999946, -0.00999371, -0.00268974

231
-0.0221192, -0.0133065, -0.00255287
0.00294556, -0.999912, -0.0129654
0.134345, 0.0132436, -0.990846
0.99093, 0.00117677, 0.134372

232
-0.0344087, -0.0287093, 0.00914748
-0.00101841, -0.999963, -0.00848746
0.728411, 0.0050733, -0.685122
0.68514, -0.00688009, 0.728379

233
0.0336017, 0.0448061, 0.0248575
0.386541, -0.074101, -0.919291
0.922257, 0.0368357, 0.384819
0.00534722, -0.99657, 0.0825787

234
0.00625776, 0.0740728, 0.00720462
0.999996, -0.00179293, 0.00235821
0.00253619, 0.929521, -0.368759
-0.00153085, 0.368764, 0.929522

235
-0.0509539, -0.0287802, 0.0194845
-0.00101841, -0.999963, -0.00848746
0.935156, 0.00205422, -0.354231
0.354236, -0.00829785, 0.935119

236
-0.0466913, -0.00717194, -0.00359
-0.00553661, -0.999985, -1.47039e-05
0.713618, -0.00396139, 0.700523
-0.700513, 0.00386803, 0.713629

237
0.0358298, 0.0629505, -0.0587055
-0.991502, 0.0761066, 0.105508
0.0010175, 0.815534, -0.578709
-0.130089, -0.573683, -0.80868

238
-0.0221398, 0.0997475, 0.00347942
-0.999476, 0.0221478, 0.0235993
-0.0107727, -0.915259, 0.402722
0.0305189, 0.402257, 0.915018

239
0.00789544, -0.00747432, 0.0067432
-0.00553661, -0.999985, -1.47039e-05
0.920279, -0.00508956, -0.391229
0.391223, -0.00217962, 0.920293

240
0.010253, 0.111549, -0.0395025
0.99982, -0.0186091, 0.00373842
0.00476259, 0.0553, -0.998458
0.0183736, 0.998296, 0.0553787

241
-0.0233369, -0.0012716, -0.00839694
0.000686634, -0.999997, 0.00216145
0.617493, -0.00127616, -0.786575
0.786576, 0.00187477, 0.617491

242
-0.0346027, 0.106083, 0.0123434
-0.999233, 0.0387145, 0.00592958
-0.0328941, -0.911723, 0.409485
0.0212592, 0.408976, 0.912297

243
-0.0727677, 0.00564333, -0.0199431
-0.0217826, -0.999763, 0.000217756
0.386481, -0.00821967, 0.922261
-0.92204, 0.0201734, 0.386568

244
-0.0396503, 0.0675358, 0.0120481
0.999767, -0.016275, 0.0141446
0.00878285, 0.90646, 0.4222
-0.0196929, -0.421978, 0.906392

245
-0.0656489, 0.0461168, -0.0499054
0.000587598, -0.999945, 0.0105044
-0.992733, -0.00184736, -0.120324
0.120336, -0.0103574, -0.992679

246
-0.0220291, 0.046727, 0.0057447
0.000587598, -0.999945, 0.0105044
0.120336, -0.0103574, -0.992679
0.992733, 0.00184736, 0.120324

247
-0.0250965, -0.0404, 0.00369612
0.000729422, -0.999999, -0.00124152
0.859352, 0.00126173, -0.511383
0.511384, -0.000693891, 0.859352

248
-0.0333213, -0.0453734, 0.00710722
-0.0502035, -0.998738, 0.00116714
0.926427, -0.046132, 0.373638
-0.373113, 0.0198392, 0.927574

249
0.0302595, 0.00470043, -0.0254669
0.00146648, 0.999999, 0.00027152
0.623907, -0.000702758, -0.781498
-0.781497, 0.00131546, -0.623908

250
-0.0526912, -0.0285106, -0.00389222
-0.0123855, -0.999923, 0.00110996
0.947509, -0.0120909, -0.319501
0.31949, -0.00290548, 0.947585

251
0.0118025, -0.0640622, 0.0091883
0.999869, 0.0144372, 0.00730787
-0.0121943, 0.969146, -0.246184
-0.0106366, 0.246063, 0.969196

252
-0.0128488, 0.0109315, -0.0151884
0.00557038, -0.999982, 0.00218966
0.481666, 0.000764162, -0.876354
0.876337, 0.00593631, 0.481662

253
-0.0819087, 0.0101795, -0.0202616
-0.00999276, 0.99995, -0.00036568
-0.380175, -0.00413742, -0.924905
-0.924861, -0.00910334, 0.380197

254
-0.0222373, 0.0317451, 0.0282666
-0.0217409, -0.987356, 0.157018
0.149203, -0.1585, -0.976021
0.988568, 0.0022079, 0.150762

255
0.0184348, -0.0282067, -0.0116108
-0.00117997, 0.999887, 0.0150021
0.286801, 0.0147102, -0.957877
-0.957989, 0.00317234, -0.286786

256
0.0272552, -0.0517646, 0.038477
-0.00244976, 0.999771, -0.0212645
-0.479575, -0.0198342, -0.877277
-0.877497, 0.0080488, 0.479514

257
-0.00185251, 0.0717498, 0.00138331
-0.973433, -0.0971397, 0.207346
-0.160059, 0.936229, -0.312819
-0.163736, -0.337696, -0.926904

258
0.0391199, -0.0254553, 0.00762501
-0.0211095, 0.999777, 0.000443238
-0.997708, -0.0210373, -0.0643113
-0.0642877, -0.0017998, 0.99793

259
-0.0363754, -0.0460925, 0.0394001
-0.00194396, -0.999945, 0.0103118
0.500278, -0.0099011, -0.865808
0.865862, 0.00347567, 0.50027

260
-0.026519, -0.0493686, 0.0107283
0.0574589, -0.998348, -0.00023414
0.998344, 0.0574593, -0.00292575
0.00293437, -6.56418e-05, 0.999996

261
-0.043576, 0.0167945, 0.00969966
0.0114365, -0.999934, 0.00090724
0.979361, 0.0110181, -0.201818
0.201795, 0.00319661, 0.979423

262
0.0062043, 0.0435946, 0.0260173
-0.973433, -0.0971397, 0.207346
-0.228958, 0.423227, -0.876617
-0.00259994, -0.900801, -0.434224

263
0.0627622, -0.00804713, -0.00399543
-0.0193014, -0.999814, 6.09531e-05
0.705389, -0.0136608, -0.708689
0.708558, -0.0136357, 0.705521

264
0.0533844, 0.0488523, 0.0411878
-0.00246196, 0.998876, -0.0473459
-0.774843, -0.0318354, -0.631352
-0.632149, 0.0351313, 0.77405

265
0.000325952, -0.00444459, -0.00458152
-0.00209145, 0.999998, 0.000113529
-0.693798, -0.00136929, -0.720169
-0.720167, -0.00158497, 0.693799

266
-0.00118391, -0.0403203, -0.0464513
0.000729422, -0.999999, -0.00124152
-0.143598, 0.00112391, -0.989636
0.989636, 0.000900142, -0.143597

267
-0.0220342, -0.0605915, -0.0452966
0.00698263, -0.999667, -0.0248547
-0.360768, 0.020663, -0.932427
0.93263, 0.0154776, -0.360503

268
0.00620749, 0.00915859, -0.0208335
0.999996, -0.00179293, 0.00235821
-0.00153085, 0.368764, 0.929522
-0.00253619, -0.929521, 0.368759

269
-0.106322, -0.0278624, -0.0183812
-0.0123855, -0.999923, 0.00110996
0.657766, -0.00731131, 0.753187
-0.75312, 0.0100587, 0.657806

270
-0.0597067, -0.0432848, 0.00736023
-0.00769112, -0.99997, -0.00124835
0.932604, -0.00762343, 0.360822
-0.36082, 0.00161091, 0.932634

271
0.0346955, -0.0584855, -0.00128605
-0.0244791, 0.9996, -0.0141752
-0.819347, -0.028185, -0.572605
-0.572776, -0.00240247, 0.819709

272
-0.0214791, -0.0976447, 0.0128112
0.998205, 0.0483628, -0.0353269
-0.0409193, 0.981437, 0.18737
0.0437328, -0.185588, 0.981654

273
0.0135203, -0.0418986, -0.00208594
-0.997871, 0.014694, 0.0635412
0.0607519, -0.144912, 0.987578
0.0237193, 0.989335, 0.143711

274
-0.0420314, -0.0519543, -0.0585411
-0.00165289, -0.999933, -0.0114227
-0.805432, 0.00810128, -0.592633
0.592686, 0.00822063, -0.805392

275
0.0242983, -0.0609631, 0.00436947
0.999299, -0.0323274, 0.0189016
0.0374408, 0.87222, -0.487678
-0.000720936, 0.488044, 0.872819

276
-0.0711144, 0.0102933, -0.00401136
-0.00999276, 0.99995, -0.00036568
-0.705164, -0.00730618, -0.709006
-0.708973, -0.00682707, 0.705202

277
-0.0106775, -0.0316338, -0.00925694
-0.00663586, -0.999978, -0.000101633
0.600278, -0.00390216, -0.799782
0.799764, -0.00536825, 0.600291

278
-0.0956838, 0.0104858, -0.00800538
0.00557038, -0.999982, 0.00218966
0.625304, 0.005192, 0.780364
-0.780361, -0.00297772, 0.625322

279
-0.0428945, -0.0484406, 0.00858259
0.104486, -0.0418252, 0.993646
0.912536, -0.393216, -0.112509
0.395424, 0.918494, -0.00291873

280
-0.00865303, 0.0108716, -0.053226
0.00557038, -0.999982, 0.00218966
-0.279074, -0.00365726, -0.960262
0.960253, 0.00473795, -0.27909

281
0.0148401, 0.0984121, -0.0194853
0.819651, 0.566325, 0.0863064
-0.160625, 0.371814, -0.914305
-0.549884, 0.735548, 0.395723

282
-0.0112542, -0.0522394, 0.0107267
0.99996, 0.00351672, -0.00823818
-0.00353733, 0.999991, -0.00248946
0.00822935, 0.0025185, 0.999963

283
0.0243532, 0.0166825, 0.0107285
0.00767154, -0.99997, 0.000954891
0.999971, 0.00767118, -0.000384452
0.000377116, 0.000957812, 0.999999

284
-0.0908695, -0.0280406, -0.0064732
-0.0123855, -0.999923, 0.00110996
0.895903, -0.0106041, 0.444122
-0.444076, 0.00649508, 0.895966

285
0.0159347, 0.0478943, 0.01718
0.386541, -0.074101, -0.919291
0.8541, -0.347339, 0.387128
-0.347992, -0.934807, -0.0709711

286
-0.0572739, 0.124317, -0.0138869
0.233514, 0.0189137, -0.972169
-0.928774, 0.300303, -0.217248
0.287836, 0.953656, 0.0876916

287
0.00873187, 0.0449041, -0.00135458
0.999871, -0.0156525, 0.00373066
0.0106653, 0.818277, 0.574725
-0.0120486, -0.574611, 0.818338

288
-0.021853, -0.0453726, -0.00177217
-0.995474, -0.0672934, 0.067107
0.092021, -0.506084, 0.857561
-0.0237464, 0.859855, 0.509986

289
-0.0410188, -0.0589476, 0.0115173
0.157757, 0.109456, 0.981393
0.774223, -0.630595, -0.0541235
0.612937, 0.768355, -0.184224

290
-0.0884095, 0.0405608, 0.00260716
0.0813172, -0.0207322, -0.996473
0.958035, -0.274104, 0.0838833
-0.274876, -0.961476, -0.00242726

291
0.0274464, -0.00736446, 0.0107284
-0.0193014, -0.999814, 6.09531e-05
0.999811, -0.0193015, -0.00224038
0.00224114, 1.7699e-05, 0.999997

292
0.00959643, 0.100439, -6.44123e-05
0.999871, -0.0156525, 0.00373066
0.0152129, 0.844012, -0.536108
0.00524269, 0.536095, 0.844141

293
-0.0116716, -0.00612361, -0.020253
