0
0.0555927, 0.139713, -0.0838297
0.0288074, 0.999582, 0.00224382
0.0457834, 0.000922945, -0.998951
-0.998536, 0.0288799, -0.0457377

1
0.0525386, -0.0919665, -0.0796941
0.0152598, 0.999883, 0.00112042
0.0230403, 0.000768623, -0.999734
-0.999618, 0.0152816, -0.0230258

2
0.0146877, 0.0884186, -0.0760087
-0.996515, 0.0769009, -0.0323097
0.0329298, 0.0068092, -0.999434
-0.0766374, -0.997015, -0.0093178

3
-0.0606013, -0.0993044, -0.0789692
-0.0115411, -0.999933, -0.000545939
-0.0685165, 0.0013355, -0.997649
0.997583, -0.0114766, -0.0685274

4
-0.00363109, 0.0973792, -0.0812898
-0.999254, -0.0375382, 0.00902955
-0.0110721, 0.0545652, -0.998449
0.0369873, -0.997804, -0.0549401

5
-0.0194767, 0.0239568, -0.0790702
-0.00623701, 0.999979, -0.00145773
0.0105568, -0.00139183, -0.999943
-0.999925, -0.00625204, -0.0105479

6
0.0976081, 0.0327663, -0.0755879
-0.190062, -0.981772, 0.000826179
-0.00104231, -0.000639737, -0.999999
0.981772, -0.190062, -0.000901722

7
-0.136524, -0.107173, -0.067055
-0.018641, -0.973463, 0.228082
-0.996691, 3.9862e-05, -0.0812888
0.0791226, -0.228843, -0.970243

8
0.0481884, 0.115279, -0.077617
0.999977, -0.00665469, -0.00163433
0.00175724, 0.0185061, 0.999827
-0.0066233, -0.999807, 0.0185173

9
-0.136755, 0.100116, -0.0747021
-0.0409242, -0.886321, 0.46126
-0.99638, 0.0017762, -0.0849886
0.0745079, -0.463068, -0.883185

10
0.0946363, 0.114626, -0.0786264
0.187126, -0.982336, -2.38979e-05
-0.001647, -0.000289411, -0.999999
0.982335, 0.187126, -0.00167206

11
-0.0701122, -0.117829, -0.078216
-0.999467, -0.03263, 0.00096551
-0.000780888, 0.0534662, 0.998569
-0.0326349, 0.998036, -0.0534632

12
0.091836, 0.0400301, -0.0785739
-0.164786, -0.986329, 0.00113825
-0.000801163, -0.00102017, -0.999999
0.986329, -0.164787, -0.0006221

13
-0.0254632, -0.0182129, -0.0767662
-0.00972091, 0.999948, 0.0029429
0.0244385, 0.00317973, -0.999696
-0.999654, -0.00964604, -0.0244681

14
0.122506, -0.0695834, -0.0793487
-0.0170296, -0.999853, 0.00184208
-0.0161456, -0.00156711, -0.999868
0.999725, -0.0170571, -0.0161166

15
0.0949514, 0.0257845, -0.0786635
0.150304, -0.98864, 0.000399252
-0.0023254, -0.000757371, -0.999997
0.988637, 0.150302, -0.00241282

16
0.0518408, 0.180135, -0.00737222
-0.993513, 0.0265042, 0.110586
0.0056804, 0.982813, -0.184519
-0.113575, -0.182693, -0.976588

17
0.00541628, 0.120475, -0.0757446
0.0641063, -0.997943, -0.00084717
-0.00408102, 0.000586751, -0.999992
0.997935, 0.0641092, -0.00403501

18
0.104864, 0.0990405, 0.0529728
0.00018059, 0.999787, 0.0206334
-0.230357, 0.0201201, -0.972898
-0.973106, -0.00457736, 0.230312

19
0.134109, 0.116867, -0.0473463
0.000778918, 0.999966, -0.00815434
0.996102, -0.00149511, -0.0881954
-0.0882046, -0.00805386, -0.99607

20
-0.0709271, 0.0393161, -0.0874831
0.000472143, -0.999998, -0.00198662
-0.238807, 0.00181639, -0.971065
0.971067, 0.0009329, -0.238805

21
0.00485152, -0.183824, 0.0282716
-0.999645, -0.00173709, 0.0265866
-0.00044575, -0.996642, -0.0818776
0.0266396, -0.0818604, 0.996288

22
0.0985114, 0.0281673, -0.0756085
0.017958, -0.999839, 0.000357936
-0.00130699, -0.000381468, -0.999999
0.999838, 0.0179575, -0.00131363

23
0.125059, 0.0983667, 0.0429285
0.00470662, 0.999749, 0.0218921
-0.764997, 0.0176989, -0.643791
-0.644017, -0.0137173, 0.764888

24
0.119518, 0.024352, -0.0759555
0.00165023, -0.999999, -0.000176215
-0.00825369, 0.000162589, -0.999966
0.999965, 0.00165162, -0.00825341

25
-0.0224687, -0.114312, -0.0764554
-0.0116245, 0.999932, -0.000716503
0.0182591, -0.000504164, -0.999833
-0.999766, -0.0116357, -0.018252

26
-0.0915262, -0.00602783, -0.0382162
-0.00936295, -0.999955, -0.00146747
0.866502, -0.00738091, -0.499119
0.499086, -0.00594479, 0.866532

27
0.00308098, 0.0722437, -0.0345448
-0.0136687, 0.999907, 0.000393886
-0.999868, -0.0136647, -0.0087774
-0.00877119, -0.00051381, 0.999961

28
0.0620864, 0.09582, -0.0860372
-0.00936287, 0.999955, 0.0017917
0.149865, 0.00317476, -0.988701
-0.988662, -0.00898857, -0.149888

29
-0.133306, -0.0555205, -0.0713361
-0.00208002, -0.999359, 0.0357494
-0.996506, -0.000913512, -0.083517
0.0834961, -0.0357982, -0.995865

30
0.119516, 0.114725, -0.0759404
0.00910321, -0.999958, -0.000944213
-0.00795945, 0.000871763, -0.999968
0.999927, 0.00911043, -0.00795118

31
0.13452, -0.0872538, -0.068321
0.0010725, 0.998768, 0.0496083
0.996795, 0.00290033, -0.0799427
-0.0799881, 0.049535, -0.995564

32
0.134175, -0.104547, 0.055062
-0.000686821, 0.99967, -0.0256681
-0.853992, -0.0139411, -0.5201
-0.520286, 0.0215631, 0.85372

33
0.0856794, 0.0959508, -0.0357388
-0.00936287, 0.999955, 0.0017917
-0.856054, -0.00708942, -0.516838
-0.516802, -0.00637288, 0.856081

34
-0.142798, 0.0160452, -0.0202456
-0.00709019, -0.999869, 0.0145391
0.986041, -0.00457195, 0.166438
-0.16635, 0.0155163, 0.985945

35
-0.069141, -0.146164, -0.0304379
-0.999467, -0.03263, 0.00096551
0.0298519, -0.901605, 0.431529
-0.0132103, 0.431328, 0.902098

36
0.134026, 0.0483488, -0.028978
0.00408108, 0.999991, 0.000987037
0.988696, -0.00388705, -0.149881
-0.149876, 0.00158756, -0.988704

37
-0.0254586, 0.0863782, -0.0827212
-0.0178459, 0.99984, 0.000721984
0.0235497, 0.00114223, -0.999722
-0.999563, -0.0178239, -0.0235664

38
-0.0464517, -0.133201, -0.0822728
0.0305675, 0.999532, 0.00125898
0.0146314, 0.000811981, -0.999893
-0.999426, 0.0305826, -0.0145998

39
0.0600554, 0.142947, 0.0556452
-0.994491, 0.0262065, 0.101489
-0.104406, -0.161916, -0.981266
-0.0092829, -0.986457, 0.16376

40
-0.117974, 0.101844, -0.0697145
-0.0409242, -0.886321, 0.46126
-0.892022, -0.175568, -0.4165
0.450135, -0.428499, -0.783433

41
0.0991994, 0.178379, -0.0371391
-0.549448, -0.0693579, -0.832644
-0.0567628, 0.997345, -0.0456204
0.833598, 0.0221973, -0.551926

42
0.0140526, 0.0174723, -0.079068
-0.135943, -0.990717, 0.000592324
-0.0104867, 0.000841105, -0.999945
0.990661, -0.135942, -0.0105037

43
-0.0494384, 0.0792295, -0.0787404
-0.0407986, 0.999167, -0.000200983
0.00395723, -3.95648e-05, -0.999992
-0.99916, -0.0407991, -0.00395232

44
-0.0942436, -0.011796, -0.0428613
0.00220009, -0.999984, -0.00518682
0.593628, 0.00548006, -0.804721
0.804736, -0.00130858, 0.593631

45
0.0283489, -0.0516754, -0.0462319
-0.564938, -0.825131, 0.00194232
0.583503, -0.397837, 0.70799
-0.583412, 0.401104, 0.70622

46
0.130544, 0.0141782, -0.041258
4.40431e-05, 0.999264, 0.0383619
0.995036, 0.0037738, -0.0994438
-0.0995154, 0.0381758, -0.994303

47
-0.0953444, -0.00572502, -0.0444242
0.00317483, -0.999988, -0.00381382
0.622365, 0.00496109, -0.782712
0.782721, 0.000111394, 0.622373

48
0.00354183, -0.129898, -0.0174489
-0.999645, -0.00173709, 0.0265866
0.0266396, -0.0818604, 0.996288
0.00044575, 0.996642, 0.0818776

49
0.10743, -0.020729, -0.0785727
-0.059969, -0.9982, -0.00121272
-0.000523341, 0.00124635, -0.999999
0.9982, -0.0599683, -0.000597141

50
0.0249514, 0.186349, 0.0580843
0.999963, -0.000909961, -0.00859044
-0.000141395, 0.992579, -0.1216
0.00863735, 0.121597, 0.992542

51
0.142002, 0.100275, -0.00718774
0.00018059, 0.999787, 0.0206334
0.973106, 0.00457736, -0.230312
-0.230357, 0.0201201, -0.972898

52
-0.0898685, 0.0392034, -0.0352548
0.000472143, -0.999998, -0.00198662
0.805762, 0.00155699, -0.592238
0.59224, -0.00132112, 0.805761

53
0.137891, 0.103469, 0.0188737
-0.121504, -0.0861622, -0.988844
0.992511, -0.0231585, -0.119936
-0.0125662, -0.996012, 0.0883308

54
-0.090888, 0.10549, -0.0405255
0.00693627, -0.999976, 0.000542591
0.82033, 0.00537987, -0.571865
0.571848, 0.00441172, 0.820347

55
0.0756723, 0.0963124, -0.0318366
-0.00479442, -0.999988, -0.000911817
0.934113, -0.00480406, 0.356945
-0.356945, 0.000859603, 0.934125

56
-0.137107, -0.107778, -0.0464608
0.00137747, 0.999995, 0.00275297
-0.70164, 0.00292806, -0.712526
-0.712531, -0.00095011, 0.70164

57
-0.0404457, 0.103973, -0.0768803
-0.0258899, 0.999663, -0.00183518
0.0267883, -0.00114136, -0.99964
-0.999306, -0.0259298, -0.0267497

58
0.137287, -0.0676427, -0.0591206
-0.0100963, 0.995161, -0.0977374
0.99636, 0.00173809, -0.0852271
-0.0846448, -0.0982421, -0.991556

59
-0.0924968, 0.0989477, -0.0823687
-0.00422033, -0.999973, 0.00603949
-0.436544, -0.00359132, -0.899676
0.899673, -0.00643343, -0.436517

60
0.0493864, 0.150109, 0.00553139
-0.998972, 0.0102919, 0.0441587
-0.0153573, 0.839537, -0.543085
-0.0426622, -0.543205, -0.838516

61
0.113926, 0.0961299, -0.0328966
-0.00479442, -0.999988, -0.000911817
0.912916, -0.00400481, -0.408128
0.408119, -0.00278915, 0.912924

62
0.0889985, 0.142793, -0.0274434
-0.549448, -0.0693579, -0.832644
0.549305, 0.720925, -0.422529
0.62958, -0.689533, -0.358012

63
0.0507544, 0.114055, -0.0291982
0.00910321, -0.999958, -0.000944213
0.926858, 0.00808333, 0.375325
-0.375302, -0.00429181, 0.926893

64
-0.134529, 0.0995584, -0.0106308
-0.00422033, -0.999973, 0.00603949
0.998248, -0.00456938, -0.0589979
0.0590239, 0.00577992, 0.99824

65
-0.0881289, -0.0118527, -0.0423037
-0.000939477, -0.999996, -0.00261637
0.664787, 0.00132996, -0.747031
0.747032, -0.00244115, 0.664784

66
0.0987762, -0.0999774, -0.0814802
-0.564938, -0.825131, 0.00194232
-6.42537e-05, -0.00230995, -0.999997
0.825133, -0.564937, 0.00125196

67
-0.148253, -0.00595763, -0.0274777
0.00317483, -0.999988, -0.00381382
0.961309, 0.00200144, 0.275466
-0.275455, -0.00454082, 0.961303

68
0.11538, -0.104986, 0.00306609
-0.0805666, 0.174485, -0.981358
-0.911743, -0.410757, 0.00181908
-0.402783, 0.894893, 0.192178

69
-0.0244524, 0.192101, 0.0421455
0.954842, 0.14562, 0.258984
0.199074, -0.960625, -0.193827
0.220561, 0.236631, -0.946234

70
-0.0921143, 0.0153551, -0.0429891
-0.00709019, -0.999869, 0.0145391
0.531029, -0.0160848, -0.847201
0.847324, 0.00171389, 0.531074

71
0.048474, 0.146994, -0.0320025
0.999977, -0.00665469, -0.00163433
0.00679159, 0.930783, 0.36551
-0.000911152, -0.365512, 0.930806

72
0.0548451, -0.18321, 0.0524945
-0.876386, 0.105113, -0.47
-0.0880701, -0.994414, -0.0581745
-0.473489, -0.00959032, 0.880747

73
0.10416, 0.0994429, 0.0334806
0.00018059, 0.999787, 0.0206334
0.159569, 0.0203402, -0.986977
-0.987187, 0.0034707, -0.159532

74
-0.0564271, 0.182269, -0.0755016
0.999995, -0.00106546, -0.00311468
-0.0031138, 0.000827208, -0.999995
0.00106803, 0.999999, 0.000823886

75
0.0828342, -0.174445, -0.043089
-0.961035, -0.275889, 0.0172438
0.184, -0.685004, -0.704921
0.206292, -0.67428, 0.709076

76
0.14344, 0.0665972, -0.0267511
-0.00263219, 0.999978, -0.0061289
-0.975852, -0.00122993, 0.218429
0.218416, 0.00655585, 0.975834

77
-0.101866, -0.107868, -0.0315445
0.00137747, 0.999995, 0.00275297
-0.999969, 0.00139862, -0.00769741
-0.00770122, -0.00274228, 0.999967

78
-0.0966206, -0.0361527, -0.025728
0.00123864, -0.999865, -0.016404
0.576357, 0.0141191, -0.817076
0.817197, -0.0084425, 0.576297

79
-0.134367, 0.00824056, -0.0194532
0.0197354, -0.995044, -0.0974569
-0.983049, -0.00154107, -0.183337
0.182278, 0.0994231, -0.978207

80
0.101628, -0.131837, -0.0315509
-0.00939608, 0.999954, 0.00196871
-0.999797, -0.00935946, -0.0178522
-0.017833, -0.00213605, 0.999839

81
-0.0552139, -0.139691, 0.058858
-0.962066, -0.0847664, -0.259314
-0.270605, 0.175711, 0.946519
-0.0346687, 0.980786, -0.191984

82
-0.0177514, -0.117849, -0.0789776
0.999529, 0.003329, -0.0305018
-0.0302006, -0.0688281, -0.997171
-0.00541897, 0.997623, -0.0686951

83
-0.0827026, -0.107884, -0.0352031
0.00137747, 0.999995, 0.00275297
-0.926798, 0.000242734, 0.375559
0.375557, -0.00306877, 0.926794

84
0.0243608, 0.132092, -0.00491711
0.999963, -0.000909961, -0.00859044
0.00803398, -0.267503, 0.963524
-0.00317474, -0.963557, -0.267486

85
-0.0916605, -0.0115025, -0.0983575
0.00220009, -0.999984, -0.00518682
-0.516308, 0.0033061, -0.856397
0.8564, 0.00456215, -0.516292

86
-0.131582, -0.0782202, -0.00789433
0.00268457, -0.999945, -0.01018
0.993015, 0.00386654, -0.117928
0.11796, -0.00979235, 0.99297

87
-0.0984098, -0.0541236, -0.0355978
-0.014987, -0.999887, 0.00144472
0.798798, -0.012842, -0.601463
0.601413, -0.00786006, 0.7989

88
-0.0220642, 0.140422, 0.0623981
0.954842, 0.14562, 0.258984
-0.12759, -0.586234, 0.800032
0.268325, -0.796947, -0.541181

89
-0.103287, 0.108126, 0.0325118
-0.000873376, -0.999937, 0.0112222
-0.178929, -0.0108848, -0.983802
0.983862, -0.00286719, -0.178908

90
0.124259, 0.100111, 0.000921961
0.00018059, 0.999787, 0.0206334
0.810879, 0.0119286, -0.585092
-0.585214, 0.0168369, -0.810704

91
0.0486885, -0.187291, 0.0667806
-0.997989, -0.00913411, 0.0627184
-0.00047309, -0.98846, -0.151484
0.0633782, -0.151209, 0.986468

92
0.058093, 0.143603, 0.0362462
-0.994491, 0.0262065, 0.101489
-0.0929061, 0.22791, -0.96924
-0.0485307, -0.97333, -0.22422

93
-0.141896, -0.0118387, -0.0283144
-0.000939477, -0.999996, -0.00261637
0.944571, -0.00174637, 0.328303
-0.328307, -0.00216291, 0.944569

94
0.0491646, 0.0244533, -0.0321496
-0.00623701, 0.999979, -0.00145773
-0.92785, -0.00524351, 0.372917
0.372901, 0.00367844, 0.927864

95
0.128811, 0.0482876, 0.0545671
0.00408108, 0.999991, 0.000987037
-0.805092, 0.00387113, -0.593137
-0.593136, 0.00162598, 0.805101

96
-0.0669037, -0.0061853, -0.0880187
-0.00936295, -0.999955, -0.00146747
-0.129499, 0.00266772, -0.991576
0.991535, -0.00909405, -0.129518

97
0.00278797, -0.134771, -0.0315482
0.0305675, 0.999532, 0.00125898
-0.999426, 0.0305826, -0.0145998
-0.0146314, -0.000811981, 0.999893

98
0.0483475, 0.130575, -0.0425389
0.999977, -0.00665469, -0.00163433
0.00592593, 0.720056, 0.693891
-0.00344082, -0.693884, 0.720078

99
-0.0563571, 0.113097, -0.0293649
0.999995, -0.00106546, -0.00311468
0.00217833, 0.923562, 0.383443
0.00246806, -0.383447, 0.923559

100
-0.0976638, -0.1291, -0.0361703
-0.0187629, -0.99981, 0.00531371
0.787262, -0.0180499, -0.616354
0.616333, -0.00738132, 0.787451

101
0.0971133, -0.0609311, 0.0133668
-0.0100963, 0.995161, -0.0977374
-0.459492, -0.091429, -0.883464
-0.888124, 0.0359898, 0.458192

102
-0.0507712, -0.00262478, -0.0320086
-0.00624426, -0.99998, -0.000180586
0.930666, -0.0058775, 0.365822
-0.365816, 0.00211622, 0.930685

103
-0.0966213, 0.000716264, -0.0257274
-0.00114624, -0.999853, 0.0171306
0.576377, -0.0146594, -0.817053
0.817183, 0.00893715, 0.576309

104
-0.108761, 0.10537, -0.0327056
0.00693627, -0.999976, 0.000542591
0.976723, 0.00665865, -0.214401
0.214392, 0.00201711, 0.976746

105
-0.0982016, -0.0779401, -0.0266054
0.00268457, -0.999945, -0.01018
0.618757, 0.00965829, -0.785523
0.785578, -0.00419018, 0.618748

106
-0.0755843, 0.0426643, -0.0817397
0.00771623, -0.999965, -0.00307907
-0.0639587, 0.00257932, -0.997949
0.997923, 0.00789734, -0.0639366

107
0.049255, 0.16824, -0.00166869
-0.998972, 0.0102919, 0.0441587
0.0021378, 0.983507, -0.180859
-0.0452917, -0.180579, -0.982517

108
-0.0673543, -0.201126, -0.0383479
-0.999467, -0.03263, 0.00096551
0.0236285, -0.743525, -0.668291
0.0225242, -0.667912, 0.743899

109
-0.103432, 0.0423014, -0.033667
0.00771623, -0.999965, -0.00307907
0.897484, 0.00828325, -0.440968
0.440979, 0.000639197, 0.897517

110
0.0575228, -0.0716151, -0.031543
-0.564938, -0.825131, 0.00194232
0.825133, -0.564937, 0.00125196
6.42537e-05, 0.00230995, 0.999997

111
0.13354, 0.0106896, 0.0496103
4.40431e-05, 0.999264, 0.0383619
-0.957376, 0.0111227, -0.288629
-0.288844, -0.036714, 0.956672

112
-0.0206441, 0.154672, 0.0491499
0.954842, 0.14562, 0.258984
-0.0151941, -0.846588, 0.532032
0.296727, -0.511942, -0.806145

113
0.0941424, 0.139884, -0.0374756
0.0455765, 0.998954, -0.00360277
-0.760665, 0.0323665, -0.648337
-0.647543, 0.0322895, 0.761345

114
0.00816649, -0.116828, -0.0315612
0.0441461, 0.99902, 0.00315142
-0.998659, 0.0442151, -0.0269481
-0.027061, -0.00195754, 0.999632

115
-0.0992966, -0.054964, -0.0537992
-0.00208002, -0.999359, 0.0357494
-0.645595, -0.0259591, -0.763238
0.763677, -0.0246672, -0.645127

116
-0.1005, -0.104866, -0.0371053
0.00441901, -0.999971, -0.00624942
0.828743, 0.00715951, -0.559584
0.559613, -0.00270636, 0.82875

117
-0.103608, 0.108345, 0.0520169
-0.000873376, -0.999937, 0.0112222
0.211199, -0.0111535, -0.977379
0.977443, 0.00151649, 0.211196

118
0.0825655, -0.132008, -0.0356979
-0.00939608, 0.999954, 0.00196871
-0.916867, -0.00782958, -0.399115
-0.399081, -0.00555516, 0.916899

119
0.0973109, -0.134665, 0.0286132
-0.017985, 0.986148, -0.16489
-0.466815, -0.154121, -0.870822
-0.884172, 0.0613114, 0.46312

120
-0.103692, -0.0118688, -0.03054
-0.000939477, -0.999996, -0.00261637
0.90006, 0.000294539, -0.435765
0.435764, -0.00276428, 0.900056

121
0.0507673, 0.0242303, -0.0291925
0.00165023, -0.999999, -0.000176215
0.927005, 0.00146368, 0.375045
-0.375044, -0.000782262, 0.927006

122
-0.0879373, 0.0424574, -0.0455205
0.00771623, -0.999965, -0.00307907
0.660412, 0.00740812, -0.750867
0.750864, 0.0037604, 0.660447

123
0.126558, 0.0695344, -0.00709018
0.00711354, 0.999968, 0.00370653
0.970935, -0.00602014, -0.239266
-0.239236, 0.00530083, -0.970947

124
0.0541365, -0.0683318, -0.0320466
-0.0170296, -0.999853, 0.00184208
0.929804, -0.015159, 0.367743
-0.367661, 0.00797528, 0.929926

125
-0.0902381, 0.0991689, -0.0441677
-0.00422033, -0.999973, 0.00603949
0.327482, -0.00708857, -0.944831
0.944848, -0.00200967, 0.327503

126
-0.107055, -0.0987974, -0.0256604
-0.0115411, -0.999933, -0.000545939
0.997583, -0.0114766, -0.0685274
0.0685165, -0.0013355, 0.997649

127
-0.0826036, 0.0731015, -0.0461638
-0.108221, -0.994127, 0.000241388
0.703444, -0.0764054, 0.706632
-0.702463, 0.0766421, 0.707581

128
0.045461, -0.0596325, -0.025543
0.898619, 0.43873, 0.000191788
-0.438729, 0.898617, -0.0022759
-0.00117085, 0.00196102, 0.999997

129
-0.0416435, -0.178081, 0.0210602
-0.962066, -0.0847664, -0.259314
-0.135586, 0.973369, 0.184847
0.23674, 0.212995, -0.947939

130
0.118074, -0.0758513, -0.0444473
-0.0321239, -0.999483, 0.00158735
0.681522, -0.0230661, -0.731434
0.731092, -0.0224147, 0.681911

131
0.051371, 0.087526, -0.0755774
-0.954865, -0.297027, -0.00279799
0.00246635, 0.00149126, -0.999996
0.29703, -0.954868, -0.000691376

132
0.0572355, 0.140129, 0.0506831
-0.993513, 0.0265042, 0.110586
-0.113575, -0.182693, -0.976588
-0.0056804, -0.982813, 0.184519

133
0.0916203, 0.066338, -0.046781
-0.00263219, 0.999978, -0.0061289
-0.575233, -0.00652749, -0.817964
-0.817985, 0.00137251, 0.575237

134
0.137237, -0.131475, -0.045562
-0.00939608, 0.999954, 0.00196871
-0.719573, -0.00812855, 0.694369
0.694353, 0.00510772, 0.719616

135
-0.113031, -0.078109, -0.01393
0.00268457, -0.999945, -0.01018
0.872284, 0.00731959, -0.488944
0.488991, -0.00756729, 0.872256

136
0.132853, -0.15488, -0.0161069
-0.0376031, 0.986586, -0.158855
0.984145, 0.00898863, -0.177136
-0.173332, -0.162997, -0.971282

137
-0.1001, 0.0993122, -0.0273356
-0.00422033, -0.999973, 0.00603949
0.664132, -0.00731806, -0.74758
0.747604, 0.000855982, 0.664144

138
0.0941933, 0.117493, 0.0255902
0.000778918, 0.999966, -0.00815434
-0.462682, -0.00686865, -0.886498
-0.886524, 0.00446338, 0.462661

139
-0.136226, 0.108538, 0.0666707
-0.000873376, -0.999937, 0.0112222
0.840497, -0.00681438, -0.541774
0.541816, 0.00895902, 0.840449

140
-0.0794898, -0.104452, -0.0885348
0.00441901, -0.999971, -0.00624942
-0.199869, 0.00524017, -0.979809
0.979813, 0.00557885, -0.19984

141
0.137333, -0.052254, -0.0640452
-0.0329778, -0.999455, 0.00121327
0.349726, -0.0126766, -0.936766
0.936271, -0.0304682, 0.349954

142
-0.126491, -0.000578776, -0.103313
-0.00114624, -0.999853, 0.0171306
-0.975549, -0.00264692, -0.219767
0.21978, -0.0169637, -0.975402

143
0.0733077, -0.140351, -0.0285505
-0.961035, -0.275889, 0.0172438
0.275978, -0.961159, 0.00293846
0.0157634, 0.00758288, 0.999847

144
-0.0563326, 0.167595, -0.0401585
0.999995, -0.00106546, -0.00311468
-0.00144657, 0.707691, -0.706521
0.002957, 0.706521, 0.707686

145
0.0233421, 0.0872123, -0.0315567
-0.0178459, 0.99984, 0.000721984
-0.999563, -0.0178239, -0.0235664
-0.0235497, -0.00114223, 0.999722

146
-0.0166043, -0.130026, -0.0427162
0.999529, 0.003329, -0.0305018
-0.0251868, 0.656757, -0.753681
0.0175233, 0.754095, 0.656532

147
-0.128967, 0.00110367, -0.00528008
-0.00114624, -0.999853, 0.0171306
0.985396, -0.00404627, -0.170232
0.170276, 0.0166853, 0.985255

148
-0.0706443, 0.105602, -0.0922629
0.00693627, -0.999976, 0.000542591
-0.214392, -0.00201711, -0.976746
0.976723, 0.00665865, -0.214401

149
0.00259345, -0.1416, -0.0538721
-0.999645, -0.00173709, 0.0265866
0.0191522, 0.646848, 0.762378
-0.0185218, 0.762617, -0.646586

150
0.0458058, -0.113485, -0.0290073
-0.0116245, 0.999932, -0.000716503
-0.930651, -0.010557, 0.365757
0.365725, 0.00491856, 0.93071

151
-0.10228, 0.00683903, 0.00135425
0.0197354, -0.995044, -0.0974569
-0.566231, 0.0692131, -0.821336
0.824011, 0.0713925, -0.562058

152
-0.128965, -0.0365283, -0.00527967
0.00123864, -0.999865, -0.016404
0.985392, 0.00401397, -0.170256
0.170299, -0.0159535, 0.985263

153
-0.096044, 0.103523, -0.011118
0.0205868, -0.969071, -0.245922
0.457972, 0.227791, -0.859286
0.888728, -0.0949354, 0.448497

154
0.0521644, 0.162025, -0.000124696
-0.993513, 0.0265042, 0.110586
-0.0382154, 0.838087, -0.544197
-0.107104, -0.544893, -0.831637

155
-0.0913056, -0.0807548, 0.0535034
0.0027857, -0.999837, -0.017818
0.180905, 0.018028, -0.983335
0.983497, -0.000484092, 0.180926

156
-0.128854, 0.18658, 0.0675062
0.792404, -0.00508279, 0.609976
-0.0126941, 0.999611, 0.0248201
-0.609865, -0.0274107, 0.792031

157
0.0485717, 0.0423014, -0.0255429
-0.190062, -0.981772, 0.000826179
0.981772, -0.190062, -0.000901722
0.00104231, 0.000639737, 0.999999

158
-0.117582, 0.119659, -0.0765071
0.0205868, -0.969071, -0.245922
-0.888728, 0.0949354, -0.448497
0.457972, 0.227791, -0.859286

159
0.0805554, 0.0236102, -0.0432729
0.150304, -0.98864, 0.000399252
0.697428, 0.105744, -0.708811
0.700716, 0.106815, 0.705399

160
0.105165, 0.0243221, -0.0404805
0.00165023, -0.999999, -0.000176215
0.701245, 0.00128284, -0.712919
0.712918, 0.00105291, 0.701247

161
-0.0776487, 0.179175, 0.0881958
-0.996382, -0.0306777, -0.0792543
0.0475962, -0.974032, -0.22135
-0.0704058, -0.224322, 0.971969

162
0.0987155, 0.0484186, 0.0462988
0.00408108, 0.999991, 0.000987037
-0.516825, 0.00295422, -0.856086
-0.856081, 0.00298363, 0.516832

163
0.0249212, 0.166894, 0.0566333
0.999963, -0.000909961, -0.00859044
0.00317474, 0.963557, 0.267486
0.00803398, -0.267503, 0.963524

164
0.0699322, 0.0242613, -0.0255445
0.00165023, -0.999999, -0.000176215
0.999965, 0.00165162, -0.00825341
0.00825369, -0.000162589, 0.999966

165
0.0360485, -0.0732362, -0.0578028
-0.0321239, -0.999483, 0.00158735
0.414634, -0.0118815, 0.909911
-0.909421, 0.0298881, 0.414801

166
-0.153873, -0.0532878, -0.0324726
-0.014987, -0.999887, 0.00144472
0.86132, -0.0121762, 0.507917
-0.507842, 0.00885651, 0.861405

167
0.080887, -0.141949, -0.025711
-0.996036, 0.0820688, -0.0342956
-0.0752962, -0.572726, 0.816281
0.0473493, 0.815628, 0.576636

168
0.0940396, 0.0305721, -0.0266264
0.00244518, 0.999971, -0.00720808
-0.558356, -0.0046146, -0.829589
-0.829598, 0.00605316, 0.558328

169
-0.0315714, -0.0027453, -0.0285511
-0.00624426, -0.99998, -0.000180586
0.999815, -0.00623995, -0.0181825
0.0181811, -0.000294089, 0.999835

170
0.0842985, 0.138779, -0.0362725
0.0288074, 0.999582, 0.00224382
-0.905006, 0.0270348, -0.424538
-0.424422, 0.0101992, 0.905407

171
-0.159806, -0.00536155, -0.0565869
-0.00936295, -0.999955, -0.00146747
0.499086, -0.00594479, 0.866532
-0.866502, 0.00738091, 0.499119

172
0.0886798, -0.0898756, -0.0145457
0.0010725, 0.998768, 0.0496083
-0.0799881, 0.049535, -0.995564
-0.996795, -0.00290033, 0.0799427

173
0.101368, -0.092769, -0.0285561
0.0152598, 0.999883, 0.00112042
-0.999618, 0.0152816, -0.0230258
-0.0230403, -0.000768623, 0.999734

174
0.144031, 0.048228, 0.0519801
0.00408108, 0.999991, 0.000987037
-0.970791, 0.00419869, -0.239888
-0.23989, 2.07975e-05, 0.9708

175
-0.14537, 0.0391722, -0.0327674
0.000472143, -0.999998, -0.00198662
0.85551, -0.000624724, 0.517786
-0.517786, -0.00194404, 0.855508

176
-0.10232, 0.116975, -0.0646551
0.0205868, -0.969071, -0.245922
-0.64582, 0.174881, -0.743192
0.763213, 0.174121, -0.622245

177
0.134142, 0.0692021, 0.0680247
0.00711354, 0.999968, 0.00370653
-0.85572, 0.00800513, -0.517377
-0.51739, 0.000508626, 0.85575

178
0.0649791, 0.177587, -0.0229675
-0.99727, -0.0704931, -0.0220047
0.0671142, -0.989478, 0.128174
-0.0308085, 0.126347, 0.991508

179
-0.153054, -0.128038, -0.0320038
-0.0187629, -0.99981, 0.00531371
0.87069, -0.0137269, 0.491641
-0.491475, 0.0138512, 0.870782

180
0.105154, 0.114561, -0.0404697
0.00910321, -0.999958, -0.000944213
0.701427, 0.00705848, -0.712706
0.712683, 0.00582562, 0.701462

181
-0.0619453, -0.173651, 0.0949329
-0.962066, -0.0847664, -0.259314
0.0346687, -0.980786, 0.191984
-0.270605, 0.175711, 0.946519

182
-0.0695299, -0.048187, -0.0353161
0.0228027, -0.99974, -0.00047391
0.924299, 0.0209013, 0.381098
-0.380988, -0.00912807, 0.924535

183
0.0363962, 0.135195, -0.025543
-0.954865, -0.297027, -0.00279799
0.29703, -0.954868, -0.000691376
-0.00246635, -0.00149126, 0.999996

184
0.0909779, -0.062349, -0.0486544
0.0102925, 0.982227, 0.187416
0.309534, 0.175091, -0.934629
-0.950833, 0.0676315, -0.302231

185
0.110306, -0.00134478, -0.0786032
-0.0922849, -0.995732, -0.000931179
-0.00111713, 0.0010387, -0.999999
0.995732, -0.0922837, -0.00120821

186
-0.0361642, 0.142173, 0.113399
0.954842, 0.14562, 0.258984
-0.296727, 0.511942, 0.806145
-0.0151941, -0.846588, 0.532032

187
-0.103362, -0.00548254, -0.114678
0.00317483, -0.999988, -0.00381382
-0.782721, -0.000111394, -0.622373
0.622365, 0.00496109, -0.782712

188
0.13668, -0.198929, -0.0153855
-0.0805666, 0.174485, -0.981358
0.996479, 0.0370296, -0.0752241
0.0232139, -0.983963, -0.176854

189
0.0294488, 0.0269434, -0.0293238
0.017958, -0.999839, 0.000357936
0.92423, 0.0167365, 0.381469
-0.381414, -0.0065196, 0.924381

190
-0.0124008, -0.139513, -0.111236
0.999692, 0.00491316, -0.0243296
-0.0166519, -0.594128, -0.804198
-0.0184061, 0.804356, -0.593863

191
0.0626574, 0.178903, 0.0901003
-0.993513, 0.0265042, 0.110586
-0.0487115, -0.977914, -0.203251
0.102756, -0.207319, 0.972862

192
0.0865134, 0.0304607, -0.0446249
0.00244518, 0.999971, -0.00720808
-0.19838, -0.00657978, -0.980103
-0.980122, 0.00382646, 0.198358

193
0.0485849, 0.0272885, -0.0255429
0.017958, -0.999839, 0.000357936
0.999838, 0.0179575, -0.00131363
0.00130699, 0.000381468, 0.999999

194
-0.10079, -0.143073, -0.033112
-0.998273, -0.0570234, -0.0141329
0.036304, -0.787907, 0.614723
-0.046189, 0.613148, 0.788617

195
-0.0803207, -0.129706, -0.0889475
-0.0187629, -0.99981, 0.00531371
-0.268145, -8.79461e-05, -0.963379
0.963196, -0.0195006, -0.268092

196
0.100184, 0.117038, -0.029641
0.000778918, 0.999966, -0.00815434
0.64198, -0.00675214, -0.766691
-0.766721, -0.00463774, -0.641964

197
0.103758, 0.065943, -0.116441
-0.00263219, 0.999978, -0.0061289
0.817985, -0.00137251, -0.575237
-0.575233, -0.00652749, -0.817964

198
0.0299917, 0.024339, -0.0285457
-0.00623701, 0.999979, -0.00145773
-0.999925, -0.00625204, -0.0105479
-0.0105568, 0.00139183, 0.999943

199
0.0417343, -0.0608143, -0.0353729
-0.564938, -0.825131, 0.00194232
0.762348, -0.521049, 0.383839
-0.315706, 0.218326, 0.923398

200
-0.110006, -0.00586398, -0.031964
-0.00936295, -0.999955, -0.00146747
0.991535, -0.00909405, -0.129518
0.129499, -0.00266772, 0.991576

201
-0.133428, -0.0879404, -0.0769791
0.0357919, 0.999359, 0.000920323
0.0287392, -0.000108756, -0.999587
-0.998946, 0.0358036, -0.0287246

202
0.149267, 0.137392, -0.0310258
0.0455765, 0.998954, -0.00360277
-0.889345, 0.0422177, 0.455283
0.454959, -0.0175461, 0.89034

203
-0.119815, -0.0884609, -0.0412177
0.0357919, 0.999359, 0.000920323
-0.68604, 0.02524, -0.727126
-0.726683, 0.0253939, 0.686503

204
-0.10655, 0.150085, -0.00363703
0.0788893, -0.0889107, -0.992911
0.669492, 0.7427, -0.0133127
0.738619, -0.663695, 0.118116

205
-0.104799, -0.0114566, -0.112779
0.00220009, -0.999984, -0.00518682
-0.804736, 0.00130858, -0.593631
0.593628, 0.00548006, -0.804721

206
0.0245266, 0.13064, 0.0145372
0.999963, -0.000909961, -0.00859044
0.00863735, 0.121597, 0.992542
0.000141395, -0.992579, 0.1216

207
0.0204574, -0.0275946, -0.0353271
0.0381185, -0.999269, -0.00295839
0.923689, 0.0341056, 0.381622
-0.381242, -0.0172795, 0.924314

208
-0.109789, 0.108427, 0.0588471
-0.000873376, -0.999937, 0.0112222
0.569174, -0.00972413, -0.82216
0.822217, 0.00566931, 0.569146

209
-0.0958793, 0.132048, -0.00971785
-0.0409242, -0.886321, 0.46126
0.450135, -0.428499, -0.783433
0.892022, 0.175568, 0.4165

210
0.0425182, -0.0176929, -0.0288947
-0.00972091, 0.999948, 0.0029429
-0.932912, -0.0101286, 0.359962
0.359973, 0.000753691, 0.932962

211
0.0246913, 0.136745, 0.0330658
0.999963, -0.000909961, -0.00859044
0.00792576, 0.492184, 0.870455
0.003436, -0.870491, 0.492173

212
-0.101041, -0.125602, -0.0858498
-0.998273, -0.0570234, -0.0141329
-0.0287802, 0.264956, 0.963831
-0.0512163, 0.962573, -0.266139

213
-0.106904, -0.0810244, 0.0661956
0.0027857, -0.999837, -0.017818
0.543502, 0.0164704, -0.839246
0.839403, -0.00734624, 0.54346

214
-0.0893521, -0.0777394, -0.0439907
0.00268457, -0.999945, -0.01018
0.271029, 0.0105266, -0.962514
0.962567, -0.00017515, 0.271042

215
-0.0709346, 0.148567, 0.0156343
-0.996382, -0.0306777, -0.0792543
0.0468322, 0.579992, -0.813275
0.0709163, -0.814044, -0.576457

216
-0.159769, 0.0391916, -0.0459309
0.000472143, -0.999998, -0.00198662
0.59224, -0.00132112, 0.805761
-0.805762, -0.00155699, 0.592238

217
0.00229748, -0.156879, -0.0659987
-0.999645, -0.00173709, 0.0265866
0.0106063, 0.889451, 0.456908
-0.0244412, 0.457028, -0.889117

218
0.022246, 0.0725071, -0.0381827
-0.0136687, 0.999907, 0.000393886
-0.927114, -0.0128212, 0.374559
0.374529, 0.00475457, 0.927203

219
0.078209, 0.0220058, -0.0320221
-0.0329922, -0.999452, 0.00283479
0.929947, -0.0296583, 0.366496
-0.366211, 0.0147277, 0.930415

220
0.126365, -0.0582257, 0.0378918
-0.0100963, 0.995161, -0.0977374
-0.952909, -0.0392014, -0.300713
-0.303089, 0.0900987, 0.948693

221
0.0266066, -0.113705, -0.0255512
-0.0116245, 0.999932, -0.000716503
-0.999766, -0.0116357, -0.018252
-0.0182591, 0.000504164, 0.999833

222
-0.114556, -0.0553668, -0.0659478
-0.00208002, -0.999359, 0.0357494
-0.888699, -0.0145434, -0.458261
0.458487, -0.0327236, -0.888099

223
-0.0867724, -0.104719, -0.0509668
0.00441901, -0.999971, -0.00624942
0.551504, 0.0076502, -0.834137
0.834161, 0.000239479, 0.551522

224
0.12984, 0.0960639, -0.0441804
-0.00479442, -0.999988, -0.000911817
0.687244, -0.0026326, -0.726422
0.726411, -0.00410941, 0.687248

225
0.110971, 0.0998189, 0.0152028
0.00018059, 0.999787, 0.0206334
0.525203, 0.0174637, -0.850798
-0.850977, 0.0109904, -0.525088

226
-0.125918, 0.0856298, -0.0443434
-0.0448189, 0.998995, 0.000140866
-0.683306, -0.0305529, -0.729493
-0.728756, -0.0327913, 0.683988

227
0.0823284, -0.0924737, -0.0328017
0.0152598, 0.999883, 0.00112042
-0.91471, 0.0144125, -0.403855
-0.403824, 0.00513789, 0.914822

228
0.0920847, 0.0484638, 0.0279512
0.00408108, 0.999991, 0.000987037
-0.149876, 0.00158756, -0.988704
-0.988696, 0.00388705, 0.149881

229
-0.149797, 0.108433, 0.0562142
-0.000873376, -0.999937, 0.0112222
0.983862, -0.00286719, -0.178908
0.178929, 0.0108848, 0.983802

230
0.154322, 0.0966239, -0.0527009
-0.00936287, 0.999955, 0.0017917
-0.516802, -0.00637288, 0.856081
0.856054, 0.00708942, 0.516838

231
0.134625, -0.0563484, -0.0825
0.0102925, 0.982227, 0.187416
0.996908, 0.00452098, -0.0784422
-0.0778953, 0.187644, -0.979143

232
-0.0882109, -0.0355299, -0.0630557
0.00123864, -0.999865, -0.016404
-0.170299, 0.0159535, -0.985263
0.985392, 0.00401397, -0.170256

233
0.129638, -0.141703, 0.0664945
-0.0376031, 0.986586, -0.158855
-0.81846, -0.121612, -0.561546
-0.573332, 0.1089, 0.812054

234
0.0184648, 0.157032, -0.0291967
-0.996515, 0.0769009, -0.0323097
-0.0834054, -0.923728, 0.373858
-0.00109529, 0.37525, 0.926923

235
0.101115, -0.104962, 0.0397669
-0.000686821, 0.99967, -0.0256681
0.153874, -0.0252567, -0.987768
-0.98809, -0.00462806, -0.153805

236
-0.084946, -0.129417, -0.0509608
-0.0187629, -0.99981, 0.00531371
0.491475, -0.0138512, -0.870782
0.87069, -0.0137269, 0.491641

237
0.151126, 0.0989643, 0.0562618
0.00018059, 0.999787, 0.0206334
-0.987187, 0.0034707, -0.159532
-0.159569, -0.0203402, 0.986977

238
0.00426308, -0.018062, -0.0298311
-0.00972091, 0.999948, 0.0029429
-0.914208, -0.00769495, -0.405173
-0.405129, -0.00662907, 0.914235

239
-0.14162, 0.0419992, -0.0312202
0.00771623, -0.999965, -0.00307907
0.946436, 0.00630912, 0.322829
-0.322798, -0.00540516, 0.946452

240
0.0514127, 0.128094, 0.0565001
-0.998972, 0.0102919, 0.0441587
-0.0452917, -0.180579, -0.982517
-0.0021378, -0.983507, 0.180859

241
-0.15872, -0.0117971, -0.0381913
-0.000939477, -0.999996, -0.00261637
0.747032, -0.00244115, 0.664784
-0.664787, -0.00132996, 0.747031

242
-0.102619, 0.106835, -0.0587633
-0.0409242, -0.886321, 0.46126
-0.651862, -0.326183, -0.684602
0.757232, -0.328695, -0.56441

243
-0.0876552, -0.0536849, -0.017367
-0.00208002, -0.999359, 0.0357494
0.0834961, -0.0357982, -0.995865
0.996506, 0.000913512, 0.083517

244
-0.137996, -0.105079, -0.0294578
0.00441901, -0.999971, -0.00624942
0.981715, 0.00314886, 0.190329
-0.190304, -0.00697622, 0.9817

245
-0.0703174, 0.180994, -0.00467728
-0.996382, -0.0306777, -0.0792543
-0.01703, 0.985733, -0.167455
0.0832607, -0.1655, -0.982689

246
0.100449, -0.0880818, -0.0509149
0.0010725, 0.998768, 0.0496083
0.648281, 0.0370774, -0.760498
-0.761401, 0.0329757, -0.647442

247
0.0702093, 0.123144, -0.0855936
-0.99727, -0.0704931, -0.0220047
0.00277989, 0.261927, -0.965084
0.0737953, -0.96251, -0.261016

248
0.0733268, -0.0686522, -0.0285494
-0.0170296, -0.999853, 0.00184208
0.999725, -0.0170571, -0.0161166
0.0161456, 0.00156711, 0.999868

249
0.067711, 0.0276306, -0.029374
0.017958, -0.999839, 0.000357936
0.92323, 0.0164446, -0.383897
0.383829, 0.00722446, 0.923376

250
-0.0859479, -0.0116862, -0.0605183
0.00220009, -0.999984, -0.00518682
0.240482, 0.00556369, -0.970638
0.970651, 0.000888159, 0.24049

251
0.0241233, 0.15566, -0.0350656
0.999963, -0.000909961, -0.00859044
0.003436, -0.870491, 0.492173
-0.00792576, -0.492184, -0.870455

252
-0.011653, 0.0865989, -0.0470305
-0.0178459, 0.99984, 0.000721984
-0.690146, -0.0117957, -0.723574
-0.72345, -0.0134111, 0.690246

253
-0.0563715, 0.178448, -0.0563707
0.999995, -0.00106546, -0.00311468
-0.00246806, 0.383447, -0.923559
0.00217833, 0.923562, 0.383443

254
0.0785283, -0.158771, -0.0322997
-0.961035, -0.275889, 0.0172438
0.248938, -0.890897, -0.37991
0.120176, -0.360814, 0.924863

255
0.0965616, -0.210569, -0.00517478
-0.0749208, 0.0920359, -0.992933
0.43116, -0.894855, -0.115478
-0.899159, -0.436765, 0.0273611

256
-0.0800733, -0.0544742, -0.0880405
-0.014987, -0.999887, 0.00144472
-0.249947, 0.00234734, -0.968257
0.968144, -0.0148723, -0.249953

257
-0.00154453, 0.0642734, -0.0624397
-0.108221, -0.994127, 0.000241388
0.379795, -0.041569, -0.924136
0.918719, -0.0999191, 0.382063

258
-0.101982, -0.151179, 0.0232635
-0.101292, -0.0658295, 0.992676
0.753184, -0.656967, 0.0332878
0.649965, 0.75104, 0.116128

259
0.131242, 0.10038, -0.0503472
0.00470662, 0.999749, 0.0218921
0.996323, -0.00281544, -0.0856284
-0.0855453, 0.0222146, -0.996087

260
0.139204, 0.137216, -0.0446075
0.0288074, 0.999582, 0.00224382
-0.738445, 0.0197686, 0.674024
0.673698, -0.0210738, 0.738706

261
0.00818013, 0.105326, -0.0255608
-0.0258899, 0.999663, -0.00183518
-0.999306, -0.0259298, -0.0267497
-0.0267883, 0.00114136, 0.99964

262
-0.0464739, 0.0715862, -0.0849817
-0.0136687, 0.999907, 0.000393886
0.00877119, 0.00051381, -0.999961
-0.999868, -0.0136647, -0.0087774

263
0.0972697, 0.100154, -0.0327324
0.00470662, 0.999749, 0.0218921
0.644017, 0.0137173, -0.764888
-0.764997, 0.0176989, -0.643791

264
0.0928298, -0.0198949, -0.0432086
-0.059969, -0.9982, -0.00121272
0.705464, -0.0415227, -0.707528
0.706204, -0.0432853, 0.706684

265
0.103589, -0.144297, 0.0565477
-0.0376031, 0.986586, -0.158855
-0.536754, -0.154029, -0.82956
-0.842901, 0.0540718, 0.535346

266
-0.0952198, -0.0352399, -0.0812598
0.00123864, -0.999865, -0.016404
-0.534429, 0.013203, -0.84511
0.845212, 0.00981355, -0.53434

267
0.0911323, 0.0989744, 0.022472
0.00470662, 0.999749, 0.0218921
-0.46031, 0.021601, -0.887495
-0.887746, -0.00590003, 0.460296

268
-0.0160173, 0.0719842, -0.0385186
-0.0136687, 0.999907, 0.000393886
-0.920401, -0.012428, -0.390778
-0.390736, -0.00570397, 0.920485

269
0.02331, 0.132328, -0.0255575
0.0392651, 0.999229, -0.000220015
-0.998936, 0.0392482, -0.0242174
-0.0241901, 0.00117068, 0.999707

270
-0.01251, -0.00286357, -0.0327044
-0.00624426, -0.99998, -0.000180586
0.916751, -0.00565242, -0.399419
0.39941, -0.00265963, 0.916769

271
0.0168731, 0.137929, -0.0255711
-0.996515, 0.0769009, -0.0323097
-0.0766374, -0.997015, -0.0093178
-0.0329298, -0.0068092, 0.999434

272
0.10782, -0.105428, 0.0214522
-0.000686821, 0.99967, -0.0256681
0.520286, -0.0215631, -0.85372
-0.853992, -0.0139411, -0.5201

273
-0.121106, 0.098915, -0.107784
-0.00422033, -0.999973, 0.00603949
-0.944848, 0.00200967, -0.327503
0.327482, -0.00708857, -0.944831

274
-0.065694, -0.0904106, -0.0288183
0.0357919, 0.999359, 0.000920323
-0.933904, 0.0331198, 0.355987
0.355729, -0.013601, 0.93449

275
-0.12703, 0.0391676, -0.0261161
0.000472143, -0.999998, -0.00198662
0.988536, 0.000166784, 0.150983
-0.150983, -0.00203513, 0.988534

276
0.038444, -0.0166407, -0.0323375
-0.059969, -0.9982, -0.00121272
0.922417, -0.0558804, 0.382131
-0.381511, 0.0217974, 0.924107

277
0.0899728, 0.0695704, 0.0534205
0.00711354, 0.999968, 0.00370653
-0.239236, 0.00530083, -0.970947
-0.970935, 0.00602014, 0.239266

278
-0.13633, 0.120608, -0.0818183
0.0205868, -0.969071, -0.245922
-0.996336, 0.000537101, -0.0855224
0.0830094, 0.246782, -0.965509

279
0.13247, 0.0201812, -0.0438102
-0.0329922, -0.999452, 0.00283479
0.69421, -0.0249564, -0.719339
0.719016, -0.0217646, 0.694653

280
0.0839154, 0.0279178, -0.040234
0.017958, -0.999839, 0.000357936
0.706068, 0.0124281, -0.708035
0.707916, 0.0129676, 0.706177

281
0.027403, 0.105818, -0.0288536
-0.0258899, 0.999663, -0.00183518
-0.93349, -0.0235192, 0.357832
0.357669, 0.0109774, 0.933784

282
0.1435, 0.096031, -0.0799278
-0.00479442, -0.999988, -0.000911817
-0.0276954, 0.00104426, -0.999616
0.999605, -0.00476732, -0.0277001

283
-0.0930455, -0.0530034, 0.0013702
-0.00208002, -0.999359, 0.0357494
0.458487, -0.0327236, -0.888099
0.888699, 0.0145434, 0.458261

284
-0.156056, -0.105113, -0.036836
0.00441901, -0.999971, -0.00624942
0.834161, 0.000239479, 0.551522
-0.551504, -0.0076502, 0.834137

285
-0.0702595, 0.105616, -0.0727577
0.00693627, -0.999976, 0.000542591
0.175703, 0.00068459, -0.984443
0.984419, 0.0069237, 0.175703

286
0.121755, 0.1177, 0.053631
0.000778918, 0.999966, -0.00815434
-0.766721, -0.00463774, -0.641964
-0.64198, 0.00675214, 0.766691

287
0.10323, 0.138223, -0.0315953
0.0288074, 0.999582, 0.00224382
-0.998536, 0.0288799, -0.0457377
-0.0457834, -0.000922945, 0.998951

288
0.0425159, 0.131573, -0.028899
0.0392651, 0.999229, -0.000220015
-0.932154, 0.0367086, 0.360197
0.359927, -0.0139381, 0.932876

289
-0.0110634, -0.136895, -0.0557568
0.999692, 0.00491316, -0.0243296
-0.0233774, 0.515765, -0.856411
0.00834066, 0.856716, 0.515721

290
-0.0755651, -0.0117699, -0.0784507
-0.000939477, -0.999996, -0.00261637
-0.0581557, 0.00266658, -0.998304
0.998307, -0.000785727, -0.058158

291
0.0640262, -0.074094, -0.0317072
-0.0321239, -0.999483, 0.00158735
0.936248, -0.0295355, 0.350096
-0.349868, 0.0127326, 0.936713

292
-0.146958, -0.00550339, -0.0419062
-0.00936295, -0.999955, -0.00146747
0.792691, -0.00831682, 0.609567
-0.609552, 0.0045441, 0.792733

293
-0.019013, -0.114258, -0.057255
-0.0116245, 0.999932, -0.000716503
-0.365725, -0.00491856, -0.93071
-0.930651, -0.010557, 0.365757

294
0.106301, 0.0694107, 0.0651619
0.00711354, 0.999968, 0.00370653
-0.592586, 0.00720113, -0.805475
-0.805476, 0.00353334, 0.592618

295
0.131463, -0.0763386, -0.0802937
-0.0321239, -0.999483, 0.00158735
-0.0350513, -0.000460633, -0.999385
0.998869, -0.0321598, -0.0350183

296
0.0415186, 0.0049872, -0.0323258
