0
0.0265227, -0.0329933, -0.00385232
-0.994611, 0.0391834, -0.0959841
-0.101572, -0.55377, 0.826452
-0.0207699, 0.831748, 0.554765

1
0.0547529, 0.0154271, -0.00266952
0.0104812, 0.999945, 0.000433771
-0.998366, 0.010489, -0.0561649
-0.0561664, 0.000155614, 0.998421

2
0.0154656, -0.0496352, -0.00607543
0.999855, 0.0170064, -0.00045393
-0.0169046, 0.990159, -0.138922
-0.00191311, 0.13891, 0.990303

3
0.0244466, -0.049144, -0.00954455
0.999992, -0.00161541, 0.00361888
0.00323179, 0.860922, -0.508726
-0.00229378, 0.508734, 0.860921

4
0.0274127, -0.0484132, -0.00828206
0.999991, -0.00124379, 0.00400371
0.00295733, 0.886175, -0.463342
-0.00297169, 0.463349, 0.886171

5
0.0274806, -0.0332205, -0.0205205
0.999991, -0.00124379, 0.00400371
0.00386943, 0.641403, -0.767195
-0.00161376, 0.767203, 0.641402

6
0.0381933, 0.0366486, -0.00950448
0.00861318, 0.999963, -0.000250019
-0.861691, 0.00729532, -0.50738
-0.507359, 0.0045856, 0.861722

7
0.0370219, -0.0341223, -0.022167
0.0329101, 0.999434, 0.00693407
-0.308095, 0.0167447, -0.951208
-0.950786, 0.029168, 0.308472

8
-0.00843962, 0.0307548, -0.0147352
1, 0.000642938, 0.000577547
-0.000864079, 0.757108, 0.653289
-1.72403e-05, -0.65329, 0.757108

9
0.0483151, -0.0265534, -0.00259121
-0.0308837, 0.999523, -0.000697446
-0.999511, -0.0308867, -0.00490293
-0.00492214, 0.000545684, 0.999988

10
0.0245171, -0.0346072, -0.0225553
0.999992, -0.00161541, 0.00361888
0.00386358, 0.600705, -0.799462
-0.000882419, 0.799469, 0.600706

11
-0.037156, 0.0371208, -0.0277201
-0.998224, -0.0149885, 0.0576538
-0.0486727, 0.763216, -0.644308
-0.0343451, -0.64597, -0.76259

12
0.0151494, -0.031218, -0.0125027
0.999855, 0.0170064, -0.00045393
-0.0148857, 0.861629, -0.50732
-0.00823659, 0.507253, 0.861758

13
0.0674692, -0.00844015, -0.00930377
-0.00348605, 0.999993, -0.00161218
-0.925734, -0.0026175, 0.378166
0.378159, 0.00281075, 0.925736

14
0.0304322, -0.0495668, -0.00308515
0.999988, 0.00442319, 0.00198003
-0.00410168, 0.990102, -0.140288
-0.00258096, 0.140278, 0.990109

15
0.0408026, -0.0413423, 0.0353925
-0.137032, 0.187122, 0.972732
-0.641044, 0.731886, -0.231097
-0.755172, -0.655231, 0.019662

16
0.0493024, 0.0655507, 0.0386865
0.868916, 0.030795, -0.494
0.0115675, 0.996527, 0.082468
0.494824, -0.0773722, 0.865542

17
0.00484842, 0.0717489, 0.0198901
-0.000648411, -0.0958357, 0.995397
0.107022, 0.989674, 0.0953544
-0.994256, 0.106591, 0.00961481

18
0.0502552, -0.00754196, -0.0565916
-0.999422, -0.0338172, -0.00345686
0.00277716, 0.0201257, -0.999794
0.0338798, -0.999225, -0.0200201

19
0.0303635, -0.0311559, -0.00953782
0.999988, 0.00442319, 0.00198003
-0.00280177, 0.861053, -0.508507
-0.00395414, 0.508496, 0.861055

20
0.0557531, -0.0115155, -0.00282235
-0.00277405, 0.999995, -0.00157688
-0.995362, -0.00291283, -0.0961586
-0.0961627, 0.00130282, 0.995365

21
0.0454259, -0.0265637, -0.0154711
0.0102235, 0.999872, 0.0123118
-0.622306, 0.0159996, -0.78261
-0.782707, 0.000339329, 0.62239

22
0.0243934, -0.0675533, -0.00308718
0.999992, -0.00161541, 0.00361888
0.002108, 0.990073, -0.140541
-0.00335593, 0.140548, 0.990068

23
-0.0410079, -0.0287961, -0.024337
-0.979252, 0.0580364, 0.194159
0.196025, 0.514221, 0.834956
-0.0513829, 0.855692, -0.514928

24
0.0232358, -0.0647527, 0.0172428
-0.994611, 0.0391834, -0.0959841
-0.0571358, -0.979709, 0.192111
-0.0865089, 0.19656, 0.976668

25
0.0391704, -0.0279221, 0.0102371
0.753377, 0.00798249, -0.657541
0.647949, 0.161575, 0.744349
0.112184, -0.986828, 0.116555

26
0.0359221, -0.0341315, -0.0230954
0.0295471, 0.999563, -0.00099028
-0.229831, 0.00582963, -0.973213
-0.972782, 0.0289832, 0.229903

27
-0.0396314, -0.0346906, -0.00937972
0.0841594, 0.235197, 0.968297
0.648967, -0.750336, 0.125849
0.756147, 0.617802, -0.215783

28
0.0390825, 0.040191, -0.0153344
-0.0683435, -0.0795629, 0.994484
-0.409882, 0.911042, 0.044719
-0.909574, -0.404565, -0.0948752

29
0.0130633, 0.00190862, -0.0174109
-0.0425155, 0.999096, 3.12991e-06
-0.702958, -0.0299115, -0.710602
-0.709959, -0.0302138, 0.703595

30
0.0389144, -0.0362181, -0.0232813
0.0489006, 0.998802, 0.0016887
-0.225835, 0.0127036, -0.974083
-0.972937, 0.0472518, 0.226186

31
-0.0338475, 0.0218032, 0.025581
-0.998224, -0.0149885, 0.0576538
-0.050357, -0.304728, -0.951107
0.0318244, -0.952321, 0.303433

32
-0.0787989, -0.0408788, 0.0332974
0.0626766, 0.699065, 0.712306
-0.99466, -0.014882, 0.102126
0.0819936, -0.714904, 0.694399

33
-0.0172086, -0.0359177, -0.0205205
-0.973241, -0.229558, 0.0102683
-0.148454, 0.662241, 0.734438
-0.175396, 0.71326, -0.678599

34
0.0305932, 0.0227419, 0.0151886
-0.000648411, -0.0958357, 0.995397
-0.877618, 0.477209, 0.0453735
-0.479361, -0.873548, -0.0844165

35
0.046509, 0.0280136, 0.0228546
-0.137032, 0.187122, 0.972732
0.755172, 0.655231, -0.019662
-0.641044, 0.731886, -0.231097

36
0.0281102, -0.0145155, -0.00637963
0.939502, 0.342542, -0.000202536
-0.316511, 0.868333, 0.381862
0.13098, -0.358696, 0.924219

37
0.0474367, 0.0264031, -0.0238757
-0.103663, -0.0384583, 0.993869
-0.858346, 0.508293, -0.0698593
-0.50249, -0.860325, -0.085702

38
0.0483168, -0.00850094, -0.00559125
-0.00348605, 0.999993, -0.00161218
-0.999982, -0.00349389, -0.00488403
-0.00488963, 0.00159512, 0.999987

39
0.02197, -0.0116376, -0.0207989
-0.00277405, 0.999995, -0.00157688
-0.63583, -0.00298092, -0.771824
-0.771824, -0.00113845, 0.635835

40
0.0370737, -0.0115762, -0.00845065
-0.00277405, 0.999995, -0.00157688
-0.882794, -0.00318967, -0.469749
-0.469751, 8.89559e-05, 0.882799

41
-0.0352427, 0.0477808, -0.00652879
0.999929, 0.0118214, -0.00167417
-0.0112769, 0.981173, 0.192803
0.00392185, -0.19277, 0.981236

42
0.0483657, 0.033481, -0.00259101
0.093779, 0.995593, -0.000862373
-0.995585, 0.0937748, -0.0040091
-0.00391056, 0.00123453, 0.999992

43
0.010764, 0.0342337, -0.0570144
0.0165522, 0.99986, -0.00224463
0.0884273, -0.0037, -0.996076
-0.995945, 0.0162887, -0.0884762

44
0.0202779, 0.0157957, -0.0192768
0.0104812, 0.999945, 0.000433771
-0.666236, 0.00730683, -0.745705
-0.745667, 0.0075269, 0.666276

45
0.0433749, 0.0374508, -0.0240427
-0.0554879, -0.0724052, 0.995831
-0.643152, 0.765482, 0.0198204
-0.763726, -0.63937, -0.0890425

46
0.0740696, 0.0152258, -0.00539487
0.0104812, 0.999945, 0.000433771
-0.943864, 0.00975015, 0.33019
0.330167, -0.00387021, 0.943914

47
-0.0334376, 0.026988, -0.0274407
-0.192456, -0.00576694, -0.981289
0.832188, 0.528961, -0.166322
0.520022, -0.848627, -0.0970025

48
0.030325, -0.0166157, -0.0225449
0.999988, 0.00442319, 0.00198003
-0.00107531, 0.600917, -0.799311
-0.00472534, 0.7993, 0.600914

49
0.0358638, 0.0156272, -0.00754421
0.0104812, 0.999945, 0.000433771
-0.900876, 0.00963105, -0.433969
-0.433949, 0.00415775, 0.900928

50
-0.00845609, 0.0477279, -0.00511661
1, 0.000642938, 0.000577547
-0.000791707, 0.94948, 0.313828
-0.000346597, -0.313828, 0.94948

51
0.0480531, 0.0262289, -0.00778739
0.999823, -0.0187035, 0.00207515
0.0158386, 0.895926, 0.44392
-0.0101621, -0.443808, 0.896064

52
0.0394465, -0.0144962, -0.0055908
-0.275346, 0.961342, -0.00225599
-0.961342, -0.27535, -0.00174169
-0.00229555, 0.00168921, 0.999996

53
-0.0127384, 0.0213877, 0.00987527
-0.000314115, 0.999963, 0.0086371
-0.109319, -0.00861968, 0.993969
0.994007, -0.000631975, 0.109317

54
0.0492101, 0.0169356, 0.0146417
-0.000648411, -0.0958357, 0.995397
-0.994256, 0.106591, 0.00961481
-0.107022, -0.989674, -0.0953544

55
0.0477847, 0.060609, -0.00902308
-0.999422, -0.0338172, -0.00345686
0.0302381, -0.930866, 0.364108
-0.015531, 0.363793, 0.93135

56
0.0158764, -0.0725378, -0.00292316
0.294065, -0.245192, -0.9238
0.0631579, -0.959438, 0.274756
-0.953696, -0.139141, -0.266651

57
0.0232961, 0.0764378, -0.0244575
-0.103663, -0.0384583, 0.993869
0.135766, 0.989352, 0.0524443
-0.985303, 0.14037, -0.0973383

58
0.02761, -0.0365788, -0.00873222
0.294065, -0.245192, -0.9238
-0.629706, -0.776813, 0.00573056
-0.719025, 0.580037, -0.382833

59
0.0496609, 0.00637981, -0.0209504
-0.999422, -0.0338172, -0.00345686
0.0259204, -0.692328, -0.721117
0.0219929, -0.72079, 0.692804

60
0.0659587, 0.0294981, 0.0416268
0.753377, 0.00798249, -0.657541
-0.112184, 0.986828, -0.116555
0.647949, 0.161575, 0.744349

61
0.0446953, 0.0304769, 0.0301327
-0.142738, 0.0652456, 0.987608
0.721711, 0.689698, 0.0587435
-0.677318, 0.721152, -0.145534

62
-0.0377028, -0.0288872, -0.00539797
0.0049907, -0.999722, 0.0230295
0.40406, -0.01905, -0.914534
0.914719, 0.0138695, 0.403852

63
-0.00143786, -0.00875539, -0.0558348
-0.00348605, 0.999993, -0.00161218
0.00488963, -0.00159512, -0.999987
-0.999982, -0.00349389, -0.00488403

64
0.0837092, 0.00491488, -0.0170605
-0.0425155, 0.999096, 3.12991e-06
-0.709959, -0.0302138, 0.703595
0.702958, 0.0299115, 0.710602

65
0.0292015, -0.00857386, -0.00949068
-0.00348605, 0.999993, -0.00161218
-0.921992, -0.00383836, -0.387191
-0.387194, 0.000136649, 0.921998

66
0.0127415, -0.0116903, -0.0379871
-0.00277405, 0.999995, -0.00157688
-0.292066, -0.00231834, -0.956395
-0.956394, -0.00219254, 0.292071

67
0.0359221, -0.0341315, -0.0230954
0.0295471, 0.999563, -0.00099028
-0.229831, 0.00582963, -0.973213
-0.972782, 0.0289832, 0.229903

68
0.0539141, 0.00853727, -0.0172438
-0.0252208, -0.999682, 0.00027932
0.706706, -0.018027, -0.707277
0.707057, -0.0176407, 0.706936

69
0.0322127, -0.0283741, -0.0035444
0.0330495, -0.937197, -0.347231
-0.157465, -0.347965, 0.924189
-0.986971, 0.0241328, -0.159076

70
0.0561399, 0.0336043, -0.00278681
0.0165522, 0.99986, -0.00224463
-0.995945, 0.0162887, -0.0884762
-0.0884273, 0.0037, 0.996076

71
-0.0833401, 0.0159802, -0.0186703
-0.0765094, -0.524731, -0.847823
-0.995379, -0.00928876, 0.0955741
-0.0580259, 0.851218, -0.521595

72
0.056612, 0.0364915, -0.00307591
0.00861318, 0.999963, -0.000250019
-0.990257, 0.00849483, -0.138991
-0.138984, 0.00144474, 0.990294

73
0.0347339, 0.0216952, -0.0244484
0.00764977, 0.999647, 0.0254452
-0.0826735, 0.0259911, -0.996238
-0.996547, 0.00551735, 0.0828431

74
-0.0383739, 0.0735646, -0.0393319
-0.998224, -0.0149885, 0.0576538
-0.0101312, 0.996445, 0.0836378
-0.0587025, 0.0829052, -0.994827

75
0.0215555, 0.00346453, -0.00259061
0.939502, 0.342542, -0.000202536
-0.342542, 0.939502, -0.000888876
-0.000114194, 0.000904478, 1

76
0.0488384, 0.014817, -0.00636496
-0.282313, 0.959322, -0.000394367
-0.886948, -0.260858, 0.381151
0.365544, 0.107954, 0.924513

77
-0.0872215, 0.011704, -0.0143973
-0.0868895, -0.322089, -0.942714
-0.993341, -0.0438526, 0.106539
-0.0756553, 0.945693, -0.316134

78
0.00703556, -0.000396578, -0.0526551
0.70368, 0.710515, 0.00192037
0.00226748, 0.00045711, -0.999997
-0.710514, 0.703682, -0.00128942

79
-0.0271789, 0.0482095, 0.00663461
0.146843, -0.469907, -0.870416
-0.723241, -0.651309, 0.229606
-0.674804, 0.595805, -0.435496

80
0.0140484, 0.0368441, -0.0595402
0.00861318, 0.999963, -0.000250019
0.138984, -0.00144474, -0.990294
-0.990257, 0.00849483, -0.138991

81
0.0381564, 0.0596, -0.0533143
0.583673, -0.811989, -0.000128262
-0.011828, -0.00834423, -0.999895
0.811903, 0.583613, -0.0144745

82
-0.00139294, 0.00129356, -0.0528383
-0.0425155, 0.999096, 3.12991e-06
0.00495018, 0.000213783, -0.999988
-0.999084, -0.042515, -0.0049548

83
0.0374198, 0.0339019, -0.00827081
0.0165522, 0.99986, -0.00224463
-0.886294, 0.0136329, -0.462923
-0.462828, 0.00965178, 0.886396

84
0.00764292, 0.0159438, -0.0553988
0.0104812, 0.999945, 0.000433771
0.0561664, -0.000155614, -0.998421
-0.998366, 0.010489, -0.0561649

85
-0.0666171, 0.00611049, -0.0335878
0.294128, -0.954795, 0.0430662
0.409562, 0.166624, 0.896937
-0.863567, -0.246176, 0.440057

86
0.0674492, 0.00422292, -0.00630238
-0.0425155, 0.999096, 3.12991e-06
-0.924927, -0.0393606, 0.378101
0.377759, 0.0160723, 0.925764

87
-0.00121803, 0.0381081, -0.052791
0.093779, 0.995593, -0.000862373
0.00391056, -0.00123453, -0.999992
-0.995585, 0.0937748, -0.0040091

88
-0.00939132, -0.0697769, -0.036549
-0.973241, -0.229558, 0.0102683
-0.228997, 0.972626, 0.0394841
-0.0190511, 0.0360761, -0.999167

89
0.0435845, -0.0171137, 0.0246641
0.1473, -0.0408289, -0.988249
0.699252, -0.702349, 0.133242
-0.699535, -0.710661, -0.0749064

90
-0.0488712, -0.0238063, -0.021618
0.0681143, 0.0740011, 0.994929
0.719301, -0.694694, 0.00242567
0.691351, 0.715489, -0.100548

91
0.0329255, 0.0394033, -0.0248862
-0.103663, -0.0384583, 0.993869
-0.600713, 0.798834, -0.0317449
-0.792715, -0.600321, -0.105912

92
-0.0307058, -0.0258366, 0.0143031
0.0626766, 0.699065, 0.712306
0.0819936, -0.714904, 0.694399
0.99466, 0.014882, -0.102126

93
0.0508429, -0.029949, -0.0165827
0.346456, 0.140262, 0.927521
0.814342, -0.535766, -0.223161
0.465633, 0.832635, -0.299841

94
-0.01787, 0.10046, -0.0256479
0.999947, 0.0102248, 0.000727743
-0.00554038, 0.598829, -0.800858
-0.00862441, 0.800812, 0.598854

95
-0.0561318, -0.0237347, -0.010358
-0.00473449, -0.999988, -0.0011745
0.904645, -0.00378257, -0.426149
0.42614, -0.0030801, 0.904652

96
0.0239829, 0.019593, -0.00871399
0.868916, 0.030795, -0.494
0.494824, -0.0773722, 0.865542
-0.0115675, -0.996527, -0.082468

97
0.0138171, 0.0218952, 0.0211504
-0.918801, -0.0264074, 0.393838
-0.367078, -0.309658, -0.877135
0.145118, -0.950481, 0.27482

98
0.0305205, -0.0690455, -0.00416924
0.999988, 0.00442319, 0.00198003
-0.00477715, 0.968417, 0.249289
-0.000814847, -0.249296, 0.968427

99
-0.040444, -0.0237953, -0.0219551
-0.00473449, -0.999988, -0.0011745
0.672706, -0.00231593, -0.739906
0.739895, -0.00429317, 0.672709

100
0.0236365, 0.0367707, -0.0224925
0.00861318, 0.999963, -0.000250019
-0.601941, 0.00498517, -0.798525
-0.798494, 0.00702834, 0.601962

101
0.0391088, 0.0436794, -0.0157332
-0.07164, 0.995439, 0.062993
-0.739758, -0.0106639, -0.672789
-0.669048, -0.0947982, 0.737148

102
-0.058653, -0.0236647, -0.00425307
-0.0124642, -0.999921, 0.0015589
0.966672, -0.0124484, -0.255717
0.255716, -0.00168036, 0.966751

103
-0.0507164, 0.0182332, -0.0313585
-0.998412, -0.0554349, 0.0100372
0.014469, -0.424513, -0.905306
0.0544464, -0.903723, 0.424641

104
-0.00389049, 0.0482294, 0.0280385
-0.0266067, -0.116054, 0.992886
-0.369035, 0.92422, 0.0981386
-0.929035, -0.363798, -0.0674184

105
-0.0333249, -0.023147, 0.0127241
-0.979252, 0.0580364, 0.194159
0.174944, -0.241457, 0.954512
0.102278, 0.968675, 0.226294

106
0.0157963, -0.0691098, -0.00718639
0.999855, 0.0170064, -0.00045393
-0.0163499, 0.967946, 0.250625
0.00470162, -0.250582, 0.968084

107
0.0646525, -0.0433694, -0.0197115
0.346456, 0.140262, 0.927521
0.574164, -0.813619, -0.0914295
0.741824, 0.564225, -0.362417

108
-0.035034, -0.0417601, 0.0115579
-0.0198407, -0.982838, -0.1834
0.99977, -0.0180181, -0.0115993
0.00809568, -0.183588, 0.98297

109
-0.00847834, 0.110893, -0.0368992
1, 0.000642938, 0.000577547
0.000346597, 0.313828, -0.94948
-0.000791707, 0.94948, 0.313828

110
-0.0139577, -0.0448036, -0.0239781
0.129952, 0.0730211, 0.988828
0.599677, -0.799999, -0.0197326
0.78962, 0.595542, -0.14775

111
-0.0274958, -0.0238144, -0.0579664
-0.00473449, -0.999988, -0.0011745
-0.0475094, 0.00139812, -0.99887
0.99886, -0.00467334, -0.0475154

112
-0.0569728, 0.0218503, -0.0452891
-0.000314115, 0.999963, 0.0086371
0.994007, -0.000631975, 0.109317
0.109319, 0.00861968, -0.993969

113
0.0416469, 0.0314513, 0.0230953
0.868916, 0.030795, -0.494
0.358073, 0.64994, 0.670344
0.341714, -0.759361, 0.553717

114
0.0469386, -0.036641, -0.0055039
0.0489006, 0.998802, 0.0016887
-0.580971, 0.0298191, -0.813378
-0.812454, 0.0387935, 0.581734

115
0.0292159, 0.00259594, -0.00649199
-0.0425155, 0.999096, 3.12991e-06
-0.921138, -0.0391969, -0.387256
-0.386906, -0.0164673, 0.921972

116
0.0656391, 0.010001, 0.041024
0.753377, 0.00798249, -0.657541
0.144315, 0.973542, 0.177167
0.641558, -0.228367, 0.732292

117
0.0494037, 0.107693, -0.0185996
-0.0554879, -0.0724052, 0.995831
0.763726, 0.63937, 0.0890425
-0.643152, 0.765482, 0.0198204

118
0.0389821, -0.0218079, -0.0206225
0.0330495, -0.937197, -0.347231
-0.523177, -0.312242, 0.792964
-0.851583, 0.155456, -0.500639

119
-0.00840882, 0.0135542, -0.0489201
1, 0.000642938, 0.000577547
-0.000623187, 0.0734105, 0.997302
0.000598805, -0.997302, 0.0734108

120
-0.0337023, 0.0621633, -0.0215354
-0.0458484, 0.0722395, -0.996333
-0.0917222, 0.992864, 0.0762087
0.994729, 0.0948799, -0.0388952

121
-0.0623248, 0.104015, 0.0142717
-0.0819634, 0.050284, -0.995366
-0.928459, 0.359187, 0.0945994
0.36228, 0.93191, 0.0172465

122
-0.0411298, -0.0238965, -0.0128255
-0.0124642, -0.999921, 0.0015589
0.79523, -0.0108578, -0.606211
0.60618, -0.00631624, 0.795302

123
-0.00842302, 0.0187546, -0.0301169
1, 0.000642938, 0.000577547
-0.000804902, 0.449473, 0.893293
0.000314741, -0.893294, 0.449474

124
-0.0576192, -0.0593202, 0.0495324
0.0626766, 0.699065, 0.712306
-0.887569, -0.287331, 0.360088
0.456392, -0.65479, 0.602459

125
0.0334949, 0.0219053, 0.00816131
0.868916, 0.030795, -0.494
0.461584, 0.309872, 0.831216
0.178674, -0.95028, 0.255038

126
0.0765647, -0.0352954, 0.014765
0.0295471, 0.999563, -0.00099028
-0.986686, 0.0290079, -0.16003
-0.159931, 0.00570551, 0.987112

127
-0.0547897, 0.0335108, -0.00661334
-0.0266654, -0.999555, 0.0133847
0.91916, -0.02978, -0.392757
0.39298, 0.00182968, 0.919545

128
-0.0463194, -0.0295114, -0.0167505
0.0171003, -0.99964, -0.0206682
0.596559, 0.0267894, -0.802122
0.802387, 0.00138673, 0.596802

129
-0.00761885, 0.0369283, -0.0278505
-0.918801, -0.0264074, 0.393838
-0.274546, 0.759629, -0.589566
-0.283602, -0.64982, -0.705198

130
-0.0179432, 0.10887, -0.0432509
0.999947, 0.0102248, 0.000727743
-0.00181822, 0.246788, -0.969068
-0.0100881, 0.969015, 0.246794

131
0.0246583, -0.0467549, 0.0098497
-0.994611, 0.0391834, -0.0959841
-0.0858921, -0.829912, 0.551242
-0.0580589, 0.556516, 0.828806

132
0.0326398, -0.0468922, -0.0729132
-0.994611, 0.0391834, -0.0959841
-0.0207699, 0.831748, 0.554765
0.101572, 0.55377, -0.826452

133
-0.0171617, 0.0304779, -0.0155477
0.999947, 0.0102248, 0.000727743
-0.00862441, 0.800812, 0.598854
0.00554038, -0.598829, 0.800858

134
0.0182977, -0.0536501, -0.0071655
0.294065, -0.245192, -0.9238
-0.306613, -0.939652, 0.151798
-0.90527, 0.238611, -0.351498

135
0.0500731, -0.00412397, -0.0373852
-0.999422, -0.0338172, -0.00345686
0.015531, -0.363793, -0.93135
0.0302381, -0.930866, 0.364108

136
0.0737091, 0.00727357, -0.0473927
0.03689, -0.524979, 0.850315
-0.960149, 0.217275, 0.175799
-0.277044, -0.822915, -0.496043

137
0.0242405, 0.0302906, -0.0126888
0.99996, -0.00884083, 0.00136344
0.00623374, 0.798013, 0.602607
-0.00641559, -0.602575, 0.798037

138
-0.0387875, 0.0232859, 0.0123625
-0.0951547, -0.0099606, -0.995413
0.439832, 0.89663, -0.051017
0.893025, -0.442668, -0.0809376

139
0.0245944, -0.026156, -0.0401386
0.999992, -0.00161541, 0.00361888
0.00390717, 0.249035, -0.968487
0.000663278, 0.968493, 0.249039

140
0.0275607, -0.0238678, -0.0376413
0.999991, -0.00124379, 0.00400371
0.00419245, 0.298983, -0.954249
-1.01537e-05, 0.954258, 0.298985

141
-0.0337717, -0.0333881, -0.00391752
-0.0868895, -0.322089, -0.942714
-0.0756553, 0.945693, -0.316134
0.993341, 0.0438526, -0.106539

142
0.0511414, -0.0210746, 0.024036
0.753377, 0.00798249, -0.657541
0.555696, 0.526919, 0.643085
0.351604, -0.849878, 0.392532

143
0.00670661, 0.0319298, 0.0264173
-0.0266067, -0.116054, 0.992886
-0.69647, 0.714648, 0.0648684
-0.717093, -0.68979, -0.0998425

144
-0.0512005, 0.0297955, -0.0156525
-0.998412, -0.0554349, 0.0100372
0.0342034, -0.738039, -0.673891
0.0447649, -0.672477, 0.738763

145
0.0292091, -0.0271465, -0.006491
-0.0308837, 0.999523, -0.000697446
-0.921544, -0.0287444, -0.387208
-0.387044, -0.0113157, 0.921992

146
-0.0340158, 0.0394599, 0.00867944
-0.0819634, 0.050284, -0.995366
0.36228, 0.93191, 0.0172465
0.928459, -0.359187, -0.0945994

147
-0.0383694, 0.0218054, -0.0394143
-0.000314115, 0.999963, 0.0086371
0.876508, -0.00388248, 0.481372
0.481387, 0.0077217, -0.876474

148
0.0145588, 0.0248662, -0.0249615
0.868916, 0.030795, -0.494
0.452731, -0.452837, 0.768097
-0.200048, -0.891061, -0.407419

149
0.0395952, -0.0427393, -0.0103201
-0.150103, -0.4046, 0.902091
-0.410722, 0.855487, 0.315356
-0.89932, -0.323172, -0.29459

150
-0.0460378, -0.0337358, -0.00690895
-0.957592, 0.286329, -0.0321328
-0.274353, -0.87206, 0.405268
0.0880183, 0.396898, 0.913633

151
0.0148959, -0.0166621, -0.0254897
0.999855, 0.0170064, -0.00045393
-0.0106006, 0.601924, -0.798483
-0.0133061, 0.798372, 0.602017

152
0.0146191, -0.0191829, -0.0177865
0.753377, 0.00798249, -0.657541
0.537495, -0.583542, 0.608751
-0.378843, -0.812044, -0.443917

153
0.0401086, 0.0211769, -0.00570156
0.00764977, 0.999647, 0.0254452
-0.457742, 0.026124, -0.888701
-0.889052, -0.00484898, 0.457781

154
0.0500788, -0.0206824, -0.00449901
0.00370547, 0.999967, 0.00727056
-0.661824, 0.00790277, -0.749617
-0.74965, -0.00203415, 0.661832

155
0.00443414, 0.0503944, -0.052635
0.939502, 0.342542, -0.000202536
0.000114194, -0.000904478, -1
-0.342542, 0.939502, -0.000888876

156
0.0693122, 0.0203242, 0.0190147
0.00764977, 0.999647, 0.0254452
-0.952327, 0.0150437, -0.304707
-0.304982, -0.0219012, 0.952106

157
-0.0260384, -0.0282689, -0.00273493
0.178424, -0.982903, -0.0454514
0.981601, 0.181, -0.0608208
0.0680076, -0.0337632, 0.997113

158
-0.0450269, 0.0256708, -0.0236601
-0.0458484, 0.0722395, -0.996333
0.638522, 0.769151, 0.0263846
0.768237, -0.634971, -0.0813908

159
0.0397597, 0.0100182, -0.0203862
0.0563903, -0.625797, -0.777945
-0.440397, -0.714876, 0.543141
-0.89603, 0.311977, -0.315911

160
-0.0234303, 0.0217017, -0.0268678
-0.000314115, 0.999963, 0.0086371
0.625569, -0.00654191, 0.780141
0.780169, 0.00564816, -0.625544

161
0.058294, -0.0347621, 0.00794598
0.0295471, 0.999563, -0.00099028
-0.850376, 0.0246164, -0.5256
-0.525345, 0.016372, 0.850731

162
0.0793771, -0.0382634, 0.014734
0.0489006, 0.998802, 0.0016887
-0.9853, 0.0485164, -0.163797
-0.163683, 0.00634588, 0.986493

163
0.0130492, -0.0276534, -0.017409
-0.0308837, 0.999523, -0.000697446
-0.70328, -0.0222261, -0.710565
-0.710241, -0.0214544, 0.703631

164
0.0364976, -0.0262589, -0.0328145
0.0102235, 0.999872, 0.0123118
-0.275407, 0.0146518, -0.961216
-0.961273, 0.00643627, 0.275522

165
0.0592958, 0.0115474, -0.053014
0.102568, -0.994726, 0.000333217
-0.00838971, -0.00120005, -0.999964
0.994691, 0.102561, -0.00846855

166
-0.0366535, 0.0413136, 0.0120419
0.0221012, 0.861447, 0.507367
0.578045, -0.425075, 0.696545
0.815705, 0.277887, -0.50735

167
0.0372053, -0.00913051, -0.0126421
-0.0655091, -0.646571, 0.760035
-0.456869, 0.696582, 0.553212
-0.887118, -0.310996, -0.341031

168
-0.008479, 0.085893, -0.00792592
1, 0.000642938, 0.000577547
-0.000314741, 0.893294, -0.449474
-0.000804902, 0.449473, 0.893293

169
-0.0879307, 0.0287467, -0.0167636
-0.192456, -0.00576694, -0.981289
0.798903, -0.581604, -0.153267
-0.569838, -0.813451, 0.116541

170
-0.0377682, -0.0343471, -0.023204
0.0290543, -0.999451, -0.0159121
0.227213, 0.0221056, -0.973594
0.973411, 0.0246717, 0.227731

171
-0.0164525, -0.0413983, -0.00582946
0.704798, -0.702847, -0.096258
0.704914, 0.709106, -0.0163176
0.0797259, -0.0563529, 0.995223

172
-0.0570267, -0.0703802, -0.00596039
-0.957592, 0.286329, -0.0321328
-0.256235, -0.897288, -0.359468
-0.131758, -0.33599, 0.932604

173
0.0245548, 0.0673291, -0.00307035
0.99996, -0.00884083, 0.00136344
0.00894443, 0.990365, -0.138189
-0.000128592, 0.138196, 0.990405

174
-0.0385039, -0.0198852, -0.0180596
-0.0718817, 0.489681, -0.868934
0.43264, 0.800271, 0.415197
0.898697, -0.346091, -0.26938

175
0.00577643, -0.00492663, -0.0277448
0.753377, 0.00798249, -0.657541
0.351604, -0.849878, 0.392532
-0.555696, -0.526919, -0.643085

176
0.0328673, -0.000970094, 0.0223997
0.1473, -0.0408289, -0.988249
0.378324, -0.920844, 0.0944339
-0.913878, -0.387788, -0.120194

177
0.0603122, -0.0268712, -0.00286531
0.0102235, 0.999872, 0.0123118
-0.874465, 0.0149115, -0.484859
-0.484981, -0.00580928, 0.874506

178
0.0503871, 0.0242988, -0.0158289
-0.0683435, -0.0795629, 0.994484
-0.726761, 0.686872, 0.00500783
-0.683482, -0.72241, -0.104766

179
0.0318399, 0.00538167, -0.000758913
-0.0655091, -0.646571, 0.760035
-0.0826066, 0.762571, 0.641609
-0.994427, -0.0207528, -0.103366

180
0.0728152, -0.0610848, -0.0200815
0.346456, 0.140262, 0.927521
0.246575, -0.967606, 0.0542212
0.90508, 0.209918, -0.369818

181
0.0379108, 0.0349396, 0.0222642
0.0049775, -0.929878, -0.367835
-0.582229, -0.301755, 0.754952
-0.813009, 0.210406, -0.542904

182
-0.0704998, -0.0384345, -0.00242726
-0.0198407, -0.982838, -0.1834
0.712669, -0.142557, 0.686863
-0.70122, -0.117076, 0.703267

183
0.0347455, -0.0339129, -0.0415416
0.0329101, 0.999434, 0.00693407
0.0792074, 0.00430794, -0.996849
-0.996315, 0.0333556, -0.0790208

184
0.0699503, -0.0130451, -0.0413263
0.0330495, -0.937197, -0.347231
-0.972102, -0.110864, 0.206705
-0.232219, 0.330713, -0.914715

185
0.067222, 0.00645407, 0.0946717
0.0049775, -0.929878, -0.367835
0.973932, -0.0789134, 0.21267
-0.226785, -0.359305, 0.905245

186
-0.0337706, 0.042127, 0.0116944
-0.0951547, -0.0099606, -0.995413
0.0646055, 0.99778, -0.0161601
0.993364, -0.0658469, -0.0942999

187
0.0304761, 0.00941482, -0.00259067
-0.282313, 0.959322, -0.000394367
-0.959321, -0.282313, -0.00165801
-0.0017019, -8.97526e-05, 0.999999

188
0.0207147, -0.0903662, 0.00334894
0.294065, -0.245192, -0.9238
0.423314, -0.833158, 0.355884
-0.856931, -0.495711, -0.141209

189
-0.016938, 0.0109345, -0.0484487
0.999947, 0.0102248, 0.000727743
-0.00218074, 0.142824, 0.989746
0.010016, -0.989695, 0.142838

190
0.060436, -0.00775779, 0.0348469
0.753377, 0.00798249, -0.657541
0.378843, 0.812044, 0.443917
0.537495, -0.583542, 0.608751

191
-0.0551489, 0.100321, -0.0188961
-0.998412, -0.0554349, 0.0100372
0.0447649, -0.672477, 0.738763
-0.0342034, 0.738039, 0.673891

192
0.0773847, 0.0306869, 0.028166
-0.0266067, -0.116054, 0.992886
-0.717093, -0.68979, -0.0998425
0.69647, -0.714648, -0.0648684

193
0.00658481, 0.0524066, 0.018029
-0.000648411, -0.0958357, 0.995397
-0.28161, 0.95513, 0.0917754
-0.959529, -0.280254, -0.0276076

194
0.0320004, 0.0388342, 0.0192536
-0.11804, 0.0966964, 0.98829
0.0596376, 0.994141, -0.0901459
-0.991216, 0.0482984, -0.123116

195
0.0510132, 0.041806, -0.01823
-0.626037, 0.775593, 0.0808317
-0.484565, -0.30571, -0.819596
-0.610962, -0.552266, 0.567211

196
-0.0467232, -0.0252409, -0.0211167
0.129952, 0.0730211, 0.988828
0.982381, -0.144573, -0.118428
0.13431, 0.986796, -0.0905221

197
0.0130337, -0.00864782, -0.0204084
-0.00348605, 0.999993, -0.00161218
-0.703637, -0.00359847, -0.710551
-0.710552, -0.00134263, 0.703644

198
0.0107932, -0.0117263, -0.0573985
-0.00277405, 0.999995, -0.00157688
0.0961627, -0.00130282, -0.995365
-0.995362, -0.00291283, -0.0961586

199
-0.0343877, 0.0424467, -0.0202628
-0.0589013, 0.0850748, -0.994632
0.184737, 0.980081, 0.0728902
0.981021, -0.179453, -0.0734446

200
0.0320821, 0.0388575, 0.0216365
-0.137733, -0.0467478, 0.989366
0.0419127, 0.997716, 0.0529771
-0.989582, 0.0487636, -0.135459

201
0.0347434, -0.00484781, -0.00879125
0.0563903, -0.625797, -0.777945
-0.063978, -0.779848, 0.622691
-0.996357, 0.0146577, -0.0840131

202
0.0836222, 0.0301475, -0.0170938
0.093779, 0.995593, -0.000862373
-0.70675, 0.0671818, 0.704266
0.70122, -0.0654359, 0.709936

203
-0.0325332, 0.0465234, 0.0547641
-0.998224, -0.0149885, 0.0576538
-0.0131045, -0.888868, -0.457975
0.058111, -0.457917, 0.887093

204
-0.0386981, 0.032934, -0.0176282
-0.0266654, -0.999555, 0.0133847
0.698806, -0.0282133, -0.714755
0.714814, -0.0097059, 0.699247

205
0.0290981, -0.00446863, 0.0301871
-0.142738, 0.0652456, 0.987608
0.0313902, 0.997621, -0.0613704
-0.989263, 0.0222413, -0.144446

206
0.0156252, 0.0351976, 0.0163781
-0.000648411, -0.0958357, 0.995397
-0.627369, 0.775176, 0.0742244
-0.778721, -0.624434, -0.060627

207
0.0318558, -0.0330851, -0.0591527
-0.994611, 0.0391834, -0.0959841
-0.0580589, 0.556516, 0.828806
0.0858921, 0.829912, -0.551242

208
-0.0173478, 0.0480799, -0.00713721
0.999947, 0.0102248, 0.000727743
-0.0100881, 0.969015, 0.246794
0.00181822, -0.246788, 0.969068

209
-0.0137005, -0.0513038, -0.0319906
-0.973241, -0.229558, 0.0102683
-0.204275, 0.884784, 0.418843
-0.105234, 0.405538, -0.908

210
-0.0349014, 0.0159142, -0.0277153
0.999929, 0.0118214, -0.00167417
-0.00520078, 0.557485, 0.830171
0.0107471, -0.830103, 0.557506

211
0.0329561, -0.0351239, 0.0147446
0.0330495, -0.937197, -0.347231
0.232219, -0.330713, 0.914715
-0.972102, -0.110864, 0.206705

212
0.0950465, -0.0267401, 0.0101229
0.294065, -0.245192, -0.9238
-0.719025, 0.580037, -0.382833
0.629706, 0.776813, -0.00573056

213
0.0730697, -0.0352892, -0.0832512
0.0295471, 0.999563, -0.00099028
0.972782, -0.0289832, -0.229903
-0.229831, 0.00582963, -0.973213

214
0.0108995, -0.0369258, -0.0193181
-0.0198407, -0.982838, -0.1834
0.375116, 0.162718, -0.912585
0.926765, -0.0869026, 0.36545

215
0.0685453, 0.00815827, -0.0526027
-0.0252208, -0.999682, 0.00027932
-0.000248141, -0.000273149, -1
0.999682, -0.0252208, -0.000241173

216
0.0150017, 0.0214377, -0.00641364
0.939502, 0.342542, -0.000202536
-0.316424, 0.867641, -0.383504
-0.131191, 0.360368, 0.923539

217
-0.0377393, -0.0398218, -0.0211889
0.0681143, 0.0740011, 0.994929
0.399979, -0.915619, 0.0407189
0.91399, 0.395178, -0.0919657

218
-0.0348428, 0.00840654, -0.0457218
0.999929, 0.0118214, -0.00167417
-0.000692147, 0.197382, 0.980326
0.0119193, -0.980255, 0.197376

219
0.0844562, -0.020932, 0.0123117
0.00370547, 0.999967, 0.00727056
-0.998063, 0.00414974, -0.0620737
-0.0621018, -0.00702647, 0.998045

220
-0.0512641, 0.0322658, -0.00563152
0.364705, 0.930691, -0.0283736
-0.930977, 0.363938, -0.0288315
-0.016507, 0.0369302, 0.999182

221
0.0438199, 0.0270067, -0.0339129
0.03689, -0.524979, 0.850315
-0.483028, 0.735525, 0.475064
-0.874827, -0.428252, -0.226446

222
-0.0193816, -0.0259609, -0.00388491
-0.973241, -0.229558, 0.0102683
-0.0700323, 0.338878, 0.93822
-0.218856, 0.912395, -0.345886

223
-0.0306176, 0.0586583, 0.00936948
-0.0819634, 0.050284, -0.995366
-0.020603, 0.998427, 0.0521353
0.996422, 0.0247808, -0.0807985

224
0.0674587, -0.0259645, -0.00630337
-0.0308837, 0.999523, -0.000697446
-0.925311, -0.0283268, 0.378149
0.377949, 0.012324, 0.925744

225
-0.0349322, 0.0195971, 0.00622752
-0.998224, -0.0149885, 0.0576538
-0.0587025, 0.0829052, -0.994827
0.0101312, -0.996445, -0.0836378

226
-0.0390062, -0.0547325, -0.0213687
-0.0592913, -0.994258, -0.0890844
-0.521239, -0.0452736, 0.852209
-0.851349, 0.0969629, -0.515561

227
0.019813, 0.0173048, 0.0432707
0.0447037, -0.875322, -0.481469
0.0897119, -0.476486, 0.874593
-0.994964, -0.0822911, 0.0572262

228
-0.0014143, -0.028125, -0.0528357
-0.0308837, 0.999523, -0.000697446
0.00492214, -0.000545684, -0.999988
-0.999511, -0.0308867, -0.00490293

229
0.0111674, -0.0171641, -0.00541929
0.0245392, -0.999501, -0.0198845
0.582969, 0.0304655, -0.811923
0.812124, 0.0083319, 0.583426

230
-0.0306698, -0.0261163, 0.0026307
-0.0765094, -0.524731, -0.847823
-0.0580259, 0.851218, -0.521595
0.995379, 0.00928876, -0.0955741

231
-0.00307817, -0.0177787, 0.00789565
0.0245392, -0.999501, -0.0198845
0.84938, 0.0313349, -0.526851
0.527212, -0.00396095, 0.849725

232
-0.0742019, 0.100423, -0.0129461
-0.0589013, 0.0850748, -0.994632
-0.981021, 0.179453, 0.0734446
0.184737, 0.980081, 0.0728902

233
-0.0485133, 0.056708, 0.0021232
0.20533, 0.553762, 0.806962
0.893884, -0.441849, 0.0757629
0.39851, 0.705774, -0.585724

234
-0.109266, 0.0378991, -0.0167456
-0.0312225, -0.999453, 0.0109248
0.716831, -0.0147737, 0.697091
-0.696548, 0.0295962, 0.7169

235
0.065773, 0.0199517, -0.0222128
-0.103663, -0.0384583, 0.993869
-0.985303, 0.14037, -0.0973383
-0.135766, -0.989352, -0.0524443

236
0.0253165, 0.00850079, 0.0597875
0.0447037, -0.875322, -0.481469
0.463639, -0.408724, 0.786119
-0.884896, -0.25837, 0.387562

237
0.0293309, 0.0352706, -0.00647372
0.093779, 0.995593, -0.000862373
-0.918304, 0.0861642, -0.386384
-0.384607, 0.0370266, 0.922338

238
0.0347016, 0.0591629, -0.0141176
-0.0683435, -0.0795629, 0.994484
-0.0306028, 0.996513, 0.0776221
-0.997192, -0.025129, -0.07054

239
0.024114, 0.010901, -0.0456811
0.99996, -0.00884083, 0.00136344
-0.000128592, 0.138196, 0.990405
-0.00894443, -0.990365, 0.138189

240
-0.00301103, -0.0339489, -0.0138723
-0.998944, -0.0416956, 0.0192994
0.0444971, -0.773326, 0.632445
-0.0114454, 0.632636, 0.774365

241
-0.0679268, 0.00894372, -0.0152326
-0.0868895, -0.322089, -0.942714
-0.94668, 0.321387, -0.0225504
0.310239, 0.890488, -0.33284

242
0.0273674, -0.067133, -0.00278919
0.999991, -0.00124379, 0.00400371
0.001595, 0.996035, -0.088949
-0.0038772, 0.0889546, 0.996028

243
-0.015502, -0.0519372, -0.00565516
-0.981621, -0.185655, 0.0441832
0.186868, -0.982065, 0.0250739
0.0387357, 0.0328694, 0.998709

244
-0.0232117, 0.0095276, -0.00579175
-0.281571, -0.95637, 0.0779401
0.957367, -0.285468, -0.0442217
0.0645417, 0.0621658, 0.995977

245
-0.0783092, -0.0361298, 0.014741
0.0290543, -0.999451, -0.0159121
0.986266, 0.0312531, -0.162182
0.162591, -0.0109815, 0.986633

246
0.0384495, 0.0430425, -0.0239012
-0.120191, 0.989876, -0.075492
-0.144112, -0.0926348, -0.985216
-0.982235, -0.107535, 0.153787

247
0.075533, 0.0332786, -0.00488497
0.0165522, 0.99986, -0.00224463
-0.953973, 0.0164648, 0.29944
0.299435, -0.00281507, 0.954112

248
0.0387095, -0.0240443, -0.00817343
0.123797, -0.701923, -0.701412
-0.59111, -0.619915, 0.516038
-0.797034, 0.350727, -0.491657

249
-0.00846992, 0.0670898, -0.00272551
1, 0.000642938, 0.000577547
-0.000598805, 0.997302, -0.0734108
-0.000623187, 0.0734105, 0.997302

250
0.0173606, -0.0107179, -0.0172809
0.70368, 0.710515, 0.00192037
-0.500806, 0.497902, -0.708017
-0.504012, 0.497255, 0.706193

251
-0.0428671, 0.0164569, 0.0211301
0.146843, -0.469907, -0.870416
-0.0342502, -0.881843, 0.470298
-0.988567, -0.0392479, -0.145586

252
-0.0345867, 0.0618827, -0.0185886
-0.0589013, 0.0850748, -0.994632
-0.204745, 0.97415, 0.0954478
0.977041, 0.209268, -0.0399601

253
0.0291975, -0.00587054, 0.0269341
-0.137032, 0.187122, 0.972732
0.0807011, 0.98084, -0.177313
-0.987274, 0.054203, -0.149507

254
0.0440222, -0.0343534, -0.00534883
0.0295471, 0.999563, -0.00099028
-0.584604, 0.0164773, -0.811152
-0.810781, 0.0245461, 0.584835

255
0.0760888, 0.0363235, -0.00418551
0.00861318, 0.999963, -0.000250019
-0.968065, 0.00840108, 0.250558
0.250551, -0.00191606, 0.968102

256
-0.00913715, -0.0861316, -0.00793013
-0.981621, -0.185655, 0.0441832
0.035724, -0.406187, -0.913091
0.187467, -0.894731, 0.405355

257
0.0819873, 0.0905904, 0.00368736
0.03689, -0.524979, 0.850315
0.993082, 0.11418, 0.0274099
-0.111478, 0.843422, 0.525559

258
-0.0408291, -0.0188286, 0.0140787
0.0245392, -0.999501, -0.0198845
0.973397, 0.0193563, 0.228306
-0.227807, -0.0249579, 0.973386

259
0.0186678, -0.0250813, -0.0217617
-0.125725, -0.991957, 0.0146707
0.610298, -0.0889937, -0.787157
0.782131, -0.0900117, 0.616578

260
-0.0355685, -0.00986426, -0.00698583
-0.0765094, -0.524731, -0.847823
-0.434524, 0.782868, -0.445316
0.897405, 0.334329, -0.287905

261
0.0553311, -0.0347568, -0.0751482
0.0295471, 0.999563, -0.00099028
0.810781, -0.0245461, -0.584835
-0.584604, 0.0164773, -0.811152

262
-0.082276, -0.0307261, -0.0755639
0.0049907, -0.999722, 0.0230295
-0.999717, -0.00552358, -0.0231338
0.0232546, -0.0229076, -0.999467

263
0.0076705, -0.0213751, -0.0194877
0.178424, -0.982903, -0.0454514
0.646008, 0.15186, -0.748072
0.742185, 0.104112, 0.662059

264
0.0966577, 0.0218248, -0.0222099
-0.0554879, -0.0724052, 0.995831
-0.951714, -0.297764, -0.0746796
0.301929, -0.95189, -0.0523868

265
-0.0472712, -0.0301953, -0.0601092
0.0049907, -0.999722, 0.0230295
-0.690463, -0.0201039, -0.723088
0.72335, -0.0122923, -0.690372

266
-0.00431969, -0.0818094, -0.022512
0.129952, 0.0730211, 0.988828
-0.13431, -0.986796, 0.0905221
0.982381, -0.144573, -0.118428

267
-0.033348, -0.042439, 0.0129748
-0.0765094, -0.524731, -0.847823
0.327306, 0.789977, -0.518466
0.941816, -0.317165, 0.111307

268
-0.0116309, 0.0581174, -0.0319005
-0.192456, -0.00576694, -0.981289
0.220735, 0.974101, -0.0490165
0.956157, -0.226038, -0.186199

269
0.0222229, 0.034126, -0.0205021
0.0165522, 0.99986, -0.00224463
-0.641712, 0.00890157, -0.766894
-0.766767, 0.0141342, 0.64177

270
-0.0986432, -0.0307917, 0.00188193
0.0171003, -0.99964, -0.0206682
0.969602, 0.011533, 0.244415
-0.244088, -0.0242195, 0.969451

271
0.0340441, 0.0200518, 0.0119111
-0.0655091, -0.646571, 0.760035
0.304232, 0.712466, 0.632326
-0.950343, 0.27265, 0.150035

272
-0.00211605, -0.0511537, -0.00471829
-0.998944, -0.0416956, 0.0192994
0.0454899, -0.95656, 0.287966
0.00645412, 0.28854, 0.957446

273
0.0845431, 0.0861264, 0.0209021
-0.11804, 0.0966964, 0.98829
0.991216, -0.0482984, 0.123116
0.0596376, 0.994141, -0.0901459

274
-0.0546534, 0.0363032, -0.00667192
-0.0312225, -0.999453, 0.0109248
0.917845, -0.032997, -0.395564
0.395708, -0.00232319, 0.918373

275
-0.0450793, -0.0316036, -0.00536621
0.178424, -0.982903, -0.0454514
0.932906, 0.154301, 0.325388
-0.312811, -0.100459, 0.944488

276
-0.0601684, 0.0133704, -0.0238552
-0.0458484, 0.0722395, -0.996333
0.883909, 0.46761, -0.00677069
0.465406, -0.880978, -0.0852923

277
-0.0929489, -0.0190986, -0.0085329
0.0841594, 0.235197, 0.968297
0.946938, 0.283633, -0.151197
-0.310202, 0.929642, -0.198846

278
-0.0417758, 0.0147532, -0.00873632
-0.281571, -0.95637, 0.0779401
0.909191, -0.239948, 0.340288
-0.30674, 0.166678, 0.937085

279
0.0369141, 0.0576725, 0.0179973
-0.11804, 0.0966964, 0.98829
0.43442, 0.899984, -0.0361696
-0.892942, 0.425063, -0.148241

280
0.0655954, -0.0208259, 0.00732535
0.00370547, 0.999967, 0.00727056
-0.898325, 0.00652277, -0.439284
-0.439317, -0.00490357, 0.898319

281
0.0740885, -0.0803981, -0.0176365
0.346456, 0.140262, 0.927521
-0.118554, -0.974283, 0.191617
0.930544, -0.176348, -0.320918

282
0.073688, -0.0469789, 0.0506189
0.0330495, -0.937197, -0.347231
0.986971, -0.0241328, 0.159076
-0.157465, -0.347965, 0.924189

283
0.00624107, 0.0195878, 0.0033212
-0.918801, -0.0264074, 0.393838
-0.39467, 0.0776469, -0.915536
-0.00640337, -0.996631, -0.0817642

284
0.0753393, -0.0680953, -0.0333969
0.70368, 0.710515, 0.00192037
-0.273997, 0.268865, 0.923384
0.655561, -0.650293, 0.383874

285
-0.0370555, 0.015299, -0.0237623
0.00202448, -0.999602, -0.02813
0.156572, 0.0281, -0.987267
0.987664, -0.00240568, 0.156567

286
0.0424479, -0.0356035, -0.00259073
0.70368, 0.710515, 0.00192037
-0.710514, 0.703682, -0.00128942
-0.00226748, -0.00045711, 0.999997

287
0.0450255, 0.0100878, -0.0175359
0.102568, -0.994726, 0.000333217
0.69742, 0.0716733, -0.71307
0.709285, 0.0733704, 0.701093

288
-0.0329226, -0.0395723, 0.0279785
0.0626766, 0.699065, 0.712306
-0.304888, -0.66618, 0.680623
0.950324, -0.259833, 0.171382

289
0.00123065, 0.0304602, -0.0121684
-0.0257693, 0.69121, 0.722194
0.998581, 0.0514837, -0.0136436
-0.0466119, 0.720818, -0.691556

290
-0.0144827, -0.030951, -0.0334606
0.244552, -0.968956, -0.0362979
0.363006, 0.126202, -0.923201
0.899122, 0.212595, 0.3826

291
-0.0277605, -0.0702665, -0.00177021
0.0841594, 0.235197, 0.968297
-0.0757878, -0.967419, 0.24157
0.993566, -0.0937155, -0.0635924

292
-0.00127021, -0.0705549, -0.00285236
-0.998944, -0.0416956, 0.0192994
0.0395573, -0.994165, -0.100353
0.0233711, -0.0994834, 0.994765

293
-0.047186, -0.0595079, -0.0463162
-0.979252, 0.0580364, 0.194159
0.102278, 0.968675, 0.226294
-0.174944, 0.241457, -0.954512

294
0.0361095, 0.014506, 0.0738956
0.0049775, -0.929878, -0.367835
0.528313, -0.309867, 0.790486
-0.849035, -0.198267, 0.489724

295
0.0465358, -0.0345537, -0.00514047
0.0329101, 0.999434, 0.00693407
-0.648493, 0.0266322, -0.760755
-0.760509, 0.0205398, 0.649002

296
0.0375557, 0.00166355, 0.0733542
0.0447037, -0.875322, -0.481469
0.766982, -0.278738, 0.577966
-0.64011, -0.395115, 0.658896

297
0.0304327, -0.0372408, 0.00357178
0.123797, -0.701923, -0.701412
-0.241102, -0.706944, 0.664906
-0.962572, 0.0867987, -0.256752

298
-0.0969876, 0.0486162, -0.0570322
0.364705, 0.930691, -0.0283736
0.016507, -0.0369302, -0.999182
-0.930977, 0.363938, -0.0288315

299
-0.00381888, -0.0215598, -0.0289209
