0
-0.0145145, -0.0229904, -0.010181
0.059921, 0.0189081, 0.998024
-0.489065, 0.872153, 0.0128399
-0.870187, -0.488868, 0.0615076

1
0.00101068, -0.0238075, 0.0331624
0.0472809, 0.00688666, 0.998858
-0.986921, -0.153963, 0.0477774
0.154116, -0.988053, -0.000482904

2
0.0124041, -0.023268, -0.026134
0.0440416, -0.008434, -0.998994
0.494281, 0.869182, 0.0144528
0.868186, -0.49442, 0.042449

3
0.00157831, -0.0248226, 0.0484181
-0.0208874, 0.0198705, -0.999584
0.984774, 0.172991, -0.0171391
0.172579, -0.984723, -0.0231813

4
0.00123549, 0.0247744, -0.057001
0.924976, -0.218447, -0.310965
-0.159758, 0.518939, -0.83975
0.344813, 0.826428, 0.445108

5
-0.00789083, 0.017898, -0.0351794
-0.0658888, -0.00629735, -0.997807
-0.987696, -0.14172, 0.0661155
-0.141826, 0.989887, 0.00311789

6
-0.0114127, -0.0243345, -0.0444881
0.0628622, -0.00659219, 0.998
-0.94832, 0.311243, 0.0617888
-0.311028, -0.950308, 0.0133139

7
-0.00434211, -0.0240968, 0.0438441
0.0180479, 0.00437179, -0.999828
0.989084, -0.146347, 0.017214
-0.146246, -0.989224, -0.00696532

8
0.000545964, -0.0234578, 0.0272978
0.0618898, -0.000702192, 0.998083
-0.988225, -0.140242, 0.0611799
0.13993, -0.990117, -0.00937344

9
-0.0205604, -0.00444182, -0.0101695
0.059921, 0.0189081, 0.998024
-0.118831, 0.992846, -0.0116754
-0.991105, -0.117896, 0.0617392

10
-0.00291318, -0.0230928, -0.0233797
0.0811941, 0.0136124, 0.996605
-0.993118, -0.0835764, 0.0820515
0.0844096, -0.996408, 0.00673278

11
-0.0044851, 0.0239366, 0.0507067
-0.0586863, -0.0118024, -0.998207
-0.998132, -0.0162904, 0.0588746
-0.016956, 0.999798, -0.0108243

12
-0.0196708, -0.00661343, -0.00722421
0.0564984, 0.0250199, 0.998089
-0.222423, 0.974878, -0.0118475
-0.973312, -0.221328, 0.060644

13
-0.0169866, -0.0209686, -0.00133946
0.0565261, 0.0161038, 0.998271
-0.3887, 0.921337, 0.00714703
-0.919629, -0.388432, 0.0583391

14
-0.00381628, -0.0243996, 0.0463001
0.00272213, 0.0146133, -0.99989
0.984068, -0.177793, 8.06299e-05
-0.177772, -0.983959, -0.0148645

15
0.00492974, -0.0228336, 0.0227838
-0.00558963, -0.0105096, 0.999929
-0.957492, -0.288338, -0.00838295
0.288406, -0.957471, -0.00845119

16
-0.00442432, -0.0220053, -0.0286322
0.0667272, 0.019961, 0.997572
-0.997638, 0.0177021, 0.0663774
-0.0163341, -0.999644, 0.0210951

17
0.000358463, 0.0231799, 0.0317222
-0.00254511, 0.00354363, 0.99999
0.99122, -0.132192, 0.00299123
0.132201, 0.991218, -0.00317607

18
-0.00189143, -0.0229534, -0.00881249
0.0340986, -0.0165371, -0.999282
0.992, -0.121036, 0.0358532
-0.121542, -0.99251, 0.0122777

19
-0.00867394, 0.0245681, 0.0410752
0.0168413, -0.0103144, 0.999805
0.955511, 0.294667, -0.0130553
-0.294475, 0.955544, 0.0148181

20
-0.00831987, -0.0238428, -0.050558
0.0906989, 0.0612925, 0.99399
-0.970701, 0.228455, 0.0744865
-0.222517, -0.971623, 0.0802173

21
-0.00927154, -0.0240998, -0.0104748
0.059921, 0.0189081, 0.998024
-0.961136, 0.271024, 0.0525716
-0.269494, -0.962387, 0.0344133

22
-0.0225388, -0.0128942, -0.0186956
0.0623638, 0.0349953, 0.99744
-0.408395, 0.912782, -0.00649066
-0.910672, -0.406945, 0.0712165

23
-0.00857677, 0.0245507, 0.0322046
0.00594603, -0.0114548, 0.999917
0.95627, 0.292476, -0.00233595
-0.292425, 0.956204, 0.0126929

24
-0.00215263, 0.0352348, 0.0538901
0.999679, 0.014077, -0.0210748
-0.0107536, -0.517386, -0.855684
-0.0229493, 0.855636, -0.517069

25
-0.00637963, -0.0249773, -0.00751624
0.0564984, 0.0250199, 0.998089
-0.98434, 0.168589, 0.051494
-0.166979, -0.985369, 0.0341531

26
0.0125072, -0.026856, 0.0318306
-0.734395, -0.544284, 0.405486
-0.645499, 0.744728, -0.169443
-0.209752, -0.386179, -0.898259

27
0.00158328, -0.0277771, 0.0298353
0.00899279, -0.0219807, -0.999718
0.970257, 0.242051, 0.00340583
0.241908, -0.970014, 0.0235036

28
-0.00433446, 0.00156543, -0.0297432
-0.993786, 0.0805927, -0.0767719
-0.0891932, -0.989222, 0.116123
-0.0665857, 0.122249, 0.990263

29
-0.00655127, -0.0246094, -0.0519585
0.0743631, 0.135065, 0.988042
-0.990457, 0.125292, 0.0574176
-0.116038, -0.982883, 0.143093

30
-0.00280977, -0.00959131, 0.0278034
-0.965116, 0.171651, -0.197704
0.164234, 0.984972, 0.0534483
0.203908, 0.019114, -0.978803

31
0.0161241, -0.0158299, 0.049501
-0.0268732, 0.0877487, -0.99578
0.469384, 0.880603, 0.064932
0.882585, -0.465659, -0.0648525

32
-0.0271595, -0.00293931, 0.00453024
0.0474438, 0.0332351, 0.998321
-0.329148, 0.944146, -0.0157893
-0.943086, -0.327846, 0.0557331

33
-0.0383526, -0.000144044, -0.0314525
-0.0609104, -0.00148662, -0.998142
0.0785044, -0.996908, -0.00330586
-0.995051, -0.0785599, 0.0608388

34
-0.0235711, -0.00430289, -0.0370807
0.064033, -0.000814276, 0.997947
-0.11483, 0.993352, 0.00817853
-0.991319, -0.115118, 0.0635138

35
0.000705877, 0.0223417, 0.0493739
-0.0208874, 0.0198705, -0.999584
-0.975856, 0.217014, 0.0247056
0.217415, 0.975966, 0.0148578

36
0.000372079, 0.0232586, 0.00290216
-0.0322021, -0.0092574, 0.999439
0.989686, -0.13995, 0.0305915
0.139588, 0.990115, 0.0136686

37
0.00164508, -0.0277602, 0.0439361
0.0180479, 0.00437179, -0.999828
0.96976, 0.243353, 0.0185692
0.243392, -0.969928, 0.000152414

38
0.0373251, -0.00246468, 0.0257031
0.00648068, -0.0133079, 0.99989
-0.0717044, -0.997344, -0.0128093
0.997405, -0.0716135, -0.00741771

39
-0.015292, -0.0224065, -0.0157027
0.0470449, -0.0105509, -0.998837
0.883826, -0.465495, 0.046545
-0.465445, -0.884988, -0.012574

40
0.00376498, -0.0257987, 0.0206769
0.00976603, -0.0196194, -0.99976
0.989318, 0.145615, 0.00680647
0.145446, -0.989147, 0.0208319

41
0.00193575, -0.0275959, 0.0239547
0.00936392, -0.0247164, -0.999651
0.968146, 0.250369, 0.00287844
0.25021, -0.967835, 0.0262735

42
0.00192142, 0.0245812, 0.0469251
0.0572063, -0.337984, -0.939412
-0.997265, 0.024761, -0.0696379
0.0467973, 0.940826, -0.335643

43
-0.0204026, -0.0108566, -0.0277865
0.0667272, 0.019961, 0.997572
-0.366689, 0.930325, 0.00591222
-0.927948, -0.366193, 0.0693974

44
0.000776776, 0.0210435, 0.0323035
-0.0337125, 0.00779026, -0.999401
-0.99706, 0.0685884, 0.0341682
0.0688135, 0.997615, 0.00545507

45
-0.00877108, 0.0206467, -0.0384364
-0.0640702, -0.00078377, -0.997945
-0.9701, -0.234531, 0.0624667
-0.234098, 0.972108, 0.0142661

46
0.0117781, 0.0183358, 0.0498168
-0.0586863, -0.0118024, -0.998207
-0.397634, 0.917459, 0.01253
0.915665, 0.397656, -0.0585353

47
-0.00580662, -0.0259659, -0.0194368
0.0630217, 0.0325782, 0.99748
-0.986394, 0.154094, 0.0572884
-0.151839, -0.987519, 0.0418462

48
0.0144751, -0.0177262, -0.050415
-0.492468, -0.0864087, 0.866031
-0.188798, -0.960758, -0.20322
0.849606, -0.263584, 0.456829

49
0.0143128, 0.00531265, 0.031821
-0.00254511, 0.00354363, 0.99999
0.257185, -0.966353, 0.004079
0.966359, 0.257193, 0.00154811

50
0.0163734, 0.0229235, 0.031583
0.00370139, -0.0260451, -0.999654
-0.831916, 0.554624, -0.0175306
0.554889, 0.831693, -0.0196145

51
-0.00364359, -0.0308347, -0.0367726
-0.902889, 0.207518, 0.376467
-0.351664, -0.860238, -0.369219
0.247232, -0.465754, 0.849676

52
-0.0170138, 0.0214608, -0.0290619
-0.0697602, -0.0112181, -0.997501
-0.813411, -0.578225, 0.0633888
-0.577491, 0.8158, 0.0312122

53
0.0244791, -0.0205445, 0.00327316
-0.0322021, -0.0092574, 0.999439
-0.139588, -0.990115, -0.0136686
0.989686, -0.13995, 0.0305915

54
0.0159015, -0.000732494, 0.0497999
-0.0586863, -0.0118024, -0.998207
-0.016956, 0.999798, -0.0108243
0.998132, 0.0162904, -0.0588746

55
-0.0354966, 0.00349176, 0.0333903
-0.0337125, 0.00779026, -0.999401
-0.0688135, -0.997615, -0.00545507
-0.99706, 0.0685884, 0.0341682

56
-0.0156201, 0.022918, -0.0318539
-0.067518, -0.00690027, -0.997694
-0.882192, -0.466666, 0.0629291
-0.466024, 0.884407, 0.025421

57
-0.00103145, -0.0250968, 0.0491473
-0.0268732, 0.0877487, -0.99578
0.995028, -0.0932201, -0.0350675
-0.0959039, -0.991771, -0.0848073

58
-0.00470334, 0.0175592, -0.0335323
-0.0609104, -0.00148662, -0.998142
-0.995051, -0.0785599, 0.0608388
-0.0785044, 0.996908, 0.00330586

59
0.00468957, -0.0330591, -0.10674
-0.986314, 0.0301288, -0.162102
0.155821, 0.491704, -0.856707
0.0538948, -0.870241, -0.489669

60
-0.0226004, 0.00381709, -0.0431973
-0.060674, 0.00922642, -0.998115
-0.227418, -0.973785, 0.0048229
-0.971905, 0.227282, 0.0611817

61
-0.0156021, 0.0187318, -0.0217648
-0.0106839, -0.0160769, 0.999814
0.956991, 0.289737, 0.0148853
-0.289922, 0.956971, 0.01229

62
-0.00225972, 0.0204253, 0.00854127
-0.0151634, 0.0194738, -0.999695
-0.999393, -0.0316566, 0.0145422
-0.0313638, 0.999309, 0.019942

63
3.25164e-05, -0.0243852, 0.0463108
0.00272213, 0.0146133, -0.99989
0.977191, 0.212286, 0.00576287
0.212347, -0.977098, -0.0137021

64
-0.0222457, 0.0130742, -0.0286017
-0.0697602, -0.0112181, -0.997501
-0.530498, -0.846403, 0.0466192
-0.844811, 0.532424, 0.0530941

65
-0.0113134, -0.045522, -0.0470712
-0.902889, 0.207518, 0.376467
-0.419507, -0.61652, -0.666271
0.0938362, -0.759499, 0.643705

66
-0.0223445, 0.00484703, -0.0341426
-0.0658888, -0.00629735, -0.997807
-0.246945, -0.96877, 0.0224208
-0.966787, 0.247881, 0.062276

67
0.000888081, -0.0259955, 0.00876836
0.0110231, -0.0202773, -0.999734
0.988123, 0.153468, 0.00778235
0.15327, -0.987945, 0.0217281

68
0.0356402, -0.0043073, 0.0400309
0.0168413, -0.0103144, 0.999805
-0.0935991, -0.995572, -0.00869406
0.995468, -0.0934345, -0.0177322

69
-0.00303763, -0.0212041, -0.0117836
0.0713394, 0.0196696, 0.997258
-0.99699, 0.0318367, 0.0706922
-0.0303589, -0.9993, 0.0218816

70
-0.0228377, 0.0201779, 0.0322393
0.00594603, -0.0114548, 0.999917
0.771572, 0.636136, 0.00269924
-0.636114, 0.771492, 0.0126207

71
-0.00155415, -0.0236917, -0.0113862
0.0664647, 0.0224033, 0.997537
-0.990345, -0.120412, 0.0686897
0.121655, -0.992471, 0.0141838

72
-0.0294254, -0.0110995, -0.00981197
0.0664647, 0.0224033, 0.997537
-0.491383, 0.870844, 0.0131823
-0.868404, -0.491049, 0.0688889

73
0.0168694, 0.00686991, 0.0231627
-0.00558963, -0.0105096, 0.999929
0.288406, -0.957471, -0.00845119
0.957492, 0.288338, 0.00838295

74
-0.011642, -0.0273868, -0.0188684
0.0623638, 0.0349953, 0.99744
-0.932722, 0.357681, 0.0457681
-0.355164, -0.933188, 0.0549473

75
0.0356797, -0.00442569, 0.0316095
0.00594603, -0.0114548, 0.999917
-0.0957833, -0.995343, -0.0108328
0.995384, -0.0957109, -0.00701552

76
-0.0118988, -0.0226575, -0.0016003
0.0565261, 0.0161038, 0.998271
-0.925128, 0.376821, 0.0463057
-0.375424, -0.926146, 0.0361983

77
-0.000548698, -0.0212069, 0.0270313
0.0611616, 0.000831508, 0.998128
-0.997989, 0.0167611, 0.0611391
-0.0166789, -0.999859, 0.00185497

78
-0.0246718, 0.00722237, -0.0311328
-0.067518, -0.00690027, -0.997694
-0.294276, -0.955353, 0.0265222
-0.953333, 0.295388, 0.0624729

79
0.00762904, 0.0259787, -0.00297693
-0.0206918, -0.0187154, 0.999611
0.910639, -0.413053, 0.0111166
0.412684, 0.910515, 0.0255898

80
0.0185574, -0.00475516, -0.026019
0.0440416, -0.008434, -0.998994
0.124415, 0.992226, -0.00289189
0.991252, -0.124163, 0.0447486

81
-0.00113699, 0.0203467, 0.026256
0.00648068, -0.0133079, 0.99989
0.997405, -0.0716135, -0.00741771
0.0717044, 0.997344, 0.0128093

82
-0.02258, 0.0125303, -0.0375435
-0.0640702, -0.00078377, -0.997945
-0.520432, -0.853223, 0.0340829
-0.851496, 0.521546, 0.0542583

83
-0.0229235, 0.0201627, 0.0412698
0.0168413, -0.0103144, 0.999805
0.770086, 0.637908, -0.00639091
-0.637717, 0.770044, 0.0186862

84
-0.00257835, 0.0186606, -0.00273389
-0.032182, 0.0253169, -0.999161
-0.999412, 0.011046, 0.0324699
0.0118587, 0.999618, 0.0249465

85
-0.00439892, -0.0241068, 0.0297008
0.00899279, -0.0219807, -0.999718
0.988975, -0.147582, 0.012141
-0.147807, -0.988806, 0.0204112

86
-0.0329223, 0.012521, -0.00453324
0.0539265, 0.0281889, 0.998147
-0.0201405, 0.999429, -0.0271369
-0.998342, -0.0186397, 0.0544635

87
0.0155581, 0.00179821, -0.00546153
-0.0359696, -0.00172542, 0.999351
0.126884, -0.991913, 0.00285436
0.991265, 0.126905, 0.0358976

88
-0.0101732, -0.0258239, -0.0281713
0.0667272, 0.019961, 0.997572
-0.915446, 0.398902, 0.0532519
-0.39687, -0.916776, 0.0448908

89
-0.00604134, 0.0178665, -0.0381874
0.064033, -0.000814276, 0.997947
0.991319, 0.115118, -0.0635138
-0.11483, 0.993352, 0.00817853

90
-0.0200305, 0.00188664, -0.0105141
-0.0589274, -0.0160903, -0.998133
-0.187438, -0.981908, 0.0268947
-0.980507, 0.188673, 0.0548454

91
-0.00124214, -0.0257529, -0.0148803
-0.0406508, 0.00203463, 0.999171
-0.991914, -0.120406, -0.0401103
0.120224, -0.992723, 0.00691276

92
0.00141523, -0.0239901, 0.031892
-0.00254511, 0.00354363, 0.99999
-0.966359, -0.257193, -0.00154811
0.257185, -0.966353, 0.004079

93
-0.00221999, 0.0193096, 0.0321067
0.00594603, -0.0114548, 0.999917
0.995384, -0.0957109, -0.00701552
0.0957833, 0.995343, 0.0108328

94
-0.02047, -0.0539717, -0.0739029
-0.492468, -0.0864087, 0.866031
-0.857184, -0.124146, -0.499824
0.150703, -0.988494, -0.0129301

95
-0.0287136, -0.0123855, 0.00463602
0.0487724, 0.0311395, 0.998324
-0.517705, 0.855558, -0.00139427
-0.854168, -0.51677, 0.0578487

96
-0.00713371, 0.0215613, 0.026311
0.00648068, -0.0133079, 0.99989
0.948922, 0.315505, -0.00195116
-0.315444, 0.948831, 0.0146729

97
-0.0202478, -0.019013, -0.0187515
0.0630217, 0.0325782, 0.99748
-0.590119, 0.807242, 0.0109193
-0.804853, -0.58932, 0.0700987

98
-0.00818329, -0.0300692, 0.0490627
0.0101655, 0.153504, -0.988096
0.958812, -0.282005, -0.0339462
-0.283859, -0.947053, -0.150048

99
-0.00109511, -0.0255377, -0.00610813
-0.0359696, -0.00172542, 0.999351
-0.991265, -0.126905, -0.0358976
0.126884, -0.991913, 0.00285436

100
0.00235829, -0.0239817, -0.0453532
0.0628622, -0.00659219, 0.998
-0.995158, -0.0761161, 0.0621804
0.075554, -0.997077, -0.0113451

101
-0.0140752, 0.0209717, -0.0347904
-0.0658888, -0.00629735, -0.997807
-0.858238, -0.509746, 0.0598896
-0.509005, 0.860302, 0.0281819

102
-0.00548898, -0.0236819, -0.0300518
0.0437033, -0.00779812, -0.999014
0.995246, 0.0874629, 0.0428557
0.0870425, -0.996137, 0.0115835

103
0.00343286, -0.0141354, -0.044108
-0.889574, -0.350881, 0.292475
0.08528, -0.756594, -0.6483
0.44876, -0.551769, 0.702969

104
-0.0216802, 0.0189833, 0.0139869
-0.0240707, -0.0154796, 0.99959
0.819989, 0.571664, 0.0285985
-0.571872, 0.820342, -0.0010672

105
-0.0351062, -0.0135513, -0.00964054
0.0713394, 0.0196696, 0.997258
-0.353484, 0.935416, 0.00683676
-0.932717, -0.353002, 0.0736848

106
-0.00183853, 0.0243194, 0.0409575
0.0168413, -0.0103144, 0.999805
0.995468, -0.0934345, -0.0177322
0.0935991, 0.995572, 0.00869406

107
0.00378502, -0.0244865, 0.0147504
0.0308769, 0.0281841, 0.999126
-0.93493, -0.352701, 0.0388423
0.353487, -0.935312, 0.0154598

108
-0.00921294, -0.0242518, -0.0317339
-0.0676838, -0.00800076, -0.997675
0.966155, -0.250015, -0.0635405
-0.248925, -0.968209, 0.0246519

109
-0.00504087, -0.0379269, -0.052261
-0.986216, 0.0582279, -0.154881
0.0870522, -0.613433, -0.784934
-0.140714, -0.787597, 0.599909

110
-0.0233987, -0.0145237, -0.0308495
-0.0676838, -0.00800076, -0.997675
0.139755, -0.990185, -0.00154047
-0.98787, -0.139534, 0.0681376

111
0.00280165, -0.0247568, 0.0490739
-0.0268732, 0.0877487, -0.99578
0.955987, 0.29341, 5.61734e-05
0.292177, -0.951951, -0.0917715

112
0.0176522, -0.00685823, -0.0351303
0.0423377, -0.00567333, -0.999087
0.226259, 0.974059, 0.00405684
0.973147, -0.226224, 0.0425231

113
-0.0091824, -0.0243298, -0.0348276
-0.0658888, -0.00629735, -0.997807
0.966787, -0.247881, -0.062276
-0.246945, -0.96877, 0.0224208

114
0.00819594, -0.0265695, -0.112095
-0.919817, 0.273823, -0.280994
0.388334, 0.5332, -0.751595
-0.0559779, -0.800449, -0.596781

115
-0.0209239, -0.00186121, -0.00142474
0.0565261, 0.0161038, 0.998271
-0.00718508, 0.999851, -0.0157224
-0.998375, -0.00628393, 0.0566334

116
-0.000800695, 0.00964214, 0.0371606
-0.9647, 0.20566, -0.164492
0.0988639, 0.861748, 0.497611
0.244089, 0.463783, -0.85166

117
-0.0174478, 0.0209841, -0.0378796
-0.0640702, -0.00078377, -0.997945
-0.80667, -0.588688, 0.0522523
-0.587519, 0.80836, 0.0370852

118
-0.0172572, -0.0225599, 0.0436177
0.0180479, 0.00437179, -0.999828
0.857828, -0.513766, 0.0132382
-0.51362, -0.857919, -0.0130226

119
0.0207011, -0.0234041, 0.022866
-0.00558963, -0.0105096, 0.999929
-0.774239, -0.632798, -0.010979
0.632869, -0.774245, -0.00459986

120
-0.03639, 0.00840987, -0.031585
-0.0609104, -0.00148662, -0.998142
-0.308261, -0.951087, 0.0202278
-0.94935, 0.30892, 0.0574728

121
0.0372819, -0.000732228, 0.010962
-0.0062492, -0.0277149, -0.999596
-0.0691839, 0.997233, -0.0272169
0.997584, 0.0689859, -0.00814933

122
-0.00219674, 0.00441192, 0.0312094
0.999679, 0.014077, -0.0210748
0.00862368, -0.970874, -0.239437
-0.0238315, 0.239179, -0.970683

123
-0.00187383, -0.0248435, 0.0499395
0.0101655, 0.153504, -0.988096
0.994455, 0.101883, 0.0260587
0.10467, -0.982882, -0.151617

124
0.00430717, 0.0210174, 0.0478401
0.0244884, 0.0376835, 0.99899
0.962698, -0.270247, -0.0134047
0.269469, 0.962053, -0.0428957

125
-0.0200999, -0.0289, 0.015613
0.0308769, 0.0281841, 0.999126
-0.684362, 0.729142, 0.000581252
-0.728489, -0.683781, 0.0418018

126
-0.00276578, -0.026734, -0.038434
0.064033, -0.000814276, 0.997947
-0.959803, 0.273784, 0.0618089
-0.273273, -0.961791, 0.0167497

127
-0.0011045, -0.0255219, -0.029644
-0.0436419, 0.00834216, 0.999012
-0.990958, -0.127355, -0.0422266
0.126877, -0.991822, 0.0138248

128
-0.0144251, -0.0270133, -0.0188581
0.0630217, 0.0325782, 0.99748
-0.853203, 0.520271, 0.0369138
-0.517758, -0.853379, 0.0605842

129
-0.00123781, -0.0234363, 0.0118323
-0.0062492, -0.0277149, -0.999596
0.997584, 0.0689859, -0.00814933
0.0691839, -0.997233, 0.0272169

130
-0.0146556, 0.0201136, -0.0435296
-0.060674, 0.00922642, -0.998115
-0.84805, -0.527857, 0.0466723
-0.526432, 0.849283, 0.0398517

131
-0.0258109, 0.0192968, -0.0107355
0.0664647, 0.0224033, 0.997537
0.614257, 0.786927, -0.0586004
-0.786302, 0.616639, 0.0385415

132
-0.0198852, -0.0176195, -0.0102083
-0.0589274, -0.0160903, -0.998133
0.202053, -0.979367, 0.00385902
-0.9776, -0.201449, 0.0609627

133
0.00307475, 0.0303873, 0.0449064
0.0572063, -0.337984, -0.939412
-0.939261, -0.337162, 0.0641082
-0.338402, 0.878685, -0.336743

134
0.00952441, -0.0270491, 0.00888495
0.0110231, -0.0202773, -0.999734
0.854253, 0.519857, -0.00112505
0.519741, -0.854013, 0.0230523

135
-0.0224823, -0.0258528, 0.0495707
0.0101655, 0.153504, -0.988096
0.777199, -0.62296, -0.0887832
-0.629173, -0.767044, -0.125636

136
0.00615022, 0.0402266, -0.0403076
-0.919817, 0.273823, -0.280994
-0.380196, -0.798931, 0.466005
-0.0968923, 0.535472, 0.838976

137
0.0155021, 0.00225574, 0.000401881
-0.0325668, -0.00662749, 0.999448
0.1362, -0.990679, -0.00213131
0.990146, 0.136055, 0.0331659

138
0.00419047, 0.0213724, 0.0197554
0.00976603, -0.0196194, -0.99976
-0.96967, 0.244, -0.0142604
0.244221, 0.969577, -0.0166414

139
-0.0371176, 0.0103242, -0.00854488
-0.0271908, 0.0216597, -0.999396
-0.232088, -0.972583, -0.0147641
-0.972315, 0.231547, 0.0314722

140
-0.0221918, -0.015822, -0.0497868
0.0906989, 0.0612925, 0.99399
-0.529046, 0.848584, -0.00405226
-0.843732, -0.525499, 0.109392

141
0.0161576, 0.0236646, 0.0470569
0.00272213, 0.0146133, -0.99989
-0.84113, 0.540804, 0.00561389
0.540826, 0.841022, 0.0137638

142
0.0154201, -0.0257411, -0.0259801
0.0440416, -0.008434, -0.998994
0.788896, 0.613813, 0.0295971
0.612946, -0.789406, 0.0336869

143
0.0180328, -0.0119442, -0.035194
0.0416034, -0.00748514, -0.999106
0.387905, 0.921653, 0.00924774
0.92076, -0.387943, 0.0412474

144
0.0233833, -0.00106683, 0.00341827
-0.0322021, -0.0092574, 0.999439
0.249774, -0.968304, -0.000921262
0.967769, 0.249604, 0.0334936

145
-0.0233512, 0.00275485, 0.0341325
0.0472809, 0.00688666, 0.998858
-0.154116, 0.988053, 0.000482904
-0.986921, -0.153963, 0.0477774

146
0.0312291, 0.00877268, -0.0117601
-0.0240421, -0.0170671, 0.999565
0.317065, -0.948365, -0.00856671
0.948099, 0.316721, 0.028212

147
-0.0171534, 0.0174371, -0.0374748
0.064033, -0.000814276, 0.997947
0.871916, 0.486494, -0.0555493
-0.48545, 0.873684, 0.0318616

148
-0.00723759, -0.0246348, 0.011903
-0.0062492, -0.0277149, -0.999596
0.948123, -0.31789, 0.00288645
-0.317841, -0.947723, 0.0282637

149
0.00370901, -0.0263862, -0.017944
0.0317131, -0.0204621, -0.999288
0.951901, 0.305467, 0.0239543
0.30476, -0.951983, 0.0291652

150
-0.00225327, -0.0235105, 0.0149095
0.0308769, 0.0281841, 0.999126
-0.999036, 0.0320752, 0.0299693
-0.0312025, -0.999088, 0.0291473

151
-0.00557407, -0.026799, -0.0360013
0.0423377, -0.00567333, -0.999087
0.985656, 0.163752, 0.0408387
0.163371, -0.986485, 0.0125248

152
-0.00407766, -0.0239774, 0.0238089
0.00936392, -0.0247164, -0.999651
0.990202, -0.139064, 0.0127138
-0.139329, -0.989975, 0.023172

153
-0.0366112, -0.000668813, 0.0086514
-0.0151634, 0.0194738, -0.999695
0.0313638, -0.999309, -0.019942
-0.999393, -0.0316566, 0.0145422

154
-0.0225438, 0.0222464, 0.0339599
0.0472809, 0.00688666, 0.998858
0.235294, 0.971761, -0.0178375
-0.970774, 0.235868, 0.0443253

155
0.0343507, 0.00622207, 0.0446751
0.0180479, 0.00437179, -0.999828
-0.243392, 0.969928, -0.000152414
0.96976, 0.243353, 0.0185692

156
0.0370012, -0.00197551, 0.0558607
-0.117225, 0.0982569, 0.988233
-0.0688951, -0.993501, 0.0906082
0.990713, -0.0574628, 0.123233

157
0.00721156, 0.0251622, 0.0262659
0.00648068, -0.0133079, 0.99989
0.894042, -0.447829, -0.011755
0.447937, 0.89402, 0.00899562

158
-7.03228e-05, 0.0202531, -0.0215744
-0.0106839, -0.0160769, 0.999814
0.995092, -0.098535, 0.00904906
0.0983711, 0.995004, 0.0170508

159
-0.00362138, -0.00861185, 0.0308806
-0.9647, 0.20566, -0.164492
0.184747, 0.973633, 0.133816
0.187676, 0.0987032, -0.977259

160
0.00533231, -0.0223149, -0.0518979
0.0906989, 0.0612925, 0.99399
-0.981964, -0.160759, 0.0995144
0.165892, -0.985089, 0.0456064

161
0.0141988, -0.0176417, -0.0290413
-0.0436419, 0.00834216, 0.999012
-0.262004, -0.965061, -0.003387
0.96408, -0.261893, 0.0443028

162
-0.00510634, -0.0264345, -0.0109387
-0.0589274, -0.0160903, -0.998133
0.980507, -0.188673, -0.0548454
-0.187438, -0.981908, 0.0268947

163
-0.017601, -0.0228717, -0.0374789
0.064033, -0.000814276, 0.997947
-0.48545, 0.873684, 0.0318616
-0.871916, -0.486494, 0.0555493

164
0.0142131, -0.0176642, -0.00554354
-0.0359696, -0.00172542, 0.999351
-0.262115, -0.964973, -0.0111003
0.964366, -0.262344, 0.0342574

165
-0.00783391, 0.0179725, -0.0321661
-0.0676838, -0.00800076, -0.997675
-0.98787, -0.139534, 0.0681376
-0.139755, 0.990185, 0.00154047

166
0.00288153, -0.0018479, -0.0348484
-0.947837, 0.0248841, 0.317783
-0.0255065, -0.999672, 0.00220264
0.317734, -0.00601778, 0.948161

167
-0.00179306, -0.0214092, 0.00579182
0.00573901, -0.0267294, -0.999626
0.999965, 0.00623149, 0.00557432
0.00608016, -0.999623, 0.0267642

168
0.0225734, 0.0122598, 0.0318785
0.00594603, -0.0114548, 0.999917
0.636114, -0.771492, -0.0126207
0.771572, 0.636136, 0.00269924

169
-0.0063144, 0.0231095, 0.0325588
-0.0337125, 0.00779026, -0.999401
-0.947497, -0.318403, 0.0294797
-0.317983, 0.947923, 0.0181154

170
0.00636072, -0.0239181, 0.0284468
-0.900191, -0.354915, 0.252373
-0.38003, 0.923202, -0.0572235
-0.212682, -0.147422, -0.965936

171
0.00184301, 0.0193003, 0.0232094
-0.00558963, -0.0105096, 0.999929
0.994975, -0.100018, 0.0045107
0.0999638, 0.99493, 0.0110159

172
7.25925e-05, 0.0212351, 0.00298204
-0.029359, -0.0130099, 0.999484
0.997661, 0.0613753, 0.0301043
-0.0617353, 0.99803, 0.0111776

173
0.0251861, -0.00982175, -0.0139292
0.0470449, -0.0105509, -0.998837
0.465445, 0.884988, 0.012574
0.883826, -0.465495, 0.046545

174
-0.0388965, -0.000566555, -0.0528108
0.0743631, 0.135065, 0.988042
0.116038, 0.982883, -0.143093
-0.990457, 0.125292, 0.0574176

175
0.0183798, 0.00289909, -0.046873
-0.049031, 0.00548947, 0.998782
0.148479, -0.988834, 0.0127237
0.987699, 0.148922, 0.0476684

176
-0.0136093, 0.0205916, 0.0474147
0.0572063, -0.337984, -0.939412
-0.738264, -0.647756, 0.188094
-0.672082, 0.682773, -0.286577

177
-0.02339, -0.014633, -0.0339506
-0.0658888, -0.00629735, -0.997807
0.141826, -0.989887, -0.00311789
-0.987696, -0.14172, 0.0661155

178
0.00709856, -0.0282721, 0.0119142
-0.0062492, -0.0277149, -0.999596
0.895172, 0.445359, -0.0179445
0.445677, -0.894923, 0.0220265

179
0.0074653, 0.0246005, 0.0321098
0.00594603, -0.0114548, 0.999917
0.882961, -0.469327, -0.010627
0.469409, 0.88295, 0.0073235

180
-0.0264254, -0.00490423, 0.0286033
0.0611616, 0.000831508, 0.998128
-0.366504, 0.930164, 0.0216831
-0.928404, -0.367144, 0.057195

181
-0.0166141, 0.019094, 0.0175516
-0.014096, -0.0205314, 0.99969
0.905553, 0.42369, 0.0214703
-0.423999, 0.905575, 0.0126199

182
0.00772238, -0.0233974, -0.0203755
0.0630217, 0.0325782, 0.99748
-0.969416, -0.235543, 0.0689414
0.237195, -0.971318, 0.0167375

183
-0.0218543, 0.0169906, -0.0198259
0.0630217, 0.0325782, 0.99748
0.804853, 0.58932, -0.0700987
-0.590119, 0.807242, 0.0109193

184
-0.00503726, 0.0218514, -0.0519201
-0.139041, 0.0830566, -0.986797
-0.988676, -0.0684601, 0.133544
-0.0564646, 0.994191, 0.0916348

185
-0.0150124, 0.0210314, 0.0282938
0.0618898, -0.000702192, 0.998083
0.859452, 0.508468, -0.0529358
-0.507456, 0.861081, 0.0320724

186
-0.00878506, 0.026018, 0.0476462
-0.117225, 0.0982569, 0.988233
0.941664, 0.327108, 0.0791782
-0.315479, 0.939865, -0.13087

187
-0.0302661, -0.00947319, -0.0213373
0.0811941, 0.0136124, 0.996605
-0.458034, 0.888578, 0.0251795
-0.885219, -0.458524, 0.0783822

188
-0.0214923, -0.0280432, -0.0103286
0.0713394, 0.0196696, 0.997258
-0.683511, 0.729123, 0.0345143
-0.726445, -0.6841, 0.0654596

189
0.0344063, 0.00661473, 0.023413
0.00936392, -0.0247164, -0.999651
-0.25021, 0.967835, -0.0262735
0.968146, 0.250369, 0.00287844

190
-0.025901, 0.0210129, 0.0264253
0.00648068, -0.0133079, 0.99989
0.755974, 0.65459, 0.00381244
-0.654569, 0.755867, 0.0143027

191
-0.0175416, -0.025444, -0.0099528
0.059921, 0.0189081, 0.998024
-0.784843, 0.618683, 0.0354004
-0.616791, -0.785413, 0.051912

192
-0.0104362, -0.0275442, -0.0111293
0.0713394, 0.0196696, 0.997258
-0.909481, 0.411829, 0.0569374
-0.40958, -0.911049, 0.0472687

193
-0.00453663, -0.0281391, 0.0276097
0.0618898, -0.000702192, 0.998083
-0.96655, 0.249335, 0.0601099
-0.248899, -0.968417, 0.0147526

194
0.00557355, -0.0220402, -0.0356372
0.0416034, -0.00748514, -0.999106
0.925366, 0.377389, 0.0357054
0.376785, -0.926024, 0.0226272

195
0.0250438, 0.0211754, 0.02897
0.00899279, -0.0219807, -0.999718
-0.594796, 0.803547, -0.0230179
0.803827, 0.594835, -0.00584787

196
-0.0266741, -0.0121818, -0.0308631
-0.067518, -0.00690027, -0.997694
0.0929495, -0.995671, 0.000596006
-0.993379, -0.0926949, 0.0678671

197
-0.012962, -0.0225692, -0.0317192
-0.067518, -0.00690027, -0.997694
0.953333, -0.295388, -0.0624729
-0.294276, -0.955353, 0.0265222

198
-0.00843466, -0.0269451, -0.0505098
0.0543277, 0.232213, 0.971147
-0.975084, 0.221831, 0.00150542
-0.215081, -0.947031, 0.238479

199
-0.0172616, 0.017294, -0.00194113
0.0565261, 0.0161038, 0.998271
0.375424, 0.926146, -0.0361983
-0.925128, 0.376821, 0.0463057

200
-0.0216363, 0.0177219, -0.0218455
-0.0106839, -0.0160769, 0.999814
0.773196, 0.633899, 0.0184554
-0.634078, 0.773249, 0.00565808

201
0.0155905, 0.00147326, -0.0142509
-0.0406508, 0.00203463, 0.999171
0.120224, -0.992723, 0.00691276
0.991914, 0.120406, 0.0401103

202
0.0314033, -0.00630653, -0.0207986
-0.0278743, -0.0102475, 0.999559
-0.145129, -0.989311, -0.0141896
0.98902, -0.145461, 0.0260891

203
0.0187436, -0.0125479, 0.0229691
-0.00558963, -0.0105096, 0.999929
-0.0999638, -0.99493, -0.0110159
0.994975, -0.100018, 0.0045107

204
-0.00346532, 0.0229902, 0.00277603
-0.0322021, -0.0092574, 0.999439
0.967769, 0.249604, 0.0334936
-0.249774, 0.968304, 0.000921262

205
0.0163899, 0.0240718, 0.0490805
-0.0208874, 0.0198705, -0.999584
-0.818372, 0.573981, 0.0285108
0.574309, 0.818627, 0.00427244

206
-0.0245298, -0.0151414, -0.0436011
0.0628622, -0.00659219, 0.998
-0.450633, 0.892051, 0.0342769
-0.890493, -0.451887, 0.0531056

207
0.00571376, 0.0228241, 0.0317371
-0.00254511, 0.00354363, 0.99999
0.607418, -0.794371, 0.00436094
0.794379, 0.607423, -0.0001307

208
0.0326167, -0.00105428, -0.00296582
-0.0206918, -0.0187154, 0.999611
-0.0327839, -0.999274, -0.0193877
0.999248, -0.0331723, 0.0200632

209
-0.0211885, 0.0201455, -0.0520962
0.0906989, 0.0612925, 0.99399
0.843732, 0.525499, -0.109392
-0.529046, 0.848584, -0.00405226

210
-0.0047189, 0.0147199, -0.0345184
-0.986216, 0.0582279, -0.154881
-0.0966894, -0.962396, 0.253862
-0.134275, 0.265338, 0.95476

211
-0.00440575, -0.0247898, 0.0327492
0.00370139, -0.0260451, -0.999654
0.980937, -0.194131, 0.00868999
-0.19429, -0.98063, 0.0248301

212
-0.00837485, 0.0249243, -0.00332794
-0.0206918, -0.0187154, 0.999611
0.935731, 0.351759, 0.0259553
-0.352107, 0.935904, 0.0102341

213
0.0141157, -0.0179799, -0.0142713
-0.0406508, 0.00203463, 0.999171
-0.268516, -0.963233, -0.00896301
0.962417, -0.268658, 0.0397025

214
-0.0138858, -0.0252524, -0.0513186
0.0743631, 0.135065, 0.988042
-0.870657, 0.491888, -0.00171236
-0.486237, -0.860119, 0.154173

215
0.035811, -0.00111052, 0.0540142
0.0101655, 0.153504, -0.988096
-0.10467, 0.982882, 0.151617
0.994455, 0.101883, 0.0260587

216
-0.0360073, -0.0181248, 0.0158007
0.0308769, 0.0281841, 0.999126
-0.353487, 0.935312, -0.0154598
-0.93493, -0.352701, 0.0388423

217
-0.0212644, -0.0229664, -0.028265
-0.0697602, -0.0112181, -0.997501
0.844811, -0.532424, -0.0530941
-0.530498, -0.846403, 0.0466192

218
0.00840381, 0.0248411, -0.0214101
-0.0106839, -0.0160769, 0.999814
0.881701, -0.471806, 0.00183519
0.471688, 0.881556, 0.0192158

219
-0.0155567, -0.026789, 0.00444253
0.0487724, 0.0311395, 0.998324
-0.805173, 0.592673, 0.0208496
-0.591031, -0.804841, 0.0539788

220
-0.0166461, -0.0155647, 0.0339414
0.0472809, 0.00688666, 0.998858
-0.520063, 0.853923, 0.0187297
-0.852818, -0.520354, 0.0439557

221
0.00955849, 0.019912, 0.0477531
0.0244884, 0.0376835, 0.99899
0.490187, -0.871368, 0.0208533
0.871273, 0.489181, -0.0398104

222
0.0120642, -0.0239307, 0.000116212
-0.0325668, -0.00662749, 0.999448
-0.862654, -0.504815, -0.0314569
0.504745, -0.863202, 0.010723

223
-0.00842188, -0.013207, -0.0446767
-0.919817, 0.273823, -0.280994
-0.0559779, -0.800449, -0.596781
-0.388334, -0.5332, 0.751595

224
0.0156217, 0.00137731, 0.0483036
0.0244884, 0.0376835, 0.99899
0.119452, -0.99224, 0.0345007
0.992538, 0.118486, -0.0287998

225
-0.0147933, -0.0218601, 0.00572924
0.00573901, -0.0267294, -0.999626
0.926174, -0.376782, 0.0153922
-0.377053, -0.925916, 0.0225937

226
-0.0169778, -0.0149704, 0.0283904
0.0618898, -0.000702192, 0.998083
-0.507456, 0.861081, 0.0320724
-0.859452, -0.508468, 0.0529358

227
-0.00761705, -0.0271966, -0.0109035
0.0664647, 0.0224033, 0.997537
-0.961514, 0.268556, 0.0580331
-0.266594, -0.963004, 0.0393905

228
-0.000236828, 0.022645, -0.0122801
-0.0240421, -0.0170671, 0.999565
0.997265, -0.0703118, 0.0227862
0.0698923, 0.997379, 0.0187109

229
0.0091148, -0.0253704, 0.0207208
0.00976603, -0.0196194, -0.99976
0.596708, 0.802398, -0.00991745
0.802399, -0.596467, 0.0195433

230
0.00384843, -0.0265528, -0.0147574
0.0470449, -0.0105509, -0.998837
0.954078, 0.296626, 0.0418034
0.29584, -0.954935, 0.0240212

231
0.0331636, -0.00716949, -0.0174027
0.0317131, -0.0204621, -0.999288
0.0827157, 0.996415, -0.0177782
0.996068, -0.082093, 0.033292

232
-0.016718, -0.0258934, -0.0103264
0.0664647, 0.0224033, 0.997537
-0.786302, 0.616639, 0.0385415
-0.614257, -0.786927, 0.0586004

233
0.0155558, -0.0141566, 0.0318931
-0.00254511, 0.00354363, 0.99999
-0.132201, -0.991218, 0.00317607
0.99122, -0.132192, 0.00299123

234
-0.0134491, 0.0236316, -0.0505851
-0.139041, 0.0830566, -0.986797
-0.891809, -0.443709, 0.0883111
-0.430516, 0.892314, 0.135764

235
0.00590031, -0.02484, -0.0448364
0.0464108, 0.00049066, -0.998922
0.954204, 0.295832, 0.0444785
0.295535, -0.95524, 0.0132616

236
-0.00939205, 0.0250206, 0.00556155
-0.0232515, -0.0164609, 0.999594
0.927392, 0.373063, 0.0277155
-0.373368, 0.92766, 0.00659143

237
-0.0090277, -0.0284326, 0.0275569
0.0611616, 0.000831508, 0.998128
-0.915638, 0.398115, 0.0557753
-0.397323, -0.917335, 0.0251107

238
0.0148116, 0.0213877, -0.0264048
0.0440416, -0.008434, -0.998994
-0.868186, 0.49442, -0.042449
0.494281, 0.869182, 0.0144528

239
0.0152335, 0.0131025, 0.0488866
-0.0208874, 0.0198705, -0.999584
-0.172579, 0.984723, 0.0231813
0.984774, 0.172991, -0.0171391

240
0.0332696, 0.000236538, -0.0118568
-0.0240421, -0.0170671, 0.999565
-0.0698923, -0.997379, -0.0187109
0.997265, -0.0703118, 0.0227862

241
0.00843076, 0.0321669, -0.0150466
0.0405356, -0.0126922, -0.999097
-0.613416, 0.788988, -0.0349107
0.788719, 0.614278, 0.0241965

242
0.0279388, -0.0143025, 0.0174939
-0.014096, -0.0205314, 0.99969
0.0451843, -0.998781, -0.0198756
0.998879, 0.0448902, 0.0150065

243
0.0155427, 0.00182075, -0.0291451
-0.0436419, 0.00834216, 0.999012
0.126877, -0.991822, 0.0138248
0.990958, 0.127355, 0.0422266

244
0.0301762, 0.0143108, 0.0469584
0.00272213, 0.0146133, -0.99989
-0.570138, 0.821483, 0.0104537
0.821545, 0.570046, 0.0105678

245
-0.0166273, 0.0194256, 0.00230765
-0.0285311, -0.0137865, 0.999498
0.866482, 0.498206, 0.0316061
-0.498392, 0.866949, -0.00226856

246
-0.00985448, -0.0272639, -0.0281638
0.0667272, 0.019961, 0.997572
-0.693886, 0.719372, 0.0320194
-0.716986, -0.694338, 0.0618523

247
-0.00251043, 0.0071982, 0.0304158
0.985597, 0.0888581, 0.143886
0.0782972, -0.993915, 0.0774775
0.149895, -0.0650957, -0.986557

248
-0.00866058, -0.0247664, -0.00479098
0.0539265, 0.0281889, 0.998147
-0.930055, 0.365244, 0.0399328
-0.363441, -0.930485, 0.0459135

249
0.0157822, 0.0193093, -0.0189475
-0.0272116, 0.0176026, -0.999475
-0.832812, 0.552607, 0.0324065
0.552887, 0.833256, -0.000377648

250
-0.0255177, -0.0191756, -0.0308929
-0.067518, -0.00690027, -0.997694
0.76815, -0.6385, -0.0475678
-0.6367, -0.769591, 0.0484107

251
0.0049269, 0.0191955, -0.0393147
-0.0640702, -0.00078377, -0.997945
-0.985841, 0.155331, 0.0631711
0.154963, 0.987862, -0.0107248

252
-0.0170047, -0.0225355, 0.0236521
0.00936392, -0.0247164, -0.999651
0.861508, -0.507325, 0.0206135
-0.507657, -0.8614, 0.0165428

253
-0.000793269, 0.0212625, -0.00921644
-0.0300344, 0.0212065, -0.999324
-0.994141, 0.103223, 0.0320691
0.103833, 0.994432, 0.0179821

254
0.000161974, 0.0243658, 0.0499234
-0.9647, 0.20566, -0.164492
-0.00207068, 0.618669, 0.785649
0.263343, 0.758256, -0.596404

255
-0.00592262, 0.0196511, -0.0183505
-0.0272116, 0.0176026, -0.999475
-0.979837, -0.198449, 0.0231819
-0.197936, 0.979953, 0.0226478

256
0.0283961, 0.0148411, -0.0514422
-0.115509, -0.24024, 0.963817
0.560425, -0.816887, -0.136452
0.820111, 0.524385, 0.228994

257
-0.00334162, -0.038299, 0.085208
-0.96429, -0.209327, -0.162256
0.181083, -0.0740263, -0.980678
0.193271, -0.97504, 0.109288

258
0.0250263, 0.0212338, 0.0445724
0.0180479, 0.00437179, -0.999828
-0.595976, 0.802969, -0.00724694
0.802799, 0.596004, 0.0170974

259
0.0343459, 0.00615527, 0.029384
0.00899279, -0.0219807, -0.999718
-0.241908, 0.970014, -0.0235036
0.970257, 0.242051, 0.00340583

260
-0.0082034, -0.0226599, -0.0362063
0.0416034, -0.00748514, -0.999106
0.999116, -0.00571177, 0.0416466
-0.0060184, -0.999956, 0.0072409

261
0.0173604, 0.0187117, -0.00984529
-0.0271908, 0.0216597, -0.999396
-0.809485, 0.586113, 0.0347265
0.58651, 0.80994, 0.00159633

262
0.0318118, -0.0147856, 0.0175386
-0.014096, -0.0205314, 0.99969
-0.34051, -0.939932, -0.0241054
0.940135, -0.340744, 0.00625817

263
-0.0103961, -0.028651, 0.0153061
0.0308769, 0.0281841, 0.999126
-0.911048, 0.411968, 0.0165339
-0.411142, -0.910762, 0.0383974

264
0.00155523, 0.0216718, -0.00935113
-0.0271908, 0.0216597, -0.999396
-0.972315, 0.231547, 0.0314722
0.232088, 0.972583, 0.0147641

265
0.0224992, 0.0123484, 0.040424
0.0168413, -0.0103144, 0.999805
0.637717, -0.770044, -0.0186862
0.770086, 0.637908, -0.00639091

266
-0.0164929, 0.0374103, 0.0314818
-0.95565, -0.288353, -0.0598751
-0.286124, 0.860912, 0.420672
-0.0697548, 0.419147, -0.905235

267
0.0249242, -0.0192023, 0.019845
-0.00341124, -0.025963, 0.999657
-0.0530351, -0.998251, -0.0261075
0.998587, -0.053106, 0.00202833

268
-0.00222273, -0.0252882, 0.00408918
0.0474438, 0.0332351, 0.998321
-0.997257, 0.058419, 0.0454484
-0.0568104, -0.997739, 0.0359155

269
0.0318366, 0.0144449, 0.00502618
0.00573901, -0.0267294, -0.999626
-0.388287, 0.921147, -0.0268601
0.92152, 0.388296, -0.00509222

270
-0.000879936, 0.0333176, 0.0672261
-0.9647, 0.20566, -0.164492
-0.10269, 0.281403, 0.954079
0.242505, 0.937292, -0.250351

271
-0.0292972, -0.00578045, -0.0370979
-0.0640702, -0.00078377, -0.997945
-0.154963, -0.987862, 0.0107248
-0.985841, 0.155331, 0.0631711

272
0.0095149, 0.0200099, -0.0145358
-0.0406508, 0.00203463, 0.999171
0.490662, -0.871079, 0.0217361
0.870401, 0.491139, 0.0344117

273
0.0124426, -0.0225491, 0.00294239
0.0487724, 0.0311395, 0.998324
-0.854168, -0.51677, 0.0578487
0.517705, -0.855558, 0.00139427

274
0.0118104, -0.0281922, 0.0208025
0.00976603, -0.0196194, -0.99976
0.858351, 0.51306, -0.00168365
0.51297, -0.858128, 0.0218509

275
-0.00232446, -0.0232264, -0.0150833
0.0470449, -0.0105509, -0.998837
0.994667, -0.091391, 0.0478138
-0.0917892, -0.995759, 0.00619518

276
0.0154439, 0.0527179, 0.0667668
-0.937006, 0.116658, 0.329259
0.34811, 0.233645, 0.907871
0.0289804, 0.965299, -0.259536

277
-0.0146214, 0.019813, -0.0126745
-0.0240421, -0.0170671, 0.999565
0.948099, 0.316721, 0.028212
-0.317065, 0.948365, 0.00856671

278
-0.0355224, 0.00743237, -0.00982193
0.0664647, 0.0224033, 0.997537
-0.121655, 0.992471, -0.0141838
-0.990345, -0.120412, 0.0686897

279
-0.000450733, -0.0241342, 0.00362173
0.0487724, 0.0311395, 0.998324
-0.987265, -0.150025, 0.0529117
0.151421, -0.988192, 0.0234259

280
-0.00641196, -0.0278186, 0.00402788
0.0487724, 0.0311395, 0.998324
-0.970061, 0.23956, 0.0399193
-0.237915, -0.970382, 0.0418911

281
-0.0124045, 0.0235462, -0.0330713
-0.0609104, -0.00148662, -0.998142
-0.889265, -0.45408, 0.0549426
-0.453318, 0.89096, 0.0263362

282
0.00791405, -0.0226112, -0.0533204
0.0743631, 0.135065, 0.988042
-0.959469, -0.260379, 0.107806
0.271826, -0.956013, 0.110228

283
-0.00194103, -0.0150753, 0.0303224
0.999679, 0.014077, -0.0210748
0.0170872, -0.9885, 0.150253
-0.0187173, -0.150565, -0.988423

284
-0.0208511, 0.020471, -0.0219813
-0.0278743, -0.0102475, 0.999559
0.801965, 0.596692, 0.0284813
-0.596721, 0.802405, -0.0084142

285
-0.0234164, 0.00344091, 0.0288026
0.0618898, -0.000702192, 0.998083
-0.13993, 0.990117, 0.00937344
-0.988225, -0.140242, 0.0611799

286
0.00116363, 0.0176942, -0.0180774
0.0424955, -0.011647, -0.999029
-0.991768, 0.120397, -0.0435903
0.120787, 0.992658, -0.00643486

287
-0.0024833, -0.0269945, -0.0267588
0.0440416, -0.008434, -0.998994
0.963409, 0.264997, 0.0402356
0.264391, -0.964212, 0.0197963

288
0.0346155, 0.00918559, -0.0136858
0.0470449, -0.0105509, -0.998837
-0.29584, 0.954935, -0.0240212
0.954078, 0.296626, 0.0418034

289
0.0147414, 0.0215607, -0.0175449
0.0424955, -0.011647, -0.999029
-0.870051, 0.491106, -0.0427347
0.491126, 0.871022, 0.0107362

290
-0.00158278, -0.0115718, 0.0356531
0.985597, 0.0888581, 0.143886
0.0149749, -0.893347, 0.449119
0.168448, -0.440495, -0.88181

291
-0.0175898, -0.0225412, -0.0043714
0.0539265, 0.0281889, 0.998147
-0.720176, 0.693523, 0.0193228
-0.691693, -0.719883, 0.0577002

292
0.0286982, -0.0205588, 0.0399801
0.0168413, -0.0103144, 0.999805
-0.467423, -0.884033, -0.00124645
0.883873, -0.467311, -0.0197095

293
0.0199187, 0.0226669, 0.0198836
0.00976603, -0.0196194, -0.99976
-0.802399, 0.596467, -0.0195433
0.596708, 0.802398, -0.00991745

294
-0.00517367, 0.0192755, -0.0215564
-0.0278743, -0.0102475, 0.999559
0.969274, 0.244205, 0.0295333
-0.2444, 0.96967, 0.00312563

295
-0.0181328, -0.0247302, -0.0221174
0.0811941, 0.0136124, 0.996605
-0.761927, 0.64547, 0.0532584
-0.642554, -0.763665, 0.0627799

296
-0.0258447, 0.0205132, 0.0461699
-0.117225, 0.0982569, 0.988233
0.749256, 0.661879, 0.0230692
-0.651823, 0.743143, -0.151209

297
0.00968516, -0.026992, 0.0482055
-0.0208874, 0.0198705, -0.999584
0.84377, 0.53666, -0.0069634
0.536299, -0.843565, -0.0279755

298
-0.00780823, 0.0235737, -0.00895656
-0.0300344, 0.0212065, -0.999324
