0
-0.000928159, -0.0288599, -0.042471
-0.920115, 0.391054, 0.0215905
0.390448, 0.920212, -0.0275645
-0.030647, -0.0169325, -0.999387

1
0.00107094, 0.0111659, 0.00775836
0.01641, -0.999833, -0.00806107
0.903147, 0.0182814, -0.428943
0.429019, -0.000241387, 0.903296

2
0.00793784, 0.0198181, 0.00884739
0.000101076, -0.999921, -0.0125909
0.900822, 0.00555787, -0.434152
0.434188, -0.0112983, 0.900752

3
0.00046162, -0.0131389, 0.0160811
0.36357, -0.931438, 0.0155244
0.846356, 0.323305, -0.423267
0.389228, 0.167026, 0.905872

4
0.00912139, 0.0141957, 0.00759293
0.0504147, -0.998654, -0.0121934
0.903383, 0.0508043, -0.425814
0.42586, 0.0104519, 0.904729

5
-0.000197303, -0.0199374, -0.0154642
-0.00579216, -0.998903, 0.0464724
-0.99918, 0.00764368, 0.0397632
-0.0400747, -0.046204, -0.998128

6
0.00317942, 0.014852, 0.0122956
0.0596073, -0.998133, -0.0133338
0.9019, 0.0595755, -0.427816
0.427811, 0.0134752, 0.903768

7
-0.00390262, 0.0110825, 0.00797906
0.01641, -0.999833, -0.00806107
0.998577, 0.0167974, -0.0506153
0.0507423, -0.007219, 0.998686

8
-0.00481452, 0.0174584, -0.0178498
0.152722, -0.988125, -0.0168837
-0.895255, -0.145563, 0.421106
-0.418563, -0.0491968, -0.906854

9
-0.0275916, -0.0413132, 0.00537674
-0.492523, 0.870172, -0.0148845
0.0143053, -0.00900583, -0.999857
-0.870182, -0.492665, -0.00801254

10
0.00913353, 0.0169298, 0.00758833
0.0219854, -0.999667, -0.0135087
0.904236, 0.0256468, -0.426262
0.426467, -0.00284349, 0.904499

11
0.00547291, 0.0159347, 0.010566
0.113289, -0.993408, -0.0174767
0.891792, 0.109424, -0.439013
0.438032, 0.0341499, 0.898311

12
0.00156355, 0.0167379, 0.00947379
0.0219854, -0.999667, -0.0135087
0.998607, 0.0226064, -0.0476783
0.0479678, -0.0124416, 0.998771

13
-0.00859099, -0.04512, -0.0196332
-0.0764436, -0.991221, -0.107878
-0.910445, 0.0252813, 0.412858
-0.406506, 0.129777, -0.904384

14
-0.00519739, 0.0142011, -0.0164595
-0.0051912, -0.999942, -0.00939177
-0.897944, 0.000528025, 0.44011
-0.440079, 0.010718, -0.897895

15
0.00790384, 0.0142386, 0.00883414
-0.0726447, -0.997335, -0.00676234
0.899945, -0.0626253, -0.431483
0.429909, -0.0374307, 0.902096

16
-0.00238079, -0.0310021, 0.0147016
-0.242296, -0.969754, 0.0294822
0.969783, -0.242973, -0.0220164
0.0285139, 0.0232569, 0.999323

17
0.00555242, 0.0147201, 0.0119616
0.09838, -0.995029, -0.0154611
0.89361, 0.0951683, -0.438638
0.437929, 0.029337, 0.898531

18
0.00265991, 0.0141322, -0.0134712
-0.0051912, -0.999942, -0.00939177
-0.998003, 0.00458942, 0.0629987
-0.0629519, 0.00970005, -0.997969

19
0.00790384, 0.0142386, 0.00883414
-0.0726447, -0.997335, -0.00676234
0.899945, -0.0626253, -0.431483
0.429909, -0.0374307, 0.902096

20
0.0048401, 0.0197327, -0.0138747
-0.0250163, -0.999638, -0.00990539
-0.939317, 0.0268956, -0.341995
0.342137, 0.000748863, -0.93965

21
0.00509011, -0.014213, -0.0159138
0.123374, -0.991695, 0.0363432
-0.937871, -0.12849, -0.322316
0.324309, 0.0056802, -0.945934

22
0.00866556, -0.0389805, -0.0180971
0.514505, -0.853548, -0.0821043
-0.794549, -0.438544, -0.419966
0.322455, 0.28131, -0.903818

23
0.00318419, 0.0198529, 0.00604566
0.000101076, -0.999921, -0.0125909
0.998408, 0.000811126, -0.0564015
0.0564072, -0.0125652, 0.998329

24
0.00567074, -0.0308974, 0.0120006
-0.644895, 0.764211, -0.00962065
-0.711966, -0.596135, 0.371116
0.277875, 0.24618, 0.928537

25
0.00174573, -0.0316544, -0.0149728
-0.733713, 0.67909, 0.0224229
0.679235, 0.732223, 0.0498872
0.0174593, 0.0518333, -0.998503

26
0.00283238, -0.0197077, -0.0134657
-0.0193222, -0.998692, 0.0473414
-0.998488, 0.0217118, 0.0504925
-0.0514544, -0.0462942, -0.997602

27
-0.000256312, -0.0514279, -0.0157423
-0.46106, -0.883707, -0.0805356
-0.835299, 0.462846, -0.296731
0.299499, -0.0695395, -0.951559

28
0.00256189, -0.0331855, 0.0118194
-0.158227, -0.98697, 0.0292162
0.903021, -0.15661, -0.400032
0.399396, -0.0369129, 0.916035

29
0.00196768, 0.0172706, -0.0159207
-0.0258284, -0.999622, -0.00941667
-0.946436, 0.0274849, -0.321719
0.321856, 0.000602787, -0.946788

30
-0.00866861, 0.020095, -0.0163216
-0.0250163, -0.999638, -0.00990539
-0.906125, 0.0184885, 0.422606
-0.42227, 0.0195476, -0.906259

31
0.0037562, -0.0226889, -0.0176699
-0.177106, -0.98278, 0.0527023
-0.929845, 0.149538, -0.336194
0.322523, -0.108547, -0.940317

32
0.00463043, -0.0429694, -0.0205911
-0.376561, 0.922794, 0.0815662
0.835081, 0.30001, 0.461122
0.40105, 0.241755, -0.88358

33
-0.00119097, -0.014881, -0.0128186
0.123374, -0.991695, 0.0363432
-0.990588, -0.120883, 0.0642123
-0.0592857, -0.0439232, -0.997274

34
-0.00867568, 0.0228953, -0.0163228
-0.0727046, -0.997336, -0.0059818
-0.903993, 0.063364, 0.422826
-0.42132, 0.0361489, -0.906191

35
0.00478901, 0.0113952, -0.0139252
0.0178391, -0.999811, -0.00775795
-0.940647, -0.0141523, -0.339092
0.338918, 0.0133466, -0.940721

36
-0.0188821, 0.0165557, -0.0023366
0.08733, -0.996029, -0.0173059
0.432781, 0.0222868, 0.901224
-0.897259, -0.0861936, 0.433009

37
-0.00315073, 0.0201278, -0.013482
0.0535373, -0.998493, -0.0121011
-0.997297, -0.0540761, 0.049749
-0.0503284, 0.00940498, -0.998688

38
0.00348743, 0.015409, -0.0185807
0.064059, -0.997853, -0.0136304
-0.938227, -0.055566, -0.341529
0.340039, 0.0346664, -0.939772

39
0.0108559, 0.0113258, 0.00783835
0.01641, -0.999833, -0.00806107
0.67022, 0.0169822, -0.741968
0.741981, 0.00677298, 0.670387

40
-0.00100067, 0.0141743, -0.0159304
-0.0051912, -0.999942, -0.00939177
-0.946125, 0.00795213, -0.323703
0.323759, 0.00720538, -0.946112

41
-0.00205886, 0.0199059, -0.0139229
-0.0250163, -0.999638, -0.00990539
-0.998746, 0.0245617, 0.0436266
-0.0433676, 0.0109843, -0.998999

42
-0.00195228, -0.0363731, 0.0144862
0.168039, -0.985529, 0.0222684
0.985621, 0.167562, -0.0217877
0.0177411, 0.0256093, 0.999515

43
-0.0073725, 0.0182187, -0.0179292
-0.104509, -0.994518, -0.00348332
-0.892355, 0.0922258, 0.441811
-0.439068, 0.0492816, -0.897101

44
0.013612, -0.0189081, -0.0169396
-0.379867, -0.923871, 0.0465163
-0.673988, 0.24198, -0.697987
0.633594, -0.296494, -0.714598

45
-0.00873023, 0.0111726, -0.0163303
0.0178391, -0.999811, -0.00775795
-0.904789, -0.0194447, 0.425417
-0.425487, -0.000569748, -0.904964

46
0.00155886, 0.013791, 0.0094746
0.0504147, -0.998654, -0.0121934
0.997587, 0.0509368, -0.0471759
0.0477335, -0.00978564, 0.998812

47
0.0075111, -0.0199255, -0.014249
-0.00579216, -0.998903, 0.0464724
-0.938458, -0.0106197, -0.345231
0.345345, -0.045612, -0.937367

48
0.00310347, 0.0214267, 0.012331
-0.0829757, -0.996524, -0.00741295
0.90183, -0.0719216, -0.426063
0.424049, -0.0420381, 0.904663

49
-0.00471008, 0.034809, -0.0466853
-0.8908, 0.452543, 0.0410011
0.394045, 0.814269, -0.426257
-0.226285, -0.363553, -0.903673

50
-0.00482154, 0.0205437, -0.017848
0.22015, -0.975288, -0.0186542
-0.883666, -0.207495, 0.419619
-0.41312, -0.0758951, -0.907509

51
0.00253481, 0.021145, 0.0119523
0.155039, -0.987604, -0.024527
0.885888, 0.149973, -0.438988
0.437225, 0.0463319, 0.898158

52
-0.00611818, -0.0482135, -0.0174552
-0.46106, -0.883707, -0.0805356
-0.886329, 0.454226, 0.090002
-0.0429541, 0.112877, -0.99268

53
-0.00773113, 0.0174643, -0.0178473
0.149005, -0.988695, -0.0167013
-0.897336, -0.142293, 0.417781
-0.415434, -0.0472646, -0.908394

54
-0.00125864, -0.0458003, -0.0157516
-0.376561, 0.922794, 0.0815662
0.874077, 0.383086, -0.298723
-0.306907, -0.0411925, -0.950848

55
0.000675984, 0.0186979, -0.0158677
0.149005, -0.988695, -0.0167013
-0.98801, -0.149549, 0.0383514
-0.0404155, 0.0107865, -0.999125

56
-0.00124446, 0.0433273, 0.0094543
-0.0883292, -0.995703, -0.0278067
0.994426, -0.0865338, -0.0602323
0.0575673, -0.032972, 0.997797

57
-0.00471008, 0.034809, -0.0466853
-0.8908, 0.452543, 0.0410011
0.394045, 0.814269, -0.426257
-0.226285, -0.363553, -0.903673

58
0.00492354, 0.0308513, 0.0118905
-0.370946, -0.928654, -0.000553931
0.831876, -0.332023, -0.444684
0.412774, -0.165414, 0.895687

59
-0.00413185, -0.0212887, -0.0180674
-0.177106, -0.98278, 0.0527023
-0.885558, 0.182493, 0.42718
-0.429442, 0.028985, -0.902629

60
-0.00778368, -0.0198085, -0.0136403
-0.00579216, -0.998903, 0.0464724
-0.907786, 0.0247433, 0.418703
-0.419394, -0.0397618, -0.906933

61
0.00547562, -0.0352576, 0.00780022
0.168039, -0.985529, 0.0222684
0.903806, 0.145007, -0.402627
0.393571, 0.0877832, 0.915093

62
-0.00345279, 0.0111077, -0.0154733
0.072026, -0.997354, -0.00985566
-0.996002, -0.0724449, 0.0522733
-0.0528489, 0.00605122, -0.998584

63
-0.0101671, -0.016133, -0.0165117
0.123374, -0.991695, 0.0363432
-0.892496, -0.0948727, 0.440965
-0.433854, -0.0868397, -0.896788

64
0.00309738, 0.0344115, -0.0483752
-0.81734, 0.573907, 0.0508514
0.57187, 0.81884, -0.0496546
-0.0701363, -0.0115043, -0.997471

65
-0.00208127, 0.0224002, -0.0139255
-0.0727046, -0.997336, -0.0059818
-0.996413, 0.0723743, 0.0438558
-0.043306, 0.00914886, -0.99902

66
0.00157519, 0.0256093, 0.00947121
-0.140886, -0.989955, -0.0118582
0.988835, -0.140119, -0.0507207
0.0485497, -0.0188717, 0.998642

67
0.00232107, 0.0171914, -0.0154594
-0.104509, -0.994518, -0.00348332
-0.992452, 0.104065, 0.0648742
-0.0641561, 0.010237, -0.997887

68
-0.00609994, 0.0370547, 0.00831819
0.0521398, -0.998163, -0.0308559
0.940701, 0.03872, 0.33702
-0.335207, -0.0465983, 0.940992

69
-0.0106106, 0.0370568, 0.0111437
-0.370946, -0.928654, -0.000553931
0.699698, -0.279883, 0.657334
-0.610591, 0.243448, 0.753599

70
-0.000889104, -0.0330356, -0.0188746
-0.690394, 0.723432, -0.00174777
0.689518, 0.657294, -0.304188
-0.21891, -0.211214, -0.952611

71
0.00154122, -0.0407217, -0.0191132
-0.566736, 0.822364, 0.0502724
0.820998, 0.558572, 0.11815
0.0690816, 0.108233, -0.991722

72
-0.0056815, -0.0317794, 0.0146735
-0.158227, -0.98697, 0.0292162
0.987125, -0.158815, -0.0190302
0.0234222, 0.0258289, 0.999392

73
0.014591, -0.0252269, -0.00179533
-0.0405229, -0.998447, 0.0382325
-0.0602806, -0.0357513, -0.997541
0.997359, -0.0427279, -0.0587383

74
0.000145148, 0.037272, 0.0118429
0.0521398, -0.998163, -0.0308559
0.902203, 0.0603291, -0.427072
0.428149, -0.00557079, 0.903691

75
-0.012667, -0.0165094, -0.0182949
0.123374, -0.991695, 0.0363432
-0.65853, -0.0544189, 0.750584
-0.742373, -0.116536, -0.659774

76
-0.00352923, 0.0149735, 0.0068491
0.113289, -0.993408, -0.0174767
0.991536, 0.114163, -0.0618268
0.0634145, -0.0103245, 0.997934

77
-0.00414333, 0.0138004, 0.00945823
0.09838, -0.995029, -0.0154611
0.993177, 0.0991509, -0.061396
0.0626237, -0.00931545, 0.997994

78
-0.0112593, -0.044863, -0.0201033
-0.0764436, -0.991221, -0.107878
-0.685578, -0.0263067, 0.727524
-0.723975, 0.129573, -0.677548

79
0.00701822, 0.0112373, 0.00605555
0.0599145, -0.998154, -0.00989717
0.901979, 0.0583835, -0.427814
0.427602, 0.0167052, 0.903813

80
0.00548911, 0.0212022, 0.0106122
0.0781194, -0.996765, -0.0188733
0.89608, 0.0785008, -0.436896
0.436965, 0.0172181, 0.899314

81
0.00498407, 0.0139322, 0.0118644
-0.015239, -0.99984, -0.00934786
0.899228, -0.00961633, -0.437375
0.437215, -0.015071, 0.899231

82
-0.00572727, 0.021053, 0.0110098
0.282009, -0.959051, -0.0263073
0.906871, 0.257516, 0.333571
-0.313137, -0.117928, 0.942358

83
-0.00199578, 0.0112365, -0.0178573
0.072026, -0.997354, -0.00985566
-0.899961, -0.0692461, 0.430436
-0.429979, -0.0221329, -0.902567

84
0.000918568, -0.0547901, 0.0394969
-0.97837, -0.206744, 0.00707454
0.206769, -0.978385, 0.00306709
0.00628752, 0.00446354, 0.99997

85
0.00230337, 0.0141757, -0.0154584
-0.0174665, -0.999813, -0.00832854
-0.99773, 0.0168871, 0.0651939
-0.065041, 0.00944835, -0.997838

86
0.00141871, -0.0464391, -0.0146059
-0.0764436, -0.991221, -0.107878
-0.931225, 0.109643, -0.347562
0.356338, 0.0738898, -0.931431

87
-0.00392513, 0.0144852, 0.00799133
0.0596073, -0.998133, -0.0133338
0.996964, 0.0601973, -0.0493934
0.0501039, -0.0103491, 0.99869

88
-0.00640976, -0.0381733, -0.0186812
-0.694538, -0.718277, -0.0411819
-0.679029, 0.673353, -0.292429
0.237775, -0.17514, -0.9554

89
0.0110669, -0.0246485, 0.00957659
-0.0405229, -0.998447, 0.0382325
0.325981, -0.0493811, -0.944086
0.944508, -0.025794, 0.327475

90
-0.00529873, -0.0318973, 0.0127634
-0.158227, -0.98697, 0.0292162
0.920948, -0.136841, 0.364869
-0.356117, 0.0846386, 0.9306

91
0.00967258, 0.0198506, 0.00628664
0.000101076, -0.999921, -0.0125909
0.666095, 0.00945849, -0.745807
0.745867, -0.00831138, 0.666043

92
0.000358071, 0.0214317, 0.00908566
0.144725, -0.989291, -0.0189147
0.987473, 0.145621, -0.0607573
0.062861, -0.0098847, 0.997973

93
0.00852417, -0.0173186, -0.0179826
-0.443473, 0.895739, -0.0313689
0.826773, 0.422341, 0.371583
0.34609, 0.138852, -0.92787

94
-0.00474627, 0.0141034, 0.00940939
-0.015239, -0.99984, -0.00934786
0.945008, -0.0174566, 0.326581
-0.326692, -0.00385704, 0.945123

95
0.00425074, 0.011653, -0.0143532
0.072026, -0.997354, -0.00985566
-0.94041, -0.0646147, -0.333847
0.332327, 0.0333141, -0.942576

96
-0.005456, 0.0191944, 0.0282194
-0.951044, 0.305359, 0.0476515
-0.25036, -0.670811, -0.698092
-0.181204, -0.675846, 0.714421

97
0.00187569, -0.00291786, -0.0219125
-0.486864, -0.872904, 0.0316508
-0.823628, 0.446712, -0.349407
0.29086, -0.196182, -0.936436

98
0.017494, -0.033406, -0.000942251
0.168039, -0.985529, 0.0222684
-0.0177411, -0.0256093, -0.999515
0.985621, 0.167562, -0.0217877

99
0.000334769, 0.0326421, 0.0389727
0.893012, -0.447615, -0.0465855
0.432212, 0.824201, 0.365904
-0.125388, -0.346891, 0.929486

100
0.000617302, -0.0210801, -0.013611
-0.443473, 0.895739, -0.0313689
0.896282, 0.443329, -0.0117823
0.0033529, -0.0333405, -0.999438

101
0.000119636, 0.0257879, 0.0118529
-0.140886, -0.989955, -0.0118582
0.894985, -0.122231, -0.429024
0.423265, -0.0710564, 0.903215

102
0.00800272, 0.0213652, 0.0124083
0.0781194, -0.996765, -0.0188733
0.660651, 0.0659362, -0.747792
0.746618, 0.0459484, 0.663665

103
0.00279021, -0.0145464, -0.0186844
-0.379867, -0.923871, 0.0465163
-0.86515, 0.337023, -0.371391
0.327441, -0.181323, -0.927311

104
-0.00882987, -0.0167956, 0.0142811
0.36357, -0.931438, 0.0155244
0.87369, 0.346717, 0.341253
-0.323239, -0.110506, 0.939843

105
0.00871185, 0.0112668, 0.0133355
0.0599145, -0.998154, -0.00989717
0.669684, 0.0475466, -0.741122
0.740225, 0.037776, 0.671297

106
0.0195059, -0.00895478, 0.00400643
0.354459, -0.934866, 0.0196037
0.324993, 0.103511, -0.940035
0.876777, 0.339575, 0.340515

107
-0.0240461, 0.00713455, -0.015042
-0.574801, -0.817459, 0.0369328
-0.275798, 0.236027, 0.931787
-0.770415, 0.525406, -0.361122

108
-0.0168113, 0.0142576, -0.0160553
-0.0051912, -0.999942, -0.00939177
-0.323759, -0.00720538, 0.946112
-0.946125, 0.00795213, -0.323703

109
-0.00610452, 0.0103973, 0.0113304
0.0599145, -0.998154, -0.00989717
0.940156, 0.0530958, 0.336582
-0.335436, -0.029471, 0.941602

110
-0.016727, 0.0191846, -0.0130177
-0.104509, -0.994518, -0.00348332
-0.320523, 0.0303661, 0.946754
-0.941458, 0.100061, -0.321939

111
0.0031725, 0.0146024, 0.00601806
-0.0726447, -0.997335, -0.00676234
0.99596, -0.0721823, -0.0534209
0.0527905, -0.0106158, 0.998549

112
-0.00321479, 0.0356398, -0.0466099
0.849729, -0.525754, -0.0392935
-0.460685, -0.77667, 0.429596
-0.25638, -0.346938, -0.902166

113
0.00872371, 0.0377668, 0.0103316
0.0521398, -0.998163, -0.0308559
0.669681, 0.0578687, -0.740391
0.740816, 0.0179402, 0.671468

114
0.006237, 0.0484409, -0.0483642
-0.868765, 0.493321, 0.0433742
0.490624, 0.869298, -0.06008
-0.0673438, -0.030915, -0.997251

115
0.00475866, -0.0367014, -0.0221508
-0.593641, 0.802893, 0.0543482
0.730083, 0.508938, 0.456028
0.338482, 0.310396, -0.888304

116
-0.000621999, -0.0325931, -0.012976
-0.685649, 0.727916, 0.00491773
0.727162, 0.684597, 0.0506184
0.0334793, 0.0382824, -0.998706

117
0.000126008, 0.00313671, 0.0104971
-0.24435, -0.969554, 0.0160365
0.871057, -0.226733, -0.435721
0.426091, -0.0924996, 0.899939

118
-0.0171444, 0.00375441, -0.0187293
-0.390837, -0.919212, 0.0479124
-0.607378, 0.296661, 0.736943
-0.69162, 0.258924, -0.674255

119
-0.0220664, -0.0438929, -0.0138231
0.639095, -0.769127, 0.00150968
-0.262833, -0.216552, 0.940225
-0.722825, -0.60129, -0.340549

120
0.0031725, 0.0146024, 0.00601806
-0.0726447, -0.997335, -0.00676234
0.99596, -0.0721823, -0.0534209
0.0527905, -0.0106158, 0.998549

121
-0.00958694, 0.014477, -0.011792
0.064059, -0.997853, -0.0136304
-0.90387, -0.063804, 0.423022
-0.422983, -0.0147783, -0.906017

122
-0.00615248, 0.0165838, 0.00831816
0.0219854, -0.999667, -0.0135087
0.940949, 0.0161244, 0.338164
-0.337834, -0.0201457, 0.94099

123
0.000402332, -0.0442806, -0.0177529
-0.654323, 0.755939, 0.0204406
0.732073, 0.639977, -0.233449
-0.189555, -0.137787, -0.972154

124
-0.0236402, -0.00841972, -0.00992726
0.412261, -0.910786, -0.0225991
-0.288666, -0.154109, 0.944946
-0.864125, -0.38304, -0.326446

125
-0.0034466, 0.0150505, 0.0110303
-0.0726447, -0.997335, -0.00676234
0.940349, -0.0707502, 0.332774
-0.332365, 0.0178153, 0.942982

126
0.00940578, 0.020007, -0.0154762
0.149005, -0.988695, -0.0167013
-0.928269, -0.134038, -0.346916
0.340756, 0.0671955, -0.937747

127
0.00276048, 0.0212578, 0.00883541
0.155039, -0.987604, -0.024527
0.985772, 0.156287, -0.0618617
0.0649281, -0.0145871, 0.997783

128
0.00347898, 0.0223799, -0.0158857
0.22015, -0.975288, -0.0186542
-0.974495, -0.220744, 0.0403885
-0.0435083, 0.00928689, -0.99901

129
-0.016035, -0.0541638, -0.015039
0.514505, -0.853548, -0.0821043
-0.322455, -0.28131, 0.903818
-0.794549, -0.438544, -0.419966

130
-0.00402748, 0.0236485, -0.0405363
-0.970245, 0.235005, 0.058289
0.187957, 0.882789, -0.43053
-0.152634, -0.406763, -0.900692

131
0.00491038, -0.0220696, 0.00883871
0.109769, -0.993361, 0.0344309
0.897183, 0.0841125, -0.433576
0.427802, 0.0784838, 0.900459

132
0.0032324, 0.0182944, 0.00919274
0.08733, -0.996029, -0.0173059
0.897259, 0.0861936, -0.433009
0.432781, 0.0222868, 0.901224

133
-0.0156866, 0.0140555, -0.00960701
0.064059, -0.997853, -0.0136304
-0.340039, -0.0346664, 0.939772
-0.938227, -0.055566, -0.341529

134
-0.0178585, 0.0192696, -0.00774229
0.0535373, -0.998493, -0.0121011
0.0503284, -0.00940498, 0.998688
-0.997297, -0.0540761, 0.049749

135
-0.00426632, 0.00235784, 0.00801059
-0.264925, -0.964142, 0.015659
0.962973, -0.265375, -0.0475237
0.0499751, 0.00248895, 0.998747

136
-0.0218774, -0.0480206, -0.0159456
0.821632, -0.569799, 0.0158095
-0.224141, -0.297455, 0.928053
-0.524101, -0.766061, -0.372114

137
0.00480159, 0.0218982, -0.0138789
-0.0727046, -0.997336, -0.0059818
-0.937138, 0.0703663, -0.341791
0.341301, -0.019244, -0.939757

138
-0.00853128, 0.00358302, 0.0112904
-0.264925, -0.964142, 0.015659
0.908796, -0.244222, 0.338298
-0.322343, 0.103854, 0.940909

139
-0.0034466, 0.0150505, 0.0110303
-0.0726447, -0.997335, -0.00676234
0.940349, -0.0707502, 0.332774
-0.332365, 0.0178153, 0.942982

140
0.00271066, -0.00441356, -0.0134697
-0.390837, -0.919212, 0.0479124
-0.91853, 0.392858, 0.044327
-0.0595687, -0.0266844, -0.997867

141
0.00369088, 0.0517731, -0.0514019
-0.8908, 0.452543, 0.0410011
0.450645, 0.891412, -0.0479894
-0.0582662, -0.024272, -0.998006

142
-0.00864284, -0.0491738, -0.0205916
0.514505, -0.853548, -0.0821043
-0.60197, -0.42772, 0.674305
-0.610669, -0.297509, -0.733874

143
0.00369088, 0.0517731, -0.0514019
-0.8908, 0.452543, 0.0410011
0.450645, 0.891412, -0.0479894
-0.0582662, -0.024272, -0.998006

144
0.00964287, 0.0141293, 0.00627844
-0.0726447, -0.997335, -0.00676234
0.666921, -0.0435341, -0.743855
0.741578, -0.0585471, 0.668307

145
-0.00289437, 0.0319253, -0.043419
-0.868765, 0.493321, 0.0433742
0.427506, 0.791296, -0.437138
-0.249971, -0.361228, -0.898348

146
0.0182406, 0.0476437, -0.00943111
-0.784442, 0.618154, 0.0503533
0.069051, 0.0063647, 0.997593
0.616346, 0.786031, -0.0476769

147
0.0179493, 0.047834, -0.00646303
-0.795022, 0.604433, 0.0509938
0.0704385, 0.0084954, 0.99748
0.602477, 0.796611, -0.0493294

148
0.00303099, 0.0186902, -0.0189769
0.152722, -0.988125, -0.0168837
-0.92901, -0.137716, -0.343476
0.337072, 0.0681413, -0.93901

149
-0.0177253, -0.0355959, 0.0131452
-0.492523, 0.870172, -0.0148845
-0.605196, -0.354735, -0.712671
-0.625427, -0.341999, 0.70134

150
-0.0121764, 0.0176273, -0.0149904
-0.0258284, -0.999622, -0.00941667
-0.659542, 0.0099611, 0.751602
-0.751224, 0.0256234, -0.65955

151
-0.00204162, -0.0301648, 0.0108424
-0.363505, -0.931149, 0.0287229
0.930554, -0.364382, -0.0359934
0.0439813, 0.0136444, 0.998939

152
0.00964287, 0.0141293, 0.00627844
-0.0726447, -0.997335, -0.00676234
0.666921, -0.0435341, -0.743855
0.741578, -0.0585471, 0.668307

153
-0.00649643, -0.0380743, -0.020697
-0.685649, 0.727916, 0.00491773
0.684622, 0.647135, -0.335423
-0.247342, -0.226616, -0.942055

154
0.00331112, -0.0382834, -0.0145919
-0.593641, 0.802893, 0.0543482
0.80404, 0.58898, 0.081376
0.0333262, 0.0920062, -0.995201

155
0.00657169, -0.0301278, 0.0127453
-0.644895, 0.764211, -0.00962065
-0.764109, -0.644967, -0.0124693
-0.0157342, -0.000690157, 0.999876

156
-0.00498866, -0.0197025, -0.0165485
-0.0193222, -0.998692, 0.0473414
-0.902792, 0.0377751, 0.428415
-0.429643, -0.0344615, -0.902341

157
0.0104749, -0.0219634, -0.0228388
-0.733713, 0.67909, 0.0224229
0.62085, 0.65665, 0.4282
0.276062, 0.328097, -0.903406

158
-0.0161089, -0.0429832, -0.0176503
-0.46106, -0.883707, -0.0805356
-0.596356, 0.24137, 0.765572
-0.657102, 0.401002, -0.63829

159
-0.0230779, 0.0111927, -0.0166012
-0.486864, -0.872904, 0.0316508
-0.29086, 0.196182, 0.936436
-0.823628, 0.446712, -0.349407

160
-0.00344387, 0.000795047, -0.0128706
0.412261, -0.910786, -0.0225991
-0.908816, -0.412858, 0.0600181
-0.0639938, -0.00420472, -0.997941

161
0.00292543, -0.0462577, -0.01734
-0.0764436, -0.991221, -0.107878
-0.996704, 0.0730205, 0.0353381
-0.0271506, 0.110224, -0.993536

162
-0.00344387, 0.000795047, -0.0128706
0.412261, -0.910786, -0.0225991
-0.908816, -0.412858, 0.0600181
-0.0639938, -0.00420472, -0.997941

163
0.0016102, 0.037422, 0.00946506
0.0521398, -0.998163, -0.0308559
0.997372, 0.053605, -0.0487357
0.0503002, -0.0282337, 0.998335

164
-0.0140542, -0.0372543, -0.0234902
0.639095, -0.769127, 0.00150968
-0.51944, -0.430172, 0.738332
-0.567222, -0.472649, -0.674435

165
-0.00128474, -0.0108259, -0.015577
-0.628828, -0.776476, 0.0407568
-0.77685, 0.629618, 0.00928601
-0.0328716, -0.0258226, -0.999126

166
-0.011084, -0.0289958, 0.0091695
-0.242296, -0.969754, 0.0294822
0.906875, -0.215577, 0.362084
-0.344777, 0.114468, 0.931679

167
-0.0138917, -0.044296, -0.0159382
-0.46106, -0.883707, -0.0805356
-0.802423, 0.376453, 0.463033
-0.378868, 0.27811, -0.882674

168
-0.0114, 0.0141888, -0.0117241
-0.0051912, -0.999942, -0.00939177
-0.661181, -0.00361376, 0.750218
-0.750208, 0.0101042, -0.661124

169
-0.00422791, -0.00141161, 0.00999199
-0.350354, -0.936249, 0.0262668
0.93503, -0.351255, -0.0483634
0.0545065, 0.00761591, 0.998484

170
-0.00131018, -0.0202605, 0.0123397
-0.21519, -0.97568, 0.0417433
0.889349, -0.213449, -0.404349
0.403425, -0.0498876, 0.913652

171
0.017412, -0.00356108, 0.0103388
-0.264925, -0.964142, 0.015659
0.322343, -0.103854, -0.940909
0.908796, -0.244222, 0.338298

172
-0.00242471, 0.0139361, 0.0116607
0.09838, -0.995029, -0.0154611
0.941541, 0.0880386, 0.325193
-0.322215, -0.0465497, 0.945521

173
-0.00731119, -0.0199394, -0.016394
-0.00579216, -0.998903, 0.0464724
-0.67819, 0.038076, 0.7339
-0.734864, -0.0272662, -0.677666

174
-0.00211115, 0.0112722, -0.013952
0.0178391, -0.999811, -0.00775795
-0.998743, -0.0181826, 0.0467188
-0.046851, 0.00691477, -0.998878

175
0.00260336, 0.000540324, 0.012328
-0.264925, -0.964142, 0.015659
0.870547, -0.246127, -0.42611
0.414685, -0.0992552, 0.904536

176
0.000149853, 0.0420881, -0.045346
-0.970245, 0.235005, 0.058289
0.23206, 0.971252, -0.0530774
-0.0690868, -0.0379715, -0.996888

177
0.00821656, 0.000521962, 0.0118626
0.296509, -0.955002, -0.00732212
0.858062, 0.269762, -0.436987
0.419299, 0.123288, 0.899438

178
-0.00827536, 0.0173019, 0.00824358
0.08733, -0.996029, -0.0173059
0.94048, 0.0767072, 0.331078
-0.328436, -0.0451889, 0.943445

179
-0.0105154, 0.0198038, -0.0193352
0.0535373, -0.998493, -0.0121011
-0.669608, -0.0448879, 0.741357
-0.740783, -0.0315873, -0.671002

180
0.00562356, 0.0420195, 0.0502527
0.893012, -0.447615, -0.0465855
0.394283, 0.828087, -0.398513
0.216957, 0.337509, 0.915979

181
0.0106883, -0.0163161, -0.0199529
-0.443473, 0.895739, -0.0313689
0.631396, 0.337056, 0.698378
0.636138, 0.289906, -0.715041

182
0.014168, -0.0197748, -0.0101796
-0.00579216, -0.998903, 0.0464724
-0.734864, -0.0272662, -0.677666
0.67819, -0.038076, -0.7339

183
-0.00614901, 0.013416, 0.00831507
0.0504147, -0.998654, -0.0121934
0.939917, 0.0433147, 0.338644
-0.33766, -0.0285334, 0.940836

184
0.00116073, -0.0144224, 0.0122273
-0.496427, -0.866819, 0.0467462
0.866945, -0.49781, -0.0243234
0.0443547, 0.0284516, 0.998611

185
0.00750826, -0.0341182, 0.007098
-0.158227, -0.98697, 0.0292162
0.681441, -0.130563, -0.720133
0.714565, -0.0940351, 0.69322

186
0.00747028, -0.0249144, -0.0213115
-0.685649, 0.727916, 0.00491773
0.658998, 0.617835, 0.428954
0.309204, 0.297352, -0.903313

187
-0.0148196, -0.0371186, 0.0126337
-0.566847, 0.823751, -0.0108592
-0.560955, -0.395596, -0.727209
-0.603336, -0.406125, 0.68633

188
-0.00683226, 0.0142528, 0.00993691
0.126657, -0.991783, -0.0180111
0.938439, 0.113922, 0.326121
-0.321389, -0.0582079, 0.945157

189
-0.00987572, 0.0042825, 0.00993604
-0.20749, -0.978133, 0.0142833
0.925833, -0.191639, 0.325743
-0.315883, 0.0808124, 0.94535

190
-0.00847079, -0.0276581, 0.0107416
-0.363505, -0.931149, 0.0287229
0.87655, -0.331424, 0.349024
-0.315474, 0.152049, 0.936674

191
0.00434706, 0.0211956, -0.0143367
-0.244989, -0.96952, 0.00336607
-0.968617, 0.244908, 0.0424341
-0.041965, 0.00713543, -0.999094

192
0.0220426, -0.00375916, -0.00507409
0.326542, -0.945115, 0.011342
-0.0504122, -0.0293979, -0.998296
0.943837, 0.325414, -0.057245

193
0.00182618, -0.0431468, -0.0176441
0.514505, -0.853548, -0.0821043
-0.789841, -0.509014, 0.342135
-0.333821, -0.111181, -0.936057

194
-0.0120584, 0.0110845, -0.0126279
0.0178391, -0.999811, -0.00775795
-0.673089, -0.0177465, 0.739349
-0.739346, -0.00796753, -0.673278

195
0.00908203, 0.0497328, 0.0424363
0.893012, -0.447615, -0.0465855
0.447296, 0.894212, -0.0176477
0.0495567, -0.00507797, 0.998758

196
0.0107354, 0.0208241, 0.00791887
-0.0829757, -0.996524, -0.00741295
0.670906, -0.0503596, -0.73983
0.736885, -0.0663613, 0.672753

197
0.0124703, 0.0148119, 0.00585196
0.067432, -0.997634, -0.0134179
0.665546, 0.0549966, -0.744327
0.743304, 0.0412612, 0.66768

198
0.000126008, 0.00313671, 0.0104971
-0.24435, -0.969554, 0.0160365
0.871057, -0.226733, -0.435721
0.426091, -0.0924996, 0.899939

199
0.00885742, 0.0574438, -0.00174159
-0.8908, 0.452543, 0.0410011
0.0582662, 0.024272, 0.998006
0.450645, 0.891412, -0.0479894

200
0.00977908, 0.000681063, 0.00911567
-0.24435, -0.969554, 0.0160365
0.641694, -0.174076, -0.746945
0.726995, -0.172226, 0.664692

201
-0.000987914, -0.0204644, 0.00923589
-0.21519, -0.97568, 0.0417433
0.976035, -0.216293, -0.0239303
0.0323771, 0.0355934, 0.998842

202
-0.0231013, 0.00744797, 0.00275946
-0.264925, -0.964142, 0.015659
0.414685, -0.0992552, 0.904536
-0.870547, 0.246127, 0.42611

203
-0.0174131, 0.0109786, -0.0112998
0.0178391, -0.999811, -0.00775795
-0.338918, -0.0133466, 0.940721
-0.940647, -0.0141523, -0.339092

204
-0.011566, -0.0333134, -0.0164844
-0.694538, -0.718277, -0.0411819
-0.718334, 0.68912, 0.0954462
-0.0401775, 0.0958733, -0.994582

205
0.00905582, -0.0390437, -0.0149951
0.514505, -0.853548, -0.0821043
-0.857466, -0.512814, -0.0421217
-0.00615136, 0.0920734, -0.995733

206
0.0128619, 0.0194953, -0.0101773
-0.0250163, -0.999638, -0.00990539
-0.736886, 0.0251348, -0.67555
0.675555, -0.00960062, -0.737248

207
-0.0237501, -0.00340095, -0.0140595
-0.379867, -0.923871, 0.0465163
-0.327441, 0.181323, 0.927311
-0.86515, 0.337023, -0.371391

208
-0.015465, -0.0191148, -0.015615
-0.177106, -0.98278, 0.0527023
-0.653809, 0.15751, 0.740084
-0.735641, 0.0966159, -0.670446

209
-0.00666948, 0.0143403, 0.0065717
0.0596073, -0.998133, -0.0133338
0.940248, 0.0516546, 0.336549
-0.335232, -0.0325978, 0.941572

210
0.00308227, 0.0315619, -0.0453756
-0.795022, 0.604433, 0.0509938
0.602477, 0.796611, -0.0493294
-0.0704385, -0.0084954, -0.99748

211
0.0164008, -0.0187031, 0.0129832
-0.660511, 0.750759, -0.00925965
-0.575563, -0.498378, 0.648342
0.482134, 0.433566, 0.761293

212
-0.00455443, -0.0371328, 0.0135063
-0.660511, 0.750759, -0.00925965
-0.665692, -0.591284, -0.455233
-0.347246, -0.294523, 0.890324

213
0.0168893, 0.0471777, -0.0152107
-0.795022, 0.604433, 0.0509938
0.295635, 0.312698, 0.902674
0.52966, 0.732721, -0.427293

214
0.0167795, -0.0301532, -0.02021
-0.566736, 0.822364, 0.0502724
0.531685, 0.318437, 0.784798
0.629382, 0.471502, -0.617709

215
0.00667469, -0.0258321, -0.0250208
-0.690394, 0.723432, -0.00174777
0.642356, 0.614128, 0.458504
0.33277, 0.315426, -0.888691

216
-0.00456728, -0.0114766, -0.017799
-0.379867, -0.923871, 0.0465163
-0.843289, 0.366526, 0.393094
-0.380218, 0.110097, -0.918321

217
-0.0186932, 0.0162398, -0.000578119
-0.0726447, -0.997335, -0.00676234
0.429909, -0.0374307, 0.902096
-0.899945, 0.0626253, 0.431483

218
-0.00296095, 0.0230207, -0.0205345
-0.244989, -0.96952, 0.00336607
-0.878826, 0.223535, 0.421541
-0.409444, 0.100314, -0.906803

219
-0.0168454, 0.0144898, -0.0130106
-0.0174665, -0.999813, -0.00832854
-0.321725, -0.00226673, 0.946831
-0.946672, 0.0192174, -0.321625

220
-0.00817753, 0.0163518, -0.0406353
-0.795022, 0.604433, 0.0509938
0.52966, 0.732721, -0.427293
-0.295635, -0.312698, -0.902674

221
0.00412642, -0.0324972, 0.0132905
-0.363505, -0.931149, 0.0287229
0.842889, -0.341867, -0.415531
0.396741, -0.126837, 0.909125

222
-0.0035331, 0.0205658, 0.00687425
0.0781194, -0.996765, -0.0188733
0.995089, 0.0791144, -0.059487
0.0607877, -0.0141335, 0.998051

223
0.0199029, -0.0210091, -0.00729447
-0.379867, -0.923871, 0.0465163
-0.380218, 0.110097, -0.918321
0.843289, -0.366526, -0.393094

224
0.00597851, -0.0546238, -0.0163681
-0.46106, -0.883707, -0.0805356
-0.657102, 0.401002, -0.63829
0.596356, -0.24137, -0.765572

225
0.0215875, -0.0133179, 0.00561377
-0.582337, 0.812911, -0.00771429
-0.334419, -0.230894, 0.913702
0.740978, 0.534662, 0.406311

226
-0.00898109, -0.0130259, 0.0117283
-0.449711, -0.891865, 0.0483437
0.841313, -0.404803, 0.358227
-0.29992, 0.201771, 0.932382

227
-0.0236402, -0.00841972, -0.00992726
0.412261, -0.910786, -0.0225991
-0.288666, -0.154109, 0.944946
-0.864125, -0.38304, -0.326446

228
0.00516694, 0.00110102, 0.010587
-0.20749, -0.978133, 0.0142833
0.878025, -0.192652, -0.438129
0.4313, -0.0783663, 0.898799

229
-0.0137991, -0.0306834, -0.0246959
-0.694538, -0.718277, -0.0411819
-0.648279, 0.599975, 0.468791
-0.312014, 0.35229, -0.882349

230
-0.00455663, 0.0207063, 0.00941947
0.144725, -0.989291, -0.0189147
0.936362, 0.130753, 0.325775
-0.319814, -0.0648588, 0.945258

231
-0.0225355, -0.0530614, 0.0046673
-0.660511, 0.750759, -0.00925965
0.066064, 0.0458287, -0.996762
-0.747904, -0.658984, -0.0798686

232
0.00320329, -0.012168, -0.0181851
-0.574801, -0.817459, 0.0369328
-0.770415, 0.525406, -0.361122
0.275798, -0.236027, -0.931787

233
-0.00413564, 0.0344714, 0.00945197
-0.370946, -0.928654, -0.000553931
0.926515, -0.37005, -0.0680698
0.0630084, -0.0257634, 0.99768

234
-0.0178571, 0.0193533, -0.0146431
0.0535373, -0.998493, -0.0121011
-0.335152, -0.0293831, 0.941706
-0.940642, -0.0463607, -0.336219

235
-0.00360296, 0.0176824, 0.00992162
0.08733, -0.996029, -0.0173059
0.994578, 0.0881612, -0.0551646
0.0564712, -0.0123946, 0.998327

236
-0.00609285, 0.00183221, -0.0134846
-0.486864, -0.872904, 0.0316508
-0.872241, 0.487783, 0.0355485
-0.0464692, -0.0102998, -0.998867

237
-0.00132955, -0.0169442, 0.0146343
0.371661, -0.928179, 0.0187497
0.841218, 0.32816, -0.429724
0.392708, 0.175484, 0.902765

238
-0.0177469, 0.0109018, 0.0022082
0.01641, -0.999833, -0.00806107
0.741981, 0.00677298, 0.670387
-0.67022, -0.0169822, 0.741968

239
0.0103382, -0.0214431, 0.00960992
0.109769, -0.993361, 0.0344309
0.665176, 0.0476754, -0.745163
0.738574, 0.104698, 0.665993

240
0.00568246, -0.0397813, -0.0151245
-0.654323, 0.755939, 0.0204406
0.748887, 0.643991, 0.156349
0.105027, 0.11761, -0.98749

241
0.00292236, 0.0223131, -0.0189622
0.22015, -0.975288, -0.0186542
-0.916966, -0.200387, -0.34499
0.332727, 0.093055, -0.938421

242
-0.00538505, 0.0199091, 0.0116553
0.155039, -0.987604, -0.024527
0.935582, 0.138808, 0.324682
-0.317253, -0.0732853, 0.945505

243
0.0184502, 0.0336252, -0.00498322
0.462624, -0.88587, -0.034828
-0.0588168, 0.00852992, -0.998232
0.884601, 0.463855, -0.0481579

244
8.88667e-05, -0.0173203, 0.0168763
-0.449711, -0.891865, 0.0483437
0.806974, -0.428912, -0.405989
0.382822, -0.143566, 0.912598

245
-0.00263933, -0.0374046, -0.016569
-0.709856, 0.704256, -0.011278
0.679866, 0.680911, -0.272291
-0.184084, -0.200955, -0.962149

246
0.0086262, 0.0245956, 0.0103241
-0.140886, -0.989955, -0.0118582
0.664882, -0.0857349, -0.742012
0.733542, -0.112423, 0.670282

247
0.00867078, 0.0141393, 0.0103528
0.0504147, -0.998654, -0.0121934
0.671648, 0.0429373, -0.739625
0.739153, 0.0290983, 0.672908

248
0.022743, -0.0113346, 0.00778889
-0.566847, 0.823751, -0.0108592
-0.342741, -0.223822, 0.912377
0.749141, 0.5209, 0.409207

249
0.0042386, -0.0044722, 0.0138298
-0.350354, -0.936249, 0.0262668
0.842996, -0.327432, -0.426785
0.408178, -0.127383, 0.903971

250
0.00135239, 0.0108831, 0.00747933
0.0599145, -0.998154, -0.00989717
0.996956, 0.0603322, -0.049374
0.04988, -0.00690883, 0.998731

251
0.0138929, 0.0229926, 0.00935225
0.155039, -0.987604, -0.024527
0.651135, 0.120826, -0.749282
0.742958, 0.100197, 0.661797

252
-0.0132095, 0.0186228, -0.0164083
0.22015, -0.975288, -0.0186542
-0.658307, -0.162656, 0.734966
-0.719837, -0.149523, -0.677848

253
0.0145337, 0.019305, 0.00805655
0.08733, -0.996029, -0.0173059
0.663341, 0.0711037, -0.744931
0.743204, 0.0535751, 0.666917

254
-0.0104219, 0.0179174, 0.00763388
0.419038, -0.907384, -0.0325779
0.859956, 0.385111, 0.334911
-0.291346, -0.168356, 0.941687

255
0.0175962, 0.0199908, -0.00478365
0.000101076, -0.999921, -0.0125909
-0.0564072, 0.0125652, -0.998329
0.998408, 0.000811126, -0.0564015

256
-0.0187624, 0.0199329, -0.000484597
0.000101076, -0.999921, -0.0125909
0.434188, -0.0112983, 0.900752
-0.900822, -0.00555787, 0.434152

257
0.0131457, 0.0421619, 0.00547116
-0.0883292, -0.995703, -0.0278067
0.327365, -0.00265286, -0.944894
0.94076, -0.0925647, 0.326193

258
0.010076, -0.0471914, -0.0138276
-0.0764436, -0.991221, -0.107878
-0.723975, 0.129573, -0.677548
0.685578, 0.0263067, -0.727524

259
0.00578871, 0.045654, 0.0394328
-0.945545, 0.321636, 0.0499493
-0.322546, -0.946488, -0.0111496
0.0436903, -0.0266533, 0.99869

260
0.0116284, -0.0587778, -0.00313197
-0.46106, -0.883707, -0.0805356
-0.378868, 0.27811, -0.882674
0.802423, -0.376453, -0.463033

261
0.00279325, -0.0240249, 0.0106565
-0.492523, 0.870172, -0.0148845
-0.870182, -0.492665, -0.00801254
-0.0143053, 0.00900583, 0.999857

262
-0.00382298, -0.0070256, -0.0137169
-0.574801, -0.817459, 0.0369328
-0.817314, 0.575736, 0.0229459
-0.0400208, -0.0169963, -0.999054

263
0.00996663, -0.0015546, 0.00791552
-0.264925, -0.964142, 0.015659
0.645587, -0.189409, -0.739825
0.716263, -0.185889, 0.672617

264
-0.0173542, 0.0234979, -0.0113171
-0.0727046, -0.997336, -0.0059818
-0.341301, 0.019244, 0.939757
-0.937138, 0.0703663, -0.341791

265
0.0143292, 0.0138994, 0.000131264
-0.015239, -0.99984, -0.00934786
0.326692, 0.00385704, -0.945123
0.945008, -0.0174566, 0.326581

266
-0.00980539, 0.0142035, 0.00993054
0.113289, -0.993408, -0.0174767
0.940328, 0.101522, 0.324772
-0.320857, -0.053227, 0.945631

267
0.00162024, -0.0257869, 0.0140693
-0.566847, 0.823751, -0.0108592
-0.823278, -0.566902, -0.028906
-0.0299675, -0.00744513, 0.999523

268
-0.0172487, 0.0143778, 0.000440426
-0.015239, -0.99984, -0.00934786
0.437215, -0.015071, 0.899231
-0.899228, 0.00961633, 0.437375

269
-0.00858801, 0.0143997, -0.0195054
-0.0174665, -0.999813, -0.00832854
-0.659511, 0.00525998, 0.751677
-0.751492, 0.018622, -0.659479

270
0.0173043, -0.0150449, 0.0102241
-0.566847, 0.823751, -0.0108592
-0.603336, -0.406125, 0.68633
0.560955, 0.395596, 0.727209

271
0.0160259, 0.0145677, 0.00567959
0.0504147, -0.998654, -0.0121934
0.33766, 0.0285334, -0.940836
0.939917, 0.0433147, 0.338644

272
0.00880733, 0.013407, -0.0179828
-0.663799, -0.747356, 0.0288079
-0.707684, 0.615169, -0.347491
0.241978, -0.251051, -0.937241

273
-0.00894311, 0.0440398, 0.00839624
-0.0883292, -0.995703, -0.0278067
0.94076, -0.0925647, 0.326193
-0.327365, 0.00265286, 0.944894

274
-0.0134537, 0.056561, -0.00859906
-0.859575, -0.50825, 0.0530316
0.04185, 0.0334132, 0.998565
-0.509293, 0.860561, -0.00745089

275
0.00627891, 0.0427152, 0.00747424
-0.0883292, -0.995703, -0.0278067
0.8967, -0.067329, -0.437488
0.433736, -0.0635772, 0.898794

276
0.0138116, 0.0155363, 0.00859482
0.0596073, -0.998133, -0.0133338
0.335232, 0.0325978, -0.941572
0.940248, 0.0516546, 0.336549

277
-0.0241734, -0.00278361, -0.00525522
-0.379867, -0.923871, 0.0465163
0.0285629, 0.0385472, 0.998848
-0.9246, 0.380758, 0.0117456

278
-0.0173676, 0.0202631, -0.0113181
-0.0250163, -0.999638, -0.00990539
-0.342137, -0.000748863, 0.93965
-0.939317, 0.0268956, -0.341995

279
-0.003451, 0.0216642, 0.0131301
0.282009, -0.959051, -0.0263073
0.862676, 0.265479, -0.430477
0.419833, 0.0987039, 0.902218

280
0.010537, -0.0344612, 0.00708622
-0.242296, -0.969754, 0.0294822
0.665578, -0.188253, -0.722196
0.705903, -0.155363, 0.69106

281
-0.0256313, -0.0388137, -0.00888723
-0.46106, -0.883707, -0.0805356
-0.299499, 0.0695395, 0.951559
-0.835299, 0.462846, -0.296731

282
-0.00749104, 0.00500633, 0.00747103
-0.24435, -0.969554, 0.0160365
0.967809, -0.244872, -0.0581615
0.0603176, 0.00130849, 0.998178

283
-0.00157802, -0.0168953, 0.0092098
-0.449711, -0.891865, 0.0483437
0.892047, -0.451204, -0.0258486
0.0448663, 0.0315004, 0.998496

284
0.0140103, -0.0186379, 0.0169882
-0.582337, 0.812911, -0.00771429
-0.592523, -0.417924, 0.688662
0.556597, 0.405604, 0.725041

285
-0.0150306, 0.0141389, -0.0126287
0.064059, -0.997853, -0.0136304
-0.673199, -0.0532918, 0.737539
-0.736682, -0.03807, -0.675167

286
-0.0258443, -0.00950539, -0.00638043
0.412261, -0.910786, -0.0225991
0.0639938, 0.00420472, 0.997941
-0.908816, -0.412858, 0.0600181

287
0.0132683, 0.0155748, 0.00605522
0.09838, -0.995029, -0.0154611
0.658, 0.0766973, -0.749102
0.746564, 0.0635232, 0.662275

288
-0.00749104, 0.00500633, 0.00747103
-0.24435, -0.969554, 0.0160365
0.967809, -0.244872, -0.0581615
0.0603176, 0.00130849, 0.998178

289
-0.0178807, 0.0100275, -0.0116043
0.072026, -0.997354, -0.00985566
-0.332327, -0.0333141, 0.942576
-0.94041, -0.0646147, -0.333847

290
0.00327894, -0.0145918, -0.0155961
-0.379867, -0.923871, 0.0465163
-0.9246, 0.380758, 0.0117456
-0.0285629, -0.0385472, -0.998848

291
0.0138823, 0.0220172, 0.00230772
0.0781194, -0.996765, -0.0188733
0.324644, 0.0433334, -0.944843
0.942605, 0.0676835, 0.326979

292
-0.00603228, -0.0101678, 0.0147332
-0.496427, -0.866819, 0.0467462
0.817926, -0.449029, 0.35968
-0.290787, 0.21679, 0.931904

293
0.0160661, 0.0382951, 0.00564868
0.0521398, -0.998163, -0.0308559
0.335207, 0.0465983, -0.940992
0.940701, 0.03872, 0.33702

294
-0.00121693, 0.042343, -0.0539473
-0.8908, 0.452543, 0.0410011
0.43864, 0.832846, 0.337584
0.118624, 0.318704, -0.940402

295
0.00639423, 0.0581758, -0.00626668
-0.970245, 0.235005, 0.058289
0.0690868, 0.0379715, 0.996888
0.23206, 0.971252, -0.0530774

296
-0.0189115, 0.0108953, 0.000643072
0.01641, -0.999833, -0.00806107
0.429019, -0.000241387, 0.903296
-0.903147, -0.0182814, 0.428943

297
-0.0303473, -0.0153456, -0.0131231
-0.694538, -0.718277, -0.0411819
-0.237775, 0.17514, 0.9554
-0.679029, 0.673353, -0.292429

298
0.019359, 0.033512, 0.00996784
0.462624, -0.88587, -0.034828
0.284183, 0.18539, -0.940676
0.839773, 0.425282, 0.337515

299
-0.0022287, 0.0173839, -0.016441
-0.0258284, -0.999622, -0.00941667
-0.896818, 0.0190085, 0.441991
