0
0.0566271, -0.0395763, -0.00271775
-0.998327, -0.0336306, -0.0470404
-0.0577763, 0.613763, 0.787373
0.00239179, 0.788773, -0.614679

1
0.0475482, -0.0637667, 0.0321299
0.530256, 0.844631, 0.0736654
-0.108904, -0.0183128, 0.993884
0.840814, -0.535035, 0.0822736

2
-0.0256523, -0.0340566, -0.0405728
-0.0613723, -0.998075, -0.00889273
-0.0511389, 0.0120421, -0.998619
0.996804, -0.0608328, -0.0517795

3
-0.0774447, 0.0142038, 0.0115088
0.78111, -0.624226, -0.0144521
0.58471, 0.723152, 0.367648
-0.219044, -0.295624, 0.929853

4
-0.0610463, 0.0934397, 0.0221687
0.999886, 0.012889, 0.00789894
-0.0102872, 0.963028, -0.269206
-0.0110767, 0.269094, 0.96305

5
0.0575204, 0.0204719, -0.00247621
0.0150709, 0.999883, 0.00263532
-0.65005, 0.0118005, -0.7598
-0.759742, 0.00973775, 0.650151

6
0.08622, -0.0382915, -0.0485019
-0.00280396, -0.999589, 0.028532
-0.930709, 0.0130442, 0.365527
-0.365749, -0.02553, -0.930363

7
0.00439901, -0.0412583, -0.00770768
-0.998042, -0.00409252, -0.0624108
-0.049807, 0.655558, 0.753501
0.0378302, 0.755134, -0.654478

8
-0.0834615, -0.0224661, 0.0267174
0.00864032, -0.999898, -0.0113709
0.0341225, -0.0110699, 0.999356
-0.99938, -0.00902277, 0.0340234

9
-0.00726589, -0.0085726, 0.0311102
-0.986918, -0.129166, -0.0964778
-0.087409, -0.07414, 0.99341
-0.135468, 0.988847, 0.0618799

10
0.0684993, 0.00484975, -0.0110615
0.0103996, -0.99994, -0.00346045
-0.841495, -0.010621, 0.54016
-0.540165, -0.00270549, -0.841555

11
-0.0387348, 0.0393568, -0.0218967
0.0375951, 0.999174, 0.0153988
0.937906, -0.0299637, -0.345594
-0.344847, 0.0274353, -0.938258

12
-0.0317824, -0.0007037, -0.0403516
0.00643162, -0.999978, 0.00157349
-0.107344, -0.00225484, -0.994219
0.994201, 0.00622554, -0.107356

13
0.0447583, -0.0427246, -0.0192497
-0.964926, -0.26248, 0.0045756
0.094255, -0.362661, -0.927142
0.245016, -0.894193, 0.374681

14
0.0583129, 0.0442864, -0.00157015
0.049385, 0.997721, 0.0459745
-0.666473, 0.0672027, -0.742495
-0.743892, 0.00602733, 0.668273

15
0.0470765, 0.0603527, -0.00590383
-0.736173, 0.672793, -0.0734732
0.419147, 0.538463, 0.731009
0.53138, 0.507353, -0.678401

16
-0.0286411, -0.0161447, -0.0388338
-0.00336053, -0.999946, -0.00981696
-0.0769715, 0.0100465, -0.996983
0.997028, -0.00259476, -0.0770011

17
0.0278045, 0.0162051, -0.0429516
0.0440497, 0.999013, 0.0057239
0.099513, 0.00131326, -0.995035
-0.994061, 0.0444006, -0.0993569

18
-0.0181192, 0.0193235, 0.0120104
-0.928243, 0.371786, 0.0118503
-0.3719, -0.928224, -0.0095049
0.00746597, -0.01323, 0.999885

19
-0.116193, -0.0587734, 0.0117971
0.0148187, -0.981206, 0.192392
0.890873, 0.100324, 0.443035
-0.45401, 0.164832, 0.875617

20
0.0571764, 0.0568298, 0.0311665
-0.673519, 0.736042, -0.0679316
-0.092358, 0.00738354, 0.995698
0.733377, 0.676896, 0.0630064

21
-0.0309691, 0.0866749, -0.00219353
-0.995086, -0.0979892, -0.0142227
-0.0146764, 0.00391122, 0.999885
-0.0979222, 0.99518, -0.00533013

22
0.0320134, 0.0291258, -0.00744924
0.999818, -0.0141774, 0.012751
-0.0163067, -0.289131, 0.957151
-0.00988316, -0.957185, -0.289309

23
-0.0725703, -0.0362707, -0.0101693
0.999768, -0.00724625, -0.0202738
-0.0214736, -0.403649, -0.914662
-0.00155562, 0.914885, -0.403711

24
0.0353089, -0.0328505, -0.00508386
0.999975, 0.00498468, 0.0051049
0.00592681, -0.181977, -0.983285
-0.00397239, 0.98329, -0.182001

25
0.0199587, 0.0247028, -0.0193561
-0.941611, -0.336678, 0.00418329
0.129088, -0.3495, 0.928001
-0.310975, 0.874356, 0.372554

26
-0.0302912, 0.0358227, -0.012598
0.999992, 0.00209984, 0.0034493
-0.000306127, -0.812292, 0.58325
0.00402657, -0.583247, -0.812285

27
-0.0344297, 0.000381389, -0.0140166
0.106248, 0.993953, 0.0277399
0.778375, -0.0657795, -0.624344
-0.618743, 0.0879273, -0.780657

28
-0.0384686, 0.0323803, -0.0448071
0.010287, -0.999885, 0.0111015
-0.196355, -0.0129059, -0.980448
0.980479, 0.00790601, -0.196466

29
-0.0614052, 0.0519029, -0.00259709
-0.013063, -0.994719, -0.101796
0.712308, 0.0621902, -0.699107
0.701746, -0.0816428, 0.707734

30
0.0245777, -0.0132645, 0.0336535
0.00415607, -0.999864, -0.0159325
0.0528175, -0.0156909, 0.998481
-0.998596, -0.00499127, 0.0527451

31
-0.0586826, -0.0506797, -0.00313033
-0.0254344, 0.999543, 0.0163561
0.0833299, -0.0141846, 0.996421
0.996197, 0.0267063, -0.082931

32
-0.0212538, -0.0654494, -0.0359987
-0.688529, -0.725051, 0.0151141
-0.0251267, 0.00302218, -0.99968
0.724773, -0.688688, -0.020299

33
0.082592, -0.0563889, -0.0200314
-0.205553, -0.968276, -0.142089
-0.902568, 0.13144, 0.409993
-0.37831, 0.212521, -0.900953

34
-0.0954006, -0.00698814, -0.0134272
0.0419021, -0.998875, -0.0222014
-0.887881, -0.0474173, 0.457623
-0.458161, 0.000536836, -0.888869

35
0.00989037, -0.0492154, -0.03549
-0.663947, -0.747726, 0.00897578
-0.0135301, 1.11548e-05, -0.999908
0.747657, -0.664008, -0.0101242

36
0.0372545, -0.0357822, -0.0358155
-0.995448, -0.0950631, 0.00682039
-0.00836989, 0.0159106, -0.999838
0.0949392, -0.995344, -0.0166338

37
-0.0602292, 0.0406478, 0.00487909
0.999886, 0.012889, 0.00789894
-0.0141703, 0.617145, 0.786722
0.00526529, -0.786744, 0.617257

38
0.031, -0.0326903, -0.0447809
-0.0301476, 0.999189, -0.0266986
0.136726, -0.0223373, -0.990357
-0.99015, -0.0335073, -0.135942

39
-0.000306369, -0.0518414, -0.0358053
-0.536419, -0.843882, 0.0108313
-0.0196759, -0.000325523, -0.999806
0.843723, -0.536528, -0.0164295

40
-0.0656181, -0.0288523, 0.0147277
-0.00142203, -0.999543, -0.0301815
0.514501, 0.025149, -0.857121
0.857489, -0.0167473, 0.51423

41
-0.0304502, 0.106283, -0.00412762
0.999992, 0.00183609, 0.00350339
0.00386387, -0.642875, -0.765962
0.000845861, 0.765969, -0.642877

42
-0.0668154, -0.0333633, -0.00751249
0.999901, 0.00339308, -0.0136912
-0.0125396, -0.23064, -0.972958
-0.00645905, 0.973033, -0.230574

43
0.0351598, -0.0149918, -0.0448127
0.999862, 0.00977793, 0.0134024
0.0150627, -0.196458, -0.980397
-0.00695325, 0.980464, -0.196578

44
0.0459031, -0.00944933, 0.0305427
0.106248, 0.993953, 0.0277399
-0.112877, -0.0156609, 0.993486
0.987912, -0.108687, 0.11053

45
0.0633023, 0.0411886, 0.00627022
0.0161318, 0.999788, 0.0127966
-0.644891, 0.0201842, -0.764008
-0.764104, 0.00407239, 0.64508

46
0.0758379, 0.0360505, -0.00557531
-0.995556, 0.0766936, -0.0546537
0.012118, -0.471193, -0.881947
-0.0933922, -0.87869, 0.468169

47
0.0591496, 0.0609542, 0.0306228
-0.696021, 0.714619, -0.0698202
-0.0860859, 0.0134857, 0.996196
0.712843, 0.699384, 0.0521323

48
-0.112202, -0.0236296, 0.00206814
0.0523272, -0.998341, -0.0240081
0.098652, -0.0187557, 0.994945
-0.993745, -0.0544311, 0.0975069

49
-0.108927, -0.02929, -0.000846589
-0.0613723, -0.998075, -0.00889273
0.741008, -0.0515303, 0.669517
-0.668686, 0.0345002, 0.742744

50
-0.0978485, 0.03134, 0.0324694
0.131905, -0.991117, -0.0170022
0.0905319, -0.00503527, 0.995881
-0.98712, -0.132901, 0.0890635

51
0.0113979, 0.0363958, 0.00377324
0.999997, -0.00230136, 0.000951417
0.00118279, 0.77514, 0.631788
-0.00219145, -0.631785, 0.77514

52
-0.0303642, -0.00755809, -0.0366055
-0.9714, 0.237204, 0.0108212
-0.00281259, 0.0340752, -0.999415
-0.237434, -0.970862, -0.0324335

53
-0.0689165, 0.0142186, 0.00510646
-0.000283006, -0.999974, 0.0071539
0.681821, -0.00542617, -0.731499
0.731519, 0.00467066, 0.681805

54
-0.0697918, -0.0373339, 0.00245528
-0.999729, 0.00474564, -0.0227831
-0.0224892, -0.448796, 0.893351
-0.00598545, 0.893622, 0.448781

55
0.0354374, -0.0400749, -0.0232055
0.999975, 0.00498468, 0.0051049
0.00699583, -0.544413, -0.838788
-0.00140192, 0.838802, -0.544434

56
-0.0303302, 0.0236319, 0.00493431
0.999992, 0.00183609, 0.00350339
-0.00226011, -0.461646, 0.887061
0.00324605, -0.887062, -0.461638

57
-0.101133, -0.0265328, -0.060417
-0.00142203, -0.999543, -0.0301815
-0.989107, 0.00584834, -0.147081
0.14719, 0.0296436, -0.988664

58
0.0570911, -0.00381217, 0.000309814
-0.0035164, 0.999951, -0.00927471
-0.705875, -0.00905167, -0.708279
-0.708328, 0.0040562, 0.705872

59
0.00978127, -0.0342227, -0.00762195
-0.997887, 0.00680252, -0.0646227
-0.0597778, 0.293791, 0.953999
0.0254752, 0.955846, -0.292763

60
0.121552, -0.0261581, -0.0143912
-0.0292389, 0.999283, -0.0240623
-0.472406, 0.00739998, 0.88135
0.880896, 0.0371368, 0.471851

61
-0.0458851, 0.0327208, -0.00726583
0.010287, -0.999885, 0.0111015
0.554459, -0.00353543, -0.832204
0.832147, 0.0147162, 0.554359

62
0.0431894, -0.00872476, 0.0303813
0.0322971, 0.99929, 0.0193815
-0.107888, -0.0157927, 0.994038
0.993638, -0.0341956, 0.107301

63
-0.0739585, 0.0270091, -0.00476192
-0.996969, -0.0309176, -0.071387
0.0714899, -0.0022338, -0.997439
0.0306789, -0.999519, 0.00443732

64
0.0208431, -0.00135625, 0.0120139
-0.984997, -0.172485, 0.00543321
0.17244, -0.984988, -0.00788059
0.00671093, -0.00682546, 0.999954

65
0.0551049, -0.0367575, -0.0032821
0.00398526, 0.999961, -0.00786163
-0.154068, -0.00715384, -0.988034
-0.988052, 0.0051488, 0.154034

66
0.110681, -0.0290406, 0.00183689
-0.0301476, 0.999189, -0.0266986
-0.796822, -0.00789837, 0.604163
0.603462, 0.0394881, 0.796413

67
-0.0162089, -0.00827221, -0.0399981
0.999897, 0.0142143, -0.00185185
-0.000416824, -0.100303, -0.994957
-0.0143283, 0.994855, -0.100286

68
0.0330717, 0.0720262, -0.0427341
0.999818, -0.0141774, 0.012751
-0.0153712, -0.994969, 0.0989989
0.0112833, -0.0991769, -0.995006

69
0.0665509, 0.0459045, -0.0133407
0.99959, -0.00451927, 0.028287
-0.0196244, -0.827389, 0.561286
0.0208678, -0.561611, -0.827138

70
0.0512412, 0.032383, -0.00375395
-0.999372, 0.00917796, -0.0342311
0.0322595, 0.635506, -0.771421
0.014674, -0.772041, -0.635403

71
-0.0607969, -0.0284088, -0.00957514
-0.00365358, -0.99994, -0.0102852
0.448227, 0.00755659, -0.893888
0.893912, -0.00787597, 0.448173

72
0.0523427, -0.0660923, -0.037437
-0.941611, -0.336678, 0.00418329
-0.000257074, -0.0117054, -0.999931
0.336704, -0.941547, 0.0109353

73
0.0729216, -0.0122888, -0.0148449
0.0044133, -0.999865, -0.0158164
-0.977321, -0.0076614, 0.211626
-0.211718, 0.0145237, -0.977223

74
-0.0420408, 0.0209968, -0.0339968
0.999932, 0.00888548, -0.00760478
0.00742759, 0.0198067, 0.999776
0.00903411, -0.999764, 0.0197393

75
0.067472, -0.0137652, -0.0367702
-0.975635, -0.2194, -0.000878152
-0.00698249, 0.0350499, -0.999361
0.21929, -0.975005, -0.0357279

76
0.00351225, 0.0334644, -0.00258754
-0.896456, 0.442987, 0.011373
-0.306441, -0.638264, 0.706196
0.320095, 0.629588, 0.707925

77
-0.00902208, 0.000403512, 0.00722866
-0.736173, 0.672793, -0.0734732
0.330531, 0.262672, -0.906506
-0.590592, -0.69163, -0.415751

78
0.0234653, 0.0358474, -0.0023246
-0.964926, -0.26248, 0.0045756
0.190296, -0.687342, 0.700962
-0.180844, 0.677248, 0.713184

79
-0.0268664, -0.00767549, -0.0366539
-0.97378, 0.227251, 0.0104859
-0.0026144, 0.034911, -0.999387
-0.227478, -0.97321, -0.0334015

80
-0.0670308, -0.0414798, -0.0252517
0.999901, 0.00339308, -0.0136912
-0.00911331, -0.585447, -0.810659
-0.0107661, 0.810704, -0.585358

81
0.0456638, 0.0207465, -0.0388605
0.0150709, 0.999883, 0.00263532
0.0775644, 0.00145859, -0.996986
-0.996873, 0.0152298, -0.0775333

82
0.0366934, 0.048566, -0.0166602
-0.999076, 0.0214076, -0.0372621
0.0358359, 0.893587, -0.447458
0.023718, -0.44838, -0.893528

83
0.0462755, 0.00956225, -0.0454585
-0.999679, 0.0234742, 0.00956213
-0.00594248, 0.149682, -0.988716
-0.0246406, -0.988455, -0.149495

84
0.0511094, -0.0968369, -0.00181623
-0.996875, -0.0788066, -0.00536855
0.0104328, -0.0639913, -0.997896
0.0782972, -0.994834, 0.0646135

85
-0.00302094, -0.0100729, 0.012014
0.999755, -0.020019, -0.00945244
0.020029, 0.999799, 0.000968671
0.00943115, -0.00115776, 0.999955

86
-0.0194763, 0.038679, -0.0249383
0.0375951, 0.999174, 0.0153988
0.998479, -0.0381819, 0.0397687
0.0403238, 0.0138803, -0.99909

87
0.0544538, 0.00465682, 0.00247697
0.0103996, -0.99994, -0.00346045
-0.570728, -0.0087772, 0.821092
-0.821073, -0.00656403, -0.570785

88
-0.00249104, 0.039975, -0.0379353
0.999755, -0.020019, -0.00945244
-0.00943115, 0.00115776, -0.999955
0.020029, 0.999799, 0.000968671

89
0.0526341, 0.0520218, 0.0118643
-0.975635, -0.2194, -0.000878152
0.20527, -0.9142, 0.349431
-0.0774679, 0.340736, 0.936962

90
0.0538872, -0.027645, 0.0060837
-0.0292389, 0.999283, -0.0240623
-0.880896, -0.0371368, -0.471851
-0.472406, 0.00739998, 0.88135

91
0.0645486, -0.075657, 0.032346
0.708724, 0.700038, 0.0874998
-0.0809914, -0.0424727, 0.995809
0.700821, -0.712841, 0.0265957

92
-0.0602054, 0.0172538, 0.00479834
-0.0149081, -0.999725, 0.0181054
0.795521, -0.0228288, -0.605496
0.605743, 0.00537643, 0.795642

93
-0.00365545, 0.0858833, -0.00374276
-0.99164, 0.108468, -0.0698961
-0.0635403, 0.0609894, 0.996114
0.112309, 0.992227, -0.0535874

94
-0.110646, -0.00789747, -0.00128793
0.0419021, -0.998875, -0.0222014
-0.644964, -0.0440133, 0.762944
-0.763063, -0.0176498, -0.646083

95
0.0667619, -0.0546828, -0.0087575
-0.205553, -0.968276, -0.142089
-0.689091, 0.0401064, 0.723564
-0.694911, 0.246643, -0.675474

96
0.0764252, 0.030379, -0.0242325
-0.995556, 0.0766936, -0.0546537
0.0469352, -0.0990656, -0.993973
-0.0816457, -0.992121, 0.0950257

97
-0.042547, -0.000715151, -0.00362842
0.00643162, -0.999978, 0.00157349
0.627103, 0.00280771, -0.778931
0.77891, 0.00599653, 0.627107

98
0.0541137, 0.0719602, 0.0298762
-0.736173, 0.672793, -0.0734732
-0.0793611, 0.021998, 0.996603
0.672124, 0.739503, 0.0371993

99
-0.0787262, -0.0292698, 0.0291709
-0.00142203, -0.999543, -0.0301815
0.803484, 0.0168258, -0.595089
0.595325, -0.0250966, 0.803093

100
-0.00314111, -0.0497931, -0.0166123
-0.536419, -0.843882, 0.0108313
0.3047, -0.205621, -0.929988
0.787028, -0.495563, 0.36743

101
-0.0626235, 0.0502805, -0.00388904
-0.283134, -0.95223, 0.114427
0.279732, -0.196112, -0.939835
0.91738, -0.234091, 0.321895

102
0.091175, -0.0121946, -0.0161168
0.00415607, -0.999864, -0.0159325
-0.942794, 0.00139333, -0.333372
0.333349, 0.0164066, -0.942661

103
0.0868667, -0.030162, -0.0176023
0.0306126, -0.999222, -0.0248612
-0.972039, -0.0355549, 0.232113
-0.232816, 0.0170605, -0.972371

104
0.113933, -0.000509238, -0.0270847
0.0110506, -0.999906, -0.00817765
-0.982007, -0.00931022, -0.188613
0.188519, 0.0101148, -0.982018

105
-0.0588035, 0.00525558, 0.00791146
-0.00281927, -0.999964, 0.00799555
0.857917, -0.00652662, -0.513746
0.51378, 0.00541113, 0.857905

106
-0.0302978, 0.0529443, -0.0196675
0.999992, 0.00183609, 0.00350339
0.000697165, -0.953681, 0.30082
0.00389345, -0.300815, -0.953675

107
0.0924208, -0.00355154, 0.015014
-0.0035164, 0.999951, -0.00927471
-0.999992, -0.00353233, -0.00170183
-0.00173451, 0.00926866, 0.999956

108
-0.0683183, -0.0271737, -0.0407382
-0.00142203, -0.999543, -0.0301815
-0.595325, 0.0250966, -0.803093
0.803484, 0.0168258, -0.595089

109
-0.0234982, 0.0326035, -0.00399016
0.999798, 0.0189384, 0.00667437
0.00278973, -0.460167, 0.887828
0.0198854, -0.88763, -0.460128

110
0.0473105, 0.0331573, 0.0048285
-0.999679, 0.0234742, 0.00956213
-0.025039, -0.855933, -0.51648
-0.0039394, -0.516554, 0.856246

111
-0.0443434, 0.0051101, -0.00518386
-0.00281927, -0.999964, 0.00799555
0.595997, -0.00810056, -0.802946
0.802982, 0.00250161, 0.595999

112
0.0346787, -0.0361795, 0.00654328
0.999862, 0.00977793, 0.0134024
-0.000659732, 0.830649, -0.556796
-0.016577, 0.55671, 0.830541

113
0.102015, 0.0739229, 0.0177989
-0.603849, 0.791858, 0.0912544
-0.794006, -0.607627, 0.0185722
0.0701552, -0.0612417, 0.995654

114
0.0577235, -0.0543222, -0.015444
-0.998327, -0.0336306, -0.0470404
-0.052463, 0.868894, 0.49221
0.0243197, 0.493855, -0.869204

115
0.0462999, 0.00444263, 0.0398659
0.0103996, -0.99994, -0.00346045
0.177021, -0.00156495, 0.984206
-0.984152, -0.0108479, 0.176994

116
0.0152347, 0.0371258, -0.00890092
0.0375951, 0.999174, 0.0153988
0.677518, -0.0368135, 0.734584
0.734545, -0.0171838, -0.678343

117
-0.0616812, -0.0544911, -0.0027709
0.085686, -0.995896, -0.0291435
0.340791, 0.056783, -0.938423
0.936226, 0.0704779, 0.344258

118
0.0485237, -0.0650943, 0.0123493
-0.996875, -0.0788066, -0.00536855
0.0763296, -0.943595, -0.322183
0.0203244, -0.321586, 0.946662

119
-0.0701997, -0.0179771, 0.0115838
-0.688529, -0.725051, 0.0151141
0.679219, -0.637421, 0.363807
-0.254145, 0.260757, 0.931352

120
-0.0609019, -0.0544079, -0.0117424
-0.00405213, 0.986947, 0.160995
0.806066, -0.0920566, 0.584622
0.591812, 0.132142, -0.795171

121
-0.0303006, 0.0535851, -0.0206665
0.999992, 0.00209984, 0.0034493
0.00125808, -0.973659, 0.228005
0.00383722, -0.227999, -0.973654

122
0.0779746, 0.0310651, -0.0015775
-0.982493, -0.00192849, 0.18629
-0.149875, 0.602127, -0.784207
-0.110658, -0.798398, -0.591874

123
0.00551862, -0.0673254, 0.0547162
-0.997887, 0.00680252, -0.0646227
-0.0254752, -0.955846, 0.292763
-0.0597778, 0.293791, 0.953999

124
-0.0597372, 0.0364229, -0.0505149
0.999886, 0.012889, 0.00789894
-0.000558243, -0.490685, 0.871337
0.0151066, -0.871242, -0.490622

125
0.0347107, -0.00579503, 0.0108845
-0.995448, -0.0950631, 0.00682039
0.0845094, -0.913489, -0.397989
0.0440644, -0.395601, 0.917365

126
-0.0522224, 0.0154411, -0.0379363
0.869045, 0.494569, -0.0126999
-0.0115077, -0.00545557, -0.999919
-0.494599, 0.869121, 0.000950228

127
-0.00423726, -0.0562218, -0.0188952
0.999755, -0.020019, -0.00945244
0.016378, 0.381537, 0.924209
-0.0148953, -0.924137, 0.381771

128
0.12363, -0.0290397, -0.0127544
-0.0301476, 0.999189, -0.0266986
-0.505232, 0.00781429, 0.862948
0.862457, 0.0395048, 0.504587

129
0.0618134, -0.0366402, 0.0150369
0.00398526, 0.999961, -0.00786163
-0.520452, -0.00463892, -0.853879
-0.853882, 0.00749453, 0.520413

130
-0.0200096, -0.0183708, -0.0119691
0.999308, -0.00647825, 0.0366186
0.0224339, -0.680323, -0.732569
0.0296582, 0.732884, -0.679707

131
0.0716585, -0.0396562, -0.0188706
-0.118549, 0.990729, 0.066345
0.992944, 0.118081, 0.0109561
0.00302048, 0.0671756, -0.997737

132
-0.026816, -0.0160155, 0.0150116
-0.663947, -0.747726, 0.00897578
0.747657, -0.664008, -0.0101242
0.0135301, -1.11548e-05, 0.999908

133
0.0499069, -0.0819252, 0.0025816
-0.996875, -0.0788066, -0.00536855
0.0627416, -0.748703, -0.65993
0.0479874, -0.658205, 0.751308

134
0.0425079, -0.00419159, -0.0350689
-0.0035164, 0.999951, -0.00927471
0.00173451, -0.00926866, -0.999956
-0.999992, -0.00353233, -0.00170183

135
-0.0704433, 0.0283183, -0.0337347
0.11796, 0.792402, -0.598486
0.703354, 0.358777, 0.613654
0.700984, -0.493334, -0.515018

136
-0.0304576, 0.020301, 0.0430572
0.999992, 0.00183609, 0.00350339
-0.00389345, 0.300815, 0.953675
0.000697165, -0.953681, 0.30082

137
-0.0785438, 0.0425834, -0.0109069
-0.953106, -0.23356, -0.192453
-0.0469376, 0.74231, -0.66841
0.298974, -0.628032, -0.718463

138
0.0582619, -0.0547006, 0.00120923
-0.0278267, 0.991099, -0.130187
-0.666581, -0.115451, -0.736438
-0.744913, 0.0662878, 0.66386

139
-0.0700323, -0.0219426, -0.00911346
0.00864032, -0.999898, -0.0113709
-0.68254, -0.0142077, 0.73071
-0.730797, 0.00144754, -0.682593

140
-0.00267359, 0.00906187, 0.00822664
0.999755, -0.020019, -0.00945244
0.0148953, 0.924137, -0.381771
0.016378, 0.381537, 0.924209

141
-0.0425493, 0.107032, -0.000334247
0.999932, 0.00888548, -0.00760478
-0.0116402, 0.692935, -0.720906
-0.00113598, 0.720946, 0.692991

142
0.0456436, 0.0465741, -0.0376079
0.049385, 0.997721, 0.0459745
0.0547439, 0.0432576, -0.997563
-0.997278, 0.0517815, -0.0524828

143
-0.00796391, 0.0741717, -0.0179467
-0.986984, 0.160585, 0.00869903
-0.0564913, -0.396835, 0.91615
0.150572, 0.903734, 0.400741

144
0.0327346, 0.0533657, -0.0370528
0.999818, -0.0141774, 0.012751
-0.0185191, -0.881278, 0.472235
0.00454216, -0.472386, -0.88138

145
0.066096, 0.0322106, 0.000547152
0.99959, -0.00451927, 0.028287
-0.0261163, -0.549489, 0.835093
0.0117694, -0.835489, -0.549381

146
0.0237653, -0.104721, -0.0336626
-0.997842, -0.0656145, -0.00246467
0.00812089, -0.0860774, -0.996255
0.0651566, -0.994125, 0.0864245

147
-0.0419333, -0.062739, 0.0398073
-0.00405213, 0.986947, 0.160995
-0.238294, -0.157312, 0.958368
0.971185, -0.0344808, 0.235821

148
-0.0205235, -0.0154523, 0.00818378
-0.896456, 0.442987, 0.011373
-0.412999, -0.825917, -0.383788
-0.16062, -0.348746, 0.923351

149
-0.0110191, 0.0579939, 0.011821
-0.97378, 0.227251, 0.0104859
-0.209162, -0.912489, 0.35159
0.0894675, 0.340178, 0.936095

150
0.0117949, -0.0244572, 0.0120123
-0.964232, -0.264924, 0.00849913
0.264998, -0.964205, 0.00923428
0.00574852, 0.0111562, 0.999921

151
0.0247574, -0.0732252, -0.0375221
-0.964232, -0.264924, 0.00849913
-0.00574852, -0.0111562, -0.999921
0.264998, -0.964205, 0.00923428

152
-0.0304013, 0.0913481, -0.0144688
0.999992, 0.00209984, 0.0034493
0.00360292, -0.8497, -0.527253
0.00182373, 0.527262, -0.849701

153
-0.0968659, 0.0508998, 0.0117555
-0.013063, -0.994719, -0.101796
0.999887, -0.0137551, 0.00610018
-0.00746819, -0.101705, 0.994787

154
0.0373344, -0.0126367, -0.00242059
0.00415607, -0.999864, -0.0159325
-0.668766, -0.0146245, 0.743329
-0.743461, 0.00756581, -0.668736

155
0.072151, -0.00324444, 0.00815925
0.573383, 0.819272, 0.00499031
-0.757195, 0.527591, 0.385101
0.31287, -0.224589, 0.922861

156
-0.0930641, -0.0221901, -0.0160785
0.0523272, -0.998341, -0.0240081
-0.880348, -0.0574653, 0.470834
-0.471432, -0.00350186, -0.881895

157
-0.0584531, -0.0394591, 0.00132522
-0.273701, 0.0930374, 0.957304
0.808621, -0.516666, 0.281404
0.520788, 0.851117, 0.0661801

158
-0.0304296, 0.0163021, 0.0394165
0.999992, 0.00209984, 0.0034493
-0.00383722, 0.227999, 0.973654
0.00125808, -0.973659, 0.228005

159
0.0355204, -0.0184297, 0.0120128
-0.941611, -0.336678, 0.00418329
0.336704, -0.941547, 0.0109353
0.000257074, 0.0117054, 0.999931

160
-0.102982, 0.0321, -0.0249812
-0.00482101, 0.999986, 0.00234591
0.99994, 0.00484375, -0.00978594
-0.00979716, 0.0022986, -0.999949

161
-0.0138195, 0.0579876, 0.0118038
-0.9714, 0.237204, 0.0108212
-0.218284, -0.91, 0.352495
0.0934604, 0.340051, 0.935751

162
0.0293182, 0.0239883, -0.0355228
0.999991, -0.00376384, -0.00203845
0.00199774, -0.0107889, 0.99994
-0.00378561, -0.999935, -0.0107813

163
0.00738739, -0.0903548, -0.00929391
-0.986918, -0.129166, -0.0964778
-0.0339828, 0.751646, -0.658691
0.157598, -0.646796, -0.746202

164
-0.0701993, -0.0493224, 0.0178407
-0.999729, 0.00474564, -0.0227831
-0.0184868, -0.756608, 0.653608
-0.0141361, 0.653852, 0.756491

165
-0.0564887, 0.0322528, 0.00543096
-0.00482101, 0.999986, 0.00234591
0.391712, -0.000270002, 0.920088
0.920075, 0.00535468, -0.391705

166
0.105858, 0.00947997, 0.0339105
-0.149665, 0.988701, -0.00838374
-0.058488, -0.000388594, 0.998288
0.987005, 0.149899, 0.0578853

167
0.0347291, -0.0224045, -0.00727161
0.999862, 0.00977793, 0.0134024
0.00573422, 0.554376, -0.832247
-0.0155676, 0.832209, 0.554243

168
-0.0411733, -0.00331026, 0.0113997
-0.663947, -0.747726, 0.00897578
0.695923, -0.613467, 0.373295
-0.273616, 0.254094, 0.927669

169
-0.0541911, -0.0216763, -0.020497
0.00864032, -0.999898, -0.0113709
-0.910249, -0.0125722, 0.413871
-0.413971, 0.00677439, -0.910265

170
-0.0419331, 0.0251809, -0.0149421
0.999932, 0.00888548, -0.00760478
0.00340499, 0.400892, 0.916119
0.0111888, -0.916082, 0.400835

171
0.0550272, -0.0124907, -0.00707631
0.0044133, -0.999865, -0.0158164
-0.821906, -0.0126362, 0.569483
-0.569607, 0.0104863, -0.821851

172
-0.0633431, -0.0535156, -0.0409907
0.085686, -0.995896, -0.0291435
-0.421036, -0.00968373, -0.906992
0.902987, 0.089987, -0.420138

173
-0.0940142, -0.0164294, 0.0125442
-0.00336053, -0.999946, -0.00981696
0.950589, -0.0062419, 0.310389
-0.310434, -0.00828883, 0.950559

174
0.110482, 0.0400211, -0.00527428
-0.231208, -0.78516, 0.574514
-0.925661, -0.00424759, -0.378329
0.299489, -0.619279, -0.72581

175
-0.037257, 0.0651426, -0.0166014
0.78111, -0.624226, -0.0144521
0.219044, 0.295624, -0.929853
0.58471, 0.723152, 0.367648

176
-0.0800175, -0.00707772, 0.0151157
-0.00335983, -0.999994, 0.000801127
0.821985, -0.00321799, -0.569501
0.5695, -0.00125491, 0.82199

177
-0.0503283, -0.00513317, 0.00103947
0.0322971, 0.99929, 0.0193815
0.479924, 0.00150446, -0.877309
-0.876715, 0.0376362, -0.479535

178
0.0474209, -0.0518898, -0.00224424
-0.941611, -0.336678, 0.00418329
0.237904, -0.674051, -0.699326
0.238267, -0.657497, 0.714791

179
0.0812635, 0.0225826, 0.0156803
-0.982493, -0.00192849, 0.18629
-0.180814, 0.250759, -0.951013
-0.0448799, -0.968048, -0.246718

180
0.0505681, 0.0231615, 0.0134249
-0.999372, 0.00917796, -0.0342311
0.0354194, 0.291684, -0.955859
0.00121184, -0.956471, -0.291826

181
-0.0727756, -0.0285234, 0.00582291
-0.00365358, -0.99994, -0.0102852
0.756193, 0.00396738, -0.654336
0.654338, -0.0101682, 0.756134

182
0.03883, -0.0283837, -0.00629922
-0.0292389, 0.999283, -0.0240623
-0.633059, -0.0371418, -0.773212
-0.773551, -0.00737496, 0.633691

183
-0.0586546, 0.014097, -0.0114851
-0.000283006, -0.999974, 0.0071539
0.34998, -0.00680051, -0.936732
0.936757, 0.00223862, 0.349973

184
-0.0575106, -0.000791697, 0.008889
0.00643162, -0.999978, 0.00157349
0.877444, 0.00488876, -0.479655
0.479637, 0.00446561, 0.877456

185
-0.0269171, -0.0277422, 0.0120122
0.869045, 0.494569, -0.0126999
-0.494599, 0.869121, 0.000950228
0.0115077, 0.00545557, 0.999919

186
-0.00131651, -0.00627334, 0.0107337
0.708724, 0.700038, 0.0874998
0.343019, -0.233553, -0.90983
-0.61648, 0.674833, -0.405651

187
0.0468464, 0.0187458, -0.00831282
-0.999679, 0.0234742, 0.00956213
-0.0216255, -0.593102, -0.804837
-0.0132215, -0.804785, 0.593419

188
-0.0415087, -0.0249987, 0.0150065
-0.536419, -0.843882, 0.0108313
0.843723, -0.536528, -0.0164295
0.0196759, 0.000325523, 0.999806

189
0.0291295, -0.0502644, -0.0383778
-0.984997, -0.172485, 0.00543321
-0.00671093, 0.00682546, -0.999954
0.17244, -0.984988, -0.00788059

190
-0.0236273, 0.0447868, -0.0192268
0.999798, 0.0189384, 0.00667437
0.0101872, -0.764821, 0.644163
0.0173041, -0.643965, -0.764859

191
-0.0405209, -0.0164619, -0.00245753
-0.00336053, -0.999946, -0.00981696
0.650578, 0.00526921, -0.759421
0.759432, -0.00893876, 0.650525

192
0.0559095, -0.0316689, 0.00484412
0.0306126, -0.999222, -0.0248612
-0.52271, -0.0372047, 0.851699
-0.851961, -0.0130775, -0.523442

193
0.0764534, -0.000986531, -0.0193718
0.0110506, -0.999906, -0.00817765
-0.827687, -0.0137356, 0.561022
-0.561081, 0.000568919, -0.82776

194
-0.108115, -0.0232763, -0.00371302
0.0523272, -0.998341, -0.0240081
-0.632927, -0.0517509, 0.77248
-0.772442, -0.0252263, -0.634585

195
0.0586703, -0.0548488, 0.00388838
-0.00351728, 0.98721, -0.159389
-0.787156, -0.101037, -0.608422
-0.616744, 0.123324, 0.777443

196
-0.0427677, 0.117547, -0.0167657
0.999932, 0.00888548, -0.00760478
-0.0103194, 0.364294, -0.931227
-0.00550402, 0.931242, 0.364361

197
-0.0746439, -0.0165173, 0.0148653
-0.00336053, -0.999946, -0.00981696
0.997028, -0.00259476, -0.0770011
0.0769715, -0.0100465, 0.996983

198
0.00670254, -0.00605037, 0.00802987
-0.964232, -0.264924, 0.00849913
0.247026, -0.88654, 0.391185
-0.0960993, 0.379292, 0.920273

199
0.0388438, 0.0155084, -0.00631677
0.0440497, 0.999013, 0.0057239
-0.632541, 0.0323246, -0.773852
-0.773273, 0.0304674, 0.63334

200
-0.00968341, -0.032875, -0.00175181
0.999851, 0.000645792, 0.0172398
0.016824, 0.184678, -0.982655
-0.0038184, 0.982799, 0.184639

201
0.0500425, -0.0156409, -0.0124478
-0.0270537, 0.999457, 0.0187988
0.928916, 0.0320828, -0.368897
-0.3693, 0.00748245, -0.92928

202
0.0485888, 0.0886401, 0.00225805
-0.999679, 0.0234742, 0.00956213
-0.0132215, -0.804785, 0.593419
0.0216255, 0.593102, 0.804837

203
-0.0550436, 0.118319, 0.0051713
-0.996691, -0.044932, 0.0677308
0.0395261, 0.460197, 0.886937
-0.0710213, 0.886679, -0.456898

204
0.00520805, -0.0566759, -0.0196343
-0.998042, -0.00409252, -0.0624108
-0.0315387, 0.894634, 0.445686
0.0540108, 0.446782, -0.893011

205
0.0650003, 0.0250187, 0.0381176
0.99959, -0.00451927, 0.028287
-0.0267893, 0.202233, 0.978971
-0.0101448, -0.979327, 0.202029

206
0.118484, -0.0146761, 0.0347564
-0.0270537, 0.999457, 0.0187988
-0.0142919, -0.0191904, 0.999714
0.999532, 0.0267772, 0.0148033

207
0.0636699, -0.110259, -0.0264003
-0.999614, -0.0255133, -0.0109998
0.0152134, -0.171347, -0.985093
0.0232482, -0.98488, 0.171669

208
-0.00865129, -0.0727811, -0.0601165
0.999851, 0.000645792, 0.0172398
0.0038184, -0.982799, -0.184639
0.016824, 0.184678, -0.982655

209
-0.1135, -0.0417998, -0.0019499
-0.0021336, -0.999274, -0.0380307
0.000267101, -0.0380314, 0.999277
-0.999998, 0.0021219, 0.000348051

210
-0.0409503, 0.016368, -0.0282611
-0.0149081, -0.999725, 0.0181054
0.134193, -0.0199441, -0.990754
0.990843, -0.0123407, 0.134454

211
0.107946, -0.0122838, -0.00615023
0.00415607, -0.999864, -0.0159325
-0.743461, 0.00756581, -0.668736
0.668766, 0.0146245, -0.743329

212
-0.0350311, 0.00478707, -0.0423005
-0.00281927, -0.999964, 0.00799555
-0.14636, -0.00749686, -0.989203
0.989227, -0.00395906, -0.146334

213
0.0517539, 0.0502352, -0.00536149
-0.696021, 0.714619, -0.0698202
0.443184, 0.504075, 0.74128
0.564928, 0.485003, -0.667554

214
-0.0134647, 0.00598312, 0.0114318
-0.99164, 0.108468, -0.0698961
0.101683, 0.323362, -0.940796
-0.0794445, -0.940038, -0.331688

215
-0.0922032, -0.0304073, 0.00913716
-0.0613723, -0.998075, -0.00889273
0.940497, -0.0608105, 0.334317
-0.334214, 0.0121542, 0.942419

216
-0.0662775, -0.0394587, 0.0302635
0.999901, 0.00339308, -0.0136912
-0.0134341, 0.524952, -0.851026
0.0042996, 0.851125, 0.524945

217
0.00897747, -0.0687776, -0.0621974
0.999927, 0.00485248, 0.011079
0.00761226, -0.964305, -0.264683
0.0093992, 0.264748, -0.964272

218
0.0255595, -0.0437522, 0.0146561
0.105888, -0.992584, -0.0597012
-0.379869, -0.095863, 0.92006
-0.91896, -0.0747442, -0.387203

219
-0.0384421, -0.0335915, -0.00450795
-0.0613723, -0.998075, -0.00889273
0.668686, -0.0345002, -0.742744
0.741008, -0.0515303, 0.669517

220
-0.131511, -0.0613204, -1.26595e-05
0.0148187, -0.981206, 0.192392
0.649317, 0.155765, 0.744395
-0.760373, 0.113892, 0.639422

221
-0.0110316, 0.0371347, 0.00838673
-0.928243, 0.371786, 0.0118503
-0.340733, -0.86263, 0.373858
0.149218, 0.342993, 0.92741

222
0.0561523, 0.0541123, 0.0118749
-0.673519, 0.736042, -0.0679316
0.195324, 0.265858, 0.944017
0.712896, 0.622545, -0.322827

223
-0.0729355, -0.0316171, 0.0119472
-0.0613723, -0.998075, -0.00889273
0.996804, -0.0608328, -0.0517795
0.0511389, -0.0120421, 0.998619

224
0.0539235, 0.0269699, -0.00096732
-0.528847, 0.847266, -0.0496089
0.523135, 0.371443, 0.767046
0.668319, 0.379698, -0.639671

225
0.0343101, -0.013091, 0.0250937
0.0044133, -0.999865, -0.0158164
-0.178402, -0.0163501, 0.983822
-0.983948, -0.00152022, -0.178451

226
-0.091453, -0.0551758, -0.0669049
0.085686, -0.995896, -0.0291435
-0.936226, -0.0704779, -0.344258
0.340791, 0.056783, -0.938423

227
-0.0419765, 0.0527703, 0.0115776
0.999932, 0.00888548, -0.00760478
-0.00550402, 0.931242, 0.364361
0.0103194, -0.364294, 0.931227

228
0.084894, 0.021469, 0.0348162
-0.982493, -0.00192849, 0.18629
-0.184225, -0.138785, -0.973036
0.0277307, -0.990321, 0.136

229
0.0419619, -0.03649, 0.00841627
-0.941611, -0.336678, 0.00418329
0.310975, -0.874356, -0.372554
0.129088, -0.3495, 0.928001

230
0.0406664, -0.0314099, -0.00777563
-0.0301476, 0.999189, -0.0266986
-0.603462, -0.0394881, -0.796413
-0.796822, -0.00789837, 0.604163

231
0.0571488, -0.0637161, -0.00325066
0.708724, 0.700038, 0.0874998
0.438286, -0.534087, 0.72295
0.552825, -0.474022, -0.685338

232
0.0714716, -0.0370169, -0.0158938
0.105888, -0.992584, -0.0597012
-0.994378, -0.10574, -0.00563709
-0.000717503, 0.0599625, -0.9982

233
0.00833571, -0.0324041, -0.0202076
0.999927, 0.00485248, 0.011079
0.0115968, -0.124429, -0.992161
-0.00343589, 0.992217, -0.124476

234
0.0113882, 0.0182427, -0.0299155
0.999997, -0.00230136, 0.000951417
-0.000713235, 0.101367, 0.994849
-0.00238595, -0.994846, 0.101365

235
0.0343059, 0.0211273, 0.0315892
-0.999076, 0.0214076, -0.0372621
0.0356263, -0.0722884, -0.996747
-0.0240315, -0.997154, 0.0714589

236
-0.111021, -0.0162784, 0.00298728
-0.00336053, -0.999946, -0.00981696
0.759432, -0.00893876, 0.650525
-0.650578, -0.00526921, 0.759421

237
0.0594319, 0.00200445, -0.0188982
-0.149665, 0.988701, -0.00838374
0.987005, 0.149899, 0.0578853
0.058488, 0.000388594, -0.998288

238
-0.0688769, -0.0465834, 0.00505989
0.00598763, -0.999714, -0.023132
0.680942, 0.0210167, -0.732036
0.732313, -0.0113684, 0.680873

239
0.000634522, -0.0213046, -0.0115193
0.00864032, -0.999898, -0.0113709
-0.730797, 0.00144754, -0.682593
0.68254, 0.0142077, -0.73071

240
-0.00870626, 0.0311822, -0.0169729
-0.99164, 0.108468, -0.0698961
0.128076, 0.893359, -0.430705
0.0157247, -0.436056, -0.899782

241
0.0611425, -0.0122409, -0.0240649
-0.999614, -0.0255133, -0.0109998
-0.0051586, -0.218593, 0.975802
-0.0273005, 0.975482, 0.218377

242
0.017518, 0.0175167, 0.00835887
-0.984997, -0.172485, 0.00543321
0.161882, -0.912623, 0.375385
-0.0597899, 0.370633, 0.926853

243
-0.114292, 0.00539005, 0.0051635
-0.00281927, -0.999964, 0.00799555
0.802982, 0.00250161, 0.595999
-0.595997, 0.00810056, 0.802946

244
0.0256406, 0.0082769, -0.0187187
-0.528847, 0.847266, -0.0496089
0.842485, 0.531137, 0.0900682
0.102661, 0.00583755, -0.994699

245
-0.0304357, 0.0820317, -0.00752349
-0.995086, -0.0979892, -0.0142227
-0.0796193, 0.706464, 0.703256
-0.0588637, 0.700933, -0.710794

246
-0.0558596, -0.0165287, 0.00959746
-0.00336053, -0.999946, -0.00981696
0.891678, 0.0014474, -0.452669
0.452658, -0.0102748, 0.891625

247
0.0725319, 0.0139194, 0.011768
0.0440497, 0.999013, 0.0057239
-0.994061, 0.0444006, -0.0993569
-0.099513, -0.00131326, 0.995035

248
-0.0153618, 0.0392395, 0.0149856
-0.97378, 0.227251, 0.0104859
-0.227478, -0.97321, -0.0334015
0.0026144, -0.034911, 0.999387

249
-0.0278146, -0.0299282, -0.00267398
-0.896456, 0.442987, 0.011373
-0.320095, -0.629588, -0.707925
-0.306441, -0.638264, 0.706196

250
0.032363, 0.0383011, -0.0246624
0.999818, -0.0141774, 0.012751
-0.0188476, -0.633421, 0.773578
-0.00289053, -0.773678, -0.633573

251
-0.0785778, -0.0531494, -0.0199022
-0.00405213, 0.986947, 0.160995
0.971185, -0.0344808, 0.235821
0.238294, 0.157312, -0.958368

252
0.0456037, -0.0597532, -0.0345498
-0.0278267, 0.991099, -0.130187
0.0553892, -0.128509, -0.99016
-0.998077, -0.0347639, -0.0513202

253
-0.0519594, 0.0357608, -0.00421254
-0.996691, -0.044932, 0.0677308
-0.0807411, 0.643075, -0.761535
-0.00933869, -0.764484, -0.644575

254
0.0651529, 0.0867263, 0.00444779
0.999884, 0.0149712, -0.00267977
-0.0134544, 0.788521, -0.61486
-0.00709216, 0.614825, 0.788632

255
0.0297206, 0.11997, -0.0153527
0.999991, -0.00376384, -0.00203845
-0.000396977, 0.392626, -0.919698
0.00426195, 0.91969, 0.392621

256
0.0631232, -0.00170176, 0.0500673
0.0110506, -0.999906, -0.00817765
0.561081, -0.000568919, 0.82776
-0.827687, -0.0137356, 0.561022

257
0.0256973, -0.0471842, 0.0114192
-0.118549, 0.990729, 0.066345
0.382774, 0.10725, -0.917596
-0.916204, -0.0833854, -0.391939

258
0.024117, -0.0201772, 0.00805729
-0.984997, -0.172485, 0.00543321
0.156746, -0.907399, -0.389947
0.0721901, -0.383245, 0.920821

259
-0.0149712, -0.0896422, 0.00373891
0.999897, 0.0142143, -0.00185185
-0.00983693, 0.774394, 0.632628
0.0104264, -0.632544, 0.774454

260
0.0592222, -0.0922746, -0.0201171
-0.998327, -0.0336306, -0.0470404
-0.0199003, 0.963609, -0.266575
0.0542936, -0.265193, -0.962666

261
-0.0717883, -0.0353978, 0.0280811
0.999768, -0.00724625, -0.0202738
-0.0162841, 0.361499, -0.93223
0.0140841, 0.932344, 0.361297

262
0.0568566, 0.0332325, 0.0149843
-0.975635, -0.2194, -0.000878152
0.21929, -0.975005, -0.0357279
0.00698249, -0.0350499, 0.999361

263
-0.0526001, -0.0394288, 0.00455425
-0.998874, -0.0467325, 0.00816897
0.0419514, -0.789689, 0.612071
-0.0221526, 0.611724, 0.790761

264
0.0359174, 0.0331745, -0.00469767
-0.999076, 0.0214076, -0.0372621
0.0421845, 0.653979, -0.755336
0.00819876, -0.75621, -0.654278

265
-0.0359957, 0.00494558, -0.0228159
-0.00281927, -0.999964, 0.00799555
0.243342, -0.00844126, -0.969904
0.969936, -0.000788768, 0.243357

266
0.0552459, -0.0306243, 0.00516362
-0.0301476, 0.999189, -0.0266986
-0.862457, -0.0395048, -0.504587
-0.505232, 0.00781429, 0.862948

267
-0.0151991, -0.0724173, 0.0128961
0.999897, 0.0142143, -0.00185185
-0.0130781, 0.957511, 0.288101
0.00586831, -0.288047, 0.957598

268
-0.0205212, -0.00563115, -0.0229555
0.0322971, 0.99929, 0.0193815
0.959289, -0.025549, -0.281268
-0.280574, 0.0276766, -0.959433

269
-0.129028, 0.0318668, -0.0071482
0.010287, -0.999885, 0.0111015
0.556622, 0.014949, 0.830632
-0.830702, -0.00236534, 0.556712

270
-0.0592961, -0.00717312, -0.0170569
-0.00335983, -0.999994, 0.000801127
0.178534, -0.00138811, -0.983933
0.983928, -0.00316282, 0.178537

271
0.0168436, -0.0429489, 0.00838325
-0.964232, -0.264924, 0.00849913
0.242626, -0.895078, -0.374122
0.106721, -0.358678, 0.927341

272
0.0732934, -0.00365441, 0.0111756
-0.0035164, 0.999951, -0.00927471
-0.923209, -0.00681041, -0.384239
-0.384283, 0.00721136, 0.923187

273
-0.0302993, 0.0358413, -0.0102819
0.999992, 0.00183609, 0.00350339
-0.000845861, -0.765969, 0.642877
0.00386387, -0.642875, -0.765962

274
-0.0827674, -0.0267575, -0.0538398
-0.00142203, -0.999543, -0.0301815
-0.857489, 0.0167473, -0.51423
0.514501, 0.025149, -0.857121

275
-0.0553684, 0.0398257, -0.011713
0.0375951, 0.999174, 0.0153988
0.734545, -0.0171838, -0.678343
-0.677518, 0.0368135, -0.734584

276
0.0866565, 0.00506327, -0.0181941
0.0103996, -0.99994, -0.00346045
-0.984152, -0.0108479, 0.176994
-0.177021, 0.00156495, -0.984206

277
-0.00344007, -0.0291988, 0.00818957
0.999755, -0.020019, -0.00945244
0.0221136, 0.923251, 0.383561
0.00104847, -0.383676, 0.923467

278
-0.0421538, 0.0160333, -0.0477301
-0.0149081, -0.999725, 0.0181054
-0.255201, -0.0137034, -0.966791
0.966773, -0.0190336, -0.254926

279
-0.00999079, -0.0401492, 0.0163477
0.999851, 0.000645792, 0.0172398
0.0140821, 0.546721, -0.837196
-0.00996601, 0.837315, 0.54663

280
0.033674, -0.0162832, -0.00185237
-0.0270537, 0.999457, 0.0187988
0.716882, 0.0325041, -0.696437
-0.69667, -0.00536468, -0.717372

281
0.121155, -0.0371109, 0.031564
-0.118549, 0.990729, 0.066345
-0.00302048, -0.0671756, 0.997737
0.992944, 0.118081, 0.0109561

282
0.0295274, 0.0543537, 0.0110011
0.999991, -0.00376384, -0.00203845
0.00426195, 0.91969, 0.392621
0.000396977, -0.392626, 0.919698

283
0.0390851, -0.0552839, -0.00421406
0.530256, 0.844631, 0.0736654
0.517538, -0.391276, 0.760958
0.671553, -0.365378, -0.644606

284
-0.124924, -0.0561817, -0.016054
-0.273701, 0.0930374, 0.957304
0.520788, 0.851117, 0.0661801
-0.808621, 0.516666, -0.281404

285
0.0538901, 0.0147739, 0.00607975
0.0440497, 0.999013, 0.0057239
-0.88031, 0.0415234, -0.472577
-0.472349, 0.0157781, 0.881271

286
-0.0599995, 0.0138237, -0.0497289
-0.000283006, -0.999974, 0.0071539
-0.414914, -0.00639163, -0.909838
0.909861, -0.00322574, -0.414902

287
0.0529604, -0.0123857, -0.0140984
0.00415607, -0.999864, -0.0159325
-0.90237, -0.010616, 0.430832
-0.430943, 0.0125865, -0.902291

288
-0.0822287, -0.00677302, 0.00107791
-0.688529, -0.725051, 0.0151141
0.53026, -0.489113, 0.692527
-0.494725, 0.484839, 0.721234

289
0.0669391, 0.0833817, -0.021072
0.99959, -0.00451927, 0.028287
0.000879233, -0.982171, -0.187986
0.0286323, 0.187934, -0.981764

290
0.000953211, -0.0356694, -0.0166893
-0.986918, -0.129166, -0.0964778
-0.158606, 0.885204, 0.437331
0.0289141, 0.446912, -0.894111

291
-0.0586348, -0.046138, -0.0115384
0.00598763, -0.999714, -0.023132
0.348864, 0.0237674, -0.936872
0.937154, -0.0024603, 0.348907

292
0.0780948, 0.00487117, -0.0139911
-0.149665, 0.988701, -0.00838374
0.889492, 0.13834, 0.435507
0.431746, 0.0577228, -0.900146

293
-0.0159464, -0.021331, -0.021799
0.00864032, -0.999898, -0.0113709
-0.936365, -0.00409968, -0.351004
0.350921, 0.0136801, -0.936305

294
-0.0235205, 0.0271769, 0.0147489
0.999798, 0.0189384, 0.00667437
-0.00503245, -0.085458, 0.996329
0.0194393, -0.996162, -0.0853454

295
-0.0205517, -0.00814275, 0.00463493
0.999308, -0.00647825, 0.0366186
0.0320759, -0.348074, -0.936918
0.0188156, 0.937445, -0.347626

296
0.0526479, -0.0421712, -0.0152828
-0.118549, 0.990729, 0.066345
0.918516, 0.134799, -0.371695
-0.377192, 0.0168747, -0.925981

297
