0
-0.0115563, -0.0016326, -0.00813979
0.0349257, -0.999292, 0.0139708
0.383554, 0.000493917, -0.923518
0.922858, 0.037613, 0.3833

1
-0.0185926, -0.0144459, 0.0215542
-0.970492, -0.241017, 0.007515
0.210362, -0.831, 0.514962
-0.11787, 0.501348, 0.85718

2
-0.0387474, 0.0318123, -0.0293109
0.887197, 0.461389, 0.00147908
0.0198229, -0.034914, -0.999194
-0.460966, 0.886511, -0.0401217

3
-0.0111223, 0.00842459, 0.0204547
0.687771, -0.725883, 0.00808805
0.647366, 0.618342, 0.445612
-0.328463, -0.301243, 0.89519

4
-0.0532628, 0.00136292, -0.0287394
0.0985823, 0.9951, -0.00762743
0.0875138, -0.0163044, -0.99603
-0.991273, 0.0975234, -0.0886923

5
-0.0309107, 0.0113292, 0.0185165
0.807004, 0.590403, 0.0130092
-0.51114, 0.687291, 0.516107
0.29577, -0.42315, 0.856425

6
-0.0262259, 0.014029, 0.0200349
0.958777, 0.284151, 0.00218596
-0.269708, 0.907569, 0.321831
0.0894646, -0.309154, 0.946795

7
-0.0178921, -0.00538244, -0.00140774
-0.467336, 0.854663, -0.226158
0.0197347, -0.245663, -0.969154
-0.88386, -0.457384, 0.0979408

8
-0.030144, 0.0125028, 0.0187413
0.869494, 0.49394, 0.00175632
-0.455477, 0.800401, 0.389743
0.191104, -0.339679, 0.920922

9
-0.0456184, 0.0536167, 0.016695
0.255647, 0.00112148, -0.96677
-0.756772, 0.622526, -0.199394
0.601615, 0.782599, 0.159996

10
-0.0170849, -0.0110966, 0.0205966
-0.895523, -0.444702, 0.0167031
0.355483, -0.692269, 0.628009
-0.267714, 0.568334, 0.778027

11
-0.0101934, -0.0114064, -0.0246683
-0.637851, -0.770149, 0.00413479
-0.008237, 0.00145339, -0.999965
0.770116, -0.637863, -0.00727076

12
-0.0631328, -0.0213865, 0.0345677
0.433243, -0.90082, -0.0286917
0.89845, 0.434185, -0.0653518
0.0713277, 0.00253516, 0.99745

13
-0.0154769, 0.00326157, 0.0172602
0.341248, 0.119848, 0.932301
-0.531098, 0.842931, 0.0860371
-0.775554, -0.524503, 0.3513

14
-0.0291473, -0.00748264, 0.0256889
-0.0936309, -0.136356, 0.986225
0.653588, -0.755661, -0.0424275
0.751037, 0.640612, 0.159874

15
-0.0308884, -0.010841, -0.0277607
0.687771, -0.725883, 0.00808805
-0.0557244, -0.0416832, 0.997576
-0.723786, -0.686554, -0.0691179

16
0.0137209, -0.0132964, -0.0287988
-0.315635, -0.948863, 0.00573957
-0.0301649, 0.00398813, -0.999537
0.948401, -0.315662, -0.0298812

17
0.12126, -0.0072248, -0.012547
0.044519, -0.998864, -0.0169741
-0.843478, -0.0284781, -0.536409
0.535316, 0.0381977, -0.843787

18
-0.0122746, -0.00187581, 0.0192861
-0.452268, -0.00756573, -0.89185
-0.0257887, -0.999435, 0.0215562
-0.891509, 0.0327488, 0.451818

19
-0.00811235, -0.000312486, -0.0259477
0.124411, -0.992178, 0.0102749
-0.0313277, -0.014278, -0.999407
0.991736, 0.124015, -0.032859

20
-0.0411598, 0.0563948, 0.012896
0.214851, -0.0929251, -0.972216
-0.6904, 0.689645, -0.218489
0.690787, 0.718161, 0.0840152

21
-0.03346, 0.0561636, 0.00456514
0.128529, 0.297734, 0.945957
0.266538, 0.9084, -0.322128
-0.955216, 0.293536, 0.0373983

22
-0.0152176, 0.0766635, 0.0196754
0.0919241, 0.12147, 0.988329
0.697802, 0.700203, -0.15096
-0.710368, 0.703535, -0.0203964

23
-0.00594718, -0.00549275, -0.0226631
-0.220039, -0.975432, 0.0107078
0.029675, -0.0176651, -0.999403
0.97504, -0.21959, 0.032833

24
-0.00664199, 0.00610564, -0.0227314
0.432456, -0.901643, 0.00462609
0.030373, 0.0094397, -0.999494
0.901143, 0.432378, 0.0314678

25
-0.00807484, -0.00269804, 0.0254967
0.0985823, 0.9951, -0.00762743
-0.991273, 0.0975234, -0.0886923
-0.0875138, 0.0163044, 0.99603

26
-0.00775938, -0.00296624, -0.0273475
-0.0490412, -0.998683, 0.0151
-0.00159497, -0.0150399, -0.999886
0.998795, -0.0490596, -0.000855291

27
-0.0263583, -0.0160372, 0.0233565
-0.961855, 0.273522, 0.00452766
-0.259417, -0.917258, 0.302224
0.086818, 0.289522, 0.953226

28
-0.0018647, -0.0596132, 0.029411
-0.946193, -0.312664, 0.0834294
0.247253, -0.864837, -0.436948
0.208771, -0.392809, 0.895609

29
-0.00524117, 0.000600875, -0.022489
0.142105, -0.989824, 0.00745029
0.0370059, -0.00220894, -0.999313
0.98916, 0.142283, 0.0363154

30
-0.0165284, -0.0183529, -0.0240553
0.958777, 0.284151, 0.00218596
-0.0205583, 0.0616907, 0.997884
0.283414, -0.956793, 0.0649893

31
-0.000712797, 0.0186871, -0.0302475
0.689316, -0.724443, 0.00500517
-0.0826797, -0.0855306, -0.992899
0.719727, 0.684008, -0.118854

32
0.0781076, -0.0126143, -0.0196062
0.218097, 0.974367, 0.0551645
0.840407, -0.216247, 0.496944
0.496135, -0.0620214, -0.866027

33
-0.0413647, 0.0536078, 0.0344117
-0.742558, -0.396671, 0.539684
0.513814, -0.854248, 0.0790853
0.429654, 0.336023, 0.838145

34
0.0340379, -0.0247456, 0.016177
-0.0942363, 0.153011, -0.983721
-0.649219, 0.739662, 0.177242
0.754741, 0.655353, 0.0296348

35
-0.0213228, 0.00696726, -0.0314837
0.999946, -0.00642315, 0.00814636
0.0071395, -0.143632, -0.989605
0.00752647, 0.98961, -0.143578

36
-0.00942454, -0.00162203, 0.0220203
0.44703, -0.0544792, 0.892859
0.00452541, 0.998269, 0.0586452
-0.894508, -0.0221756, 0.446502

37
-0.0193739, 0.00487741, 0.0263901
0.0396725, 0.177677, 0.983289
-0.868843, 0.492147, -0.0538742
-0.493495, -0.852187, 0.173898

38
-0.0591931, -0.028313, 0.0346241
0.593935, -0.804322, 0.0175295
0.803949, 0.592562, -0.0503635
0.0301211, 0.0440055, 0.998577

39
-0.0121713, -0.0127301, 0.0108424
-0.283007, 0.93595, -0.209535
0.13589, -0.177134, -0.97476
-0.949442, -0.304338, -0.0770559

40
-0.0123126, -0.00779953, 0.0153447
-0.550843, -0.834547, 0.0101526
0.316499, -0.197619, 0.92778
-0.772269, 0.514275, 0.37299

41
-0.0127333, -0.00870893, 0.0160432
-0.649283, -0.760271, -0.020501
0.466488, -0.419389, 0.778782
-0.600683, 0.496086, 0.626959

42
-0.0218849, -0.0169429, 0.0186618
0.999946, -0.00642315, 0.00814636
0.00968572, 0.859315, -0.511355
-0.00371578, 0.511406, 0.859331

43
0.0381026, 0.00149255, -0.0121063
0.0204122, -0.999779, 0.00494806
-0.53601, -0.00676557, 0.844185
-0.843965, -0.0198839, -0.53603

44
-0.0414333, -0.038317, 0.00668405
-0.369028, -0.144024, 0.918191
-0.555265, -0.758067, -0.342073
0.745318, -0.636074, 0.199777

45
-0.0209909, -0.0104884, -0.0306688
-0.997179, -0.0750179, -0.00254488
-0.0115567, 0.186941, -0.982303
0.0741661, -0.979503, -0.187281

46
-0.024672, 0.00846682, -0.0286915
-0.970492, -0.241017, 0.007515
-0.0283952, 0.145175, 0.988998
-0.239456, 0.959602, -0.147735

47
-0.00779466, -0.0278631, 0.0196196
0.887197, 0.461389, 0.00147908
-0.433463, 0.83239, 0.345307
0.15809, -0.306997, 0.938489

48
-0.0150198, -0.00145166, 0.0195024
0.462843, -0.16567, 0.870822
0.0069765, 0.983031, 0.183309
-0.886413, -0.0787681, 0.456144

49
-0.028516, 0.0388286, 0.0174531
0.194345, 0.159341, 0.967905
0.0948574, 0.979042, -0.180221
-0.976336, 0.126838, 0.175157

50
-0.0180699, -0.0137751, 0.015461
-0.951011, -0.308032, 0.0263562
0.20943, -0.579178, 0.78784
-0.227415, 0.754764, 0.615316

51
-0.015452, -0.00212455, 0.0312836
-0.537667, -0.671637, -0.509723
-0.116593, -0.539508, 0.833869
-0.835057, 0.507774, 0.211767

52
-0.00824867, 0.0160778, 0.0168668
-0.459168, -0.256586, -0.850487
-0.362574, -0.819879, 0.443101
-0.81099, 0.511822, 0.283431

53
-0.0150022, -0.0139864, -0.0276875
0.869494, 0.49394, 0.00175632
0.00225329, -0.00752215, 0.999969
0.493938, -0.869463, -0.00765345

54
-0.0292294, 0.000704184, 0.0209674
0.255647, 0.00112148, -0.96677
0.266216, 0.961257, 0.0715117
0.929394, -0.275651, 0.245444

55
0.0084773, 0.0200833, 0.0403383
-0.467336, 0.854663, -0.226158
-0.809028, -0.516579, -0.280394
-0.356471, 0.0519301, 0.932862

56
-0.0193839, 0.0147716, 0.0165588
-0.989561, 0.144022, -0.00526193
-0.123851, -0.868501, -0.479965
-0.0736955, -0.474303, 0.877272

57
-0.018323, -0.0121654, 0.0170018
-0.93045, -0.359687, 0.0699069
0.283225, -0.584943, 0.760017
-0.232477, 0.726958, 0.646133

58
-0.0302859, 0.021287, -0.0339508
0.933371, 0.358904, 0.00237679
0.071417, -0.17923, -0.981212
-0.351735, 0.916004, -0.19292

59
-0.0767222, 0.0223241, 0.0209272
-0.149888, -0.0167007, 0.988562
0.985424, 0.078845, 0.150744
-0.0804607, 0.996747, 0.00463932

60
-0.000209629, 0.0712393, 0.00288025
0.133545, -0.284265, -0.949399
-0.392997, 0.864249, -0.31405
0.909791, 0.415051, 0.00370063

61
-0.00881054, -0.00835492, -0.0265676
-0.397037, -0.917674, 0.0153597
0.00743495, -0.0199506, -0.999773
0.917772, -0.396833, 0.014744

62
-0.01627, -0.0155517, 0.0247558
0.933371, 0.358904, 0.00237679
-0.351735, 0.916004, -0.19292
-0.071417, 0.17923, 0.981212

63
-0.0260493, 0.00727431, 0.0183977
0.133545, -0.284265, -0.949399
0.909791, 0.415051, 0.00370063
0.392997, -0.864249, 0.31405

64
-0.016041, 0.0201781, 0.0278779
0.0989075, -0.125459, -0.987156
0.438722, 0.8959, -0.0699037
0.893163, -0.426173, 0.143653

65
-0.00673633, -0.000570787, 0.0248717
-0.0457099, 0.998929, -0.00723145
-0.982467, -0.0462641, -0.180603
-0.180744, -0.00115067, 0.98353

66
-0.00611183, -0.00609427, -0.0250351
-0.232472, -0.972496, 0.0144122
0.0408077, -0.0245579, -0.998865
0.971747, -0.23162, 0.0453943

67
0.0185714, -4.26337e-05, 0.0257482
0.0396725, 0.177677, 0.983289
-0.963319, -0.254586, 0.0848695
0.265411, -0.950588, 0.161059

68
0.00351523, -0.0365914, 0.013408
0.44703, -0.0544792, 0.892859
-0.629313, 0.690202, 0.357193
-0.635712, -0.721563, 0.274256

69
-0.0256175, -0.00971689, 0.0181392
-0.887814, 0.458387, -0.0408385
-0.30834, -0.526621, 0.79221
0.341632, 0.715927, 0.608881

70
0.0247188, -0.0387542, 0.0245557
0.371648, 0.381789, -0.846236
-0.456546, 0.868849, 0.191486
0.808358, 0.31518, 0.49721

71
-0.0033488, 0.0099325, -0.0196262
0.514575, -0.857439, 0.0033522
0.133385, 0.076185, -0.988132
0.847007, 0.508915, 0.153572

72
-0.0193585, -0.0129732, 0.0256263
-0.98063, -0.195847, -0.00298593
0.195425, -0.979318, 0.0523998
-0.0131865, 0.0508013, 0.998622

73
-0.023428, -0.023571, 0.0282324
-0.149888, -0.0167007, 0.988562
0.0804607, -0.996747, -0.00463932
0.985424, 0.078845, 0.150744

74
-0.0113143, -0.00233178, 0.0240223
-0.48193, -0.442322, -0.756369
-0.0826543, -0.83643, 0.541805
-0.872302, 0.323629, 0.366541

75
-0.0252428, 0.00334, -0.0324281
-0.895523, -0.444702, 0.0167031
-0.111298, 0.260152, 0.959132
-0.430874, 0.857065, -0.282466

76
-0.0180312, -0.00939512, 0.019174
-0.115601, 0.244091, -0.962838
-0.876859, -0.480463, -0.0165253
-0.466642, 0.842363, 0.269575

77
-0.022479, -2.8146e-05, -0.000986041
-0.774769, 0.630185, 0.0509921
-0.144126, -0.0975114, -0.984743
-0.615598, -0.770298, 0.166375

78
-0.0227462, 0.0111092, 0.0204882
-0.997179, -0.0750179, -0.00254488
0.064098, -0.833403, -0.548936
0.0390591, -0.54755, 0.835861

79
-0.016041, 0.0201781, 0.0278779
0.0989075, -0.125459, -0.987156
0.438722, 0.8959, -0.0699037
0.893163, -0.426173, 0.143653

80
-0.0300944, 0.00510224, 0.018086
0.233519, -0.200609, -0.951433
0.639927, 0.76842, -0.00495766
0.732095, -0.60769, 0.307815

81
-0.0325061, 0.0262589, -0.0526098
-0.887902, -0.457714, -0.046134
-0.376839, 0.781185, -0.497737
0.26386, -0.424557, -0.8661

82
-0.018697, -0.0119206, -0.0295468
-0.953347, -0.301873, 0.00167628
-0.0332378, 0.099446, -0.994488
0.300043, -0.948147, -0.10484

83
-0.0227974, -0.0604307, 0.00646313
-0.151668, -0.247673, 0.956899
-0.453927, -0.842521, -0.290016
0.878036, -0.478348, 0.0153583

84
-0.0207395, 0.00831552, 0.0165676
-0.985164, 0.171379, -0.00904303
-0.0599445, -0.393006, -0.91758
-0.160808, -0.903424, 0.397448

85
-0.004062, -0.015493, -0.0347155
-0.61235, -0.790576, 0.00401952
-0.167019, 0.124394, -0.978075
0.772743, -0.599596, -0.208214

86
-0.0170544, 0.0173983, -0.0200265
-0.961855, 0.273522, 0.00452766
-0.0190653, -0.0835366, 0.996322
0.272894, 0.958231, 0.0855649

87
-0.0343482, 0.00826705, 0.024599
-0.61235, -0.790576, 0.00401952
0.772743, -0.599596, -0.208214
0.167019, -0.124394, 0.978075

88
-0.0827928, -0.00309031, 0.022671
0.08865, -0.153787, -0.984119
0.892687, -0.426033, 0.14699
-0.441872, -0.891541, 0.0995162

89
-0.00921944, 0.0545511, 0.0377119
-0.909504, 0.081348, 0.407658
-0.064505, -0.996405, 0.0549186
0.41066, 0.0236527, 0.911482

90
-0.0337638, 0.00549914, -0.0282511
0.540481, 0.841292, -0.0103962
0.0103064, -0.0189759, -0.999767
-0.841293, 0.540248, -0.0189268

91
-0.0281096, 0.00608862, 0.0209445
0.143431, -0.198749, -0.969498
0.793229, 0.608878, -0.00746831
0.59179, -0.767963, 0.244985

92
0.0475319, -0.015011, -0.0214615
0.159888, -0.986194, -0.0430952
-0.82934, -0.157879, 0.535975
-0.535379, -0.0499552, -0.843133

93
-0.0264227, 0.0127509, 0.0196285
-0.953347, -0.301873, 0.00167628
0.264484, -0.837917, -0.477434
0.145529, -0.454716, 0.878666

94
-0.0114402, 0.000139932, 0.0164339
-0.482783, 0.378116, -0.789905
-0.0400933, -0.910583, -0.411378
-0.874822, -0.166936, 0.454774

95
0.0129065, -0.0233291, 0.0263273
0.371648, 0.381789, -0.846236
-0.731139, 0.682098, -0.0133643
0.572113, 0.623683, 0.532641

96
-0.00402033, 0.00945329, -0.0391178
0.514575, -0.857439, 0.0033522
-0.200904, -0.124368, -0.971684
0.833577, 0.499331, -0.23626

97
-0.0232087, 0.00833478, 0.0261414
0.0589549, -0.159994, -0.985356
0.975963, 0.216696, 0.0232076
0.20981, -0.963039, 0.168923

98
-0.0112793, 0.000292478, 0.0201103
-0.190663, 0.981361, -0.0240457
-0.751483, -0.161674, -0.639637
-0.631602, -0.103885, 0.768301

99
-0.0270794, 0.00337081, 0.0180875
-0.673578, -0.324937, 0.663859
-0.306882, -0.694149, -0.651138
0.672396, -0.642319, 0.367845

100
-0.0173342, 0.00765107, 0.0209286
-0.885645, 0.463873, 0.0213185
-0.375855, -0.689124, -0.619549
-0.272701, -0.556713, 0.784668

101
-0.00523702, -0.0683076, 0.0188848
-0.970492, -0.241017, 0.007515
0.1894, -0.781195, -0.594863
0.149243, -0.575887, 0.803792

102
0.035143, -0.0112088, -0.00656932
0.172011, 0.985074, -0.00639719
-0.407535, 0.077072, 0.909931
0.896843, -0.153911, 0.414709

103
-0.02233, -0.00171603, 0.00801627
-0.0490412, -0.998683, 0.0151
0.705127, -0.0453252, -0.707631
0.707383, -0.0240556, 0.706421

104
-0.0222177, -0.0724231, 0.0157593
0.999946, -0.00642315, 0.00814636
0.000273627, 0.801323, 0.598231
-0.0103704, -0.598197, 0.801282

105
-0.0387882, 0.0163341, 0.0163195
-0.369028, -0.144024, 0.918191
0.476093, -0.877756, 0.0536639
0.798219, 0.456948, 0.392485

106
0.0889127, 0.00241881, -0.0345575
0.0204122, -0.999779, 0.00494806
-0.984844, -0.0209594, -0.172172
0.172237, -0.00135866, -0.985055

107
-0.0145607, 0.0111564, 0.0146919
-0.88039, 0.474074, -0.0129439
-0.33345, -0.638187, -0.693923
-0.337231, -0.606606, 0.719933

108
-0.0214732, -4.12487e-05, 0.00403615
-0.989561, 0.144022, -0.00526193
-0.086221, -0.620883, -0.779147
-0.115481, -0.77056, 0.626819

109
-0.0082727, -0.0102995, 0.0185163
0.540481, 0.841292, -0.0103962
-0.773309, 0.491862, -0.40008
-0.331471, 0.224275, 0.916421

110
-0.0451851, -0.00740391, -0.0156887
-0.742558, -0.396671, 0.539684
-0.593576, 0.016462, -0.804609
0.310281, -0.917813, -0.247679

111
-0.0481305, -0.035885, 0.0223157
-0.0942363, 0.153011, -0.983721
-0.448844, -0.888524, -0.0952065
-0.888627, 0.432565, 0.152409

112
-0.0146622, 0.00861991, 0.0164723
-0.823619, 0.566968, 0.0141349
-0.402793, -0.567218, -0.718346
-0.399262, -0.597337, 0.695542

113
-0.0228304, -0.0107082, -0.0326904
-0.989561, 0.144022, -0.00526193
0.0206902, 0.105838, -0.994168
-0.142625, -0.983898, -0.107713

114
-0.0577236, -0.0035957, -0.0301416
-0.742558, -0.396671, 0.539684
-0.667133, 0.366441, -0.648579
0.0595105, -0.841649, -0.536736

115
-0.0533366, -0.0545325, 0.0199139
-0.0942363, 0.153011, -0.983721
-0.0746149, -0.986425, -0.146284
-0.99275, 0.059615, 0.104374

116
-0.0218077, -0.00174171, 0.00737315
0.540481, 0.841292, -0.0103962
-0.587596, 0.368595, -0.720325
-0.602172, 0.395431, 0.693559

117
-0.0216684, -0.00275326, 0.00680351
-0.997179, -0.0750179, -0.00254488
0.0442715, -0.560426, -0.827021
0.0606151, -0.8248, 0.562166

118
0.0156125, 0.0121522, -0.0164218
-0.52556, -0.655973, -0.541744
-0.805505, 0.178766, 0.564982
-0.273767, 0.733309, -0.622341

119
0.0183515, -0.0141064, -0.0264661
-0.603174, 0.457225, -0.653549
0.781604, 0.175501, -0.598577
-0.158986, -0.871863, -0.463226

120
0.0654383, -0.0118, -0.0285079
0.159888, -0.986194, -0.0430952
-0.971091, -0.164978, 0.172523
-0.177251, 0.0142651, -0.984062

121
0.0296497, 0.0516383, 0.00586068
0.462843, -0.16567, 0.870822
0.886413, 0.0787681, -0.456144
0.0069765, 0.983031, 0.183309

122
-0.058793, -0.0228851, 0.0196849
0.17322, -0.105561, -0.97921
0.925023, 0.358773, 0.124958
0.338123, -0.927437, 0.159793

123
-0.0115105, -0.00216597, -0.0464044
0.0349257, -0.999292, 0.0139708
-0.381345, -0.0262472, -0.92406
0.923773, 0.0269457, -0.381992

124
-0.00942904, -0.0511682, 0.0272078
-0.970492, -0.241017, 0.007515
0.232095, -0.942112, -0.241984
0.0654023, -0.2331, 0.970251

125
-0.0269127, 0.066508, 0.0200462
-0.997179, -0.0750179, -0.00254488
0.0606151, -0.8248, 0.562166
-0.0442715, 0.560426, 0.827021

126
-0.0124083, -0.00895517, 0.0180528
0.654927, 0.75495, 0.0334802
-0.534527, 0.494115, -0.685661
-0.534183, 0.431162, 0.727151

127
-0.0262793, -0.00699888, -0.0319103
-0.885645, 0.463873, 0.0213185
0.10811, 0.25062, -0.96203
-0.451603, -0.849712, -0.272109

128
-0.00832979, 0.011694, 0.00659737
0.689316, -0.724443, 0.00500517
0.450461, 0.423187, -0.786128
0.567387, 0.544146, 0.618043

129
0.0442265, 0.00160185, 0.00285699
-0.0457099, 0.998929, -0.00723145
-0.542959, -0.0187676, 0.839549
0.838514, 0.0423021, 0.543235

130
-0.0277928, -0.00148143, 0.0198675
-0.282309, -0.0315181, 0.958806
0.0478961, -0.998677, -0.0187263
0.958127, 0.0406364, 0.283445

131
-0.0232262, -0.00123253, 0.000139626
-0.557769, 0.829042, 0.0397807
-0.17865, -0.073112, -0.981193
-0.810542, -0.554386, 0.188888

132
-0.0335166, -0.0115989, 0.0194688
0.652025, -0.758182, 0.00480815
0.665298, 0.569081, -0.483245
0.363652, 0.318287, 0.875472

133
-0.064613, 0.0486808, -0.00362068
0.767611, 0.6409, -0.00455598
-0.0514323, 0.0545121, -0.997188
-0.638849, 0.765686, 0.074807

134
0.121301, 0.00318887, -0.0125725
0.0204122, -0.999779, 0.00494806
-0.843965, -0.0198839, -0.53603
0.53601, 0.00676557, -0.844185

135
-0.0221161, -0.00686911, -0.0335537
-0.997486, 0.0708479, -0.00143127
0.0187403, 0.244264, -0.969528
-0.0683394, -0.967117, -0.244978

136
0.0112254, -0.00462612, 0.0234029
0.0985823, 0.9951, -0.00762743
-0.949307, 0.0963393, 0.299223
0.298492, -0.0222573, 0.954153

137
-0.0747682, 0.0280497, 0.0198554
0.0589549, -0.159994, -0.985356
0.567324, -0.806806, 0.164946
-0.821382, -0.56874, 0.0432031

138
-0.0336573, 0.055262, 0.0368123
-0.673578, -0.324937, 0.663859
0.503774, -0.859064, 0.090665
0.540837, 0.395505, 0.742342

139
0.0194451, -0.0570985, 0.0364509
-0.48193, -0.442322, -0.756369
0.872302, -0.323629, -0.366541
-0.0826543, -0.83643, 0.541805

140
-0.0115913, -0.00306729, -0.0464763
-0.0490412, -0.998683, 0.0151
-0.383696, 0.00487926, -0.923447
0.922156, -0.0510807, -0.38343

141
0.015355, 0.0479614, 0.0282786
0.0695506, -0.131454, -0.988879
0.18066, 0.976549, -0.117108
0.981083, -0.170506, 0.091668

142
-0.0305892, 0.0023707, 0.0203956
0.214851, -0.0929251, -0.972216
0.373999, 0.92741, -0.00599208
0.902199, -0.362321, 0.234008

143
-0.037276, -0.00348077, 0.0212331
0.124411, -0.992178, 0.0102749
0.904256, 0.109111, -0.412814
0.408464, 0.0606497, 0.910757

144
-0.0311275, 0.00876114, 0.0225546
0.767611, 0.6409, -0.00455598
-0.638849, 0.765686, 0.074807
0.0514323, -0.0545121, 0.997188

145
0.038127, -0.0109372, -0.0121252
0.044519, -0.998864, -0.0169741
-0.535316, -0.0381977, 0.843787
-0.843478, -0.0284781, -0.536409

146
0.0786238, 0.0113047, -0.0223258
-0.24351, 0.966592, -0.08002
0.827165, 0.250048, 0.503263
0.506459, 0.0563598, -0.86042

147
-0.00187009, 0.0177203, -0.0107968
0.689316, -0.724443, 0.00500517
0.199042, 0.182738, -0.962803
0.696581, 0.664672, 0.270159

148
-0.0799016, -0.053475, 0.0214679
-0.161989, 0.00943304, 0.986747
-0.986137, -0.0379778, -0.161526
0.0359508, -0.999234, 0.0154543

149
-0.0751778, 0.011053, 0.0179682
-0.232472, -0.972496, 0.0144122
0.88216, -0.204591, 0.424188
-0.409573, 0.111326, 0.905459

150
-0.0213216, -0.00834694, 0.0180544
0.371648, 0.381789, -0.846236
-0.921538, 0.0413056, -0.386084
-0.112448, 0.923326, 0.367184

151
-0.0142877, -0.0105415, 0.0254612
-0.0913667, 0.126021, -0.987811
-0.769751, -0.638262, -0.0102292
-0.631771, 0.759434, 0.15532

152
-0.0456852, 0.00299197, 0.00679345
0.172011, 0.985074, -0.00639719
-0.672618, 0.112701, -0.731357
-0.71972, 0.130105, 0.681965

153
-0.0088941, -0.00766296, 0.0168505
0.404831, 0.914125, -0.0220648
-0.703686, 0.296045, -0.645897
-0.583899, 0.277006, 0.763105

154
-0.0324123, -0.00607288, 0.0176499
0.433243, -0.90082, -0.0286917
0.584864, 0.305222, -0.751514
0.685737, 0.308807, 0.659093

155
-0.04184, 0.000511167, 0.00777445
0.0985823, 0.9951, -0.00762743
-0.639055, 0.0574306, -0.767014
-0.762818, 0.0804884, 0.641585

156
0.0368777, -0.0132008, 0.0116167
-0.115601, 0.244091, -0.962838
-0.76668, 0.594376, 0.242731
0.631536, 0.766248, 0.118429

157
0.0416345, -0.0298885, 0.0231332
0.404831, 0.914125, -0.0220648
-0.808741, 0.369212, 0.457843
0.426673, -0.167504, 0.888759

158
0.0076005, -0.00622994, 0.0195283
0.172011, 0.985074, -0.00639719
-0.922334, 0.16333, 0.350175
0.345993, -0.0543337, 0.936662

159
-0.0171391, 0.0079383, 0.0193363
0.054593, 0.278617, 0.95885
-0.891964, 0.445224, -0.0785857
-0.448798, -0.850969, 0.272822

160
-0.0260023, -0.0153902, 0.0252899
-0.948633, 0.316311, -0.00659572
-0.314554, -0.940718, 0.126904
0.0339365, 0.12246, 0.991893

161
-0.0215824, 0.0228578, 0.0287243
0.0662401, -0.140983, -0.987794
0.263676, 0.95725, -0.118942
0.962334, -0.252579, 0.100582

162
-0.00777409, -0.0170593, 0.0315366
-0.783337, -0.608884, 0.125077
0.531998, -0.552638, 0.641536
-0.321499, 0.569079, 0.756827

163
0.00163606, 0.00265811, 0.0198016
0.054593, 0.278617, 0.95885
-0.995815, 0.0856817, 0.0318008
-0.0732956, -0.956573, 0.282128

164
-0.0302903, 0.00550294, 0.0306174
0.0662401, -0.140983, -0.987794
0.611874, 0.787726, -0.0713966
0.788176, -0.599676, 0.138443

165
-0.0201128, 0.00214354, 0.0190865
-0.948633, 0.316311, -0.00659572
-0.277623, -0.822247, 0.496825
0.151728, 0.473136, 0.867825

166
-0.0167298, -0.00865094, 0.0163808
-0.783337, -0.608884, 0.125077
0.36847, -0.292794, 0.882327
-0.500613, 0.737246, 0.453712

167
-0.0284777, 0.00346797, 0.0197321
0.160227, -0.250763, -0.954696
0.624481, 0.774779, -0.0986988
0.764428, -0.580376, 0.280737

168
0.0404172, -0.00770628, -0.00114953
0.0985823, 0.9951, -0.00762743
-0.460196, 0.0523839, 0.886271
0.882327, -0.0838605, 0.463105

169
-0.0229852, -0.00229845, 0.00147568
0.593935, -0.804322, 0.0175295
0.27983, 0.186108, -0.941838
0.754279, 0.564296, 0.335609

170
-0.0442771, 0.0539151, 0.0185339
0.0396725, 0.177677, 0.983289
0.123438, 0.975654, -0.181277
-0.991559, 0.128567, 0.0167746

171
0.0183942, 0.0451764, 0.0109477
0.44703, -0.0544792, 0.892859
0.828149, 0.402508, -0.390072
-0.338132, 0.913794, 0.22505

172
-0.0169456, 0.0670435, 0.0216345
-0.997486, 0.0708479, -0.00143127
-0.0615747, -0.856576, 0.512334
0.0350718, 0.511135, 0.858785

173
-0.0327166, -0.00220015, 0.0158525
-0.369028, -0.144024, 0.918191
0.134387, -0.985807, -0.100619
0.919651, 0.0862621, 0.383146

174
0.069413, 0.00202294, -0.0341027
0.0204122, -0.999779, 0.00494806
-0.97579, -0.018844, 0.217898
-0.217757, -0.00927605, -0.975959

175
-0.022173, -0.0548137, 0.0241563
0.999946, -0.00642315, 0.00814636
0.00422138, 0.969246, 0.246056
-0.00947629, -0.246009, 0.969221

176
-0.0157417, -0.00464783, -0.0392835
-0.649283, -0.760271, -0.020501
-0.376441, 0.297831, 0.877262
-0.660851, 0.577309, -0.479574

177
-0.0299202, -0.00744742, 0.0170873
-0.310202, -0.167439, 0.935809
0.602244, -0.796263, 0.057161
0.73558, 0.581317, 0.347841

178
-0.0373723, 0.0291062, -0.0100394
0.887197, 0.461389, 0.00147908
-0.15809, 0.306997, -0.938489
-0.433463, 0.83239, 0.345307

179
-0.0444899, 0.0547708, 0.00728526
0.054593, 0.278617, 0.95885
0.0732956, 0.956573, -0.282128
-0.995815, 0.0856817, 0.0318008

180
0.0161912, -0.0483886, 0.0291138
-0.783337, -0.608884, 0.125077
0.500613, -0.737246, -0.453712
0.36847, -0.292794, 0.882327

181
-0.0391054, 0.0748731, 0.0201254
0.0662401, -0.140983, -0.987794
-0.788176, 0.599676, -0.138443
0.611874, 0.787726, -0.0713966

182
-0.0415803, -0.0626256, 0.000536487
-0.948633, 0.316311, -0.00659572
-0.151728, -0.473136, -0.867825
-0.277623, -0.822247, 0.496825

183
-0.0428651, 0.0347574, 0.0219387
0.0396725, 0.177677, 0.983289
-0.265411, 0.950588, -0.161059
-0.963319, -0.254586, 0.0848695

184
0.00383522, 0.0339968, 0.0175549
0.44703, -0.0544792, 0.892859
0.635712, 0.721563, -0.274256
-0.629313, 0.690202, 0.357193

185
-0.0312103, -0.00800719, 0.0182196
0.593935, -0.804322, 0.0175295
0.547179, 0.387888, -0.741713
0.589777, 0.450121, 0.670488

186
-0.0217855, -0.00183402, 0.00961537
-0.232472, -0.972496, 0.0144122
0.715984, -0.181145, -0.674206
0.658273, -0.146415, 0.738403

187
-0.0217779, -0.00134204, 0.00431194
-0.997486, 0.0708479, -0.00143127
-0.0350718, -0.511135, -0.858785
-0.0615747, -0.856576, 0.512334

188
-0.029448, 0.0414254, 0.0179431
0.17322, -0.105561, -0.97921
-0.338123, 0.927437, -0.159793
0.925023, 0.358773, 0.124958

189
-0.0113881, 0.0695309, 0.0116526
-0.989561, 0.144022, -0.00526193
-0.115481, -0.77056, 0.626819
0.086221, 0.620883, 0.779147

190
-0.015569, -0.031905, 0.0228282
-0.98063, -0.195847, -0.00298593
0.185595, -0.924212, -0.333745
0.0626031, -0.327834, 0.942659

191
-0.0095758, -0.0195679, 0.0329942
-0.48193, -0.442322, -0.756369
0.257453, -0.896608, 0.360294
-0.837533, -0.0210933, 0.54598

192
-0.025639, -0.042943, 0.0275699
-0.149888, -0.0167007, 0.988562
-0.302769, -0.951047, -0.0619734
0.941204, -0.308595, 0.137494

193
0.0287716, -0.0450885, 0.0272821
0.654927, 0.75495, 0.0334802
-0.698076, 0.587431, 0.409409
0.289416, -0.291504, 0.911737

194
-0.0090295, -0.00568262, -0.0443203
-0.232472, -0.972496, 0.0144122
-0.33417, 0.0659488, -0.940203
0.913393, -0.223387, -0.34031

195
-0.0214601, -0.00693078, -0.0380587
-0.813395, -0.579527, 0.0503716
-0.227884, 0.397118, 0.889025
-0.535218, 0.71165, -0.455079

196
0.0310457, -0.0285386, 0.0212661
-0.0722522, 0.121107, -0.990006
-0.575084, 0.805929, 0.14056
0.814897, 0.579493, 0.0114168

197
-0.0781435, -0.00156735, -0.00167723
-0.377022, -0.109629, 0.919693
0.798748, 0.464203, 0.382775
-0.468888, 0.878918, -0.0874489

198
-0.0465416, -0.00267239, -0.0138285
-0.0457099, 0.998929, -0.00723145
-0.208989, -0.0166414, -0.977776
-0.976849, -0.0431828, 0.209526

199
-0.0231304, 0.0593555, 0.008356
0.233519, -0.200609, -0.951433
-0.431478, 0.855494, -0.286281
0.871376, 0.477374, 0.113216

200
-0.0233429, 0.0747175, 0.0202148
0.0989075, -0.125459, -0.987156
-0.657284, 0.736579, -0.159469
0.747125, 0.664614, -0.00960902

201
-0.0206363, 0.0221182, 0.0168196
0.233519, -0.200609, -0.951433
0.311055, 0.94248, -0.122376
0.921257, -0.267371, 0.282487

202
-0.0248471, -0.00145163, 0.0176727
-0.0457099, 0.998929, -0.00723145
-0.838514, -0.0423021, -0.543235
-0.542959, -0.0187676, 0.839549

203
-0.0110458, 0.0389424, 0.0259936
0.0989075, -0.125459, -0.987156
0.0635274, 0.990793, -0.119556
0.993067, -0.0508865, 0.105967

204
-0.0242673, -0.0252466, -0.0146066
-0.993629, 0.112602, -0.00465343
-0.0173052, -0.193246, -0.980998
-0.111362, -0.974668, 0.193963

205
-0.0131469, -0.00222408, 0.028886
-0.52556, -0.655973, -0.541744
-0.0553254, -0.609079, 0.791178
-0.848956, 0.445783, 0.283815

206
-0.0659064, 8.67991e-05, 0.0223491
0.0208408, -0.5139, 0.857597
0.994344, 0.100007, 0.0357636
-0.104145, 0.852001, 0.513077

207
-0.023047, 0.00485734, -0.0223284
-0.887902, -0.457714, -0.046134
-0.0798882, 0.252174, -0.964379
0.453043, -0.852588, -0.260472

208
-0.0196072, -0.0236378, 0.0164918
-0.151668, -0.247673, 0.956899
0.299891, -0.933995, -0.194212
0.94184, 0.257509, 0.215932

209
-0.0219159, -0.00155127, 0.00714901
-0.953347, -0.301873, 0.00167628
0.188659, -0.600122, -0.777342
0.235665, -0.74076, 0.629076

210
-0.0497697, 0.0202133, 0.0248604
-0.61235, -0.790576, 0.00401952
0.777837, -0.601558, 0.181928
-0.14141, 0.11453, 0.983304

211
-0.00539992, 0.0159322, 0.0310766
0.0695506, -0.131454, -0.988879
0.821477, 0.569958, -0.0179889
0.565985, -0.81109, 0.147627

212
0.0397637, -0.00441012, 0.0245259
0.0919241, 0.12147, 0.988329
-0.916531, -0.377672, 0.131664
0.389257, -0.917937, 0.0766138

213
-0.0347028, 0.0739077, 0.00244734
0.233519, -0.200609, -0.951433
-0.732095, 0.60769, -0.307815
0.639927, 0.76842, -0.00495766

214
-0.0468225, -0.00282646, -0.0333349
-0.0457099, 0.998929, -0.00723145
0.180744, 0.00115067, -0.98353
-0.982467, -0.0462641, -0.180603

215
-0.0233429, 0.0747175, 0.0202148
0.0989075, -0.125459, -0.987156
-0.657284, 0.736579, -0.159469
0.747125, 0.664614, -0.00960902

216
-0.0303137, 0.0212301, -0.0144419
0.933371, 0.358904, 0.00237679
-0.0686225, 0.184953, -0.980349
-0.352291, 0.914866, 0.197258

217
0.00384737, 0.0531229, 0.00887524
0.133545, -0.284265, -0.949399
-0.0149204, 0.957295, -0.288728
0.99093, 0.0527235, 0.1236

218
0.0421566, -0.0142938, -0.0220326
0.196539, -0.979298, -0.0484487
-0.893899, -0.199266, 0.401544
-0.402886, -0.0356111, -0.914557

219
-0.0374819, -0.00368875, 0.0225523
0.142105, -0.989824, 0.00745029
0.928026, 0.130607, -0.348869
0.344346, 0.05649, 0.937142

220
-0.0141261, -0.0220791, 0.0310163
-0.946193, -0.312664, 0.0834294
0.287498, -0.693867, 0.660222
-0.148539, 0.648683, 0.746422

221
-0.0297224, -0.00802984, 0.0205912
-0.144493, -0.196717, 0.969755
0.657427, -0.751545, -0.0544965
0.739535, 0.629668, 0.23792

222
-0.00228524, -0.0350535, 0.00634139
0.462843, -0.16567, 0.870822
-0.621856, 0.63941, 0.452162
-0.631722, -0.750805, 0.192923

223
0.00521538, -0.0527967, -0.00633266
0.887197, 0.461389, 0.00147908
-0.194718, 0.371509, 0.907781
0.418291, -0.805668, 0.419442

224
-0.0175716, 0.00235679, 0.0212597
0.194345, 0.159341, 0.967905
-0.6233, 0.781975, -0.00358061
-0.757448, -0.602599, 0.25129

225
-0.0215284, -0.00162385, 0.00986786
0.124411, -0.992178, 0.0102749
0.679111, 0.0775961, -0.729922
0.723415, 0.0977881, 0.683453

226
-0.0268668, 0.0214949, 0.0193903
0.214851, -0.0929251, -0.972216
0.000273714, 0.995469, -0.0950871
0.976647, 0.0201634, 0.213902

227
-0.0751995, 0.0398043, 0.00402811
-0.61235, -0.790576, 0.00401952
0.450022, -0.34438, 0.823943
-0.650006, 0.506351, 0.566658

228
0.118607, -0.00404464, -0.00871934
0.159888, -0.986194, -0.0430952
-0.812, -0.10657, -0.573845
0.56133, 0.126744, -0.817829

229
-0.0225139, -0.00183807, 0.00856382
-0.397037, -0.917674, 0.0153597
0.65422, -0.294711, -0.696521
0.643706, -0.266496, 0.717372

230
0.00230508, -0.0646414, 0.0215572
-0.93045, -0.359687, 0.0699069
0.232477, -0.726958, -0.646133
0.283225, -0.584943, 0.760017

231
-0.0248044, -0.0621728, 0.00899137
-0.310202, -0.167439, 0.935809
-0.449118, -0.841783, -0.299489
0.837895, -0.513191, 0.185923

232
0.00844517, 0.0566679, 0.0253286
-0.885645, 0.463873, 0.0213185
-0.395777, -0.778052, 0.487848
0.242886, 0.423622, 0.872668

233
-0.0769324, 0.0169921, -0.00679914
-0.315635, -0.948863, 0.00573957
0.390806, -0.124483, 0.912017
-0.864665, 0.290108, 0.410113

234
-0.0261872, 0.00148397, -0.0373451
0.220274, -0.974095, -0.0511687
-0.440641, -0.0525692, -0.896143
0.870238, 0.219944, -0.440806

235
-0.0220083, -0.0592995, 0.012541
-0.307173, -0.137056, 0.941733
-0.458687, -0.84572, -0.272696
0.833817, -0.515725, 0.196916

236
-0.00820435, 0.00926116, -0.00123797
0.281549, 0.948754, 0.143514
0.404536, 0.0182595, -0.91434
-0.870104, 0.315488, -0.378664

237
0.0299536, -0.0453279, 0.0221161
-0.649283, -0.760271, -0.020501
0.600683, -0.496086, -0.626959
0.466488, -0.419389, 0.778782

238
-0.0154293, -0.0059756, -0.00382718
-0.550843, -0.834547, 0.0101526
-0.00312774, 0.0142285, 0.999894
-0.834603, 0.550753, -0.0104479

239
-0.0111578, -0.00818251, 0.0297869
-0.283007, 0.93595, -0.209535
-0.23779, -0.280116, -0.930049
-0.929173, -0.213385, 0.301834

240
-0.0406366, -0.0659995, 0.00835984
-0.961855, 0.273522, 0.00452766
-0.086818, -0.289522, -0.953226
-0.259417, -0.917258, 0.302224

241
0.0407703, -0.00449825, 0.0211397
-0.0913667, 0.126021, -0.987811
-0.878252, 0.457374, 0.139583
0.469389, 0.8803, 0.0688891

242
0.0137098, -0.0367709, -0.0166062
-0.482783, 0.378116, -0.789905
0.792887, -0.194236, -0.577583
-0.371821, -0.905152, -0.206029

243
-0.0392974, 0.072748, 0.00176593
0.054593, 0.278617, 0.95885
0.448798, 0.850969, -0.272822
-0.891964, 0.445224, -0.0785857

244
-0.0210741, -0.0198199, -0.0393159
-0.946193, -0.312664, 0.0834294
-0.148539, 0.648683, 0.746422
-0.287498, 0.693867, -0.660222

245
0.111025, -0.00219385, 0.0127636
0.196539, -0.979298, -0.0484487
-0.402886, -0.0356111, -0.914557
0.893899, 0.199266, -0.401544

246
-0.0427481, -0.0661, 0.0018783
-0.948633, 0.316311, -0.00659572
-0.0339365, -0.12246, -0.991893
-0.314554, -0.940718, 0.126904

247
-0.0201981, -0.00273227, 0.0168924
-0.61235, -0.790576, 0.00401952
0.650006, -0.506351, -0.566658
0.450022, -0.34438, 0.823943

248
0.0337008, -0.0178418, -0.00799703
0.159888, -0.986194, -0.0430952
-0.56133, -0.126744, 0.817829
-0.812, -0.10657, -0.573845

249
0.0164338, 0.0432812, 0.00434461
-0.452268, -0.00756573, -0.89185
-0.833516, -0.352211, 0.425674
-0.31734, 0.93589, 0.152988

250
-0.00829786, 1.70779e-05, -0.0417482
0.142105, -0.989824, 0.00745029
-0.344346, -0.05649, -0.937142
0.928026, 0.130607, -0.348869

251
-0.0155424, 0.00621753, 0.0174796
-0.751869, 0.658056, 0.0406843
-0.455295, -0.473589, -0.753936
-0.476865, -0.585384, 0.655687

252
-0.0324831, -0.00171064, 0.0263281
-0.172687, -0.00231818, 0.984974
0.0359108, -0.999347, 0.0039439
0.984322, 0.0360522, 0.172657

253
-0.0417047, 0.034878, 0.0389141
-0.887902, -0.457714, -0.046134
0.453043, -0.852588, -0.260472
0.0798882, -0.252174, 0.964379

254
-0.0816937, 0.0101865, 0.0154058
-0.151668, -0.247673, 0.956899
0.94184, 0.257509, 0.215932
-0.299891, 0.933995, 0.194212

255
-0.00973335, 0.0579189, 0.0130378
0.143431, -0.198749, -0.969498
-0.243187, 0.942512, -0.229195
0.959316, 0.268643, 0.086852

256
-0.0386319, -0.00220089, 0.0188982
0.0349257, -0.999292, 0.0139708
0.923773, 0.0269457, -0.381992
0.381345, 0.0262472, 0.92406

257
0.112995, -0.00766573, -0.00827611
0.044519, -0.998864, -0.0169741
-0.574415, -0.0116927, -0.818481
0.817353, 0.0461881, -0.574283

258
0.0106884, -0.0121712, -0.0095598
-0.315635, -0.948863, 0.00573957
0.335069, -0.117114, -0.934887
0.887752, -0.29316, 0.3549

259
-0.0212745, 0.00423414, -0.0025022
-0.985164, 0.171379, -0.00904303
0.00615694, -0.0173645, -0.99983
-0.171507, -0.985052, 0.0160517

260
0.0140513, -0.0490545, 0.00633614
-0.452268, -0.00756573, -0.89185
0.813778, -0.412723, -0.409176
-0.364991, -0.910825, 0.192818

261
-0.0164282, -0.00735858, -0.0317589
0.807004, 0.590403, 0.0130092
0.077651, -0.127925, 0.988739
0.585418, -0.796907, -0.149081

262
-0.0414462, 0.0654956, 0.00567801
0.958777, 0.284151, 0.00218596
-0.185867, 0.632933, -0.751565
-0.214941, 0.720177, 0.659656

263
-0.0522523, -0.0292446, 0.0148447
0.255647, 0.00112148, -0.96677
0.845424, 0.484797, 0.224121
0.468938, -0.874626, 0.122989

264
-0.0211802, -0.00211649, 0.0107923
-0.637851, -0.770149, 0.00413479
0.53873, -0.450009, -0.712223
0.550379, -0.452065, 0.701941

265
-0.0466512, -0.0246502, 0.0238354
0.689316, -0.724443, 0.00500517
0.696581, 0.664672, 0.270159
-0.199042, -0.182738, 0.962803

266
0.0190176, 0.0450953, 0.0273312
-0.751869, 0.658056, 0.0406843
-0.614799, -0.722059, 0.317257
0.238149, 0.213523, 0.947467

267
-0.0793394, 0.0176838, 0.0187815
-0.170381, -0.413957, 0.894209
0.966332, 0.107369, 0.233827
-0.192805, 0.903942, 0.381726

268
-0.0645238, 0.0433404, 0.0208167
-0.172687, -0.00231818, 0.984974
0.923137, -0.349126, 0.161024
0.343506, 0.937073, 0.0624294

269
-0.0119599, 0.00112923, -0.039492
0.139873, 0.988004, 0.0654547
0.547226, -0.0220411, -0.836695
-0.825215, 0.15285, -0.543744

270
-0.00947354, -0.0111102, 0.00291391
-0.61235, -0.790576, 0.00401952
0.428311, -0.336018, -0.838833
0.664512, -0.511938, 0.544374

271
0.0260507, -0.0198613, 0.00983552
0.159888, -0.986194, -0.0430952
-0.207862, -0.0763137, 0.975177
-0.965002, -0.146961, -0.217194

272
0.0306461, 0.00108175, 0.0168535
-0.0457099, 0.998929, -0.00723145
-0.822514, -0.0335273, 0.567755
0.566904, 0.0319, 0.823166

273
0.0174381, -0.0563413, 0.0215934
-0.813395, -0.579527, 0.0503716
0.415356, -0.639226, -0.647201
0.40727, -0.505508, 0.760653

274
-0.0583463, -0.0688616, 0.0228573
-0.0722522, 0.121107, -0.990006
0.219461, -0.966343, -0.134229
-0.972942, -0.226966, 0.0432421

275
-0.017756, -0.0772318, 0.0140589
-0.377022, -0.109629, 0.919693
-0.558512, -0.765215, -0.320173
0.738863, -0.634372, 0.227274

276
0.100452, 0.0193199, 0.00806782
-0.24351, 0.966592, -0.08002
0.226774, 0.136958, 0.96427
0.943015, 0.216663, -0.252548

277
-0.00919164, -0.0634631, -0.00171236
-0.98063, -0.195847, -0.00298593
0.0131865, -0.0508013, -0.998622
0.195425, -0.979318, 0.0523998

278
0.111621, -0.0054087, -0.00342364
0.159888, -0.986194, -0.0430952
-0.535379, -0.0499552, -0.843133
0.82934, 0.157879, -0.535975

279
-0.0930752, -0.00425576, 0.00802208
0.0349257, -0.999292, 0.0139708
0.70583, 0.0345609, 0.707538
-0.70752, -0.0148502, 0.706537

280
-0.0511645, 0.00130371, -0.00934362
0.0985823, 0.9951, -0.00762743
-0.298492, 0.0222573, -0.954153
-0.949307, 0.0963393, 0.299223

281
0.0174139, 0.047356, 0.0214001
-0.482783, 0.378116, -0.789905
-0.823573, -0.502694, 0.262729
-0.297738, 0.777385, 0.554098

282
-0.0094906, 0.00464062, -0.0419756
0.432456, -0.901643, 0.00462609
-0.316792, -0.156743, -0.935454
0.844171, 0.403078, -0.353417

283
-0.0308852, 0.00367944, 0.0164186
-0.503343, -0.863489, 0.0321448
0.483312, -0.312178, -0.817896
0.716279, -0.396146, 0.574467

284
-0.0038073, -0.0155911, -0.0152084
-0.61235, -0.790576, 0.00401952
0.14141, -0.11453, -0.983304
0.777837, -0.601558, 0.181928

285
-0.0455629, -0.0374988, 0.0269524
-0.161989, 0.00943304, 0.986747
-0.671883, -0.73342, -0.103288
0.722726, -0.679711, 0.125144

286
-0.0220246, -0.00414069, 0.0172364
-0.993629, 0.112602, -0.00465343
-0.0909814, -0.825839, -0.556518
-0.0665082, -0.552549, 0.830823

287
0.00962046, -0.064982, 0.0177359
-0.895523, -0.444702, 0.0167031
0.267714, -0.568334, -0.778027
0.355483, -0.692269, 0.628009

288
-0.00805969, -0.0378246, 0.0408082
-0.946193, -0.312664, 0.0834294
0.322457, -0.88929, 0.324322
-0.0272108, 0.333774, 0.94226

289
-0.0210354, -0.00140471, 0.0123102
0.142105, -0.989824, 0.00745029
0.725609, 0.099047, -0.680942
0.673274, 0.102171, 0.7323

290
-0.0410215, -0.0673453, 0.00789536
-0.961855, 0.273522, 0.00452766
-0.179484, -0.618503, -0.76501
-0.206447, -0.736641, 0.644003

291
-0.074773, 0.0279888, 0.0245947
0.0695506, -0.131454, -0.988879
0.565985, -0.81109, 0.147627
-0.821477, -0.569958, 0.0179889

292
-0.0221796, -0.0621819, 0.0107302
-0.144493, -0.196717, 0.969755
-0.431655, -0.869342, -0.240664
0.890391, -0.453374, 0.0406999

293
-0.0620095, -0.00886898, -0.023345
-0.673578, -0.324937, 0.663859
-0.738652, 0.327786, -0.589025
-0.0262076, -0.887114, -0.460805

294
-0.0264983, -0.00396939, -0.0331513
-0.190663, 0.981361, -0.0240457
0.295944, 0.0341075, -0.954596
-0.935983, -0.189123, -0.296931

295
0.015399, 0.0480698, 0.0219995
0.0589549, -0.159994, -0.985356
0.179646, 0.972658, -0.147184
0.981963, -0.168338, 0.0860852

296
-0.0247244, 0.0724278, -0.00174086
0.128529, 0.297734, 0.945957
0.611794, 0.726921, -0.31192
-0.780505, 0.618822, -0.0887217

297
-0.0826352, -0.00330825, 0.0241904
0.0989075, -0.125459, -0.987156
0.893163, -0.426173, 0.143653
-0.438722, -0.8959, 0.0699037

298
-0.00909039, -0.00499499, -0.0419109
-0.220039, -0.975432, 0.0107078
-0.345715, 0.067713, -0.935893
0.912175, -0.209635, -0.352121

299
-0.0756356, 0.0429872, 0.0113064
-0.637851, -0.770149, 0.00413479
0.550379, -0.452065, 0.701941
-0.53873, 0.450009, 0.712223

300
0.0346004, -0.015166, 0.0136688
0.194345, 0.159341, 0.967905
-0.938317, -0.25748, 0.230791
0.285991, -0.953055, 0.0994725

301
-0.0490462, 0.0457757, 0.0190342
0.869494, 0.49394, 0.00175632
-0.457202, 0.806158, -0.375601
-0.18694, 0.32578, 0.92678

302
-0.00425058, -0.00736972, -0.0371068
-0.467336, 0.854663, -0.226158
0.638938, 0.149709, -0.75455
-0.611029, -0.497129, -0.616041

303
-0.0394384, 0.0578056, 0.01441
0.17322, -0.105561, -0.97921
-0.666376, 0.719544, -0.195449
