0
-0.0735218, -0.0338379, -0.00821071
-0.643761, 0.76502, -0.0177681
0.0111191, -0.0138654, -0.999842
-0.765146, -0.643857, 0.000419723

1
0.08369, 0.00347795, -0.00544108
0.0425348, -0.998901, 0.0196826
-0.00334738, -0.0198428, -0.999798
0.999089, 0.0424603, -0.00418771

2
0.0757853, 0.0233093, -0.00904279
0.799246, -0.600948, 0.00818785
-0.00320571, -0.0178861, -0.999835
0.600996, 0.799088, -0.0162219

3
0.076282, 0.0133186, -0.0085618
0.239357, -0.970753, 0.0186089
-0.00195633, -0.0196482, -0.999805
0.97093, 0.239274, -0.00660204

4
-0.0122755, -0.0135101, -0.00926928
0.00280827, -0.999983, 0.0051781
-0.0207373, -0.00523524, -0.999771
0.999781, 0.00270025, -0.0207517

5
-0.0695122, -0.0313118, -0.00813059
-0.593278, 0.804817, -0.0170364
0.00848092, -0.0149132, -0.999853
-0.804953, -0.593335, 0.00202207

6
-0.0030873, 0.0276584, -0.00836849
0.886028, -0.463487, 0.0116022
0.00901237, -0.00780217, -0.999929
0.463544, 0.886069, -0.00273582

7
0.00476242, 0.0147532, -0.0115884
-0.0318773, 0.999266, -0.0212417
0.00780903, -0.0210028, -0.999749
-0.999461, -0.0320352, -0.00713378

8
-0.0263405, -0.0242886, -0.00757786
-0.992948, -0.118524, -0.00259498
0.00412638, -0.0126771, -0.999911
0.118481, -0.99287, 0.0130767

9
0.101631, -0.0303985, 0.0320934
0.115033, 0.993269, -0.0135625
-0.889553, 0.109078, 0.443619
0.442113, -0.0389661, 0.896113

10
-0.0373264, 0.0122998, -0.00738359
0.999726, -0.0181403, 0.0148149
0.0140178, -0.043304, -0.998964
0.0187631, 0.998897, -0.0430379

11
-0.08041, -0.0237518, -0.00822074
-0.622034, 0.782777, -0.0182548
0.0111854, -0.0144281, -0.999833
-0.78291, -0.622134, 0.000219136

12
-0.00927349, -0.0115843, -0.00835261
-0.0187707, -0.999807, 0.00587869
-0.00252829, -0.00583224, -0.99998
0.999821, -0.0187852, -0.00241832

13
0.00496486, -0.0179629, -0.00621252
0.0939732, 0.995437, -0.0165803
0.0179743, -0.0183477, -0.99967
-0.995412, 0.0936441, -0.0196165

14
0.0688865, 0.016966, -0.0118799
0.852318, -0.522991, 0.00588091
-0.00176872, -0.0141261, -0.999899
0.523021, 0.852221, -0.012965

15
-0.0237691, -0.024578, -0.0105395
-0.998749, -0.049946, -0.00236481
0.00305311, -0.0137091, -0.999901
0.0499086, -0.998658, 0.0138445

16
0.0426983, 0.0763766, -0.00132959
0.999967, 0.00251904, -0.00769771
-0.00769221, -0.00218772, -0.999968
-0.0025358, 0.999994, -0.00216827

17
0.0455374, 0.0183239, -0.0086802
0.879423, -0.475996, 0.00655806
0.0014973, -0.0110104, -0.999938
0.476039, 0.879378, -0.00897007

18
0.00202249, -0.020315, -0.00568748
0.106733, 0.99417, -0.0153123
0.00743023, -0.0161973, -0.999841
-0.99426, 0.106602, -0.0091157

19
-0.106262, -0.0199359, -0.00867125
-0.00577849, 0.999974, -0.004323
0.00881598, -0.00427196, -0.999952
-0.999944, -0.00581632, -0.00879106

20
-0.013316, 0.0184057, -0.0104801
-0.199008, -0.97999, 0.00397983
-0.0448598, 0.00505281, -0.998981
0.978971, -0.198984, -0.0449677

21
-0.10259, 0.0215275, -0.00566333
0.16353, 0.986494, -0.00936714
0.00698505, -0.0106525, -0.999919
-0.986514, 0.163451, -0.00863271

22
-0.106237, -0.00904272, -0.00568346
0.0321014, 0.999467, -0.00595174
0.00883961, -0.00623848, -0.999941
-0.999446, 0.0320469, -0.00903517

23
0.0339029, 0.00234707, 0.0447582
0.0425348, -0.998901, 0.0196826
0.999089, 0.0424603, -0.00418771
0.00334738, 0.0198428, 0.999798

24
0.101683, -0.00151635, 0.0121016
0.0161701, 0.999564, -0.024712
-0.716512, 0.0288223, 0.696979
0.697387, 0.00643621, 0.716666

25
-0.01246, 0.000105296, -0.0124381
-0.0848091, -0.996361, 0.00853319
-0.024766, -0.00645349, -0.999672
0.996089, -0.0849927, -0.0241286

26
-0.0157422, 0.01623, -0.0113985
-0.122229, -0.992469, 0.00813798
-0.0638562, -0.000318695, -0.997959
0.990446, -0.122499, -0.0633363

27
0.089591, -0.00544036, -0.00837602
-0.075833, -0.996918, 0.020092
-0.00440273, -0.019815, -0.999794
0.997111, -0.0759058, -0.00288652

28
0.0398332, 0.0763711, 0.00169462
0.999975, -0.000617649, -0.0070478
-0.0070488, -0.00162737, -0.999974
0.000606163, 0.999998, -0.00163168

29
-0.018644, 0.00910542, -0.00967483
-0.0845598, -0.996381, 0.00860363
-0.0892724, -0.00102413, -0.996007
0.992411, -0.0849901, -0.0888627

30
-0.0143413, 0.0431105, 0.0372458
-0.99952, -0.0296321, -0.00906728
0.0309503, -0.969098, -0.244726
-0.00153534, -0.244889, 0.96955

31
-0.0115096, 0.00923265, -0.0117178
0.999952, 0.005482, 0.00814442
0.00850672, -0.0696788, -0.997533
-0.00490098, 0.997554, -0.0697221

32
-0.0696902, 0.00695216, 0.0368887
-0.0374818, -0.999295, 0.00220903
0.961712, -0.0366725, -0.271597
0.271487, -0.00805551, 0.962408

33
-0.0218401, 0.0091953, -0.0145499
-0.0828134, -0.996531, 0.00826086
-0.126612, 0.00229883, -0.99195
0.988489, -0.0831926, -0.126364

34
-0.0318841, 0.0123146, -0.013203
0.999898, -0.00712715, 0.0123465
0.0120555, -0.039517, -0.999146
0.00760896, 0.999193, -0.039427

35
-0.0830074, -0.0242519, -0.00826265
-0.632026, 0.774739, -0.0179534
0.0118287, -0.01352, -0.999839
-0.774857, -0.632136, -0.000619147

36
0.0736711, 0.00770444, 0.0464359
-0.0959647, 0.993144, -0.0667572
-0.847968, -0.116691, -0.517042
-0.521287, 0.00699014, 0.853353

37
-0.0199984, 0.0196353, -0.0139791
-0.235839, -0.971792, 0.00103638
-0.111949, 0.0261089, -0.993371
0.965322, -0.234392, -0.114948

38
-0.025148, -0.0426164, -0.0145327
0.0448992, -0.990819, 0.127519
-0.181689, -0.133618, -0.974236
0.98233, 0.0205735, -0.186021

39
0.0360744, -0.014223, 0.0374027
-0.999475, -0.0324026, 2.10167e-05
0.0295821, -0.912209, 0.408656
-0.0132224, 0.408442, 0.912688

40
-0.0877228, 0.0449237, 0.0434644
-0.147887, -0.964206, -0.220082
0.984977, -0.163655, 0.0551209
-0.0891653, -0.208624, 0.973923

41
-0.00868435, -0.0445037, 0.039725
0.999961, 0.00485185, 0.00732336
-0.00258232, 0.959158, -0.282858
-0.00839665, 0.282828, 0.959134

42
-0.0621077, 0.00337903, 0.0346055
-0.139038, -0.989073, 0.0490269
0.606106, -0.124146, -0.785636
0.783137, -0.079518, 0.616744

43
-0.10265, 0.027163, -0.00854375
0.156214, 0.987682, -0.00898477
0.00476114, -0.00984931, -0.99994
-0.987712, 0.156162, -0.00624109

44
0.0428239, -0.0249388, 0.0387632
0.852318, -0.522991, 0.00588091
0.523021, 0.852221, -0.012965
0.00176872, 0.0141261, 0.999899

45
-0.00536957, -0.0310419, 0.03183
0.999892, -0.00837313, 0.0120816
0.0145485, 0.681186, -0.731966
-0.00210096, 0.732063, 0.681234

46
0.0335359, -0.0292581, 0.0330915
0.999983, 0.00575531, -0.000116791
-0.00414857, 0.706451, -0.70775
-0.00399081, 0.707738, 0.706463

47
-0.0649339, 0.01324, 0.0413658
-0.0828134, -0.996531, 0.00826086
0.988489, -0.0831926, -0.126364
0.126612, -0.00229883, 0.99195

48
-0.00934914, 0.00689808, -0.0234081
-0.999266, -0.0371048, -0.00952593
0.000195862, 0.243715, -0.969847
0.0383076, -0.969137, -0.243529

49
0.0499972, -0.0769663, 0.0111638
-0.998174, -0.0603861, -0.00171286
0.0179963, -0.27017, -0.962644
0.0576676, -0.960917, 0.270764

50
-0.022483, -0.025978, -0.00448112
-0.966759, -0.255684, -0.001737
0.00551729, -0.0140685, -0.999886
0.25563, -0.966658, 0.0150115

51
-0.0283254, -0.0055281, -0.0184386
-0.017264, -0.999844, 0.00372342
-0.204172, -0.000120182, -0.978935
0.978783, -0.0176605, -0.204139

52
-0.0353127, 0.0781511, 0.00365595
0.999992, 0.00201529, 0.00346551
0.00239636, 0.392518, -0.919741
-0.00321382, 0.919742, 0.39251

53
-0.0333328, -0.0639917, -0.010909
-0.946934, 0.321305, -0.00887803
0.006333, -0.0089652, -0.99994
-0.321365, -0.946933, 0.00645463

54
0.0821183, -0.0292695, 0.0507629
0.180503, 0.983514, 0.0109011
-0.983545, 0.1804, 0.00978396
0.0076561, -0.0124878, 0.999893

55
-0.00483963, -0.0472781, -0.00731081
-0.972834, 0.231438, -0.00556995
0.00115512, -0.0192068, -0.999815
-0.231502, -0.97266, 0.0184177

56
0.0426354, -0.0395835, 0.038267
0.9999, 0.0141768, -1.23213e-06
-0.0140349, 0.989875, -0.141246
-0.0020012, 0.141232, 0.989975

57
-0.00339702, -0.0265205, -0.00437742
-0.917661, -0.397346, 0.0037958
0.00330618, -0.017187, -0.999847
0.39735, -0.917508, 0.0170855

58
0.0554028, -0.0176991, -0.0191507
0.230645, 0.972099, 0.0427264
0.51327, -0.0842417, -0.854083
-0.826654, 0.21892, -0.518379

59
-0.0260535, -0.00736228, -0.0182212
0.99994, -0.00144438, 0.0108739
0.0101252, -0.259821, -0.965604
0.00421995, 0.965656, -0.25979

60
-0.102651, 0.0301598, -0.0115117
0.156142, 0.987697, -0.00865526
0.00417952, -0.00942334, -0.999947
-0.987726, 0.156097, -0.00559948

61
-0.0693314, -0.0295599, 0.0397425
0.134931, -0.990847, 0.00387874
0.950863, 0.128383, -0.281739
0.278663, 0.0417034, 0.959483

62
0.0659161, -0.0261662, 0.039135
0.115033, 0.993269, -0.0135625
-0.94163, 0.104683, -0.319961
-0.316388, 0.0495768, 0.947334

63
-0.0212413, -0.0115575, 0.030441
0.0321014, 0.999467, -0.00595174
-0.712965, 0.0270718, 0.700677
0.700464, -0.0182493, 0.713454

64
0.0334675, -0.0184693, -0.0214079
0.999983, 0.00575531, -0.000116791
0.00209944, -0.383518, -0.923531
-0.00536, 0.923516, -0.383524

65
-0.00531443, 0.0333612, 0.0387584
0.999991, -0.00416751, 0.000915679
0.00414849, 0.999794, 0.0198789
-0.000998335, -0.0198749, 0.999802

66
-0.0649374, 0.0296068, 0.0378595
-0.167025, -0.985947, -0.00337537
0.968145, -0.16336, -0.189761
0.186543, -0.0349627, 0.981824

67
-0.0111027, -0.0335539, 0.036646
-0.999721, 0.0165703, -0.0168205
-0.0233887, -0.597332, 0.801653
0.00323617, 0.801823, 0.597553

68
0.0420337, 0.00284868, -0.018294
0.9999, 0.0141768, -1.23213e-06
0.0020012, -0.141232, -0.989975
-0.0140349, 0.989875, -0.141246

69
-0.0671275, -0.0104224, 0.0407294
0.000469586, -0.99999, 0.00445025
0.979232, -0.000442419, -0.202741
0.202741, 0.00445303, 0.979222

70
0.0454027, 0.00416359, -0.0169574
-0.991697, 0.128336, 0.00814339
0.0222477, 0.233597, -0.972079
-0.126655, -0.963827, -0.234513

71
-0.0353137, 0.0286245, 0.0327445
0.999992, 0.00201529, 0.00346551
-0.00388623, 0.699521, 0.714601
-0.000984067, -0.714609, 0.699523

72
-0.0570531, -0.0146391, -0.0178376
0.273518, -0.957911, -0.0871503
-0.495819, -0.0627715, -0.866155
0.824228, 0.280119, -0.492119

73
0.0365608, 0.0459318, 0.0393298
-0.998988, 0.0437263, 0.0105097
-0.0448357, -0.950231, -0.308303
-0.00349432, -0.308463, 0.95123

74
-0.0239849, -0.00466662, 0.00567556
0.999895, -0.0142616, 0.00254988
0.00151782, 0.278153, 0.960536
-0.0144081, -0.960431, 0.278145

75
0.0308154, 0.0153831, -0.0194697
-0.0153345, 0.999744, -0.0166297
0.28501, -0.0115713, -0.958455
-0.958402, -0.019437, -0.284759

76
-0.0260666, 0.0211411, 0.0254977
-0.199008, -0.97999, 0.00397983
0.660516, -0.13713, -0.738183
0.723957, -0.144276, 0.674589

77
0.0727236, 0.06235, -0.012283
0.800148, -0.599759, 0.00719763
-0.00685349, -0.0211413, -0.999753
0.599763, 0.799901, -0.0210266

78
-0.0135949, 0.00893226, 0.0301134
-0.0250251, -0.999495, 0.0195893
0.707164, -0.00384836, 0.707039
-0.706607, 0.0315466, 0.706903

79
0.0361552, -0.0200727, -0.0179119
0.180503, 0.983514, 0.0109011
0.369313, -0.0574989, -0.927525
-0.911607, 0.171447, -0.373603

80
0.0600305, -0.0770331, 0.0101361
-0.988565, 0.0549317, -0.140432
0.127109, -0.197492, -0.972029
-0.0811293, -0.978764, 0.188251

81
0.0357162, 0.0289239, 0.0298103
-0.998988, 0.0437263, 0.0105097
-0.0400855, -0.759855, -0.648855
-0.0203862, -0.64862, 0.760839

82
-0.080327, -0.0302788, -0.00522533
-0.69256, 0.721126, -0.018371
0.0126333, -0.0133383, -0.999831
-0.72125, -0.692675, 0.000127391

83
-0.0283029, -0.0106672, -0.0183688
0.000469586, -0.99999, 0.00445025
-0.202741, -0.00445303, -0.979222
0.979232, -0.000442419, -0.202741

84
0.0748916, 0.0516568, -0.00606749
0.646234, -0.763045, 0.0119935
-0.00500661, -0.0199548, -0.999788
0.763122, 0.646038, -0.0167157

85
-0.0351619, 0.0143579, -0.00276479
0.999992, 0.00201529, 0.00346551
-0.00344382, -0.0106689, 0.999937
0.00205214, -0.999941, -0.0106619

86
-0.0511686, 0.0108047, -0.0205478
-0.998958, -0.0454372, 0.00436106
-0.0180658, 0.30582, -0.951918
0.0419188, -0.951004, -0.306322

87
-0.0474535, -0.00923614, -0.0201382
0.143953, -0.9887, -0.0418294
-0.419603, -0.0227028, -0.907424
0.89622, 0.148179, -0.418129

88
-0.0349091, -0.0309554, 0.0317351
-0.999481, 0.0265525, -0.0182241
-0.0314108, -0.678854, 0.733601
0.00710739, 0.733793, 0.679336

89
0.0431201, 0.0314643, 0.0387667
0.999967, 0.00251904, -0.00769771
-0.0025358, 0.999994, -0.00216827
0.00769221, 0.00218772, 0.999968

90
-0.00463266, -0.022171, -0.0230093
0.999892, -0.00837313, 0.0120816
0.00750852, -0.415659, -0.909489
0.0126371, 0.909482, -0.415552

91
-0.051311, 0.0262088, -0.022118
-0.503335, -0.863241, 0.0383354
-0.412874, 0.20129, -0.888266
0.759071, -0.462923, -0.457726

92
-0.0339027, -0.0177005, -0.00415023
-0.999481, 0.0265525, -0.0182241
-0.0171851, 0.0388472, 0.999097
0.0272364, 0.998892, -0.0383707

93
-0.0119693, 0.0737374, 0.0075309
-0.999239, -0.0378099, -0.00960676
0.0167389, -0.637983, 0.769869
-0.0352376, 0.769122, 0.63813

94
-0.105402, -0.00966571, 0.0110138
-0.0187707, -0.999807, 0.00587869
0.384951, -0.00180051, 0.922935
-0.922746, 0.0195872, 0.38491

95
0.0588539, -0.0214318, -0.0201461
0.22217, 0.974472, 0.0323205
0.531149, -0.0931656, -0.84214
-0.817631, 0.204266, -0.538289

96
-0.0158143, 0.00259311, 0.0412821
-0.917661, -0.397346, 0.0037958
0.368369, -0.854244, -0.36684
0.149005, -0.335236, 0.930276

97
-0.0688023, 0.0292031, 0.0395827
-0.161165, -0.986918, 0.00433274
0.943591, -0.155374, -0.292396
0.289244, -0.0430358, 0.956287

98
-0.108195, 0.0168272, 0.00443661
-0.0845598, -0.996381, 0.00860363
0.462256, -0.0315782, 0.886184
-0.882705, 0.0789126, 0.463254

99
-0.0111163, -0.0809045, 0.000665282
0.999952, 0.005482, 0.00814442
-0.0097347, 0.446122, 0.894919
0.00127254, -0.894955, 0.446154

100
-0.0409271, -0.0233608, -0.0200413
0.234154, -0.971998, -0.0197865
-0.350683, -0.0654621, -0.934203
0.906749, 0.225686, -0.356192

101
0.0272166, 0.0232689, -0.0201299
-0.0406029, 0.999129, -0.00960249
0.238157, 0.000343986, -0.971227
-0.970378, -0.0417216, -0.237964

102
0.0948424, -0.00520971, 0.00777994
-0.0854145, -0.996137, 0.0203732
0.377312, -0.0512643, -0.924666
0.922139, -0.0712928, 0.380233

103
0.0518027, -0.0204266, -0.00198374
0.22217, 0.974472, 0.0323205
0.177824, -0.00790466, -0.984031
-0.958655, 0.22437, -0.175041

104
-0.0234298, 0.0202143, 0.0447606
-0.917661, -0.397346, 0.0037958
0.39735, -0.917508, 0.0170855
-0.00330618, 0.017187, 0.999847

105
0.0449003, -0.00526976, -0.0174694
-0.980064, 0.198653, -0.00326751
0.0279605, 0.121624, -0.992182
-0.196703, -0.972494, -0.124754

106
0.11425, -0.0126074, 0.0240284
0.117685, 0.99298, 0.0118636
-0.805648, 0.0884843, 0.585749
0.580587, -0.0784915, 0.810406

107
-0.027864, 0.0474347, 0.00241153
0.0497994, -0.981821, -0.18316
0.14613, 0.188577, -0.971126
0.988011, 0.0215962, 0.152865

108
0.0308529, -0.00337978, 0.00330748
0.999993, -0.00280389, 0.00242202
0.00286529, 0.170777, -0.985306
0.00234907, 0.985306, 0.170784

109
-0.0736015, -0.00744501, 0.0411542
0.044182, -0.998933, -0.0134679
0.926674, 0.0460154, -0.373039
0.373261, 0.00400127, 0.927718

110
0.0490582, 0.0180377, -0.0117038
0.873705, -0.486416, 0.00623976
0.000858224, -0.0112857, -0.999936
0.486455, 0.873654, -0.00944288

111
-0.0477047, 0.00623262, 0.0214945
-0.997655, -0.0681685, -0.00609868
0.0454217, -0.592818, -0.804055
0.0511958, -0.802446, 0.594524

112
-0.053491, 0.00130625, 0.0172257
-0.139038, -0.989073, 0.0490269
0.260275, -0.0842656, -0.96185
0.955471, -0.120974, 0.269147

113
-0.0087018, -0.0272274, 0.0306623
0.999961, 0.00485185, 0.00732336
0.000827503, 0.777913, -0.628371
-0.0087457, 0.628353, 0.777879

114
0.0366907, -0.0332319, 0.0417483
-0.999475, -0.0324026, 2.10167e-05
0.0323902, -0.999075, 0.0282782
-0.00089529, 0.028264, 0.9996

115
-0.0685367, 0.0425864, 0.0408124
-0.147887, -0.964206, -0.220082
0.944122, -0.0713602, -0.321779
0.294556, -0.255371, 0.920881

116
0.0496801, 0.0191287, 0.0322141
-0.980064, 0.198653, -0.00326751
-0.17103, -0.851924, -0.49495
-0.101107, -0.484524, 0.868916

117
-0.0651101, 0.038057, 0.0425534
0.0497994, -0.981821, -0.18316
0.968725, 0.0921176, -0.230405
0.243089, -0.165958, 0.955702

118
0.0306481, -0.0416809, 0.0435513
0.999993, -0.00280389, 0.00242202
0.00326675, 0.975657, -0.219277
-0.00174823, 0.219283, 0.97566

119
0.0299143, 0.0614607, 0.0334252
0.230919, 0.847212, 0.478444
-0.558914, 0.518011, -0.647518
-0.796424, -0.117884, 0.593137

120
-0.0137432, 0.0254996, 0.028873
-0.99952, -0.0296321, -0.00906728
0.0291819, -0.801615, -0.597128
0.0104257, -0.597106, 0.802095

121
-0.0466277, -0.0223077, 0.0336283
-0.998373, 0.0534933, -0.0197462
-0.0555808, -0.835587, 0.54654
0.0127366, 0.546748, 0.8372

122
-0.0148644, 0.0604295, 0.0441084
-0.999635, -0.0258386, -0.00792557
0.0242176, -0.986536, 0.161742
-0.011998, 0.161491, 0.986801

123
0.0594531, -0.00622085, 0.0330558
0.117685, 0.99298, 0.0118636
-0.580587, 0.0784915, -0.810406
-0.805648, 0.0884843, 0.585749

124
-0.063318, 0.0394977, 0.0371386
-0.738866, 0.626165, 0.248989
-0.654842, -0.754355, -0.0461472
0.15893, -0.197145, 0.967406

125
-0.112069, -0.0137283, 0.00269943
0.00280827, -0.999983, 0.0051781
0.401758, 0.00587008, 0.915727
-0.915741, -0.000491267, 0.401768

126
-0.0651569, -0.00092142, -0.0248919
-0.155829, -0.98582, 0.0622517
-0.516232, 0.0275469, -0.856006
0.842153, -0.165527, -0.513205

127
-0.0138325, 0.0231852, 0.0353754
-0.999635, -0.0258386, -0.00792557
0.0256083, -0.811777, -0.583405
0.00864056, -0.583395, 0.812143

128
-0.0487793, -0.0598571, 0.0406909
-0.998373, 0.0534933, -0.0197462
-0.0483077, -0.977458, -0.205528
-0.0302954, -0.20424, 0.978452

129
-0.0887977, 0.0157143, 0.0213397
-0.738866, 0.626165, 0.248989
-0.575424, -0.394007, -0.716691
-0.350663, -0.672812, 0.651429

130
0.0507247, -0.00474158, -0.00417451
0.117685, 0.99298, 0.0118636
0.159142, -0.00706599, -0.98723
-0.980216, 0.11807, -0.158856

131
-0.0406001, -0.0360173, -0.0211151
0.193926, -0.978236, 0.0738094
-0.358188, -0.140649, -0.922995
0.913288, 0.152555, -0.377668

132
-0.0266515, -0.0251659, 0.0344025
0.99994, -0.00144438, 0.0108739
0.00777347, 0.792721, -0.609536
-0.00773954, 0.609583, 0.792684

133
-0.012717, 0.00690002, -0.023468
-0.99952, -0.0296321, -0.00906728
0.00153534, 0.244889, -0.96955
0.0309503, -0.969098, -0.244726

134
-0.0230225, 0.0652132, 0.0191025
0.999895, -0.0142616, 0.00254988
0.0127305, 0.780878, -0.624554
0.00691601, 0.624521, 0.780978

135
0.0985523, -0.00591927, -0.01136
-0.0854145, -0.996137, 0.0203732
-0.00429688, -0.0200794, -0.999789
0.996336, -0.085484, -0.00256521

136
-0.0175812, -0.0161968, 0.0387653
-0.946934, 0.321305, -0.00887803
-0.321365, -0.946933, 0.00645463
-0.006333, 0.0089652, 0.99994

137
-0.0361238, -0.0657027, 0.0477232
-0.999481, 0.0265525, -0.0182241
-0.0272364, -0.998892, 0.0383707
-0.0171851, 0.0388472, 0.999097

138
-0.0321437, 0.00926777, 0.00606485
0.999898, -0.00712715, 0.0123465
0.0140497, 0.345866, -0.938179
0.00241631, 0.938257, 0.345931

139
-0.0584845, -0.000818508, -0.00655972
-0.155829, -0.98582, 0.0622517
-0.154658, -0.0378944, -0.987241
0.975601, -0.163469, -0.14656

140
-0.0258573, 0.023187, -0.0207198
-0.167025, -0.985947, -0.00337537
-0.186543, 0.0349627, -0.981824
0.968145, -0.16336, -0.189761

141
-0.0673038, 0.00291521, 0.0304909
-0.155829, -0.98582, 0.0622517
0.580494, -0.142385, -0.801719
0.799214, -0.0887945, 0.594451

142
-0.0064923, 0.0655018, -0.00610539
0.923101, 0.384504, -0.00634993
0.000858176, -0.018572, -0.999827
-0.384556, 0.922936, -0.0174738

143
-0.013962, 0.0770356, 0.00557117
0.999952, -0.00969435, 0.00173642
0.00279599, 0.110379, -0.993886
0.00944341, 0.993842, 0.1104

144
-0.0105406, 0.0255531, 0.0289097
-0.999266, -0.0371048, -0.00952593
0.0354665, -0.8021, -0.596135
0.0144787, -0.596036, 0.802827

145
-0.0814529, 0.00597758, 0.0435686
-0.155829, -0.98582, 0.0622517
0.842153, -0.165527, -0.513205
0.516232, -0.0275469, 0.856006

146
-0.0500604, 0.0389435, 0.0412155
-0.997655, -0.0681685, -0.00609868
0.0683189, -0.986601, -0.14816
0.0040829, -0.148229, 0.988945

147
-0.0610262, 0.00467761, 0.0387519
-0.0848091, -0.996361, 0.00853319
0.996089, -0.0849927, -0.0241286
0.024766, 0.00645349, 0.999672

148
-0.0300212, 0.0103863, 0.0268407
-0.0845598, -0.996381, 0.00860363
0.638616, -0.0608213, -0.767119
0.764866, -0.0593729, 0.641448

149
-0.0267708, -0.042654, 0.0430485
0.99994, -0.00144438, 0.0108739
0.00421995, 0.965656, -0.25979
-0.0101252, 0.259821, 0.965604

150
-0.0281506, -0.0105803, 0.00113949
0.000469586, -0.99999, 0.00445025
0.187428, -0.00428337, -0.982269
0.982278, 0.00129536, 0.187424

151
-0.00931647, 0.0106189, -0.0199787
-0.999239, -0.0378099, -0.00960676
-0.00197985, 0.295089, -0.955468
0.038961, -0.954721, -0.294939

152
0.0720829, 0.0495798, 0.0131263
0.646234, -0.763045, 0.0119935
0.287409, 0.228792, -0.930081
0.706949, 0.604497, 0.367159

153
-0.00854447, -0.00892605, -0.00294578
0.999961, 0.00485185, 0.00732336
0.00676928, 0.105755, -0.994369
-0.00559901, 0.99438, 0.105718

154
-0.0394706, 0.0438032, 0.0159498
-0.147887, -0.964206, -0.220082
0.459312, 0.130116, -0.878693
0.875878, -0.231034, 0.423629

155
-0.0582814, 9.86303e-05, -0.0207224
-0.139038, -0.989073, 0.0490269
-0.491578, 0.0259565, -0.870447
0.859663, -0.145126, -0.489815

156
0.0377376, -0.0655361, 0.0244752
-0.999475, -0.0324026, 2.10167e-05
0.0235364, -0.726439, -0.686828
0.0222703, -0.686467, 0.72682

157
-0.036085, 0.0235862, -0.0228515
-0.161165, -0.986918, 0.00433274
-0.289244, 0.0430358, -0.956287
0.943591, -0.155374, -0.292396

158
-0.057291, -0.00657977, 0.0304855
0.044182, -0.998933, -0.0134679
0.713294, 0.0409815, -0.699665
0.699471, 0.021306, 0.714344

159
-0.102625, -0.019832, 0.0104955
-0.00577849, 0.999974, -0.004323
-0.374517, -0.00617259, -0.927199
-0.927202, -0.00373877, 0.374543

160
0.0457272, -0.00608701, 0.000680053
-0.998174, -0.0603861, -0.00171286
0.00544203, -0.118122, 0.992984
-0.0601648, 0.991161, 0.118235

161
0.0344937, 0.0138434, -0.0236469
-0.998988, 0.0437263, 0.0105097
0.00349432, 0.308463, -0.95123
-0.0448357, -0.950231, -0.308303

162
0.0817266, 0.0084396, 0.037297
-0.00519113, 0.999765, -0.0210631
-0.970803, 1.30084e-05, 0.239878
0.239822, 0.0216933, 0.970575

163
-0.0354754, -0.0105033, 0.0192211
0.000469586, -0.99999, 0.00445025
0.549062, -0.00346161, -0.835774
0.835781, 0.00283593, 0.549055

164
0.0638929, 0.0429013, 0.0295252
0.646234, -0.763045, 0.0119935
0.536069, 0.442707, -0.718777
0.543149, 0.470928, 0.695137

165
-0.00942687, 0.00860627, -0.000574035
-0.999239, -0.0378099, -0.00960676
0.0130806, -0.0927293, -0.995605
0.0367529, -0.994973, 0.0931533

166
-0.0351789, 0.0055213, -0.0248116
-0.0374818, -0.999295, 0.00220903
-0.271487, 0.00805551, -0.962408
0.961712, -0.0366725, -0.271597

167
-0.0116899, -0.0371611, 0.041645
0.999952, 0.005482, 0.00814442
-0.00490098, 0.997554, -0.0697221
-0.00850672, 0.0696788, 0.997533

168
-0.0357214, -0.0252259, -0.0223187
0.134931, -0.990847, 0.00387874
-0.278663, -0.0417034, -0.959483
0.950863, 0.128383, -0.281739

169
-0.0654745, 0.0156805, -0.0217335
-0.979373, -0.17047, 0.108481
-0.165586, 0.369429, -0.914387
0.1158, -0.913489, -0.390037

170
0.0519099, -0.000203952, 0.0326173
0.0161701, 0.999564, -0.024712
-0.697387, -0.00643621, -0.716666
-0.716512, 0.0288223, 0.696979

171
-0.102602, -0.00904533, 0.013484
0.0321014, 0.999467, -0.00595174
-0.374305, 0.00650021, -0.927283
-0.92675, 0.0319948, 0.374314

172
-0.0459308, -0.0053443, -0.0238836
0.044182, -0.998933, -0.0134679
-0.373261, -0.00400127, -0.927718
0.926674, 0.0460154, -0.373039

173
-0.0522434, -0.0342289, 0.0331787
0.193926, -0.978236, 0.0738094
0.706695, 0.0871183, -0.702134
0.680423, 0.188323, 0.708209

174
0.0432117, -0.0518476, -0.0216641
0.182594, 0.962749, -0.199434
0.416788, -0.259512, -0.871172
-0.890476, 0.0759487, -0.448648

175
-0.0112743, 0.0431692, 0.0372606
-0.999266, -0.0371048, -0.00952593
0.0383076, -0.969137, -0.243529
-0.000195862, -0.243715, 0.969847

176
0.0373139, -0.0524559, 0.0384849
-0.999475, -0.0324026, 2.10167e-05
0.0302673, -0.933841, -0.356405
0.0115681, -0.356217, 0.934332

177
-0.0521474, 0.000154327, -0.00220292
-0.139038, -0.989073, 0.0490269
-0.12518, -0.0315566, -0.991632
0.982343, -0.144012, -0.119424

178
-0.00865268, -0.0147342, 0.0156783
0.999961, 0.00485185, 0.00732336
0.00411135, 0.478238, -0.878221
-0.00776331, 0.878217, 0.4782

179
-0.0515928, 0.0421929, 0.0311505
-0.147887, -0.964206, -0.220082
0.759533, 0.0317981, -0.649691
0.633434, -0.263241, 0.727644

180
-0.0234701, 0.0378269, 0.0414613
0.999895, -0.0142616, 0.00254988
0.0138922, 0.993767, 0.110608
-0.00411144, -0.110561, 0.993861

181
0.0573371, 0.00152036, -0.0220838
-0.0959647, 0.993144, -0.0667572
0.521287, -0.00699014, -0.853353
-0.847968, -0.116691, -0.517042

182
-0.0116537, 0.00676918, 0.00763453
0.999952, 0.005482, 0.00814442
0.00598366, 0.317373, -0.948282
-0.00778329, 0.948285, 0.317325

183
0.054345, 0.0174051, 0.0387557
-0.0318773, 0.999266, -0.0212417
-0.999461, -0.0320352, -0.00713378
-0.00780903, 0.0210028, 0.999749

184
-0.0463, 0.0241191, -0.00337964
-0.503335, -0.863241, 0.0383354
-0.0909619, 0.00881481, -0.995815
0.85929, -0.504716, -0.0829588

185
0.0717198, 0.00610353, -0.00522688
-0.0250251, -0.999495, 0.0195893
-0.000393937, -0.0195856, -0.999808
0.999687, -0.025028, 9.63922e-05

186
-0.0567053, -0.0194315, 0.0417659
-0.00577849, 0.999974, -0.004323
-0.999944, -0.00581632, -0.00879106
-0.00881598, 0.00427196, 0.999952

187
-0.0518484, 0.026394, 0.0303483
-0.161165, -0.986918, 0.00433274
0.761075, -0.127077, -0.636094
0.628323, -0.0992188, 0.771599

188
-0.0516279, 0.0260312, 0.03288
-0.998958, -0.0454372, 0.00436106
0.0318144, -0.761581, -0.647288
0.0327323, -0.646475, 0.762233

189
-0.0621724, -0.064645, 0.0307412
-0.988634, -0.0703118, 0.132891
-0.00888163, -0.855047, -0.518474
0.150083, -0.513761, 0.844704

190
0.0355914, 0.0769009, -0.0142383
0.435852, 0.843142, 0.314873
0.255866, 0.219338, -0.941501
-0.862882, 0.49092, -0.120133

191
0.0336305, -0.0454692, 0.0439449
0.999983, 0.00575531, -0.000116791
-0.00536, 0.923516, -0.383524
-0.00209944, 0.383518, 0.923531

192
-0.0470305, -0.00205633, 0.00384683
-0.997655, -0.0681685, -0.00609868
0.0223724, -0.24061, -0.970364
0.0646809, -0.968225, 0.24157

193
0.0186089, -0.0647423, 0.00849944
0.852318, -0.522991, 0.00588091
0.201786, 0.339182, 0.918824
-0.482532, -0.781944, 0.394623

194
-0.0534735, 0.0228261, 0.0387656
0.156142, 0.987697, -0.00865526
-0.987726, 0.156097, -0.00559948
-0.00417952, 0.00942334, 0.999947

195
-0.0146972, 0.00431482, 0.0230042
0.999952, -0.00969435, 0.00173642
0.00470044, 0.624703, 0.780848
-0.00865456, -0.780802, 0.624718

196
-0.0626671, 0.0300495, 0.0414368
-0.235839, -0.971792, 0.00103638
0.965322, -0.234392, -0.114948
0.111949, -0.0261089, 0.993371

197
-0.0104276, 0.0264558, 0.0332617
-0.999239, -0.0378099, -0.00960676
0.0352376, -0.769122, -0.63813
0.0167389, -0.637983, 0.769869

198
0.0472315, 0.0165175, 0.0335945
-0.0153345, 0.999744, -0.0166297
-0.77638, -0.0223856, -0.629868
-0.630079, 0.00325221, 0.776524

199
-0.0611616, -0.0600171, 0.0407091
-0.988634, -0.0703118, 0.132891
0.0492287, -0.986569, -0.155753
0.142057, -0.147441, 0.978816

200
-0.0523612, 0.0430639, 0.0423642
-0.998958, -0.0454372, 0.00436106
0.0419188, -0.951004, -0.306322
0.0180658, -0.30582, 0.951918

201
0.033935, 0.0380993, 0.0444909
-0.999647, 0.0257124, 0.00672848
-0.026277, -0.994128, -0.104973
0.00398985, -0.105113, 0.994452

202
-0.0658004, -0.0443596, 0.0409156
-0.979784, -0.0422756, 0.195541
0.106618, -0.937389, 0.331563
0.169281, 0.345708, 0.922946

203
0.0369858, 0.0203527, 0.0447577
0.646234, -0.763045, 0.0119935
0.763122, 0.646038, -0.0167157
0.00500661, 0.0199548, 0.999788

204
-0.0612276, -0.0133833, 0.0417569
0.00280827, -0.999983, 0.0051781
0.999781, 0.00270025, -0.0207517
0.0207373, 0.00523524, 0.999771

205
-0.0639711, -0.0896306, 0.00714385
-0.667706, -0.538823, 0.513651
-0.392834, -0.331069, -0.857948
0.632336, -0.774637, 0.00938873

206
0.038626, -0.0471712, -0.00328735
0.182594, 0.962749, -0.199434
0.0442917, -0.210693, -0.976548
-0.98219, 0.169478, -0.081113

207
-0.052198, -0.0272621, 0.0306998
0.134931, -0.990847, 0.00387874
0.771844, 0.102651, -0.627471
0.62133, 0.0876589, 0.77863

208
0.049103, -0.0243519, 0.0294072
0.115033, 0.993269, -0.0135625
-0.748876, 0.0777424, -0.658135
-0.65265, 0.0858635, 0.752778

209
-0.0375493, -0.0109701, 0.0411325
0.0321014, 0.999467, -0.00595174
-0.92675, 0.0319948, 0.374314
0.374305, -0.00650021, 0.927283

210
-0.0516086, -0.0288925, 0.0357306
0.253703, -0.967237, -0.00933865
0.674702, 0.183874, -0.71482
0.693118, 0.175052, 0.699246

211
0.0370474, 0.0314216, 0.0417673
0.99998, 0.000330161, -0.00623804
-0.000338469, 0.999999, -0.00133091
0.00623759, 0.001333, 0.99998

212
0.0454591, 0.00336225, 0.00253513
-0.991697, 0.128336, 0.00814339
-0.0279147, -0.153025, -0.987828
-0.125528, -0.979854, 0.155337

213
-0.0261837, -0.0133645, 0.0263819
0.00280827, -0.999983, 0.0051781
0.692288, -0.00179251, -0.721619
0.721615, 0.00561124, 0.692271

214
0.0576634, 0.00547573, -0.0220747
-0.13722, 0.98749, -0.0776812
0.522636, 0.00555928, -0.852538
-0.841441, -0.157584, -0.51686

215
-0.0613997, 0.0268107, 0.0325444
-0.979373, -0.17047, 0.108481
0.0436181, -0.702579, -0.710268
0.197296, -0.690885, 0.695523

216
-0.0336445, 0.00550674, -0.00536297
-0.0374818, -0.999295, 0.00220903
0.11721, -0.00659165, -0.993085
0.9924, -0.0369637, 0.117374

217
-0.0262633, -0.00606614, 0.00124359
0.99994, -0.00144438, 0.0108739
0.0109694, 0.129498, -0.991519
2.39854e-05, 0.991579, 0.129506

218
-0.0850094, -0.0196291, 0.033884
-0.00577849, 0.999974, -0.004323
-0.920454, -0.00700839, -0.390787
-0.390807, 0.00172097, 0.920471

219
0.0430423, 0.0505901, 0.0349193
0.999967, 0.00251904, -0.00769771
-0.00528646, 0.923037, -0.384674
0.00613626, 0.384702, 0.92302

220
-0.0509824, 0.00857264, -0.00116778
-0.998958, -0.0454372, 0.00436106
-0.000649006, -0.0813927, -0.996682
0.0456414, -0.995646, 0.0812784

221
-0.0523219, 0.00628112, 0.028029
-0.0374818, -0.999295, 0.00220903
0.784613, -0.0307983, -0.619221
0.618852, -0.0214763, 0.785214

222
-0.0527152, -0.0273028, 0.0341074
0.234154, -0.971998, -0.0197865
0.703526, 0.183455, -0.686582
0.670987, 0.146845, 0.726783

223
0.103924, 0.0266994, 0.0124716
-0.0406029, 0.999129, -0.00960249
-0.591376, -0.016284, 0.806232
0.805373, 0.0384141, 0.591522

224
-0.00110498, 0.0198598, 0.0270469
-0.593278, 0.804817, -0.0170364
-0.575185, -0.409006, 0.708433
0.563191, 0.430097, 0.705573

225
-0.00482443, -0.0176792, -0.00402536
0.999892, -0.00837313, 0.0120816
0.011773, -0.0359757, -0.999283
0.00880177, 0.999318, -0.0358732

226
0.0514439, -0.042204, 0.0324267
0.182594, 0.962749, -0.199434
-0.663194, -0.0291434, -0.747879
-0.725832, 0.268822, 0.633168

227
-0.0329428, -0.0455558, 0.0391365
0.999898, -0.00712715, 0.0123465
0.00241631, 0.938257, 0.345931
-0.0140497, -0.345866, 0.938179

228
-0.00146931, 0.000555278, 0.0302645
0.0425348, -0.998901, 0.0196826
0.70883, 0.044055, 0.704002
-0.704096, -0.015993, 0.709925

229
-0.0379048, -0.0249551, 0.000217653
0.253703, -0.967237, -0.00933865
-0.0130223, 0.00623826, -0.999896
0.967194, 0.253799, -0.011013

230
-0.0128642, 0.00590268, -0.00398503
-0.99952, -0.0296321, -0.00906728
0.0132626, -0.14461, -0.9894
0.0280068, -0.989045, 0.144933

231
0.0400879, 0.0314363, 0.041767
0.999975, -0.000617649, -0.0070478
0.000606163, 0.999998, -0.00163168
0.0070488, 0.00162737, 0.999974

232
0.0426316, -0.0328349, -0.019395
0.327137, 0.94445, -0.0315487
0.428818, -0.178118, -0.885657
-0.842079, 0.276203, -0.463266

233
0.0833014, 0.0261373, 0.0411864
-0.0406029, 0.999129, -0.00960249
-0.987651, -0.0386773, 0.151822
0.151319, 0.0156483, 0.988361

234
-0.0296886, -0.000899411, 0.0417609
-0.593278, 0.804817, -0.0170364
-0.804953, -0.593335, 0.00202207
-0.00848092, 0.0149132, 0.999853

235
0.0570937, 0.00716251, 0.0301203
-0.0250251, -0.999495, 0.0195893
0.706607, -0.0315466, -0.706903
0.707164, -0.00384836, 0.707039

236
0.0370171, 0.0505507, 0.0379359
0.99998, 0.000330161, -0.00623804
-0.00269973, 0.923369, -0.383905
0.00563326, 0.383915, 0.923351

237
0.0321841, -0.0228607, -0.00488554
0.115033, 0.993269, -0.0135625
-0.0680416, -0.00574247, -0.997666
-0.991029, 0.115687, 0.0669231

238
-0.0849963, -0.0094715, 0.0368766
0.0321014, 0.999467, -0.00595174
-0.919984, 0.0272201, -0.391008
-0.390638, 0.0180274, 0.920368

239
-0.0106675, -0.0251762, 0.0190327
-0.999721, 0.0165703, -0.0168205
-0.0203699, -0.245019, 0.969304
0.0119403, 0.969377, 0.245288

240
0.0505901, 0.00209824, -0.00378775
-0.0959647, 0.993144, -0.0667572
0.157103, -0.0511139, -0.986259
-0.982909, -0.105134, -0.151121

241
0.045114, -0.00389561, 0.00198999
-0.980064, 0.198653, -0.00326751
-0.0494428, -0.259791, -0.964398
-0.19243, -0.945011, 0.264434

242
0.0307892, -0.0103975, 0.0215105
0.999993, -0.00280389, 0.00242202
0.00354613, 0.534837, -0.844948
0.00107376, 0.84495, 0.534844

243
0.021817, 0.0815016, 0.00184563
0.230919, 0.847212, 0.478444
0.167945, 0.449646, -0.877276
-0.958369, 0.282933, -0.0384535

244
-0.0344204, 0.0437443, 0.0204114
0.0497994, -0.981821, -0.18316
0.513102, 0.182487, -0.838704
0.856882, -0.0522129, 0.512862

245
0.05943, 0.00544504, 0.0332949
-0.0959647, 0.993144, -0.0667572
-0.583932, -0.110484, -0.804249
-0.80611, -0.0381978, 0.590531

246
-0.0111655, 0.0436005, 0.0425417
-0.999239, -0.0378099, -0.00960676
0.038961, -0.954721, -0.294939
0.00197985, -0.295089, 0.955468

247
-0.107804, 0.00840456, 0.0090108
-0.0848091, -0.996361, 0.00853319
0.404068, -0.026563, 0.914343
-0.910789, 0.0809927, 0.40485

248
0.029479, 0.00777062, 0.0184204
-0.00519113, 0.999765, -0.0210631
-0.593077, -0.020037, -0.804897
-0.805129, 0.0083137, 0.593041

249
-0.102253, 0.05456, 0.0110106
-0.147887, -0.964206, -0.220082
0.633434, -0.263241, 0.727644
-0.759533, -0.0317981, 0.649691

250
0.0352221, 0.012047, 0.00958854
-0.999475, -0.0324026, 2.10167e-05
0.0115681, -0.356217, 0.934332
-0.0302673, 0.933841, 0.356405

251
-0.0950055, 0.00893276, 0.0533499
-0.139038, -0.989073, 0.0490269
0.982343, -0.144012, -0.119424
0.12518, 0.0315566, 0.991632

252
0.0896828, 0.00963399, -0.00550395
0.0456794, -0.998765, 0.0195333
-0.00454789, -0.0197614, -0.999794
0.998946, 0.0455812, -0.00544496

253
0.0352509, 0.0167122, 0.0348142
-0.0318773, 0.999266, -0.0212417
-0.920393, -0.0376341, -0.389178
-0.389692, 0.00714476, 0.920918

254
0.0478357, -0.0421366, 0.0429005
-0.998174, -0.0603861, -0.00171286
0.0576676, -0.960917, 0.270764
-0.0179963, 0.27017, 0.962644

255
0.100755, 0.0182366, 0.00822721
-0.0318773, 0.999266, -0.0212417
-0.389692, 0.00714476, 0.920918
0.920393, 0.0376341, 0.389178

256
0.0679809, -0.000190499, 0.0436773
0.0161701, 0.999564, -0.024712
-0.918499, 0.00508355, -0.39539
-0.395092, 0.0290914, 0.918181

257
0.0595549, -0.0234329, 0.0353704
0.22217, 0.974472, 0.0323205
-0.552131, 0.153064, -0.819587
-0.803612, 0.164243, 0.572042

258
-0.0354407, -0.00526521, 0.0191615
-0.017264, -0.999844, 0.00372342
0.547732, -0.0125728, -0.836559
0.836476, -0.0124029, 0.547864

259
-0.0207129, 0.00944849, 0.00972114
-0.0845598, -0.996381, 0.00860363
0.297302, -0.0334705, -0.954197
0.951032, -0.0781287, 0.299057

260
0.0400727, 0.0505642, 0.0379298
0.999975, -0.000617649, -0.0070478
-0.00213744, 0.923255, -0.384181
0.00674421, 0.384186, 0.923231

261
0.103695, 0.055255, 0.00880407
0.230919, 0.847212, 0.478444
-0.521913, -0.307145, 0.795782
0.821147, -0.433468, 0.371245

262
-0.0490463, -0.0772278, 0.00713117
-0.998373, 0.0534933, -0.0197462
0.00950278, -0.185364, -0.982624
-0.056224, -0.981213, 0.184554

263
-0.111676, 0.0107256, 0.0422423
-0.139038, -0.989073, 0.0490269
0.955471, -0.120974, 0.269147
-0.260275, 0.0842656, 0.96185

264
-0.0082852, -0.0780929, 0.00747758
0.999961, 0.00485185, 0.00732336
-0.0087457, 0.628353, 0.777879
-0.000827503, -0.777913, 0.628371

265
-0.0129162, 0.00369292, -0.0166418
-0.999635, -0.0258386, -0.00792557
0.00181706, 0.228333, -0.973581
0.0269656, -0.97324, -0.228203

266
-0.0358205, -0.000951798, 0.0417604
-0.643761, 0.76502, -0.0177681
-0.765146, -0.643857, 0.000419723
-0.0111191, 0.0138654, 0.999842

267
0.0420489, 0.00178354, 0.00118594
0.9999, 0.0141768, -1.23213e-06
-0.00352205, 0.248328, -0.96867
-0.0137324, 0.968572, 0.248353

268
-0.0085066, -0.0689924, 0.0316791
0.999961, 0.00485185, 0.00732336
-0.00776331, 0.878217, 0.4782
-0.00411135, -0.478238, 0.878221

269
0.064485, 0.0169335, 0.042691
-0.0153345, 0.999744, -0.0166297
-0.958402, -0.019437, -0.284759
-0.28501, 0.0115713, 0.958455

270
-0.0687304, -0.031372, 0.0444785
0.234154, -0.971998, -0.0197865
0.906749, 0.225686, -0.356192
0.350683, 0.0654621, 0.934203

271
-0.0231796, 0.00946795, 0.0049112
-0.0828134, -0.996531, 0.00826086
0.261304, -0.0297126, -0.964799
0.961698, -0.0777397, 0.262858

272
0.0520489, -0.0211293, 0.0175111
0.22217, 0.974472, 0.0323205
-0.202573, 0.0785597, -0.976111
-0.953732, 0.210316, 0.214856

273
-0.055668, 0.0311989, 0.0330427
-0.503335, -0.863241, 0.0383354
0.54329, -0.350655, -0.762809
0.67193, -0.363121, 0.645487

274
0.0975221, -0.0302595, 0.0143205
0.106733, 0.99417, -0.0153123
-0.387351, 0.0557593, 0.920244
0.915733, -0.0922893, 0.391044

275
-0.0103232, -0.0241775, -0.000447713
-0.999721, 0.0165703, -0.0168205
-0.01425, 0.144597, 0.989388
0.0188266, 0.989352, -0.14432

276
0.0246926, -0.0250808, 0.0387651
0.873705, -0.486416, 0.00623976
0.486455, 0.873654, -0.00944288
-0.000858224, 0.0112857, 0.999936

277
0.0110533, 0.0293008, 0.0333979
-0.999192, -0.0401118, -0.00250808
0.0303417, -0.71195, -0.701574
0.0263558, -0.701083, 0.712592

278
0.00224775, -0.0657867, 0.00833745
0.873705, -0.486416, 0.00623976
0.185366, 0.34476, 0.920207
-0.449755, -0.802833, 0.391383

279
-0.0376682, -0.0229672, -0.000810395
0.234154, -0.971998, -0.0197865
0.0230088, 0.0258871, -0.9994
0.971927, 0.233558, 0.0284261

280
-0.0507031, -0.0145042, 0.000608517
0.273518, -0.957911, -0.0871503
-0.142658, 0.0492037, -0.988548
0.951229, 0.282818, -0.123196

281
0.0390249, 0.0197839, -0.0205914
-0.166356, 0.985008, -0.0456608
0.369516, 0.0193412, -0.929023
-0.914212, -0.171421, -0.367194

282
-0.0238261, -0.011103, 0.0270374
-0.0187707, -0.999807, 0.00587869
0.705192, -0.0174072, -0.708803
0.708768, -0.00915914, 0.705382

283
0.0594926, 0.0100829, 0.0332607
-0.13722, 0.98749, -0.0776812
-0.577386, -0.143461, -0.803769
-0.804858, -0.0654409, 0.589849

284
0.114334, 0.010117, 0.0238745
-0.0959647, 0.993144, -0.0667572
-0.80611, -0.0381978, 0.590531
0.583932, 0.110484, 0.804249

285
0.0376314, -0.030478, -0.000685484
0.327137, 0.94445, -0.0315487
0.0739266, -0.0588614, -0.995525
-0.942081, 0.323341, -0.0890757

286
-0.0759506, -0.0117285, -0.0028881
-0.979784, -0.0422756, 0.195541
0.197197, -0.0393304, 0.979575
-0.0337214, 0.998332, 0.0468719

287
0.0347023, 0.0788684, 0.00269649
-0.999647, 0.0257124, 0.00672848
-0.00636964, -0.477548, 0.878583
0.0258036, 0.878229, 0.477543

288
-0.0565027, -0.0224091, 0.0321515
0.215771, -0.975286, -0.0475397
0.66474, 0.18238, -0.724471
0.715236, 0.124719, 0.687664

289
-0.028144, -0.00545858, 0.00106944
-0.017264, -0.999844, 0.00372342
0.185933, -0.00686942, -0.982538
0.982411, -0.0162702, 0.186023

290
-0.0235615, -0.0220297, 0.0145937
-0.966759, -0.255684, -0.001737
0.102923, -0.382922, -0.918029
0.23406, -0.887692, 0.396509

291
-0.0353422, 0.0783454, 0.0120603
0.999992, 0.00201529, 0.00346551
0.000984067, 0.714609, -0.699523
-0.00388623, 0.699521, 0.714601

292
-0.0641368, 0.0417531, 0.0438314
0.979175, 0.0554748, -0.195293
0.0137374, 0.941634, 0.336358
0.202554, -0.332036, 0.921262

293
0.0191231, 0.0159649, 0.0238625
-0.0318773, 0.999266, -0.0212417
-0.701204, -0.0375036, -0.711974
-0.712248, -0.00780105, 0.701885

294
0.0367826, 0.0763682, 0.00170821
0.99998, 0.000330161, -0.00623804
-0.00623759, -0.001333, -0.99998
-0.000338469, 0.999999, -0.00133091

295
-0.011977, -0.0664152, 0.0562377
-0.999721, 0.0165703, -0.0168205
-0.0188266, -0.989352, 0.14432
-0.01425, 0.144597, 0.989388

296
-0.00949869, 0.00592336, -0.00392403
-0.999266, -0.0371048, -0.00952593
0.0148406, -0.14571, -0.989216
0.0353166, -0.988631, 0.146153

297
0.0334718, -0.0184345, 0.0168605
0.999983, 0.00575531, -0.000116791
-0.00230556, 0.381836, -0.924227
