0
0.0354246, -0.0103708, -0.000391358
-0.877091, 0.478699, -0.0394836
0.0785579, 0.0618694, -0.994988
-0.473856, -0.875797, -0.0918706

1
-0.0383081, 0.00456786, 0.00129795
0.107758, 0.992979, 0.048797
-0.355325, 0.0843079, -0.930933
-0.928511, 0.0829768, 0.361916

2
-0.0486298, 0.0252463, -0.00221744
0.818333, -0.573691, -0.0347787
0.00435078, -0.0543265, 0.998514
-0.574728, -0.817268, -0.0419612

3
-0.067977, -0.0372412, 0.000663139
-0.781277, -0.612401, -0.120713
0.0920892, -0.304366, 0.948093
-0.617354, 0.729607, 0.29419

4
0.0500493, -0.0040804, 0.0271793
-0.837552, -0.418621, 0.351087
0.543201, -0.706996, 0.452868
0.0586372, 0.570012, 0.819542

5
-0.068368, -0.0412611, -0.00226205
-0.789032, -0.608552, -0.0842135
-0.145303, 0.0516686, 0.988037
-0.596921, 0.79183, -0.129193

6
-0.0883941, 0.0507751, -0.00484066
0.865288, -0.500252, 0.0320232
-0.0285815, 0.0145437, 0.999486
-0.50046, -0.865758, -0.00171347

7
-0.041573, 0.00586521, -0.0178921
0.107758, 0.992979, 0.048797
0.0270477, 0.0461365, -0.998569
-0.993809, 0.108924, -0.0218862

8
-0.0508223, 0.0217813, 0.00335239
0.818333, -0.573691, -0.0347787
0.223959, 0.262564, 0.938564
-0.529315, -0.775847, 0.343348

9
-0.0141936, 0.00728754, -0.0338767
0.780643, -0.515392, 0.353506
-0.617901, -0.721349, 0.312816
0.0937785, -0.46263, -0.881578

10
0.0326548, 0.00347492, -0.000639007
-0.885608, -0.430066, 0.175332
0.21957, -0.0550433, 0.974043
-0.409252, 0.901118, 0.143176

11
-0.0625055, -0.0414151, -0.00233383
-0.802923, -0.594794, -0.0391807
-0.109564, 0.0826527, 0.990537
-0.585927, 0.799618, -0.131532

12
0.00877251, 0.00377842, 0.0269197
-0.989224, 0.145495, 0.0163421
-0.0609907, -0.510983, 0.857424
0.133102, 0.847188, 0.514351

13
-0.0893475, 0.0491047, -0.00517208
0.865288, -0.500252, 0.0320232
-0.217924, -0.317875, 0.922749
-0.451427, -0.805422, -0.38407

14
0.0270596, 0.000908495, 0.00876016
-0.989848, 0.139621, 0.0266068
-0.0304075, -0.390883, 0.919938
0.138843, 0.909789, 0.39116

15
-0.0895141, 0.0496165, 0.00621123
-0.850827, 0.459392, 0.255055
-0.387952, -0.221839, -0.894584
-0.354384, -0.860085, 0.366968

16
0.0299947, -0.00669442, 0.0175255
-0.885541, 0.437578, -0.156018
0.0441844, -0.254986, -0.965935
-0.462454, -0.862269, 0.206466

17
0.0152916, -0.0063849, -0.0190772
-0.955336, -0.2936, 0.0336418
-0.214308, 0.609908, -0.762945
0.203482, -0.736078, -0.645588

18
-0.0756322, 0.0475449, 0.00268824
0.814677, -0.578751, 0.0367146
-0.0155525, 0.0414829, 0.999018
-0.579706, -0.814449, 0.0247941

19
0.0338143, -0.0130485, 0.00256516
-0.843111, 0.487917, -0.226053
0.300319, 0.0785302, -0.950601
-0.446062, -0.86935, -0.21274

20
-0.0436849, -0.00421218, 0.0150773
-0.897916, -0.419823, -0.13227
0.0600887, -0.414599, 0.908018
-0.436046, 0.807376, 0.397502

21
0.0413877, 0.00379858, -0.0187078
-0.836003, -0.507521, 0.208619
-0.123725, 0.544743, 0.829426
-0.534595, 0.667591, -0.5182

22
-0.0517732, 0.0256318, 0.00481204
0.837269, -0.546791, 0.000603678
0.229374, 0.352228, 0.907372
-0.496355, -0.759576, 0.420329

23
0.0387313, -0.00585369, -0.01908
-0.877091, 0.478699, -0.0394836
0.253915, 0.392313, -0.884092
-0.407723, -0.785454, -0.465643

24
-0.0689908, 0.0374806, -0.0165044
-0.782084, 0.578094, 0.232706
0.264305, 0.64588, -0.716228
-0.564347, -0.498644, -0.657925

25
-0.0326719, -0.0185122, 0.00147384
0.807284, -0.509771, 0.297366
-0.374901, -0.0538263, 0.925501
-0.455787, -0.858625, -0.234567

26
-0.102689, 0.0577814, -0.0122275
-0.918825, 0.365354, -0.149257
0.267349, 0.297994, -0.916365
-0.29032, -0.881882, -0.371481

27
0.0392477, 0.0192661, -0.0227169
0.914902, 0.177422, 0.362596
0.395134, -0.577412, -0.714468
0.0826051, 0.796942, -0.598381

28
0.0800265, -0.0439294, 0.0155524
-0.171236, 0.365857, 0.914782
-0.916387, 0.28184, -0.284255
-0.361819, -0.886969, 0.287005

29
-0.0686542, -0.0432776, -0.00292724
-0.785202, -0.605445, 0.129974
0.132589, 0.0406451, 0.990337
-0.604878, 0.794848, 0.0483609

30
-0.0774208, 0.0450046, 0.00233254
0.814677, -0.578751, 0.0367146
0.207475, 0.350001, 0.913484
-0.54153, -0.736578, 0.405214

31
-0.0425061, 0.00393278, -0.0035774
-0.909059, -0.408761, 0.0807813
0.0589848, 0.0656746, 0.996096
-0.412471, 0.910275, -0.0355914

32
0.0245307, 0.00497559, -0.0150327
-0.977852, 0.195089, -0.0757933
0.0207298, 0.450633, 0.892468
0.208266, 0.871131, -0.444697

33
0.016607, 0.0131219, -0.0309311
-0.46014, 0.857201, -0.231254
0.753371, 0.514791, 0.409173
0.469791, 0.014057, -0.882666

34
0.0364752, 0.0128703, -0.00215105
-0.857379, -0.514044, 0.0257069
-0.0434909, 0.122126, 0.991561
-0.512845, 0.849025, -0.127064

35
-0.0689485, -0.0424006, 0.0114116
-0.789032, -0.608552, -0.0842135
0.319342, -0.523373, 0.790001
-0.524832, 0.596443, 0.607295

36
-0.0877151, 0.0525618, 0.00472476
0.865288, -0.500252, 0.0320232
0.165112, 0.344748, 0.92406
-0.473302, -0.79429, 0.380904

37
0.035725, -0.00822133, 0.0189966
-0.877091, 0.478699, -0.0394836
-0.108759, -0.277993, -0.954406
-0.467849, -0.832807, 0.295888

38
-0.0688727, -0.0402054, -0.00516197
-0.789032, -0.608552, -0.0842135
0.094189, -0.255285, 0.962267
-0.607089, 0.751328, 0.258747

39
-0.0237638, -0.0142144, -0.0153421
0.807284, -0.509771, 0.297366
-0.520785, -0.378311, 0.765287
-0.277624, -0.772667, -0.570885

40
-0.067785, 0.0326834, -0.000534453
-0.782084, 0.578094, 0.232706
0.0282195, 0.405892, -0.913485
-0.622534, -0.707855, -0.333755

41
0.0313727, 0.0272813, -0.00676867
0.914902, 0.177422, 0.362596
0.396668, -0.228483, -0.889073
-0.0748941, 0.957245, -0.279417

42
-0.102441, 0.0614872, -0.00468572
-0.918825, 0.365354, -0.149257
0.135898, -0.062171, -0.98877
-0.37053, -0.92879, 0.00747347

43
-0.0985511, -0.0621652, -0.00323116
-0.900861, -0.389971, -0.190715
-0.203556, -0.00856312, 0.979026
-0.383425, 0.920787, -0.0716667

44
-0.0534765, -0.0356088, -0.0102174
-0.776575, -0.596883, -0.201649
-0.216191, -0.0481707, 0.975162
-0.591771, 0.800881, -0.0916327

45
-0.0907085, 0.0494534, -0.00663117
-0.804004, 0.470074, 0.364155
-0.0434251, 0.564359, -0.824386
-0.593037, -0.678623, -0.433334

46
0.0375896, -0.0517547, 0.0285638
-0.983489, -0.0309538, 0.1783
-0.0635447, -0.863455, -0.500407
0.169444, -0.503475, 0.847232

47
0.041055, 0.0116809, -0.000865145
-0.836003, -0.507521, 0.208619
0.0902737, 0.247801, 0.964596
-0.541248, 0.825238, -0.161346

48
0.0271129, 0.00492503, -0.0103309
-0.989848, 0.139621, 0.0266068
0.0250399, -0.0129671, 0.999602
0.13991, 0.99012, 0.00933933

49
0.0186177, -0.0152534, -0.00202177
-0.955336, -0.2936, 0.0336418
-0.120125, 0.281796, -0.951925
0.270005, -0.913449, -0.304479

50
-0.0851457, 0.0505788, 0.0190504
-0.850827, 0.459392, 0.255055
-0.494037, -0.534093, -0.686055
-0.178945, -0.709721, 0.681377

51
0.0309094, 0.00146634, 0.035222
-0.885541, 0.437578, -0.156018
-0.136153, -0.565552, -0.813396
-0.444161, -0.699054, 0.560397

52
0.0241347, 0.0102825, 0.00373649
-0.977852, 0.195089, -0.0757933
-0.0605482, 0.0829634, 0.994712
0.200346, 0.97727, -0.0693137

53
0.0292341, 0.0229185, -0.0197425
-0.46014, 0.857201, -0.231254
0.516243, 0.470225, 0.715808
0.722333, 0.209989, -0.658893

54
-0.0398076, 0.00172489, 0.0156175
-0.909059, -0.408761, 0.0807813
0.212341, -0.287672, 0.933893
-0.358501, 0.866117, 0.348307

55
0.00943293, 0.0103312, 0.00855598
-0.989224, 0.145495, 0.0163421
-0.00541231, -0.147882, 0.98899
0.14631, 0.978244, 0.147076

56
-0.06361, -0.039191, -0.0134633
-0.802923, -0.594794, -0.0391807
-0.325448, 0.382362, 0.864802
-0.499398, 0.707121, -0.500582

57
-0.053879, 0.0224143, 0.0111726
0.837269, -0.546791, 0.000603678
0.40186, 0.616093, 0.677449
-0.370795, -0.566964, 0.735569

58
-0.0503217, 0.0278527, 0.00322115
0.837269, -0.546791, 0.000603678
0.0219666, 0.0347392, 0.999155
-0.54635, -0.836548, 0.0410972

59
-0.0517194, -0.0270015, 0.00481906
-0.830284, -0.557312, 0.00557392
0.360034, -0.528691, 0.768675
-0.425445, 0.640225, 0.639615

60
0.0614697, -0.00857089, -0.0554035
-0.867151, 0.368035, -0.335557
0.469195, 0.82965, -0.30255
0.167046, -0.419798, -0.892113

61
-0.00902241, 0.00647437, -0.0475106
0.655439, -0.721047, 0.224703
-0.742681, -0.669394, 0.0183235
0.137203, -0.178893, -0.974255

62
-0.0586962, -0.0343324, -0.00364653
-0.773581, -0.584826, 0.24403
0.213571, 0.121952, 0.969286
-0.596624, 0.801939, 0.0305627

63
-0.048897, -0.0311286, 0.0125961
-0.830284, -0.557312, 0.00557392
0.495439, -0.733451, 0.465393
-0.255281, 0.38917, 0.885087

64
-0.0666528, -0.042294, -0.0108683
-0.789032, -0.608552, -0.0842135
-0.362675, 0.350756, 0.863387
-0.495878, 0.711783, -0.497464

65
-0.0843353, 0.0461193, 0.0129864
-0.822851, 0.46664, 0.324288
-0.420925, -0.117137, -0.899501
-0.381757, -0.876656, 0.292807

66
-0.0654269, -0.0396556, -0.00359312
-0.781277, -0.612401, -0.120713
-0.151172, -0.00198908, 0.988506
-0.605602, 0.790545, -0.0910237

67
0.0394324, 0.0072779, 0.0153948
-0.837552, -0.418621, 0.351087
0.524292, -0.435045, 0.73202
-0.1537, 0.797178, 0.583853

68
0.0238989, -0.00250599, -0.0402994
-0.811486, -0.475571, 0.339591
0.00110609, 0.579871, 0.814708
-0.584371, 0.6615, -0.470031

69
-0.047201, 0.0261601, 0.0163311
0.818333, -0.573691, -0.0347787
0.532644, 0.734267, 0.420882
-0.215919, -0.362946, 0.906449

70
-0.0879652, 0.0508384, -0.0154414
0.865288, -0.500252, 0.0320232
-0.374089, -0.601899, 0.705531
-0.333669, -0.622467, -0.707955

71
-0.099112, -0.0600298, -0.00494819
-0.900861, -0.389971, -0.190715
-0.0413305, -0.360281, 0.931928
-0.432136, 0.84742, 0.308446

72
-0.0587117, -0.0303464, -0.00563259
-0.776575, -0.596883, -0.201649
0.0267266, -0.350988, 0.935999
-0.629458, 0.721483, 0.288521

73
-0.0646932, -0.0396209, -0.00851779
-0.781277, -0.612401, -0.120713
-0.371418, 0.300691, 0.878427
-0.501652, 0.731129, -0.46238

74
0.0299855, 0.012568, -0.000833946
-0.837552, -0.418621, 0.351087
0.425564, -0.0968625, 0.899729
-0.342639, 0.902981, 0.259278

75
0.0541636, 0.0208541, -0.00904521
-0.678343, -0.615264, -0.401622
-0.226148, -0.345243, 0.910859
-0.699076, 0.708701, 0.0950524

76
0.0447272, 0.0155284, -0.00346973
-0.802111, -0.530224, -0.274739
-0.105373, -0.327178, 0.939069
-0.587805, 0.782187, 0.206562

77
-0.0896331, 0.0459669, -0.000236854
-0.822851, 0.46664, 0.324288
-0.027696, 0.537061, -0.843089
-0.567581, -0.702718, -0.428997

78
-0.085727, 0.0510502, 0.00235953
-0.822851, 0.46664, 0.324288
-0.242792, 0.227261, -0.943083
-0.513778, -0.854751, -0.0737056

79
0.0297138, -0.00810663, 0.00588524
0.80658, -0.399272, -0.435903
0.545355, 0.218101, 0.809333
-0.228073, -0.890513, 0.393661

80
-0.0158701, -0.00863201, 0.0359357
0.70213, -0.643087, -0.305699
0.709537, 0.595867, 0.376163
-0.0597497, -0.481021, 0.874671

81
-0.0742712, -0.0561478, -0.0193328
-0.814626, -0.579624, -0.0205059
-0.465263, 0.631972, 0.619792
-0.346287, 0.51444, -0.784498

82
0.0101192, -0.00984784, 0.0428149
0.784627, 0.404729, 0.469633
0.00199996, 0.755855, -0.654736
-0.619965, 0.514663, 0.592255

83
0.00685635, -0.00299793, -0.0409693
0.874978, 0.216833, -0.432894
-0.19024, -0.668223, -0.719226
-0.445221, 0.711661, -0.54343

84
0.0535079, -0.00549539, 0.00331997
0.107758, 0.992979, 0.048797
-0.405303, -0.000941237, 0.914182
0.907809, -0.118288, 0.402356

85
0.0384138, -0.00100796, 0.0174536
-0.885608, -0.430066, 0.175332
0.35947, -0.395696, 0.845107
-0.294073, 0.81146, 0.505028

86
-0.0263736, -0.0047541, -0.0245359
0.780643, -0.515392, 0.353506
-0.606753, -0.489399, 0.62637
-0.14982, -0.703463, -0.694762

87
0.0501753, -0.0169244, 0.0149558
-0.680188, 0.625367, -0.38244
-0.143561, -0.625261, -0.767098
-0.718842, -0.466867, 0.515073

88
0.0115407, 0.0493564, -0.0290242
0.918683, -0.324546, 0.22515
-0.142322, -0.803692, -0.577775
0.368466, 0.498748, -0.784527

89
-0.050637, 0.027347, -0.0173784
0.837269, -0.546791, 0.000603678
-0.370795, -0.566964, 0.735569
-0.40186, -0.616093, -0.677449

90
-0.0904419, 0.0481374, 0.00928857
0.865288, -0.500252, 0.0320232
0.333669, 0.622467, 0.707955
-0.374089, -0.601899, 0.705531

91
0.0202802, 0.0150314, 0.0119788
0.950595, -0.299711, -0.0808888
-0.0663768, 0.0583062, -0.99609
0.303255, 0.952247, 0.0355317

92
-0.0653701, 0.00219418, 0.00511787
-0.784696, -0.576601, -0.227558
-0.244206, -0.0498583, 0.968441
-0.56975, 0.815503, -0.101686

93
-0.0977911, -0.0592316, -0.0128195
-0.900861, -0.389971, -0.190715
-0.334791, 0.344459, 0.877076
-0.276341, 0.853973, -0.440868

94
-0.0526385, -0.0346535, -0.0162719
-0.776575, -0.596883, -0.201649
-0.426196, 0.26198, 0.865866
-0.463993, 0.758352, -0.457836

95
0.0459186, 0.00660534, 0.00957272
0.0249513, -0.974039, -0.225001
0.351053, 0.219274, -0.910319
0.936023, -0.0562737, 0.347411

96
-0.0695711, -0.0389036, 0.0119086
-0.785202, -0.605445, 0.129974
0.521468, -0.533302, 0.666078
-0.333959, 0.590783, 0.734471

97
-0.0664681, -0.0459556, 0.0138614
-0.789032, -0.608552, -0.0842135
0.495878, -0.711783, 0.497464
-0.362675, 0.350756, 0.863387

98
-0.0794854, 0.0414773, -0.00745824
0.814677, -0.578751, 0.0367146
-0.236212, -0.273351, 0.932461
-0.529627, -0.768327, -0.359401

99
-0.100456, -0.0611087, 0.00360465
-0.900861, -0.389971, -0.190715
0.127187, -0.65715, 0.742952
-0.415058, 0.64504, 0.6416

100
-0.0602515, -0.0332548, 0.00890629
-0.776575, -0.596883, -0.201649
0.265575, -0.60037, 0.754338
-0.571316, 0.532246, 0.62475

101
0.0359853, 0.00121966, 0.0249856
-0.969276, -0.0777266, 0.23337
0.204049, -0.783892, 0.58641
0.137358, 0.616013, 0.775668

102
-0.043175, 0.000647938, -0.00380981
-0.897916, -0.419823, -0.13227
-0.111353, -0.0740704, 0.991017
-0.425849, 0.904578, 0.0197604

103
0.0393962, -0.027688, -0.0122268
0.919249, 0.386853, 0.0729739
-0.0794473, 0.00074607, 0.996839
0.385576, -0.922141, 0.0314203

104
-0.0695857, -0.0397503, 0.00787659
-0.785202, -0.605445, 0.129974
0.353973, -0.266624, 0.896446
-0.508095, 0.749898, 0.423665

105
-0.0839178, 0.0575812, -0.01947
0.865288, -0.500252, 0.0320232
-0.473302, -0.79429, 0.380904
-0.165112, -0.344748, -0.92406

106
-0.0302665, 0.011257, 0.00220051
0.91219, 0.347818, 0.216639
0.216863, 0.038803, -0.975431
-0.347679, 0.936759, -0.0400332

107
0.0287402, 0.00310052, 0.00848861
0.938758, 0.108091, -0.327184
-0.340561, 0.435594, -0.833232
0.0524546, 0.89363, 0.445729

108
-0.0561445, -0.0419612, 0.0188608
-0.776575, -0.596883, -0.201649
0.463993, -0.758352, 0.457836
-0.426196, 0.26198, 0.865866

109
-0.100342, -0.0651521, 0.011335
-0.900861, -0.389971, -0.190715
0.276341, -0.853973, 0.440868
-0.334791, 0.344459, 0.877076

110
0.0618135, 0.0495707, -0.0254452
-0.858788, 0.358899, -0.365615
0.225753, 0.905704, 0.358799
0.459912, 0.225593, -0.85883

111
-0.087872, 0.0645322, -0.0198331
-0.804004, 0.470074, 0.364155
0.531276, 0.842937, 0.0848693
-0.267065, 0.261702, -0.927463

112
0.00353065, 0.0109508, -0.0100058
0.995162, -0.0922284, -0.0338664
-0.0431558, -0.100667, -0.993984
0.0882643, 0.990636, -0.10416

113
-0.0898493, -0.0715739, -0.025096
-0.900861, -0.389971, -0.190715
-0.432136, 0.84742, 0.308446
0.0413305, 0.360281, -0.931928

114
-0.0465234, -0.0395112, -0.025443
-0.776575, -0.596883, -0.201649
-0.629458, 0.721483, 0.288521
-0.0267266, 0.350988, -0.935999

115
0.0259493, -0.0100334, 0.0248736
-0.989848, 0.139621, 0.0266068
-0.0812256, -0.70929, 0.700222
0.116637, 0.690952, 0.71343

116
-0.0885513, 0.0521894, 0.00478868
-0.850827, 0.459392, 0.255055
-0.222804, 0.124188, -0.966921
-0.47587, -0.879509, -0.00330799

117
0.0326003, -0.00829155, -0.00174268
-0.885541, 0.437578, -0.156018
0.217795, 0.0943997, -0.971419
-0.410343, -0.894211, -0.178897

118
0.0104165, 0.00808671, -0.0312184
-0.955336, -0.2936, 0.0336418
-0.275864, 0.845166, -0.457813
0.105981, -0.446646, -0.888412

119
-0.0836552, 0.0488406, 0.00973249
-0.804004, 0.470074, 0.364155
-0.450046, -0.0807967, -0.889343
-0.388634, -0.878921, 0.276516

120
0.0524972, 0.0115508, 0.00802156
-0.678343, -0.615264, -0.401622
0.0585918, -0.590171, 0.805149
-0.732405, 0.522636, 0.436388

121
0.0582782, -0.027591, 0.0243455
-0.734138, 0.599573, 0.318675
-0.388629, 0.013818, -0.921291
-0.556785, -0.800201, 0.222867

122
-0.100201, 0.0614047, -0.0186755
-0.918825, 0.365354, -0.149257
0.358099, 0.612792, -0.704451
-0.16591, -0.700715, -0.693882

123
0.0464938, 0.00518465, -0.0341102
0.914902, 0.177422, 0.362596
0.333445, -0.838436, -0.431092
0.227528, 0.515312, -0.826247

124
-0.0381106, -0.0162742, 0.0200753
0.807284, -0.509771, 0.297366
-0.171941, 0.278852, 0.944816
-0.564561, -0.813864, 0.137463

125
-0.0666865, 0.0414084, -0.0185178
-0.782084, 0.578094, 0.232706
0.460152, 0.787538, -0.409931
-0.420244, -0.21352, -0.881932

126
-0.0762652, 0.0475352, 0.016582
0.814677, -0.578751, 0.0367146
0.529627, 0.768327, 0.359401
-0.236212, -0.273351, 0.932461

127
0.00402046, 0.00910663, 0.00940965
0.995162, -0.0922284, -0.0338664
-0.0060935, 0.286096, -0.958182
0.0980606, 0.953752, 0.28415

128
0.0201469, -0.00889051, -0.011099
0.80658, -0.399272, -0.435903
0.416563, -0.139285, 0.898374
-0.41941, -0.906191, 0.0539773

129
-0.104045, 0.0631632, 0.00929119
-0.918825, 0.365354, -0.149257
-0.16591, -0.700715, -0.693882
-0.358099, -0.612792, 0.704451

130
-0.0609815, 0.036001, 0.0140891
-0.782084, 0.578094, 0.232706
-0.420244, -0.21352, -0.881932
-0.460152, -0.787538, 0.409931

131
-0.0505052, -0.00557706, -0.0234488
0.790606, -0.44324, -0.422469
0.217344, -0.441883, 0.870345
-0.572454, -0.779922, -0.25302

132
-0.0512229, -0.0279102, -0.0120866
-0.830284, -0.557312, 0.00557392
-0.255281, 0.38917, 0.885087
-0.495439, 0.733451, -0.465393

133
0.00648607, -0.0285263, -0.0366064
-0.948262, 0.312423, 0.0564911
0.315808, 0.946475, 0.066705
-0.0326273, 0.0810942, -0.996172

134
0.0490732, 0.0110152, -0.00916773
0.0249513, -0.974039, -0.225001
-0.0338695, 0.224118, -0.973973
0.999115, 0.0319226, -0.0273981

135
-0.0490246, 0.0253268, -0.0128337
0.818333, -0.573691, -0.0347787
-0.403318, -0.61631, 0.676385
-0.409471, -0.539481, -0.735727

136
-0.0121477, 0.000371961, 0.0289113
0.107758, 0.992979, 0.048797
-0.907809, 0.118288, -0.402356
-0.405303, -0.000941237, 0.914182

137
0.033487, 0.0183115, -0.00441182
-0.841741, -0.447235, -0.302411
-0.16942, -0.31303, 0.93451
-0.512609, 0.83785, 0.18772

138
0.0261013, 0.00140472, -0.029493
-0.989848, 0.139621, 0.0266068
0.0766752, 0.366923, 0.927086
0.119678, 0.919714, -0.373903

139
-0.0834196, 0.0542294, 0.0182329
-0.850827, 0.459392, 0.255055
-0.52491, -0.765036, -0.373081
0.0237362, -0.451308, 0.892052

140
0.0198885, -0.0171688, 0.0173514
-0.955336, -0.2936, 0.0336418
-0.00765465, -0.0892162, -0.995983
0.295422, -0.951756, 0.0829841

141
0.035205, 0.0149483, 0.0486528
-0.885541, 0.437578, -0.156018
-0.295761, -0.790018, -0.537025
-0.358248, -0.429414, 0.829013

142
-0.0476778, 0.0319162, 0.016923
0.837269, -0.546791, 0.000603678
0.513168, 0.786164, 0.344391
-0.188785, -0.288038, 0.938826

143
-0.0580076, -0.0156636, 0.0189776
0.672938, -0.655035, 0.343631
-0.158574, 0.326005, 0.931974
-0.722501, -0.681652, 0.115509

144
0.0372462, -0.0152321, 0.00230894
-0.852, 0.51463, -0.0961896
0.163294, 0.0866537, -0.982765
-0.497424, -0.853023, -0.157865

145
0.0241686, -0.0206714, -0.0149181
-0.963539, -0.264789, 0.0384756
-0.0588263, 0.0693583, -0.995856
0.261023, -0.961809, -0.082406

146
0.0500309, -0.0209125, -0.0120256
-0.60253, 0.794494, -0.0757406
0.160796, 0.0278906, -0.986594
-0.78173, -0.606631, -0.144556

147
0.0418604, 0.0293902, -0.00959337
0.758695, 0.623692, 0.188125
0.0904208, 0.185165, -0.978539
-0.645141, 0.759423, 0.084089

148
-0.0805532, 0.0468916, 0.0190973
-0.804004, 0.470074, 0.364155
-0.564512, -0.410995, -0.715827
-0.186826, -0.781098, 0.595804

149
-0.0522236, -0.019307, 0.000705464
0.672938, -0.655035, 0.343631
-0.422993, 0.040332, 0.905235
-0.60682, -0.754521, -0.249934

150
-0.090848, 0.051457, -0.0112197
-0.822851, 0.46664, 0.324288
0.191616, 0.765098, -0.614742
-0.534976, -0.443703, -0.718978

151
0.0412584, -0.00823711, -0.0148141
-0.843111, 0.487917, -0.226053
0.448159, 0.405238, -0.796828
-0.297181, -0.773123, -0.560326

152
-0.0622145, -0.0468442, -0.0195708
-0.789032, -0.608552, -0.0842135
-0.524832, 0.596443, 0.607295
-0.319342, 0.523373, -0.790001

153
0.0307079, 0.0153039, -0.00878335
0.93052, 0.184257, 0.316517
0.365156, -0.400237, -0.840519
-0.0281897, 0.897697, -0.43971

154
-0.0462419, 0.0294806, -0.0158763
0.818333, -0.573691, -0.0347787
-0.529315, -0.775847, 0.343348
-0.223959, -0.262564, -0.938564

155
0.00676504, -0.0018878, 0.0331306
0.107758, 0.992979, 0.048797
-0.993809, 0.108924, -0.0218862
-0.0270477, -0.0461365, 0.998569

156
0.0321963, 0.00913308, 0.0127548
-0.841741, -0.447235, -0.302411
0.0396434, -0.609834, 0.791537
-0.538423, 0.654281, 0.531052

157
-0.00145187, -0.0251459, 0.0373689
0.941641, 0.254768, -0.220011
-0.291343, 0.944212, -0.153564
0.168614, 0.208701, 0.963334

158
0.0283836, 0.00145305, 0.008586
-0.981106, -0.0320437, 0.190799
0.188088, -0.388999, 0.901833
0.0453228, 0.920681, 0.387677

159
0.0289143, -0.00890296, -0.00767024
0.752714, -0.318539, 0.576155
-0.655224, -0.277309, 0.702696
-0.0640627, -0.90644, -0.417448

160
-0.0964002, -0.0592785, -0.00611499
-0.890596, -0.411592, 0.19347
-0.0154267, 0.452495, 0.891633
-0.454534, 0.7911, -0.40934

161
-0.0826485, 0.0454959, 0.00322809
-0.81824, 0.537712, 0.203344
-0.315624, -0.124557, -0.940674
-0.480483, -0.833877, 0.271633

162
-0.0678743, -0.00186364, 0.0240352
-0.784696, -0.576601, -0.227558
-0.00758357, -0.358143, 0.933636
-0.619834, 0.734347, 0.276661

163
-0.0247938, 0.00843409, -0.0163112
0.91219, 0.347818, 0.216639
0.333406, -0.322633, -0.88586
-0.238224, 0.880301, -0.410267

164
0.0220242, 0.00803407, -0.00915106
0.938758, 0.108091, -0.327184
-0.334711, 0.0604587, -0.940379
-0.0818653, 0.992301, 0.0929353

165
0.0246122, 0.0053921, -0.0101453
-0.981106, -0.0320437, 0.190799
0.191115, -0.00705925, 0.981542
-0.0301054, 0.999462, 0.0130499

166
0.0392026, -0.0298821, -0.0177162
-0.831359, 0.258342, -0.492038
0.511067, 0.00762305, -0.859507
-0.218296, -0.966023, -0.138368

167
0.0310971, 0.0164848, -0.032693
-0.932076, 0.36205, -0.0124066
0.126134, 0.356448, 0.925762
0.339594, 0.861316, -0.377904

168
-0.0528152, -0.01208, 0.0206902
0.655439, -0.721047, 0.224703
0.157453, 0.421442, 0.893082
-0.738653, -0.54998, 0.38976

169
0.0360149, -0.0136435, 0.0217142
-0.852, 0.51463, -0.0961896
-0.0394924, -0.24638, -0.968368
-0.52205, -0.821251, 0.23024

170
0.0243007, -0.0183379, 0.00445039
-0.963539, -0.264789, 0.0384756
0.0455406, -0.30399, -0.951586
0.263665, -0.915138, 0.304964

171
0.0410167, -0.000544127, 0.0198729
0.80658, -0.399272, -0.435903
0.591122, 0.542284, 0.597078
-0.00201365, -0.739263, 0.673414

172
0.0528036, -0.00170684, -0.0350785
0.841616, -0.540007, 0.0086806
-0.396893, -0.607508, 0.688048
-0.366277, -0.582517, -0.725613

173
-0.0588375, -0.0477583, 0.0187922
-0.802923, -0.594794, -0.0391807
0.585927, -0.799618, 0.131532
-0.109564, 0.0826527, 0.990537

174
-0.0700684, 0.0563116, 0.0174256
0.814677, -0.578751, 0.0367146
0.579706, 0.814449, -0.0247941
-0.0155525, 0.0414829, 0.999018

175
0.048446, -0.0308928, -0.0340382
0.93052, 0.184257, 0.316517
0.165783, -0.982528, 0.0845868
0.326572, -0.0262366, -0.944808

176
0.0364086, -0.0241641, 0.00672729
0.919249, 0.386853, 0.0729739
-0.220953, 0.353577, 0.908935
0.325823, -0.851662, 0.410502

177
-0.0647788, -0.0426742, -0.0110112
-0.771771, -0.599896, 0.210939
-0.0562081, 0.394774, 0.917057
-0.633412, 0.695901, -0.338394

178
-0.0655817, 0.00510184, 0.00859022
-0.77941, -0.577392, -0.243185
-0.251127, -0.0676916, 0.965584
-0.573982, 0.813656, -0.0922391

179
-0.0858449, 0.0564179, 0.0144302
0.865288, -0.500252, 0.0320232
0.451427, 0.805422, 0.38407
-0.217924, -0.317875, 0.922749

180
0.0322181, 0.020027, -0.013541
-0.932076, 0.36205, -0.0124066
-0.0134244, -0.000295834, 0.99991
0.362014, 0.932159, 0.00513605

181
0.0498123, -0.0260596, -0.0336355
-0.831359, 0.258342, -0.492038
0.555703, 0.376724, -0.74113
-0.00610257, -0.889572, -0.456754

182
-0.0469912, -0.00192282, 0.0362951
0.655439, -0.721047, 0.224703
0.428138, 0.59983, 0.675946
-0.622172, -0.346837, 0.701859

183
0.0112939, 0.0314917, 0.0280501
0.919249, 0.386853, 0.0729739
-0.216466, 0.651525, -0.727089
-0.328821, 0.65258, 0.682654

184
0.0293406, 0.0228937, -0.000831964
-0.950579, -0.309126, -0.0289935
-0.0951679, 0.201208, 0.974915
-0.295537, 0.929493, -0.220683

185
-0.028764, -0.0186389, -0.00609019
-0.880111, 0.38867, 0.272654
-0.287751, 0.020097, -0.957494
-0.377629, -0.921158, 0.0941528

186
0.0512313, -0.00675, 0.0204677
0.775988, -0.558732, 0.292678
0.253137, 0.700879, 0.66685
-0.577723, -0.44338, 0.68531

187
0.0297289, -0.00309361, 0.0392895
-0.843111, 0.487917, -0.226053
-0.103056, -0.559194, -0.822606
-0.527771, -0.670253, 0.521746

188
-0.0394236, -0.00137763, -0.0228473
-0.897916, -0.419823, -0.13227
-0.265842, 0.277735, 0.923142
-0.35082, 0.864067, -0.360989

189
0.012653, -0.0107249, -0.0315386
-0.948262, 0.312423, 0.0564911
0.304255, 0.843396, 0.442846
0.0907109, 0.437122, -0.894816

190
-0.0441678, -0.0110637, -0.0058325
0.790606, -0.44324, -0.422469
0.419868, -0.109784, 0.900921
-0.445704, -0.889655, 0.0993065

191
-0.0500826, -0.0295732, -0.00849371
-0.830284, -0.557312, 0.00557392
-0.0462526, 0.0788666, 0.995812
-0.555418, 0.826549, -0.0912588

192
0.0416502, 0.0224171, 0.00684467
-0.787065, -0.600035, 0.143129
0.182211, -0.00446802, 0.983249
-0.589345, 0.799961, 0.11285

193
0.0296577, -0.0290635, 0.00432966
-0.867151, 0.368035, -0.335557
0.167046, -0.419798, -0.892113
-0.469195, -0.82965, 0.30255

194
-0.0502639, -0.0496444, 0.0222721
-0.771771, -0.599896, 0.210939
0.606706, -0.794002, -0.0383072
0.190467, 0.098414, 0.976748

195
-0.0449254, -0.0252255, -0.0102533
0.446401, -0.477091, 0.757041
-0.827371, 0.102199, 0.552279
-0.340856, -0.872891, -0.34911

196
0.0405081, -0.018742, -0.00262565
-0.816098, 0.465929, -0.341898
0.17051, -0.371143, -0.912786
-0.552187, -0.80322, 0.223444

197
-0.0413852, -0.0141748, -0.0139674
0.696295, -0.587755, 0.411969
-0.637369, -0.242389, 0.731443
-0.330052, -0.771876, -0.543391

198
-0.0839808, 0.0450291, 0.0154547
-0.822851, 0.46664, 0.324288
-0.534976, -0.443703, -0.718978
-0.191616, -0.765098, 0.614742

199
0.021889, -0.00673558, 0.0130608
-0.858788, 0.358899, -0.365615
0.338511, -0.138177, -0.930762
-0.384569, -0.923092, -0.00282686

200
-0.0846992, -0.0526741, -0.0143648
-0.637654, -0.393904, -0.661995
-0.643754, -0.199475, 0.738776
-0.423059, 0.897245, -0.126381

201
-0.0568002, -0.0398955, 0.0215472
-0.769506, -0.599806, 0.219301
0.635335, -0.684087, 0.358294
-0.064886, 0.415038, 0.907487

202
0.0100909, 0.0194795, 0.0364258
0.70213, -0.643087, -0.305699
0.543968, 0.761475, -0.352498
0.459469, 0.0812089, 0.884473

203
-0.0773876, -0.0521462, -0.00863926
-0.814626, -0.579624, -0.0205059
-0.0841282, 0.0831075, 0.992983
-0.573852, 0.810635, -0.116464

204
0.0192691, 0.00933861, 0.0109931
0.784627, 0.404729, 0.469633
0.439796, 0.170549, -0.881756
-0.436967, 0.898392, -0.044181

205
0.0315582, 0.0138742, 0.0108129
-0.969276, -0.0777266, 0.23337
0.241081, -0.488484, 0.838608
0.0488156, 0.869104, 0.492215

206
-0.0483531, -0.0512314, 0.0201828
-0.769506, -0.599806, 0.219301
0.611804, -0.790843, -0.0162601
0.183185, 0.121657, 0.975522

207
-0.0682022, 0.000709822, 0.0274169
-0.77941, -0.577392, -0.243185
-0.0123576, -0.373912, 0.927382
-0.626392, 0.725816, 0.284295

208
0.0431512, -0.0272408, -0.0304256
-0.86027, 0.417038, -0.293283
0.438962, 0.313265, -0.842127
-0.259324, -0.853196, -0.452556

209
-0.0279753, 0.00263889, 0.0177331
0.107758, 0.992979, 0.048797
-0.683604, 0.109644, -0.721571
-0.721855, 0.0443973, 0.690619

210
-0.0508722, 0.022405, -0.00811105
0.818333, -0.573691, -0.0347787
-0.215919, -0.362946, 0.906449
-0.532644, -0.734267, -0.420882

211
-0.0679622, -0.00539232, 0.0332796
-0.784696, -0.576601, -0.227558
0.230194, -0.611903, 0.756694
-0.575554, 0.541393, 0.612888

212
0.00897963, 0.00943762, -0.0109273
-0.989224, 0.145495, 0.0163421
0.0509901, 0.237733, 0.969991
0.137244, 0.960372, -0.24259

213
-0.063672, -0.038837, -0.0175676
-0.802923, -0.594794, -0.0391807
-0.491786, 0.62386, 0.607409
-0.33684, 0.506971, -0.793423

214
0.0467209, 0.0148079, -0.0222486
-0.774644, -0.612976, 0.155522
-0.31575, 0.587972, 0.744708
-0.547931, 0.527778, -0.649016

215
0.0512728, -0.00295637, 0.0356046
0.841616, -0.540007, 0.0086806
0.366277, 0.582517, 0.725613
-0.396893, -0.607508, 0.688048

216
0.0419871, 0.0038628, 0.0118431
-0.811486, -0.475571, 0.339591
0.540311, -0.389239, 0.746027
-0.222607, 0.788876, 0.572819

217
-0.00651515, -0.0407378, -0.0401105
-0.975408, 0.210401, 0.0656561
0.134668, 0.804731, -0.578163
-0.174481, -0.555103, -0.813275

218
0.0238283, 0.0195454, 0.00897284
0.93052, 0.184257, 0.316517
0.326572, -0.0262366, -0.944808
-0.165783, 0.982528, -0.0845868

219
-0.0616969, -0.0476206, 0.0188733
-0.785202, -0.605445, 0.129974
0.609574, -0.71879, 0.334306
-0.10898, 0.341726, 0.933459

220
0.059931, -0.00423849, -0.0410396
-0.724647, -0.662871, 0.188383
-0.509747, 0.699567, 0.500764
-0.463729, 0.26685, -0.844835

221
-0.0530287, -0.000649715, -0.0233446
0.706259, 0.440418, -0.554283
-0.336402, -0.480125, -0.810132
-0.622922, 0.758625, -0.190935

222
0.0509646, 0.00245931, -0.0279281
-0.843111, 0.487917, -0.226053
0.527771, 0.670253, -0.521746
-0.103056, -0.559194, -0.822606

223
0.0267595, 0.0199131, -0.00710655
-0.969276, -0.0777266, 0.23337
0.241411, -0.118709, 0.963135
-0.0471581, 0.989882, 0.133826

224
0.0489806, 0.0188117, -0.0222242
-0.802111, -0.530224, -0.274739
-0.322295, -0.00294334, 0.946635
-0.502737, 0.847853, -0.168528

225
0.0549508, -0.0320051, -0.0372515
0.914902, 0.177422, 0.362596
0.0748941, -0.957245, 0.279417
0.396668, -0.228483, -0.889073

226
0.0525292, 0.0325046, -0.0289471
0.841556, -0.194744, 0.503843
-0.11292, -0.975566, -0.188467
0.528235, 0.101711, -0.842984

227
-0.0627466, -0.0348571, 0.00268955
0.245769, 0.143694, -0.958619
-0.742845, 0.663246, -0.0910303
0.622719, 0.734477, 0.269748

228
-0.0985494, 0.0651986, -0.0195546
-0.918825, 0.365354, -0.149257
0.37053, 0.92879, -0.00747347
0.135898, -0.062171, -0.98877

229
0.0297657, -0.0112423, 0.0215638
-0.843111, 0.487917, -0.226053
0.106758, -0.260134, -0.959653
-0.527035, -0.833227, 0.167233

230
-0.0632399, -0.0571984, -0.032343
-0.637654, -0.393904, -0.661995
-0.637209, 0.752611, 0.165957
0.432854, 0.527652, -0.730904

231
-0.058292, -0.00683137, 0.0363706
0.672938, -0.655035, 0.343631
0.129986, 0.562046, 0.816828
-0.728188, -0.505008, 0.463368

232
0.0515203, 0.00590826, -0.0201929
0.36186, -0.928122, 0.0874484
-0.0881197, -0.12744, -0.987924
0.928058, 0.349785, -0.127901

233
-0.068116, -0.0453819, -0.00947782
-0.785202, -0.605445, 0.129974
-0.10898, 0.341726, 0.933459
-0.609574, 0.71879, -0.334306

234
0.0100475, 0.0214964, 0.00651466
-0.975408, 0.210401, 0.0656561
0.0281524, -0.176514, 0.983895
0.218601, 0.961548, 0.16625

235
0.0529612, -0.024281, 0.00586917
-0.734138, 0.599573, 0.318675
-0.145974, 0.31899, -0.936449
-0.663124, -0.734001, -0.14666

236
0.0564058, -0.00173078, 0.0217665
-0.678343, -0.615264, -0.401622
0.334411, -0.745251, 0.576863
-0.654232, 0.257004, 0.711287

237
0.0357391, -0.0299876, -0.0125898
-0.86027, 0.417038, -0.293283
0.306309, -0.0370848, -0.95121
-0.407567, -0.908132, -0.0958395

238
-0.0664627, -0.0423521, -0.0162561
-0.771771, -0.599896, 0.210939
-0.294326, 0.631034, 0.717753
-0.563687, 0.491855, -0.663578

239
-0.0955285, -0.0609799, -0.00572201
-0.890596, -0.411592, 0.19347
0.15969, 0.11531, 0.980409
-0.425838, 0.904044, -0.0369674

240
-0.0297694, 0.0112568, -0.00620893
0.893512, 0.34974, -0.281635
-0.295921, -0.013114, -0.955122
-0.337738, 0.936755, 0.0917779

241
-0.0811764, 0.0470577, 0.00502168
-0.81824, 0.537712, 0.203344
-0.107726, 0.204035, -0.973018
-0.564693, -0.818068, -0.109024

242
0.016621, -0.0107591, 0.00736409
0.752714, -0.318539, 0.576155
-0.580832, 0.0906793, 0.808957
-0.309929, -0.943563, -0.116762

243
0.054648, 0.0365887, 0.0157476
-0.759437, -0.533991, 0.37163
0.404694, 0.0595096, 0.912514
-0.50939, 0.843393, 0.170909

244
-0.0884185, -0.0616781, 0.0176907
-0.835282, -0.503435, -0.221036
0.389552, -0.825577, 0.408255
-0.388012, 0.254903, 0.885704

245
-0.000444459, 0.00405392, 0.0485368
0.841556, -0.194744, 0.503843
-0.0978224, 0.862382, 0.496717
-0.531238, -0.467302, 0.706693

246
-0.106776, -0.0779523, -0.0150586
0.245769, 0.143694, -0.958619
0.447995, -0.893832, -0.0191269
-0.859592, -0.424755, -0.28405

247
-0.0531993, 0.0293604, 0.00524892
-0.817092, 0.560763, 0.13381
-0.115541, 0.0681092, -0.990965
-0.56481, -0.82517, 0.00913974

248
0.0242626, -0.0196143, -0.0200209
-0.860278, 0.402245, 0.313242
-0.225798, 0.250253, -0.941482
-0.457096, -0.880666, -0.124461

249
0.0304541, -0.0203968, 0.00296045
-0.834753, 0.441461, -0.329089
0.385394, 0.0415669, -0.921815
-0.393266, -0.896317, -0.204835

250
0.0470307, 0.00650014, 0.0154685
-0.789322, -0.548417, -0.27606
0.122014, -0.580766, 0.804875
-0.601734, 0.601622, 0.525326

251
-0.00558565, 0.00334658, 0.0240217
-0.599217, -0.468135, 0.649453
0.664889, -0.742859, 0.0779968
0.445938, 0.478551, 0.756391

252
-0.0893279, 0.0601383, -0.0198548
-0.822851, 0.46664, 0.324288
0.381757, 0.876656, -0.292807
-0.420925, -0.117137, -0.899501

253
-0.0401305, -0.0441325, 0.0182268
-0.830284, -0.557312, 0.00557392
0.555418, -0.826549, 0.0912588
-0.0462526, 0.0788666, 0.995812

254
-0.0063658, -0.0368255, -0.0504289
-0.975408, 0.210401, 0.0656561
0.191188, 0.955903, -0.222926
-0.109665, -0.204891, -0.972622

255
0.0531727, -0.00658744, 0.0239376
-0.811486, -0.475571, 0.339591
0.584371, -0.6615, 0.470031
0.00110609, 0.579871, 0.814708

256
-0.0635646, -0.0391468, -0.0182275
-0.781277, -0.612401, -0.120713
-0.53512, 0.557593, 0.634615
-0.32133, 0.560406, -0.763342

257
0.0231468, 0.0109847, -0.0190363
-0.837552, -0.418621, 0.351087
0.262048, 0.256066, 0.930463
-0.479413, 0.871313, -0.10477

258
-0.0830961, -0.0489604, -0.0181187
-0.637654, -0.393904, -0.661995
-0.756649, 0.15907, 0.634176
-0.144501, 0.905283, -0.399478

259
-0.0283819, -0.00968327, -0.0276392
0.672938, -0.655035, 0.343631
-0.728188, -0.505008, 0.463368
-0.129986, -0.562046, -0.816828

260
0.0702278, -0.0186379, -0.0436166
-0.695885, 0.665976, -0.268737
0.644012, 0.413113, -0.643883
-0.317793, -0.621139, -0.716376

261
0.010621, 0.0353957, -0.015788
0.659548, -0.665737, 0.348984
-0.246566, -0.630212, -0.736232
0.710071, 0.399533, -0.579804

262
0.0507421, -0.0250367, -0.0131452
0.775988, -0.558732, 0.292678
-0.229517, 0.182079, 0.956122
-0.587507, -0.809114, 0.0130531

263
0.0337619, -0.00877858, -0.00798319
0.0968003, 0.994365, 0.043217
0.478218, -0.0845468, 0.874162
0.87289, -0.063952, -0.483707

264
-0.0457556, -0.0332606, 0.0273184
-0.784696, -0.576601, -0.227558
0.432926, -0.772507, 0.464552
-0.443651, 0.266016, 0.855809

265
-0.0578318, -7.63879e-05, 0.00605301
-0.780152, -0.555963, -0.286823
-0.317583, -0.0430441, 0.947253
-0.538984, 0.830092, -0.142983

266
0.03959, -0.0101529, 0.0105842
0.0968003, 0.994365, 0.043217
0.107775, -0.0536377, 0.992727
0.989451, -0.0914386, -0.11236

267
0.0302546, -0.0263513, -0.00074362
-0.831359, 0.258342, -0.492038
0.388626, -0.362638, -0.847032
-0.397256, -0.895406, 0.201084

268
-0.0530166, -0.0180507, 0.00211835
0.655439, -0.721047, 0.224703
-0.137203, 0.178893, 0.974255
-0.742681, -0.669394, 0.0183235

269
-0.0444076, -0.0433127, 0.0201272
-0.773581, -0.584826, 0.24403
0.596624, -0.801939, -0.0305627
0.213571, 0.121952, 0.969286

270
0.0499295, -0.0191373, 0.00740221
-0.60253, 0.794494, -0.0757406
-0.1506, -0.20638, -0.966813
-0.783759, -0.571127, 0.244001

271
0.0425857, 0.0229568, 0.00881011
0.758695, 0.623692, 0.188125
-0.163347, 0.461689, -0.871872
-0.630635, 0.630755, 0.452159

272
0.0314293, -0.0258216, 0.00597557
-0.86027, 0.417038, -0.293283
0.127023, -0.381789, -0.915479
-0.493762, -0.824813, 0.275468

273
-0.0466383, -0.0398387, 0.0213811
-0.773581, -0.584826, 0.24403
0.632939, -0.694226, 0.342693
-0.0310039, 0.419557, 0.907199

274
-0.0475647, -0.0189259, -0.016593
0.655439, -0.721047, 0.224703
-0.410971, -0.0908906, 0.907106
-0.633643, -0.686899, -0.355902

275
0.0243306, -0.0160046, 0.0146983
-0.831359, 0.258342, -0.492038
0.20702, -0.677691, -0.705604
-0.515738, -0.688472, 0.509923

276
-0.0445511, -0.0133205, -0.00725648
-0.46014, 0.857201, -0.231254
0.469791, 0.014057, -0.882666
-0.753371, -0.514791, -0.409173

277
-0.0540445, -0.0450627, 0.0199538
-0.776575, -0.596883, -0.201649
0.591771, -0.800881, 0.0916327
-0.216191, -0.0481707, 0.975162

278
-0.0987879, -0.0715444, 0.017066
-0.900861, -0.389971, -0.190715
0.383425, -0.920787, 0.0716667
-0.203556, -0.00856312, 0.979026

279
0.039489, 0.00189751, -0.0198052
-0.858788, 0.358899, -0.365615
0.511295, 0.555019, -0.656149
-0.0325677, -0.75043, -0.660147

280
-0.00319959, 0.0237829, -0.0327712
-0.693233, 0.536672, -0.481053
0.525098, 0.833288, 0.172926
0.49366, -0.132722, -0.859468

281
0.0582737, 0.00834827, 0.030619
0.775988, -0.558732, 0.292678
0.454953, 0.817203, 0.353833
-0.436875, -0.141415, 0.888337

282
-0.0593356, -0.0560643, 0.0200825
-0.789032, -0.608552, -0.0842135
0.596921, -0.79183, 0.129193
-0.145303, 0.0516686, 0.988037

283
0.03181, -0.00949426, 0.0243663
-0.981106, -0.0320437, 0.190799
0.156426, -0.711718, 0.684828
0.113851, 0.701734, 0.703283

284
-0.0582972, 0.0239061, -0.00302316
-0.817092, 0.560763, 0.13381
0.109397, 0.378704, -0.91903
-0.566032, -0.736294, -0.370782

285
0.0393251, -0.0161901, -0.0138981
-0.834753, 0.441461, -0.329089
0.506554, 0.381409, -0.77326
-0.215846, -0.812182, -0.542006

286
0.0481114, 0.0117221, 0.0237717
0.758695, 0.623692, 0.188125
-0.392246, 0.667924, -0.632471
-0.52012, 0.406061, 0.751391

287
0.0557941, -0.0130147, 0.0249727
-0.60253, 0.794494, -0.0757406
-0.439067, -0.409231, -0.799844
-0.666467, -0.448674, 0.59541

288
0.0392592, 0.00730211, -0.0206401
-0.857379, -0.514044, 0.0257069
-0.236438, 0.437738, 0.867458
-0.457164, 0.737662, -0.496846

289
-0.0529339, 0.000527362, -0.0388623
-0.771338, 0.513318, 0.376221
0.139148, 0.712868, -0.687355
-0.621027, -0.477833, -0.621289

290
-0.0212309, -0.00647735, -0.0309462
-0.693371, 0.635091, -0.340435
0.712597, 0.534206, -0.454784
-0.106967, -0.557928, -0.822967

291
-0.0765099, 0.0470219, 0.0139205
0.814677, -0.578751, 0.0367146
0.398917, 0.605235, 0.68888
-0.420911, -0.546569, 0.723945

292
0.0134923, 0.00314746, -0.0237587
0.950595, -0.299711, -0.0808888
-0.261369, -0.632111, -0.729466
0.167498, 0.714569, -0.679217

293
-0.0417969, 0.040922, 0.017592
0.837269, -0.546791, 0.000603678
0.54635, 0.836548, -0.0410972
0.0219666, 0.0347392, 0.999155

294
-0.0599537, -0.0504131, 0.0163959
-0.785202, -0.605445, 0.129974
0.604878, -0.794848, -0.0483609
0.132589, 0.0406451, 0.990337

295
-0.077866, 0.0519653, 0.0209894
-0.822851, 0.46664, 0.324288
-0.567581, -0.702718, -0.428997
0.027696, -0.537061, 0.843089

296
-0.0643535, -0.0329558, 0.0140241
-0.769506, -0.599806, 0.219301
0.562142, -0.473186, 0.6783
-0.303079, 0.645234, 0.701296

297
0.00867683, 0.0212142, -0.0129441
-0.975408, 0.210401, 0.0656561
0.109665, 0.204891, 0.972622
0.191188, 0.955903, -0.222926

298
-0.0690442, -0.0456736, -0.0164443
-0.785202, -0.605445, 0.129974
-0.333959, 0.590783, 0.734471
-0.521468, 0.533302, -0.666078

299
0.0425662, 0.00614281, 0.026374
-0.816098, 0.465929, -0.341898
-0.269886, -0.8304, -0.487439
-0.511024, -0.305524, 0.803436

300
-0.0430322, 0.0204356, 0.0584639
0.672938, -0.655035, 0.343631
0.60682, 0.754521, 0.249934
-0.422993, 0.040332, 0.905235

301
-0.0106817, -0.0160556, -0.0246667
0.446401, -0.477091, 0.757041
-0.826062, -0.544962, 0.143662
0.344018, -0.689493, -0.637378

302
0.053413, -0.00584182, -0.0131878
-0.429024, 0.61563, 0.661013
0.128622, 0.76596, -0.62989
-0.894089, -0.185217, -0.407799

303
-0.0343802, -0.00707594, 0.0321611
-0.909059, -0.408761, 0.0807813
0.33337, -0.597223, 0.729513
-0.249952, 0.690101, 0.679179

304
0.0363627, 0.0311166, -0.00353833
-0.46014, 0.857201, -0.231254
0.200522, 0.354072, 0.913468
0.864906, 0.373952, -0.33481

305
0.0222137, 0.00815046, 0.0230333
-0.977852, 0.195089, -0.0757933
