0
-0.0200524, -0.0210375, -0.00284344
-0.995336, 0.0664419, 0.0699461
-0.0737892, -0.0572635, -0.995628
-0.0621461, -0.996146, 0.0618991

1
0.0449796, 0.00688154, 0.00240489
-0.998867, -0.0198735, 0.0432372
0.0445367, -0.710449, 0.702338
0.01676, 0.703468, 0.71053

2
-0.0130088, 0.0175701, -0.00331167
-0.991112, -0.125317, -0.0446454
-0.0384325, -0.0515659, 0.99793
-0.12736, 0.990776, 0.0462913

3
0.013073, 0.0147749, -0.0152573
-0.994442, 0.000928233, 0.105285
0.0982627, 0.367356, 0.924875
-0.0378186, 0.93008, -0.365405

4
0.0137994, 0.0150101, -0.00839833
-0.994442, 0.000928233, 0.105285
0.105255, -0.0165333, 0.994308
0.00266366, 0.999863, 0.0163437

5
-0.0653864, 0.00676595, 0.0196221
-0.998141, 0.00668251, -0.0605795
-0.0244736, -0.954259, 0.297976
-0.0558174, 0.298905, 0.952649

6
-0.0190633, -0.0181053, 0.00844553
-0.995336, 0.0664419, 0.0699461
-0.0919546, -0.434113, -0.896153
-0.0291776, -0.898405, 0.438198

7
-0.00275815, -0.017804, 0.00444879
-0.962885, 0.0648307, 0.262012
-0.269864, -0.249722, -0.929953
0.00514056, -0.966145, 0.257949

8
0.0897192, -0.00466204, -0.00830402
0.999953, -0.00880819, -0.00402734
-0.0027925, -0.660368, 0.750937
-0.00927392, -0.750891, -0.660361

9
0.00318406, 0.0177309, -0.00149729
0.995744, 0.0877546, -0.0281654
-0.0286507, 0.00427456, -0.99958
-0.0875974, 0.996133, 0.0067706

10
-0.0714355, -0.0187287, -0.0134496
0.999758, 0.0107781, 0.0191643
-0.0128774, -0.419449, 0.907688
0.0178216, -0.907715, -0.419209

11
-0.0271995, -0.0197498, 0.00545864
-0.99096, 0.0464372, -0.125866
0.119763, -0.116607, -0.985931
-0.0604607, -0.992092, 0.109991

12
-0.056115, -0.0197557, 0.0024321
-0.981284, 0.0272366, -0.190631
0.186525, -0.111596, -0.976092
-0.047859, -0.99338, 0.104427

13
-0.0525595, 0.00539524, 0.020827
0.980532, -0.15631, 0.118843
0.195488, 0.834011, -0.515956
-0.0184674, 0.529143, 0.848331

14
-0.0713452, 0.00431621, 0.0212314
0.999775, -0.00815485, -0.0195761
-0.00240672, 0.873512, -0.486796
0.0210697, 0.486733, 0.873296

15
-0.0289275, 0.0194037, -0.00663124
-0.95728, -0.0430796, -0.285934
-0.286708, 0.269942, 0.919201
0.0375869, 0.961912, -0.270761

16
-0.0138504, -0.0199246, -0.0108605
0.945861, -0.0170873, -0.324122
0.320709, -0.104411, 0.941405
-0.0499278, -0.994387, -0.0932778

17
-0.0036462, -0.0179292, 0.000105127
-0.987883, 0.110355, 0.10913
-0.103922, 0.0519128, -0.99323
-0.115273, -0.992536, -0.0398155

18
-0.0286483, -0.0128203, 0.0194223
-0.99096, 0.0464372, -0.125866
0.0419332, -0.783968, -0.619383
-0.127438, -0.619061, 0.774934

19
-0.0713197, -0.00496338, -0.0272307
0.999758, 0.0107781, 0.0191643
0.00349605, -0.938447, 0.345407
0.0217075, -0.345256, -0.938257

20
0.00298465, 0.0192777, -0.00372761
0.995744, 0.0877546, -0.0281654
0.00705231, -0.377254, -0.926083
-0.0918936, 0.921943, -0.376268

21
0.089737, -0.00156334, -0.0106751
0.999953, -0.00880819, -0.00402734
-0.00612891, -0.897454, 0.441066
-0.00749934, -0.441021, -0.897466

22
-0.0716051, 0.0169535, 0.00269544
0.999775, -0.00815485, -0.0195761
-0.0203868, -0.115404, -0.993109
0.0058395, 0.993285, -0.115545

23
0.0445893, 0.00339912, -0.0082121
-0.998867, -0.0198735, 0.0432372
0.01676, 0.703468, 0.71053
-0.0445367, 0.710449, -0.702338

24
-0.0460303, -0.0204042, -0.0197613
-0.957579, -0.00498552, 0.288128
-0.149993, 0.862357, -0.483572
-0.246058, -0.506276, -0.826523

25
-0.0256884, -0.0231336, -0.0076863
-0.99096, 0.0464372, -0.125866
0.127438, 0.619061, -0.774934
0.0419332, -0.783968, -0.619383

26
-0.0716665, -0.0215194, 0.000169617
0.999758, 0.0107781, 0.0191643
-0.0217075, 0.345256, 0.938257
0.00349605, -0.938447, 0.345407

27
-0.0718268, 0.0164194, -0.00840437
0.999775, -0.00815485, -0.0195761
-0.0210697, -0.486733, -0.873296
-0.00240672, 0.873512, -0.486796

28
0.00436727, -0.0210389, -0.00443781
0.884957, -0.0430245, 0.463682
-0.449414, -0.339725, 0.826204
0.121977, -0.93954, -0.319978

29
-0.0735338, 0.0192478, -0.0203449
-0.951446, 0.123318, -0.282034
-0.146019, 0.625776, 0.766214
0.270978, 0.770193, -0.577385

30
-0.0247986, 0.019358, -0.00589425
-0.973858, -0.0185593, 0.226398
0.222406, 0.124879, 0.966923
-0.0462178, 0.991998, -0.117487

31
-0.0716294, -0.0096156, 0.0204287
0.999821, -0.00974654, -0.016207
0.0119955, 0.989354, 0.145032
0.0146209, -0.1452, 0.989294

32
0.00371302, 0.015407, 0.00996293
0.995744, 0.0877546, -0.0281654
-0.0599918, 0.385153, -0.920901
-0.0699653, 0.918671, 0.388778

33
-0.0722696, 0.0228845, -0.0156598
-0.692392, -0.00457922, -0.721507
-0.691577, 0.289304, 0.661834
0.205704, 0.957226, -0.203479

34
-0.0205087, -0.0164139, -0.0137287
-0.995336, 0.0664419, 0.0699461
-0.00823295, 0.66389, -0.747785
-0.0961208, -0.744873, -0.660246

35
-0.0717067, -0.0223893, 0.000536199
0.999644, 0.00591658, 0.0259979
-0.0265469, 0.31162, 0.949836
-0.00248169, -0.950188, 0.311666

36
-0.017941, -0.0110698, 0.0177331
-0.995336, 0.0664419, 0.0699461
-0.0961208, -0.744873, -0.660246
0.00823295, -0.66389, 0.747785

37
-0.0712994, 0.0097283, -0.0224335
0.999644, 0.00591658, 0.0259979
0.0170167, -0.892233, -0.451254
0.0205263, 0.451536, -0.892017

38
0.00085697, -0.00734942, 0.0151474
-0.962885, 0.0648307, 0.262012
-0.187188, -0.859748, -0.475178
0.194458, -0.506587, 0.839973

39
0.0451373, 0.00362729, 0.00455176
-0.998867, -0.0198735, 0.0432372
0.0347328, -0.925575, 0.376967
0.0325276, 0.378042, 0.925217

40
-0.011762, 0.0112241, -0.0131785
-0.991112, -0.125317, -0.0446454
-0.0842456, 0.331513, 0.939682
-0.102958, 0.935091, -0.339124

41
0.0897267, -0.00713224, -0.00105994
0.999953, -0.00880819, -0.00402734
0.00458306, 0.0640093, 0.997939
-0.00853225, -0.99791, 0.0640466

42
-0.0712964, 0.00549714, -0.0215885
0.999644, 0.00591658, 0.0259979
0.00786629, -0.997111, -0.0755444
0.0254759, 0.075722, -0.996803

43
-0.000501129, -0.0130983, 0.0115789
-0.962885, 0.0648307, 0.262012
-0.247355, -0.600441, -0.760452
0.108022, -0.797037, 0.594191

44
0.000560127, 0.0175656, 0.00484242
0.947773, 0.050923, -0.314853
-0.316831, 0.263781, -0.911064
0.0366581, 0.963237, 0.266139

45
-0.0323583, 0.0192602, 0.00218189
0.93689, 0.0120604, 0.349415
0.344883, 0.132143, -0.929298
-0.0573805, 0.991157, 0.119644

46
-0.0715601, 0.0157763, 0.0054823
0.999775, -0.00815485, -0.0195761
-0.0166003, 0.273494, -0.96173
0.0131967, 0.961839, 0.273297

47
-0.0709604, -0.024911, -0.0197194
-0.724245, 0.0866003, -0.684083
0.395918, 0.864477, -0.309724
0.564552, -0.495157, -0.660379

48
-0.00923502, 0.0129608, 0.0166346
-0.930965, -0.00887482, -0.365002
-0.239173, -0.740521, 0.628033
-0.275865, 0.671975, 0.687276

49
0.086802, 0.00261256, -0.00987088
0.99995, -0.00757014, -0.00656312
-0.00996926, -0.817013, -0.576533
-0.000997718, 0.576569, -0.817048

50
-0.0727715, -0.00237881, 0.0220116
0.998128, -0.0240873, -0.0562236
0.009573, 0.969386, -0.245356
0.0604123, 0.244358, 0.967801

51
-0.0714818, -0.0205665, -0.00852509
0.999644, 0.00591658, 0.0259979
-0.0254759, -0.075722, 0.996803
0.00786629, -0.997111, -0.0755444

52
-0.0136543, 0.0144194, 0.00655029
0.941189, 0.00645498, -0.337818
-0.317982, 0.354963, -0.879141
0.114238, 0.934858, 0.33614

53
-0.0738376, -0.0113414, -0.0229308
0.994116, 0.0128907, 0.107551
-0.0616198, -0.749289, 0.65937
0.0890868, -0.662117, -0.744086

54
-0.0737242, -0.00669582, -0.0245357
0.994116, 0.0128907, 0.107551
-0.0228372, -0.945634, 0.324429
0.105886, -0.324976, -0.939776

55
0.00437322, -0.0191115, -0.00180085
-0.997442, 0.0573271, 0.0426875
-0.042386, 0.006464, -0.99908
-0.0575503, -0.998335, -0.0040176

56
0.0897156, -0.00661757, -0.00492764
0.999953, -0.00880819, -0.00402734
0.000969042, -0.322747, 0.946485
-0.00963663, -0.946444, -0.322723

57
-0.00275815, -0.017804, 0.00444879
-0.962885, 0.0648307, 0.262012
-0.269864, -0.249722, -0.929953
0.00514056, -0.966145, 0.257949

58
-0.0711261, -0.00961793, -0.0246938
0.999644, 0.00591658, 0.0259979
-0.00248169, -0.950188, 0.311666
0.0265469, -0.31162, -0.949836

59
-0.0715151, 0.00976604, 0.0158247
0.999821, -0.00974654, -0.016207
-0.00891749, 0.512757, -0.858487
0.0166775, 0.858478, 0.512579

60
-0.0694188, 0.0133115, 0.0148725
0.999939, 0.0110077, -0.000476871
-0.0078489, 0.681284, -0.731978
-0.00773251, 0.731937, 0.681329

61
-0.00673959, -0.0212443, -0.00933165
-0.962885, 0.0648307, 0.262012
-0.194458, 0.506587, -0.839973
-0.187188, -0.859748, -0.475178

62
-0.0715293, 0.00573861, 0.0173727
0.999821, -0.00974654, -0.016207
-0.00185647, 0.802251, -0.596984
0.0188206, 0.596907, 0.80209

63
0.0737433, 0.00497839, -0.00857591
-0.994125, 0.00126268, 0.108234
0.108208, -0.0131959, 0.994041
0.00268339, 0.999912, 0.0129817

64
-0.0286223, -0.0167975, 0.0177496
-0.99096, 0.0464372, -0.125866
0.0875095, -0.487388, -0.868789
-0.10169, -0.87195, 0.478918

65
-0.0713323, -0.0182773, -0.0190866
0.999758, 0.0107781, 0.0191643
-0.00507718, -0.734888, 0.67817
0.021393, -0.678103, -0.734655

66
-0.0139281, -0.0176277, -0.00500804
-0.954604, 0.0378478, 0.295463
-0.288486, 0.129642, -0.948667
-0.0742095, -0.990838, -0.112838

67
0.0897662, 0.00220678, -0.0116798
0.999953, -0.00880819, -0.00402734
-0.00853225, -0.99791, 0.0640466
-0.00458306, -0.0640093, -0.997939

68
-0.0743829, -0.0229837, 0.00566304
0.993833, 0.0484825, -0.0997246
0.0642796, 0.480923, 0.874404
0.0903531, -0.875422, 0.47484

69
-0.010964, -0.0220076, -0.00232757
0.945861, -0.0170873, -0.324122
0.315403, 0.284073, 0.905441
0.0766027, -0.95865, 0.274083

70
-0.0322305, 0.0164195, 0.00487642
-0.95728, -0.0430796, -0.285934
-0.279268, -0.118714, 0.952847
-0.0749927, 0.991993, 0.101612

71
-0.0671136, 0.0186265, -0.00167845
0.99935, 0.0155531, 0.0325293
0.0338441, -0.0934822, -0.995046
-0.0124351, 0.995499, -0.0939478

72
-0.0690299, -0.0222723, 0.0090722
0.999939, 0.0110077, -0.000476871
-0.00773251, 0.731937, 0.681329
0.0078489, -0.681284, 0.731978

73
-0.0758225, 0.0249992, -0.00141432
-0.885809, 0.301527, 0.352739
0.400921, 0.114499, 0.908929
0.233678, 0.946558, -0.222313

74
0.00361253, 0.0066624, -0.0208351
0.995744, 0.0877546, -0.0281654
0.0699653, -0.918671, -0.388778
-0.0599918, 0.385153, -0.920901

75
-0.0656254, 0.00228579, 0.0230661
-0.998141, 0.00668251, -0.0605795
-0.00125028, -0.996007, -0.0892688
-0.0609342, -0.0890271, 0.994164

76
-0.0736561, 0.0173371, -0.00364371
-0.998406, 0.03282, -0.0459111
-0.0477158, -0.0565043, 0.997261
0.0301359, 0.997863, 0.0579803

77
-0.0110913, -0.0208728, 0.00457299
-0.954604, 0.0378478, 0.295463
-0.294925, -0.259404, -0.919635
0.0418381, -0.965027, 0.25879

78
-0.0665922, -0.0249983, 0.00316061
0.99935, 0.0155531, 0.0325293
-0.0360266, 0.467327, 0.88335
-0.00146303, -0.883947, 0.467584

79
-0.0711819, -0.0193506, -0.0203346
0.999644, 0.00591658, 0.0259979
-0.0205263, -0.451536, 0.892017
0.0170167, -0.892233, -0.451254

80
-0.0716614, 0.0188244, 0.00135156
0.999821, -0.00974654, -0.016207
-0.0180984, -0.244462, -0.96949
0.00548718, 0.96961, -0.244594

81
-0.00673959, -0.0212443, -0.00933165
-0.962885, 0.0648307, 0.262012
-0.194458, 0.506587, -0.839973
-0.187188, -0.859748, -0.475178

82
-0.071558, -0.0137396, 0.0178845
0.999775, -0.00815485, -0.0195761
0.0131967, 0.961839, 0.273297
0.0166003, -0.273494, 0.96173

83
-0.072849, 0.01705, 0.0123118
0.998128, -0.0240873, -0.0562236
-0.0359488, 0.512672, -0.857832
0.0494871, 0.858247, 0.510846

84
-0.0631386, -0.0134723, -0.0222352
0.995828, 0.0248534, -0.0878049
0.0625729, -0.886344, 0.45878
-0.0664231, -0.46236, -0.884201

85
-0.0384086, 0.0193897, -0.00257022
-0.978891, -0.138684, -0.15013
-0.139729, -0.0819711, 0.986791
-0.149159, 0.986938, 0.0608626

86
-0.0252068, -0.0176602, 0.00612046
-0.974618, 0.00328165, 0.223849
-0.211589, -0.340166, -0.916252
0.0731388, -0.94036, 0.332226

87
-0.0671136, 0.0186265, -0.00167845
0.99935, 0.0155531, 0.0325293
0.0338441, -0.0934822, -0.995046
-0.0124351, 0.995499, -0.0939478

88
-0.0114184, 0.0133723, -0.0159754
-0.989939, -0.113771, -0.0841235
-0.137272, 0.628081, 0.765944
-0.0343058, 0.769786, -0.637379

89
-0.0746059, -0.0213294, -0.0146324
0.994116, 0.0128907, 0.107551
-0.0910213, -0.438872, 0.893928
0.0587246, -0.898457, -0.435116

90
-0.0713434, 0.00999779, 0.0189602
0.999775, -0.00815485, -0.0195761
-0.0102865, 0.620756, -0.783937
0.0185448, 0.783962, 0.620532

91
-0.0718617, -0.0194129, 0.00916988
0.999758, 0.0107781, 0.0191643
-0.021393, 0.678103, 0.734655
-0.00507718, -0.734888, 0.67817

92
-0.0763317, -0.00044246, -0.0263191
0.996824, 0.075545, 0.0251772
0.0696082, -0.980224, 0.185244
0.0386736, -0.182903, -0.98237

93
-0.0258267, -0.0227083, -0.0064411
-0.99096, 0.0464372, -0.125866
0.133784, 0.271926, -0.952973
-0.010027, -0.961197, -0.275681

94
-0.0714676, -0.0203241, -0.010879
0.999758, 0.0107781, 0.0191643
-0.0187172, -0.0401526, 0.999018
0.011537, -0.999135, -0.0399412

95
-0.0414832, -0.00612554, -0.0282553
0.937685, 0.00242949, -0.347479
0.0615397, -0.98533, 0.159178
-0.341994, -0.170643, -0.924078

96
0.0837424, 0.00475415, -0.00782169
0.999821, -0.00527038, -0.0181816
-0.0176029, -0.612145, -0.79055
-0.00696329, 0.790728, -0.612128

97
-0.0237484, -0.0138003, -0.0228346
-0.986035, 0.0270065, 0.164334
-0.0218248, 0.957299, -0.288274
-0.165103, -0.287835, -0.943341

98
-0.00565661, -0.019408, -0.00580609
-0.962885, 0.0648307, 0.262012
-0.251289, 0.139015, -0.957877
-0.0985233, -0.988166, -0.117564

99
-0.0712383, -0.0123703, -0.0197539
0.999644, 0.00591658, 0.0259979
-0.0124518, -0.758608, 0.651429
0.0235765, -0.651521, -0.758264

100
-0.071622, 0.0180223, 0.00426865
0.999821, -0.00974654, -0.016207
-0.0146209, 0.1452, -0.989294
0.0119955, 0.989354, 0.145032

101
0.0898261, 0.000205405, -0.00840446
0.999952, -0.00881548, -0.00416921
-0.00933109, -0.740764, -0.6717
0.00283296, 0.671707, -0.740811

102
-0.0409943, -0.0227168, -0.00306435
-0.957579, -0.00498552, 0.288128
-0.284728, -0.137728, -0.948663
0.0444128, -0.990458, 0.130466

103
-0.00530738, -0.0195522, -0.0132911
-0.987883, 0.110355, 0.10913
-0.0518983, 0.427788, -0.902388
-0.146267, -0.897117, -0.416877

104
-0.0553372, -0.0267292, -0.00649614
0.98388, -0.176381, -0.0294835
-0.00594153, -0.197021, 0.980381
-0.17873, -0.964403, -0.194893

105
-0.066869, 0.0146336, -0.0196859
0.999428, 0.0288339, 0.0176712
0.0338178, -0.849755, -0.526092
-0.00015314, 0.526389, -0.850244

106
-0.0730184, 0.0162914, -0.0182585
-0.998406, 0.03282, -0.0459111
-0.0325512, 0.329662, 0.943538
0.046102, 0.943528, -0.328069

107
-0.0131592, 0.0147156, 0.00803935
-0.991112, -0.125317, -0.0446454
0.0132316, -0.426794, 0.904252
-0.132373, 0.895624, 0.424659

108
-0.00113401, -0.0212904, 0.00603828
0.884957, -0.0430245, 0.463682
-0.404035, 0.424133, 0.810473
-0.231533, -0.904577, 0.357956

109
-0.0491406, -0.0234559, -0.00724133
-0.979514, 0.175612, 0.0985552
-0.0330539, 0.342563, -0.938913
-0.198645, -0.922936, -0.329741

110
-0.0691378, 0.0193716, -0.0167072
-0.81598, 0.292685, -0.49851
-0.20369, 0.661478, 0.721774
0.541005, 0.690495, -0.480136

111
-0.0702835, 0.0224195, 0.0142446
-0.881968, 0.46274, 0.0894607
-0.258468, -0.633607, 0.729203
0.394115, 0.620011, 0.678425

112
-0.0747043, -0.0212356, 0.0040785
-0.993802, -0.0640644, 0.0908507
-0.0806742, -0.146648, -0.985894
0.0764837, -0.987112, 0.140571

113
0.104728, -0.00641041, 0.0020921
-0.999664, 0.0259131, 0.000115336
-0.0197302, -0.758245, -0.651672
-0.0167994, -0.651455, 0.758501

114
-0.00737822, 0.0163877, -0.00884351
-0.940623, -0.013841, 0.339172
0.338823, 0.022609, 0.940578
-0.0206869, 0.999649, -0.0165769

115
-0.0478914, -0.0106745, 0.0237971
-0.953946, 0.0636434, -0.293151
0.0661926, -0.908489, -0.412633
-0.292586, -0.413033, 0.862437

116
0.0988611, 0.00461073, -0.00621803
0.999941, -0.0107834, -0.00150772
-0.00470956, -0.303492, -0.952822
0.00981711, 0.952773, -0.303525

117
-0.00708643, -0.0177225, 0.0177298
0.884957, -0.0430245, 0.463682
-0.284676, 0.738015, 0.611796
-0.368526, -0.673411, 0.640863

118
-0.0714161, -0.00118113, 0.019903
0.999775, -0.00815485, -0.0195761
0.0058395, 0.993285, -0.115545
0.0203868, 0.115404, 0.993109

119
0.0897507, -0.00612767, 0.00271025
0.999953, -0.00880819, -0.00402734
0.00749934, 0.441021, 0.897466
-0.00612891, -0.897454, 0.441066

120
-0.0673594, -0.00748342, 0.0202476
0.999371, 0.0212317, 0.0284161
-0.0200179, 0.998903, -0.0423382
-0.0292838, 0.0417427, 0.998699

121
-0.0757765, -0.0208807, -0.00720295
0.993833, 0.0484825, -0.0997246
0.0939633, 0.109305, 0.989557
0.0588766, -0.992825, 0.104076

122
0.0740658, 0.00701062, -0.00563754
-0.994125, 0.00126268, 0.108234
0.0784122, 0.697714, 0.712072
-0.0746173, 0.716376, -0.693713

123
-0.0232344, -0.0162825, -0.019343
-0.986035, 0.0270065, 0.164334
-0.0833455, 0.77428, -0.627331
-0.144183, -0.632267, -0.761216

124
0.083815, 0.00649482, -0.00433043
0.999821, -0.00527038, -0.0181816
-0.0189277, -0.26295, -0.964624
0.000303083, 0.964795, -0.263002

125
-0.0676361, 0.0110413, 0.0180013
0.99935, 0.0155531, 0.0325293
0.0151384, 0.637823, -0.770035
-0.0327243, 0.770026, 0.637172

126
-0.0676437, 0.00670049, 0.0203094
0.99935, 0.0155531, 0.0325293
0.00146303, 0.883947, -0.467584
-0.0360266, 0.467327, 0.88335

127
-0.0754202, -0.0240344, -0.0123386
-0.692392, -0.00457922, -0.721507
0.717653, 0.0990321, -0.689323
0.0746089, -0.995074, -0.0652828

128
0.0447964, 0.00906483, -0.000823698
-0.998867, -0.0198735, 0.0432372
0.0475603, -0.387164, 0.920783
-0.00155926, 0.921797, 0.387671

129
-0.0672484, -0.0149369, 0.0185098
0.99935, 0.0155531, 0.0325293
-0.0244401, 0.955496, 0.293991
-0.0265091, -0.294595, 0.955254

130
-0.0540442, 0.020854, -0.00180317
0.975181, 0.221398, -0.00225564
-0.00163086, -0.00300477, -0.999994
-0.221403, 0.975179, -0.00256913

131
-0.0755101, -0.0125526, -0.0225142
0.996824, 0.075545, 0.0251772
0.0495099, -0.835615, 0.54708
0.0623676, -0.544096, -0.836702

132
-0.074284, 0.0158231, -0.0126365
0.998128, -0.0240873, -0.0562236
-0.0594771, -0.596725, -0.800238
-0.0142745, 0.802084, -0.597041

133
0.0556089, -0.000759374, 0.0144275
0.912465, 0.00700029, 0.409095
0.148334, 0.926173, -0.346699
-0.38132, 0.377033, 0.844062

134
-0.0637694, -0.0255743, -0.010587
-0.998141, 0.00668251, -0.0605795
0.0567743, 0.463406, -0.884326
0.0221634, -0.886121, -0.462924

135
0.0713808, 0.00639947, -0.00519227
-0.9925, -0.000307629, 0.122243
0.0866415, 0.703677, 0.705218
-0.0862367, 0.71052, -0.698373

136
-0.00359113, -0.0195773, 0.00227021
-0.987883, 0.110355, 0.10913
-0.140124, -0.331866, -0.932861
-0.066729, -0.936849, 0.343308

137
-0.0591846, 0.0121001, 0.0177874
0.986995, -0.0436561, 0.154709
0.144651, 0.661005, -0.736307
-0.0701189, 0.74911, 0.658724

138
-0.0522156, -0.0237845, -0.00115303
0.981125, -0.191828, -0.0243963
0.0635724, 0.200824, 0.977562
-0.182624, -0.960662, 0.209229

139
-0.0599288, -0.0147889, 0.0176929
0.991997, 0.0846178, 0.0937101
-0.114511, 0.91561, 0.385416
-0.0531888, -0.393063, 0.917972

140
-0.0663637, -0.00810097, -0.0260367
-0.793015, 0.0344941, -0.608224
0.123819, 0.986683, -0.10548
0.596486, -0.158957, -0.786726

141
0.074042, 0.00838902, -0.00587249
-0.994125, 0.00126268, 0.108234
0.0989445, -0.394841, 0.913406
0.0438886, 0.918749, 0.392396

142
-0.0252283, -0.0106545, 0.0172899
-0.956678, 0.00965092, 0.290987
-0.164431, -0.842705, -0.51265
0.240268, -0.538288, 0.807785

143
-0.0624945, -0.0125151, 0.0210388
-0.992769, 0.0278196, -0.116774
0.0224635, -0.912538, -0.408374
-0.117922, -0.408044, 0.905315

144
0.0988159, -0.00357924, 0.0062814
0.99994, -0.0108218, -0.00170661
0.0109279, 0.996303, 0.0852081
0.000778196, -0.0852216, 0.996362

145
-0.0618608, -0.0163318, 0.0147419
-0.992769, 0.0278196, -0.116774
0.0658802, -0.686924, -0.723737
-0.100349, -0.726197, 0.680124

146
0.0988365, -0.00164046, 0.00606522
0.99994, -0.0108218, -0.00170661
0.00979824, 0.953077, -0.302569
0.00490088, 0.302534, 0.953126

147
-0.0283018, -0.00892289, 0.018132
-0.99096, 0.0464372, -0.125866
-0.010027, -0.961197, -0.275681
-0.133784, -0.271926, 0.952973

148
-0.0714175, 0.000260858, -0.0250655
0.999758, 0.0107781, 0.0191643
0.011537, -0.999135, -0.0399412
0.0187172, 0.0401526, -0.999018

149
-0.0585498, -0.0211752, -0.00141337
0.0225688, 0.0742832, 0.996982
-0.35978, -0.929819, 0.0774234
0.932764, -0.360441, 0.00574067

150
-0.0738963, -0.0220623, 0.000745442
-0.99821, -0.0308516, -0.0512333
0.0543581, -0.110833, -0.992351
0.0249372, -0.99336, 0.112312

151
-0.0726662, 0.00369504, 0.0212795
0.998128, -0.0240873, -0.0562236
-0.0142745, 0.802084, -0.597041
0.0594771, 0.596725, 0.800238

152
-0.0713197, -0.00496338, -0.0272307
0.999758, 0.0107781, 0.0191643
0.00349605, -0.938447, 0.345407
0.0217075, -0.345256, -0.938257

153
0.0838872, 0.00676668, -0.000438776
0.999821, -0.00527038, -0.0181816
-0.0173709, 0.126277, -0.991843
0.00752331, 0.991981, 0.126163

154
-0.0212274, -0.0205664, -0.00659648
-0.986035, 0.0270065, 0.164334
-0.132178, 0.473383, -0.870883
-0.101313, -0.880443, -0.463202

155
-0.075365, -0.02129, -0.00204058
0.996824, 0.075545, 0.0251772
-0.0386736, 0.182903, 0.98237
0.0696082, -0.980224, 0.185244

156
0.0988663, 0.00482881, -0.00427937
0.999941, -0.0107834, -0.00150772
-0.000594223, 0.0842199, -0.996447
0.0108721, 0.996389, 0.0842085

157
-0.0620667, -0.0192306, -0.0117094
0.995828, 0.0248534, -0.0878049
0.0912139, -0.299802, 0.949631
-0.00272256, -0.953678, -0.300818

158
-0.0714997, 0.00309913, 0.0207858
0.999821, -0.00974654, -0.016207
0.00548718, 0.96961, -0.244594
0.0180984, 0.244462, 0.96949

159
0.0709932, 0.00296884, -0.0199502
0.912465, 0.00700029, 0.409095
0.0088825, -0.999957, -0.00270105
0.409058, 0.0060984, -0.912488

160
-0.0741312, 0.00217073, 0.0204005
0.993833, 0.0484825, -0.0997246
-0.0903531, 0.875422, -0.47484
0.0642796, 0.480923, 0.874404

161
0.080961, 0.00578979, 0.00577195
-0.999693, 0.00446201, 0.0243925
0.0198184, -0.447462, 0.894083
0.0149041, 0.894292, 0.447236

162
-0.0534561, -0.0222257, -0.0081042
0.980532, -0.15631, 0.118843
-0.151289, -0.215574, 0.964697
-0.125173, -0.963896, -0.235025

163
-0.00565661, -0.019408, -0.00580609
-0.962885, 0.0648307, 0.262012
-0.251289, 0.139015, -0.957877
-0.0985233, -0.988166, -0.117564

164
-0.0751253, -0.0180513, -0.0212465
0.996824, 0.075545, 0.0251772
0.0218741, -0.563791, 0.825628
0.0765668, -0.822455, -0.563653

165
-0.00689188, -0.0200025, -0.00709398
0.931321, 0.00247282, 0.364191
-0.364186, 0.0148356, 0.931208
-0.00310028, -0.999887, 0.0147173

166
-0.0557869, 0.0200518, 0.00643081
-0.981284, 0.0272366, -0.190631
-0.165734, -0.623516, 0.764042
-0.0980514, 0.781336, 0.61636

167
-0.0266907, -0.0196763, -0.0003108
-0.974618, 0.00328165, 0.223849
-0.223471, 0.0455882, -0.973644
-0.0134, -0.998955, -0.0436977

168
-0.0124306, 0.0144924, -0.00557855
-0.989939, -0.113771, -0.0841235
-0.113695, 0.285687, 0.951555
-0.0842263, 0.951546, -0.295747

169
0.0988179, -0.00099533, 0.00526406
0.999941, -0.0107834, -0.00150772
0.0108721, 0.996389, 0.0842085
0.000594223, -0.0842199, 0.996447

170
-0.0543982, -0.0259346, -0.0167268
-0.978264, 0.140644, 0.152376
-0.033306, 0.618718, -0.784907
-0.20467, -0.772921, -0.600586

171
-0.0542272, 0.0215984, -0.00787369
0.975181, 0.221398, -0.00225564
0.0832207, -0.375961, -0.922891
-0.205174, 0.899798, -0.385055

172
-0.0745345, -0.0178618, 0.0106492
-0.99821, -0.0308516, -0.0512333
0.0597634, -0.482539, -0.873833
0.00223704, -0.875331, 0.483519

173
-0.0154516, -0.0244562, -0.0090555
-0.954604, 0.0378478, 0.295463
-0.238127, 0.498951, -0.833273
-0.178959, -0.865803, -0.467288

174
-0.0354049, -0.0219926, 0.0110066
-0.985401, 0.0945999, -0.14155
0.08227, -0.463319, -0.882365
-0.149054, -0.881128, 0.448772

175
-0.057586, 0.0152674, 0.00848261
0.986995, -0.0436561, 0.154709
0.160474, 0.324017, -0.932342
-0.00942582, 0.945043, 0.326809

176
-0.0330977, -0.0230193, -0.00574139
-0.985401, 0.0945999, -0.14155
0.169192, 0.636752, -0.752277
0.0189669, -0.765244, -0.643461

177
0.057027, 0.00276062, 0.0112041
0.912465, 0.00700029, 0.409095
0.282967, 0.711389, -0.643316
-0.295529, 0.702764, 0.647136

178
-0.0751405, 0.0164508, -0.0142192
0.994116, 0.0128907, 0.107551
0.0890868, -0.662117, -0.744086
0.0616198, 0.749289, -0.65937

179
-0.0730263, 0.0195614, 0.00808899
0.998128, -0.0240873, -0.0562236
-0.0521503, 0.145211, -0.988025
0.0319631, 0.989108, 0.143683

180
-0.0720229, 0.0129412, -0.0169685
0.999775, -0.00815485, -0.0195761
-0.0185448, -0.783962, -0.620532
-0.0102865, 0.620756, -0.783937

181
-0.0673292, 0.0148424, 0.00675446
0.99935, 0.0155531, 0.0325293
0.0265091, 0.294595, -0.955254
-0.0244401, 0.955496, 0.293991

182
-0.0435982, 0.00762549, -0.0266091
-0.976279, -0.160122, 0.14574
-0.0453223, 0.809332, 0.5856
-0.21172, 0.565103, -0.797391

183
-0.0209443, 0.0199375, -0.0135249
0.943767, 0.0151611, -0.330263
-0.284157, -0.473416, -0.833746
-0.168992, 0.880709, -0.442486

184
-0.0768313, 0.021502, 0.00362723
-0.971043, 0.0753209, 0.226721
0.152481, -0.535173, 0.830867
0.183917, 0.841378, 0.508191

185
-0.0476492, 0.0228041, 0.00166217
-0.974186, -0.185385, -0.128818
-0.0788473, -0.255271, 0.963649
-0.211529, 0.948931, 0.234064

186
-0.0391626, 0.0201965, 0.00160078
-0.978891, -0.138684, -0.15013
-0.0720119, -0.453416, 0.888385
-0.191277, 0.880443, 0.433858

187
0.0988534, 6.80291e-05, 0.00512352
0.99994, -0.0108218, -0.00170661
0.00717691, 0.764754, -0.644283
0.00827744, 0.644232, 0.764785

188
-0.0364382, -0.0214922, 0.00391151
0.930843, -0.0177309, 0.364989
-0.354084, 0.203088, 0.912896
-0.0903116, -0.979, 0.182765

189
0.105059, 0.00634515, 0.00141759
-0.999664, 0.0259131, 0.000115336
-0.00797015, -0.311698, 0.950148
0.0246572, 0.949828, 0.3118

190
-0.0730739, -0.0167953, -0.0184494
-0.99821, -0.0308516, -0.0512333
-0.00223704, 0.875331, -0.483519
0.0597634, -0.482539, -0.873833

191
-0.0234448, -0.00108638, -0.0231026
-0.986035, 0.0270065, 0.164334
0.0430185, 0.994579, 0.0946705
-0.160887, 0.100418, -0.981851

192
0.0836803, 0.00180967, -0.010381
0.999821, -0.00527038, -0.0181816
-0.0135982, -0.868147, -0.496121
-0.0131696, 0.49628, -0.868063

193
-0.0736147, -0.0189508, 0.014143
0.998128, -0.0240873, -0.0562236
0.0494871, 0.858247, 0.510846
0.0359488, -0.512672, 0.857832

194
-0.076444, 0.0219661, -0.00283103
0.994116, 0.0128907, 0.107551
0.105886, -0.324976, -0.939776
0.0228372, 0.945634, -0.324429

195
0.104697, -0.0076133, 0.000556491
-0.999664, 0.0259131, 0.000115336
-0.0117995, -0.451226, -0.892332
-0.023071, -0.892034, 0.45138

196
-0.0300503, -0.0237478, -0.0148783
-0.974618, 0.00328165, 0.223849
-0.148543, 0.738604, -0.657571
-0.167493, -0.674132, -0.719369

197
-0.0133866, 0.0140925, 0.00621137
-0.989939, -0.113771, -0.0841235
-0.0208374, -0.470834, 0.881976
-0.139951, 0.874855, 0.463726

198
-0.0595816, 0.00786868, 0.0242237
-0.981284, 0.0272366, -0.190631
-0.047859, -0.99338, 0.104427
-0.186525, 0.111596, 0.976092

199
-0.0716665, -0.0215194, 0.000169617
0.999758, 0.0107781, 0.0191643
-0.0217075, 0.345256, 0.938257
0.00349605, -0.938447, 0.345407

200
-0.0564128, 0.0205216, 0.0013511
-0.978438, -0.206188, -0.0120833
0.0195108, -0.15051, 0.988416
-0.205618, 0.966868, 0.151288

201
-0.0580428, -0.0217521, -0.0134719
0.985851, -0.110791, -0.125793
0.0611003, -0.4613, 0.885138
-0.156094, -0.8803, -0.448004

202
-0.0100097, 0.0116507, -0.0163346
-0.940623, -0.013841, 0.339172
0.305115, 0.403437, 0.862637
-0.148774, 0.914903, -0.375259

203
-0.00858627, -0.0174257, -0.00128085
0.934652, -0.0276244, 0.354489
-0.347107, 0.14526, 0.926508
-0.0770873, -0.989008, 0.126179

204
-0.0268881, 0.016546, -0.00347034
-0.968712, -0.00390508, -0.248158
-0.247943, -0.029219, 0.968334
-0.0110324, 0.999565, 0.0273366

205
0.0177976, 0.0168436, 0.00166288
-0.998249, 0.000355782, -0.0591474
-0.0591441, -0.018175, 0.998084
-0.000719903, 0.999835, 0.0181642

206
-0.0741514, 0.016545, 0.015356
-0.994374, 0.0497637, 0.0935075
0.015487, -0.804984, 0.593095
0.104787, 0.591206, 0.799684

207
0.0182514, 0.0154605, -0.00600378
-0.998249, 0.000355782, -0.0591474
-0.0549175, 0.365829, 0.929061
0.0219684, 0.930682, -0.365169

208
0.0987947, -0.00545315, 0.00573914
0.99994, -0.0108218, -0.00170661
0.0103938, 0.887851, 0.460013
-0.00346296, -0.460003, 0.88791

209
-0.0621334, -0.0052562, 0.0196984
-0.992769, 0.0278196, -0.116774
-0.0243732, -0.999227, -0.030839
-0.117542, -0.0277698, 0.99268

210
-0.087199, 0.0433378, -0.00557158
0.0225688, 0.0742832, 0.996982
0.932764, -0.360441, 0.00574067
0.35978, 0.929819, -0.0774234

211
-0.0621147, 0.0142674, 0.0177629
0.992413, 0.106116, 0.0620897
0.000893402, 0.498779, -0.866729
-0.122943, 0.860209, 0.4949

212
-0.054676, -0.0238471, -0.00167465
0.98388, -0.176381, -0.0294835
0.0629076, 0.187037, 0.980337
-0.167398, -0.966389, 0.195118

213
-0.0670281, 0.0174013, -0.00999692
0.999371, 0.0212317, 0.0284161
0.0347153, -0.420829, -0.906476
-0.00728771, 0.906892, -0.421301

214
-0.0703007, 0.0246567, -0.0100884
-0.755728, 0.567941, 0.326065
0.50429, 0.187028, 0.843038
0.417812, 0.801538, -0.427749

215
0.00407723, -0.0171498, -0.0113515
-0.997442, 0.0573271, 0.0426875
-0.017136, 0.388018, -0.921492
-0.06939, -0.919867, -0.386043

216
-0.0352364, -0.0249422, 0.00786202
-0.985401, 0.0945999, -0.14155
0.133048, -0.0908575, -0.986936
-0.106225, -0.991361, 0.0769447

217
0.0734127, 0.00543077, -0.0116179
-0.994125, 0.00126268, 0.108234
0.100998, 0.370458, 0.923342
-0.0389304, 0.928848, -0.368409

218
-0.0556925, 0.018131, 0.0148833
-0.972142, -0.145791, -0.183534
-0.0211896, -0.72515, 0.688265
-0.233433, 0.67298, 0.70186

219
-0.00494874, 0.0180632, -0.00203747
-0.940623, -0.013841, 0.339172
0.320948, -0.361661, 0.875325
0.11055, 0.932207, 0.344629

220
-0.034979, 0.0180591, 0.000113115
0.951165, 0.0122385, 0.308441
0.302248, -0.23989, -0.92255
0.0627012, 0.970723, -0.231874

221
-0.0560853, 0.0198815, -0.0142396
-0.978438, -0.206188, -0.0120833
-0.0606611, 0.230951, 0.971073
-0.197433, 0.950867, -0.238479

222
-0.0752822, 0.0137317, 0.0145498
0.993833, 0.0484825, -0.0997246
-0.108074, 0.624743, -0.773315
0.02481, 0.779324, 0.62613

223
0.0809188, 0.000121778, 0.00507631
-0.999693, 0.00446201, 0.0243925
0.0126063, -0.755632, 0.654876
0.0213538, 0.654982, 0.755343

224
0.0684298, 0.00867139, -0.0143303
0.912465, 0.00700029, 0.409095
0.164746, -0.921506, -0.351689
0.374521, 0.388301, -0.841995

225
-0.0416574, 0.01889, -0.00123208
-0.976279, -0.160122, 0.14574
0.178259, -0.212369, 0.960793
-0.122894, 0.963981, 0.235875

226
-0.0416466, 0.00761146, -0.0218683
-0.974186, -0.185385, -0.128818
-0.225601, 0.77901, 0.58502
-0.00810336, 0.59898, -0.800723

227
-0.055262, 0.0192598, -0.00497061
0.979258, 0.069062, 0.190487
0.202617, -0.328759, -0.922423
-0.00108015, 0.941885, -0.335933

228
-0.0118689, 0.011788, 0.0120352
0.943767, 0.0151611, -0.330263
-0.264871, 0.6325, -0.727865
0.197856, 0.774412, 0.600949

229
-0.0734552, -0.00647937, -0.0250384
-0.998406, 0.03282, -0.0459111
0.0301359, 0.997863, 0.0579803
0.0477158, 0.0565043, -0.997261

230
0.0989213, 0.0068099, 0.00215167
0.99994, -0.0108218, -0.00170661
-0.000778196, 0.0852216, -0.996362
0.0109279, 0.996303, 0.0852081

231
-0.0564551, 0.0203643, 0.00746765
-0.978438, -0.206188, -0.0120833
0.0967124, -0.509058, 0.855282
-0.1825, 0.835672, 0.518022

232
-0.0730909, -0.00202394, -0.0270141
-0.99821, -0.0308516, -0.0512333
-0.0438409, 0.960159, 0.275994
0.0406773, 0.277746, -0.959793

233
-0.0766961, 0.0204426, -0.00106668
0.974039, -0.148609, 0.170773
0.147186, -0.157425, -0.976501
0.172001, 0.976285, -0.131465

234
-0.0606437, 0.0183711, -0.00468205
0.991997, 0.0846178, 0.0937101
0.118582, -0.369497, -0.921635
-0.0433612, 0.925371, -0.376574

235
0.00444395, 0.0101589, -0.0181865
-0.930965, -0.00887482, -0.365002
-0.163339, 0.904209, 0.394622
0.326536, 0.426998, -0.843236

236
-0.0740316, 0.0139028, -0.0219557
0.974039, -0.148609, 0.170773
-0.0175467, -0.801654, -0.597531
0.225699, 0.579022, -0.78345

237
0.00488825, -0.0172735, 0.00776509
-0.997442, 0.0573271, 0.0426875
-0.0611832, -0.376074, -0.924567
-0.0369491, -0.924814, 0.37862

238
-0.024591, 0.0202387, -0.00492899
-0.973858, -0.0185593, 0.226398
0.223163, -0.264248, 0.938281
0.0424114, 0.964276, 0.261482

239
0.0988591, 0.00288179, 0.00482781
0.999941, -0.0107834, -0.00150772
0.00981711, 0.952773, -0.303525
0.00470956, 0.303492, 0.952822

240
0.104822, -0.00277557, 0.00328531
-0.999664, 0.0259131, 0.000115336
-0.0258303, -0.996808, 0.0755399
0.00207244, 0.0755116, 0.997143

241
-0.044135, -0.0114558, 0.0240285
0.930843, -0.0177309, 0.364989
-0.052065, 0.982196, 0.180497
-0.361692, -0.187018, 0.913347

242
-0.0436412, 0.0169601, -0.0166412
-0.976279, -0.160122, 0.14574
0.0391492, 0.53147, 0.846172
-0.212947, 0.831806, -0.512594

243
-0.0049181, -0.0154921, -0.0138729
-0.987883, 0.110355, 0.10913
0.00802634, 0.738537, -0.674166
-0.154994, -0.665121, -0.730473

244
-0.00958186, -0.00955485, -0.0226693
-0.962885, 0.0648307, 0.262012
-0.00514056, 0.966145, -0.257949
-0.269864, -0.249722, -0.929953

245
0.00394794, 0.0124546, 0.00906931
0.995744, 0.0877546, -0.0281654
-0.0821998, 0.707395, -0.702023
-0.0416816, 0.70135, 0.711598

246
0.0043297, -0.0191039, -0.00418656
0.884957, -0.0430245, 0.463682
-0.461883, 0.0456814, 0.885763
-0.0592912, -0.998029, 0.0205538

247
-0.0756152, 0.00983991, -0.0229565
-0.976758, 0.151313, -0.151814
-0.00313839, 0.698103, 0.71599
0.214321, 0.699826, -0.681403

248
0.0806859, 0.00440318, -0.00524916
-0.999693, 0.00446201, 0.0243925
0.0213538, 0.654982, 0.755343
-0.0126063, 0.755632, -0.654876

249
-0.0736505, 0.00571203, -0.0207683
-0.99821, -0.0308516, -0.0512333
-0.0560703, 0.780783, 0.622282
0.0208037, 0.624041, -0.781115

250
0.00782023, -0.0156475, -0.0105277
0.884957, -0.0430245, 0.463682
-0.368526, -0.673411, 0.640863
0.284676, -0.738015, -0.611796

251
-0.0738407, -0.00270917, 0.0209226
0.993833, 0.0484825, -0.0997246
-0.0588766, 0.992825, -0.104076
0.0939633, 0.109305, 0.989557

252
0.0808738, 0.00682141, 0.00201
-0.999693, 0.00446201, 0.0243925
0.0240134, -0.0711702, 0.997175
0.00618542, 0.997454, 0.0710411

253
-0.0657487, 0.010736, 0.0180559
0.997941, 0.0135932, 0.0626813
0.039213, 0.644052, -0.763976
-0.0507549, 0.764861, 0.642193

254
0.09891, 0.00637764, -0.0017261
0.99994, -0.0108218, -0.00170661
-0.00490088, -0.302534, -0.953126
0.00979824, 0.953077, -0.302569

255
-0.00451697, -0.0177843, -0.0131823
0.931321, 0.00247282, 0.364191
-0.337651, -0.368934, 0.865956
0.136504, -0.929452, -0.342761

256
0.0987759, -0.00474424, 0.00418331
0.999941, -0.0107834, -0.00150772
0.0102719, 0.888314, 0.459122
-0.00361158, -0.459111, 0.888372

257
-0.0630304, -0.00729501, -0.0236255
0.99662, -0.0485638, -0.0662522
-0.0123544, -0.885968, 0.463582
-0.0812106, -0.461197, -0.883574

258
-0.0739254, -0.000687528, -0.0233961
0.994116, 0.0128907, 0.107551
0.0194221, -0.998015, -0.0599037
0.106566, 0.0616401, -0.992393

259
-0.0208723, -0.0180134, -0.00488568
-0.986035, 0.0270065, 0.164334
-0.160887, 0.100418, -0.981851
-0.0430185, -0.994579, -0.0946705

260
0.083948, 0.00552834, 0.00326081
0.999821, -0.00527038, -0.0181816
-0.0131696, 0.49628, -0.868063
0.0135982, 0.868147, 0.496121

261
-0.000501129, -0.0130983, 0.0115789
-0.962885, 0.0648307, 0.262012
-0.247355, -0.600441, -0.760452
0.108022, -0.797037, 0.594191

262
-0.00545761, -0.0159821, -0.00941742
0.934652, -0.0276244, 0.354489
-0.350185, -0.244274, 0.904268
0.0616126, -0.969313, -0.237985

263
-0.0652576, 0.0193935, 0.0083596
0.997941, 0.0135932, 0.0626813
0.0556512, 0.302327, -0.951578
-0.0318853, 0.953107, 0.300948

264
0.0627676, 0.00784665, -0.0016869
0.912465, 0.00700029, 0.409095
0.409058, 0.0060984, -0.912488
-0.0088825, 0.999957, 0.00270105

265
-0.00199361, 0.0159223, 0.00723127
0.944502, 0.0318075, -0.326962
-0.320921, 0.301973, -0.897676
0.0701808, 0.952786, 0.295422

266
-0.0831757, 0.0196131, -0.00567371
-0.835148, 0.159366, 0.526432
0.545547, 0.118117, 0.829715
0.0700473, 0.980128, -0.185587

267
-0.0674103, 0.010389, 0.0178573
0.999428, 0.0288339, 0.0176712
-0.013083, 0.811507, -0.584196
-0.0311849, 0.583631, 0.81142

268
-0.0585044, 0.0134263, 0.0194729
-0.981284, 0.0272366, -0.190631
-0.115596, -0.875058, 0.470012
-0.154011, 0.483251, 0.861829

269
-0.0291383, -0.0230732, -0.0109175
-0.974618, 0.00328165, 0.223849
-0.201333, 0.424401, -0.882807
-0.0978988, -0.905468, -0.412969

270
-0.0128277, 0.0175001, -0.00497313
-0.989939, -0.113771, -0.0841235
-0.0728083, -0.100201, 0.9923
-0.121324, 0.988441, 0.0909093

271
-0.0560075, -0.0245136, 0.00993781
0.980532, -0.15631, 0.118843
-0.0184674, 0.529143, 0.848331
-0.195488, -0.834011, 0.515956

272
-0.0615358, -0.0197012, 0.0111766
-0.992769, 0.0278196, -0.116774
0.0992673, -0.356732, -0.928918
-0.0674992, -0.933793, 0.351391

273
0.0987393, -0.00779419, 0.00175009
0.999941, -0.0107834, -0.00150772
0.00810791, 0.645001, 0.764139
-0.00726756, -0.764106, 0.64505

274
-0.0714676, -0.0203241, -0.010879
0.999758, 0.0107781, 0.0191643
-0.0187172, -0.0401526, 0.999018
0.011537, -0.999135, -0.0399412

275
-0.0438269, -0.0241505, -0.012503
-0.957579, -0.00498552, 0.288128
-0.28005, 0.251788, -0.926377
-0.0679285, -0.96777, -0.242503

276
0.0898072, -0.00146764, -0.00940775
0.999952, -0.00881548, -0.00416921
-0.00970493, -0.941428, -0.337074
-0.000953544, 0.337098, -0.941469

277
-0.0775273, 0.0108835, -0.0175309
-0.994374, 0.0497637, 0.0935075
0.104787, 0.591206, 0.799684
-0.015487, 0.804984, -0.593095

278
-0.0763869, 0.0163269, -0.00830029
-0.994374, 0.0497637, 0.0935075
0.102737, 0.23815, 0.965779
0.025792, 0.969953, -0.241922

279
-0.0638366, 0.00583895, -0.0246856
0.995828, 0.0248534, -0.0878049
-0.00272256, -0.953678, -0.300818
-0.0912139, 0.299802, -0.949631

280
-0.0247986, 0.019358, -0.00589425
-0.973858, -0.0185593, 0.226398
0.222406, 0.124879, 0.966923
-0.0462178, 0.991998, -0.117487

281
-0.00409325, 0.0179954, -0.0145319
0.889773, 0.0104442, -0.456285
-0.315102, -0.709179, -0.630695
-0.330174, 0.704951, -0.627717

282
-0.0321277, 0.0196259, -0.00282925
0.937685, 0.00242949, -0.347479
-0.339512, 0.219416, -0.914652
0.0740203, 0.975628, 0.206568

283
-0.0601482, -0.0196892, -0.000617791
-0.992769, 0.0278196, -0.116774
0.117542, 0.0277698, -0.99268
-0.0243732, -0.999227, -0.030839

284
-0.0737403, 0.0220381, 0.00154844
-0.998406, 0.03282, -0.0459111
-0.0556162, -0.434069, 0.899161
0.00958191, 0.900282, 0.435202

285
-0.065459, -0.0126894, 0.0186726
-0.998141, 0.00668251, -0.0605795
0.0221634, -0.886121, -0.462924
-0.0567743, -0.463406, 0.884326

286
0.0619883, 0.0074544, 5.80393e-05
0.912465, 0.00700029, 0.409095
0.374521, 0.388301, -0.841995
-0.164746, 0.921506, 0.351689

287
0.0898739, 0.00588742, -0.00897413
0.999952, -0.00881548, -0.00416921
-0.00753668, -0.427326, -0.904066
0.00618816, 0.904055, -0.427372

288
-0.0481687, -0.0255853, 0.00621289
-0.979514, 0.175612, 0.0985552
-0.106556, -0.0367052, -0.993629
-0.170875, -0.983775, 0.0546658

289
-0.0714355, -0.0187287, -0.0134496
0.999758, 0.0107781, 0.0191643
-0.0128774, -0.419449, 0.907688
0.0178216, -0.907715, -0.419209

290
-0.0346638, 0.0170642, -0.000819287
0.951165, 0.0122385, 0.308441
0.303236, 0.14985, -0.94106
-0.057737, 0.988633, 0.138821

291
-0.0404043, 0.014802, 0.0146804
-0.978891, -0.138684, -0.15013
0.00666811, -0.755833, 0.65473
-0.204274, 0.639908, 0.740803

292
-0.0542619, -0.0252088, -0.00537906
0.980532, -0.15631, 0.118843
-0.0918717, 0.169703, 0.981204
-0.17354, -0.97302, 0.152038

293
-0.0595305, 0.0144767, 0.0100804
0.99307, 0.0765774, -0.0891467
-0.10567, 0.24987, -0.962496
-0.0514303, 0.965246, 0.256231

294
0.089898, 0.00683455, -0.0051891
0.999952, -0.00881548, -0.00416921
-0.00459488, -0.0488306, -0.998797
0.00860128, 0.998768, -0.0488688

295
-0.0788221, 0.0174506, -0.0130467
-0.980496, 0.164032, 0.108269
0.165487, 0.39183, 0.905032
0.106031, 0.905297, -0.411332

296
0.083988, 0.00296832, 0.00620509
0.999821, -0.00527038, -0.0181816
-0.00696329, 0.790728, -0.612128
0.0176029, 0.612145, 0.79055

297
-0.0192934, -0.020964, 0.00507303
-0.986035, 0.0270065, 0.164334
-0.165103, -0.287835, -0.943341
0.0218248, -0.957299, 0.288274

298
-0.0672994, 0.00408674, -0.0286903
-0.81598, 0.292685, -0.49851
0.0188488, 0.875367, 0.483092
0.577772, 0.384797, -0.719799

299
-0.0741266, -0.0223872, 0.00958581
