0
0.0356241, 0.0242824, 0.000358186
0.367563, 0.926446, 0.0812044
0.0918542, 0.0507249, -0.99448
-0.925451, 0.372993, -0.0664534

1
0.000234699, 0.0133898, 0.0174316
-0.468069, -0.88141, -0.0634656
0.34015, -0.245989, 0.907627
-0.815604, 0.403244, 0.414951

2
0.0830882, -0.0313255, -0.00228018
-0.43278, -0.899235, -0.0638552
-0.00780055, 0.0745649, -0.997186
0.901466, -0.431063, -0.0392847

3
-0.0284495, -0.00401726, 0.0136772
0.999713, 0.00554339, 0.0232874
-0.00582661, 0.99991, 0.012112
-0.0232181, -0.0122442, 0.999655

4
-0.0308085, -0.00757939, -0.0156449
0.999963, 0.001753, 0.00841295
-0.00655772, -0.477049, 0.878852
0.00555402, -0.878875, -0.477019

5
-0.0461869, 0.0116507, 0.00374647
0.999892, 0.000793987, 0.0146935
0.0141559, 0.220704, -0.975238
-0.00401723, 0.975341, 0.220669

6
0.0127198, 0.0110413, 0.00213282
-0.996966, -0.0752293, 0.0199927
0.0647884, -0.659595, 0.748824
-0.0431464, 0.747847, 0.662467

7
-0.0636746, 0.00178317, -0.0165279
0.99978, -0.0171986, 0.0119972
-0.0202643, -0.939544, 0.341827
0.0053929, -0.341995, -0.939686

8
-0.0127107, -0.00993231, -0.0130792
0.999921, 0.00448519, 0.0117186
-0.00782245, -0.507402, 0.861674
0.00981082, -0.861698, -0.507327

9
-0.0372664, 0.0031101, 0.0137404
0.999876, 0.0140653, 0.00709399
-0.00285343, 0.604585, -0.796535
-0.0154925, 0.796416, 0.60455

10
-0.0490517, -0.0115637, -0.0111809
0.9998, -0.0134959, 0.0147284
-0.0196971, -0.54309, 0.839444
-0.00333017, -0.839566, -0.543247

11
-0.0552354, 0.00360419, 0.0107798
0.999921, 0.00553188, 0.0112819
0.00112479, 0.854861, -0.518857
-0.0125147, 0.518828, 0.854787

12
-0.0808871, -0.0148496, -0.00709848
-0.99863, -0.052077, -0.00520475
-0.0381576, 0.792539, -0.608626
0.0358204, -0.607594, -0.79344

13
-0.0637361, -0.000750274, -0.0164701
0.9999, -0.0102001, 0.00984591
-0.0128283, -0.946616, 0.322109
0.00603474, -0.322203, -0.946651

14
0.0307782, 0.0208653, 0.00442776
0.285844, 0.955355, 0.0747673
0.0820057, 0.0533496, -0.995203
-0.954761, 0.290604, -0.0630949

15
0.023759, 0.00590956, -0.00489355
0.308659, 0.948975, 0.0646182
0.107147, 0.0328135, -0.993702
-0.945119, 0.313639, -0.091552

16
-0.0670736, -0.013745, -0.00953778
-0.999553, 0.0253606, -0.0158015
0.0295511, 0.760682, -0.648452
-0.00442522, -0.648629, -0.761092

17
0.0816231, -0.0321125, -0.0017065
-0.43089, -0.900179, -0.0633313
-0.00059788, 0.0704654, -0.997514
0.902404, -0.429781, -0.0309011

18
-0.0730627, 0.000299698, 0.0116797
0.999988, 0.00255267, 0.00415729
0.000471709, 0.797588, -0.603202
-0.00485558, 0.603197, 0.797578

19
-0.0548538, -0.000291718, -0.0166711
0.999975, -0.00414241, 0.0057838
-0.0062188, -0.903826, 0.427855
0.0034552, -0.42788, -0.903829

20
-0.0730409, -0.0066686, 0.0107202
0.999988, 0.00255267, 0.00415729
-0.00142235, 0.967709, -0.252066
-0.00466649, 0.252057, 0.967701

21
-0.0398831, -0.00570531, -0.0135853
0.999892, -0.003956, 0.0141456
-0.0130185, -0.684649, 0.728757
0.00680177, -0.728862, -0.684626

22
-0.0856072, 0.00106733, -0.0169547
-0.986941, 0.156217, -0.039276
0.108676, 0.825741, 0.553481
0.118895, 0.541985, -0.831935

23
-0.0730778, -0.0108968, 0.0116416
0.999981, -0.00044871, 0.0061621
-1.44912e-05, 0.997186, 0.0749645
-0.0061784, -0.0749631, 0.997167

24
0.0152704, -0.000850789, -0.00443254
0.0548751, 0.997487, 0.0448198
0.0847437, 0.0400728, -0.995597
-0.994891, 0.0584317, -0.0823318

25
0.0297318, 0.00998283, -0.00492098
0.449114, 0.88998, 0.0789426
0.117895, 0.0285529, -0.992616
-0.885662, 0.455104, -0.0921006

26
-0.0371551, 0.00540099, 0.0144465
0.999889, 0.0148731, -0.00126054
-0.0097113, 0.584084, -0.811635
-0.0113353, 0.811557, 0.584163

27
-0.0399591, -0.0134801, -0.0103885
0.999892, -0.003956, 0.0141456
-0.0146305, -0.353609, 0.935279
0.00130204, -0.935385, -0.353629

28
-0.0549023, -0.00517737, -0.0117971
0.999975, -0.00414241, 0.0057838
-0.00706767, -0.671284, 0.741167
0.000812353, -0.741189, -0.671296

29
-0.06368, 0.00749778, -0.0136263
0.9999, -0.0102001, 0.00984591
-0.00954243, -0.997861, -0.0646779
0.0104846, 0.0645774, -0.997858

30
-0.0548737, -0.00176098, -0.0142912
0.999975, -0.00414241, 0.0057838
-0.00442317, -0.998769, 0.0494063
0.00557202, -0.0494306, -0.998762

31
-0.0398161, -0.000943033, -0.0169869
0.999892, -0.003956, 0.0141456
-0.00942464, -0.911457, 0.411288
0.011266, -0.411377, -0.911395

32
-0.0730605, -0.00352148, 0.0134941
0.999988, 0.00255267, 0.00415729
-0.00309987, 0.990505, 0.137444
-0.00376696, -0.137456, 0.990501

33
-0.0638335, -0.00615876, -0.0121844
0.9999, -0.0102001, 0.00984591
-0.0141612, -0.751257, 0.659858
0.00066619, -0.659931, -0.751326

34
0.0143965, -0.0117484, -1.06298e-05
-0.996966, -0.0752293, 0.0199927
-0.0153032, -0.062404, -0.997934
0.0763214, -0.995212, 0.0610634

35
0.0851994, -0.0301066, -0.0051175
-0.468069, -0.88141, -0.0634656
-0.00213976, 0.0729489, -0.997333
0.883689, -0.466685, -0.0360311

36
0.0341649, 0.0228121, -0.00395734
0.451023, 0.888359, 0.0860014
0.111226, 0.0396623, -0.993003
-0.885555, 0.457433, -0.0809198

37
-0.0672929, -0.0127368, -0.00808754
-0.999689, 0.0201291, -0.0147104
0.0247486, 0.729875, -0.683133
-0.00301412, -0.683285, -0.730146

38
-0.0730708, -0.00508713, 0.0109333
0.999981, -0.00044871, 0.0061621
0.00235098, 0.949967, -0.312341
-0.00571364, 0.31235, 0.94995

39
-0.0188504, -0.0080703, -0.0121124
0.99997, 0.0058446, 0.00503791
-0.00254879, -0.366064, 0.930586
0.0072831, -0.930571, -0.366038

40
0.0547435, 0.0270869, 0.00123602
0.627497, 0.771852, 0.102434
0.109688, 0.042616, -0.993052
-0.770854, 0.634373, -0.0579213

41
-0.0699547, -0.0143708, 0.003185
0.999953, 0.00832187, 0.00504981
-0.00924709, 0.650049, 0.759836
0.00304063, -0.759847, 0.650095

42
-0.067053, -0.00722439, 0.0106788
0.999906, 0.0132409, 0.0036956
-0.013321, 0.999657, 0.022554
-0.00339569, -0.0226011, 0.999739

43
-0.00679713, -0.00454978, -0.0119425
0.999918, 0.009448, 0.00863939
0.000395839, -0.697314, 0.716766
0.0127964, -0.716703, -0.697261

44
0.0317842, -0.00362619, 0.0428345
0.457306, 0.88711, 0.0625059
-0.811127, 0.444888, -0.379667
-0.364615, 0.122924, 0.923009

45
-0.0192104, 0.00821563, -0.000871783
-0.999868, -0.0152373, -0.00566591
-0.00622601, 0.0369658, 0.999297
-0.0150171, 0.9992, -0.0370557

46
-0.0459153, -0.00720986, -0.0129781
0.999897, -0.00871674, 0.0113779
-0.0139018, -0.783068, 0.62178
0.00348976, -0.621874, -0.783109

47
-0.0609508, -0.00273511, -0.0118858
0.999968, 0.00718218, 0.00360375
0.00543959, -0.935119, 0.354293
0.00591453, -0.354262, -0.935128

48
-0.0811257, -0.00958067, -0.0140484
-0.99863, -0.052077, -0.00520475
-0.0489609, 0.964727, -0.258661
0.0184914, -0.258052, -0.965954

49
-0.0701102, -0.00279715, 0.0124279
0.999821, 0.0188996, -0.000359673
-0.0178379, 0.937021, -0.348817
-0.00625547, 0.348761, 0.937191

50
-0.0552267, 0.00646737, 0.0113551
0.999922, 0.0116036, 0.00454798
-0.00307841, 0.58356, -0.812064
-0.0120769, 0.811987, 0.58355

51
-0.0639276, 0.0148966, -3.15277e-05
0.999859, -0.0108967, 0.0128082
0.00865898, -0.319309, -0.947611
0.0144156, 0.947588, -0.319169

52
-0.0281908, -0.00372383, 0.010409
0.999839, 0.0161523, 0.00786849
-0.0116064, 0.914953, -0.403393
-0.013715, 0.403236, 0.914993

53
-0.0668407, -0.00693547, -0.0133421
-0.999553, 0.0253606, -0.0158015
0.0289951, 0.950998, -0.307834
0.00722034, -0.308155, -0.951309

54
-0.0672376, 0.00749157, 0.00790254
0.999906, 0.0132409, 0.0036956
-0.0019605, 0.403433, -0.915007
-0.0136064, 0.914913, 0.403421

55
-0.0991873, 0.0128716, 0.00356452
-0.998085, 0.0573885, -0.0230882
-0.0605094, -0.828225, 0.55712
0.01285, 0.55745, 0.830111

56
-0.055266, 0.00344473, 0.013572
0.999921, 0.00553188, 0.0112819
0.00582834, 0.591241, -0.806474
-0.0111316, 0.806476, 0.591162

57
-0.0130757, -0.0126507, -0.00100151
-0.999688, 0.00184148, -0.0249069
0.0231429, 0.443212, -0.896118
0.00938884, -0.896415, -0.443116

58
0.00240665, -0.00792697, 0.00771722
-0.999469, -0.032042, 0.00599834
0.0195076, -0.73531, -0.67745
0.0261175, -0.676973, 0.735544

59
-0.0253991, 0.00868951, 0.0128321
0.999828, 0.0123993, 0.0137623
0.00878311, 0.336801, -0.941535
-0.0163095, 0.941494, 0.336634

60
-0.0308508, -0.013619, -0.00934868
0.999963, 0.001753, 0.00841295
-0.00818397, -0.104404, 0.994501
0.00262171, -0.994533, -0.104386

61
-0.0671513, -0.000183173, 0.0120512
0.999906, 0.0132409, 0.0036956
-0.00701822, 0.722846, -0.690974
-0.0118205, 0.690883, 0.72287

62
-0.0731678, -0.0110795, 0.00865314
0.999965, -0.00621808, 0.00556348
0.00516242, 0.984921, 0.172928
-0.00655487, -0.172894, 0.984919

63
0.0199315, -0.00300916, -0.0104525
-0.999283, -0.0325511, 0.0193229
-0.0222683, 0.918277, 0.395312
-0.0306116, 0.394598, -0.918344

64
-0.0667615, 0.00508922, -0.0132699
0.999947, -0.00334719, 0.0097026
-0.00240652, -0.995437, -0.0953893
0.00997762, 0.0953609, -0.995393

65
0.0168368, -0.00403205, -0.010311
-0.998521, -0.0509051, 0.0191117
-0.0513762, 0.998366, -0.025023
-0.0178067, -0.0259678, -0.999504

66
0.0267808, -0.00390017, 0.0432513
0.469436, 0.880739, 0.0626707
-0.812911, 0.458808, -0.358706
-0.344681, 0.117444, 0.931344

67
-0.0642592, -0.00245862, 0.0110899
0.999859, -0.0108967, 0.0128082
0.0144156, 0.947588, -0.319169
-0.00865898, 0.319309, 0.947611

68
-0.0489182, -0.00328977, -0.012663
0.9998, -0.0134959, 0.0147284
-0.0194721, -0.823037, 0.567653
0.00446107, -0.567827, -0.823136

69
-0.0641887, 0.00455943, 0.0115592
0.999859, -0.0108967, 0.0128082
0.0166319, 0.753263, -0.657509
-0.00248324, 0.657629, 0.753338

70
-0.0699694, -0.0103179, 0.00867412
0.999821, 0.0188996, -0.000359673
-0.018874, 0.99916, 0.0363824
0.00104698, -0.0363691, 0.999338

71
-0.0284075, 0.00754508, 0.0108547
0.999821, 0.0116061, 0.014917
0.00901914, 0.400607, -0.916205
-0.0166094, 0.916176, 0.400431

72
-0.0609904, 0.00383388, -0.0140012
0.999968, 0.00718218, 0.00360375
0.00728891, -0.999507, -0.0305339
0.00338268, 0.0305592, -0.999527

73
-0.0488115, 0.00208302, -0.0149816
0.9998, -0.0134959, 0.0147284
-0.0162827, -0.977685, 0.209443
0.0115731, -0.209641, -0.97771

74
-0.0432724, -0.00763033, 0.00808342
0.999876, -0.0015121, 0.0156518
-0.00639925, 0.870086, 0.492859
-0.0143637, -0.492898, 0.869969

75
-0.0999719, 0.00315383, 0.0133282
-0.998085, 0.0573885, -0.0230882
-0.0518729, -0.97982, -0.193034
-0.0337003, -0.191467, 0.98092

76
-0.0821179, 0.00796435, 0.00750105
-0.999482, -0.0276931, 0.0163767
0.0309375, -0.966979, 0.252971
0.00883037, 0.253347, 0.967335

77
0.0236584, 0.00562896, -0.00780611
0.30315, 0.950792, 0.0639926
0.105096, 0.0333854, -0.993902
-0.94713, 0.308027, -0.0898032

78
-0.0308323, -0.0073607, -0.0128566
0.999963, 0.001753, 0.00841295
-0.00393311, -0.777066, 0.629406
0.00764077, -0.629416, -0.777031

79
0.0108567, 0.012471, -0.00564045
0.261945, 0.963177, 0.0606203
0.0608345, 0.0462094, -0.997078
-0.963164, 0.264867, -0.0464901

80
-0.0642088, 0.00238848, 0.0121781
0.999936, 0.00791838, 0.00813552
-0.000329784, 0.736562, -0.67637
-0.0113481, 0.676323, 0.736517

81
-0.0878114, 0.00484408, 0.0153272
-0.999481, -0.0283083, 0.0153687
0.0244855, -0.977712, -0.208518
0.0209289, -0.208033, 0.977898

82
-0.0402857, 0.00897387, 0.0125575
0.999877, 0.0151894, 0.00386359
-0.00120002, 0.31998, -0.947423
-0.0156271, 0.947302, 0.319959

83
-0.072999, 0.0103479, 0.00226252
0.999965, -0.00621808, 0.00556348
0.00655487, 0.172894, -0.984919
0.00516242, 0.984921, 0.172928

84
-0.0668933, -0.00882371, -0.0114259
0.99995, 0.00715605, 0.00699018
0.000787795, -0.752929, 0.658101
0.00997252, -0.658063, -0.752897

85
-0.0672699, -0.000104762, 0.0109028
0.999824, -0.014353, 0.0120906
0.017193, 0.958803, -0.283551
-0.00752267, 0.283709, 0.958881

86
-0.0668969, -0.00509547, -0.0147263
0.99995, 0.00715605, 0.00699018
0.00454414, -0.947446, 0.319885
0.00891193, -0.319837, -0.947431

87
0.0410617, 0.0107672, 0.0150875
0.590929, 0.803768, 0.0689932
-0.562065, 0.471555, -0.679499
-0.578694, 0.362757, 0.730425

88
-0.00973707, -0.0129269, -0.0106278
0.999904, 0.00794865, 0.0113741
-0.00912922, -0.240481, 0.970611
0.0104503, -0.970621, -0.240385

89
-0.0372708, 0.000555994, 0.0116319
0.999872, 0.000741341, 0.015985
0.00694317, 0.8799, -0.475108
-0.0144174, 0.475158, 0.879782

90
-0.0668933, -0.00882371, -0.0114259
0.99995, 0.00715605, 0.00699018
0.000787795, -0.752929, 0.658101
0.00997252, -0.658063, -0.752897

91
-0.0936566, -0.00958541, -0.0120462
-0.989399, 0.136982, -0.048224
0.143562, 0.972659, -0.182548
0.0218998, -0.187536, -0.982014

92
0.0879056, -0.0234296, 0.0219655
0.35636, 0.932328, 0.0614165
-0.696119, 0.22108, 0.683039
0.623238, -0.286161, 0.727796

93
-0.0908674, 0.00484142, 0.0153283
-0.999556, -0.0270516, 0.0124518
0.0238625, -0.977719, -0.208559
0.0178163, -0.20817, 0.97793

94
-0.0669638, 0.00121106, -0.0116115
0.99995, 0.00715605, 0.00699018
0.00760869, -0.997722, -0.0670309
0.00649458, 0.0670808, -0.997726

95
-0.0668969, -0.00509547, -0.0147263
0.99995, 0.00715605, 0.00699018
0.00454414, -0.947446, 0.319885
0.00891193, -0.319837, -0.947431

96
-0.090666, -0.00199182, 0.0101017
0.999832, -0.0125842, -0.0133344
0.00903049, 0.970931, -0.239188
0.0159567, 0.239028, 0.970882

97
-0.0637304, 9.93399e-05, -0.0142953
0.99978, -0.0171986, 0.0119972
-0.016658, -0.998902, -0.0437951
0.0127372, 0.0435856, -0.998968

98
-0.067125, -0.00640978, -0.0108386
-0.999689, 0.0201291, -0.0147104
0.0240181, 0.935798, -0.351718
0.00668618, -0.351962, -0.935991

99
-0.0876318, -0.000686159, 0.0128279
0.999847, 0.00527362, -0.0166879
-0.0137975, 0.82413, -0.566232
0.0107669, 0.566376, 0.824077

100
-0.0188808, -0.00375987, -0.0110687
0.99997, 0.0058446, 0.00503791
0.00334766, -0.91686, 0.399195
0.0069522, -0.399167, -0.916852

101
-0.0673858, -0.00681236, 0.0125223
0.999824, -0.014353, 0.0120906
0.0130054, 0.994389, 0.104981
-0.0135295, -0.104805, 0.994401

102
-0.0814868, -0.00271116, -0.0134939
-0.99863, -0.052077, -0.00520475
-0.0523103, 0.990043, 0.130683
-0.00165264, 0.130776, -0.991411

103
-0.0522831, 0.00523327, 0.0111489
0.999907, 0.00271962, 0.0133651
0.00854886, 0.638564, -0.769521
-0.0106273, 0.769564, 0.638481

104
-0.0807661, -0.00608722, -0.0169357
-0.991845, 0.121396, -0.0388259
0.111934, 0.975352, 0.190154
0.0609528, 0.184257, -0.980986

105
0.00939224, 0.010275, -0.00595105
-0.995914, -0.0877885, 0.0211973
0.0437734, -0.263928, 0.963549
-0.0789939, 0.960539, 0.266692

106
-0.0922625, 0.0127829, -0.00249173
-0.995836, 0.0902427, -0.0128964
-0.029865, -0.189304, 0.981464
0.0861286, 0.977763, 0.191211

107
0.0174354, -0.00183994, 0.0149307
0.0548751, 0.997487, 0.0448198
-0.302435, 0.0593833, -0.951318
-0.951589, 0.0386486, 0.304934

108
0.0321119, 0.000755735, -0.0122315
-0.997356, 0.068599, 0.0239933
0.0720241, 0.888964, 0.452279
0.00969672, 0.452811, -0.891554

109
-0.00435967, 0.00800228, -0.000752841
0.999687, 0.0248056, 0.00309834
-0.00118684, 0.170898, -0.985288
-0.0249702, 0.984976, 0.170874

110
-0.0731395, -0.00318989, 0.012378
0.999965, -0.00621808, 0.00556348
0.00727789, 0.976112, -0.217147
-0.00408034, 0.21718, 0.976123

111
-0.0669638, 0.00121106, -0.0116115
0.99995, 0.00715605, 0.00699018
0.00760869, -0.997722, -0.0670309
0.00649458, 0.0670808, -0.997726

112
-0.0671498, 0.000461056, 0.00932944
0.999906, 0.0132409, 0.0036956
-0.0110075, 0.932212, -0.361746
-0.00823492, 0.361671, 0.932269

113
-0.0730327, 0.00807948, 0.0057012
0.999981, -0.00044871, 0.0061621
0.00570255, 0.450864, -0.892575
-0.00237776, 0.892593, 0.450857

114
0.0203003, -0.0126103, -0.00755097
-0.999283, -0.0325511, 0.0193229
-0.0373917, 0.928343, -0.369839
-0.0058996, -0.370297, -0.928895

115
-0.0880228, 0.0073913, 0.00626789
-0.999481, -0.0283083, 0.0153687
0.0321128, -0.838449, 0.544034
-0.00251485, 0.544245, 0.838923

116
0.00936856, 0.0081613, -0.00189835
0.35636, 0.932328, 0.0614165
0.0515348, 0.046019, -0.99761
-0.932926, 0.358673, -0.031648

117
-0.0283699, 0.0130274, 0.00406774
0.999821, 0.0116061, 0.014917
0.0146887, 0.0195074, -0.999702
-0.0118936, 0.999742, 0.0193335

118
-0.0924817, -0.00279317, -0.0168584
-0.989399, 0.136982, -0.048224
0.124253, 0.970387, 0.207148
0.0751715, 0.19896, -0.97712

119
-0.0641869, 0.0107876, 0.00131264
0.999936, 0.00791838, 0.00813552
0.0077911, 0.0425952, -0.999062
-0.00825749, 0.999061, 0.0425308

120
-0.0670915, 0.00923988, 0.00724468
0.999824, -0.014353, 0.0120906
0.0174766, 0.477363, -0.878532
0.00683794, 0.878589, 0.47753

121
0.0319219, -0.00338162, -0.00829979
-0.997356, 0.068599, 0.0239933
0.0702524, 0.994579, 0.076668
-0.0186038, 0.0781508, -0.996768

122
-0.0923692, 0.0126305, 0.00468025
-0.995836, 0.0902427, -0.0128964
-0.0820199, -0.825241, 0.558793
0.0397844, 0.557525, 0.829207

123
0.0152337, 0.00158682, -0.00734919
0.0435453, 0.997979, 0.0462872
0.0826858, 0.0425721, -0.995666
-0.995624, 0.0471839, -0.0806649

124
-0.0460094, -0.0135015, -0.00953155
0.999897, -0.00871674, 0.0113779
-0.0122977, -0.113981, 0.993407
-0.0073624, -0.993445, -0.114077

125
-0.0581551, -0.00495075, 0.00857206
0.999923, 0.00637257, 0.0106342
-0.00503355, 0.992578, -0.121504
-0.0113296, 0.121441, 0.992534

126
-0.1004, -0.00373052, 0.014707
-0.998085, 0.0573885, -0.0230882
-0.0350278, -0.831964, -0.553722
-0.0509859, -0.551853, 0.832381

127
-0.0730827, 0.00265349, 0.00870651
0.999965, -0.00621808, 0.00556348
0.00828537, 0.818699, -0.574164
-0.000984616, 0.57419, 0.818722

128
-0.0401381, -0.000118617, 0.0101267
0.999877, 0.0151894, 0.00386359
-0.0118986, 0.896104, -0.443684
-0.0102015, 0.443584, 0.896175

129
-0.0813034, -0.00996352, -0.0153298
-0.991845, 0.121396, -0.0388259
0.122249, 0.819968, -0.559203
-0.0360489, -0.559389, -0.828121

130
-0.0127357, -0.00278287, -0.0136765
0.999921, 0.00448519, 0.0117186
0.00140599, -0.9681, 0.250561
0.0124686, -0.250525, -0.96803

131
-0.0371639, -0.00405947, 0.0134984
0.999876, 0.0140653, 0.00709399
-0.0129725, 0.990658, -0.135754
-0.00893714, 0.135645, 0.990717

132
-0.00442256, 0.0100491, 0.00315303
0.999687, 0.0248056, 0.00309834
0.00845919, -0.219045, -0.975678
-0.0235236, 0.975399, -0.219187

133
-0.0131688, 0.00760962, -0.00157323
0.999867, 0.0148108, 0.00689637
0.0108158, -0.283697, -0.958853
-0.0122449, 0.9588, -0.283819

134
-0.0906901, 0.0101819, -0.00319496
0.999832, -0.0125842, -0.0133344
-0.0159567, -0.239028, -0.970882
0.00903049, 0.970931, -0.239188

135
-0.0930956, -0.00668605, -0.0153215
-0.989399, 0.136982, -0.048224
0.141014, 0.826853, -0.544453
-0.034706, -0.545481, -0.837404

136
0.00946473, 0.0111382, 0.00102949
-0.995914, -0.0877885, 0.0211973
0.070671, -0.61142, 0.788144
-0.0562295, 0.786422, 0.615126

137
-0.0283913, 0.00607467, 0.00877944
0.999713, 0.00554339, 0.0232874
0.019221, 0.393961, -0.918926
-0.0142683, 0.91911, 0.393742

138
-0.0492209, 0.00287241, 0.0121777
0.999926, 0.00989798, 0.00713631
-0.00315595, 0.77471, -0.632309
-0.0117872, 0.632239, 0.774684

139
-0.0810312, -0.0120651, -0.00731858
-0.99863, -0.052077, -0.00520475
-0.0215451, 0.499694, -0.865934
0.047696, -0.864635, -0.500132

140
-0.055165, -0.00448946, 0.00850822
0.999921, 0.00553188, 0.0112819
-0.00375, 0.988335, -0.152248
-0.0119925, 0.152194, 0.988278

141
-0.0463138, 0.00144249, 0.0129323
0.999892, 0.000793987, 0.0146935
0.00716914, 0.845731, -0.533561
-0.0128504, 0.533609, 0.845634

142
-0.0877029, -0.00972731, 0.0104625
0.999879, -0.00445064, -0.0149311
0.00660737, 0.989015, 0.147666
0.0141099, -0.147747, 0.988925

143
-0.0551298, -0.0103365, 0.00825374
0.999921, 0.00553188, 0.0112819
-0.00805388, 0.971345, 0.237539
-0.00964457, -0.237611, 0.971313

144
-0.081127, 0.00222964, 0.0126595
0.993691, -0.108553, 0.0281798
0.10362, 0.792525, -0.600972
0.0429041, 0.6001, 0.798773

145
0.0806266, 0.00445774, 0.0131938
0.627497, 0.771852, 0.102434
-0.770854, 0.634373, -0.0579213
-0.109688, -0.042616, 0.993052

146
-0.0871496, 0.0049512, 0.0104923
-0.998092, 0.0615882, -0.00433348
-0.060671, -0.965375, 0.253712
0.0114422, 0.253491, 0.96727

147
-0.0308567, 0.000965613, -0.0116971
0.999963, 0.001753, 0.00841295
-0.000709724, -0.958783, 0.284139
0.00856429, -0.284134, -0.958746

148
-0.0701859, 0.0153409, -4.82799e-06
0.999953, 0.00832187, 0.00504981
0.0073796, -0.309786, -0.950778
-0.00634788, 0.95077, -0.309833

149
0.0413102, 0.0209833, 0.0122593
0.367563, 0.926446, 0.0812044
-0.269293, 0.189602, -0.94421
-0.890157, 0.325189, 0.319176

150
-0.0188654, -0.0155169, -0.000496535
0.99997, 0.0058446, 0.00503791
-0.0069522, 0.399167, 0.916852
0.00334766, -0.91686, 0.399195

151
-0.0188696, -0.00856711, -0.00773038
0.99997, 0.0058446, 0.00503791
0.000432345, -0.694313, 0.719673
0.00770409, -0.719649, -0.694295

152
-0.0550029, -0.0120564, 0.0094197
0.999922, 0.0116036, 0.00454798
-0.0123357, 0.973497, 0.228367
-0.00177756, -0.228405, 0.973565

153
0.0112021, 0.00165902, -0.00569859
0.285821, 0.956528, 0.0579735
0.062314, 0.0418172, -0.99718
-0.956255, 0.288628, -0.0476528

154
-0.0876738, -0.00193278, 0.0100872
0.999879, -0.00445064, -0.0149311
0.0007048, 0.970271, -0.24202
0.0155643, 0.24198, 0.970156

155
-0.0491303, -0.00545771, 0.0110494
0.999926, 0.00989798, 0.00713631
-0.00742646, 0.957686, -0.287718
-0.00968218, 0.287644, 0.957688

156
-0.0910492, 0.00738993, 0.00626868
-0.999556, -0.0270516, 0.0124518
0.0294714, -0.83855, 0.544028
-0.00427537, 0.544153, 0.838975

157
0.0110662, 0.00118282, -0.00280129
0.276233, 0.959365, 0.0575723
0.0637557, 0.0414796, -0.997103
-0.958974, 0.279104, -0.0497069

158
-0.0132385, -0.0153925, 0.0053297
-0.999688, 0.00184148, -0.0249069
0.0249742, 0.0664314, -0.997478
-0.000182241, -0.997789, -0.0664566

159
-0.0698443, -0.0170947, 0.000493177
0.999821, 0.0188996, -0.000359673
-0.0126056, 0.680796, 0.732365
0.0140862, -0.732229, 0.680912

160
-0.0639238, -0.012815, -0.00991171
0.9999, -0.0102001, 0.00984591
-0.0133382, -0.441526, 0.897149
-0.00480379, -0.89719, -0.441618

161
0.0238942, 0.0200291, 0.000720186
0.593481, 0.802136, 0.0660234
0.00584508, 0.0777344, -0.996957
-0.804827, 0.592061, 0.0414453

162
-0.0669459, -0.014841, 0.0089842
0.999906, 0.0132409, 0.0036956
-0.0136064, 0.914913, 0.403421
0.0019605, -0.403433, 0.915007

163
-0.0283868, 0.010444, 0.00623053
0.999839, 0.0161523, 0.00786849
0.00822945, -0.0224042, -0.999715
-0.0159714, 0.999619, -0.0225335

164
-0.0551348, -0.00186948, 0.0124325
0.999922, 0.0116036, 0.00454798
-0.00746572, 0.849873, -0.526935
-0.00997956, 0.52686, 0.849894

165
-0.0584476, -0.0062271, 0.00988237
0.999781, -0.0134621, 0.0160528
0.0122326, 0.997156, 0.0743711
-0.0170084, -0.0741584, 0.997101

166
-0.0876806, 0.000385268, 0.0102448
0.999847, 0.00527362, -0.0166879
-0.0086269, 0.97814, -0.20777
0.0152274, 0.207882, 0.978035

167
-0.0221609, 0.0133522, -0.00426952
-0.999081, 0.002845, -0.0427597
-0.0412213, -0.336621, 0.940738
-0.0117174, 0.941636, 0.336429

168
-0.0610587, 0.0105595, -0.00844398
0.999968, 0.00718218, 0.00360375
0.00802857, -0.91173, -0.410712
0.000335837, 0.410728, -0.911758

169
-0.0670185, 0.00806439, -0.0108011
0.99995, 0.00715605, 0.00699018
0.00951488, -0.896104, -0.443742
0.00308849, 0.443786, -0.896127

170
-0.0918257, 0.00986728, 0.00415405
-0.992574, 0.11994, -0.0202657
-0.10934, -0.806733, 0.580713
0.0533019, 0.578616, 0.813856

171
-0.0579361, -0.0112302, -0.00840073
0.999916, 0.0126696, 0.00275435
0.00153652, -0.326734, 0.945115
0.0128741, -0.945031, -0.326726

172
-0.0192289, 0.0107692, -0.00446736
-0.999868, -0.0152373, -0.00566591
-5.27486e-06, -0.348226, 0.937411
-0.0162566, 0.937287, 0.348179

173
0.0197354, 0.00241362, -0.0114541
-0.999283, -0.0325511, 0.0193229
-0.00885867, 0.697371, 0.716655
-0.0368031, 0.715971, -0.69716

174
-0.0867926, 0.010249, 0.00356947
-0.998092, 0.0615882, -0.00433348
-0.0516739, -0.794884, 0.604557
0.033789, 0.603628, 0.79655

175
-0.0730726, 0.00710478, 0.00989956
0.999988, 0.00255267, 0.00415729
0.00229395, 0.506042, -0.862506
-0.00430546, 0.862505, 0.50603

176
-0.0876377, -0.00741757, 0.010346
0.999847, 0.00527362, -0.0166879
-0.00214294, 0.983236, 0.182324
0.0173697, -0.18226, 0.983097

177
-0.0609015, -0.0117824, -0.00754065
0.999968, 0.00718218, 0.00360375
-0.000335837, -0.410728, 0.911758
0.00802857, -0.91173, -0.410712

178
-0.0283047, 0.0111038, 0.00386229
0.999713, 0.00554339, 0.0232874
0.0232181, 0.0122442, -0.999655
-0.00582661, 0.99991, 0.012112

179
-0.0223841, 0.0103447, 0.000746416
-0.999081, 0.002845, -0.0427597
-0.0335994, -0.671345, 0.740383
-0.0266002, 0.741139, 0.670824

180
-0.0670277, -0.00143548, -0.0106418
-0.999689, 0.0201291, -0.0147104
0.0196312, 0.999254, 0.0332433
0.0153686, 0.0329442, -0.999339

181
-0.0432247, 0.0103499, 0.00677662
0.999876, -0.0015121, 0.0156518
0.0143637, 0.492898, -0.869969
-0.00639925, 0.870086, 0.492859

182
-0.0730315, 0.00951794, 0.0071719
0.999965, -0.00621808, 0.00556348
0.00803148, 0.536646, -0.843769
0.00226101, 0.843785, 0.536677

183
-0.00443073, 0.0112439, -0.00377882
0.999687, 0.0248056, 0.00309834
0.0168174, -0.575641, -0.81753
-0.0184958, 0.817326, -0.575878

184
-0.0402647, 0.00828247, 0.00984739
0.999877, 0.0151894, 0.00386359
-0.00708891, 0.65814, -0.752862
-0.0139783, 0.752742, 0.658167

185
-0.0522563, -0.00191975, 0.0105962
0.999907, 0.00271962, 0.0133651
-0.00146965, 0.995697, -0.0926595
-0.0135596, 0.0926313, 0.995608

186
-0.058233, 0.00306844, 0.0110937
0.999923, 0.00637257, 0.0106342
-0.00031474, 0.870549, -0.492082
-0.0123934, 0.49204, 0.870484

187
-0.0929677, 0.006971, 0.0112933
-0.995836, 0.0902427, -0.0128964
-0.0910013, -0.975779, 0.198934
0.00536831, 0.19928, 0.979928

188
-0.0583287, 0.000427542, 0.00805763
0.999781, -0.0134621, 0.0160528
0.0178103, 0.949631, -0.312864
-0.0110325, 0.313081, 0.949662

189
-0.0581132, -0.0107871, 0.00813625
0.999923, 0.00637257, 0.0106342
-0.00898605, 0.963496, 0.267571
-0.00854094, -0.267646, 0.963479

190
-0.0636223, 0.00767825, -0.0124393
0.99978, -0.0171986, 0.0119972
-0.0105157, -0.906185, -0.42275
0.0181424, 0.422531, -0.906167

191
0.0110503, 0.0218341, -0.00180502
0.566403, 0.821693, 0.0633149
0.00474522, 0.0735736, -0.997278
-0.824115, 0.565162, 0.0377732

192
0.0412425, 0.0119197, 0.0129675
0.597772, 0.798701, 0.0688856
-0.556296, 0.475148, -0.68174
-0.577237, 0.369204, 0.728344

193
-0.0433351, -0.00207588, 0.0126239
0.999876, -0.0015121, 0.0156518
0.00563168, 0.963775, -0.266657
-0.0146816, 0.266712, 0.963664

194
-0.054946, -0.0115318, -0.00878084
0.999975, -0.00414241, 0.0057838
-0.00684055, -0.336544, 0.941643
-0.00195416, -0.941658, -0.336564

195
-0.040073, -0.0147624, -0.00269185
0.999892, -0.003956, 0.0141456
-0.0140151, 0.0312638, 0.999413
-0.00439592, -0.999503, 0.031205

196
0.0226685, 0.0196659, 0.00261817
0.496949, 0.865055, 0.0687118
0.0358631, 0.0586403, -0.997635
-0.867038, 0.498238, -0.00188235

197
-0.0250604, 0.00601058, -0.00936496
0.999828, 0.0123993, 0.0137623
0.0163095, -0.941494, -0.336634
0.00878311, 0.336801, -0.941535

198
0.0288823, 0.0202934, -0.00470688
0.415083, 0.906175, 0.0809507
0.113685, 0.0366183, -0.992842
-0.902653, 0.421315, -0.0878187

199
0.0520047, -0.00147032, 0.00923917
0.593481, 0.802136, 0.0660234
-0.804827, 0.592061, 0.0414453
-0.00584508, -0.0777344, 0.996957

200
-0.0341789, 6.14848e-05, 0.0110091
0.999863, 0.0162622, 0.00298675
-0.01032, 0.754942, -0.655711
-0.0129181, 0.65559, 0.755006

201
-0.0639614, -0.0101398, -0.00971887
0.99978, -0.0171986, 0.0119972
-0.0181424, -0.422531, 0.906167
-0.0105157, -0.906185, -0.42275

202
-0.094212, -0.00669947, 0.0117102
-0.995836, 0.0902427, -0.0128964
-0.0681436, -0.830892, -0.552246
-0.0605517, -0.549068, 0.833581

203
0.0174409, 0.000592659, 0.0120091
0.0435453, 0.997979, 0.0462872
-0.304617, 0.057388, -0.950744
-0.951479, 0.0273006, 0.3065

204
-0.046027, -0.0122565, -0.00702702
0.999897, -0.00871674, 0.0113779
-0.014179, -0.48548, 0.874133
-0.00209586, -0.874204, -0.485554

205
0.00133927, 0.0222331, -0.00473295
0.52104, 0.851203, 0.063012
0.00582404, 0.0702776, -0.99751
-0.853512, 0.52011, 0.03166

206
-0.0490767, -0.0112835, 0.0116075
0.999926, 0.00989798, 0.00713631
-0.0105664, 0.994863, 0.100674
-0.00610318, -0.100742, 0.994894

207
-0.0818372, 0.000411164, 0.0118589
-0.999482, -0.0276931, 0.0163767
0.0252032, -0.990324, -0.136468
0.0199975, -0.135985, 0.990509

208
0.0201402, -0.00763469, -0.00745099
-0.999283, -0.0325511, 0.0193229
-0.0322878, 0.999384, 0.0137856
-0.0197597, 0.0131518, -0.999718

209
-0.0462375, 0.00570568, 0.0075058
0.999892, 0.000793987, 0.0146935
0.011541, 0.577151, -0.816556
-0.00912868, 0.816637, 0.577079

210
-0.0403318, 0.0138495, 0.00532235
0.999877, 0.0151894, 0.00386359
0.00487156, -0.0668936, -0.997748
-0.0148968, 0.997644, -0.0669594

211
-0.0730727, 0.00326983, 0.0118463
0.999981, -0.00044871, 0.0061621
0.00435854, 0.758124, -0.652096
-0.00437903, 0.65211, 0.758112

212
-0.0701157, 0.0019913, 0.0128351
0.99995, 0.00908803, 0.00408368
-0.00752542, 0.957532, -0.288229
-0.00652969, 0.288184, 0.957553

213
-0.0939073, 0.0079701, 0.010495
-0.990004, -0.139129, 0.0231498
0.140988, -0.980735, 0.135211
0.003892, 0.137124, 0.990546

214
0.0313866, -0.0102525, -0.0109063
-0.997356, 0.068599, 0.0239933
0.036521, 0.758534, -0.650609
-0.0628308, -0.648012, -0.759034

215
0.0836807, -0.0239026, 0.0142069
0.600973, 0.796491, 0.0665884
-0.31793, 0.161784, 0.934209
0.733316, -0.582605, 0.350456

216
-0.058261, 0.00282238, 0.0138797
0.999923, 0.00637257, 0.0106342
0.00445199, 0.615987, -0.787744
-0.0115705, 0.787731, 0.615911

217
-0.0373261, 0.0100329, 0.00843081
0.999876, 0.0140653, 0.00709399
0.00329248, 0.253789, -0.967254
-0.0154051, 0.967157, 0.253711

218
-0.0127842, -0.0112364, -0.00630264
0.999921, 0.00448519, 0.0117186
-0.0109814, -0.139021, 0.990229
0.00607049, -0.990279, -0.138961

219
-0.0638327, -0.00691108, -0.0158169
0.99978, -0.0171986, 0.0119972
-0.0207855, -0.73715, 0.67541
-0.00277241, -0.67551, -0.737345

220
-0.0935718, 0.000165696, 0.0103181
-0.995836, 0.0902427, -0.0128964
-0.0861286, -0.977763, -0.191211
-0.029865, -0.189304, 0.981464

221
0.0131005, 0.00656842, 0.004287
-0.996966, -0.0752293, 0.0199927
0.0763681, -0.895575, 0.438308
-0.0150686, 0.438505, 0.898603

222
-0.0461142, 0.0107766, -0.00115482
0.999892, 0.000793987, 0.0146935
0.0146157, -0.169343, -0.985449
0.0017058, 0.985557, -0.169336

223
-0.0188474, -0.0129489, -0.00704504
0.99997, 0.0058446, 0.00503791
-0.0051419, 0.017915, 0.999826
0.00575333, -0.999822, 0.0179445

224
-0.0669067, -0.00981503, -0.00849593
0.99995, 0.00715605, 0.00699018
-0.00308849, -0.443786, 0.896127
0.00951488, -0.896104, -0.443742

225
-0.0432645, 0.00357263, 0.0086594
0.999876, -0.0015121, 0.0156518
0.0108214, 0.788346, -0.615137
-0.0114089, 0.615231, 0.788265

226
0.00913122, -6.86361e-05, 0.036044
-0.43089, -0.900179, -0.0633313
0.638519, -0.353728, 0.683499
-0.637673, 0.254075, 0.727199

227
-0.0548483, 0.00595852, -0.0131488
0.999975, -0.00414241, 0.0057838
-0.00195416, -0.941658, -0.336564
0.00684055, 0.336544, -0.941643

228
-0.039845, 0.00491499, -0.0133101
0.999892, -0.003956, 0.0141456
-0.00439592, -0.999503, 0.031205
0.0140151, -0.0312638, -0.999413

229
-0.0730195, -0.008363, 0.00662164
0.999988, 0.00255267, 0.00415729
-0.00430546, 0.862505, 0.50603
-0.00229395, -0.506042, 0.862506

230
-0.0552426, 0.0102784, 0.00814795
0.999921, 0.00553188, 0.0112819
0.00964457, 0.237611, -0.971313
-0.00805388, 0.971345, 0.237539

231
-0.004112, -0.00348669, 0.0113192
0.999687, 0.0248056, 0.00309834
-0.0235236, 0.975399, -0.219187
-0.00845919, 0.219045, 0.975678

232
-0.0703291, 0.00879764, 0.0131786
0.999821, 0.0188996, -0.000359673
-0.00819004, 0.415963, -0.909345
-0.0170366, 0.909185, 0.416043

233
0.00977322, 0.00927459, 0.00780521
-0.995914, -0.0877885, 0.0211973
0.0868096, -0.865829, 0.492752
-0.0249047, 0.492578, 0.869912

234
-0.0372644, 0.00755244, 0.0109052
0.999872, 0.000741341, 0.015985
0.011932, 0.631087, -0.77562
-0.0106629, 0.775712, 0.630997

235
-0.0669067, -0.00981503, -0.00849593
0.99995, 0.00715605, 0.00699018
-0.00308849, -0.443786, 0.896127
0.00951488, -0.896104, -0.443742

236
-0.0795064, 0.0038147, -0.0181546
-0.991845, 0.121396, -0.0388259
0.0800875, 0.830596, 0.551087
0.0991482, 0.543483, -0.833544

237
-0.000600571, 0.00976737, 0.000876165
0.451371, 0.89014, 0.0625784
0.00698708, 0.0666009, -0.997755
-0.892309, 0.450795, 0.0238422

238
-0.0908752, 0.00195512, 0.00843358
-0.999556, -0.0270516, 0.0124518
0.0288641, -0.982957, 0.181554
0.00732827, 0.181833, 0.983302

239
-0.0925464, -0.000988004, 0.0148563
-0.990004, -0.139129, 0.0231498
0.128766, -0.958556, -0.254147
0.0575495, -0.248625, 0.966889

240
-0.0492271, 0.00783926, 0.00615886
0.999926, 0.00989798, 0.00713631
0.00159503, 0.473791, -0.880636
-0.0120976, 0.880581, 0.47374

241
-0.0878356, 0.00195697, 0.00843289
-0.999481, -0.0283083, 0.0153687
0.0306308, -0.982899, 0.18158
0.00996562, 0.181956, 0.983256

242
-0.100462, -0.00648012, 0.0105564
-0.998085, 0.0573885, -0.0230882
-0.01285, -0.55745, -0.830111
-0.0605094, -0.828225, 0.55712

243
-0.0700326, -0.00691996, 0.0114847
0.999821, 0.0188996, -0.000359673
-0.0170366, 0.909185, 0.416043
0.00819004, -0.415963, 0.909345

244
0.00624563, 0.0173969, -3.61393e-06
0.482775, 0.873463, 0.0631734
0.0250809, 0.0583167, -0.997983
-0.875385, 0.483386, 0.00624666

245
-0.0865805, -0.00191083, 0.0101786
0.990158, 0.137755, -0.0247012
-0.139952, 0.97504, -0.172369
0.000339982, 0.174129, 0.984723

246
-0.0699746, -0.0108719, 0.00689756
0.99995, 0.00908803, 0.00408368
-0.00993846, 0.880854, 0.473284
0.000704087, -0.473301, 0.880901

247
0.081877, -0.0297262, 0.0141028
-0.468069, -0.88141, -0.0634656
0.336196, -0.111197, -0.935204
0.817241, -0.459077, 0.348375

248
-0.0369909, -0.00596813, 0.0106189
0.999889, 0.0148731, -0.00126054
-0.0148822, 0.986867, -0.160847
-0.00114831, 0.160848, 0.986979

249
-0.0643555, -0.00910135, 0.0129588
0.999859, -0.0108967, 0.0128082
0.0100046, 0.997651, 0.0677612
-0.0135165, -0.0676234, 0.997619

250
0.0204603, -0.0161379, -0.00522218
-0.999283, -0.0325511, 0.0193229
-0.0306116, 0.394598, -0.918344
0.0222683, -0.918277, -0.395312

251
-0.0370527, -0.00150975, 0.014187
0.999889, 0.0148731, -0.00126054
-0.0133099, 0.850192, -0.526304
-0.00675606, 0.526262, 0.850296

252
0.102091, -0.0107958, 0.0048449
-0.752238, -0.648765, -0.115073
0.143638, 0.00897818, -0.98959
0.643044, -0.760936, 0.0864337

253
-0.0582502, 0.00982109, 0.00867027
0.999923, 0.00637257, 0.0106342
0.00854094, 0.267646, -0.963479
-0.00898605, 0.963496, 0.267571

254
-0.0132053, 0.0026629, 0.0143428
0.999867, 0.0148108, 0.00689637
-0.00717374, 0.777249, -0.629152
-0.0146784, 0.629018, 0.777252

255
-0.0219356, 0.0092154, -0.0098078
-0.999081, 0.002845, -0.0427597
-0.0425675, 0.0493517, 0.997874
0.00494921, 0.998777, -0.0491852

256
-0.012744, -0.00981098, -0.0102851
0.999921, 0.00448519, 0.0117186
-0.00347257, -0.798536, 0.601937
0.0120575, -0.601931, -0.798457

257
-0.0372495, 0.00331618, 0.0109511
0.999876, 0.0140653, 0.00709399
-0.00856493, 0.863339, -0.504551
-0.0132212, 0.504428, 0.863353

258
-0.0641076, 0.00674334, 0.0070853
0.999859, -0.0108967, 0.0128082
0.0163162, 0.444261, -0.895749
0.00407056, 0.895831, 0.444376

259
-0.0948454, -0.0149762, -0.00296902
-0.989399, 0.136982, -0.048224
0.116999, 0.555166, -0.823469
-0.0860281, -0.820382, -0.565308

260
-0.0641923, 0.00308705, 0.00946983
0.999936, 0.00791838, 0.00813552
-0.0046474, 0.939313, -0.343031
-0.010358, 0.342971, 0.939289

261
-0.067403, -0.0131055, 0.0064794
0.999824, -0.014353, 0.0120906
0.00683794, 0.878589, 0.47753
-0.0174766, -0.477363, 0.878532

262
-0.0818313, 0.0040767, -0.0153063
-0.99863, -0.052077, -0.00520475
-0.047696, 0.864635, 0.500132
-0.0215451, 0.499694, -0.865934

263
-0.0191411, 0.00418839, 0.0129231
0.99984, 0.0175241, -0.00352577
-0.0145383, 0.682455, -0.730783
-0.0104001, 0.730717, 0.682601

264
-0.0874895, 0.00489589, 0.0117019
0.990158, 0.137755, -0.0247012
-0.129429, 0.834183, -0.536085
-0.0532431, 0.534006, 0.843802

265
0.0349984, 0.0155712, 0.0110529
0.590929, 0.803768, 0.0689932
-0.297823, 0.296839, -0.907297
-0.749736, 0.5156, 0.414792

266
-0.00979917, -0.0121527, -0.00570964
0.999904, 0.00794865, 0.0113741
-0.0124335, 0.149265, 0.988719
0.00616123, -0.988765, 0.149349

267
-0.0372337, -0.00618596, 0.00962613
0.999872, 0.000741341, 0.015985
0.000897351, 0.994757, -0.102264
-0.015977, 0.102265, 0.994629

268
0.0126116, 0.0106097, -0.00488717
-0.996966, -0.0752293, 0.0199927
0.0433453, -0.323197, 0.945338
-0.0646555, 0.943337, 0.325477

269
-0.0192726, 0.0110219, 0.00256204
-0.999868, -0.0152373, -0.00566591
0.00621626, -0.680403, 0.732812
-0.0150212, 0.73268, 0.680407

270
-0.0192725, 0.00856551, 0.0091533
-0.999868, -0.0152373, -0.00566591
0.0114914, -0.908995, 0.416649
-0.0114989, 0.416529, 0.90905

271
-0.0488159, 0.00703224, -0.0101503
0.9998, -0.0134959, 0.0147284
-0.0106144, -0.98349, -0.180654
0.0169233, 0.180461, -0.983436

272
-0.0522357, 0.0123801, 0.0061448
0.999907, 0.00271962, 0.0133651
0.011965, 0.295457, -0.955281
-0.0065468, 0.955352, 0.295396

273
-0.0522244, -0.0096815, 0.00978968
0.999907, 0.00271962, 0.0133651
-0.0065468, 0.955352, 0.295396
-0.011965, -0.295457, 0.955281

274
-0.0192127, 0.00727151, 0.00794879
0.99984, 0.0175241, -0.00352577
-0.00945168, 0.350873, -0.936375
-0.015172, 0.936259, 0.350983

275
0.0184603, 0.00111486, -0.00783847
0.0937421, 0.994463, 0.0474999
0.0945925, 0.0385978, -0.994768
-0.991093, 0.0977447, -0.0904504

276
-0.00730052, 0.00979881, 0.00828373
0.999843, 0.00811786, 0.015722
0.0119054, 0.348688, -0.937163
-0.0130898, 0.937204, 0.348536

277
-0.0671765, 0.00374546, 0.007747
0.999824, -0.014353, 0.0120906
0.018763, 0.777248, -0.628915
-0.000370574, 0.629031, 0.77738

278
-0.0642377, 0.0101451, 0.00818378
0.999936, 0.00791838, 0.00813552
0.00403804, 0.421677, -0.906737
-0.0106104, 0.906712, 0.421618

279
-0.0875571, -0.00386264, 0.015826
-0.999481, -0.0283083, 0.0153687
0.0146125, -0.823677, -0.566871
0.028706, -0.566352, 0.823663

280
-0.0193696, 0.0102425, 0.00385875
-0.999194, 0.00214271, -0.0400791
-0.0308845, -0.678794, 0.733679
-0.0256334, 0.734326, 0.678313

281
-0.0668906, 0.00325014, -0.0135529
-0.999689, 0.0201291, -0.0147104
0.0122555, 0.910584, 0.413143
0.0217112, 0.412835, -0.910547

282
-0.0905833, 0.0114903, 0.00358034
0.999832, -0.0125842, -0.0133344
-0.0112863, 0.150726, -0.988511
0.0144495, 0.988495, 0.150559

283
-0.0132169, 0.00814335, 0.00425489
0.999867, 0.0148108, 0.00689637
0.0053066, 0.104815, -0.994478
-0.0154518, 0.994381, 0.104722

284
-0.0668678, -0.0109137, -0.00783762
0.999947, -0.00334719, 0.0097026
-0.0101391, -0.469039, 0.883119
0.00159493, -0.883171, -0.469049

285
-0.000131902, 0.013669, -0.00206552
0.469436, 0.880739, 0.0626707
0.00735578, 0.0670741, -0.997721
-0.882936, 0.468827, 0.0250085

286
-0.0668821, -0.0140902, -0.00762837
0.99995, 0.00715605, 0.00699018
-0.00649458, -0.0670808, 0.997726
0.00760869, -0.997722, -0.0670309

287
-0.0371359, 0.0131979, 0.0026077
0.999872, 0.000741341, 0.015985
0.015977, -0.102265, -0.994629
0.000897351, 0.994757, -0.102264

288
-0.0668733, -0.017708, -0.00519083
0.99995, 0.00715605, 0.00699018
-0.00891193, 0.319837, 0.947431
0.00454414, -0.947446, 0.319885

289
-0.0103841, 0.00587338, 0.0104374
0.999746, 0.00421676, 0.0221391
0.015808, 0.568958, -0.822214
-0.0160633, 0.822356, 0.568747

290
-0.081593, -0.00196599, 0.0129293
0.993691, -0.108553, 0.0281798
0.103608, 0.984735, 0.139867
-0.0429326, -0.136065, 0.989769

291
-0.0400582, -0.00576897, 0.0116503
0.999877, 0.0151894, 0.00386359
-0.0148968, 0.997644, -0.0669594
-0.00487156, 0.0668936, 0.997748

292
0.0802457, -0.00364177, 0.0442213
0.0435453, 0.997979, 0.0462872
-0.951479, 0.0273006, 0.3065
0.304617, -0.057388, 0.950744

293
-0.000111134, 0.0137057, 0.000978742
0.470227, 0.880317, 0.0626802
0.00663746, 0.0674925, -0.997698
-0.88252, 0.469561, 0.0258938

294
-0.0700324, -0.00527514, 0.00860851
0.99995, 0.00908803, 0.00408368
-0.00945138, 0.994927, 0.100151
-0.00315279, -0.100185, 0.994964

295
-0.0637184, 0.00505816, -0.0122589
0.9999, -0.0102001, 0.00984591
-0.00480379, -0.89719, -0.441618
0.0133382, 0.441526, -0.897149

296
-0.00734857, 0.00376874, 0.0147316
0.999832, 0.0134395, 0.0124504
-0.000289944, 0.69112, -0.72274
-0.0183179, 0.722615, 0.691007

297
