0
-0.0388405, -0.00298165, -0.0407681
0.00689088, 0.999887, -0.0133357
0.804855, -0.01346, -0.593318
-0.593431, -0.00664479, -0.804857

1
0.00562034, -0.00559384, 0.0339903
0.012702, 0.999816, 0.0143518
-0.812894, 0.0186832, -0.582111
-0.582272, -0.00427252, 0.812982

2
-0.00604643, -0.00279591, -0.0214074
0.00028305, -0.999923, 0.0123659
-0.655024, 0.00915841, 0.755553
-0.755608, -0.00831384, -0.654971

3
-0.00104876, -0.00999948, -0.00673086
0.999804, -0.00293296, 0.0195862
-0.0193219, -0.361454, 0.93219
0.00434542, -0.932385, -0.36144

4
0.00524537, -0.0144302, -0.0191572
-0.0334362, 0.998023, 0.0532185
0.6119, -0.0216598, 0.790639
0.790228, 0.0590004, -0.609966

5
-0.0157039, -0.00258902, -0.00445772
0.00028305, -0.999923, 0.0123659
-0.316005, 0.0116428, 0.948686
-0.948758, -0.00417622, -0.315977

6
-0.00311381, 0.0128072, -0.0190497
0.0427764, -0.863541, 0.502462
-0.652065, 0.356908, 0.668901
-0.756955, -0.356251, -0.547817

7
-0.00599638, 0.00805427, -0.0214303
0.0328564, -0.999411, 0.00991432
-0.655354, -0.0140536, 0.755191
-0.754607, -0.0313102, -0.65543

8
-0.00532038, -0.0430466, -0.0427062
0.999696, -0.0157058, -0.0190177
-0.00175797, -0.814461, 0.580215
-0.0246019, -0.580005, -0.814241

9
-0.000695593, 0.000465327, -0.0231919
0.999804, -0.00293296, 0.0195862
-0.0161882, -0.690748, 0.722914
0.0114088, -0.723089, -0.69066

10
-0.00690155, -0.000303327, 0.0270544
-0.0259058, -0.999659, -0.00342911
0.794058, -0.0184937, -0.607561
0.60729, -0.0184623, 0.794266

11
-0.0154304, 0.00523224, -0.0051996
0.0274057, -0.999608, 0.00570929
-0.330844, -0.0036807, 0.943678
-0.943288, -0.027751, -0.330815

12
0.0152539, -0.00768611, -0.00697314
-0.0191949, 0.999757, -0.0108663
0.366046, 0.0171408, 0.930439
0.930399, 0.0138821, -0.366285

13
0.00833914, -0.00711759, 0.00686425
0.998838, -0.0481766, -0.000913855
0.00526722, 0.0903134, 0.995899
-0.0478965, -0.994747, 0.0904623

14
-0.015664, 0.00790454, -0.00448581
0.0328564, -0.999411, 0.00991432
-0.316693, -0.00100196, 0.948528
-0.947959, -0.034305, -0.316539

15
-0.0106545, -0.0133628, -0.0457881
-0.998606, 0.038415, -0.0361979
0.00760774, 0.783385, 0.62149
0.0522314, 0.620348, -0.782586

16
0.00842065, -0.00505963, -0.0125358
0.998838, -0.0481766, -0.000913855
-0.0134629, -0.297235, 0.95471
-0.0462663, -0.953588, -0.297538

17
-0.0145926, -0.00487072, 0.00150367
0.012702, 0.999816, 0.0143518
-0.163074, 0.0162321, -0.98648
-0.986532, 0.0101899, 0.163251

18
0.000488698, -0.00304524, -0.0252136
0.00689088, 0.999887, -0.0133357
0.988738, -0.00481907, 0.149581
0.149499, -0.0142162, -0.98866

19
-0.0165107, 0.00787722, -0.00986938
0.0327798, -0.999388, 0.0121822
-0.424376, -0.00288192, 0.905482
-0.904893, -0.0348513, -0.42421

20
0.00928244, -0.00687376, -0.00618815
0.995919, -0.086821, -0.0246464
0.0147956, -0.112329, 0.993561
-0.0890304, -0.989871, -0.110586

21
0.000939363, -0.0768738, -0.0165468
-0.366462, -0.38468, 0.847187
-0.608225, -0.590004, -0.530997
0.704108, -0.709871, -0.0177583

22
-0.000145039, 0.0055557, -0.0219394
0.0274057, -0.999608, 0.00570929
-0.998092, -0.0270471, 0.0554971
-0.0553209, -0.00721933, -0.998443

23
-0.00334747, -0.00699947, -0.0065691
0.999455, 0.014888, -0.0294478
0.0274103, 0.12227, 0.992118
0.0183713, -0.992385, 0.121795

24
-0.00523307, 0.0140559, -0.0183541
0.048278, -0.994955, 0.0879371
-0.598935, 0.0416192, 0.799715
-0.799341, -0.0912773, -0.593905

25
0.01336, 0.00842764, -0.0200221
-0.985413, -0.0221806, -0.168729
-0.170016, 0.0847303, 0.981792
-0.00748025, 0.996157, -0.0872654

26
0.00559096, -0.00802479, -0.0188465
-0.0116374, 0.999926, -0.00359197
0.603683, 0.00988941, 0.797163
0.79714, 0.00710849, -0.603753

27
0.00707737, 0.00421631, -0.00940392
-0.999492, -0.0195795, -0.025137
-0.0290307, 0.234452, 0.971694
-0.0131319, 0.971931, -0.234901

28
-0.00394187, -0.00556197, -0.026016
0.999455, 0.014888, -0.0294478
0.0323542, -0.266807, 0.963207
0.00648338, -0.963635, -0.267143

29
0.000921693, -0.00809829, -0.0241799
-0.0116374, 0.999926, -0.00359197
0.990531, 0.0120193, 0.136762
0.136795, -0.00196641, -0.990597

30
0.0499527, 0.00976388, -0.0339329
0.0327798, -0.999388, 0.0121822
-0.904893, -0.0348513, -0.42421
0.424376, 0.00288192, -0.905482

31
-0.00143501, -0.0133669, 0.0124815
0.999804, -0.00293296, 0.0195862
-0.0195141, 0.0228684, 0.999548
-0.00337954, -0.999734, 0.0228066

32
-0.00289292, -0.000882899, 0.0119507
0.999455, 0.014888, -0.0294478
0.0182934, 0.492732, 0.869989
0.0274623, -0.870054, 0.492191

33
0.0003659, 0.012028, 0.0193652
0.0355332, -0.991938, -0.121642
0.999317, 0.0340339, 0.0143819
-0.010126, -0.12207, 0.99247

34
-0.000922406, -0.00942914, 0.0202216
-0.018243, -0.999636, -0.0198967
0.998747, -0.0191472, 0.0462445
-0.0466087, -0.0190281, 0.998732

35
-0.0181707, 0.00526743, 0.014116
0.0274057, -0.999608, 0.00570929
0.0553209, 0.00721933, 0.998443
-0.998092, -0.0270471, 0.0554971

36
-0.0274399, -0.0140263, -0.0309312
0.0644108, 0.997765, -0.0177951
0.718865, -0.05876, -0.692661
-0.692159, 0.0318226, -0.721043

37
-0.0494923, -0.00864594, 0.0254058
-0.018243, -0.999636, -0.0198967
0.673263, -0.026994, 0.73891
-0.739178, 8.42067e-05, 0.67351

38
0.0154462, -0.010196, -0.00645107
-0.0252732, 0.999681, 0.000186101
0.355735, 0.00881944, 0.934545
0.934245, 0.0236851, -0.355844

39
-5.76652e-05, -0.00985707, 0.0209589
0.11251, 0.989429, 0.0914984
-0.98993, 0.10365, 0.0964162
0.0859131, -0.101425, 0.991127

40
0.0049701, -0.00566964, -0.0385088
0.0836919, -0.99476, -0.0587299
-0.994957, -0.0866871, 0.0504506
-0.0552773, 0.0542114, -0.996998

41
0.0275768, -0.00242006, -0.0196202
-0.00358426, -0.999379, -0.0350457
-0.0791491, 0.0352194, -0.99624
0.996856, -0.000796957, -0.0792262

42
-0.00518798, 0.00711727, -0.0066455
-0.071005, -0.105197, 0.991913
-0.597874, 0.800484, 0.0420966
-0.798439, -0.59005, -0.119733

43
0.0404352, -0.000849607, 0.00242532
0.0467122, -0.997825, -0.0465097
-0.0397733, 0.0446657, -0.99821
0.998116, 0.0484784, -0.0376003

44
-0.00110619, -0.0384139, 0.0343409
0.999739, 0.0226439, -0.00318085
-0.0226417, 0.999743, 0.000745291
0.00319691, -0.000673077, 0.999995

45
-0.00550982, 0.00540828, -0.021997
0.0274057, -0.999608, 0.00570929
-0.66664, -0.0140204, 0.745248
-0.744876, -0.02423, -0.666763

46
-0.0215198, -0.0105706, -0.0329069
0.0611916, 0.995042, 0.0784043
0.834009, -0.00781773, -0.551696
-0.548348, 0.0991491, -0.830352

47
-0.0330426, 0.00570155, -0.0114206
0.0479327, 0.99613, 0.0736674
-0.0813693, 0.0774011, -0.993674
-0.995531, 0.0416353, 0.0847645

48
-0.004845, -0.0420685, 0.033093
-0.99261, -0.0748749, 0.0954949
0.0545022, -0.978186, -0.200452
0.108421, -0.193766, 0.975038

49
-0.0387695, -0.0142913, 0.0103135
0.0103062, -0.999855, 0.0135436
0.493516, 0.0168659, 0.869573
-0.869676, -0.00227803, 0.493618

50
-0.0254563, -0.00771005, -0.0332291
0.0968418, 0.993947, 0.0518691
0.780398, -0.043484, -0.623769
-0.617738, 0.100885, -0.779886

51
-0.0422418, -0.00916647, 0.0038334
0.139009, -0.989817, -0.0306268
0.0533022, -0.0234037, 0.998304
-0.988856, -0.140406, 0.0495061

52
-0.00387119, -0.056554, 0.0254433
0.999961, 0.00792822, -0.00378587
-0.00255121, 0.674371, 0.738388
0.00840719, -0.73835, 0.674365

53
-0.0441172, 0.0117744, -0.00127768
0.056431, 0.99694, 0.0540988
0.112411, 0.0474964, -0.992526
-0.992058, 0.0620905, -0.109387

54
0.0384659, -0.0156727, 1.00229e-05
0.0968418, 0.993947, 0.0518691
-0.115018, -0.040589, 0.992534
0.988632, -0.102085, 0.110391

55
-0.0211867, 0.00795472, 0.00907081
0.0327798, -0.999388, 0.0121822
-0.0457844, 0.0106745, 0.998894
-0.998413, -0.0333013, -0.0454065

56
-0.00494656, 0.00806501, -0.0255805
0.0327798, -0.999388, 0.0121822
-0.738359, -0.0159996, 0.674218
-0.67361, -0.0310956, -0.738432

57
-0.0181394, -0.00235035, 0.0148972
0.00028305, -0.999923, 0.0123659
0.0711237, 0.0123547, 0.997391
-0.997467, 0.000597199, 0.0711217

58
0.00470882, -0.00806692, -0.0233822
-0.0191949, 0.999757, -0.0108663
0.69423, 0.0211485, 0.719442
0.719497, 0.00626587, -0.694467

59
0.0276062, -0.00614349, -0.0191492
-0.0170403, -0.999545, -0.0249017
-0.0693941, 0.0260276, -0.99725
0.997444, -0.0152654, -0.0698061

60
0.00287037, -0.027473, -0.0094162
0.987527, 0.149741, 0.0486676
-0.0664802, 0.11635, 0.990981
0.142728, -0.981856, 0.124853

61
-0.00135098, -0.0220704, 0.0168981
0.999796, 0.000546055, 0.0201664
-0.0201021, 0.111151, 0.9936
-0.00169894, -0.993803, 0.111139

62
-0.00420488, -0.0290018, -0.020478
-0.619883, -0.162831, 0.767614
0.0961842, 0.95509, 0.280272
-0.778777, 0.247568, -0.576382

63
-0.0181157, 0.00801593, 0.0148682
0.0328564, -0.999411, 0.00991432
0.0701823, 0.0122023, 0.99746
-0.996993, -0.0320771, 0.0705419

64
-0.0150315, 0.036583, 0.0145094
-0.961335, -0.274268, -0.0247538
-0.00636635, -0.0677305, 0.997683
-0.275309, 0.959265, 0.0633656

65
0.0115399, 0.0143386, -0.0104257
-0.987231, 0.0324176, -0.155961
-0.158477, -0.100813, 0.982203
0.0161177, 0.994377, 0.104664

66
0.0110346, -0.000587769, -0.0255269
-0.0259058, -0.999659, -0.00342911
-0.25719, 0.0099797, -0.966309
0.966014, -0.0241511, -0.25736

67
0.000521473, -0.0143067, -0.0244413
-0.0334362, 0.998023, 0.0532185
0.991454, 0.0264038, 0.127755
0.126097, 0.0570354, -0.990377

68
0.0388135, -0.0136581, -0.00197689
0.0103062, -0.999855, 0.0135436
-0.123139, -0.0147103, -0.99228
0.992336, 0.00855891, -0.123273

69
0.00158288, -0.0137062, 0.0227996
0.0103062, -0.999855, 0.0135436
0.992336, 0.00855891, -0.123273
0.123139, 0.0147103, 0.99228

70
0.0126327, -0.0137309, -0.00377207
-0.00902286, 0.99794, 0.0635212
0.0629608, -0.0628307, 0.996036
0.997975, 0.0129864, -0.0622641

71
0.011347, 0.0288683, -0.0486714
0.995919, -0.086821, -0.0246464
-0.0765914, -0.957508, 0.278051
-0.0477398, -0.275029, -0.96025

72
-0.000632202, 0.00823039, -0.0214537
0.0328564, -0.999411, 0.00991432
-0.996993, -0.0320771, 0.0705419
-0.0701823, -0.0122023, -0.99746

73
0.0310255, 0.00540583, -0.0346763
0.0427764, -0.863541, 0.502462
-0.996328, 0.000464346, 0.085619
-0.0741688, -0.504279, -0.86035

74
-0.00185934, -0.014792, 0.0187265
0.0644108, 0.997765, -0.0177951
-0.997745, 0.0640516, -0.0200692
-0.0188845, 0.0190476, 0.99964

75
0.0121319, -0.0456182, 0.00248687
-0.366462, -0.38468, 0.847187
0.0677996, -0.91915, -0.388029
0.92796, -0.0847588, 0.362915

76
-0.0107077, -0.000734445, -0.0309179
-0.998606, 0.038415, -0.0361979
-0.0129595, 0.486357, 0.873664
0.0511669, 0.872915, -0.485181

77
0.000155095, 0.00830051, -0.0199879
0.0327798, -0.999388, 0.0121822
-0.998413, -0.0333013, -0.0454065
0.0457844, -0.0106745, -0.998894

78
-0.00866128, 0.01037, -0.0210385
0.0305624, -0.998938, 0.0344743
-0.58852, 0.00989373, 0.808422
-0.807905, -0.0449961, -0.587592

79
-0.0115029, 0.00221882, -0.0246755
0.0354707, -0.999343, 0.00748543
-0.780029, -0.0230025, 0.62532
-0.624737, -0.0280194, -0.780332

80
-0.0381796, 0.0232995, -0.0226219
0.140564, 0.985103, 0.0990628
0.152402, 0.0773352, -0.985288
-0.978272, 0.153593, -0.139261

81
0.0027547, -0.0102242, -0.0276089
-0.000242248, 0.999268, 0.0382478
0.599446, -0.030469, 0.799835
0.800415, 0.0231212, -0.599

82
0.00754132, 0.00366623, -0.0174973
-0.998846, -0.0169492, -0.0449417
-0.0478768, 0.276276, 0.959885
-0.00385294, 0.960929, -0.276769

83
-0.0274788, 0.00273627, -0.0310095
0.0239296, 0.998461, 0.0500355
0.72295, 0.0172854, -0.690684
-0.690486, 0.0527009, -0.721424

84
-0.0148582, 0.0165137, -0.0250557
-0.99261, -0.0748749, 0.0954949
0.0793106, 0.195319, 0.977528
-0.0918443, 0.977877, -0.187937

85
0.00794672, 0.0127073, -0.0109572
-0.426898, -0.889773, -0.161438
-0.00896972, 0.18268, -0.983132
0.904255, -0.418249, -0.0859667

86
-0.0302767, 0.0230289, -0.0326298
-0.0551681, 0.970808, 0.233427
0.336088, 0.238196, -0.911212
-0.940213, 0.0281822, -0.339418

87
0.00447823, 0.00574296, 0.0118484
-0.022885, -0.999734, 0.00286182
0.549948, -0.0149794, -0.835065
0.834885, -0.0175366, 0.550145

88
-0.00485081, 0.00841012, -0.0201955
0.999885, 0.0125191, 0.00851398
0.00961416, -0.0906222, -0.995839
-0.0116954, 0.995807, -0.0907321

89
-0.00149107, -0.0123911, 0.0218522
-0.0297761, -0.99954, -0.00568279
0.995639, -0.0301618, 0.0882754
-0.0884062, -0.0030295, 0.99608

90
0.014108, -0.00786262, -0.00129555
-0.0116374, 0.999926, -0.00359197
0.252678, 0.00641633, 0.967529
0.967481, 0.0103519, -0.252734

91
0.00711377, -0.0260444, -0.0282248
-0.985503, -0.155182, -0.0685744
0.0263708, 0.259168, -0.965472
0.167596, -0.953284, -0.251319

92
-0.00205299, -0.000361011, 0.0186369
0.0239296, 0.998461, 0.0500355
-0.99945, 0.0250425, -0.0217364
-0.0229559, -0.0494878, 0.998511

93
-0.00737852, -0.0128102, 0.0142498
0.0502857, 0.998526, 0.0204393
-0.536737, 0.0442774, -0.842587
-0.84225, 0.0313995, 0.538172

94
-0.0119152, 0.00367732, 0.00707609
-0.998606, 0.038415, -0.0361979
-0.0453442, -0.273338, 0.960849
0.0270167, 0.961151, 0.274699

95
-0.029932, 0.00181589, 0.00586065
0.0354707, -0.999343, 0.00748543
-0.109808, 0.00354749, 0.993947
-0.99332, -0.036078, -0.10961

96
0.0395432, 0.00637426, 0.0223547
-0.619883, -0.162831, 0.767614
0.778777, -0.247568, 0.576382
0.0961842, 0.95509, 0.280272

97
0.000111636, -0.00659649, 0.0178488
-0.0170403, -0.999545, -0.0249017
0.997444, -0.0152654, -0.0698061
0.0693941, -0.0260276, 0.99725

98
0.0187168, -0.00741097, 0.0122241
-0.0191949, 0.999757, -0.0108663
-0.0178663, 0.0105236, 0.999785
0.999656, 0.0193849, 0.01766

99
-0.00591076, -0.00444606, -0.0357644
0.012702, 0.999816, 0.0143518
0.582272, 0.00427252, -0.812982
-0.812894, 0.0186832, -0.582111

100
0.0149767, -0.00305321, -0.0183248
0.00689088, 0.999887, -0.0133357
0.593431, 0.00664479, 0.804857
0.804855, -0.01346, -0.593318

101
-0.0240503, 0.00188532, -0.00974052
0.0354707, -0.999343, 0.00748543
-0.481576, -0.010529, 0.876341
-0.875686, -0.0346892, -0.481633

102
0.01014, 0.0136274, -0.0194289
-0.0425352, -0.999094, -0.00164051
-0.31505, 0.0149711, -0.948957
0.948122, -0.0398473, -0.315401

103
0.0101353, 0.00625748, -0.000904224
-0.985413, -0.0221806, -0.168729
-0.154212, -0.302932, 0.940452
-0.0719733, 0.952754, 0.295093

104
-0.0136492, -0.00398565, -0.0338272
0.139009, -0.989817, -0.0306268
-0.893186, -0.138674, 0.427772
-0.427663, -0.0321088, -0.903368

105
-0.000757618, 0.0103893, 0.0205912
-0.022594, 0.998467, 0.050535
-0.997283, -0.0260547, 0.0689054
0.0701164, -0.0488409, 0.996342

106
-0.00896074, 0.018086, -3.57146e-05
-0.997803, -0.0499494, 0.0435208
0.0569227, -0.310301, 0.948932
-0.0338941, 0.949325, 0.312463

107
0.0470639, 0.0141046, -0.0464134
-0.758622, 0.274164, -0.591039
0.538607, 0.77433, -0.332137
0.3666, -0.570305, -0.73509

108
-0.00465347, 0.023567, -0.0133953
0.999961, 0.00792822, -0.00378587
-0.0041408, 0.0452403, -0.998968
-0.00774876, 0.998945, 0.0452714

109
-0.000740361, -0.00811438, -0.0181226
-0.0191949, 0.999757, -0.0108663
0.999656, 0.0193849, 0.01766
0.0178663, -0.0105236, -0.999785

110
0.0111782, -0.0108952, -0.0100249
-0.000242248, 0.999268, 0.0382478
0.247511, -0.0369978, 0.968178
0.968885, 0.00970128, -0.247321

111
-0.019951, 0.00907329, -0.0330868
-0.0177707, 0.996787, -0.0780955
0.854394, -0.0254303, -0.519003
-0.519321, -0.0759474, -0.851198

112
-0.00114563, 0.00235381, -0.0198045
0.0394404, 0.999066, -0.0176627
0.997365, -0.0404382, -0.0602384
-0.0608964, -0.0152404, -0.998028

113
0.000441311, -0.00362883, 0.017625
-0.00358426, -0.999379, -0.0350457
0.996856, -0.000796957, -0.0792262
0.0791491, -0.0352194, 0.99624

114
-0.0394949, -0.00410658, 0.0353332
-0.00358426, -0.999379, -0.0350457
0.760851, -0.0254674, 0.648427
-0.648917, -0.0243404, 0.76047

115
-0.000959878, -0.0204147, -0.00253663
0.999796, 0.000546055, 0.0201664
-0.0192221, -0.277622, 0.960498
0.00612312, -0.96069, -0.277555

116
-0.0061664, -0.0111512, -0.0375216
0.0611916, 0.995042, 0.0784043
0.977474, -0.0756369, 0.197039
0.201993, 0.064581, -0.977255

117
-0.0431194, -0.0116303, -0.0060763
0.0836919, -0.99476, -0.0587299
0.0552773, -0.0542114, 0.996998
-0.994957, -0.0866871, 0.0504506

118
0.0242758, 0.00747618, 0.0102594
-0.619883, -0.162831, 0.767614
0.756304, 0.136774, 0.639763
-0.209162, 0.977128, 0.0383658

119
-0.0240503, 0.00188532, -0.0127405
0.0354707, -0.999343, 0.00748543
-0.481576, -0.010529, 0.876341
-0.875686, -0.0346892, -0.481633

120
0.0018036, 0.00390328, 0.006948
-0.758622, 0.274164, -0.591039
0.3666, -0.570305, -0.73509
-0.538607, -0.77433, 0.332137

121
-0.000947717, -0.00799369, -0.038543
-0.961335, -0.274268, -0.0247538
-0.275309, 0.959265, 0.0633656
0.00636635, 0.0677305, -0.997683

122
0.00598073, -0.00058692, 0.0124063
-0.0259058, -0.999659, -0.00342911
0.501214, -0.0100207, -0.865265
0.864935, -0.0241341, 0.501303

123
0.00768283, -0.00396892, -0.0271024
-0.999492, -0.0195795, -0.025137
-0.0318462, 0.588547, 0.807836
-0.00102274, 0.808226, -0.588872

124
-0.0463179, 0.00402787, -0.0259822
0.0394404, 0.999066, -0.0176627
0.662183, -0.0393707, -0.748307
-0.748303, 0.0178175, -0.663117

125
-0.0147026, 0.0168641, 0.0186176
0.048278, -0.994955, 0.0879371
0.141708, 0.093972, 0.985438
-0.988731, -0.0351136, 0.14553

126
0.00598073, -0.00058692, 0.0124063
-0.0259058, -0.999659, -0.00342911
0.501214, -0.0100207, -0.865265
0.864935, -0.0241341, 0.501303

127
0.0106738, 0.0168539, -0.00615531
-0.25266, -0.939136, -0.232781
0.129895, 0.205485, -0.970002
0.958796, -0.275318, 0.0700711

128
-0.035729, 0.00615371, 0.0111597
-0.430345, -0.542952, 0.721114
0.890238, -0.123192, 0.438519
-0.149259, 0.830678, 0.536372

129
0.00110719, -0.00345873, 0.0189025
0.0467122, -0.997825, -0.0465097
0.998116, 0.0484784, -0.0376003
0.0397733, -0.0446657, 0.99821

130
0.0265802, -0.00456861, -0.0559829
0.012702, 0.999816, 0.0143518
0.986532, -0.0101899, -0.163251
-0.163074, 0.0162321, -0.98648

131
0.0241709, -0.00262117, 0.0188202
0.00689088, 0.999887, -0.0133357
-0.149499, 0.0142162, 0.98866
0.988738, -0.00481907, 0.149581

132
-0.00333407, 0.00792162, 0.0196152
0.999696, -0.0157058, -0.0190177
-0.0161531, 0.165785, -0.98603
0.0186393, 0.986037, 0.165481

133
-0.0136509, 0.0151997, -0.000791792
0.048278, -0.994955, 0.0879371
-0.24745, 0.0733814, 0.966118
-0.967697, -0.0684023, -0.242659

134
-0.00180701, -0.000795972, 0.018385
0.0660983, 0.994341, 0.0831742
-0.996758, 0.0696314, -0.0403171
-0.0458805, -0.0802396, 0.995719

135
0.0166648, 0.0162454, -0.00439139
-0.951187, 0.122926, -0.283077
-0.302997, -0.197756, 0.932247
0.0586169, 0.972513, 0.225349

136
0.00946148, 0.00502386, -0.0273787
-0.028511, -0.999483, 0.0148341
-0.354687, -0.00375903, -0.934978
0.93455, -0.0319186, -0.354397

137
0.00657187, 0.00500316, 0.0100827
-0.999492, -0.0195795, -0.025137
-0.0217955, -0.155337, 0.987621
-0.0232419, 0.987668, 0.154831

138
-0.0399902, -0.00634468, 0.0351833
-0.0170403, -0.999545, -0.0249017
0.754368, -0.0291986, 0.655802
-0.65623, -0.00760999, 0.754522

139
-0.0383486, -0.00701769, -0.0224262
0.0968418, 0.993947, 0.0518691
0.484596, -0.00156679, -0.874737
-0.869361, 0.109847, -0.481814

140
-0.000328723, 0.00174345, 0.020815
0.0479327, 0.99613, 0.0736674
-0.995531, 0.0416353, 0.0847645
0.0813693, -0.0774011, 0.993674

141
0.023599, -0.0255218, -0.0183967
0.302495, 0.920776, 0.24631
0.522309, -0.376295, 0.765242
0.797302, -0.102832, -0.594757

142
-0.00465556, -0.0148549, -0.0310411
0.999696, -0.0157058, -0.0190177
-0.023402, -0.847536, -0.530222
-0.00779059, 0.530506, -0.847646

143
0.00560128, -0.0164777, 0.0287766
0.999087, 0.0217169, 0.0367988
0.00253856, 0.829522, -0.558468
-0.0426536, 0.558051, 0.82871

144
0.0222393, 0.0163279, -0.0230869
-0.951187, 0.122926, -0.283077
-0.257501, 0.189462, 0.947522
0.170107, 0.974163, -0.14856

145
-0.0140206, -0.0117046, -0.0234215
0.0502857, 0.998526, 0.0204393
0.21603, 0.00910604, -0.976344
-0.975091, 0.0535117, -0.215254

146
0.00211341, 0.00724497, 0.0339674
0.056431, 0.99694, 0.0540988
-0.992058, 0.0620905, -0.109387
-0.112411, -0.0474964, 0.992526

147
-0.00638277, 0.00602369, -0.0185323
-0.634921, 0.23955, -0.734501
0.636651, 0.700811, -0.321774
0.437665, -0.671922, -0.59747

148
0.0099044, -0.0052556, 0.0132437
0.995919, -0.086821, -0.0246464
0.0477398, 0.275029, 0.96025
-0.0765914, -0.957508, 0.278051

149
-0.0138572, -0.00753466, -0.0337488
0.0836919, -0.99476, -0.0587299
-0.898067, -0.100834, 0.428145
-0.431823, 0.0169111, -0.9018

150
-0.0372787, -0.00294471, -0.0371911
0.00689088, 0.999887, -0.0133357
0.970686, -0.00989254, -0.240149
-0.240254, -0.0112899, -0.970644

151
-0.00771758, -0.00522009, 0.0197578
0.012702, 0.999816, 0.0143518
-0.528191, 0.018896, -0.848916
-0.849031, 0.00320244, 0.528334

152
0.0349301, -0.0137034, -0.00236686
0.0103062, -0.999855, 0.0135436
0.265985, -0.0103151, -0.963922
0.963922, 0.0135368, 0.26584

153
0.0139459, -0.0150692, -0.0017074
-0.0334362, 0.998023, 0.0532185
0.262915, -0.0425895, 0.963879
0.96424, 0.0462204, -0.260971

154
-0.0127095, 0.0209923, -0.00416586
0.0427764, -0.863541, 0.502462
-0.312755, 0.466071, 0.827624
-0.94887, -0.19255, -0.25014

155
-0.00239812, 0.011607, -0.0156216
0.999739, 0.0226439, -0.00318085
-0.00319691, 0.000673077, -0.999995
-0.0226417, 0.999743, 0.000745291

156
0.00762971, -0.0125781, -0.0225934
-0.00902286, 0.99794, 0.0635212
0.440077, -0.0530783, 0.89639
0.897915, 0.0360422, -0.438691

157
-0.0177172, -0.014057, 0.00254135
0.0644108, 0.997765, -0.0177951
-0.364373, 0.00691378, -0.931227
-0.929023, 0.0664652, 0.364004

158
0.0126912, 0.00521726, -0.00813983
-0.028511, -0.999483, 0.0148341
0.0299489, -0.0156876, -0.999428
0.999145, -0.0280504, 0.0303807

159
-0.0168472, 0.0107305, -0.0033336
0.0305624, -0.998938, 0.0344743
-0.234549, 0.0263599, 0.971747
-0.971624, -0.0377848, -0.233495

160
0.00122101, -0.0107775, -0.0242563
0.0968418, 0.993947, 0.0518691
0.988632, -0.102085, 0.110391
0.115018, 0.040589, -0.992534

161
0.00571505, -0.0344738, 0.0363083
0.999087, 0.0217169, 0.0367988
-0.0139775, 0.979936, -0.198823
-0.0403783, 0.198127, 0.979344

162
-0.00417814, -0.000657151, -0.0176696
0.999696, -0.0157058, -0.0190177
-0.0246019, -0.580005, -0.814241
0.00175797, 0.814461, -0.580215

163
-0.00945268, 0.0102861, -0.00190367
0.107755, -0.129912, 0.985653
-0.455417, 0.874837, 0.165094
-0.883733, -0.466673, 0.0351039

164
0.0194181, -0.0127155, -0.0306402
-0.0297761, -0.99954, -0.00568279
-0.299338, 0.0143413, -0.954039
0.953682, -0.0267065, -0.299627

165
0.0350377, 0.00751919, -0.00421085
0.533024, -0.396191, -0.747608
-0.809527, 0.0181753, -0.586802
0.246074, 0.917988, -0.31104

166
0.00933819, -0.000956969, -0.0247782
0.995919, -0.086821, -0.0246464
-0.0204011, -0.482585, 0.875611
-0.0879154, -0.871535, -0.482387

167
-0.0376322, 0.00263566, -0.00314294
0.0626913, 0.994654, 0.082059
-0.245672, 0.0950705, -0.96468
-0.967324, 0.0403175, 0.250318

168
0.0066399, 0.00529523, 0.00192269
-0.998846, -0.0169492, -0.0449417
-0.0427579, -0.112486, 0.992733
-0.0218813, 0.993509, 0.111631

169
0.0250304, -0.00713481, 0.0264792
-0.0191949, 0.999757, -0.0108663
-0.719497, -0.00626587, 0.694467
0.69423, 0.0211485, 0.719442

170
-0.029932, 0.00181589, 0.00886065
0.0354707, -0.999343, 0.00748543
-0.109808, 0.00354749, 0.993947
-0.99332, -0.036078, -0.10961

171
-0.00561291, 0.0252912, -0.0444572
-0.426898, -0.889773, -0.161438
-0.645748, 0.424921, -0.634391
0.633062, -0.166573, -0.755967

172
0.0200602, 0.00488215, -0.0207872
-0.914285, -0.11377, -0.388765
-0.401525, 0.127844, 0.906881
-0.0534747, 0.985247, -0.162568

173
0.0380787, -0.0168306, -0.0342206
-0.130713, -0.982964, -0.12921
-0.688286, 0.183775, -0.701776
0.713566, -0.00279781, -0.700582

174
-0.00470321, 0.0206306, -0.032682
0.999961, 0.00792822, -0.00378587
-0.00086028, -0.340483, -0.94025
-0.00874353, 0.940217, -0.340463

175
-0.00441942, 0.00903554, -0.0371028
-0.0177707, 0.996787, -0.0780955
0.971364, 0.035721, 0.234897
0.236932, -0.0716848, -0.968878

176
0.0122265, -0.01164, 0.0094417
-0.000242248, 0.999268, 0.0382478
-0.142106, -0.037894, 0.989126
0.989851, -0.00519563, 0.142011

177
-0.00961347, 0.00802401, 0.019009
0.999474, -0.0174468, 0.0273505
0.0297002, 0.15292, -0.987792
0.0130514, 0.988085, 0.153358

178
-0.0268695, -0.00755194, -0.0336202
0.0968418, 0.993947, 0.0518691
0.957392, -0.0787812, -0.277838
-0.27207, 0.0765654, -0.959227

179
-0.00431695, 0.0119144, 0.0093438
0.189586, 0.620895, 0.760623
-0.595036, 0.688863, -0.414005
-0.781018, -0.374108, 0.500053

180
-0.00909485, 0.00718934, -0.000475236
0.999474, -0.0174468, 0.0273505
0.0224449, -0.236844, -0.971288
0.0234237, 0.971391, -0.236327

181
-0.0331302, 0.011317, -0.0122136
-0.022594, 0.998467, 0.050535
-0.0701164, 0.0488409, -0.996342
-0.997283, -0.0260547, 0.0689054

182
-0.0140309, -0.0106968, -0.0268656
-0.129296, -0.981017, -0.144525
-0.77762, 0.009874, 0.628657
-0.615297, 0.193668, -0.764135

183
0.00885434, 0.00425709, -0.0296709
0.998838, -0.0481766, -0.000913855
-0.0301435, -0.639531, 0.768174
-0.0375924, -0.767254, -0.640241

184
0.000558617, -0.00312913, -0.0314669
0.00689088, 0.999887, -0.0133357
0.856264, 0.000988072, 0.516538
0.516493, -0.0149782, -0.85616

185
-0.0139582, -0.00459892, -0.0179932
0.012702, 0.999816, 0.0143518
0.226868, 0.011097, -0.973862
-0.973843, 0.015626, -0.226686

186
-0.0129911, 0.0165291, -0.00563625
-0.99261, -0.0748749, 0.0954949
0.108421, -0.193766, 0.975038
-0.0545022, 0.978186, 0.200452

187
0.036602, -0.000995444, 0.00170415
0.0467122, -0.997825, -0.0465097
0.345217, 0.0598176, -0.936615
0.93736, 0.0276954, 0.34726

188
0.00929073, -0.00595358, -0.00699528
-0.071005, -0.105197, 0.991913
-0.857913, 0.513748, -0.00692756
-0.508865, -0.851467, -0.126728

189
0.00467673, 0.0108038, 0.0081814
-0.426898, -0.889773, -0.161438
0.337757, 0.00871717, -0.941193
0.838855, -0.45632, 0.296805

190
-0.0115029, 0.00221882, -0.0276755
0.0354707, -0.999343, 0.00748543
-0.780029, -0.0230025, 0.62532
-0.624737, -0.0280194, -0.780332

191
0.0106007, 0.00114016, -0.00212793
-0.619883, -0.162831, 0.767614
0.618691, 0.500293, 0.605746
-0.482666, 0.850408, -0.209381

192
0.000398502, -0.0204223, 0.0249819
0.219193, -0.975562, 0.0152724
0.620087, 0.127204, -0.774152
0.753291, 0.179159, 0.632815

193
-0.0239074, 0.00862489, -0.0379097
-0.0177707, 0.996787, -0.0780955
0.988093, 0.00556931, -0.153757
-0.152828, -0.079898, -0.985018

194
0.00631568, 0.00467791, -0.00310436
0.999087, 0.0217169, 0.0367988
0.0319557, 0.191959, -0.980882
-0.0283656, 0.981163, 0.19109

195
0.00971678, 0.0406412, -0.021159
-0.634921, 0.23955, -0.734501
0.140704, 0.970669, 0.194946
0.759656, 0.0204278, -0.650004

196
0.0242479, 0.0170894, 0.0181387
-0.013574, 0.993174, -0.115853
-0.138429, 0.112881, 0.983918
0.990279, 0.0293931, 0.135952

197
-0.00458561, 0.00321078, -0.0434294
0.999455, 0.014888, -0.0294478
0.0323724, -0.615264, 0.787656
-0.00639154, -0.78818, -0.615411

198
-0.00450643, -0.0434627, 0.0314481
-0.997803, -0.0499494, 0.0435208
0.00953067, -0.758315, -0.651819
0.0655604, -0.649972, 0.757125

199
-0.00321307, 0.0651026, 0.00463916
0.107755, -0.129912, 0.985653
0.642182, 0.765935, 0.0307468
-0.758941, 0.629655, 0.16596

200
0.022473, -0.0138821, -0.0379015
-0.129296, -0.981017, -0.144525
-0.984941, 0.143926, -0.0957974
0.11478, 0.129962, -0.984853

201
-0.012178, 0.00871163, -0.00542712
-0.990052, -0.0263399, -0.138214
-0.139008, 0.335037, 0.931894
0.0217607, 0.941837, -0.335365

202
-0.00617581, -0.0117341, -0.0412838
0.0502857, 0.998526, 0.0204393
0.572737, -0.0120652, -0.819651
-0.818195, 0.0529231, -0.572499

203
0.0116952, 0.00547017, -0.0257323
-0.022885, -0.999734, 0.00286182
-0.201481, 0.00180826, -0.979491
0.979225, -0.0229923, -0.201469

204
0.0475686, 0.00966988, -0.0360852
0.0328564, -0.999411, 0.00991432
-0.947959, -0.034305, -0.316539
0.316693, 0.00100196, -0.948528

205
0.0160349, -0.0128315, 0.00747809
-0.0297761, -0.99954, -0.00568279
0.462691, -0.00874353, -0.886476
0.886019, -0.0290252, 0.462739

206
0.0125809, 0.00357847, -0.00281609
-0.914285, -0.11377, -0.388765
-0.350497, -0.258925, 0.900061
-0.203061, 0.959174, 0.196856

207
-0.0411628, 0.00368952, -0.0336091
0.0394404, 0.999066, -0.0176627
0.898141, -0.0431922, -0.437582
-0.437936, 0.00139475, -0.899005

208
0.0119631, 0.0773616, 0.00459582
0.107755, -0.129912, 0.985653
0.883733, 0.466673, -0.0351039
-0.455417, 0.874837, 0.165094

209
0.000485312, -0.00307496, 0.0340231
0.202131, 0.975232, 0.0898117
-0.975665, 0.208477, -0.0679319
-0.0849731, -0.073895, 0.993639

210
-0.0256383, -0.00994971, -0.0375724
0.0611916, 0.995042, 0.0784043
0.980367, -0.0451653, -0.191939
-0.187446, 0.0886101, -0.97827

211
-0.00741355, -0.000244484, 0.0188753
0.0239296, 0.998461, 0.0500355
-0.690486, 0.0527009, -0.721424
-0.72295, -0.0172854, 0.690684

212
0.025641, 0.00146017, -0.0105379
0.0394404, 0.999066, -0.0176627
0.437936, -0.00139475, 0.899005
0.898141, -0.0431922, -0.437582

213
-0.0309606, -0.0162184, 0.0257602
-0.129296, -0.981017, -0.144525
0.270878, -0.175147, 0.946546
-0.953891, 0.083236, 0.288382

214
-0.0169945, -0.0147859, -0.0357132
0.0644108, 0.997765, -0.0177951
0.399267, -0.0421092, -0.915867
-0.914569, 0.0518867, -0.401087

215
0.00745852, -0.00316508, 0.0159674
-0.985413, -0.0221806, -0.168729
-0.11493, -0.644476, 0.755938
-0.125509, 0.764303, 0.632526

216
0.0352456, -0.0042991, 0.030819
0.0660983, 0.994341, 0.0831742
-0.737257, -0.00750113, 0.675571
0.672372, -0.105975, 0.732588

217
0.0153067, -0.01606, 0.0177289
-0.0334362, 0.998023, 0.0532185
-0.126097, -0.0570354, 0.990377
0.991454, 0.0264038, 0.127755

218
0.00831539, 0.00562419, 0.0108678
-0.028511, -0.999483, 0.0148341
0.410025, -0.0252279, -0.911725
0.911628, -0.0199118, 0.410533

219
-0.00720931, -0.0144422, 0.0189742
0.0644108, 0.997765, -0.0177951
-0.692159, 0.0318226, -0.721043
-0.718865, 0.05876, 0.692661

220
-0.0180229, -0.0180753, -0.0113826
0.00409145, -0.936665, -0.350203
-0.483859, -0.308335, 0.81903
-0.875136, 0.166098, -0.454475

221
0.0108681, -0.0040619, -0.00838146
-0.758622, 0.274164, -0.591039
0.54481, -0.230569, -0.806238
-0.357317, -0.933634, 0.025548

222
-0.00623976, 0.0101033, -0.0335334
-0.961335, -0.274268, -0.0247538
-0.256789, 0.860326, 0.440339
-0.0994746, 0.42967, -0.89749

223
-0.0176371, 0.0113787, 0.0161487
0.0305624, -0.998938, 0.0344743
0.155129, 0.038813, 0.987132
-0.987421, -0.0248211, 0.15615

224
-0.0167648, 0.00535839, -0.0552451
-0.028511, -0.999483, 0.0148341
-0.911628, 0.0199118, -0.410533
0.410025, -0.0252279, -0.911725

225
0.0157833, 0.0022445, -0.0160562
0.426832, -0.431449, -0.794775
-0.882161, -0.392052, -0.260934
-0.199014, 0.812494, -0.547948

226
0.0152605, -0.00777925, 0.0181792
-0.0116374, 0.999926, -0.00359197
-0.136795, 0.00196641, 0.990597
0.990531, 0.0120193, 0.136762

227
-0.0235553, -0.0154655, 0.00521729
0.929322, -0.178347, 0.323345
-0.339273, -0.0666814, 0.938322
-0.145786, -0.981706, -0.122477

228
-0.00392649, -0.047584, 0.0296212
0.999961, 0.00792822, -0.00378587
-0.0055743, 0.905592, 0.424114
0.00679092, -0.424076, 0.905601

229
0.0293061, -0.0130436, -0.0247519
-0.0297761, -0.99954, -0.00568279
-0.641511, 0.0234698, -0.766755
0.766536, -0.0191854, -0.641915

230
-0.00604739, -0.0461477, 0.0173965
-0.99261, -0.0748749, 0.0954949
-0.0381261, -0.554669, -0.831197
0.115204, -0.828696, 0.547715

231
0.0479162, 0.0112846, 0.0246634
-0.022594, 0.998467, 0.050535
-0.655606, -0.0529592, 0.753244
0.754765, -0.0161122, 0.655797

232
-0.0405293, -0.00889283, 0.0295917
-0.018243, -0.999636, -0.0198967
0.904885, -0.0249715, 0.424923
-0.425265, -0.0102524, 0.905011

233
0.0112902, -0.0185487, -0.0116559
0.219193, -0.975562, 0.0152724
-0.0941894, -0.0367376, -0.994876
0.971125, 0.216631, -0.0999403

234
-0.0236855, -0.00217171, 0.0294696
0.00028305, -0.999923, 0.0123659
0.755608, 0.00831384, 0.654971
-0.655024, 0.00915841, 0.755553

235
0.038862, -0.0157218, -0.0106135
0.107755, -0.129912, 0.985653
-0.990743, -0.0963644, 0.0956105
0.0825609, -0.986832, -0.139093

236
0.0175471, -0.00233081, 0.037168
0.00689088, 0.999887, -0.0133357
-0.516493, 0.0149782, 0.85616
0.856264, 0.000988072, 0.516538

237
-0.00501944, -0.00296916, 0.0163415
0.999885, 0.0125191, 0.00851398
-0.00147169, 0.640062, -0.768322
-0.0150682, 0.768221, 0.640007

238
0.00230798, 0.0131145, 0.0487623
0.0305624, -0.998938, 0.0344743
0.807905, 0.0449961, 0.587592
-0.58852, 0.00989373, 0.808422

239
-0.0081238, 0.0461605, 0.0273612
-0.985503, -0.155182, -0.0685744
0.0998614, -0.857333, 0.504983
-0.137155, 0.490814, 0.860401

240
-0.00980505, 0.0141908, 0.00866974
-0.193748, 0.954128, 0.228258
-0.411062, 0.132305, -0.901955
-0.89078, -0.26858, 0.366572

241
0.000503255, 0.0140655, -0.036386
-0.0425352, -0.999094, -0.00164051
-0.653898, 0.0290803, -0.756023
0.755386, -0.0310849, -0.654543

242
-0.000615384, -0.0114462, -0.0198586
0.999796, 0.000546055, 0.0201664
-0.0154157, -0.62413, 0.781169
0.013013, -0.78132, -0.623994

243
-0.00654359, -0.0107118, -0.0367421
0.302495, 0.920776, 0.24631
0.933106, -0.338794, 0.120551
0.194449, 0.193367, -0.961665

244
0.0138431, 0.00165125, -0.0260742
0.0394404, 0.999066, -0.0176627
0.748303, -0.0178175, 0.663117
0.662183, -0.0393707, -0.748307

245
0.0252244, 0.00344241, -0.0383562
0.0354707, -0.999343, 0.00748543
-0.99332, -0.036078, -0.10961
0.109808, -0.00354749, -0.993947

246
0.00844619, 0.00862504, 0.00796959
-0.987231, 0.0324176, -0.155961
-0.152581, -0.473671, 0.867384
-0.0457555, 0.880105, 0.472569

247
-0.000369946, 0.0034697, -0.0324307
0.999796, 0.000546055, 0.0201664
-0.00926236, -0.875619, 0.482913
0.0179218, -0.483002, -0.875436

248
-0.00899394, -0.00824107, -0.0318017
-0.0116374, 0.999926, -0.00359197
0.862782, 0.0118569, 0.505437
0.505442, 0.00278287, -0.862856

249
0.00590504, -0.00063841, 0.0204929
-0.998846, -0.0169492, -0.0449417
-0.0311296, -0.484122, 0.874446
-0.0365784, 0.874836, 0.483036

250
0.0503717, 0.00731624, -0.0330401
0.0427764, -0.863541, 0.502462
-0.94887, -0.19255, -0.25014
0.312755, -0.466071, -0.827624

251
0.0126486, -0.0163553, -0.0265021
0.190462, 0.92381, 0.332113
0.745861, -0.356139, 0.562901
0.638292, 0.140499, -0.756864

252
-0.0327625, -0.0031977, -0.0108381
0.11251, 0.989429, 0.0914984
-0.0859131, 0.101425, -0.991127
-0.98993, 0.10365, 0.0964162

253
-0.0438693, 0.000620896, 0.0369032
-0.0259058, -0.999659, -0.00342911
0.990902, -0.0261318, 0.132021
-0.132065, 2.21894e-05, 0.991241

254
0.00453914, 0.01397, 0.0121382
-0.25266, -0.939136, -0.232781
0.486923, 0.0844839, -0.86935
0.836104, -0.332996, 0.435941

255
0.0122791, -0.000686803, -0.00605783
-0.0259058, -0.999659, -0.00342911
0.132065, -2.21894e-05, -0.991241
0.990902, -0.0261318, 0.132021

256
0.00573711, -0.0184055, 0.0280243
-0.985413, -0.0221806, -0.168729
-0.0581516, -0.887904, 0.456338
-0.159937, 0.459493, 0.873662

257
-0.00836855, 0.0143908, 0.0105261
-0.0743405, 0.956057, 0.283599
-0.501341, 0.210005, -0.839378
-0.86205, -0.20458, 0.463699

258
0.0326076, -0.0181621, 0.0211931
0.0611916, 0.995042, 0.0784043
-0.201993, -0.064581, 0.977255
0.977474, -0.0756369, 0.197039

259
-0.0142801, 0.0177445, -0.00998361
-0.193748, 0.954128, 0.228258
-0.0388851, 0.225015, -0.973579
-0.98028, -0.197505, -0.00649486

260
0.0215159, -0.0128883, -0.0112451
-0.0297761, -0.99954, -0.00568279
0.0884062, 0.0030295, -0.99608
0.995639, -0.0301618, 0.0882754

261
-0.0155662, -0.0119887, 0.0248176
-0.0297761, -0.99954, -0.00568279
0.886019, -0.0290252, 0.462739
-0.462691, 0.00874353, 0.886476

262
0.0105787, -0.0500998, -0.0196507
-0.961335, -0.274268, -0.0247538
-0.0994746, 0.42967, -0.89749
0.256789, -0.860326, -0.440339

263
-0.00454475, 0.0188994, 0.00554682
0.999961, 0.00792822, -0.00378587
-0.00679092, 0.424076, -0.905601
-0.0055743, 0.905592, 0.424114

264
0.00580007, 0.00276559, -0.0336705
0.0354707, -0.999343, 0.00748543
-0.959729, -0.0319741, 0.279101
-0.278678, -0.0170839, -0.960233

265
-0.0149461, -0.0105713, -0.0251596
-0.139278, -0.96594, -0.218085
-0.761019, -0.0365037, 0.647702
-0.633602, 0.256177, -0.730015

266
-0.00155033, -0.00377162, -0.0118196
0.619985, -0.694312, -0.365445
-0.324614, 0.197051, -0.925093
0.714314, 0.692172, -0.103215

267
-0.00225077, 0.00778903, 0.00350963
0.999739, 0.0226439, -0.00318085
-0.0116182, 0.383207, -0.923589
-0.0196948, 0.923385, 0.38337

268
-0.00639121, 0.0269111, -6.07779e-06
-0.939483, -0.320124, -0.122032
-0.00788225, -0.335907, 0.941862
-0.342504, 0.885826, 0.313056

269
0.048344, -0.000841689, 0.0241017
0.0479327, 0.99613, 0.0736674
-0.64641, -0.0252903, 0.762571
0.761483, -0.0841715, 0.642696

270
-0.0149206, 0.0115376, 0.0136803
-0.990052, -0.0263399, -0.138214
-0.136754, -0.0508918, 0.989297
-0.0330919, 0.998357, 0.0467835

271
-0.00405899, -0.0286422, 0.0342895
0.999961, 0.00792822, -0.00378587
-0.00774876, 0.998945, 0.0452714
0.0041408, -0.0452403, 0.998968

272
0.0327523, -0.0166385, 0.0017442
0.0611916, 0.995042, 0.0784043
0.187446, -0.0886101, 0.97827
0.980367, -0.0451653, -0.191939

273
-0.0265653, -0.0138645, 0.0325372
0.0103062, -0.999855, 0.0135436
0.963922, 0.0135368, 0.26584
-0.265985, 0.0103151, 0.963922

274
-0.0143334, -0.0235381, 0.0373862
0.219193, -0.975562, 0.0152724
0.861157, 0.186082, -0.473055
0.458653, 0.116842, 0.8809

275
-0.0244065, 0.000120801, 0.0356566
-0.0259058, -0.999659, -0.00342911
0.966014, -0.0241511, -0.25736
0.25719, -0.0099797, 0.966309

276
0.0114098, -0.0135369, 0.0278198
0.0103062, -0.999855, 0.0135436
0.869676, 0.00227803, -0.493618
0.493516, 0.0168659, 0.869573

277
-0.00875454, -0.00103961, -0.0181606
0.999474, -0.0174468, 0.0273505
0.0117725, -0.59055, -0.806915
0.0302299, 0.806812, -0.590034

278
-0.0212385, 0.00187191, -0.0167457
0.0239296, 0.998461, 0.0500355
0.0229559, 0.0494878, -0.998511
-0.99945, 0.0250425, -0.0217364

279
0.0306998, 0.0173215, -0.0149398
0.0355332, -0.991938, -0.121642
0.010126, 0.12207, -0.99247
0.999317, 0.0340339, 0.0143819

280
-0.0138619, 0.034228, -0.0048216
-0.961335, -0.274268, -0.0247538
-0.111238, 0.30452, 0.945988
-0.251916, 0.912165, -0.323255

281
0.00939631, -0.0186702, 0.00776063
0.219193, -0.975562, 0.0152724
0.284614, 0.04896, -0.957391
0.933247, 0.2142, 0.28839

282
-0.00123927, 0.0110835, 0.0239132
-0.0551681, 0.970808, 0.233427
-0.997259, -0.0651167, 0.0351242
0.0492988, -0.230849, 0.97174

283
0.0162459, -0.0415398, 0.0062671
-0.430345, -0.542952, 0.721114
0.149259, -0.830678, -0.536372
0.890238, -0.123192, 0.438519

284
-0.000688715, 0.00926322, -0.00381703
0.999531, -0.0195978, -0.0235291
-0.0283615, -0.30275, -0.952648
0.0115464, 0.952869, -0.303163

285
-0.027192, 0.00652937, 0.0333157
-0.022885, -0.999734, 0.00286182
0.979225, -0.0229923, -0.201469
0.201481, -0.00180826, 0.979491

286
-0.000355587, -0.0286609, -0.0363509
0.922769, 0.371057, 0.103985
0.330469, -0.900786, 0.281736
0.198209, -0.225614, -0.953841

287
0.0154524, -0.00684014, 0.0171312
-0.0170403, -0.999545, -0.0249017
0.65623, 0.00760999, -0.754522
0.754368, -0.0291986, 0.655802

288
-0.0325131, -0.0131839, 0.00655127
-0.129296, -0.981017, -0.144525
-0.11478, -0.129962, 0.984853
-0.984941, 0.143926, -0.0957974

289
-0.0215136, 0.0148712, 0.043789
-0.0425352, -0.999094, -0.00164051
0.948122, -0.0398473, -0.315401
0.31505, -0.0149711, 0.948957

290
-0.00302396, 0.0493889, -0.0136752
-0.983662, 0.131952, -0.122468
-0.0991974, 0.170416, 0.980366
0.150232, 0.976497, -0.154542

291
0.0145108, 0.012483, -0.0296177
-0.987231, 0.0324176, -0.155961
-0.140245, 0.287392, 0.94749
0.0755372, 0.957264, -0.279176

292
0.011768, -0.0128442, -0.030032
0.0611916, 0.995042, 0.0784043
0.825769, -0.0945935, 0.55602
0.56068, 0.0307201, -0.827463

293
0.00580007, 0.00276559, -0.0366705
0.0354707, -0.999343, 0.00748543
-0.959729, -0.0319741, 0.279101
-0.278678, -0.0170839, -0.960233

294
0.000599568, -0.0116692, -0.0129215
-0.619883, -0.162831, 0.767614
0.386888, 0.787647, 0.47951
-0.682688, 0.59422, -0.425252

295
-0.00501384, -0.0470638, 0.0156815
-0.997803, -0.0499494, 0.0435208
-0.0162837, -0.451858, -0.891941
0.0642172, -0.89069, 0.450052

296
-0.00299534, 0.00214202, -0.0359143
0.0394404, 0.999066, -0.0176627
0.944749, -0.0315278, 0.326276
0.325414, -0.0295553, -0.94511

297
-0.0325733, -0.0156136, 0.00843094
-0.139278, -0.96594, -0.218085
-0.0900972, -0.206957, 0.974193
