0
-0.000649958, 0.000412516, -0.00919893
-0.0188416, -0.985777, -0.166997
0.998065, -0.00864526, -0.0615749
0.0592554, -0.167834, 0.984033

1
0.0105755, 0.00219233, 0.00630164
0.0288253, 0.993812, -0.107266
-0.999453, 0.0269121, -0.019241
-0.0162352, 0.107762, 0.994044

2
-0.00525771, -0.0229482, -0.0296342
0.00648348, 0.0348755, 0.999371
-0.995654, 0.0930702, 0.00321146
-0.0928997, -0.995049, 0.0353273

3
0.00517324, 0.0222786, -0.0296281
0.00407732, -0.144534, -0.989491
-0.999983, -0.00482509, -0.00341575
-0.00428069, 0.989488, -0.144552

4
0.0054877, 0.00977278, 0.0518133
0.18573, -0.0791115, -0.979411
-0.98255, -0.00476486, -0.18594
0.0100432, 0.996854, -0.078616

5
0.021123, -0.00163145, -0.0303487
-0.0801825, 0.114949, 0.99013
-0.101488, -0.989108, 0.106612
0.9916, -0.091938, 0.0909751

6
-0.0270634, -0.0230562, -0.0168734
0.227033, -0.0134257, -0.973794
0.681906, -0.711697, 0.168794
-0.695313, -0.702358, -0.152424

7
-0.0253946, -0.00210918, -0.0288942
-0.0093063, 0.785772, 0.618447
-0.831373, 0.337581, -0.441427
-0.555637, -0.518268, 0.650128

8
-0.0238299, -0.00471041, -0.0297915
-0.320566, -0.0109559, -0.947163
0.136576, -0.990019, -0.0347726
-0.937328, -0.140507, 0.318863

9
-0.0179101, 0.028142, -0.027179
0.00567035, 0.155988, 0.987743
0.998928, 0.044502, -0.0127625
-0.0459473, 0.986756, -0.155568

10
-0.00415049, -0.032307, -0.0289277
0.0242968, 0.0548635, 0.998198
-0.989709, 0.142166, 0.0162764
-0.141017, -0.988321, 0.0577531

11
-0.0233226, 0.0223547, -0.0187731
0.0274274, 0.184771, 0.982399
0.764254, 0.629591, -0.139751
-0.644331, 0.754636, -0.123944

12
-0.0354444, -0.00398973, -0.0538481
-0.0782371, 0.993431, -0.0835072
-0.0245086, -0.0856553, -0.996023
-0.996633, -0.0758793, 0.031049

13
-0.0201289, -0.000683663, -0.0311628
-0.0979962, -0.163034, -0.981742
0.0890119, -0.983972, 0.15452
-0.991198, -0.0722444, 0.110938

14
-0.0240546, -0.00364182, 0.0311937
-0.0883029, -0.109772, 0.990027
0.417904, 0.898124, 0.136856
-0.904189, 0.425821, -0.0334329

15
0.040527, 0.00846902, -0.0738186
-0.223772, -0.926142, -0.303623
-0.247115, 0.355256, -0.901514
0.942794, -0.126704, -0.30836

16
0.0189233, -0.00114054, -0.0303142
0.124355, 0.0629455, -0.990239
0.104259, 0.991632, 0.076127
0.986745, -0.112708, 0.116752

17
-0.00537281, 0.024744, -0.0197236
0.0274274, 0.184771, 0.982399
0.996021, -0.08842, -0.0111776
0.0847984, 0.978796, -0.186461

18
-0.0315066, -0.00398617, -0.057495
-0.0782371, 0.993431, -0.0835072
0.687396, -0.00691266, -0.72625
-0.722056, -0.114222, -0.68234

19
-0.0185847, -0.00398511, -0.0634892
-0.0738201, 0.992806, -0.0942666
0.838289, 0.0105715, -0.545124
-0.540206, -0.119264, -0.833039

20
-0.00436065, 0.0314783, -0.0281162
0.0873772, -0.113623, -0.989674
-0.985211, -0.156852, -0.0689752
-0.147395, 0.981064, -0.125647

21
0.0154213, 0.00443001, 0.0356195
-0.0665683, -0.323178, -0.943994
-0.0849239, 0.944495, -0.317361
0.994161, 0.0590416, -0.0903189

22
-0.0251965, -0.0121615, -0.0298813
0.00648348, 0.0348755, 0.999371
-0.295192, 0.954921, -0.0314092
-0.955416, -0.294803, 0.0164862

23
-0.0193877, -0.0288327, -0.0270828
-0.0276113, 0.0959588, -0.995002
0.996763, -0.0725369, -0.0346557
-0.0754999, -0.992739, -0.0936454

24
-0.0178129, 0.0106574, 0.0348617
0.0640752, -0.251946, -0.965618
-0.332389, -0.917745, 0.217398
-0.940963, 0.307031, -0.142549

25
0.0254228, -0.00954051, -0.0303011
0.00648348, 0.0348755, 0.999371
-0.466849, -0.883689, 0.0338672
0.884314, -0.466774, 0.0105522

26
0.0179697, -0.0150156, -0.0292013
0.059563, -0.00818741, -0.998191
0.362333, 0.931944, 0.0139768
0.930143, -0.36251, 0.058476

27
-0.00555555, 0.000497462, -0.00892929
-0.030882, 0.994144, 0.103556
-0.994622, -0.0203182, -0.101555
-0.0988564, -0.106135, 0.989425

28
-0.00596772, -0.0217942, -0.0260979
-0.0456096, 0.189477, -0.980825
0.990079, 0.139198, -0.0191494
0.1329, -0.971968, -0.193946

29
-0.0215474, -0.0142468, 6.22525e-05
-0.0611742, -0.494266, 0.867155
-0.0334831, 0.86931, 0.493132
-0.997565, 0.00113191, -0.0697289

30
0.00444907, -0.0229256, -0.0212633
-0.0463813, 0.45609, -0.888724
0.985825, 0.164502, 0.0329731
0.161236, -0.874598, -0.457255

31
-0.0211391, -0.0147716, -0.0262098
-0.0903445, -0.0283085, 0.995508
-0.27552, 0.961292, 0.00233146
-0.957041, -0.274072, -0.094647

32
-0.0223865, 0.00352473, 0.0321371
-0.0883029, -0.109772, 0.990027
0.732112, 0.666804, 0.139232
-0.675437, 0.737105, 0.0214844

33
-0.0197142, 0.000186, -0.0303347
0.0242968, 0.0548635, 0.998198
0.141017, 0.988321, -0.0577531
-0.989709, 0.142166, 0.0162764

34
-0.01832, -0.0130558, 0.0306614
-0.0883029, -0.109772, 0.990027
0.040075, 0.992713, 0.113644
-0.995287, 0.0497104, -0.0832603

35
0.0111371, 0.0191403, -0.0122362
0.119518, 0.249571, 0.960953
0.901938, -0.431865, -1.76132e-05
0.414997, 0.866722, -0.276713

36
-0.00836604, 0.0138345, 0.0488581
0.18573, -0.0791115, -0.979411
-0.701869, -0.708252, -0.0758896
-0.687666, 0.701513, -0.187069

37
-0.00525519, 0.00117889, -0.00864309
0.00213608, 0.999458, 0.0328468
-0.995678, 0.00517552, -0.0927294
-0.0928491, -0.0325067, 0.995149

38
-0.0208264, 0.0314499, -0.00399483
0.240925, 0.372094, 0.896382
0.802806, 0.442605, -0.399503
-0.545396, 0.815872, -0.192084

39
-0.00404941, -0.00533694, -0.0189173
0.0200148, 0.850786, 0.525132
-0.997434, 0.0531001, -0.0480133
-0.0687335, -0.522823, 0.849665

40
0.0196207, 0.00447157, -0.00911132
-0.111767, 0.993622, -0.0149418
-0.979996, -0.107718, 0.167346
0.164669, 0.0333467, 0.985785

41
-0.0120318, -0.0344538, -0.0271996
-0.0549188, 0.15225, -0.986815
0.995919, 0.0792415, -0.0431998
0.0716195, -0.98516, -0.15598

42
-0.0184378, -0.000998175, -0.0255347
-0.106578, 0.0959538, 0.989664
-0.0164461, 0.995026, -0.0982449
-0.994168, -0.0267469, -0.10447

43
-0.0197407, 0.00236824, -0.0268225
0.00407732, -0.144534, -0.989491
0.00428069, -0.989488, 0.144552
-0.999983, -0.00482509, -0.00341575

44
0.0144125, -0.00415786, 0.0406218
0.0556115, 0.0816402, -0.995109
-0.00485749, 0.996662, 0.0814961
0.998441, 0.000301612, 0.0558225

45
-0.00109732, 0.0255922, -0.0144102
0.125385, 0.170201, 0.9774
0.948683, -0.308848, -0.0679192
0.290308, 0.935759, -0.200192

46
0.0383574, -0.000361917, -0.0583999
0.329941, -0.890116, 0.314376
-0.47759, -0.444656, -0.757753
0.814277, 0.0998703, -0.57182

47
-0.0043826, 0.0354254, -0.0347542
0.00943221, -0.146741, -0.98913
-0.979882, -0.198564, 0.0201137
-0.199357, 0.96904, -0.145662

48
0.036942, -0.00430143, -0.0134012
-0.0463813, 0.45609, -0.888724
0.583073, 0.734755, 0.346643
0.811095, -0.502113, -0.300013

49
-0.013779, 0.00854665, 0.0535238
-0.084329, -0.195713, -0.977029
-0.370731, -0.903968, 0.213077
-0.924904, 0.380183, 0.00367373

50
0.0211581, 0.017633, -0.0257436
0.00567035, 0.155988, 0.987743
0.424723, -0.894613, 0.138842
0.905306, 0.41873, -0.0713244

51
0.0198557, 0.00207683, -0.0301139
0.205022, 0.0390717, -0.977977
-0.178916, 0.983863, 0.00179914
0.962266, 0.174606, 0.208704

52
0.0225516, -0.000635334, -0.0282447
0.250632, 0.0329613, -0.967521
0.0271858, 0.998786, 0.0410688
0.967701, -0.036596, 0.249432

53
0.0094202, -0.0373084, -0.0176296
-0.205736, -0.369156, 0.906309
-0.977816, 0.114778, -0.175217
-0.0393414, -0.922252, -0.384581

54
0.00963391, 0.0101542, 0.0532321
-0.136259, -0.120215, -0.983352
-0.89044, 0.449935, 0.0683799
0.434224, 0.884933, -0.168351

55
-0.00402519, -0.0242505, -0.0227255
-0.106061, 0.351104, -0.93031
0.966976, 0.254471, -0.0142027
0.231751, -0.901094, -0.366498

56
-0.0312087, 0.0067237, -0.0156251
-0.223772, -0.926142, -0.303623
0.841393, -0.340798, 0.419423
-0.491919, -0.161611, 0.85551

57
-0.0194842, 0.0223128, -0.0446977
-0.414175, -0.0336532, 0.909575
0.899762, 0.135748, 0.414729
-0.13743, 0.990172, -0.0259436

58
-0.0177234, -0.0286596, -0.0246173
-0.0841829, 0.113109, -0.99001
0.991194, -0.0924085, -0.0948413
-0.102213, -0.989276, -0.104334

59
-0.0220662, 0.0242886, -0.0271401
-0.000972726, 0.15745, 0.987527
0.981963, 0.186862, -0.0288258
-0.18907, 0.969687, -0.154792

60
0.0147495, -0.00108977, 0.0334061
-0.0979845, -0.353934, -0.930123
0.177909, 0.913335, -0.366288
0.979157, -0.201368, -0.0265246

61
-0.0383007, -0.00405742, -0.0459583
-0.250267, 0.966328, 0.0598038
-0.255849, -0.0064353, -0.966695
-0.93376, -0.257233, 0.248845

62
-0.0182069, -0.0281777, -0.0247357
-0.0838328, 0.176464, -0.980731
0.990179, -0.0957522, -0.101869
-0.111883, -0.979639, -0.166704

63
-0.000113629, 0.0135915, 0.0504426
0.18573, -0.0791115, -0.979411
-0.911601, -0.385882, -0.141701
-0.366727, 0.91915, -0.143788

64
0.0181212, 0.0194776, -0.0263335
-0.000972726, 0.15745, 0.987527
0.550459, -0.824365, 0.131978
0.834862, 0.543721, -0.0858678

65
-0.0289075, 0.00646507, -0.0304561
0.0242968, 0.0548635, 0.998198
0.509028, 0.858685, -0.0595856
-0.860407, 0.509558, -0.00706375

66
-0.0150276, -0.0227445, -0.0201539
-0.0463813, 0.45609, -0.888724
0.972486, -0.182714, -0.144521
-0.228297, -0.870975, -0.435067

67
0.0167397, 0.0211681, -0.0333505
-0.0801825, 0.114949, 0.99013
0.629404, -0.764415, 0.139715
0.77293, 0.634395, -0.0110567

68
-0.0244716, 0.00106724, -0.0166017
0.227033, -0.0134257, -0.973794
-0.00947972, -0.999888, 0.0115754
-0.973841, 0.00660331, -0.227135

69
0.000869975, 0.0343627, -0.0268838
-0.106578, 0.0959538, 0.989664
0.994168, 0.0267469, 0.10447
-0.0164461, 0.995026, -0.0982449

70
-0.00228841, 0.0156686, 0.0511054
-0.084329, -0.195713, -0.977029
-0.916152, -0.370372, 0.153266
-0.39186, 0.908031, -0.14807

71
-0.0137532, 0.01545, -0.0333219
-0.128633, 0.0990809, -0.98673
-0.914828, -0.395941, 0.0795022
-0.38281, 0.912915, 0.141573

72
0.0225039, 0.0133663, -0.00813433
0.240925, 0.372094, 0.896382
0.19666, -0.923145, 0.330346
0.95041, 0.0966934, -0.295585

73
0.0218955, -0.000720194, -0.0223313
0.0201571, 0.147964, 0.988787
-0.144014, -0.978245, 0.149322
0.98937, -0.145409, 0.00159029

74
-0.012691, 0.00734578, 0.048562
0.18573, -0.0791115, -0.979411
-0.385284, -0.922797, 0.00147549
-0.903914, 0.377077, -0.201871

75
-0.0254179, -0.0207583, -0.0249933
-0.0456096, 0.189477, -0.980825
0.965573, -0.243354, -0.0919119
-0.256103, -0.95125, -0.171855

76
-0.00255757, 0.0241734, -0.0271026
-0.000972726, 0.15745, 0.987527
0.97957, -0.198445, 0.0326047
0.201103, 0.967383, -0.15404

77
0.00612229, 0.0133641, 0.0508411
-0.084329, -0.195713, -0.977029
-0.996372, 0.00530977, 0.0849349
-0.0114351, 0.980647, -0.195451

78
0.000524103, 0.0160298, 0.0537761
-0.136259, -0.120215, -0.983352
-0.741927, -0.645389, 0.181704
-0.656489, 0.754335, -0.00125054

79
-0.0311562, -0.0125, -0.0167357
-0.205736, -0.369156, 0.906309
-0.337847, 0.895974, 0.288254
-0.91844, -0.24689, -0.309053

80
0.0286734, -0.00977289, -0.0173973
0.407416, 0.598307, -0.689957
-0.700673, 0.689341, 0.184029
0.585722, 0.408458, 0.700066

81
0.0231312, -0.00192271, -0.0146882
-0.289597, 0.234746, -0.927916
-0.0513077, 0.964257, 0.259952
0.955772, 0.122891, -0.267202

82
-0.0132051, 0.0201541, 0.0326897
0.0640752, -0.251946, -0.965618
-0.667178, -0.73039, 0.146299
-0.742137, 0.634865, -0.214893

83
-0.0133066, 0.0278174, -0.028731
0.0739304, -0.103536, -0.991874
-0.866383, -0.499225, -0.0124657
-0.493878, 0.860264, -0.12661

84
-0.0183345, -0.00165117, -0.0302926
0.00648348, 0.0348755, 0.999371
0.0928997, 0.995049, -0.0353273
-0.995654, 0.0930702, 0.00321146

85
-0.0244881, 0.0125493, 0.0164041
-0.210146, 0.164129, 0.963795
0.476692, 0.877889, -0.0455615
-0.853583, 0.449859, -0.262723

86
-0.0226509, 0.0182499, -0.0135574
0.230563, -0.116495, -0.966059
-0.345129, -0.938052, 0.0307484
-0.909795, 0.326325, -0.256486

87
-0.0234356, 0.00743929, -0.0617696
-0.717285, -0.679704, 0.15331
-0.0211649, 0.241179, 0.97025
-0.696458, 0.692701, -0.18738

88
-0.0239552, -0.0173802, -0.0297072
0.00648348, 0.0348755, 0.999371
-0.884314, 0.466774, -0.0105522
-0.466849, -0.883689, 0.0338672

89
-0.0201231, -0.027741, -0.0287898
0.0242968, 0.0548635, 0.998198
-0.860407, 0.509558, -0.00706375
-0.509028, -0.858685, 0.0595856

90
-0.0077002, 0.0241049, -0.0111827
0.119518, 0.249571, 0.960953
0.992095, -0.0673109, -0.10591
0.0382506, 0.966014, -0.255643

91
0.0237393, -0.000861902, -0.000573414
0.0852831, 0.98857, -0.124326
-0.978643, 0.106536, 0.175804
0.18704, 0.106677, 0.976543

92
-0.0245922, -0.0211203, -0.029045
0.0242968, 0.0548635, 0.998198
-0.600116, 0.799375, -0.0293285
-0.799544, -0.598322, 0.0523468

93
0.0141469, -0.0209418, -0.0298301
0.00648348, 0.0348755, 0.999371
-0.955416, -0.294803, 0.0164862
0.295192, -0.954921, 0.0314092

94
-0.013974, 0.00210043, -0.00822847
-0.166165, 0.981247, -0.0976885
-0.806625, -0.192238, -0.558928
-0.567226, -0.0140761, 0.823442

95
-0.0248691, 0.0126893, -0.0277698
0.0873772, -0.113623, -0.989674
-0.240848, -0.96641, 0.0896875
-0.966622, 0.230525, -0.111808

96
0.00662609, 0.00629075, -0.0220096
0.531885, -0.713194, 0.456567
0.78206, 0.206921, -0.587848
0.324776, 0.66973, 0.667819

97
0.00777122, 0.0352572, -0.0294011
0.124355, 0.0629455, -0.990239
-0.986745, 0.112708, -0.116752
0.104259, 0.991632, 0.076127

98
0.017764, -0.00158933, -0.0254864
-0.0276113, 0.0959588, -0.995002
0.0754999, 0.992739, 0.0936454
0.996763, -0.0725369, -0.0346557

99
-0.034673, -0.00296612, -0.0401586
-0.0738201, 0.992806, -0.0942666
-0.178286, -0.10614, -0.978237
-0.981206, -0.0554071, 0.184839

100
-0.0211899, 0.00941762, -0.0424915
-0.717285, -0.679704, 0.15331
0.246969, -0.0422646, 0.968101
-0.651543, 0.732268, 0.198182

101
-0.0232404, 0.00262255, -0.0118136
0.230563, -0.116495, -0.966059
0.029306, -0.991526, 0.126561
-0.972616, -0.0574915, -0.225195

102
0.0140972, -0.0110274, 0.0400406
0.0556115, 0.0816402, -0.995109
0.377599, 0.920911, 0.0966549
0.924298, -0.381127, 0.020386

103
0.0154203, 0.0166944, -0.0258924
-0.000972726, 0.15745, 0.987527
0.828045, -0.553541, 0.0890714
0.56066, 0.817803, -0.129837

104
0.0179066, 0.0144373, -0.0236349
0.0389199, 0.122483, 0.991707
0.366491, -0.925046, 0.0998667
0.929607, 0.359565, -0.0808916

105
0.0284878, 0.0179891, -0.0159993
-0.192981, 0.145273, -0.970388
-0.730103, 0.639457, 0.240926
0.655521, 0.754977, -0.0173388

106
0.00329698, -0.000484621, -0.0123477
0.262787, 0.91512, -0.305775
-0.95119, 0.192565, -0.241157
-0.161806, 0.354223, 0.921056

107
-0.0219308, 0.0223178, -0.0316298
0.172649, 0.0357208, 0.984336
0.792657, 0.588196, -0.160374
-0.584711, 0.807929, 0.0732369

108
-0.0254971, -0.00288706, 0.0188128
-0.210146, 0.164129, 0.963795
-0.266502, 0.938859, -0.21799
-0.940646, -0.302663, -0.153557

109
0.0136719, -0.00184726, 0.0378918
-0.0665683, -0.323178, -0.943994
0.30199, 0.895194, -0.327766
0.950984, -0.306895, 0.0380048

110
-0.0436395, -0.00483111, -0.0527788
-0.0738201, 0.992806, -0.0942666
0.56775, -0.0358734, -0.822419
-0.819885, -0.114231, -0.561017

111
0.0228853, 0.0144733, -0.0240794
-0.0276113, 0.0959588, -0.995002
-0.651432, 0.753264, 0.0907226
0.758205, 0.650681, 0.041712

112
-0.0289098, -0.00505187, -0.0295609
-0.0979962, -0.163034, -0.981742
0.461551, -0.881425, 0.100304
-0.881684, -0.443295, 0.161625

113
0.0182428, 0.0135935, -0.0243988
0.0201571, 0.147964, 0.988787
0.245564, -0.959426, 0.138564
0.969171, 0.240018, -0.0556738

114
0.0017787, -0.025633, 0.0381539
0.0556115, 0.0816402, -0.995109
0.92058, 0.381685, 0.0827605
0.386574, -0.92068, -0.0539303

115
-0.00939439, -0.0362138, -0.00477712
-0.112544, 0.449382, -0.886222
0.924076, -0.280522, -0.259598
-0.365264, -0.848153, -0.383692

116
-0.0313044, -0.00282698, -0.0577589
-0.120571, 0.992155, -0.0330429
0.686662, 0.0593158, -0.724553
-0.716908, -0.11005, -0.688427

117
-0.0045065, 0.0237932, -0.0128612
0.105778, 0.214045, 0.97108
0.981084, -0.181682, -0.0668215
0.162124, 0.95978, -0.229214

118
0.00495806, -0.0328938, -0.0269788
-0.010942, 0.0378712, -0.999223
0.961713, 0.27406, -0.000144228
0.273842, -0.960967, -0.0394199

119
0.0195864, 0.0164988, -0.0321704
-0.179659, 0.101775, 0.97845
0.439845, -0.881363, 0.172439
0.87992, 0.461347, 0.113579

120
-0.0154749, -0.0171343, -0.0283419
0.0230141, -0.0111632, 0.999673
-0.87847, 0.477115, 0.0255517
-0.477244, -0.87877, 0.0011738

121
-0.0259493, -0.0174661, -0.0235603
-0.00504275, -0.339436, 0.940616
-0.390068, 0.866782, 0.310701
-0.920772, -0.365338, -0.136774

122
-0.00613148, 0.000433738, -0.00945565
0.329941, -0.890116, 0.314376
0.93506, 0.262431, -0.238314
0.129625, 0.37259, 0.918898

123
-0.0139443, 0.0184203, -0.0291433
0.00407732, -0.144534, -0.989491
-0.922225, -0.383118, 0.0521618
-0.386632, 0.912321, -0.134855

124
-0.0180735, 0.00210712, 0.0370754
0.0640752, -0.251946, -0.965618
0.0530038, -0.965381, 0.255401
-0.996536, -0.0675463, -0.048503

125
0.0160839, 0.011435, -0.0250532
-0.000972726, 0.15745, 0.987527
0.18907, -0.969687, 0.154792
0.981963, 0.186862, -0.0288258

126
0.0196259, 0.0107445, -0.0225178
0.0105121, 0.162147, 0.986711
0.144621, -0.976637, 0.158951
0.989431, 0.141028, -0.0337164

127
0.00116519, -0.0262813, -0.0260504
-0.0838328, 0.176464, -0.980731
0.957622, 0.286428, -0.0303202
0.275558, -0.941711, -0.192998

128
-0.0396423, -0.00320152, -0.0654024
-0.250267, 0.966328, 0.0598038
0.120961, 0.0924934, -0.988339
-0.960591, -0.240115, -0.140036

129
-0.0259581, 0.0100644, -0.0292421
-0.320566, -0.0109559, -0.947163
-0.23252, -0.968428, 0.0898979
-0.918244, 0.249052, 0.307898

130
-0.0310798, -0.00716854, -0.0304003
0.045381, 0.0686382, 0.996609
-0.682643, 0.730499, -0.0192263
-0.729342, -0.679456, 0.0800062

131
0.0387358, -0.00229195, -0.0171162
0.0556485, 0.978126, -0.200432
-0.8353, 0.155579, 0.527322
0.54697, 0.138076, 0.825687

132
0.0258289, -0.0197925, -0.0254802
-0.142358, 0.321105, -0.936283
0.394608, 0.885907, 0.24383
0.907755, -0.334754, -0.252827

133
-0.0248986, 0.0171238, -0.0289991
0.00407732, -0.144534, -0.989491
-0.378722, -0.916014, 0.132241
-0.925502, 0.374203, -0.0584732

134
-0.0105225, 0.0197856, 0.0329638
0.0640752, -0.251946, -0.965618
-0.900396, -0.43184, 0.0529269
-0.430327, 0.866047, -0.254521

135
0.0156751, 0.0150925, 0.0319513
-0.0665683, -0.323178, -0.943994
-0.763028, 0.62611, -0.160543
0.642928, 0.709607, -0.288273

136
0.0170835, 0.00825067, 0.0159855
-0.111545, -0.478298, -0.871085
-0.0554528, 0.878185, -0.475096
0.992211, -0.00469042, -0.12448

137
0.00889662, 0.00334549, 0.0529789
0.18573, -0.0791115, -0.979411
-0.687666, 0.701513, -0.187069
0.701869, 0.708252, 0.0758896

138
-0.0287601, -0.00748079, -0.0257976
0.0873772, -0.113623, -0.989674
0.513199, -0.846361, 0.142479
-0.85381, -0.52035, -0.0156416

139
0.0135074, 0.0058085, 0.0413889
0.0556115, 0.0816402, -0.995109
-0.709439, 0.704533, 0.018154
0.702569, 0.70496, 0.0970989

140
0.0249082, -0.0135002, -0.0210689
-0.000972726, 0.15745, 0.987527
-0.56066, -0.817803, 0.129837
0.828045, -0.553541, 0.0890714

141
-0.00319761, -0.0237082, -0.0322085
0.245569, -0.246853, -0.937422
0.960851, 0.189976, 0.20168
0.128302, -0.950249, 0.283841

142
-0.0484457, -0.00810231, -0.0414275
-0.00711972, 0.952805, -0.303501
-0.291119, -0.292337, -0.910928
-0.95666, 0.0818692, 0.279461

143
-0.0147577, -0.0330314, -0.0219273
-0.168212, 0.283682, -0.944049
0.985603, 0.0650144, -0.156079
0.0170998, -0.956712, -0.290534

144
0.0169589, -0.0168589, -0.0269367
-0.0276113, 0.0959588, -0.995002
0.758205, 0.650681, 0.041712
0.651432, -0.753264, -0.0907226

145
-0.034371, -0.00270183, -0.0544725
-0.120023, 0.9923, -0.0305889
0.633605, 0.0528442, -0.77185
-0.76429, -0.112021, -0.635069

146
0.0242938, -0.024636, -0.0293412
0.0230141, -0.0111632, 0.999673
-0.777092, -0.629294, 0.0108627
0.628967, -0.777087, -0.0231575

147
0.00878787, -0.0202263, -0.0243701
-0.00504275, -0.339436, 0.940616
-0.999955, -0.00582478, -0.00746284
0.00801203, -0.940611, -0.339391

148
0.000242596, 0.00228356, -0.00966121
-0.111767, 0.993622, -0.0149418
-0.968414, -0.11228, -0.222636
-0.222894, -0.0104135, 0.974787

149
-0.0292567, 0.0047518, -0.0272573
-0.106578, 0.0959538, 0.989664
0.365258, 0.92952, -0.0507875
-0.924785, 0.356069, -0.134114

150
0.0227961, -0.00343058, -0.0224266
0.00567035, 0.155988, 0.987743
-0.339823, -0.928674, 0.14861
0.940472, -0.336501, 0.0477424

151
-0.0328664, -0.0014898, -0.0321639
-0.060599, 0.996362, -0.0599229
-0.461491, -0.0811984, -0.883421
-0.885073, -0.0258806, 0.464733

152
0.0170835, 0.00825067, 0.0159855
-0.111545, -0.478298, -0.871085
-0.0554528, 0.878185, -0.475096
0.992211, -0.00469042, -0.12448

153
0.0262028, 0.0175626, -0.0140224
-0.168212, 0.283682, -0.944049
-0.709018, 0.630525, 0.315804
0.684835, 0.722469, 0.095074

154
0.0244045, 0.00459064, -0.0289781
0.059563, -0.00818741, -0.998191
-0.401502, 0.915317, -0.0314657
0.913919, 0.40265, 0.0512318

155
0.00657764, 0.00998264, 0.0536766
-0.136259, -0.120215, -0.983352
-0.988829, 0.0770363, 0.1276
0.0604145, 0.989754, -0.129369

156
-0.00913977, -0.0316021, -0.0195185
-0.205736, -0.369156, 0.906309
-0.888329, 0.458971, -0.0147069
-0.410541, -0.808127, -0.422359

157
-0.00493571, 0.0302754, -0.0246946
0.0389199, 0.122483, 0.991707
0.999095, -0.0218052, -0.0365167
0.0171517, 0.992231, -0.123221

158
-0.0229155, 0.0207959, -0.0253596
-0.0903445, -0.0283085, 0.995508
0.778753, 0.62108, 0.0883346
-0.620791, 0.783236, -0.0340659

159
0.0230619, 0.00099605, -0.0318349
0.245569, -0.246853, -0.937422
-0.128302, 0.950249, -0.283841
0.960851, 0.189976, 0.20168

160
0.0155088, -0.00923941, 0.0364272
-0.0979845, -0.353934, -0.930123
0.539073, 0.766752, -0.348557
0.83654, -0.535558, 0.115667

161
-0.0234095, -0.02569, -0.0210588
-0.106061, 0.351104, -0.93031
0.982057, -0.109733, -0.153374
-0.155936, -0.929884, -0.333165

162
0.000301128, -0.0286539, -0.0217673
-0.0438621, -0.46677, 0.88329
-0.985861, 0.163347, 0.0373642
-0.161723, -0.869162, -0.467335

163
0.0263852, -0.00610747, -0.0285706
-0.179659, 0.101775, 0.97845
-0.31118, -0.949439, 0.0416204
0.933215, -0.296997, 0.202245

164
0.0101844, -0.0299109, -0.0327234
-0.268982, 0.0127281, 0.963061
-0.947842, -0.181034, -0.262339
0.171008, -0.983394, 0.0607592

165
-0.0219186, 0.0308279, -0.00198143
0.231482, 0.395059, 0.889013
0.793118, 0.452558, -0.40762
-0.563364, 0.79945, -0.208569

166
-0.00737215, -0.00659598, -0.0229222
-0.0093063, 0.785772, 0.618447
-0.980722, 0.113552, -0.159032
-0.195188, -0.608004, 0.769566

167
0.00206113, -0.0367235, -0.0353945
0.205022, 0.0390717, -0.977977
0.962266, 0.174606, 0.208704
0.178916, -0.983863, -0.00179914

168
-0.0142637, -0.000291066, 0.0488806
0.18573, -0.0791115, -0.979411
-0.0100432, -0.996854, 0.078616
-0.98255, -0.00476486, -0.18594

169
0.0179323, 0.00890735, 0.0292666
-0.0979845, -0.353934, -0.930123
-0.566568, 0.788214, -0.240249
0.818169, 0.503437, -0.277761

170
-0.0125171, 0.0103036, 0.0562832
-0.136259, -0.120215, -0.983352
-0.434224, -0.884933, 0.168351
-0.89044, 0.449935, 0.0683799

171
-0.0236231, -0.0056236, -0.0122248
-0.205736, -0.369156, 0.906309
0.0393414, 0.922252, 0.384581
-0.977816, 0.114778, -0.175217

172
0.0212976, 0.00276533, -0.00924715
0.119518, 0.249571, 0.960953
-0.0382506, -0.966014, 0.255643
0.992095, -0.0673109, -0.10591

173
-0.034399, -0.00331561, -0.0599648
0.0852831, 0.98857, -0.124326
0.201708, -0.139327, -0.969485
-0.975726, 0.0576032, -0.211285

174
0.00316326, 0.0150133, 0.041566
0.0556115, 0.0816402, -0.995109
-0.924298, 0.381127, -0.020386
0.377599, 0.920911, 0.0966549

175
-2.81242e-05, -0.0264423, -0.0273895
-0.0276113, 0.0959588, -0.995002
0.949782, 0.312889, 0.00381887
0.311692, -0.94493, -0.0997792

176
0.0134612, 0.0322235, -0.0256572
0.0389199, 0.122483, 0.991707
0.91648, -0.399856, 0.0134175
0.398183, 0.908357, -0.127815

177
-0.0239533, 0.00140164, -0.014205
0.00213608, 0.999458, 0.0328468
-0.884355, 0.0172213, -0.466498
-0.466811, -0.0280517, 0.883912

178
-0.0204145, -0.0135515, -0.0392615
-0.7652, 0.643783, 0.00354593
-0.287492, -0.336774, -0.896623
-0.576036, -0.687115, 0.442781

179
-0.0344708, -0.00401453, -0.0633096
0.0288253, 0.993812, -0.107266
0.397473, -0.109858, -0.911014
-0.917161, -0.0163752, -0.398181

180
-0.0112716, -0.0288969, -0.0180297
-0.0174588, -0.528566, 0.848712
-0.961805, 0.240799, 0.130181
-0.273178, -0.814023, -0.512582

181
0.0109396, -0.0305598, -0.0175687
0.090339, 0.0507669, 0.994616
-0.96635, -0.237051, 0.0998711
0.240845, -0.97017, 0.0276436

182
-0.0100788, 0.000301093, -0.010732
-0.106319, 0.983316, 0.1476
-0.962567, -0.0645617, -0.263243
-0.249322, -0.170063, 0.953371

183
-0.00506933, -0.0357288, -0.0271576
-0.357887, -0.255193, -0.898217
0.900085, -0.350302, -0.259106
-0.248525, -0.901202, 0.355064

184
-0.0234511, 0.00963726, 0.0035796
0.232015, -0.372207, -0.898683
-0.101107, -0.928118, 0.358295
-0.967443, 0.0077337, -0.25297

185
-0.0103999, 0.0118263, 0.0341266
-0.0883029, -0.109772, 0.990027
0.934861, 0.333968, 0.120412
-0.343855, 0.936171, 0.0731309

186
0.0233016, 0.00511122, -0.000488693
-0.0738201, 0.992806, -0.0942666
-0.981206, -0.0554071, 0.184839
0.178286, 0.10614, 0.978237

187
0.0249027, -0.00574042, -0.0295656
-0.0801825, 0.114949, 0.99013
-0.473232, -0.878633, 0.0636817
0.877281, -0.463455, 0.124849

188
-0.0168845, -0.0336647, -0.014354
0.227033, -0.0134257, -0.973794
0.896084, -0.388741, 0.214275
-0.381431, -0.921249, -0.0762266

189
0.0152973, -0.00436308, -0.0212324
0.0200148, 0.850786, 0.525132
-0.947812, -0.151018, 0.280794
0.3182, -0.503346, 0.803362

190
-0.0108353, -0.0335939, -0.0271335
-0.0549188, 0.15225, -0.986815
0.947517, -0.303795, -0.0996024
-0.314954, -0.940494, -0.127575

191
0.014262, -0.00849134, 0.0401249
-0.0665683, -0.323178, -0.943994
0.642928, 0.709607, -0.288273
0.763028, -0.62611, 0.160543

192
-0.0237436, -0.000805912, 0.0188408
-0.210146, 0.164129, 0.963795
0.113754, 0.983217, -0.142633
-0.97103, 0.0796619, -0.225289

193
-0.0297199, 0.0059144, -0.0322047
-0.0129102, 0.0955246, 0.995343
0.465037, 0.881796, -0.0785955
-0.885197, 0.461856, -0.0558066

194
-0.0346229, -0.00295314, -0.0547193
-0.060599, 0.996362, -0.0599229
0.641096, -0.00716277, -0.767428
-0.765065, -0.0849216, -0.638329

195
0.0100675, -0.0129846, 0.0384256
-0.0979845, -0.353934, -0.930123
0.818169, 0.503437, -0.277761
0.566568, -0.788214, 0.240249

196
0.0263989, 0.00489565, -0.0270596
0.250632, 0.0329613, -0.967521
-0.345207, 0.936763, -0.057511
0.904442, 0.348409, 0.246162

197
-0.00880428, -0.0327429, -0.00309201
-0.112544, 0.449382, -0.886222
0.993515, 0.0654052, -0.0930045
0.016169, -0.890942, -0.453829

198
-0.0132371, 0.000817913, -0.0108558
-0.223772, -0.926142, -0.303623
0.965595, -0.25301, 0.0601068
-0.132487, -0.279726, 0.950894

199
0.000128619, 0.031763, -0.0197678
0.090339, 0.0507669, 0.994616
0.984959, -0.152261, -0.0816901
0.147294, 0.987036, -0.0637583

200
-0.0126612, -0.0256362, -0.0651555
-0.265618, 0.750896, -0.604651
0.956184, 0.125093, -0.264694
-0.12312, -0.648465, -0.751222

201
0.023997, -0.00207725, -0.00547782
-0.401165, -0.0293155, -0.915537
-0.037384, 0.999179, -0.015613
0.915243, 0.027963, -0.401931

202
0.012136, -0.00645462, -0.0228083
-0.0093063, 0.785772, 0.618447
-0.980764, -0.127765, 0.147574
0.194975, -0.605177, 0.771845

203
0.00940564, 0.0237573, 0.0245141
-0.0979845, -0.353934, -0.930123
-0.979157, 0.201368, 0.0265246
0.177909, 0.913335, -0.366288

204
-0.0033614, 0.0236174, -0.0243883
0.0105121, 0.162147, 0.986711
0.969459, -0.24345, 0.0296781
0.245027, 0.956264, -0.159754

205
-0.00122111, 0.0303659, -0.000633936
-0.265618, 0.750896, -0.604651
-0.930515, -0.363728, -0.0429344
-0.252168, 0.551233, 0.795332

206
0.0197803, -0.0284713, -0.0207036
-0.0438621, -0.46677, 0.88329
-0.972705, -0.181702, -0.144322
0.22786, -0.865511, -0.44606

207
-0.020564, -0.00220309, -0.0312211
0.045381, 0.0686382, 0.996609
0.033021, 0.996988, -0.070168
-0.998424, 0.0360933, 0.0429778

208
-0.0236082, -0.00936255, 0.0112743
-0.19819, -0.335919, 0.920803
0.14591, 0.91886, 0.366615
-0.969242, 0.207014, -0.133095

209
0.0238761, 0.00218184, -0.017647
-0.142358, 0.321105, -0.936283
-0.36285, 0.863137, 0.351189
0.92091, 0.389724, -0.00636172

210
0.00119326, 0.0011865, -0.0105645
0.0556485, 0.978126, -0.200432
-0.977413, 0.012376, -0.210976
-0.20388, 0.207645, 0.956722

211
-0.00539412, 0.0276327, 0.000999138
0.0150958, -0.495954, -0.868217
-0.9877, -0.142546, 0.0642537
-0.155628, 0.856569, -0.492006

212
-0.0227928, 0.000589181, -0.019912
-0.193287, -0.0608264, 0.979255
0.0945819, 0.992273, 0.0803038
-0.976573, 0.108141, -0.18604

213
-0.0246562, -0.0074885, -0.025403
0.00407732, -0.144534, -0.989491
0.386632, -0.912321, 0.134855
-0.922225, -0.383118, 0.0521618

214
0.0122548, 0.0206405, 0.0254
-0.0979845, -0.353934, -0.930123
-0.83654, 0.535558, -0.115667
0.539073, 0.766752, -0.348557

215
0.0124708, -0.0154314, -0.0257261
-0.0456096, 0.189477, -0.980825
0.863855, 0.500558, 0.0565283
0.501671, -0.844713, -0.186511

216
0.0208219, -0.00281135, -0.0203029
0.0105121, 0.162147, 0.986711
-0.245027, -0.956264, 0.159754
0.969459, -0.24345, 0.0296781

217
-0.0267719, -0.0245452, -0.0576019
-0.265618, 0.750896, -0.604651
0.589065, -0.37008, -0.718361
-0.763184, -0.546988, -0.344027

218
0.0195271, -3.66412e-05, -0.0219109
0.0389199, 0.122483, 0.991707
-0.0171517, -0.992231, 0.123221
0.999095, -0.0218052, -0.0365167

219
0.00520824, 0.0195514, -0.0353819
-0.128633, 0.0990809, -0.98673
-0.991686, -0.0164444, 0.127628
-0.0035807, 0.994943, 0.100372

220
0.010193, -0.00208018, -0.0202324
-0.418157, -0.898035, -0.136669
0.78556, -0.281958, -0.550814
0.456115, -0.337688, 0.823363

221
0.0193553, 0.0124692, -0.0129644
0.105778, 0.214045, 0.97108
0.225661, -0.956247, 0.186194
0.968446, 0.19944, -0.149451

222
0.0147905, -0.00919605, -0.0243084
-0.111627, 0.62176, 0.775212
-0.944794, -0.30823, 0.11117
0.308065, -0.720006, 0.621842

223
0.0156015, 0.00709992, 0.0301999
-0.0979845, -0.353934, -0.930123
-0.210341, 0.920872, -0.328255
0.972705, 0.163479, -0.164678

224
0.0180025, -0.0111319, -0.0262969
-0.010942, 0.0378712, -0.999223
0.115035, 0.992696, 0.0363641
0.993301, -0.114548, -0.0152186

225
-0.0218611, 0.0292259, -0.0340012
0.00943221, -0.146741, -0.98913
-0.829002, -0.554285, 0.074325
-0.559166, 0.81929, -0.126877

226
0.0343654, 0.0067529, -0.00973568
-0.120571, 0.992155, -0.0330429
-0.908742, -0.0969148, 0.40595
0.399563, 0.0789734, 0.913298

227
0.01595, 0.0161211, -0.0149478
0.125385, 0.170201, 0.9774
0.765373, -0.643438, 0.0138611
0.631255, 0.746337, -0.210945

228
0.0462905, 0.00837197, -0.0614793
-0.0188416, -0.985777, -0.166997
-0.0592554, 0.167834, -0.984033
0.998065, -0.00864526, -0.0615749

229
0.0206328, 0.012988, -0.0206718
0.090339, 0.0507669, 0.994616
0.240845, -0.97017, 0.0276436
0.96635, 0.237051, -0.0998711

230
-0.0266313, 0.0125798, -0.0322914
-0.357887, -0.255193, -0.898217
-0.248525, -0.901202, 0.355064
-0.900085, 0.350302, 0.259106

231
0.0143398, 0.0126115, -0.0296549
-0.414175, -0.0336532, 0.909575
0.733406, -0.604169, 0.311602
0.53905, 0.796146, 0.274913

232
0.0188175, -0.0174391, -0.0264425
-0.0841829, 0.113109, -0.99001
0.773155, 0.634181, 0.00671232
0.628605, -0.764866, -0.140838

233
0.00924011, 0.0090322, 0.0525847
0.18573, -0.0791115, -0.979411
-0.903914, 0.377077, -0.201871
0.385284, 0.922797, -0.00147549

234
0.022301, 0.0130456, -0.029907
-0.268982, 0.0127281, 0.963061
0.171008, -0.983394, 0.0607592
0.947842, 0.181034, 0.262339

235
-0.0227177, 0.000982537, 0.0152399
-0.19819, -0.335919, 0.920803
0.505716, 0.769695, 0.389642
-0.839626, 0.542888, 0.0173337

236
0.013852, 0.00129019, -0.0107519
-0.030882, 0.994144, 0.103556
-0.956742, -0.0593878, 0.284812
0.289294, -0.0902809, 0.952973

237
-0.0174389, 0.000174813, -0.0176312
-0.111767, 0.993622, -0.0149418
-0.809401, -0.0997477, -0.578724
-0.576523, -0.0525884, 0.815387

238
-0.00478481, -0.0309678, -0.0304282
0.059563, -0.00818741, -0.998191
0.997999, 0.0217235, 0.0593734
0.0211981, -0.99973, 0.00946495

239
-0.0343499, -0.00478614, -0.0595799
-0.0738201, 0.992806, -0.0942666
0.210776, -0.076857, -0.974508
-0.974743, -0.0918074, -0.203586

240
0.0222315, 0.00184302, -0.0252794
-0.0276113, 0.0959588, -0.995002
-0.311692, 0.94493, 0.0997792
0.949782, 0.312889, 0.00381887

241
0.0210767, 0.00182111, -0.0227934
-0.0456096, 0.189477, -0.980825
-0.1329, 0.971968, 0.193946
0.990079, 0.139198, -0.0191494

242
-0.0192034, 0.0133044, 0.0223781
-0.0928144, -0.463837, 0.881045
0.879593, 0.376459, 0.290853
-0.466585, 0.801956, 0.373047

243
0.0195267, -0.00199631, -0.020791
-0.173652, 0.22914, -0.957779
-0.0346261, 0.970533, 0.238469
0.984198, 0.0745748, -0.160601

244
-0.00355034, 0.0023091, -0.00879619
-0.0782371, 0.993431, -0.0835072
-0.930148, -0.102882, -0.352476
-0.358752, 0.0500974, 0.932088

245
-0.0141804, 0.0135187, 0.0216508
-0.19819, -0.335919, 0.920803
0.951301, 0.160377, 0.263261
-0.23611, 0.928137, 0.287775

246
-0.0246175, 0.0140193, -0.0320493
-0.128633, 0.0990809, -0.98673
-0.376194, -0.925501, -0.0438908
-0.917568, 0.365556, 0.156324

247
0.0183485, -0.027254, -0.0182885
0.0201571, 0.147964, 0.988787
-0.801424, -0.588904, 0.104462
0.597757, -0.794543, 0.106711

248
0.0266543, -0.0111715, 0.000935937
0.240925, 0.372094, 0.896382
-0.532982, -0.721135, 0.4426
0.811101, -0.58439, 0.0245797

249
-0.0268282, -0.00337873, -0.027679
-0.357887, -0.255193, -0.898217
0.11484, -0.966657, 0.228881
-0.926676, -0.0212382, 0.37526

250
0.0420815, 0.00853258, -0.0279983
-0.106319, 0.983316, 0.1476
-0.598702, -0.181824, 0.780061
0.793884, -0.00543301, 0.608045

251
-0.0257729, 0.00824912, -0.00114307
0.284811, -0.314339, -0.905579
-0.055896, -0.948544, 0.311673
-0.956953, -0.0381497, -0.287726

252
0.0203338, -0.00165454, -0.0198973
0.090339, 0.0507669, 0.994616
-0.147294, -0.987036, 0.0637583
0.984959, -0.152261, -0.0816901

253
-0.0265307, 0.0204779, 0.0146086
-0.210146, 0.164129, 0.963795
0.767058, 0.63891, 0.0584465
-0.606185, 0.751569, -0.26016

254
0.018846, 0.0109738, -0.0150626
0.0143751, 0.204072, 0.97885
0.22551, -0.954391, 0.195661
0.974135, 0.217928, -0.0597399

255
0.00464728, 0.00324575, -0.0103104
0.101731, -0.929421, 0.354722
0.968987, 0.0118575, -0.246827
0.2252, 0.36883, 0.901803

256
-0.0241108, 0.0199663, -0.0281782
-0.106578, 0.0959538, 0.989664
0.691354, 0.722503, 0.00440185
-0.714612, 0.684677, -0.143341

257
-0.0122394, -0.0256301, 0.0298095
-0.0883029, -0.109772, 0.990027
-0.904189, 0.425821, -0.0334329
-0.417904, -0.898124, -0.136856

258
0.016724, 0.021683, -0.0244834
0.0389199, 0.122483, 0.991707
0.694339, -0.717032, 0.061309
0.718595, 0.686195, -0.112951

259
-0.0199239, -0.0061721, 0.0391128
0.0640752, -0.251946, -0.965618
0.430327, -0.866047, 0.254521
-0.900396, -0.43184, 0.0529269

260
-0.0258724, -0.0034406, 0.00241537
-0.345373, -0.1088, 0.932138
-0.114196, 0.990748, 0.0733293
-0.931492, -0.0811208, -0.354602

261
0.0206572, -0.0125614, -0.0305307
0.205022, 0.0390717, -0.977977
0.202947, 0.97579, 0.0815299
0.957485, -0.215193, 0.192129

262
0.0146992, -0.0164565, -0.0294298
0.245569, -0.246853, -0.937422
0.838611, 0.53916, 0.0777069
0.486238, -0.805215, 0.339414

263
-0.0326692, 0.0157215, -0.0152959
0.0143751, 0.204072, 0.97885
0.813684, 0.566569, -0.130069
-0.58113, 0.798345, -0.157906

264
0.0167431, 0.0317382, -0.0402275
-0.0979962, -0.163034, -0.981742
-0.949811, 0.309805, 0.0433608
0.297079, 0.936718, -0.185212

265
-0.0189523, -0.0207396, -0.0731809
-0.688272, 0.693694, -0.212296
0.397599, 0.115936, -0.910205
-0.606792, -0.710878, -0.355608

266
-0.0228729, -0.00233103, -0.0230698
0.0200148, 0.850786, 0.525132
-0.895206, 0.249134, -0.369511
-0.445203, -0.462705, 0.766615

267
-0.0199726, 0.00121672, -0.011766
-0.0188416, -0.985777, -0.166997
0.944768, -0.0722146, 0.319685
-0.327198, -0.15175, 0.932691

268
0.0192567, -0.0165402, -0.0312513
0.124355, 0.0629455, -0.990239
0.473933, 0.873018, 0.115011
0.871736, -0.48361, 0.0787324

269
0.041667, 0.00215372, -0.0553952
-0.223772, -0.926142, -0.303623
0.132487, 0.279726, -0.950894
0.965595, -0.25301, 0.0601068

270
0.00413557, -0.0299524, -0.02222
-0.143347, 0.45434, -0.879219
0.950708, 0.310045, 0.00521398
0.274966, -0.835133, -0.476389

271
0.00544696, 0.02066, 0.0307664
-0.0665683, -0.323178, -0.943994
-0.950984, 0.306895, -0.0380048
0.30199, 0.895194, -0.327766

272
0.0345694, 0.0069678, -0.0112955
-0.120023, 0.9923, -0.0305889
-0.877856, -0.0916903, 0.470066
0.463642, 0.0832714, 0.882101

273
-0.0356054, 0.00801165, -0.0324824
-0.0129102, 0.0955246, 0.995343
0.768388, 0.637928, -0.0512565
-0.639854, 0.764148, -0.0816358

274
0.00106218, 0.0179388, 0.0342144
0.0640752, -0.251946, -0.965618
-0.996536, -0.0675463, -0.048503
-0.0530038, 0.965381, -0.255401

275
0.00406143, -0.0316613, -0.00805717
-0.0611742, -0.494266, 0.867155
-0.997565, 0.00113191, -0.0697289
0.0334831, -0.86931, -0.493132

276
-0.0242604, 0.0128339, -0.0128161
-0.418157, -0.898035, -0.136669
0.877997, -0.438156, 0.192721
-0.232953, -0.0394075, 0.971689

277
0.023074, -0.0159763, -0.0204469
0.00567035, 0.155988, 0.987743
-0.673859, -0.729209, 0.119028
0.738838, -0.666274, 0.100979

278
-0.0185899, -0.00415335, -0.0201588
-0.688272, 0.693694, -0.212296
-0.408448, -0.612399, -0.676859
-0.599543, -0.379152, 0.704835

279
0.0179713, 0.00996448, -0.0245143
0.00567035, 0.155988, 0.987743
0.0459473, -0.986756, 0.155568
0.998928, 0.044502, -0.0127625

280
0.0248432, -0.00706608, -0.0256003
-0.414175, -0.0336532, 0.909575
-0.217355, -0.966748, -0.134741
0.883864, -0.253507, 0.393088

281
0.0198052, -0.000345688, -0.0245735
-0.0841829, 0.113109, -0.99001
-0.284881, 0.949335, 0.132686
0.954859, 0.293205, -0.0476951

282
-0.0184236, -0.0330131, -0.026482
-0.0903445, -0.0283085, 0.995508
-0.871552, 0.485938, -0.065277
-0.481908, -0.873535, -0.0685741

283
0.0204153, 0.0203666, -0.0210287
0.090339, 0.0507669, 0.994616
0.592318, -0.805604, -0.0126797
0.800623, 0.590275, -0.102848

284
0.0436257, 0.0051935, -0.0424163
-0.0188416, -0.985777, -0.166997
0.327198, 0.15175, -0.932691
0.944768, -0.0722146, 0.319685

285
0.0267383, -0.00360413, -0.0284476
-0.268982, 0.0127281, 0.963061
-0.204733, -0.977817, -0.0442585
0.941134, -0.209075, 0.265621

286
-0.000511898, 0.0262981, -0.00731632
0.240925, 0.372094, 0.896382
0.953323, -0.263939, -0.146667
0.182017, 0.889878, -0.418315

287
-0.0236863, -0.0148474, 0.0212444
-0.210146, 0.164129, 0.963795
-0.606185, 0.751569, -0.26016
-0.767058, -0.63891, -0.0584465

288
0.0198059, -0.00213987, -0.0233001
-0.0838328, 0.176464, -0.980731
0.111883, 0.979639, 0.166704
0.990179, -0.0957522, -0.101869

289
-0.0199486, -0.028168, -0.0293567
0.00648348, 0.0348755, 0.999371
-0.638344, 0.769416, -0.0227093
-0.769724, -0.637795, 0.027251

290
-0.0245504, -0.0252498, -0.0268173
-0.0903445, -0.0283085, 0.995508
-0.620791, 0.783236, -0.0340659
-0.778753, -0.62108, -0.0883346

291
-0.0148882, 0.0235238, -0.0171836
0.0143751, 0.204072, 0.97885
0.974135, 0.217928, -0.0597399
-0.22551, 0.954391, -0.195661

292
-0.00297531, 0.0302804, -0.0380172
-0.0979962, -0.163034, -0.981742
-0.991198, -0.0722444, 0.110938
-0.0890119, 0.983972, -0.15452

293
-0.00903512, -0.0158157, -0.0892435
-0.688272, 0.693694, -0.212296
0.599543, 0.379152, -0.704835
-0.408448, -0.612399, -0.676859

294
-0.0138814, -0.0337224, -0.022324
-0.173652, 0.22914, -0.957779
0.984198, 0.0745748, -0.160601
0.0346261, -0.970533, -0.238469

295
-5.3734e-05, 0.0232762, -0.0364816
-0.179659, 0.101775, 0.97845
0.933215, -0.296997, 0.202245
0.31118, 0.949439, -0.0416204

296
-0.0374834, -0.00857697, -0.0689493
0.0556485, 0.978126, -0.200432
0.20388, -0.207645, -0.956722
-0.977413, 0.012376, -0.210976

297
-0.000467004, -0.0240956, 0.0381546
0.0556115, 0.0816402, -0.995109
0.998441, 0.000301612, 0.0558225
0.00485749, -0.996662, -0.0814961

298
-0.0151706, -0.0305776, -0.0219461
0.0873772, -0.113623, -0.989674
0.966622, -0.230525, 0.111808
-0.240848, -0.96641, 0.0896875

299
0.0190294, -0.00223826, -0.03079
-0.0129102, 0.0955246, 0.995343
-0.0908874, -0.991418, 0.093969
0.995777, -0.089251, 0.0214814

300
0.0278907, -0.0165349, -0.0229356
-0.00504275, -0.339436, 0.940616
-0.920772, -0.365338, -0.136774
0.390068, -0.866782, -0.310701

301
-0.0360418, -0.0033816, -0.0699682
-0.120023, 0.9923, -0.0305889
0.292894, 0.00595303, -0.956127
-0.948582, -0.123717, -0.291353

302
-0.0158567, 0.0128487, -0.0326931
-0.320566, -0.0109559, -0.947163
