0
0.00144593, 0.0196443, 0.0555276
-0.337826, 0.20985, 0.917517
0.832347, -0.388486, 0.395319
0.4394, 0.897241, -0.0434274

1
-0.0321867, -0.0185416, -0.0478654
-0.154506, -0.0853992, 0.984294
-0.305749, 0.951485, 0.0345588
-0.939492, -0.295607, -0.173121

2
0.00488925, -0.0243552, 0.0331455
0.233954, 0.209658, -0.949373
0.897486, 0.328931, 0.293808
0.373878, -0.920786, -0.111211

3
0.0108494, -0.0264891, 0.0539801
0.224415, 0.323353, -0.919283
0.550053, 0.736668, 0.393398
0.804412, -0.593939, -0.0125419

4
2.71958e-05, 0.0126038, 0.0302133
0.185247, 0.0549987, -0.981152
-0.967561, -0.164324, -0.191892
-0.17178, 0.984872, 0.0227742

5
-0.0273217, -0.00241777, -0.009142
0.0142121, 0.0528338, -0.998502
-0.00623025, -0.998579, -0.0529266
-0.99988, 0.00697311, -0.0138627

6
-0.0212679, -0.00199097, 0.0108132
0.0767413, -0.0866207, 0.993281
0.314249, 0.947545, 0.0583532
-0.946234, 0.30766, 0.0999364

7
-0.00635378, -0.0299487, 0.0485636
0.224415, 0.323353, -0.919283
0.957752, 0.100925, 0.269306
0.179859, -0.940881, -0.287043

8
0.00706139, -0.0241281, 0.0152177
-0.149686, 0.0176485, -0.988576
0.89653, 0.424032, -0.128179
0.416926, -0.905475, -0.0792941

9
-0.0210883, -0.0197971, -0.00886479
0.00701602, 0.00674529, -0.999953
0.715436, -0.698678, 0.000306742
-0.698643, -0.715404, -0.00972776

10
-0.0108576, 0.0153447, 0.0114996
-0.0456094, 0.0318937, -0.99845
-0.716414, -0.697598, 0.0104425
-0.696183, 0.71578, 0.0546661

11
-0.00181717, -0.0202614, 0.0166311
-0.149686, 0.0176485, -0.988576
0.987837, 0.0452446, -0.148766
0.0421022, -0.99882, -0.0242063

12
-0.0241022, 0.00799589, -0.00869845
0.00701602, 0.00674529, -0.999953
-0.371676, -0.92832, -0.00886989
-0.928336, 0.371721, -0.00400604

13
-0.026446, -0.0085925, -0.00259911
0.0125379, -0.0715359, 0.997359
-0.196518, 0.977808, 0.072604
-0.98042, -0.19691, -0.00179841

14
0.0150593, 0.00258841, -0.0368726
0.513004, 0.273789, -0.813552
-0.341044, 0.934764, 0.0995272
0.787728, 0.226399, 0.572912

15
-0.0245094, -0.0151949, 0.00278778
0.0587798, -0.107885, 0.992424
-0.377818, 0.917787, 0.122149
-0.924012, -0.382136, 0.0131863

16
0.0205454, -0.0212108, 0.0413887
0.292041, 0.248655, -0.923516
0.381829, 0.855007, 0.350954
0.87688, -0.455119, 0.154754

17
-0.0248296, -0.000145685, 0.0147874
-0.0600903, -0.00624141, -0.998173
-0.0394044, -0.999186, 0.0086199
-0.997415, 0.0398504, 0.0597955

18
0.00225739, -0.0377642, -0.0391633
-0.997112, -0.0754073, -0.00899224
0.0556359, -0.644765, -0.762354
0.0516891, -0.760653, 0.647098

19
0.0209489, 0.0172625, -0.0336304
-0.110458, 0.0418939, -0.992997
-0.697235, 0.708743, 0.10746
0.708282, 0.704222, -0.0490763

20
-0.016021, 0.0130418, 0.0116619
-0.0456094, 0.0318937, -0.99845
-0.395462, -0.918413, -0.0112722
-0.917349, 0.394335, 0.054501

21
-0.0269693, -0.0060892, -0.00881358
0.00701602, 0.00674529, -0.999953
0.393618, -0.919268, -0.00343926
-0.919247, -0.393575, -0.00910466

22
-0.00888886, -0.00768978, -0.0251318
-0.787885, -0.369856, -0.492386
0.458391, -0.886157, -0.0678512
-0.411236, -0.279164, 0.867728

23
-0.0023258, -0.0238957, 0.00743945
0.0767413, -0.0866207, 0.993281
-0.946234, 0.30766, 0.0999364
-0.314249, -0.947545, -0.0583532

24
-0.0179309, 0.0120615, -0.00862773
0.00701602, 0.00674529, -0.999953
-0.698643, -0.715404, -0.00972776
-0.715436, 0.698678, -0.000306742

25
0.00234528, 0.0164387, 0.0567288
-0.258846, 0.0933761, 0.961395
0.816031, -0.511398, 0.269379
0.516809, 0.854256, 0.0561756

26
-0.0150797, 0.00757476, 0.0172729
0.0438521, -0.0508963, 0.997741
0.651296, 0.758757, 0.01008
-0.757556, 0.649382, 0.0664216

27
0.00928654, -0.0234897, 0.0243508
-0.0886657, -0.0706116, 0.993555
-0.948696, -0.297949, -0.105838
0.303502, -0.951967, -0.0405712

28
0.00708279, -0.0237793, 0.0220089
0.0317927, 0.0722768, -0.996878
0.92067, 0.386105, 0.0573561
0.389045, -0.919619, -0.0542678

29
-0.000630204, -0.022152, 0.0107026
-0.244855, -0.0159197, -0.969429
0.96875, -0.0448807, -0.243947
-0.0396251, -0.998865, 0.0264115

30
0.00408329, -0.0237687, -0.0284038
-0.0875057, -0.110414, 0.990026
-0.976311, -0.187918, -0.107251
0.197886, -0.975959, -0.0913543

31
-0.0176701, 0.0101403, 0.0506628
-0.337826, 0.20985, 0.917517
0.899261, 0.359744, 0.248825
-0.277855, 0.909146, -0.310241

32
0.0126228, 0.0227783, -0.0424872
0.038268, 0.119846, -0.992055
-0.945369, 0.325988, 0.00291415
0.323747, 0.937747, 0.125774

33
-0.0081265, -0.0232374, 0.0175333
-0.149686, 0.0176485, -0.988576
0.928754, -0.340431, -0.146706
-0.339131, -0.940104, 0.0345667

34
-0.00434427, 0.0169345, 0.0167028
-0.0408923, 0.0140969, -0.999064
-0.900035, -0.434735, 0.0307048
-0.433895, 0.900448, 0.0304651

35
0.00199146, -0.0281609, 0.0336853
-0.499959, -0.271842, 0.822279
-0.837675, -0.0892515, -0.538827
0.219865, -0.958194, -0.183093

36
-0.00723774, -0.0224933, 0.0143301
-0.125615, 0.0469627, -0.990967
0.985767, -0.106591, -0.130007
-0.111733, -0.993193, -0.0329049

37
-0.00252065, 0.0199575, -0.0434122
0.038268, 0.119846, -0.992055
-0.9973, -0.0576862, -0.0454392
-0.0626736, 0.991115, 0.117315

38
-0.0279419, -0.0226291, -0.0253528
-0.08392, -0.0494342, 0.995246
-0.400838, 0.916074, 0.0117027
-0.912297, -0.39795, -0.0966921

39
0.00138605, -0.0203992, -0.0514493
-0.0633775, 0.103862, -0.99257
0.997441, 0.0395754, -0.0595473
0.0330967, -0.993804, -0.106104

40
-0.0200563, 0.0074408, 0.017212
-0.0408923, 0.0140969, -0.999064
-0.329611, -0.944117, 0.00016954
-0.943231, 0.329309, 0.0432536

41
-0.0189834, -0.0166589, 0.0223134
-0.0886657, -0.0706116, 0.993555
-0.303502, 0.951967, 0.0405712
-0.948696, -0.297949, -0.105838

42
-0.00449362, 0.0168815, 0.0443731
-0.368445, 0.000654134, 0.929649
0.919335, -0.148293, 0.364462
0.138099, 0.988943, 0.0540363

43
-0.00302862, 0.0152855, 0.055394
-0.258846, 0.0933761, 0.961395
0.951689, -0.145561, 0.270371
0.165187, 0.984933, -0.0511872

44
-0.00953792, -0.0223973, 0.0102337
-0.0456094, 0.0318937, -0.99845
0.917349, -0.394335, -0.054501
-0.395462, -0.918413, -0.0112722

45
0.0189113, -0.0223261, -0.0419291
-0.0613663, 0.0340478, -0.997534
0.690684, 0.722937, -0.0178142
0.720548, -0.690074, -0.0678802

46
0.0185868, -0.0161592, -0.0409575
0.513004, 0.273789, -0.813552
-0.0136334, 0.950248, 0.311195
0.858278, -0.148553, 0.491214

47
-0.0140329, 0.0151429, -0.00802367
0.0142121, 0.0528338, -0.998502
-0.711427, -0.701171, -0.0472272
-0.702616, 0.711033, 0.0276223

48
-0.0176585, 0.0102763, 0.0561177
-0.160682, 0.17136, 0.972017
0.883483, 0.464037, 0.0642401
-0.440044, 0.869083, -0.225956

49
-0.0220647, 0.000353809, 0.00433326
0.0587798, -0.107885, 0.992424
0.386217, 0.919184, 0.0770484
-0.920533, 0.378762, 0.0956966

50
-0.0233651, -0.0121855, 0.00547042
-0.0475745, -0.00981439, -0.998819
0.323033, -0.946368, -0.00608727
-0.945191, -0.322941, 0.0481933

51
-0.0101857, -0.0245051, -0.00882005
0.00701602, 0.00674529, -0.999953
0.928336, -0.371721, 0.00400604
-0.371676, -0.92832, -0.00886989

52
-0.0274415, 0.000735289, -0.00877086
0.00701602, 0.00674529, -0.999953
0.0118744, -0.999907, -0.00666166
-0.999905, -0.0118271, -0.00709546

53
0.00547705, -0.0272709, 0.0523937
0.224415, 0.323353, -0.919283
0.816018, 0.453302, 0.358653
0.532684, -0.830638, -0.162134

54
-0.0170999, -0.02452, -0.0245325
-0.08392, -0.0494342, 0.995246
-0.719447, 0.694053, -0.0261905
-0.689459, -0.718224, -0.0938103

55
-0.00626037, -0.0210134, -0.0476758
0.125352, -0.00582559, -0.992095
0.972926, 0.196432, 0.121777
0.19417, -0.9805, 0.0302911

56
-0.00068267, 0.0174923, 0.00409843
-0.0475745, -0.00981439, -0.998819
-0.996862, 0.063801, 0.0468543
0.0632658, 0.997914, -0.0128189

57
-0.0287212, -0.00294552, -0.0455817
-0.135688, -0.0842372, 0.987164
-0.0753543, 0.99437, 0.0744945
-0.987882, -0.0642791, -0.141271

58
0.0131664, -0.0218832, 0.00641802
0.0767413, -0.0866207, 0.993281
-0.891296, -0.452467, 0.0294037
0.44688, -0.887564, -0.111928

59
0.0258294, -0.0137573, -0.0399808
-0.0858424, 0.0174336, -0.996156
0.348153, 0.937339, -0.0135973
0.933499, -0.347982, -0.086533

60
0.0227973, -0.0144561, -0.0418995
-0.0613663, 0.0340478, -0.997534
0.362367, 0.931987, 0.00951849
0.930013, -0.360889, -0.0695304

61
-0.018145, 0.00687958, 0.0187865
0.0376492, 0.0533803, -0.997864
-0.446748, -0.892325, -0.0645902
-0.893867, 0.448225, -0.00974782

62
-0.00545859, 0.0182173, 0.0533118
-0.337826, 0.20985, 0.917517
0.937139, -0.0155549, 0.348608
0.0874273, 0.97761, -0.191404

63
0.00904962, -0.023173, 0.0119046
-0.204908, -0.0112834, -0.978716
0.763405, 0.623952, -0.167023
0.612556, -0.781381, -0.119239

64
-0.0168253, -0.0244145, 0.0212509
-0.523965, -0.214618, 0.824257
-0.573241, 0.804613, -0.154896
-0.629964, -0.553658, -0.544617

65
0.0182982, -0.019887, -0.00936483
0.121078, -0.150091, 0.98123
-0.742664, -0.669577, -0.0107794
0.658627, -0.727419, -0.192539

66
-0.00718965, -0.0222716, -0.0171075
-0.102873, 0.161398, -0.981513
0.994389, -0.00776118, -0.105499
-0.024645, -0.986859, -0.159694

67
0.02551, -0.0110068, -0.0433336
0.143762, -0.0709803, -0.987064
0.521868, 0.8529, 0.0146753
0.840825, -0.517226, 0.159657

68
-0.0277727, -0.0103856, -0.00957003
0.0142121, 0.0528338, -0.998502
0.376881, -0.925235, -0.0435928
-0.926153, -0.375697, -0.0330616

69
0.0138958, -0.0227869, -0.0194022
-0.102873, 0.161398, -0.981513
0.720566, 0.692327, 0.0383218
0.685713, -0.703303, -0.18752

70
-0.00545859, 0.0182173, 0.0533118
-0.337826, 0.20985, 0.917517
0.937139, -0.0155549, 0.348608
0.0874273, 0.97761, -0.191404

71
-0.00276523, 0.0172535, 0.0373374
-0.32778, -0.0178354, 0.944586
0.944618, -0.0231753, 0.327353
0.0160526, 0.999572, 0.024444

72
0.0105437, -0.0212191, 0.0121366
-0.125615, 0.0469627, -0.990967
0.77605, 0.626923, -0.0686616
0.618035, -0.777665, -0.115196

73
0.0131437, -0.0191773, -0.0446978
0.00558537, -0.116223, -0.993207
0.73503, 0.673904, -0.0747253
0.678011, -0.72962, 0.0891915

74
-0.00173087, -0.0207192, 0.0141334
-0.204908, -0.0112834, -0.978716
0.972952, -0.111319, -0.202418
-0.106666, -0.993721, 0.0337884

75
-0.0273217, -0.00241777, -0.009142
0.0142121, 0.0528338, -0.998502
-0.00623025, -0.998579, -0.0529266
-0.99988, 0.00697311, -0.0138627

76
0.0107674, -0.0220865, -5.07929e-05
0.0587798, -0.107885, 0.992424
-0.924012, -0.382136, 0.0131863
0.377818, -0.917787, -0.122149

77
0.0254566, -0.00387103, -0.0397757
-0.0858424, 0.0174336, -0.996156
-0.0355831, 0.999155, 0.0205524
0.995673, 0.0372106, -0.0851495

78
-0.00424174, -0.0196122, 0.0178388
-0.114553, 0.020111, -0.993214
0.98793, 0.107242, -0.111772
0.104266, -0.99403, -0.0321531

79
0.0252036, 0.00874471, 0.00367024
-0.244855, -0.0159197, -0.969429
-0.65699, 0.73804, 0.153821
0.713029, 0.674569, -0.191172

80
-0.0239747, -0.00770828, 0.0146995
-0.0630768, -0.00502151, -0.997996
0.0841841, -0.99645, -0.000306996
-0.994452, -0.0840348, 0.0632756

81
0.0241829, -0.00829104, 0.0042078
-0.244855, -0.0159197, -0.969429
0.0396251, 0.998865, -0.0264115
0.96875, -0.0448807, -0.243947

82
-0.0254155, -0.00340603, 0.0110102
0.0767413, -0.0866207, 0.993281
-0.0717794, 0.993154, 0.0921554
-0.994464, -0.0783693, 0.0699983

83
0.00314078, 0.0150264, 0.0292021
0.155354, 0.054617, -0.986348
-0.984108, 0.095481, -0.149714
0.0860006, 0.993932, 0.0685824

84
0.00431058, -0.0317268, -0.0316988
-0.878916, 0.0671418, 0.472227
-0.27065, -0.885426, -0.377847
0.392753, -0.459905, 0.796387

85
-0.00568726, 0.0152162, 0.0332584
0.324293, 0.0192878, -0.94576
-0.888529, -0.336838, -0.311538
-0.324577, 0.941365, -0.0920964

86
-0.00588601, 0.0140953, 0.047984
-0.491015, 0.0609362, 0.869017
0.865585, -0.0784547, 0.494578
0.0983162, 0.995054, -0.014223

87
0.00626323, -0.0212749, 0.0126765
-0.125615, 0.0469627, -0.990967
0.953488, 0.281602, -0.107519
0.274009, -0.958381, -0.0801517

88
-0.0152499, 0.0136627, 0.0522611
-0.258846, 0.0933761, 0.961395
0.94246, 0.242437, 0.230202
-0.211582, 0.965663, -0.150757

89
-0.00847332, -0.0237133, 0.0205178
-0.0574865, 0.0507251, -0.997057
0.856009, -0.511437, -0.0753734
-0.513755, -0.857822, -0.0140204

90
-0.0278279, 0.0103542, -0.0444373
-0.213478, 0.132767, -0.967884
-0.405115, -0.913558, -0.035962
-0.888993, 0.384427, 0.248811

91
-0.0104841, -0.0200466, 0.0217193
0.0317927, 0.0722768, -0.996878
0.926108, -0.377252, 0.00218373
-0.375916, -0.923286, -0.07893

92
-0.00576356, -0.0277689, -0.00760137
0.121078, -0.150091, 0.98123
-0.892697, 0.415812, 0.173758
-0.434087, -0.89698, -0.0836402

93
0.0127399, -0.0228738, -0.0148493
0.0806981, -0.160983, 0.983652
-0.886697, -0.462342, -0.00292235
0.455254, -0.871966, -0.180053

94
0.0143391, -0.0184761, 0.0367725
0.233954, 0.209658, -0.949373
0.686092, 0.656262, 0.314002
0.688871, -0.724819, 0.0096902

95
-0.0169857, -0.0270611, 0.0225105
-0.499959, -0.271842, 0.822279
-0.747794, 0.614435, -0.251542
-0.436858, -0.740656, -0.510474

96
-0.0295181, 0.00772384, -0.046546
-0.111231, -0.0808486, 0.9905
0.327236, 0.938123, 0.113321
-0.938373, 0.336733, -0.0778917

97
0.018419, -0.018283, -0.0394214
-0.0858424, 0.0174336, -0.996156
0.678886, 0.732821, -0.045677
0.729208, -0.680198, -0.0747426

98
-0.0197034, -0.0247566, -0.00384325
0.0125379, -0.0715359, 0.997359
-0.55675, 0.828023, 0.0663892
-0.830586, -0.556112, -0.0294459

99
-0.011718, -0.0236801, -0.0456291
-0.121968, -0.104226, 0.987047
-0.959167, 0.268065, -0.0902167
-0.25519, -0.957746, -0.132665

100
0.0112468, 0.0168881, 0.0123497
-0.0630768, -0.00502151, -0.997996
-0.95097, 0.303687, 0.0585765
0.302784, 0.952759, -0.0239309

101
-0.0153992, -0.0221936, -0.0299502
-0.0875057, -0.110414, 0.990026
-0.830283, 0.557229, -0.0112409
-0.55043, -0.822985, -0.140435

102
-0.0277727, -0.0103856, -0.00957003
0.0142121, 0.0528338, -0.998502
0.376881, -0.925235, -0.0435928
-0.926153, -0.375697, -0.0330616

103
0.00398384, -0.0226107, 0.0015836
0.0447436, -0.0866257, 0.995236
-0.972129, -0.233278, 0.0234002
0.230139, -0.968544, -0.094649

104
-0.0203532, -0.0237027, -0.0466985
-0.121968, -0.104226, 0.987047
-0.788498, 0.614173, -0.0325806
-0.602822, -0.782258, -0.157091

105
-0.000858173, 0.018824, 0.057388
-0.160682, 0.17136, 0.972017
0.935875, -0.28641, 0.2052
0.313559, 0.942658, -0.114351

106
-0.00165914, -0.0217566, 0.0234972
-0.0886657, -0.0706116, 0.993555
-0.992626, 0.0890333, -0.0822552
-0.0826513, -0.993523, -0.0779852

107
-0.0185832, 0.00542507, 0.0142927
-0.0630768, -0.00502151, -0.997996
-0.302784, -0.952759, 0.0239309
-0.95097, 0.303687, 0.0585765

108
-0.0101639, -0.0220724, 0.0159146
-0.204908, -0.0112834, -0.978716
0.858071, -0.483126, -0.17408
-0.470879, -0.875478, 0.108678

109
-0.00243547, -0.0217328, 0.0175875
-0.114553, 0.020111, -0.993214
0.95263, -0.28132, -0.115568
-0.281735, -0.959403, 0.0130677

110
0.0248795, 0.000569247, -0.0438679
0.125352, -0.00582559, -0.992095
-0.19417, 0.9805, -0.0302911
0.972926, 0.196432, 0.121777

111
-0.0124066, -0.0225569, -0.00999533
0.0142121, 0.0528338, -0.998502
0.921384, -0.388582, -0.00744667
-0.388393, -0.919898, -0.0542028

112
-0.0176555, -0.0121014, 0.023887
-0.0575352, -0.0845776, 0.994754
-0.161394, 0.984086, 0.0743358
-0.985211, -0.15627, -0.0702699

113
-0.0199842, -0.0174875, 0.0245406
-0.231147, -0.118973, 0.965617
-0.338646, 0.940271, 0.0347861
-0.91208, -0.318962, -0.257631

114
0.0114722, -0.025578, -0.0244917
-0.0808713, 0.149941, -0.985382
0.815035, 0.579024, 0.0212168
0.573741, -0.801405, -0.169034

115
-0.00841241, 0.0175623, 0.0168782
-0.0408923, 0.0140969, -0.999064
-0.665479, -0.746229, 0.0167091
-0.745295, 0.66554, 0.0398963

116
-0.010605, -0.0276657, 0.0261901
-0.499959, -0.271842, 0.822279
-0.85805, 0.284227, -0.427744
-0.117435, -0.919411, -0.375356

117
0.00387661, 0.0173228, 0.0483941
-0.248534, -0.0527585, 0.967185
0.949467, -0.210871, 0.232478
0.191686, 0.976089, 0.102501

118
-0.00927267, 0.0183697, 0.0465815
0.675079, -0.096912, -0.731352
-0.734061, -0.18719, -0.652775
-0.0736401, 0.977532, -0.197507

119
-0.0130453, -0.0232581, 0.0238043
-0.146349, -0.0693622, 0.986798
-0.633833, 0.77245, -0.0397062
-0.759498, -0.631276, -0.157011

120
0.0221197, -0.0182207, -0.0166603
-0.274635, -0.0257089, -0.961205
0.696504, 0.68386, -0.217296
0.662916, -0.72916, -0.169906

121
0.00237231, -0.0259474, 0.0303903
0.186907, 0.177094, -0.966283
0.980343, 0.0296542, 0.195061
0.0631987, -0.983747, -0.168071

122
0.0217771, -0.0138728, -0.00766074
0.294925, 0.0269493, 0.95514
-0.679398, -0.696973, 0.229448
0.67189, -0.716591, -0.187246

123
-0.0267051, 0.0115452, -0.0443946
-0.154506, -0.0853992, 0.984294
0.448124, 0.881827, 0.146852
-0.880518, 0.463775, -0.097978

124
-0.00529616, 0.0195071, -0.00848885
0.00701602, 0.00674529, -0.999953
-0.919247, -0.393575, -0.00910466
-0.393618, 0.919268, 0.00343926

125
-0.0179946, -0.0218234, 0.00995029
0.0503804, -0.0590239, 0.996984
-0.711134, 0.698793, 0.0773058
-0.701249, -0.712884, -0.00676847

126
-0.0225101, -0.0177059, 0.00953869
0.0767413, -0.0866207, 0.993281
-0.44688, 0.887564, 0.111928
-0.891296, -0.452467, 0.0294037

127
-0.0284081, -0.000866712, -0.00202031
0.0125379, -0.0715359, 0.997359
0.193631, 0.978731, 0.0677656
-0.980994, 0.19227, 0.0261228

128
-0.0252611, -0.0151155, -0.0463982
-0.121968, -0.104226, 0.987047
-0.497787, 0.866779, 0.0300155
-0.85868, -0.487679, -0.157601

129
0.018086, 0.00552964, 0.0474196
-0.244815, -0.0481501, 0.968373
0.571503, -0.813982, 0.104009
0.78323, 0.578892, 0.226793

130
0.0171313, -0.0215828, -0.0348446
-0.110458, 0.0418939, -0.992997
0.708282, 0.704222, -0.0490763
0.697235, -0.708743, -0.10746

131
0.0140282, -0.0217877, -0.0270299
-0.170447, -0.00549376, -0.985352
0.817498, 0.557505, -0.144519
0.550132, -0.830155, -0.0905337

132
-0.0295477, 0.00580279, -0.0423929
-0.145172, -0.0938409, 0.984946
0.285577, 0.949149, 0.132522
-0.947297, 0.300517, -0.110991

133
-0.0285508, -0.00401068, -0.043181
-0.145172, -0.0938409, 0.984946
-0.0986756, 0.991902, 0.0799597
-0.984474, -0.0855823, -0.153256

134
-0.0263116, -0.000737084, 0.00446621
0.0587798, -0.107885, 0.992424
0.00454533, 0.994162, 0.107805
-0.998261, -0.00182585, 0.058927

135
0.00137303, 0.0166109, -0.0116642
-0.274635, -0.0257089, -0.961205
-0.961255, 0.0320315, 0.273793
0.0237499, 0.999156, -0.0335098

136
0.00574543, 0.0161166, 0.0293588
-0.146349, -0.0693622, 0.986798
0.985234, -0.0998252, 0.1391
0.088859, 0.992584, 0.0829473

137
0.00307008, -0.0245477, -0.0262542
-0.0194823, -0.141315, 0.989773
-0.898301, -0.43215, -0.0793823
0.438948, -0.890661, -0.118525

138
0.00826903, 0.0248024, -0.0377927
-0.0858424, 0.0174336, -0.996156
-0.933499, 0.347982, 0.086533
0.348153, 0.937339, -0.0135973

139
-0.023856, -0.000340607, 0.0115183
0.0503804, -0.0590239, 0.996984
0.37573, 0.926036, 0.0358369
-0.925359, 0.372792, 0.0688311

140
-0.0098725, 0.0190212, -0.0466055
-0.0633775, 0.103862, -0.99257
-0.908849, -0.416875, 0.0144102
-0.412281, 0.90301, 0.120815

141
-0.0189858, 0.0154568, 0.0310985
0.641223, 0.00514824, -0.767337
-0.653113, -0.521293, -0.549269
-0.402836, 0.853362, -0.330903

142
0.00328104, 0.0134852, 0.056134
-0.202353, -0.098211, 0.974376
0.962943, -0.201111, 0.179708
0.178308, 0.974633, 0.135267

143
-6.46996e-05, 0.0193726, 0.0509031
-0.491015, 0.0609362, 0.869017
0.762073, -0.453273, 0.462373
0.422077, 0.889286, 0.176126

144
-0.0125271, -0.0244516, -0.0130346
0.0806981, -0.160983, 0.983652
-0.759924, 0.628661, 0.165229
-0.644983, -0.760835, -0.0716033

145
0.0257899, -0.00256606, 0.0392051
0.186907, 0.177094, -0.966283
-0.433549, 0.897516, 0.0806303
0.881533, 0.403861, 0.244531

146
-0.0232871, -0.00646556, -0.00218045
0.121078, -0.150091, 0.98123
0.0594233, 0.987826, 0.143768
-0.990863, 0.0409007, 0.128523

147
0.00851251, 0.00380635, 0.0640659
0.224415, 0.323353, -0.919283
-0.804412, 0.593939, 0.0125419
0.550053, 0.736668, 0.393398

148
-0.0056107, 0.0118406, 0.0417426
-0.244815, -0.0481501, 0.968373
0.942315, 0.223329, 0.249332
-0.228271, 0.973553, -0.00930174

149
0.00233741, 0.0139913, 0.0290183
0.155354, 0.054617, -0.986348
-0.942109, -0.292148, -0.164563
-0.297148, 0.954812, 0.00606883

150
-0.0188584, 0.0104308, 0.0501589
-0.337826, 0.20985, 0.917517
0.724478, 0.680276, 0.11116
-0.600837, 0.702274, -0.381846

151
0.00658833, 0.0140067, 0.0489101
-0.248534, -0.0527585, 0.967185
0.803838, -0.568353, 0.175557
0.54044, 0.821092, 0.183664

152
-0.00628221, -0.0263846, -0.00808305
0.00514532, -0.0897815, 0.995948
-0.944349, 0.327144, 0.0343697
-0.328904, -0.9407, -0.0831019

153
-0.0217669, -0.0168348, 0.00543999
-0.0475745, -0.00981439, -0.998819
0.660152, -0.750746, -0.0240667
-0.749624, -0.660518, 0.0421953

154
0.00621529, -0.0246626, -0.0384814
-0.0858424, 0.0174336, -0.996156
0.906265, 0.416738, -0.0708028
0.413902, -0.908859, -0.0515733

155
0.00821652, 0.0156199, 0.0573741
-0.202353, -0.098211, 0.974376
0.821408, -0.558778, 0.114264
0.533238, 0.823481, 0.193741

156
-0.0247908, -0.0101251, 0.0113224
-0.0456094, 0.0318937, -0.99845
0.36903, -0.928253, -0.0465087
-0.928298, -0.370579, 0.0305674

157
0.00979811, -0.0215239, 0.00805837
-0.244855, -0.0159197, -0.969429
0.910172, 0.340785, -0.235485
0.334116, -0.940006, -0.0689533

158
-0.0213605, -0.0146836, 0.0217202
-0.0574865, 0.0507251, -0.997057
0.594243, -0.800781, -0.0750014
-0.802228, -0.596806, 0.015891

159
0.0105064, -0.0208646, -0.0289243
-0.147382, 0.0270731, -0.988709
0.908869, 0.398041, -0.124582
0.390174, -0.916968, -0.08327

160
0.00144593, 0.0196443, 0.0555276
-0.337826, 0.20985, 0.917517
0.832347, -0.388486, 0.395319
0.4394, 0.897241, -0.0434274

161
0.0282495, -0.00588482, -0.031159
-0.147382, 0.0270731, -0.988709
-0.0126643, 0.999492, 0.0292561
0.988999, 0.0168331, -0.146965

162
-0.00235161, -0.0223305, -0.0444159
0.00558537, -0.116223, -0.993207
0.999171, -0.0393972, 0.0102291
-0.0403184, -0.992441, 0.115907

163
-0.0136549, 0.0101265, 0.053034
-0.258846, 0.0933761, 0.961395
0.789751, 0.593526, 0.154986
-0.556141, 0.79938, -0.227376

164
-0.0204282, -0.0143159, 0.0163897
-0.125615, 0.0469627, -0.990967
0.618035, -0.777665, -0.115196
-0.77605, -0.626923, 0.0686616

165
0.00790475, -0.0260513, 0.0163074
-0.114553, 0.020111, -0.993214
0.872827, 0.479477, -0.0909594
0.474394, -0.877324, -0.0724789

166
-0.015294, 0.019951, -0.0461621
-0.0633775, 0.103862, -0.99257
-0.681894, -0.73071, -0.0329208
-0.7287, 0.674742, 0.117133

167
0.00643353, 0.00125896, 0.0633466
0.675079, -0.096912, -0.731352
-0.348947, 0.831487, -0.432279
0.650003, 0.547026, 0.527502

168
0.0277034, 0.00217498, 0.0125617
-0.149686, 0.0176485, -0.988576
-0.416926, 0.905475, 0.0792941
0.89653, 0.424032, -0.128179

169
-0.0086753, -0.0190818, 0.0126842
-0.244855, -0.0159197, -0.969429
0.879844, -0.423714, -0.21527
-0.407333, -0.905656, 0.117755

170
-0.0119373, -0.0264876, -0.00806312
0.00514532, -0.0897815, 0.995948
-0.746599, 0.662232, 0.0635552
-0.665255, -0.743901, -0.0636234

171
0.000873562, -0.021886, 0.00899313
0.0503804, -0.0590239, 0.996984
-0.998706, -0.00996384, 0.0498775
0.00698983, -0.998207, -0.0594495

172
0.00299154, -0.0250811, -0.0410438
-0.0613663, 0.0340478, -0.997534
0.913851, 0.403827, -0.0424348
0.401387, -0.914201, -0.055896

173
-0.0171901, -0.0234693, -0.0472022
0.0842458, 0.0388381, -0.995688
0.828451, -0.557972, 0.0483314
-0.553689, -0.82895, -0.0791822

174
0.0164993, -0.0203442, 0.0341498
0.186907, 0.177094, -0.966283
0.648519, 0.716583, 0.256773
0.737895, -0.674645, 0.0190853

175
-0.0321394, -0.00358614, -0.0247609
-0.08392, -0.0494342, 0.995246
-0.0212049, 0.998631, 0.0478144
-0.996247, -0.0170915, -0.0848534

176
-0.0137849, 0.0179982, 0.0424657
0.675079, -0.096912, -0.731352
-0.650003, -0.547026, -0.527502
-0.348947, 0.831487, -0.432279

177
0.00999145, -0.0229601, 0.022161
0.0317927, 0.0722768, -0.996878
0.701707, 0.708637, 0.0737575
0.711756, -0.701861, -0.0281877

178
0.0240314, 0.00323636, -0.0161853
-0.102873, 0.161398, -0.981513
-0.357767, 0.914709, 0.187911
0.928127, 0.370484, -0.0363559

179
-0.0198173, 0.00436587, 0.018589
0.0376492, 0.0533803, -0.997864
-0.0706729, -0.99593, -0.0559433
-0.996789, 0.0726282, -0.0337234

180
-0.0248365, -0.0165578, -0.00985482
0.0142121, 0.0528338, -0.998502
0.702616, -0.711033, -0.0276223
-0.711427, -0.701171, -0.0472272

181
0.00826607, 0.0169036, 0.0586656
-0.337826, 0.20985, 0.917517
0.600837, -0.702274, 0.381846
0.724478, 0.680276, 0.11116

182
-0.0236404, -0.0180864, -0.0302205
-0.0875057, -0.110414, 0.990026
-0.556441, 0.829755, 0.0433571
-0.826266, -0.547097, -0.134047

183
-0.000797113, 0.0143216, 0.0131238
-0.0630768, -0.00502151, -0.997996
-0.994452, -0.0840348, 0.0632756
-0.0841841, 0.99645, 0.000306996

184
-0.0241989, -0.007162, 0.0111318
0.0503804, -0.0590239, 0.996984
-0.00698983, 0.998207, 0.0594495
-0.998706, -0.00996384, 0.0498775

185
-0.0277273, 0.00446349, -0.023989
-0.08392, -0.0494342, 0.995246
0.361656, 0.929156, 0.0766467
-0.928527, 0.366369, -0.0600965

186
0.00834462, 0.0148898, 0.0454223
-0.244815, -0.0481501, 0.968373
0.827729, -0.530489, 0.182882
0.504905, 0.846323, 0.169727

187
0.0134046, 0.0169064, -0.00594394
0.294925, 0.0269493, 0.95514
0.88074, -0.395323, -0.260798
0.370561, 0.918147, -0.140326

188
-0.0232604, 0.00479788, 0.0354684
0.675079, -0.096912, -0.731352
-0.212878, -0.974756, -0.0673331
-0.706365, 0.201144, -0.678668

189
0.0278018, -0.00755924, 0.0238457
0.0317927, 0.0722768, -0.996878
-0.00710532, 0.997373, 0.0720862
0.999469, 0.00479133, 0.0322227

190
-0.0206167, -0.0160414, 0.0241044
-0.116307, -0.102223, 0.987939
-0.501128, 0.864836, 0.0304894
-0.857522, -0.491537, -0.151814

191
-0.0219073, -0.0163199, 0.0109928
-0.0456094, 0.0318937, -0.99845
0.696183, -0.71578, -0.0546661
-0.716414, -0.697598, 0.0104425

192
-0.0129545, -0.020588, 0.0157428
0.0438521, -0.0508963, 0.997741
-0.757556, 0.649382, 0.0664216
-0.651296, -0.758757, -0.01008

193
-0.0135422, -0.0225122, 0.022383
-0.0886657, -0.0706116, 0.993555
-0.64345, 0.765483, -0.00301936
-0.760336, -0.639571, -0.113307

194
-0.0191824, 0.0128117, -0.00822031
0.0142121, 0.0528338, -0.998502
-0.388393, -0.919898, -0.0542028
-0.921384, 0.388582, 0.00744667

195
-0.00703035, 0.0155088, 0.0569522
-0.160682, 0.17136, 0.972017
0.98463, 0.096131, 0.14582
-0.0684533, 0.980507, -0.184173

196
0.0113151, 0.0202602, -0.00901692
0.205404, 0.0875739, 0.974751
0.798614, -0.590712, -0.115217
0.565708, 0.802116, -0.191273

197
0.0105272, -0.0235638, -0.0448607
0.0842458, 0.0388381, -0.995688
0.828576, 0.552324, 0.0916504
0.553502, -0.832725, 0.0143506

198
-0.0259717, -0.0219915, -0.0264609
-0.0194823, -0.141315, 0.989773
-0.438948, 0.890661, 0.118525
-0.898301, -0.43215, -0.0793823

199
-0.00046661, -0.00382882, -0.0216865
-0.997112, -0.0754073, -0.00899224
0.0758903, -0.99378, -0.081498
-0.00279076, -0.0819451, 0.996633

200
0.0136676, -0.022563, 0.0070981
-0.244855, -0.0159197, -0.969429
0.713029, 0.674569, -0.191172
0.65699, -0.73804, -0.153821

201
0.0251113, 0.0151912, -0.0192166
0.248535, 0.0319643, 0.968095
0.475513, -0.874758, -0.093194
0.84387, 0.483504, -0.232607

202
0.00292161, -0.0226396, 0.0219588
0.0317927, 0.0722768, -0.996878
0.999469, 0.00479133, 0.0322227
0.00710532, -0.997373, -0.0720862

203
0.000881672, -0.0213099, 0.00741714
0.0767413, -0.0866207, 0.993281
-0.994464, -0.0783693, 0.0699983
0.0717794, -0.993154, -0.0921554

204
0.00973847, -0.0155946, -0.0815383
-0.794572, -0.606234, -0.0337089
-0.499698, 0.684457, -0.530867
0.344902, -0.404968, -0.846784

205
0.0247262, -0.00362774, 0.00839719
-0.204908, -0.0112834, -0.978716
0.106666, 0.993721, -0.0337884
0.972952, -0.111319, -0.202418

206
-0.00183527, -0.0248453, -0.0263932
-0.0194823, -0.141315, 0.989773
-0.9979, -0.0584132, -0.0279823
0.0617701, -0.98824, -0.139881

207
-0.0188584, 0.0104308, 0.0501589
-0.337826, 0.20985, 0.917517
0.724478, 0.680276, 0.11116
-0.600837, 0.702274, -0.381846

208
-0.00652043, -0.0258393, 0.023363
-0.0575352, -0.0845776, 0.994754
-0.810772, 0.585354, 0.00287501
-0.582527, -0.806354, -0.102252

209
0.0240113, -0.0107931, 0.0109235
-0.125615, 0.0469627, -0.990967
0.111733, 0.993193, 0.0329049
0.985767, -0.106591, -0.130007

210
-0.0248365, -0.0165578, -0.00985482
0.0142121, 0.0528338, -0.998502
0.702616, -0.711033, -0.0276223
-0.711427, -0.701171, -0.0472272

211
0.0268753, -0.0111332, -0.0435471
0.125352, -0.00582559, -0.992095
0.192933, 0.981035, 0.0186166
0.973172, -0.193741, 0.124099

212
0.00197126, 0.00956447, 0.0581271
0.675079, -0.096912, -0.731352
-0.571131, 0.558856, -0.60124
0.466988, 0.823582, 0.321923

213
0.024026, -0.00937121, -0.0288286
-0.170447, -0.00549376, -0.985352
0.189056, 0.981224, -0.0381737
0.96706, -0.192793, -0.166208

214
-0.00611132, 0.0132506, 0.0133999
0.242852, -0.037718, 0.96933
0.970025, 0.000552528, -0.243005
0.00863009, 0.999288, 0.0367216

215
0.00798362, -0.0243199, -0.0190346
-0.102873, 0.161398, -0.981513
0.928127, 0.370484, -0.0363559
0.357767, -0.914709, -0.187911

216
-0.000855957, 0.013793, 0.0520588
-0.220578, -0.0990462, 0.970327
0.937269, -0.296858, 0.182761
0.269947, 0.949771, 0.158313

217
0.00806465, 0.0173333, 0.0591258
-0.160682, 0.17136, 0.972017
0.744642, -0.625348, 0.23334
0.647834, 0.761298, -0.0271196

218
0.0230117, -0.00770158, -0.017877
-0.102873, 0.161398, -0.981513
0.024645, 0.986859, 0.159694
0.994389, -0.00776118, -0.105499

219
-0.0241512, 0.000639663, -0.00797459
0.0806981, -0.160983, 0.983652
0.305076, 0.943498, 0.129383
-0.948903, 0.289648, 0.125251

220
0.0244333, -0.0159965, -0.0354212
-0.110458, 0.0418939, -0.992997
0.387547, 0.92184, -0.00421764
0.915208, -0.385299, -0.11806

221
-0.00505145, 0.0129642, 0.0135148
-0.0600903, -0.00624141, -0.998173
-0.936571, -0.345555, 0.0585425
-0.345289, 0.938378, 0.014919

222
-0.0289357, -0.00212675, -0.0472846
-0.111231, -0.0808486, 0.9905
-0.0567729, 0.995575, 0.0748873
-0.992172, -0.0479038, -0.115329

223
-0.0147693, -0.0195525, 0.0216184
0.0317927, 0.0722768, -0.996878
0.711756, -0.701861, -0.0281877
-0.701707, -0.708637, -0.0737575

224
-0.0033056, -0.0264846, -0.0464175
0.143762, -0.0709803, -0.987064
0.963569, 0.237357, 0.123271
0.225537, -0.968826, 0.102517

225
-0.0065301, -0.0254715, -0.0136935
0.0806981, -0.160983, 0.983652
-0.948903, 0.289648, 0.125251
-0.305076, -0.943498, -0.129383

226
0.00262719, -0.023171, 0.0149262
0.0438521, -0.0508963, 0.997741
-0.996208, -0.0773397, 0.0398395
0.0751373, -0.995705, -0.0540948

227
0.00373189, -0.00424236, -0.0235471
-0.569557, -0.810437, 0.137098
0.651478, -0.546809, -0.525904
0.501179, -0.210216, 0.839422

228
-0.00285052, -0.0207959, -0.0456764
-0.137304, -0.0473618, 0.989396
-0.988449, -0.0581461, -0.139956
0.0641581, -0.997184, -0.038831

229
-0.0128214, -0.0274358, -0.00412193
0.0125379, -0.0715359, 0.997359
-0.832221, 0.552179, 0.0500671
-0.554302, -0.830651, -0.0526105

230
0.0143217, -0.0221746, 0.0248801
-0.0575352, -0.0845776, 0.994754
-0.985211, -0.15627, -0.0702699
0.161394, -0.984086, -0.0743358

231
0.00752536, 0.0171869, 0.032576
0.212229, 0.0654499, -0.975026
-0.97667, -0.0192706, -0.213881
-0.0327878, 0.99767, 0.0598332

232
0.00465354, 0.0203636, -0.0375589
-0.0858424, 0.0174336, -0.996156
-0.995673, -0.0372106, 0.0851495
-0.0355831, 0.999155, 0.0205524

233
-0.00165855, -0.0219975, 0.0202122
-0.0574865, 0.0507251, -0.997057
0.987454, -0.144232, -0.0642706
-0.147068, -0.988243, -0.0417973

234
0.0225675, -0.00456966, -0.0415479
-0.0613663, 0.0340478, -0.997534
-0.0211175, 0.99915, 0.0354021
0.997892, 0.023238, -0.0605951

235
-0.0176701, 0.0101403, 0.0506628
-0.337826, 0.20985, 0.917517
0.899261, 0.359744, 0.248825
-0.277855, 0.909146, -0.310241

236
-0.0111659, -0.0323879, 0.0227724
-0.523965, -0.214618, 0.824257
-0.770683, 0.531489, -0.351521
-0.362641, -0.819425, -0.443885

237
-0.00747785, 0.0116177, 0.0451652
-0.248534, -0.0527585, 0.967185
0.950548, 0.178714, 0.254008
-0.18625, 0.982486, 0.00573301

238
-0.0196572, -0.00843681, 0.0144303
-0.0630768, -0.00502151, -0.997996
0.458336, -0.888441, -0.0244982
-0.886538, -0.458963, 0.0583416

239
0.00905821, 0.0136579, 0.0382828
0.324293, 0.0192878, -0.94576
-0.857795, 0.427465, -0.285413
0.398774, 0.903826, 0.155169

240
-0.0195175, 0.0130183, -0.0402271
-0.145172, -0.0938409, 0.984946
0.871774, 0.458652, 0.172189
-0.467906, 0.883647, 0.0152246

241
0.0111465, 0.017126, 0.0204398
0.0376492, 0.0533803, -0.997864
-0.996789, 0.0726282, -0.0337234
0.0706729, 0.99593, 0.0559433

242
0.0148648, 0.00274967, 0.0643324
-0.337826, 0.20985, 0.917517
0.277855, -0.909146, 0.310241
0.899261, 0.359744, 0.248825

243
-0.0123516, 0.0236454, -0.0361435
-0.169333, 0.490029, -0.855101
-0.73149, -0.643949, -0.22417
-0.660491, 0.587539, 0.467493

244
0.00260479, 0.0105886, 0.0574583
0.699826, -0.0649395, -0.711355
-0.422951, 0.76485, -0.485919
0.575635, 0.640927, 0.507796

245
0.0258701, 0.00579584, 0.00355033
-0.244855, -0.0159197, -0.969429
-0.334116, 0.940006, 0.0689533
0.910172, 0.340785, -0.235485

246
-0.0199513, 0.0157858, -0.0445885
0.038268, 0.119846, -0.992055
-0.660881, -0.741615, -0.115085
-0.749515, 0.660034, 0.0508239

247
0.0299907, 0.00555322, -0.0195451
-0.274635, -0.0257089, -0.961205
-0.345914, 0.935358, 0.073817
0.897173, 0.352767, -0.265776

248
0.00474374, 0.0131534, 0.0444256
-0.244815, -0.0481501, 0.968373
0.957941, -0.166234, 0.233912
0.149713, 0.98491, 0.0868216

249
-0.0207275, -0.0143357, 0.0105317
0.0503804, -0.0590239, 0.996984
-0.388646, 0.91841, 0.0740115
-0.920009, -0.391203, 0.0233304

250
-0.0236776, -0.0182055, -0.00392805
0.121078, -0.150091, 0.98123
-0.324287, 0.928284, 0.182008
-0.938178, -0.340237, 0.0637226

251
-0.00259734, -0.0285903, 0.0275912
-0.86712, -0.470019, -0.16488
-0.328302, 0.788247, -0.520465
0.374595, -0.397175, -0.837813

252
-0.0110021, 0.0198623, -0.0430512
-0.0390125, -0.284909, 0.95776
0.986617, 0.140879, 0.082096
-0.158319, 0.948145, 0.2756

253
-0.0274712, -0.0106532, -0.00955038
0.0806981, -0.160983, 0.983652
-0.0812761, 0.982522, 0.167466
-0.993419, -0.0934617, 0.0662036

254
-0.00854448, -0.0208556, -0.050863
-0.0633775, 0.103862, -0.99257
0.934181, -0.343749, -0.095619
-0.351127, -0.9333, -0.0752399

255
-0.00469121, -0.0256898, -0.0435604
0.231842, 0.224652, 0.946457
-0.790215, 0.610902, 0.0485649
-0.567283, -0.759164, 0.319156

256
-0.0222242, 0.0123156, -0.0453521
-0.111231, -0.0808486, 0.9905
0.661427, 0.737851, 0.134503
-0.741716, 0.670104, -0.0285964

257
0.000773297, -0.026669, 0.0263969
0.110192, 0.124655, -0.986062
0.980457, -0.176314, 0.0872767
-0.162977, -0.976409, -0.141647

258
-0.0166215, -0.0246107, -0.0266508
-0.0194823, -0.141315, 0.989773
-0.7493, 0.657487, 0.0791241
-0.661944, -0.740095, -0.118697

259
0.00881922, -0.0249175, 0.0275175
0.110192, 0.124655, -0.986062
0.80853, 0.565752, 0.161874
0.578046, -0.815098, -0.0384459

260
-0.0161886, 0.0286931, 0.0437431
-0.96189, -0.0818197, 0.26091
0.189388, 0.488903, 0.851532
-0.197231, 0.868493, -0.454775

261
0.0109438, 0.0167106, 0.0277918
0.121293, 0.0765478, -0.989661
-0.981126, 0.16051, -0.107832
0.150596, 0.984061, 0.0945719

262
0.000184496, -0.0215167, -0.0472092
-0.289525, 0.0973049, 0.952212
-0.955147, 0.0352872, -0.294024
-0.0622108, -0.994629, 0.082724

263
-0.0309351, -0.0151518, -0.0480407
0.0842458, 0.0388381, -0.995688
0.553502, -0.832725, 0.0143506
-0.828576, -0.552324, -0.0916504

264
-0.0301405, -0.00120908, -0.0289128
-0.0875057, -0.110414, 0.990026
0.190795, 0.973582, 0.125444
-0.977722, 0.199869, -0.0641275

265
-0.0066094, 0.0149359, 0.0479966
0.699826, -0.0649395, -0.711355
-0.706107, 0.0876266, -0.702662
0.107964, 0.994034, 0.0154692

266
-0.028541, -0.00772595, -0.0509154
-0.169333, 0.490029, -0.855101
-0.0502042, -0.870793, -0.489079
-0.984279, -0.0398877, 0.172056

267
-0.0181512, -0.0111686, 0.0248988
-0.116307, -0.102223, 0.987939
-0.134822, 0.987108, 0.0862651
-0.98402, -0.123163, -0.12859

268
-0.0292172, 0.00951328, -0.0478846
-0.137304, -0.0473618, 0.989396
0.318989, 0.943529, 0.089434
-0.93776, 0.327886, -0.114443

269
0.0216181, 0.0166138, -0.0407665
-0.0613663, 0.0340478, -0.997534
-0.720548, 0.690074, 0.0678802
0.690684, 0.722937, -0.0178142

270
0.00826424, -0.0190602, -0.0126791
-0.274635, -0.0257089, -0.961205
0.897173, 0.352767, -0.265776
0.345914, -0.935358, -0.073817

271
-0.0211039, 0.00758965, 0.0273094
-0.300246, -0.096074, 0.949011
0.590278, 0.762816, 0.263975
-0.749282, 0.639438, -0.172322

272
0.0178934, 0.0130132, 0.00737656
0.242852, -0.037718, 0.96933
0.679809, -0.706213, -0.197797
0.692014, 0.706994, -0.145864

273
0.025113, -0.00917572, -0.00856731
0.121078, -0.150091, 0.98123
-0.434087, -0.89698, -0.0836402
0.892697, -0.415812, -0.173758

274
-0.0191389, 0.0145548, -0.0448228
-0.111231, -0.0808486, 0.9905
0.894921, 0.425247, 0.135208
-0.432139, 0.901459, 0.0250525

275
0.0175089, -0.0155112, 0.00922301
0.202017, -0.0104339, 0.979326
-0.817355, -0.552678, 0.162717
0.539555, -0.833329, -0.120179

276
-0.0100797, -0.0190678, -0.0481698
0.125352, -0.00582559, -0.992095
0.973172, -0.193741, 0.124099
-0.192933, -0.981035, -0.0186166

277
0.0159724, -0.0184225, 0.0252946
-0.0575352, -0.0845776, 0.994754
-0.848454, -0.520969, -0.093368
0.526133, -0.849375, -0.0417862

278
-0.0218771, 0.00371205, 0.0274725
0.324293, 0.0192878, -0.94576
-0.0401555, -0.99861, -0.0341346
-0.945104, 0.049047, -0.323068

279
-0.023369, 0.00263255, 0.00501051
0.0447436, -0.0866257, 0.995236
0.159396, 0.98409, 0.0784894
-0.9862, 0.155125, 0.0578396

280
-0.00741032, -0.021607, -0.044245
-0.135688, -0.0842372, 0.987164
-0.941521, 0.321143, -0.10201
-0.308428, -0.943277, -0.122886

281
0.00568389, 0.0136466, 0.0128643
-0.0600903, -0.00624141, -0.998173
-0.997415, 0.0398504, 0.0597955
0.0394044, 0.999186, -0.0086199

282
-0.00901315, -0.026933, 0.0305007
0.292041, 0.248655, -0.923516
0.87688, -0.455119, 0.154754
-0.381829, -0.855007, -0.350954

283
0.0158182, 0.00673562, 0.0551289
-0.220578, -0.0990462, 0.970327
0.471868, -0.8815, 0.0172874
0.853631, 0.46168, 0.241176

284
0.0174494, -0.0208131, -0.0299578
-0.147382, 0.0270731, -0.988709
0.690373, 0.71865, -0.0832324
0.708283, -0.694845, -0.124607

285
-0.0144147, -0.0231844, 0.0251719
-0.231147, -0.118973, 0.965617
-0.661906, 0.746635, -0.0664528
-0.713058, -0.654508, -0.251332

286
-0.0014166, -0.0230544, -0.0137175
0.0806981, -0.160983, 0.983652
-0.993419, -0.0934617, 0.0662036
0.0812761, -0.982522, -0.167466

287
-0.00374678, -0.026798, 0.0289441
-0.523965, -0.214618, 0.824257
-0.850795, 0.177452, -0.494631
-0.0401089, -0.960443, -0.275575

288
0.00430877, -0.021401, -0.0232682
-0.0808713, 0.149941, -0.985382
0.972555, 0.228264, -0.0450847
0.218167, -0.961984, -0.164286

289
-0.0294874, 0.00689281, -0.0448475
-0.135688, -0.0842372, 0.987164
0.308428, 0.943277, 0.122886
-0.941521, 0.321143, -0.10201

290
-0.00146996, 0.0164301, 0.00414637
-0.0475745, -0.00981439, -0.998819
-0.945191, -0.322941, 0.0481933
-0.323033, 0.946368, 0.00608727

291
-0.0170062, 0.0169438, -0.0458343
-0.137304, -0.0473618, 0.989396
0.653572, 0.746231, 0.126422
-0.744306, 0.664, -0.0715062

292
-0.00855831, 0.015855, 0.0358618
0.571091, 0.0643399, -0.818361
-0.77489, -0.286769, -0.563301
-0.270924, 0.955837, -0.113915

293
-0.00684298, -0.0256543, 0.0315313
0.292041, 0.248655, -0.923516
0.956251, -0.0932777, 0.277278
-0.0171969, -0.96409, -0.265017

294
-0.0334664, -0.00758255, -0.0492926
-0.137304, -0.0473618, 0.989396
-0.0641581, 0.997184, 0.038831
-0.988449, -0.0581461, -0.139956

295
0.0151315, -0.018592, 0.028049
-0.116307, -0.102223, 0.987939
-0.857522, -0.491537, -0.151814
0.501128, -0.864836, -0.0304894

296
-0.0112608, -0.0223534, 0.0049938
-0.0475745, -0.00981439, -0.998819
0.89677, -0.44083, -0.0383822
-0.439933, -0.897537, 0.0297735

297
-0.0206899, -0.0236646, -0.0122361
0.0806981, -0.160983, 0.983652
-0.455254, 0.871966, 0.180053
-0.886697, -0.462342, -0.00292235

298
-0.0172993, -0.0258661, -0.0508283
-0.0633775, 0.103862, -0.99257
0.7287, -0.674742, -0.117133
-0.681894, -0.73071, -0.0329208

299
-0.0213493, -0.00662396, 0.0179433
0.0376492, 0.0533803, -0.997864
0.316161, -0.947913, -0.0387795
-0.947958, -0.314026, -0.052565

300
0.0131367, 0.0135205, 0.020322
0.0376492, 0.0533803, -0.997864
-0.893867, 0.448225, -0.00974782
0.446748, 0.892325, 0.0645902

301
0.00417453, -0.0245235, 0.0353198
