0
0.00491926, 0.00933855, 0.0313906
0.0169524, 0.0810348, 0.996567
0.86474, -0.501543, 0.0260725
0.501934, 0.861329, -0.0785763

1
0.00746577, -0.00329626, 0.014214
-0.0119455, -0.0411243, -0.999083
0.231068, 0.971997, -0.0427722
0.972864, -0.231367, -0.00210844

2
0.00602527, -0.00553651, 0.00440742
0.0724263, -0.0813856, -0.994048
0.461739, 0.886162, -0.0389104
0.884054, -0.456172, 0.10176

3
0.0042976, 0.00589235, 0.012547
-0.0342003, -0.00465914, 0.999404
0.792047, -0.609977, 0.0242608
0.609501, 0.792405, 0.0245517

4
0.00776054, -0.00532062, 0.00773356
0.0343371, -0.0425243, -0.998505
0.393322, 0.919044, -0.0256145
0.91876, -0.391854, 0.048283

5
0.00818119, -0.00264977, 0.0163345
-0.0252419, -0.0330531, -0.999135
0.157649, 0.986816, -0.0366283
0.987173, -0.158437, -0.0196983

6
-0.00943318, 0.0391351, 0.0101641
-0.114067, 0.190567, 0.975024
0.582047, 0.808174, -0.0898632
-0.805115, 0.55726, -0.203106

7
0.0112145, -0.00153074, -0.00122141
-0.0174035, -0.999843, -0.00338595
0.589145, -0.00751853, -0.807992
0.80784, -0.0160567, 0.589184

8
0.0105342, -0.00327492, 0.00367652
0.14536, -0.0229686, -0.989112
0.172459, 0.985014, 0.00247102
0.974232, -0.17094, 0.147142

9
0.00597826, -0.0133289, 0.0153369
2.68442e-05, -0.0238601, -0.999715
0.852263, 0.522966, -0.0124587
0.523114, -0.85202, 0.0203491

10
0.0105375, 0.00449874, 0.0193053
0.0362181, -0.0317812, 0.998838
0.403419, -0.913971, -0.0437089
0.914298, 0.404533, -0.0202812

11
0.0117615, -0.00138593, 0.00770007
-0.0476657, -0.00369955, 0.998856
-0.0129691, -0.999907, -0.00432232
0.998779, -0.0131603, 0.0476133

12
-0.00784426, 0.00995943, 0.00817876
-0.025281, 0.0515771, -0.998349
-0.935155, -0.354199, 0.00538195
-0.353336, 0.933747, 0.057187

13
0.00443959, 0.00785349, 0.00819809
-0.0508317, -0.0353365, 0.998082
0.832067, -0.554208, 0.0227552
0.552341, 0.831628, 0.0575737

14
-0.00440842, -0.00605828, 0.00540955
-0.889405, 0.451283, 0.0728141
-0.300327, -0.456789, -0.837346
-0.34462, -0.766607, 0.541803

15
-0.00261166, -0.00116408, 0.00949243
0.999872, -0.0158196, -0.00254986
0.0134664, 0.743343, 0.668775
-0.00868435, -0.668723, 0.743461

16
0.00938107, 0.00223987, 0.00608158
-0.0657632, -0.0416337, 0.996966
0.30158, -0.953233, -0.0199141
0.95117, 0.299356, 0.0752435

17
-0.00187944, -0.0115897, 0.0130283
0.001011, -0.0341857, -0.999415
0.997822, 0.065956, -0.00124668
0.06596, -0.997237, 0.0341779

18
0.00678457, -0.00672014, 0.0290621
-0.0653677, 0.0187745, -0.997685
0.539818, 0.841555, -0.0195321
0.83924, -0.539845, -0.0651454

19
-0.0134055, -0.0165099, 0.0249031
0.805521, -0.592566, 0.00108076
0.587745, 0.798733, -0.128766
0.0754393, 0.104359, 0.991674

20
0.00917691, 0.00235254, 0.00480987
-0.0970944, -0.0568785, 0.993649
0.305939, -0.951734, -0.0245843
0.947087, 0.301609, 0.109809

21
-0.0148188, -0.0169562, 0.02673
-0.00870754, 0.0510504, -0.998658
0.985889, 0.1674, -3.89053e-05
0.167173, -0.984567, -0.0517876

22
-0.00528727, 0.00942027, 0.0191079
-0.0336548, -0.0308618, -0.998957
-0.982686, -0.181191, 0.0387043
-0.182197, 0.982964, -0.0242295

23
0.00212979, -0.0142416, 0.00471863
0.0342345, -0.165961, -0.985538
0.9447, 0.327179, -0.02228
0.326145, -0.930275, 0.167985

24
0.00198189, -0.0105589, 0.00352815
-0.0158241, -0.302127, -0.953136
0.89629, 0.418237, -0.147454
0.443187, -0.85662, 0.264175

25
-0.0179168, 0.00366013, 0.0117631
0.0736173, -0.0145207, 0.997181
-0.210641, 0.97711, 0.0297791
-0.974788, -0.212239, 0.0688735

26
-0.00321583, -0.0012542, 0.0122277
0.447571, -0.894248, -0.000386977
0.767324, 0.384267, -0.513374
0.459232, 0.229474, 0.858165

27
-0.00415311, -0.027389, -0.0209137
-0.6213, 0.637857, -0.455109
0.353082, -0.290606, -0.889315
-0.699513, -0.713222, -0.0446627

28
0.0117615, -0.00138593, 0.00770007
-0.0476657, -0.00369955, 0.998856
-0.0129691, -0.999907, -0.00432232
0.998779, -0.0131603, 0.0476133

29
-0.00222978, -0.0647644, 0.0168557
0.00739872, -0.00604653, 0.999954
-0.80075, -0.598994, 0.00230279
0.598953, -0.80073, -0.00927355

30
0.017133, -0.00879498, 0.0129178
-0.0342003, -0.00465914, 0.999404
0.49851, -0.866786, 0.0130185
0.866209, 0.498659, 0.031967

31
-0.00540213, -0.0138578, 0.015394
0.0103031, 0.019932, 0.999748
-0.98278, 0.184669, 0.00644649
-0.184494, -0.982599, 0.0214915

32
-0.0182643, 0.00185225, 0.0156416
0.0226919, 0.0220411, 0.9995
-0.188885, 0.981846, -0.0173634
-0.981737, -0.188397, 0.0264431

33
-0.0586347, -0.000351985, 0.00971901
-0.0174035, -0.999843, -0.00338595
0.80784, -0.0160567, 0.589184
-0.589145, 0.00751853, 0.807992

34
-0.0243929, -0.000371735, 0.00806408
-0.025281, 0.0515771, -0.998349
-0.728754, -0.684566, -0.0169123
-0.684308, 0.727124, 0.0548935

35
-0.00275124, 0.010556, -0.00247929
0.999795, 0.0188701, -0.00728159
-0.0166555, 0.563827, -0.825725
-0.011476, 0.825677, 0.564026

36
0.00708988, -0.00751805, 0.0291501
-0.0602441, 0.0258811, -0.997848
0.616118, 0.787475, -0.0167728
0.785346, -0.615803, -0.0633865

37
-0.00799158, 0.0172276, 0.0151332
0.00234975, -0.0209145, 0.999779
0.839265, -0.543559, -0.0133433
0.543717, 0.839111, 0.0162756

38
-0.0144944, -0.00717001, 0.0109659
-0.130123, -0.0604832, -0.989651
-0.221935, -0.971034, 0.0885262
-0.96634, 0.231158, 0.11293

39
-0.0109136, -0.0162175, 0.0158732
0.0226919, 0.0220411, 0.9995
-0.550202, 0.835011, -0.00592239
-0.834723, -0.549792, 0.031075

40
-0.0149239, 0.00355897, 0.011322
0.0604624, 0.00464064, 0.99816
-0.214147, 0.976765, 0.00843052
-0.974928, -0.214262, 0.0600513

41
0.016962, -0.00653223, 0.0128744
0.001011, -0.0341857, -0.999415
0.896625, 0.442561, -0.0142311
0.442789, -0.896086, 0.0310992

42
0.0139194, 0.011437, 0.0289364
-0.0653677, 0.0187745, -0.997685
0.177563, 0.984085, 0.00688476
0.981936, -0.176702, -0.0676611

43
-0.00358898, -0.00533842, 0.022101
-0.94336, 0.331769, 0.000847479
-0.330246, -0.939267, 0.0933574
0.0317691, 0.0877898, 0.995632

44
-0.00919181, -0.0108885, 0.0087021
0.0235906, 0.0645171, 0.997638
-0.865538, 0.500702, -0.0119134
-0.500287, -0.863212, 0.0676538

45
0.00710905, 0.00659225, 0.0239919
0.0169385, 0.049814, 0.998615
0.687771, -0.725513, 0.0245249
0.72573, 0.686403, -0.0465498

46
0.00902066, -0.00509037, 0.0211726
-0.0564613, -0.0319351, -0.997894
0.325189, 0.944398, -0.0486224
0.943962, -0.327249, -0.042937

47
0.00896348, -0.0196602, 0.0042077
-0.1051, -0.0058599, 0.994444
-0.316303, -0.947856, -0.0390145
0.942818, -0.318646, 0.097766

48
0.00268605, 0.00167498, 0.00778563
0.482541, -0.875172, 0.0350567
0.530065, 0.259929, -0.807135
0.69727, 0.408058, 0.589325

49
0.0182583, -0.00591602, 0.00841437
-0.0508317, -0.0353365, 0.998082
0.557358, -0.830271, -0.00100939
0.828715, 0.556238, 0.0618992

50
-0.0122199, 0.0106399, 0.0128443
-0.0436175, 0.00725877, -0.999022
-0.826769, -0.56163, 0.0320162
-0.560848, 0.827357, 0.0304982

51
-0.0114834, 0.00522177, 0.0148827
0.244631, -0.10107, 0.964334
0.082285, 0.993129, 0.083214
-0.966118, 0.0589936, 0.251267

52
-0.00989137, 0.00513184, 0.00832298
-0.0335869, 0.0510885, -0.998129
-0.718922, -0.694997, -0.0113813
-0.694279, 0.717195, 0.0600714

53
-0.0122304, 0.000839525, 0.0139307
0.181257, -0.106563, 0.977645
-0.0683165, 0.990346, 0.120614
-0.98106, -0.0886513, 0.172227

54
0.00110541, -0.0116218, 0.00452881
0.0100095, -0.169266, -0.98552
0.952089, 0.302874, -0.0423497
0.305657, -0.937879, 0.164188

55
0.0744644, -0.0580476, 0.00722018
0.0239996, -0.0147138, 0.999604
-0.748942, -0.662585, 0.00822838
0.662201, -0.748842, -0.0269216

56
-0.0011953, -0.00434721, 0.00999125
0.827373, 0.560105, 0.0416682
-0.413914, 0.557912, 0.719311
0.379643, -0.612386, 0.693437

57
0.0131684, 0.0228024, 0.0257852
-0.6213, 0.637857, -0.455109
-0.699513, -0.713222, -0.0446627
-0.353082, 0.290606, 0.889315

58
-0.0184675, 0.0452099, 0.00643011
-0.0476657, -0.00369955, 0.998856
0.917789, -0.394806, 0.0423349
0.394198, 0.918757, 0.0222141

59
-0.0242129, -0.0496129, 0.0235656
-0.914786, 0.402899, -0.0289711
-0.224813, -0.567402, -0.792158
-0.335598, -0.718142, 0.609629

60
0.0162729, -0.0123793, 0.0170356
0.00739872, -0.00604653, 0.999954
0.246927, -0.969004, -0.0076864
0.969006, 0.246972, -0.00567634

61
-0.00238887, -0.00337496, 0.0111736
0.999795, 0.0188701, -0.00728159
-0.0197793, 0.836881, -0.547027
-0.00422865, 0.547059, 0.837083

62
0.0357025, 0.0295857, -0.00149555
0.0342345, -0.165961, -0.985538
0.0602026, 0.984668, -0.163724
0.997599, -0.053727, 0.0437009

63
0.00112416, 0.012373, 0.00992507
-0.00397705, -0.031931, 0.999482
0.982536, -0.186063, -0.00203466
0.186032, 0.982019, 0.0321133

64
-0.0101763, -0.0142283, 0.0109311
0.0736173, -0.0145207, 0.997181
-0.567642, 0.821511, 0.053869
-0.819978, -0.570007, 0.0522348

65
-0.013892, -0.0107213, 0.0084113
-0.626242, 0.779544, 0.0114993
-0.567763, -0.445901, -0.691967
-0.534291, -0.439867, 0.721838

66
0.0158538, 0.00938074, 0.0141568
-0.0142279, -0.0374993, -0.999195
0.277481, 0.959899, -0.0399757
0.960626, -0.277827, -0.00325202

67
0.00820829, 0.0177965, 0.00760156
-0.0476657, -0.00369955, 0.998856
0.370234, -0.928829, 0.0142275
0.927715, 0.370489, 0.045643

68
-0.0148023, 0.00598343, 0.0111805
0.0575754, 0.00502648, 0.998329
-0.225683, 0.974167, 0.00811075
-0.972498, -0.225773, 0.0572225

69
-0.00224118, -0.00291549, 0.0125611
-0.668401, 0.363578, -0.648885
-0.181668, -0.925768, -0.331588
-0.721275, -0.103752, 0.684834

70
-0.0143183, 0.0172933, -0.0153747
0.864135, 0.502792, -0.0216948
-0.141979, 0.202205, -0.968997
-0.482817, 0.840425, 0.246118

71
-0.00700603, -0.016472, 0.0109193
0.017787, 0.0493126, 0.998625
-0.976105, 0.217199, 0.00666053
-0.216572, -0.974881, 0.0519976

72
0.00340912, -0.0100059, 0.0269264
-0.00870754, 0.0510504, -0.998658
0.846868, 0.531434, 0.0197823
0.531731, -0.84556, -0.0478604

73
0.00762172, 0.026584, 0.00421964
-0.94336, 0.331769, 0.000847479
-0.211055, -0.602085, 0.770032
0.255983, 0.726239, 0.638005

74
0.0110138, -0.00333424, 0.0208381
-0.0571981, -0.0393167, -0.997588
0.16976, 0.98429, -0.048526
0.983824, -0.172127, -0.0496251

75
-0.0100155, -0.0108465, 0.00436557
-0.59612, 0.667821, 0.445708
-0.558557, 0.0538363, -0.827717
-0.576762, -0.742372, 0.340923

76
-0.0174371, 0.00760736, 0.00857639
0.0621098, 0.0199488, 0.99787
-0.254055, 0.967183, -0.00352234
-0.965194, -0.253295, 0.0651397

77
-0.0481377, -0.00231992, 0.022115
0.344648, -0.608797, 0.714552
0.829648, 0.55368, 0.0715715
-0.439205, 0.56816, 0.695912

78
0.0416682, -0.0442661, 0.016061
-0.0358747, 0.091742, 0.995136
-0.994646, -0.0998438, -0.0266524
0.096913, -0.990765, 0.0948327

79
0.0114273, -0.000311003, 0.00458211
-0.1051, -0.0058599, 0.994444
0.0685753, -0.997645, 0.00136876
0.992094, 0.0683382, 0.105254

80
0.0432829, 0.0110468, 0.010424
-0.0436175, 0.00725877, -0.999022
-0.834547, 0.549451, 0.0404288
0.549207, 0.835494, -0.0179079

81
0.0203041, -0.00114839, 0.0247547
-0.0179557, 0.999776, 0.0112211
-0.988579, -0.0194319, 0.149447
0.149632, -0.00840954, 0.988706

82
-0.000544712, -0.00212819, 0.00887794
0.609201, -0.753762, 0.246409
0.485089, 0.600014, 0.636138
-0.627345, -0.268006, 0.731171

83
-0.00961247, 0.00929646, 0.0219185
-0.0320117, -0.0514266, -0.998164
-0.860348, -0.506869, 0.0537064
-0.508701, 0.860487, -0.028019

84
-0.0261409, -0.0200445, -0.0266245
-0.626242, 0.779544, 0.0114993
-0.023668, -0.00426652, -0.999711
-0.77927, -0.626333, 0.0211221

85
0.0189645, -0.0044407, 0.00365297
0.0342345, -0.165961, -0.985538
0.747979, 0.658274, -0.0848689
0.662839, -0.734256, 0.146671

86
0.0252243, 0.0183802, 0.0112657
-0.0436175, 0.00725877, -0.999022
-0.981194, 0.187897, 0.0442044
0.188034, 0.982162, -0.00107334

87
-0.00955254, 0.00535182, 0.00829148
-0.0420122, 0.0422188, -0.998225
-0.66293, -0.748672, -0.00376358
-0.747502, 0.661595, 0.0594415

88
0.00783056, -0.0107881, 0.0129686
-0.6536, -0.756839, -0.00101063
0.615683, -0.530922, -0.582286
0.44016, -0.381204, 0.812984

89
0.000819012, -0.00148819, 0.0238512
-0.0179557, 0.999776, 0.0112211
-0.970589, -0.0147345, -0.24029
-0.240071, -0.0152057, 0.970636

90
0.00771199, -0.0204682, 0.00743615
-0.0476657, -0.00369955, 0.998856
-0.394198, -0.918757, -0.0222141
0.917789, -0.394806, 0.0423349

91
-0.00232094, 0.0156043, 0.0194593
0.999872, -0.0158196, -0.00254986
0.0157647, 0.942669, 0.333357
-0.00286992, -0.333355, 0.942797

92
0.000913787, -0.00453825, 0.0186971
0.671153, 0.741315, 0.0024003
-0.731839, 0.663083, -0.157266
-0.118175, 0.103793, 0.987553

93
-0.0123201, -0.0200926, 0.0154978
2.68442e-05, -0.0238601, -0.999715
0.987575, 0.157103, -0.00372306
0.157147, -0.987294, 0.0235679

94
0.0162756, 0.0490841, 0.0091815
0.0714156, 0.00840091, 0.997411
0.933671, 0.351262, -0.0698103
-0.350939, 0.93624, 0.0172419

95
-0.0356545, -0.0104766, 0.0223115
0.27096, -0.962518, -0.0118293
0.962543, 0.270804, 0.0132406
-0.00954086, -0.0149739, 0.999842

96
-0.00711574, -0.0143151, 0.0109321
0.0604624, 0.00464064, 0.99816
-0.570935, 0.820419, 0.0307694
-0.818766, -0.571745, 0.052254

97
0.0141047, -0.0136515, 0.0151888
0.0103031, 0.019932, 0.999748
-0.978573, -0.205413, 0.0141802
0.205643, -0.978472, 0.0173886

98
-0.0138822, -0.0110139, 0.00659637
-0.640025, 0.76824, 0.013234
-0.487257, -0.392498, -0.78008
-0.594095, -0.505719, 0.625539

99
-0.00726975, -0.0182976, 0.0119028
-0.0358747, 0.091742, 0.995136
-0.470171, 0.877139, -0.0978134
-0.881846, -0.471393, 0.0116673

100
0.00260908, 0.0122995, 0.0165253
-0.94336, 0.331769, 0.000847479
-0.29295, -0.834174, 0.467263
0.15573, 0.440549, 0.884118

101
0.0175068, -0.0099023, 0.0246384
0.0169385, 0.049814, 0.998615
0.357693, -0.932962, 0.0404719
0.933686, 0.356512, -0.0336211

102
0.0202946, -7.95818e-05, 0.015021
2.68442e-05, -0.0238601, -0.999715
0.587201, 0.809211, -0.0192976
0.809441, -0.587033, 0.0140324

103
0.00527022, 0.000315443, 0.00286759
-0.301145, -0.0785164, 0.95034
0.215308, -0.976467, -0.0124479
0.928953, 0.200867, 0.310964

104
-0.00283627, -0.0128422, -0.00613365
0.999872, -0.0158196, -0.00254986
0.00911799, 0.43085, 0.902377
-0.0131767, -0.902285, 0.430939

105
0.0117896, 0.0137559, 0.00705968
0.0343371, -0.0425243, -0.998505
0.0117877, 0.999042, -0.0421419
0.999341, -0.010323, 0.0348055

106
-0.0168387, -0.00171225, 0.0155592
-0.0179557, 0.999776, 0.0112211
-0.804836, -0.00779398, -0.593446
-0.593225, -0.0196869, 0.804796

107
-0.0126396, 0.00775425, 0.0119293
0.671153, 0.741315, 0.0024003
-0.630907, 0.572889, -0.523215
-0.389242, 0.349643, 0.852197

108
0.0147767, -0.014529, 0.0185462
0.0362181, -0.0317812, 0.998838
0.0228233, -0.999207, -0.0326205
0.999083, 0.0239782, -0.0354641

109
-0.00148371, -0.000682938, 0.0081373
0.27096, -0.962518, -0.0118293
0.687367, 0.202076, -0.697633
0.673875, 0.180899, 0.716358

110
-0.0233967, 0.00221214, 0.0199407
-0.0336548, -0.0308618, -0.998957
-0.83816, -0.543563, 0.0450304
-0.544385, 0.838801, -0.00757361

111
0.00804122, -0.00289082, 0.0230193
-0.0759533, -0.0554818, -0.995567
0.158873, 0.985022, -0.0670148
0.984373, -0.163258, -0.0660011

112
-0.0033976, -0.00402383, 0.0207336
-0.968773, -0.241839, -0.0547006
0.140349, -0.716722, 0.68309
-0.204403, 0.654082, 0.728283

113
-0.00313293, -0.00132577, 0.0119964
-0.0174035, -0.999843, -0.00338595
0.853446, -0.0130908, -0.521017
0.52089, -0.0119572, 0.85354

114
0.0607558, -0.0506294, 0.0076585
0.0239996, -0.0147138, 0.999604
-0.997829, 0.0609931, 0.0248548
-0.0613346, -0.99803, -0.0132181

115
0.0139311, 0.00232174, 0.00956214
0.0239996, -0.0147138, 0.999604
0.0613346, 0.99803, 0.0132181
-0.997829, 0.0609931, 0.0248548

116
-0.0220035, 0.0585601, 0.00982068
0.0042808, -0.0331401, -0.999442
-0.946226, 0.323169, -0.0147687
0.323478, 0.945761, -0.0299746

117
-0.00678272, -0.0117971, 0.0108075
0.0575754, 0.00502648, 0.998329
-0.580663, 0.813613, 0.0293914
-0.812106, -0.581385, 0.0497628

118
-0.0174342, -0.0446649, 0.00592267
-0.94336, 0.331769, 0.000847479
-0.0317691, -0.0877898, -0.995632
-0.330246, -0.939267, 0.0933574

119
-0.0449827, 0.043132, 0.00865243
0.017787, 0.0493126, 0.998625
0.216572, 0.974881, -0.0519976
-0.976105, 0.217199, 0.00666053

120
-0.0104734, -0.00937285, 0.00404894
-0.685435, 0.727406, -0.032558
-0.178482, -0.211197, -0.96101
-0.70592, -0.652899, 0.274591

121
-0.0113829, 0.00374749, 0.0132898
-0.226775, -0.0339303, -0.973356
-0.13808, -0.988178, 0.0666171
-0.964109, 0.149508, 0.219409

122
-0.0193921, -0.0114914, 0.00799323
-0.0420122, 0.0422188, -0.998225
-0.32641, -0.944864, -0.0262244
-0.944294, 0.324729, 0.0534765

123
0.00491926, 0.00933855, 0.0313906
0.0169524, 0.0810348, 0.996567
0.86474, -0.501543, 0.0260725
0.501934, 0.861329, -0.0785763

124
0.0822228, 0.0426106, 0.0180839
0.166196, 0.0141075, -0.985992
-0.914851, 0.375362, -0.148834
0.368004, 0.926771, 0.0752898

125
-0.0103555, -0.0157295, 0.0137294
-0.226775, -0.0339303, -0.973356
0.241379, -0.970172, -0.0224179
-0.943562, -0.240032, 0.228201

126
0.00521113, -0.0640036, 0.0275457
0.0169385, 0.049814, 0.998615
-0.72573, -0.686403, 0.0465498
0.687771, -0.725513, 0.0245249

127
0.0194778, 0.00019857, 0.0102576
-0.0316985, -0.0235567, 0.99922
0.738867, -0.673809, 0.00755412
0.673106, 0.73853, 0.038764

128
-0.00205197, -0.0231505, -0.00898209
-0.530608, 0.638794, -0.557133
0.45129, -0.343477, -0.823626
-0.717491, -0.688451, -0.10603

129
0.010389, 0.00464097, 0.0263512
0.0780144, -0.0293054, 0.996521
0.404221, -0.91279, -0.0584882
0.911328, 0.407378, -0.0593649

130
-0.0332364, -0.0410553, 0.0162549
-0.0119455, -0.0411243, -0.999083
0.987235, 0.158212, -0.0183161
0.15882, -0.986548, 0.0387095

131
-0.0198051, -0.00962773, 0.00121552
0.0291923, 0.214663, -0.976252
-0.302972, -0.928824, -0.213294
-0.952552, 0.302004, 0.0379224

132
0.00633756, -0.00529728, 0.0263131
-0.0767097, -0.0185109, -0.996882
0.448867, 0.892136, -0.051106
0.8903, -0.451387, -0.0601265

133
-0.0205293, -0.0064702, 0.0327616
-0.114839, -0.178581, -0.9772
-0.227271, -0.952895, 0.200848
-0.967037, 0.245154, 0.0688435

134
-0.00246409, -0.00148342, 0.0093876
-0.958524, -0.284909, 0.00769563
0.216184, -0.709186, 0.671059
-0.185733, 0.64489, 0.741364

135
0.0115314, -0.0171388, 0.00541416
-0.0657632, -0.0416337, 0.996966
-0.0853734, -0.995231, -0.0471927
0.994176, -0.0882179, 0.0618951

136
0.0458319, 0.00615112, 0.0203024
-0.0320117, -0.0514266, -0.998164
-0.799219, 0.601016, -0.00533363
0.600187, 0.797581, -0.0603407

137
0.0182642, 0.00261273, 0.00516694
0.0167799, -0.0775202, 0.99685
0.84856, -0.526212, -0.0552047
0.528833, 0.846813, 0.0569508

138
-0.00562528, 0.000821488, 0.0210159
-0.6536, -0.756839, -0.00101063
0.737259, -0.636388, -0.226846
0.171043, -0.149012, 0.97393

139
-0.0366064, -0.00169951, -0.0172082
-0.0179557, 0.999776, 0.0112211
-0.149632, 0.00840954, -0.988706
-0.988579, -0.0194319, 0.149447

140
0.0292013, 0.0371273, 0.0141333
2.68442e-05, -0.0238601, -0.999715
-0.157147, 0.987294, -0.0235679
0.987575, 0.157103, -0.00372306

141
0.0014075, -0.0209287, 0.0171103
-0.0252419, -0.0330531, -0.999135
0.523423, 0.851067, -0.0413784
0.851699, -0.524015, -0.0041818

142
0.026117, 0.0406421, 0.0293175
-0.00870754, 0.0510504, -0.998658
-0.167173, 0.984567, 0.0517876
0.985889, 0.1674, -3.89053e-05

143
-0.00617445, -0.0207563, 0.00476464
0.0724263, -0.0813856, -0.994048
0.764904, 0.644138, 0.00299348
0.64006, -0.760568, 0.108905

144
-0.0185114, 0.0602243, 0.00403868
0.0343371, -0.0425243, -0.998505
-0.91876, 0.391854, -0.048283
0.393322, 0.919044, -0.0256145

145
-0.00652181, -0.0126557, 0.00473834
-0.0725311, 0.379193, 0.92247
-0.960994, 0.220927, -0.166375
-0.266887, -0.898556, 0.348379

146
-0.0135372, 0.0156569, 0.0311908
0.0169524, 0.0810348, 0.996567
0.990997, -0.133749, -0.00598203
0.132805, 0.987697, -0.0825726

147
0.0771955, 0.0529446, 0.0173844
0.166196, 0.0141075, -0.985992
-0.704383, 0.701449, -0.108692
0.69009, 0.71258, 0.126515

148
-0.000794299, -0.0219151, 0.0222663
-0.0564613, -0.0319351, -0.997894
0.661674, 0.747277, -0.0613525
0.747663, -0.663744, -0.0210616

149
0.0174449, 0.000704039, -0.000298715
-0.0158241, -0.302127, -0.953136
0.658464, 0.714215, -0.237325
0.752446, -0.631361, 0.187638

150
0.0800819, -0.0479979, 0.00723323
0.0239996, -0.0147138, 0.999604
-0.945345, -0.325579, 0.0179045
0.325187, -0.9454, -0.0217234

151
-0.0183839, 0.0121956, 0.00984178
-0.00397705, -0.031931, 0.999482
0.978936, 0.203902, 0.0104095
-0.204129, 0.97847, 0.0304475

152
-0.0350149, -0.0385999, 0.0129866
0.0042808, -0.0331401, -0.999442
0.997989, 0.0633576, 0.00217373
0.0632501, -0.997441, 0.0333446

153
-0.0440556, -0.0289322, 0.0319752
-0.0653677, 0.0187745, -0.997685
0.981936, -0.176702, -0.0676611
-0.177563, -0.984085, -0.00688476

154
-0.00976402, 0.0102256, 0.00222953
0.864135, 0.502792, -0.0216948
-0.315937, 0.508429, -0.801051
-0.391732, 0.699071, 0.598202

155
0.0124952, -0.0169175, 0.0105939
0.017787, 0.0493126, 0.998625
-0.984682, -0.172405, 0.0260521
0.173453, -0.983791, 0.0454906

156
-0.0199485, -0.00775305, 0.0310763
-0.15596, -0.204163, -0.966434
-0.250692, -0.938189, 0.238652
-0.955421, 0.279497, 0.0951378

157
-0.018221, 0.00240092, 0.0163157
-0.114067, 0.190567, 0.975024
-0.157733, 0.965508, -0.20716
-0.980872, -0.177423, -0.0800744

158
0.104251, -0.0204505, 0.00705845
0.0239996, -0.0147138, 0.999604
-0.438518, -0.898718, -0.00270041
0.898402, -0.43828, -0.0280212

159
0.00469802, 0.0111176, 0.0261035
-0.00210757, 0.0725504, 0.997363
0.899211, -0.43622, 0.0336318
0.437509, 0.896911, -0.0643188

160
0.0284495, 0.0176383, 0.0145984
2.68442e-05, -0.0238601, -0.999715
0.232743, 0.972261, -0.0231986
0.972538, -0.232677, 0.00557939

161
0.0192161, 0.00507527, 0.00976392
-0.00397705, -0.031931, 0.999482
0.836553, -0.547703, -0.014169
0.547871, 0.836064, 0.0288902

162
-0.0196657, -0.0471694, 0.00603078
-0.0476657, -0.00369955, 0.998856
-0.927715, -0.370489, -0.045643
0.370234, -0.928829, 0.0142275

163
0.00402188, -0.0101232, 0.00518999
-0.70976, -0.664507, -0.233819
0.447571, -0.169068, -0.878121
0.543986, -0.727905, 0.417412

164
-0.0325806, -0.0212256, 0.0242276
-0.0320117, -0.0514266, -0.998164
-0.248652, -0.966867, 0.0577886
-0.968064, 0.250046, 0.0181638

165
-0.00326217, -0.0214144, 0.0080399
0.0343371, -0.0425243, -0.998505
0.714976, 0.69913, -0.00518762
0.698305, -0.713729, 0.05441

166
-0.0196657, -0.0471694, 0.00603078
-0.0476657, -0.00369955, 0.998856
-0.927715, -0.370489, -0.045643
0.370234, -0.928829, 0.0142275

167
0.0101261, 0.0162231, 0.00316378
0.14536, -0.0229686, -0.989112
-0.213491, 0.97545, -0.054026
0.96607, 0.21902, 0.136887

168
0.00998693, -0.00451582, 0.0282374
-0.0975819, -0.0502522, -0.993958
0.25011, 0.965434, -0.0733647
0.963287, -0.255758, -0.0816403

169
-0.0150033, 0.0476504, 0.0219608
-0.0759533, -0.0554818, -0.995567
-0.848644, 0.527783, 0.0353316
0.523482, 0.847566, -0.0871711

170
-0.0125001, 0.0108296, 0.0286565
-0.114839, -0.178581, -0.9772
-0.58004, -0.786543, 0.211904
-0.806453, 0.59115, -0.0132581

171
-0.0172007, -0.005238, 0.0187594
0.27096, -0.962518, -0.0118293
0.892925, 0.255921, -0.37039
0.359535, 0.0897983, 0.928801

172
-0.0387668, -0.03568, 0.0074265
0.0343371, -0.0425243, -0.998505
0.999341, -0.010323, 0.0348055
-0.0117877, -0.999042, 0.0421419

173
-0.00802464, -0.0204881, 0.0156178
-0.0142279, -0.0374993, -0.999195
0.875474, 0.482298, -0.0305666
0.483056, -0.875204, 0.0259676

174
0.0321688, -0.0476976, 0.0088587
0.0714156, 0.00840091, 0.997411
-0.996898, 0.0337597, 0.0710945
-0.033075, -0.999395, 0.0107858

175
-0.0135372, 0.0156569, 0.0311908
0.0169524, 0.0810348, 0.996567
0.990997, -0.133749, -0.00598203
0.132805, 0.987697, -0.0825726

176
-0.000658269, -0.021014, 0.0150404
-0.0119455, -0.0411243, -0.999083
0.585778, 0.809468, -0.0403232
0.810383, -0.585722, 0.0144203

177
-0.00604641, -0.0510336, 0.00283921
-0.0657632, -0.0416337, 0.996966
-0.763357, -0.641355, -0.0771367
0.642621, -0.766114, 0.0103962

178
0.0114262, -0.017006, 0.00392153
-0.0970944, -0.0568785, 0.993649
-0.0797835, -0.994708, -0.0647352
0.992072, -0.0855622, 0.0920426

179
-0.00244659, -0.00162404, 0.0186649
0.805521, -0.592566, 0.00108076
0.514136, 0.697997, -0.498462
0.294617, 0.402078, 0.866911

180
0.00573428, 0.0182373, 0.0121156
-0.0436175, 0.00725877, -0.999022
-0.978462, -0.202263, 0.0412503
-0.201766, 0.979304, 0.0159246

181
0.0307537, 0.0109494, 0.00147084
0.0342345, -0.165961, -0.985538
0.437385, 0.889154, -0.134537
0.898623, -0.426453, 0.103029

182
-0.0105601, 0.00865873, 0.0211154
0.827373, 0.560105, 0.0416682
-0.52769, 0.749794, 0.39919
0.192346, -0.352267, 0.915921

183
-0.035325, 0.0109213, 0.00864788
-0.0404945, -0.0197598, 0.998984
0.952145, 0.302378, 0.0445768
-0.302952, 0.952983, 0.00656957

184
-0.0207014, -0.0100588, 0.0347235
-0.0385956, -0.113628, -0.992773
-0.411749, -0.90344, 0.119411
-0.91048, 0.413382, -0.0119176

185
0.00585434, -0.0191329, 0.00144588
-0.301145, -0.0785164, 0.95034
-0.156576, -0.979006, -0.130501
0.940636, -0.188101, 0.282529

186
0.0462898, -0.00259027, 0.0211372
-0.0185882, -0.0439933, -0.998859
-0.683894, 0.729324, -0.0193951
0.729345, 0.682753, -0.0436435

187
-0.00780148, -0.00298114, 0.0219679
-0.620108, 0.745613, -0.243981
-0.328385, -0.529135, -0.782419
-0.712481, -0.405065, 0.572969

188
0.0409493, -0.0460311, 0.00821767
-0.00397705, -0.031931, 0.999482
-0.186032, -0.982019, -0.0321133
0.982536, -0.186063, -0.00203466

189
-0.0219253, -0.0480541, 0.0391199
-0.0385956, -0.113628, -0.992773
0.352656, -0.931134, 0.0928634
-0.934957, -0.346523, 0.0760094

190
-0.000656989, -0.0217527, 0.0125752
0.0042808, -0.0331401, -0.999442
0.66096, 0.750097, -0.0220411
0.750409, -0.660496, 0.0251153

191
-0.0272204, -0.00622654, -0.0354303
-0.169913, 0.98542, -0.00877517
0.0950997, 0.00753337, -0.995439
-0.98086, -0.169973, -0.0949932

192
-0.0271947, -0.0434897, 0.0246115
-0.0571981, -0.0393167, -0.997588
0.973899, 0.217647, -0.0644177
0.219655, -0.975235, 0.0258415

193
-0.0373623, -0.011381, 0.0208312
-0.0336548, -0.0308618, -0.998957
-0.566032, -0.823182, 0.0445009
-0.823696, 0.566939, 0.0102353

194
-0.0425913, -0.0323917, 0.00306393
0.0724263, -0.0813856, -0.994048
0.993459, -0.0823284, 0.0791239
-0.0882779, -0.993277, 0.0748905

195
-0.0115154, 0.00913464, 0.0261478
-0.15596, -0.204163, -0.966434
-0.597233, -0.759815, 0.256894
-0.786759, 0.617251, -0.00343241

196
-0.022409, -0.0174847, -0.0301445
-0.640025, 0.76824, 0.013234
0.0755457, 0.0800592, -0.993923
-0.764631, -0.635136, -0.109277

197
0.0128818, -0.0134631, 0.00659586
-0.0725311, 0.379193, 0.92247
-0.989977, -0.139752, -0.0203919
0.121185, -0.914703, 0.385529

198
-0.00242865, 0.0492286, 0.00506002
0.0343371, -0.0425243, -0.998505
-0.698305, 0.713729, -0.05441
0.714976, 0.69913, -0.00518762

199
-0.0129097, 0.000279901, 0.00998679
-0.0358747, 0.091742, 0.995136
-0.096913, 0.990765, -0.0948327
-0.994646, -0.0998438, -0.0266524

200
-0.0295711, -0.0433444, 0.0186345
-0.0252419, -0.0330531, -0.999135
0.972358, 0.231261, -0.0322159
0.232126, -0.97233, 0.026302

201
-0.0140222, 0.00650949, -0.000238554
0.560391, 0.828228, -0.000384072
-0.50443, 0.340937, -0.793292
-0.656896, 0.444748, 0.608841

202
-0.00884329, -0.0118808, -0.0126745
-0.889405, 0.451283, 0.0728141
-0.145585, -0.12865, -0.980945
-0.433317, -0.883059, 0.180122

203
0.0368744, 0.0432515, 0.0068863
-0.0690215, -0.0285222, -0.997207
-0.997615, 0.0030119, 0.0689636
0.0010365, 0.999589, -0.028662

204
0.00260793, 0.0339864, 0.0198492
-0.0571981, -0.0393167, -0.997588
-0.57563, 0.81771, 0.000777164
0.815707, 0.574286, -0.0694033

205
0.0113105, 0.0478658, 0.0303318
-0.0602441, 0.0258811, -0.997848
-0.489787, 0.870281, 0.0521428
0.869758, 0.491875, -0.0397531

206
0.0095846, -0.0470711, 0.0261604
-0.968432, -0.244528, 0.0484391
0.221042, -0.932196, -0.286619
0.115241, -0.266864, 0.956819

207
0.0235917, 0.0239567, 0.0098979
0.0291923, 0.214663, -0.976252
-0.995986, -0.0764306, -0.0465883
-0.0846163, 0.973693, 0.21157

208
-0.0418772, -0.0325761, 0.0305297
-0.0767097, -0.0185109, -0.996882
0.994304, -0.0756219, -0.0751071
-0.0739957, -0.996965, 0.0242064

209
0.00352637, -0.0214717, 0.00306921
0.14536, -0.0229686, -0.989112
0.532154, 0.844618, 0.0585919
0.834076, -0.534877, 0.134996

210
0.0165553, -0.0170069, 0.00921463
0.0239996, -0.0147138, 0.999604
-0.325187, 0.9454, 0.0217234
-0.945345, -0.325579, 0.0179045

211
0.00630657, -0.00138772, 0.00254682
0.312926, 0.26389, -0.912381
-0.0135846, 0.961771, 0.273517
0.94968, -0.0731961, 0.304548

212
-0.0160268, -0.0485055, 0.00139659
-0.1051, -0.0058599, 0.994444
-0.890333, -0.444918, -0.0967184
0.443013, -0.895552, 0.0415436

213
-0.00935764, 0.00565443, 0.0324841
-0.0385956, -0.113628, -0.992773
-0.728832, -0.676475, 0.105761
-0.683604, 0.727647, -0.056707

214
0.011722, 0.01444, 0.0114281
0.0042808, -0.0331401, -0.999442
-0.0632501, 0.997441, -0.0333446
0.997989, 0.0633576, 0.00217373

215
-0.0228805, -0.0603146, -0.00190981
-0.0970944, -0.0568785, 0.993649
-0.947087, -0.301609, -0.109809
0.305939, -0.951734, -0.0245843

216
-0.0456266, 0.0241568, 0.0153666
0.00234975, -0.0209145, 0.999779
0.977916, 0.208987, 0.00207347
-0.208984, 0.977695, 0.0209437

217
0.00841855, -0.00218187, 0.0278028
-0.0951611, -0.0515375, -0.994127
0.0839006, 0.99469, -0.0595979
0.99192, -0.0890792, -0.0903318

218
-0.0005172, -0.0109254, 0.0227969
-0.987138, -0.152372, 0.0483824
0.157607, -0.876813, 0.454268
-0.0267952, 0.456051, 0.88955

219
0.019555, -0.0035363, 0.0321885
0.0169524, 0.0810348, 0.996567
0.606834, -0.792982, 0.0541577
0.794648, 0.603832, -0.0626176

220
0.00818432, 0.0161827, 0.0134036
-0.0119455, -0.0411243, -0.999083
-0.15882, 0.986548, -0.0387095
0.987235, 0.158212, -0.0183161

221
-0.0500087, 0.016144, 0.012031
0.001011, -0.0341857, -0.999415
0.442789, -0.896086, 0.0310992
-0.896625, -0.442561, 0.0142311

222
-0.0126988, 0.00767292, -0.0303179
-0.775629, -0.629044, 0.0519904
-0.0309927, 0.120225, 0.992263
-0.630427, 0.768017, -0.112746

223
0.0457306, -0.0125498, 0.0180679
-0.0336548, -0.0308618, -0.998957
-0.544385, 0.838801, -0.00757361
0.83816, 0.543563, -0.0450304

224
-0.000253734, 0.0387996, 0.0104516
0.0714156, 0.00840091, 0.997411
0.728301, 0.682807, -0.0578981
-0.681526, 0.73055, 0.0426447

225
-0.0182754, -0.0138475, 0.00471423
0.0100095, -0.169266, -0.98552
0.996585, -0.0790911, 0.023706
-0.0819585, -0.982392, 0.167896

226
-0.0540356, -0.0156012, 0.0182528
0.27096, -0.962518, -0.0118293
0.885623, 0.24446, 0.394856
-0.377164, -0.117466, 0.918667

227
-0.0460515, -0.0247229, 0.0163182
-0.0142279, -0.0374993, -0.999195
0.960626, -0.277827, -0.00325202
-0.277481, -0.959899, 0.0399757

228
-0.000699462, -0.00213943, 0.014721
0.377046, 0.926165, 0.00732394
-0.839876, 0.34523, -0.418837
-0.39044, 0.15177, 0.908032

229
-0.00509375, 0.048636, 0.0202518
-0.0564613, -0.0319351, -0.997894
-0.747663, 0.663744, 0.0210616
0.661674, 0.747277, -0.0613525

230
0.00581705, 0.0488174, 0.0301706
-0.0653677, 0.0187745, -0.997685
-0.568777, 0.820801, 0.0527119
0.81989, 0.570906, -0.0429753

231
-0.0296812, -0.0433538, 0.0281522
-0.0759533, -0.0554818, -0.995567
0.97024, 0.226121, -0.0866225
0.229924, -0.972518, 0.036656

232
0.0330575, 0.048631, -0.00479459
0.0342345, -0.165961, -0.985538
-0.326145, 0.930275, -0.167985
0.9447, 0.327179, -0.02228

233
-0.0259048, -0.00325535, 0.0133408
-0.0436175, 0.00725877, -0.999022
-0.549207, -0.835494, 0.0179079
-0.834547, 0.549451, 0.0404288

234
0.0195601, 0.0205355, 0.0399663
-0.685435, 0.727406, -0.032558
-0.720487, -0.684022, -0.114074
-0.105248, -0.0547325, 0.992939

235
-0.0369545, -0.054312, 0.0249644
-0.0185882, -0.0439933, -0.998859
0.352727, -0.935085, 0.0346204
-0.935541, -0.351681, 0.0328992

236
0.00303792, -0.0208754, 0.029287
-0.0951611, -0.0515375, -0.994127
0.457105, 0.884885, -0.0896298
0.884307, -0.46295, -0.0606486

237
-0.0034309, 0.00411597, 0.0107192
-0.987138, -0.152372, 0.0483824
0.135356, -0.635546, 0.760105
-0.0850691, 0.756878, 0.647996

238
-0.0182372, 0.0231641, 0.0120707
0.0736173, -0.0145207, 0.997181
0.178428, 0.983952, 0.00115555
-0.981195, 0.17784, 0.0750268

239
-0.040143, -0.0350814, 0.0241767
-0.0185882, -0.0439933, -0.998859
-0.0321386, -0.998489, 0.044575
-0.999311, 0.0329305, 0.0171462

240
0.00820829, 0.0177965, 0.00760156
-0.0476657, -0.00369955, 0.998856
0.370234, -0.928829, 0.0142275
0.927715, 0.370489, 0.045643

241
0.0108123, -0.0502556, 0.016847
0.00739872, -0.00604653, 0.999954
-0.510587, -0.859825, -0.00142133
0.859794, -0.510553, -0.00944889

242
-0.00399428, -0.0114299, -0.00038146
0.445991, -0.880301, -0.161748
-0.478589, -0.387262, 0.788023
-0.756337, -0.27404, -0.594017

243
-0.000994801, -0.000515181, 0.0189042
-0.626242, 0.779544, 0.0114993
-0.729009, -0.580289, -0.363058
-0.276347, -0.235745, 0.931695

244
0.00669382, 0.0330916, 0.0200823
-0.0564613, -0.0319351, -0.997894
-0.437539, 0.899191, -0.00402019
0.897425, 0.43639, -0.0647423

245
-0.00512945, 0.048777, 0.0102173
0.0042808, -0.0331401, -0.999442
-0.750409, 0.660496, -0.0251153
0.66096, 0.750097, -0.0220411

246
-0.0163005, -0.0336874, 0.0235204
-0.0564613, -0.0319351, -0.997894
0.897425, 0.43639, -0.0647423
0.437539, -0.899191, 0.00402019

247
0.0418966, -0.0456638, 0.00818439
0.0239996, -0.0147138, 0.999604
-0.898402, 0.43828, 0.0280212
-0.438518, -0.898718, -0.00270041

248
0.00527968, -0.0126916, -0.00641142
0.827373, 0.560105, 0.0416682
-0.237124, 0.281094, 0.929924
0.509142, -0.779275, 0.365384

249
-0.00418322, 0.00422773, 0.00986741
-0.968432, -0.244528, 0.0484391
0.191058, -0.603286, 0.774302
-0.160116, 0.759113, 0.63096

250
-0.0171876, -0.0169613, 0.00450559
0.0342345, -0.165961, -0.985538
0.997599, -0.053727, 0.0437009
-0.0602026, -0.984668, 0.163724

251
-0.0451061, 0.0250015, 0.0150284
0.0103031, 0.019932, 0.999748
-0.205643, 0.978472, -0.0173886
-0.978573, -0.205413, 0.0141802

252
-0.0150063, 0.0478255, 0.0152505
-0.0252419, -0.0330531, -0.999135
-0.851699, 0.524015, 0.0041818
0.523423, 0.851067, -0.0413784

253
-0.0274454, 0.0091236, -0.0326539
0.377046, 0.926165, 0.00732394
0.0393131, -0.00810312, -0.999194
-0.92536, 0.37703, -0.0394657

254
0.00633922, 0.018518, 0.00415532
-0.1051, -0.0058599, 0.994444
0.443013, -0.895552, 0.0415436
0.890333, 0.444918, 0.0967184

255
-0.0255159, -0.0588094, 0.0129202
-0.0436175, 0.00725877, -0.999022
0.560848, -0.827357, -0.0304982
-0.826769, -0.56163, 0.0320162

256
0.0327321, -0.036717, 0.0296423
-0.00210757, 0.0725504, 0.997363
-0.0600925, -0.995571, 0.0722931
0.998191, -0.0597817, 0.00645797

257
-0.0450578, -0.0292897, 0.0216437
-0.0336548, -0.0308618, -0.998957
-0.20773, -0.977479, 0.0371966
-0.977607, 0.208765, 0.0264859

258
-0.0312993, -0.0412189, 0.0341463
-0.0975819, -0.0502522, -0.993958
0.985675, 0.133166, -0.103501
0.137562, -0.989819, 0.0365378

259
0.0293724, -0.0404154, 0.0350203
0.0169524, 0.0810348, 0.996567
-0.132805, -0.987697, 0.0825726
0.990997, -0.133749, -0.00598203

260
0.00599767, 0.0036334, 0.0148159
0.00234975, -0.0209145, 0.999779
0.567308, -0.823296, -0.018556
0.823502, 0.567226, 0.00993045

261
8.1922e-05, -0.0102048, 0.0222816
-0.968432, -0.244528, 0.0484391
0.237788, -0.847863, 0.473903
-0.0748128, 0.470461, 0.879244

262
-0.00656997, 0.0105301, 0.00884222
-0.130123, -0.0604832, -0.989651
-0.574844, -0.808658, 0.125004
-0.807851, 0.585161, 0.0704563

263
6.77461e-05, 0.049479, -0.000530921
0.0724263, -0.0813856, -0.994048
-0.64006, 0.760568, -0.108905
0.764904, 0.644138, 0.00299348

264
0.00532818, -0.0104789, 0.0189987
-0.775629, -0.629044, 0.0519904
0.570579, -0.663547, 0.483886
-0.269888, 0.404981, 0.873585

265
0.00678582, -0.0519058, 0.0136522
0.00234975, -0.0209145, 0.999779
-0.543717, -0.839111, -0.0162756
0.839265, -0.543559, -0.0133433

266
-0.0505191, 0.00592117, 0.0326115
0.0169524, 0.0810348, 0.996567
0.794648, 0.603832, -0.0626176
-0.606834, 0.792982, -0.0541577

267
-0.00471237, 0.000603618, 0.00683483
-0.73094, -0.682439, -0.00193248
0.429052, -0.461743, 0.776342
-0.530699, 0.566631, 0.630308

268
-0.010273, -0.0177969, 0.0169576
0.445991, -0.880301, -0.161748
-0.152721, -0.252913, 0.955359
-0.881912, -0.401379, -0.247237

269
-0.0152838, 0.00388861, 0.00325093
0.377046, 0.926165, 0.00732394
-0.62653, 0.260871, -0.734443
-0.682127, 0.27233, 0.67863

270
0.0177819, 0.0395047, 0.00831495
-0.0690215, -0.0285222, -0.997207
-0.922072, -0.379743, 0.0746825
-0.380813, 0.924652, -8.90418e-05

271
-0.0115109, 0.0474469, 0.0201283
-0.0571981, -0.0393167, -0.997588
-0.84397, 0.535696, 0.0272775
0.533331, 0.843495, -0.0638229

272
-0.0401368, -0.0352233, 0.00666225
-0.025281, 0.0515771, -0.998349
-0.031428, -0.998216, -0.0507743
-0.999186, 0.0300924, 0.0268568

273
0.0186833, -0.0312399, -0.0347544
0.344648, -0.608797, 0.714552
-0.276085, -0.79326, -0.542693
0.897215, -0.010239, -0.441475

274
-0.00943318, 0.0391351, 0.0101641
-0.114067, 0.190567, 0.975024
0.582047, 0.808174, -0.0898632
-0.805115, 0.55726, -0.203106

275
0.00927365, -0.0171836, 0.00867256
0.0235906, 0.0645171, 0.997638
-0.991105, 0.132251, 0.0148834
-0.130978, -0.989114, 0.067063

276
-0.00222788, -0.00216342, 0.0152802
0.864135, 0.502792, -0.0216948
-0.441797, 0.73725, -0.511153
-0.241009, 0.45129, 0.859216

277
0.0306761, -0.0098743, 0.00992231
0.017787, 0.0493126, 0.998625
-0.84335, -0.535762, 0.0414775
0.537071, -0.842928, 0.0320581

278
-0.0133472, 0.00825521, 0.00103823
0.418802, 0.868293, 0.265841
-0.382918, 0.434314, -0.815319
-0.823395, 0.239663, 0.514377

279
0.0357433, -0.0344397, 0.009957
-0.0316985, -0.0235567, 0.99922
0.0465, -0.998674, -0.0220687
0.998415, 0.0457642, 0.0327519

280
0.0164797, -0.0481085, 0.0265616
0.0169385, 0.049814, 0.998615
-0.407288, -0.911796, 0.0523916
0.913143, -0.407611, 0.00484423

281
0.00277839, 0.0102805, 0.00996553
-0.0316985, -0.0235567, 0.99922
0.94021, -0.339896, 0.0218135
0.339117, 0.940168, 0.0329225

282
-0.0248587, -0.00860562, 0.0108488
0.017787, 0.0493126, 0.998625
-0.818925, 0.573736, -0.0137451
-0.573625, -0.817554, 0.0505884

283
-0.00681202, -0.0658927, 0.0133916
0.00234975, -0.0209145, 0.999779
-0.823502, -0.567226, -0.00993045
0.567308, -0.823296, -0.018556

284
-0.0275029, -0.0435004, -0.000979294
0.14536, -0.0229686, -0.989112
0.96607, 0.21902, 0.136887
0.213491, -0.97545, 0.054026

285
0.0122098, 0.0182088, -0.0311189
0.805521, -0.592566, 0.00108076
-0.0754393, -0.104359, -0.991674
0.587745, 0.798733, -0.128766

286
0.0633172, 0.0462656, 0.0149495
0.166196, 0.0141075, -0.985992
-0.986041, -0.0078709, -0.166317
-0.010107, 0.99987, 0.0126025

287
-0.0347487, -0.0536102, -0.000612157
-0.1051, -0.0058599, 0.994444
-0.992094, -0.0683382, -0.105254
0.0685753, -0.997645, 0.00136876

288
-0.0230984, -0.0603896, 0.0013237
-0.0657632, -0.0416337, 0.996966
-0.95117, -0.299356, -0.0752435
0.30158, -0.953233, -0.0199141

289
-0.00756671, -0.0153472, -0.000925705
-0.596517, 0.697943, -0.396286
-0.233822, -0.623458, -0.746075
-0.767785, -0.352386, 0.535098

290
-0.021223, -0.00905625, 0.0129221
0.001011, -0.0341857, -0.999415
0.947109, -0.320691, 0.0119275
-0.320911, -0.946567, 0.0320534

291
-0.00673857, -0.0207679, 0.0296838
-0.0653677, 0.0187745, -0.997685
0.81989, 0.570906, -0.0429753
0.568777, -0.820801, -0.0527119

292
0.0230595, -0.0588051, 0.036623
0.0169524, 0.0810348, 0.996567
-0.501934, -0.861329, 0.0785763
0.86474, -0.501543, 0.0260725

293
-0.0160223, 0.00396007, 0.0118741
0.0714156, 0.00840091, 0.997411
0.033075, 0.999395, -0.0107858
-0.996898, 0.0337597, 0.0710945

294
0.00237932, -0.0175076, 0.0194061
-0.958524, -0.284909, 0.00769563
0.270805, -0.901991, 0.33627
-0.0888649, 0.324407, 0.941734

295
-0.0326314, 0.0158538, 0.0113297
-0.0342003, -0.00465914, 0.999404
0.991044, 0.128996, 0.0345156
-0.12908, 0.991634, 0.00020571

296
-0.0253784, -0.053045, 0.0126379
-0.914786, 0.402899, -0.0289711
-0.336128, -0.799032, -0.498563
-0.224019, -0.446341, 0.866369

297
0.00786005, 0.00522181, 0.0172043
0.00739872, -0.00604653, 0.999954
0.598953, -0.80073, -0.00927355
0.80075, 0.598994, -0.00230279

298
-0.0109784, 0.0196174, 0.00827368
-0.0358747, 0.091742, 0.995136
0.291099, 0.953556, -0.0774145
-0.95602, 0.286906, -0.0609145

299
-0.051103, 0.00961138, 0.0106685
-0.0342003, -0.00465914, 0.999404
0.866209, 0.498659, 0.031967
-0.49851, 0.866786, -0.0130185

300
