0
0.00954978, 0.0103214, 0.0197017
0.756845, -0.653429, -0.0146988
0.561432, 0.638444, 0.526482
-0.334634, -0.406717, 0.850059

1
0.00121743, -0.000605002, -0.0225324
0.153004, 0.987935, 0.0239616
0.116949, 0.0059752, -0.99312
-0.981281, 0.154754, -0.114624

2
-0.026287, 0.0277498, 0.00446922
-0.0786612, 0.37337, 0.924341
-0.355475, 0.855759, -0.375918
-0.93137, -0.35815, 0.0654088

3
-0.0323675, -0.0553115, 0.0234145
-0.184153, -0.0263328, 0.982545
-0.802854, -0.57265, -0.165822
0.567021, -0.819377, 0.0843142

4
0.0060553, -0.047076, 0.033086
-0.986522, -0.161572, 0.025882
0.162898, -0.984696, 0.0619517
0.0154763, 0.0653328, 0.997744

5
0.00412716, 0.014321, 0.0213565
0.947986, -0.318227, -0.00737876
0.28434, 0.836162, 0.469024
-0.143086, -0.446726, 0.883155

6
-0.0378993, -0.0491638, 0.0246498
-0.082565, 0.178803, -0.980414
-0.160258, -0.973352, -0.164019
-0.983616, 0.143577, 0.10902

7
-0.012011, 0.0385632, 0.0165029
0.278355, -0.00305952, -0.960473
-0.439256, 0.888887, -0.130133
0.85415, 0.458117, 0.246083

8
-0.00684987, 0.00423472, 0.0186691
0.140133, -0.181632, -0.973331
0.789625, 0.613589, -0.000816509
0.597373, -0.768452, 0.229406

9
0.0289225, -0.0714252, 0.00962308
-0.395109, -0.0711899, -0.915872
0.842062, -0.426566, -0.33011
-0.367179, -0.901651, 0.228486

10
-0.0232183, 0.0244868, -0.0196134
0.77652, 0.629993, -0.0112099
-0.0110714, -0.004146, -0.99993
-0.629995, 0.77659, 0.00375547

11
0.02867, -0.0713962, 0.0179661
-0.203457, 0.0592584, -0.977289
0.878512, -0.429604, -0.208942
-0.432229, -0.901071, 0.0353465

12
0.0153947, 0.0190371, -0.0233791
0.729285, -0.684201, -0.00360282
-0.0515808, -0.0497274, -0.99743
0.682263, 0.727596, -0.0715571

13
0.0281237, 0.0505413, 0.023008
0.0710138, -0.178256, -0.981418
0.0354867, 0.983731, -0.176109
0.996844, -0.0223212, 0.0761842

14
-0.00101531, -0.000891839, -0.0203161
-0.99347, -0.113596, -0.0106322
0.00255084, 0.0710509, -0.997469
0.114064, -0.990983, -0.0702972

15
0.00773881, 0.0116416, 0.0176047
0.833193, -0.552561, -0.0215974
0.45734, 0.666605, 0.588624
-0.310854, -0.500314, 0.808119

16
0.0289233, 0.0230669, 0.0117386
0.0536629, -0.304377, -0.951039
0.550911, 0.803372, -0.226031
0.832837, -0.511809, 0.210796

17
0.0229208, 0.00633201, -0.0266928
0.294518, -0.955644, 0.00176866
-0.0738609, -0.0246082, -0.996965
0.952787, 0.293494, -0.0778323

18
0.0214042, -0.0121887, -0.0269875
-0.3778, -0.92587, 0.00568456
-0.0796622, 0.026388, -0.996473
0.922454, -0.37692, -0.0837263

19
-0.00532411, 0.0220838, -0.0531246
-0.998824, -0.0137226, 0.0465079
-0.0363333, 0.846965, -0.530405
-0.032112, -0.531471, -0.846468

20
0.00779751, -0.0752062, 0.00999286
-0.112136, -0.174309, 0.978285
-0.545888, -0.811828, -0.207222
0.830321, -0.557271, -0.00411843

21
0.0062817, -0.028661, -0.0250311
-0.94706, -0.320819, 0.0123087
-0.0259562, 0.0382975, -0.998929
0.320004, -0.946366, -0.0445973

22
-0.0118091, -0.0223393, 0.0285741
-0.101138, 0.172056, -0.979882
-0.639855, -0.765449, -0.0683613
-0.761811, 0.620068, 0.187507

23
-0.006199, -0.0165202, 0.0157715
-0.959301, 0.28215, -0.0115518
-0.208551, -0.6803, 0.702637
0.19039, 0.676449, 0.711455

24
0.00600712, -0.000551073, 0.0157992
-0.290588, -0.0312904, -0.956336
0.14701, -0.989058, -0.0123088
-0.945487, -0.144168, 0.292009

25
0.0146884, 0.000614101, 0.0211773
-0.130515, 0.991445, -0.00141145
-0.871959, -0.115463, -0.475768
-0.471861, -0.0608643, 0.87957

26
-0.00511159, 0.0161065, 0.0210638
-0.981874, -0.189528, 0.00136556
0.165629, -0.861524, -0.479941
0.0921385, -0.471015, 0.8773

27
0.0165754, 0.0441757, -0.0231563
0.810374, -0.585769, 0.013018
0.00638972, -0.0133815, -0.99989
0.585878, 0.810368, -0.00710114

28
0.0501326, 0.0236131, 0.0386073
-0.42864, 0.9026, -0.0397714
-0.895865, -0.418915, 0.148109
0.117022, 0.0991151, 0.988171

29
-0.0132953, 0.0215779, -0.0268732
0.901719, 0.432203, -0.0101478
0.0260815, -0.0778147, -0.996627
-0.431535, 0.898413, -0.0814395

30
0.000370402, -0.00181006, -0.0229128
0.38769, 0.921781, 0.00391194
0.280041, -0.113736, -0.953227
-0.878222, 0.370652, -0.302231

31
0.0022514, -0.0174883, 0.0168517
-0.975434, -0.219631, 0.017023
0.184345, -0.771523, 0.608908
-0.120602, 0.597088, 0.793058

32
0.00626534, -0.0206025, 0.0196216
-0.120906, -0.169319, 0.978117
0.496324, -0.86365, -0.0881526
0.859677, 0.474804, 0.188457

33
-0.0437736, -0.0412001, 0.0209852
0.688942, -0.724766, 0.00855716
0.676155, 0.646896, 0.352619
-0.261102, -0.237148, 0.935728

34
-0.0451141, -0.0413631, 0.0126089
-0.0377294, 0.231696, -0.972056
-0.316289, -0.925507, -0.208324
-0.947912, 0.299591, 0.108202

35
0.00508555, -0.0087694, 0.0292141
-0.128876, 0.15349, -0.97971
-0.786558, -0.61748, 0.0067282
-0.603919, 0.771466, 0.200307

36
-0.0540921, -0.0312514, 0.0161532
0.201738, -0.0553558, -0.977874
0.979359, 0.0241708, 0.200676
0.0125274, -0.998174, 0.0590893

37
-0.0227971, 0.0105684, -0.027667
0.501309, 0.865225, -0.00862918
0.0799004, -0.0562196, -0.995216
-0.861571, 0.498221, -0.0973152

38
-0.00483169, 0.0154562, 0.0188667
-0.984494, -0.175418, 0.00094723
0.145671, -0.820529, -0.552732
0.0977364, -0.544023, 0.833359

39
0.0434518, 0.0456954, -0.00371451
0.716738, -0.697331, -0.00405494
-0.0155949, -0.0102149, -0.999826
0.697168, 0.716677, -0.0181962

40
-0.0559519, -0.0282766, 0.0154527
0.203125, -0.0491582, -0.977918
0.978842, -0.0149662, 0.204069
-0.0246674, -0.998679, 0.0450781

41
0.0174389, -0.0181352, -0.0271043
-0.617551, -0.786486, 0.00842543
-0.0728753, 0.0465492, -0.996254
0.783148, -0.615851, -0.0860619

42
-0.00806915, -0.0768645, 0.00773349
-0.145572, 0.181353, -0.972584
0.57231, -0.786445, -0.232305
-0.807013, -0.590437, 0.0106943

43
0.0565523, -0.000927341, 0.0387838
-0.00202839, 0.999598, -0.0282757
-0.992102, 0.00153468, 0.125423
0.125416, 0.0283068, 0.9917

44
-0.0178286, -0.0168533, 0.0288522
-0.082565, 0.178803, -0.980414
-0.808841, -0.58674, -0.0388907
-0.582202, 0.789789, 0.193068

45
-0.00898969, 0.000427323, 0.0175
0.278355, -0.00305952, -0.960473
0.293374, 0.952475, 0.0819889
0.914576, -0.3046, 0.266024

46
6.93415e-05, -0.0132186, 0.016284
-0.986522, -0.161572, 0.025882
0.12613, -0.650088, 0.749318
-0.104243, 0.742482, 0.661705

47
-0.00383033, -0.00869963, -0.0081595
0.947986, -0.318227, -0.00737876
0.0998815, 0.275373, 0.956135
-0.302236, -0.907139, 0.292835

48
-0.00590967, -0.0648471, -0.00183559
-0.998498, 0.0538718, 0.0100004
-0.0111464, -0.0210153, -0.999717
-0.0536464, -0.998327, 0.0215842

49
0.0505617, -0.0281156, 0.0136487
0.214918, 0.0816198, 0.973216
-0.974426, -0.0490186, 0.219296
0.0656046, -0.995457, 0.0689975

50
-0.00914337, 0.000437703, 0.0317356
0.190232, -0.0376506, -0.981017
0.364656, 0.930484, 0.0350004
0.911503, -0.364392, 0.190737

51
0.00729977, -0.00244578, 0.0140543
0.124227, 0.992041, -0.0205378
-0.495577, 0.0440996, -0.867444
-0.859634, 0.117938, 0.497111

52
0.0111877, 0.0562977, 0.0115505
0.140133, -0.181632, -0.973331
-0.249724, 0.944767, -0.212256
0.958123, 0.272808, 0.0870354

53
-0.00117262, -0.00855055, 0.015481
0.0324896, 0.288332, -0.956979
-0.997082, -0.0568297, -0.0509735
-0.0690821, 0.955843, 0.285644

54
-0.0170882, -0.00577918, 0.0179637
0.26034, -0.965517, 0.000889444
0.729406, 0.196072, -0.65538
0.632606, 0.17127, 0.755299

55
0.0150029, -0.0202754, 0.0262598
-0.210023, -0.0254993, -0.977364
0.414309, -0.907787, -0.0653457
-0.885572, -0.418655, 0.201221

56
-0.013166, 0.00349684, -0.0232897
0.416866, 0.908936, -0.00765599
0.00568836, -0.0110312, -0.999923
-0.90895, 0.41679, -0.00976891

57
0.0507515, 0.0322117, 0.0169116
-0.209621, 0.0497714, -0.976515
-0.971507, -0.123568, 0.202248
-0.110599, 0.991087, 0.0742557

58
-0.0253346, -0.00702032, -0.0275404
-0.214251, 0.976774, -0.00286987
0.093194, 0.0175168, -0.995494
-0.972323, -0.213553, -0.0947826

59
-0.00812533, -0.0178775, -0.0157334
0.919778, -0.39243, -0.00273163
0.0579603, 0.128956, 0.989955
-0.388136, -0.910697, 0.141357

60
0.00685208, -0.00173016, 0.0139679
-0.00202839, 0.999598, -0.0282757
-0.495531, -0.0255648, -0.868214
-0.868588, 0.0122504, 0.495383

61
0.0469778, -0.0342132, 0.0107386
-0.0377294, 0.231696, -0.972056
-0.446625, 0.866275, 0.223817
0.893925, 0.442589, 0.070797

62
-0.0151123, 0.00961815, -0.0371266
0.61635, 0.787447, -0.00631219
0.17458, -0.144455, -0.973989
-0.767876, 0.599217, -0.226507

63
-0.00385281, 0.00587002, 0.0151869
-0.969371, -0.239428, 0.0547155
0.0632572, -0.458665, -0.886355
0.237314, -0.855746, 0.459762

64
0.0317498, -0.0465916, 0.0263361
-0.815236, -0.557549, 0.15662
0.469664, -0.794732, -0.384468
0.338831, -0.239873, 0.909755

65
-0.0213779, -0.00323628, 0.0178233
0.0853587, -0.99635, 0.000482053
0.869326, 0.07424, -0.488631
0.486812, 0.042128, 0.87249

66
-0.00387826, -0.00459951, -0.0150409
0.833193, -0.552561, -0.0215974
0.103582, 0.117585, 0.987646
-0.543195, -0.825137, 0.155206

67
0.0122706, 0.016088, 0.0281187
0.0710138, -0.178256, -0.981418
0.729968, 0.679819, -0.0706572
0.679782, -0.711386, 0.178398

68
-0.00277592, 0.0111087, 0.0159793
-0.99347, -0.113596, -0.0106322
0.0824593, -0.65049, -0.755025
0.0788518, -0.750971, 0.65561

69
-0.00275095, 0.00215866, 0.0166429
0.0536629, -0.304377, -0.951039
0.978458, 0.206166, -0.0107728
0.199351, -0.929973, 0.308883

70
0.00517837, -0.0050144, 0.0147043
-0.395109, -0.0711899, -0.915872
-0.367179, -0.901651, 0.228486
-0.842062, 0.426566, 0.33011

71
0.00635588, -0.00486249, 0.0266459
-0.203457, 0.0592584, -0.977289
-0.432229, -0.901071, 0.0353465
-0.878512, 0.429604, 0.208942

72
-0.0265089, 0.0544438, 0.025826
0.0813924, 0.177745, 0.980705
0.0417607, 0.982497, -0.181536
-0.995807, 0.0557306, 0.072545

73
0.0570121, 0.0149504, 0.0260522
0.0813924, 0.177745, 0.980705
-0.733671, -0.655323, 0.179662
0.674613, -0.734138, 0.0770682

74
-0.00175778, 0.0561676, 0.0335243
-0.998824, -0.0137226, 0.0465079
0.0212788, -0.985879, 0.166101
0.0435718, 0.166895, 0.985011

75
-0.0541226, -0.0312978, 0.0242316
0.190232, -0.0376506, -0.981017
0.981667, 0.0194262, 0.189612
0.0119185, -0.999102, 0.0406558

76
0.0567258, -0.00812317, 0.0387813
0.124227, 0.992041, -0.0205378
-0.983848, 0.125837, 0.127315
0.128886, 0.0043902, 0.99165

77
-0.0492509, 0.0375886, 0.0211025
-0.0197796, -0.194743, -0.980655
0.412709, -0.894971, 0.169404
-0.910648, -0.401375, 0.0980746

78
-0.0060779, 0.0594522, 0.020249
0.158015, -0.10708, -0.981614
-0.497737, 0.849932, -0.172839
0.852812, 0.515897, 0.0810044

79
-0.0166482, 0.00336909, 0.0198049
-0.316989, -0.948374, 0.0102573
0.749323, -0.257058, -0.610276
0.581406, -0.185765, 0.792123

80
-0.0673183, -0.0214295, -0.000129742
0.294518, -0.955644, 0.00176866
0.432854, 0.13505, 0.89129
-0.851995, -0.261736, 0.45343

81
-0.0277586, -0.0499981, 0.0295705
-0.870435, 0.476803, 0.122482
-0.4881, -0.803535, -0.34072
-0.0640377, -0.356358, 0.932153

82
0.00925722, 0.00658007, -0.020238
0.598898, -0.800786, 0.00792724
0.0457958, 0.0243641, -0.998654
0.799515, 0.598455, 0.0512642

83
-0.0195046, 0.00607333, 0.0174337
-0.366433, -0.930396, -0.00949623
0.806333, -0.312445, -0.502201
0.464278, -0.19168, 0.864699

84
-0.0514978, -0.0579542, 0.0131554
-0.200995, -0.0260593, 0.979246
-0.971659, -0.121657, -0.202676
0.124414, -0.99223, -0.000868296

85
0.0146267, -0.00885817, 0.0232023
0.416866, 0.908936, -0.00765599
-0.837584, 0.380843, -0.391679
-0.353096, 0.16969, 0.92007

86
0.00653224, 0.0161889, 0.0256335
0.919778, -0.39243, -0.00273163
0.380772, 0.890724, 0.248243
-0.094985, -0.229368, 0.968694

87
-0.00819726, -0.00358461, 0.0162237
0.383394, -0.923582, -0.00242085
0.442967, 0.186182, -0.876993
0.810425, 0.335161, 0.480498

88
0.018127, -0.000116734, 0.0221472
-0.0619812, 0.998075, -0.00218468
-0.957088, -0.0600565, -0.283505
-0.28309, -0.015481, 0.958968

89
0.0348544, -0.042934, 0.0296852
-0.764008, -0.638757, 0.0910081
0.581482, -0.742788, -0.33188
0.27959, -0.200639, 0.938921

90
-0.0445159, 0.00923547, 0.0259011
0.0718483, -0.176177, -0.981733
0.915458, -0.379083, 0.135026
-0.395947, -0.908437, 0.134046

91
-0.0350084, 0.0377899, -0.0227558
0.86264, 0.505784, 0.00594069
0.00466533, 0.00378835, -0.999982
-0.505797, 0.862652, 0.00090833

92
-0.0265701, -0.0110336, -0.0516509
0.383394, -0.923582, -0.00242085
-0.810425, -0.335161, -0.480498
0.442967, 0.186182, -0.876993

93
0.0125052, -0.0135019, 0.0205165
0.66118, 0.750142, -0.0113079
-0.697801, 0.609371, -0.376484
-0.275526, 0.256815, 0.926354

94
0.0155129, -0.0569691, 0.0252984
-0.493671, -0.268256, -0.827241
0.652102, -0.743537, -0.148041
-0.575371, -0.612529, 0.541993

95
-0.000425468, 0.000298349, -0.0150591
0.416103, -0.909159, -0.0169969
0.0792105, 0.0548612, -0.995347
0.905861, 0.412821, 0.0948428

96
-0.0471269, -0.0413197, 0.0208286
-0.02269, 0.193532, -0.980831
-0.37147, -0.912477, -0.171452
-0.928168, 0.360459, 0.0925957

97
-0.0278401, -0.0293322, 0.0271986
0.740377, -0.672189, 0.00194035
0.672187, 0.74038, 0.00147968
-0.00243122, 0.000208758, 0.999997

98
0.0216467, 0.0733728, 0.0192334
0.0718483, -0.176177, -0.981733
-0.36735, 0.910414, -0.190263
0.927304, 0.37431, 0.000693034

99
-0.022048, 0.00155624, -0.0382321
-0.404181, -0.909444, 0.0977248
-0.696061, 0.236503, -0.677912
0.593411, -0.342022, -0.728619

100
0.00905257, -0.00431213, -0.0238271
-0.21932, -0.975637, 0.00557814
-0.0212419, -0.000941025, -0.999774
0.975422, -0.219389, -0.020518

101
-0.00108689, -0.00261981, -0.0186455
-0.846223, -0.532795, -0.00610173
-0.0144935, 0.034464, -0.999301
0.532632, -0.845542, -0.0368863

102
0.0188785, -0.0587901, 0.0224333
-0.0818056, -0.160784, 0.983594
-0.0967599, -0.980958, -0.168401
0.99194, -0.108949, 0.0646904

103
0.0213574, -0.0357447, 0.0124039
-0.0833405, -0.233491, 0.968781
0.379288, -0.906425, -0.185833
0.921518, 0.35196, 0.164102

104
-0.00821025, 0.00118802, 0.0155727
-0.404181, -0.909444, 0.0977248
0.281869, -0.225481, -0.932582
0.870165, -0.349386, 0.347479

105
-0.00940819, 0.00426684, 0.0257328
0.158015, -0.10708, -0.981614
0.59742, 0.801881, 0.00869584
0.786206, -0.58781, 0.190681

106
-0.0200734, 0.00250296, 0.0229897
-0.21932, -0.975637, 0.00557814
0.893043, -0.203049, -0.401553
0.392903, -0.0830871, 0.915819

107
-0.010072, 0.00618962, 0.015637
-0.700912, -0.71204, 0.0414934
0.396429, -0.437274, -0.807239
0.592931, -0.549354, 0.588764

108
0.00501754, 0.0175934, 0.0170184
-0.272245, 0.00074048, -0.962228
-0.326118, -0.940886, 0.091545
-0.905279, 0.338722, 0.256393

109
-0.0605254, 0.0199464, 0.0228073
0.0718483, -0.176177, -0.981733
0.694251, -0.697871, 0.176045
-0.716138, -0.694217, 0.0721703

110
-0.0331726, 0.0344342, -0.00362544
0.86264, 0.505784, 0.00594069
-0.18925, 0.333623, -0.923515
-0.469081, 0.795537, 0.383516

111
-0.0348497, 0.0675039, 0.0150211
0.203125, -0.0491582, -0.977918
-0.894892, 0.396005, -0.205786
0.397376, 0.916932, 0.0364472

112
-0.00374766, -0.0124761, -0.0248955
-0.983559, 0.180386, 0.0084706
-0.000768066, 0.0427274, -0.999086
-0.180583, -0.982667, -0.0418864

113
-0.0331107, 0.019285, -0.0482182
-0.739451, -0.658258, 0.141097
-0.660111, 0.667815, -0.343913
0.132157, -0.347447, -0.92834

114
0.015059, 0.00298564, 0.0162448
-0.247897, 0.968786, -0.000881476
-0.814554, -0.208924, -0.541158
-0.52445, -0.133434, 0.84092

115
0.0572391, -0.00607688, 0.0141362
-0.128443, 0.180073, -0.975231
-0.819055, 0.535189, 0.206694
0.559153, 0.825316, 0.0787488

116
-0.00360744, -0.0215426, -0.0312286
-0.998329, 0.0567689, 0.0108066
-0.00106537, 0.168891, -0.985634
-0.0577785, -0.983999, -0.168548

117
0.00106662, 0.00499191, 0.0161694
0.0739029, 0.294177, 0.952889
-0.920247, 0.38832, -0.0485113
-0.384297, -0.873308, 0.299413

118
-0.00274271, -0.0225834, 0.0255389
-0.18273, -0.0578916, 0.981457
0.0846061, -0.995488, -0.042967
0.979516, 0.0751859, 0.186803

119
0.00513705, 0.00120246, 0.0149484
-0.42864, 0.9026, -0.0397714
-0.450947, -0.251882, -0.856272
-0.782889, -0.349097, 0.514992

120
0.0610059, 0.00943064, -0.00707917
0.172644, -0.98498, 0.00303947
-0.0245214, -0.00738286, -0.999672
0.984679, 0.172513, -0.0254277

121
0.00320737, -0.00720328, 0.0147928
-0.764008, -0.638757, 0.0910081
0.27959, -0.200639, 0.938921
-0.581482, 0.742788, 0.33188

122
0.0261032, -0.00565762, 0.0268817
0.153004, 0.987935, 0.0239616
-0.861831, 0.14526, -0.485949
-0.483567, 0.0537013, 0.873659

123
-0.00605624, -0.00661716, -0.0308563
0.756845, -0.653429, -0.0146988
-0.094311, -0.131436, 0.986828
-0.646754, -0.74549, -0.161102

124
-0.0118284, -0.0213542, 0.0189344
-0.237108, 0.0320921, 0.970953
-0.318462, -0.946796, -0.0464752
0.917803, -0.320231, 0.234713

125
-0.00444176, -0.000691655, 0.0193888
-0.50586, -0.862594, 0.0061633
0.726211, -0.429714, -0.536622
0.465535, -0.266979, 0.8438

126
-0.00124537, -0.00785743, 0.0188924
-0.0377294, 0.231696, -0.972056
-0.996795, -0.07739, 0.0202432
-0.0705372, 0.969705, 0.233873

127
0.00999403, 0.0197638, 0.028001
0.0718483, -0.176177, -0.981733
0.716138, 0.694217, -0.0721703
0.694251, -0.697871, 0.176045

128
-0.0104531, -0.0217084, 0.0225446
-0.200995, -0.0260593, 0.979246
-0.256895, -0.963257, -0.0783628
0.945307, -0.267313, 0.186916

129
-0.00837469, 0.00854439, 0.0172253
-0.846223, -0.532795, -0.00610173
0.36638, -0.573519, -0.732695
0.386877, -0.622259, 0.68053

130
-0.00554782, -0.00885206, 0.0165709
-0.0833405, -0.233491, 0.968781
0.919809, -0.392066, -0.0153662
0.383414, 0.889812, 0.247442

131
-0.0062498, 0.0234868, 0.0321575
-0.984494, -0.175418, 0.00094723
0.172115, -0.964884, 0.198433
-0.0338949, 0.195519, 0.980114

132
0.00777285, -0.0225125, 0.0274398
-0.0818056, -0.160784, 0.983594
0.632988, -0.77068, -0.0733345
0.769827, 0.616604, 0.16482

133
0.0529753, 0.00752264, 0.0421187
-0.167197, 0.985891, -0.00806747
-0.98445, -0.166494, 0.0560088
0.0538753, 0.0173065, 0.998398

134
0.000201996, -0.00281958, 0.00978703
0.66118, 0.750142, -0.0113079
-0.539245, 0.464707, -0.702327
-0.52159, 0.470462, 0.711765

135
-0.00177484, 0.00102757, 0.0195041
-0.998329, 0.0567689, 0.0108066
-0.0537881, -0.844464, -0.532904
-0.0211266, -0.532595, 0.846106

136
0.00354778, -0.0424386, 0.0176859
-0.159517, -0.129835, 0.97862
-0.0607243, -0.988146, -0.140997
0.985326, -0.0819175, 0.149742

137
0.0481308, 0.0234701, -0.00603951
-0.395109, -0.0711899, -0.915872
-0.918477, 0.0490485, 0.39242
0.0169858, 0.996256, -0.0847658

138
0.0534382, 0.0235015, 0.0185639
-0.203457, 0.0592584, -0.977289
-0.977046, 0.0520773, 0.206564
0.0631352, 0.996883, 0.0473028

139
-0.00118038, -0.00255773, 0.0216786
0.901719, 0.432203, -0.0101478
-0.388705, 0.800247, -0.456633
-0.189237, 0.415699, 0.889597

140
-0.0126082, -0.0611052, 0.0233423
-0.128876, 0.15349, -0.97971
0.256945, -0.949041, -0.182485
-0.957794, -0.27525, 0.0828703

141
-0.0043659, -0.0024684, 0.0192259
0.661396, -0.750036, -0.00130325
0.629972, 0.556462, -0.541743
0.407052, 0.357486, 0.840543

142
-0.000637327, 0.0108568, 0.0157963
-0.991431, 0.120354, 0.05079
-0.116862, -0.643399, -0.756558
-0.0583763, -0.756011, 0.651951

143
0.0116932, 0.0698892, 0.0140027
-0.983559, 0.180386, 0.0084706
-0.127148, -0.725064, 0.676843
0.128234, 0.664638, 0.736079

144
-0.0371287, -0.024762, 0.0191858
0.203125, -0.0491582, -0.977918
0.913772, 0.368351, 0.171285
0.351797, -0.928386, 0.119741

145
0.0036467, 0.0106932, -0.0236764
0.861647, -0.507439, -0.00835683
0.014371, 0.0408556, -0.999062
0.507304, 0.860719, 0.0424955

146
-0.0431965, 0.00463775, 0.0178769
-0.120906, -0.169319, 0.978117
0.984173, 0.108157, 0.140377
-0.129559, 0.979609, 0.153562

147
-0.00254175, -0.000278172, -0.0357546
-0.975434, -0.219631, 0.017023
-0.0408757, 0.256388, 0.965709
-0.216465, 0.94129, -0.259067

148
0.0145412, -0.00799662, 0.0304492
0.38769, 0.921781, 0.00391194
-0.704204, 0.298913, -0.644009
-0.594805, 0.246921, 0.765008

149
-0.00974596, -0.0194268, -0.0121035
0.902237, -0.431225, -0.00358828
0.0954258, 0.191528, 0.976837
-0.420549, -0.881682, 0.213954

150
0.0419813, -0.0417898, 0.00621753
-0.290588, -0.0312904, -0.956336
0.929775, -0.245303, -0.274492
-0.226003, -0.968941, 0.100375

151
-0.0178526, -0.0768373, 0.0196287
-0.101138, 0.172056, -0.979882
0.45896, -0.865793, -0.199395
-0.882682, -0.469893, 0.00859826

152
-0.0185532, -0.0581239, 0.0255465
-0.959301, 0.28215, -0.0115518
-0.255707, -0.885297, -0.388411
-0.119817, -0.369649, 0.921414

153
0.0352586, -0.0262631, 0.0255391
0.207145, 0.0410178, 0.97745
-0.88335, 0.437243, 0.168855
-0.420457, -0.898408, 0.126806

154
0.012171, 0.0122027, -0.0317434
0.661396, -0.750036, -0.00130325
-0.134988, -0.117325, -0.983877
0.73779, 0.650908, -0.178844

155
0.0153337, -0.0369385, 0.0247952
0.901719, 0.432203, -0.0101478
-0.408667, 0.859803, 0.306152
0.141045, -0.271916, 0.951928

156
-0.0224324, 0.00163841, -0.0371053
-0.667547, -0.715842, 0.204821
-0.624316, 0.388242, -0.677863
0.405722, -0.580378, -0.706081

157
-0.032344, -0.0539866, 0.0218345
-0.102851, 0.175605, -0.979073
-0.0659293, -0.983332, -0.169443
-0.992509, 0.0471222, 0.112714

158
-0.00971771, 0.0388731, 0.0213382
0.201738, -0.0553558, -0.977874
-0.386358, 0.912943, -0.131387
0.900016, 0.404316, 0.162788

159
0.000371893, -0.00123801, 0.021371
-0.214251, 0.976774, -0.00286987
-0.862645, -0.190594, -0.468527
-0.458192, -0.0979065, 0.883445

160
-0.00309613, 0.000933148, 0.0189356
-0.97513, -0.221249, 0.013058
0.177705, -0.815706, -0.550495
0.132448, -0.534483, 0.834737

161
-0.0192528, -0.0384119, 0.01824
-0.128443, 0.180073, -0.975231
-0.203151, -0.9673, -0.151853
-0.970686, 0.178615, 0.160825

162
-0.00642413, -0.00675126, 0.0205599
-0.112136, -0.174309, 0.978285
0.830321, -0.557271, -0.00411843
0.545888, 0.811828, 0.207222

163
-0.0084207, 0.0167424, 0.0271452
-0.94706, -0.320819, 0.0123087
0.320004, -0.946366, -0.0445973
0.0259562, -0.0382975, 0.998929

164
-0.0112247, 0.00672053, -0.0254675
0.66118, 0.750142, -0.0113079
-0.012484, -0.00406962, -0.999914
-0.750123, 0.661264, 0.00667403

165
0.0173807, 0.00138274, 0.0294777
-0.167197, 0.985891, -0.00806747
-0.734207, -0.129967, -0.66637
-0.658016, -0.105492, 0.745578

166
0.000959514, -0.0232194, 0.0198138
-0.159517, -0.129835, 0.97862
0.320966, -0.944276, -0.0729609
0.933561, 0.302465, 0.192301

167
-0.000665245, 0.0192128, 0.0264805
-0.998329, 0.0567689, 0.0108066
-0.0577785, -0.983999, -0.168548
0.00106537, -0.168891, 0.985634

168
0.0147357, -0.0123013, -0.0314445
-0.50586, -0.862594, 0.0061633
-0.152189, 0.0822125, -0.984926
0.849084, -0.499172, -0.172865

169
-0.0548681, -0.0552063, 0.00954295
-0.237108, 0.0320921, 0.970953
-0.969809, -0.0664682, -0.234632
0.0570077, -0.997272, 0.0468834

170
0.00764272, 0.0166345, 0.0264166
0.902237, -0.431225, -0.00358828
0.425054, 0.887862, 0.176152
-0.0727752, -0.160456, 0.984356

171
-0.0025, 0.00104503, -0.0162905
-0.975434, -0.219631, 0.017023
0.0450732, -0.123344, 0.99134
-0.21563, 0.967754, 0.130214

172
0.00199087, 0.00819907, -0.0429544
0.861647, -0.507439, -0.00835683
-0.18086, -0.291637, -0.939275
0.474188, 0.810835, -0.343064

173
-0.023872, 0.00297884, 0.0199784
-0.120906, -0.169319, 0.978117
0.958837, -0.274956, 0.0709262
0.25693, 0.94643, 0.195593

174
0.00333073, -0.00321695, 0.015215
0.38769, 0.921781, 0.00391194
-0.422978, 0.181667, -0.887743
-0.819015, 0.342515, 0.460324

175
-0.00217714, -0.000269747, 0.0229667
-0.998498, 0.0538718, 0.0100004
-0.0452973, -0.914291, 0.402516
0.0308275, 0.401459, 0.915358

176
0.00627506, -0.00775169, 0.0211397
-0.176657, 0.129487, -0.975718
-0.625298, -0.780327, 0.00965534
-0.760128, 0.61182, 0.218818

177
-0.00416007, -0.00243703, 0.0161122
0.657269, -0.753656, -0.000422704
0.631615, 0.551142, -0.545257
0.411169, 0.358113, 0.838269

178
0.00164291, -0.0210554, -0.0394699
-0.815236, -0.557549, 0.15662
-0.304248, 0.642441, 0.703351
-0.492772, 0.525745, -0.693375

179
-0.0234263, 0.00578424, 0.0336386
-0.316989, -0.948374, 0.0102573
0.940968, -0.313123, 0.128585
-0.118735, 0.0504119, 0.991645

180
-0.0117541, 0.0124564, 0.0318485
-0.739451, -0.658258, 0.141097
0.374711, -0.576561, -0.726065
0.559289, -0.484018, 0.672995

181
-0.0173469, -0.00241315, -0.0205484
-0.0619812, 0.998075, -0.00218468
-0.10472, -0.00868, -0.994464
-0.992568, -0.0614093, 0.105057

182
-0.00316119, -0.0192919, 0.0271846
-0.998498, 0.0538718, 0.0100004
-0.0536464, -0.998327, 0.0215842
0.0111464, 0.0210153, 0.999717

183
-0.00279642, -0.0250112, 0.0204916
-0.176657, 0.129487, -0.975718
-0.286811, -0.955061, -0.0748175
-0.941558, 0.26663, 0.205856

184
-0.0637076, 0.0234562, 0.0200097
-0.366433, -0.930396, -0.00949623
0.737508, -0.296657, 0.606694
-0.567283, 0.215309, 0.794879

185
-0.017536, -0.0130172, 0.0243115
0.598898, -0.800786, 0.00792724
0.75618, 0.562224, -0.334806
0.263651, 0.206509, 0.942254

186
-0.00939654, -0.0170428, 0.0317739
-0.870435, 0.476803, 0.122482
-0.245951, -0.636731, 0.730809
0.42644, 0.605997, 0.671503

187
-0.069208, 0.0209774, 0.0235464
-0.316989, -0.948374, 0.0102573
0.823903, -0.269996, 0.498284
-0.46979, 0.166401, 0.866953

188
-0.0308442, 0.00372241, -0.0501405
-0.164422, -0.986319, -0.0118538
-0.893684, 0.154044, -0.421426
0.417487, -0.0586981, -0.906785

189
0.0125076, 0.00102646, 0.0241824
0.172644, -0.98498, 0.00303947
0.984679, 0.172513, -0.0254277
0.0245214, 0.00738286, 0.999672

190
0.0145525, -0.0131199, 0.0228982
0.61635, 0.787447, -0.00631219
-0.767876, 0.599217, -0.226507
-0.17458, 0.144455, 0.973989

191
0.0431171, -0.0399833, 0.0277081
-0.666772, -0.73663, 0.113099
0.626908, -0.636447, -0.449357
0.402991, -0.228716, 0.886164

192
-0.00181622, -0.00589088, 0.0161752
-0.128743, -0.286354, 0.949435
0.986819, -0.13165, 0.0941056
0.0980459, 0.949036, 0.299529

193
0.016917, 0.0129088, 0.024669
-0.0197796, -0.194743, -0.980655
0.910648, 0.401375, -0.0980746
0.412709, -0.894971, 0.169404

194
0.000548718, -0.00223414, 0.0178842
0.615905, 0.787794, -0.00650285
-0.643389, 0.49821, -0.581237
-0.454655, 0.362171, 0.813708

195
-0.00468592, -0.00234463, 0.0168995
0.294341, -0.9557, 0.00135919
0.759083, 0.232921, -0.607899
0.580652, 0.179961, 0.794013

196
0.0407426, -0.0412651, 0.0112771
-0.128743, -0.286354, 0.949435
0.287057, -0.927175, -0.240716
0.949223, 0.241551, 0.201567

197
0.0462448, 0.0590739, 0.0149097
-0.0197796, -0.194743, -0.980655
-0.0328037, 0.980445, -0.19404
0.999266, 0.0283311, -0.0257811

198
0.0636552, -0.0115798, 0.0312682
0.153004, 0.987935, 0.0239616
-0.95134, 0.140687, 0.274152
0.267473, -0.064742, 0.961388

199
0.0196395, -0.00128763, 0.0286951
-0.00202839, 0.999598, -0.0282757
-0.790205, -0.0189308, -0.61255
-0.612839, 0.0211011, 0.789926

200
0.0013495, 0.00827816, 0.031953
0.0799177, 0.17879, 0.980636
-0.944501, 0.328061, 0.0171606
-0.31864, -0.927583, 0.195085

201
0.0212857, 0.000283852, 0.0177252
-0.145572, 0.181353, -0.972584
-0.964596, -0.244533, 0.0987795
-0.219915, 0.952531, 0.210529

202
-0.0110264, -0.00284098, -0.027949
-0.130515, 0.991445, -0.00141145
0.102258, 0.0120454, -0.994685
-0.986159, -0.129966, -0.102956

203
0.000524262, -0.00220422, 0.0148572
0.61635, 0.787447, -0.00631219
-0.642616, 0.498323, -0.581995
-0.455144, 0.362769, 0.813168

204
-0.0140998, 0.0534709, 0.0419402
-0.969371, -0.239428, 0.0547155
0.243457, -0.96613, 0.0855711
0.0323742, 0.096271, 0.994829

205
0.0572369, 0.00876766, -0.00784793
0.172644, -0.98498, 0.00303947
0.354165, 0.0591971, -0.933307
0.919109, 0.162207, 0.359066

206
7.07781e-05, -0.00619129, -0.00443585
-0.764008, -0.638757, 0.0910081
0.035784, 0.0988862, 0.994455
-0.644214, 0.763028, -0.0526925

207
-0.000969374, 0.0218474, 0.0251735
0.158015, -0.10708, -0.981614
0.251076, 0.965787, -0.0649366
0.954983, -0.236199, 0.179494

208
0.0695321, 0.00782644, 0.0160062
-0.130515, 0.991445, -0.00141145
-0.769627, -0.100417, 0.630548
0.625012, 0.0833825, 0.776149

209
0.00770612, -0.0235211, 0.0233112
-0.209621, 0.0497714, -0.976515
0.110599, -0.991087, -0.0742557
-0.971507, -0.123568, 0.202248

210
0.00906123, 0.0101681, 0.0271901
0.716738, -0.697331, -0.00405494
0.697168, 0.716677, -0.0181962
0.0155949, 0.0102149, 0.999826

211
-0.00630117, -0.00358858, -0.0027989
-0.667547, -0.715842, 0.204821
-0.154569, -0.135861, -0.978596
0.728347, -0.684918, -0.0199535

212
0.0277168, -0.063355, 3.04179e-05
0.901719, 0.432203, -0.0101478
-0.189237, 0.415699, 0.889597
0.388705, -0.800247, 0.456633

213
-0.0154781, -0.0199106, 0.0261745
-0.102851, 0.175605, -0.979073
-0.748429, -0.662, -0.0401137
-0.655191, 0.728641, 0.199515

214
-0.0161395, -0.0148563, 0.0300703
0.729285, -0.684201, -0.00360282
0.682263, 0.727596, -0.0715571
0.0515808, 0.0497274, 0.99743

215
0.0231326, -0.0112593, -0.0521883
0.38769, 0.921781, 0.00391194
0.819015, -0.342515, -0.460324
-0.422978, 0.181667, -0.887743

216
0.0112233, -0.0580905, 0.0137451
-0.120906, -0.169319, 0.978117
-0.25693, -0.94643, -0.195593
0.958837, -0.274956, 0.0709262

217
0.0105351, -0.0535099, 0.0267658
-0.975434, -0.219631, 0.017023
0.21563, -0.967754, -0.130214
0.0450732, -0.123344, 0.99134

218
-0.0160442, -0.0148559, 0.0197487
0.688942, -0.724766, 0.00855716
0.662741, 0.625114, -0.41232
0.293487, 0.289736, 0.910999

219
-0.00338821, -0.00177371, 0.0216278
-0.3778, -0.92587, 0.00568456
0.821751, -0.338131, -0.458687
0.426606, -0.168621, 0.88858

220
-0.0117076, 0.000762399, -0.0224638
-0.739451, -0.658258, 0.141097
-0.37332, 0.226534, -0.899619
0.560218, -0.717898, -0.413252

221
-0.00107593, 0.000404134, 0.0110409
-0.983559, 0.180386, 0.0084706
-0.128234, -0.664638, -0.736079
-0.127148, -0.725064, 0.676843

222
-0.00902992, 0.0400749, 0.021763
0.203125, -0.0491582, -0.977918
-0.351797, 0.928386, -0.119741
0.913772, 0.368351, 0.171285

223
0.0515382, 0.0123263, 0.0230626
-0.247897, 0.968786, -0.000881476
-0.946819, -0.242083, 0.211964
0.205134, 0.0533799, 0.977277

224
-0.00229309, 0.00141469, 0.00854148
-0.981874, -0.189528, 0.00136556
0.117762, -0.615695, -0.779136
0.148508, -0.764852, 0.626854

225
0.0270534, 0.0644146, 0.00720126
0.919778, -0.39243, -0.00273163
0.23347, 0.552774, -0.799958
0.315438, 0.735146, 0.60005

226
-0.0424316, 0.00664197, 0.0258762
0.0710138, -0.178256, -0.981418
0.907383, -0.39708, 0.137779
-0.414261, -0.900307, 0.133549

227
-0.0541029, 0.0213394, 0.00760664
0.0536629, -0.304377, -0.951039
0.558616, -0.780287, 0.281248
-0.827689, -0.546358, 0.128157

228
0.0405732, 0.0461666, 0.023623
0.756845, -0.653429, -0.0146988
0.524012, 0.62008, -0.583877
0.390637, 0.434202, 0.811709

229
-0.00774478, 0.0533415, 0.0290464
-0.99347, -0.113596, -0.0106322
0.104405, -0.942739, 0.316769
-0.0460071, 0.31359, 0.948443

230
0.0268282, 0.0569627, 0.00393199
0.902237, -0.431225, -0.00358828
0.0727752, 0.160456, -0.984356
0.425054, 0.887862, 0.176152

231
0.0231982, 0.034581, 0.0230675
-0.210023, -0.0254993, -0.977364
-0.659613, -0.734182, 0.160897
-0.721665, 0.678474, 0.137375

232
-0.0703083, -0.0201229, 0.0249254
0.26034, -0.965517, 0.000889444
0.863583, 0.233266, 0.447002
-0.431796, -0.115604, 0.894532

233
0.0470188, -0.0354282, 0.00901901
0.0324896, 0.288332, -0.956979
-0.44539, 0.861336, 0.244394
0.894747, 0.418289, 0.156405

234
-0.0331927, 0.0399292, 0.047663
-0.739451, -0.658258, 0.141097
0.660438, -0.749943, -0.0375261
0.130517, 0.0654373, 0.989284

235
0.000891325, -0.00120694, 0.0130727
-0.0619812, 0.998075, -0.00218468
-0.7759, -0.0495606, -0.628906
-0.627803, -0.0372852, 0.777479

236
-0.0617668, 0.00887113, 0.0138468
-0.159517, -0.129835, 0.97862
0.933561, 0.302465, 0.192301
-0.320966, 0.944276, 0.0729609

237
0.000105114, -0.00221262, 0.0213097
0.501309, 0.865225, -0.00862918
-0.765412, 0.438782, -0.47076
-0.403527, 0.242601, 0.882219

238
-0.0237592, 0.0337201, 0.0182022
0.10288, 0.198274, 0.974732
-0.322934, 0.933509, -0.155804
-0.940813, -0.298745, 0.160069

239
-0.0178104, -0.0143457, 0.0233548
0.657269, -0.753656, -0.000422704
0.740884, 0.646233, -0.18296
0.138162, 0.11994, 0.98312

240
-0.0125557, 0.0257241, -0.052119
-0.969371, -0.239428, 0.0547155
-0.237314, 0.855746, -0.459762
0.0632572, -0.458665, -0.886355

241
0.00265785, -0.0751531, 0.00973263
-0.120906, -0.169319, 0.978117
-0.604303, -0.769167, -0.207847
0.787527, -0.616209, -0.00932287

242
0.00467035, -0.0155995, -0.0401386
-0.666772, -0.73663, 0.113099
-0.424969, 0.500475, 0.754272
-0.612223, 0.454864, -0.646748

243
-0.00448021, -0.00399761, 0.00839203
0.688942, -0.724766, 0.00855716
0.49998, 0.466653, -0.729558
0.524766, 0.506901, 0.683865

244
0.0126698, -0.0630888, 0.0254979
-0.975434, -0.219631, 0.017023
0.181967, -0.846886, -0.499671
0.12416, -0.484299, 0.866048

245
-0.0274428, 0.0503935, 0.0277334
-0.413639, -0.352242, 0.839541
0.770181, -0.627124, 0.116347
0.485514, 0.694724, 0.530693

246
0.0402653, 0.00818821, 0.0259558
-0.153448, 0.130477, -0.979505
-0.987948, -0.0406435, 0.149356
-0.020323, 0.990618, 0.135141

247
-0.0586418, -0.0337648, 0.0239766
0.502505, -0.864223, -0.0246574
0.788846, 0.446631, 0.422187
-0.353851, -0.231602, 0.906173

248
-0.00336723, -0.00127678, 0.021573
-0.617551, -0.786486, 0.00842543
0.695646, -0.551159, -0.460761
0.367026, -0.278682, 0.887484

249
-0.00959732, -0.0223112, 0.0181345
-0.145572, 0.181353, -0.972584
-0.526569, -0.846452, -0.0790191
-0.837576, 0.50063, 0.218714

250
-0.0168575, 0.0218865, 0.0286547
-0.846223, -0.532795, -0.00610173
0.486542, -0.767991, -0.416494
0.21722, -0.355416, 0.909118

251
-0.0246069, -0.00473685, 0.0159231
-0.0833405, -0.233491, 0.968781
0.996519, -0.0217053, 0.0804954
0.00223275, 0.972117, 0.234487

252
-0.0131171, 0.0619852, 0.0242613
-0.984494, -0.175418, 0.00094723
0.146043, -0.816614, 0.558402
-0.0971803, 0.549881, 0.82957

253
-0.00726884, -0.010113, 0.0282157
-0.0818056, -0.160784, 0.983594
0.879405, -0.476052, -0.00467814
0.468994, 0.864594, 0.180338

254
-0.00448113, -0.00106598, 0.0118207
-0.21932, -0.975637, 0.00557814
0.674707, -0.155797, -0.721455
0.704748, -0.154466, 0.692438

255
-0.00612879, -0.00179661, -0.00359396
-0.404181, -0.909444, 0.0977248
-0.0725851, -0.0746131, -0.994567
0.911795, -0.409079, -0.0358548

256
0.0295239, 0.062601, 0.00417079
0.902237, -0.431225, -0.00358828
0.229897, 0.488012, -0.842016
0.364849, 0.758874, 0.53944

257
-0.029068, -0.0708896, 0.0177883
-0.18273, -0.0578916, 0.981457
-0.872577, -0.450419, -0.189026
0.45301, -0.890938, 0.0317901

258
-0.0295816, 0.0498854, 0.00468687
0.0739029, 0.294177, 0.952889
0.00288133, 0.955435, -0.295186
-0.997261, 0.0245607, 0.0697619

259
0.0174204, -0.0073213, 0.0256048
0.296647, 0.954964, -0.0066466
-0.925055, 0.285613, -0.250396
-0.237221, 0.0804277, 0.968121

260
0.012114, 0.0405195, 0.0276415
0.207145, 0.0410178, 0.97745
0.420457, 0.898408, -0.126806
-0.88335, 0.437243, 0.168855

261
0.00352416, 0.000345702, 0.0216491
0.214918, 0.0816198, 0.973216
-0.433507, 0.900924, 0.0201756
-0.875147, -0.426232, 0.229007

262
0.0350297, -0.0193223, 0.0147517
-0.0377294, 0.231696, -0.972056
-0.754718, 0.630962, 0.179687
0.654963, 0.740408, 0.151059

263
-0.0254923, 0.00543956, 0.0279745
0.0718483, -0.176177, -0.981733
0.997295, -0.00258345, 0.0734508
-0.0154766, -0.984355, 0.175515

264
-0.0151387, 0.00960147, -0.0340813
0.615905, 0.787794, -0.00650285
0.173832, -0.143945, -0.974198
-0.768403, 0.598883, -0.225601

265
0.0562008, 0.0112511, 0.0143332
0.10288, 0.198274, 0.974732
-0.745616, -0.633243, 0.207508
0.658386, -0.748125, 0.0826881

266
-0.00700047, 0.0185753, 0.0262918
-0.97513, -0.221249, 0.013058
0.214864, -0.958152, -0.189151
0.0543609, -0.181641, 0.981861

267
-0.0116712, -0.0205832, 0.0205335
-0.128443, 0.180073, -0.975231
-0.559153, -0.825316, -0.0787488
-0.819055, 0.535189, 0.206694

268
-0.00253955, -0.00610575, -0.038754
-0.986522, -0.161572, 0.025882
-0.0480401, 0.437186, 0.898087
-0.156421, 0.884739, -0.439056

269
0.0375051, -0.0141269, 0.0246895
-0.082565, 0.178803, -0.980414
-0.847414, 0.505134, 0.163488
0.524473, 0.844316, 0.109814

270
0.0338378, 0.0507041, 0.0250658
0.833193, -0.552561, -0.0215974
0.462208, 0.717329, -0.521348
0.303569, 0.424401, 0.853071

271
-0.050771, -0.0341696, 0.00550154
0.278355, -0.00305952, -0.960473
0.957228, 0.083083, 0.27715
0.078951, -0.996538, 0.0260553

272
0.000623137, -0.00216243, 0.017129
0.296647, 0.954964, -0.0066466
-0.763859, 0.233094, -0.60182
-0.573167, 0.183605, 0.798604

273
0.0235211, 0.0560456, 0.0245725
0.207145, 0.0410178, 0.97745
0.726495, 0.662695, -0.181771
-0.655207, 0.747765, 0.107475

274
-0.0207354, 0.00533792, 0.0270224
-0.3778, -0.92587, 0.00568456
0.922454, -0.37692, -0.0837263
0.0796622, -0.026388, 0.996473

275
0.00220438, -0.00216618, -0.012985
-0.366433, -0.930396, -0.00949623
0.241869, -0.0853939, -0.966544
0.898458, -0.35647, 0.256325

276
-0.0667105, -0.0307759, 0.0243631
0.416103, -0.909159, -0.0169969
0.806594, 0.360402, 0.468526
-0.419839, -0.208665, 0.883286

277
0.0342009, -0.0240888, 0.0223471
-0.02269, 0.193532, -0.980831
-0.715359, 0.682211, 0.151159
0.698388, 0.705077, 0.122966

278
0.0251676, 0.0197245, -0.00533322
-0.493671, -0.268256, -0.827241
-0.781122, -0.281364, 0.557389
-0.382279, 0.921343, -0.07064

279
-0.0536854, 0.00644491, 0.0401553
-0.164422, -0.986319, -0.0118538
0.985421, -0.164781, 0.0423355
-0.0437096, -0.00472009, 0.999033

280
-0.00659689, -0.0019761, 0.00515301
0.0853587, -0.99635, 0.000482053
0.616858, 0.0524671, -0.785324
0.782433, 0.0673316, 0.619085

281
-0.0604061, -0.0215364, 0.0230612
-0.0607633, -0.171421, 0.983322
0.697758, 0.697154, 0.164651
-0.713751, 0.696126, 0.0772494

282
-0.0179895, 0.00338984, -0.0158438
0.296647, 0.954964, -0.0066466
-0.13484, 0.0349939, -0.990249
-0.94542, 0.29465, 0.139148

283
0.00229845, 0.00733822, 0.0319727
0.0813924, 0.177745, 0.980705
-0.904024, 0.427474, -0.0024479
-0.419661, -0.886382, 0.195479

284
-0.00190185, 0.00630905, 0.015719
-0.998824, -0.0137226, 0.0465079
-0.032112, -0.531471, -0.846468
0.0363333, -0.846965, 0.530405

285
0.0186218, 0.00278148, 0.0269735
-0.214251, 0.976774, -0.00286987
-0.972323, -0.213553, -0.0947826
-0.093194, -0.0175168, 0.995494

286
-0.00575054, 0.0198659, 0.0232326
0.201738, -0.0553558, -0.977874
-0.0125274, 0.998174, -0.0590893
0.979359, 0.0241708, 0.200676

287
0.0283994, 0.0495873, 0.00735472
-0.290588, -0.0312904, -0.956336
-0.817258, -0.51169, 0.265071
-0.497642, 0.8586, 0.123119

288
-0.00244175, -0.00597364, -0.0386457
-0.959301, 0.28215, -0.0115518
0.0960886, 0.364618, 0.926186
0.265535, 0.887381, -0.37689

289
0.0412623, -0.00611906, 0.0259444
-0.101138, 0.172056, -0.979882
-0.948684, 0.279944, 0.147073
0.299617, 0.944472, 0.134913

290
-0.0598718, -0.0182058, 0.0096432
-0.0833405, -0.233491, 0.968781
0.706224, 0.672042, 0.222726
-0.703066, 0.702738, 0.108888

291
-0.0452287, -0.00594369, 0.0257401
-0.0818056, -0.160784, 0.983594
0.953462, 0.274741, 0.12421
-0.290205, 0.94798, 0.130826

292
0.0192684, 0.0594082, 0.0221277
0.947986, -0.318227, -0.00737876
0.241007, 0.732707, -0.636441
0.207939, 0.601558, 0.77129

293
-0.0362883, 0.0527854, 0.0253795
-0.846223, -0.532795, -0.00610173
0.497635, -0.794368, 0.348337
-0.190439, 0.291735, 0.937349

294
-0.00825236, -0.000195571, -0.050315
-0.316989, -0.948374, 0.0102573
-0.581406, 0.185765, -0.792123
0.749323, -0.257058, -0.610276

295
-0.00307579, -0.00159017, 0.0217633
0.294518, -0.955644, 0.00176866
0.851995, 0.261736, -0.45343
0.432854, 0.13505, 0.89129

296
-0.00339142, 0.00125779, -0.0376259
-0.846223, -0.532795, -0.00610173
-0.21722, 0.355416, -0.909118
0.486542, -0.767991, -0.416494

297
0.0132517, -0.0771453, 0.0189649
-0.0818056, -0.160784, 0.983594
-0.468994, -0.864594, -0.180338
0.879405, -0.476052, -0.00467814

298
0.0302795, -0.0146559, 0.0398601
0.38769, 0.921781, 0.00391194
-0.878222, 0.370652, -0.302231
-0.280041, 0.113736, 0.953227

299
0.00102467, -0.0202503, -0.0322588
-0.97513, -0.221249, 0.013058
-0.0543609, 0.181641, -0.981861
0.214864, -0.958152, -0.189151

300
-0.0615347, -0.00116016, 0.0146064
-0.120906, -0.169319, 0.978117
0.859677, 0.474804, 0.188457
-0.496324, 0.86365, 0.0881526

301
0.00144091, 0.00663559, -0.00472197
0.861647, -0.507439, -0.00835683
0.207414, 0.367128, -0.90675
0.463188, 0.779566, 0.421585

302
-5.58644e-05, -0.0022169, 0.012206
0.416866, 0.908936, -0.00765599
-0.638702, 0.286915, -0.71396
-0.646747, 0.302516, 0.700145

303
0.0592463, 0.00519558, 0.0225837
-0.153448, 0.130477, -0.979505
