0
0.000153095, 0.000279022, -0.00867362
0.896738, -0.44254, -0.00447273
-0.00394658, 0.00210972, -0.99999
0.442545, 0.896746, 0.000145347

1
0.0111313, 0.0138108, -0.0119394
-0.272572, -0.9621, 0.00832214
-0.00724349, -0.00659741, -0.999952
0.962108, -0.272619, -0.00517069

2
0.00536428, 3.97274e-05, -0.0117317
0.531961, -0.846769, 0.000277276
-0.000712504, -0.000775064, -0.999999
0.846769, 0.53196, -0.00101563

3
0.00324023, -0.0058368, -0.00992611
0.654725, 0.755848, -0.00537218
0.0153084, -0.0203655, -0.999675
-0.755712, 0.65443, -0.0249046

4
-0.0129922, 0.0252994, 0.00946149
-0.942061, -0.335171, 0.0134308
0.150785, -0.458896, -0.875601
0.29964, -0.822845, 0.482847

5
0.00102978, 0.000439609, -0.0121147
-0.600071, 0.799946, 0.00102229
0.00632744, 0.00602437, -0.999962
-0.799921, -0.600042, -0.00867666

6
-0.0428081, 0.0417441, 0.0351246
0.740413, 0.672076, -0.0101301
-0.626565, 0.695574, 0.35156
0.243321, -0.253952, 0.936111

7
-0.0044461, -0.00358954, -0.0122277
0.759411, -0.65061, -0.00130071
-0.00810261, -0.00745851, -0.999939
0.650561, 0.759375, -0.0109357

8
-0.0674243, -0.0736447, 0.0105376
0.742037, -0.670359, 0.000550533
0.429129, 0.475644, 0.767862
-0.515005, -0.569545, 0.640616

9
0.0588251, -0.0083378, 0.0331491
0.114951, 0.99337, -0.0017308
-0.831164, 0.0952261, -0.547812
-0.544015, 0.0644099, 0.8366

10
-0.00885276, -0.00933226, -0.0147794
0.826016, -0.563641, -0.00256598
-0.0370449, -0.0497456, -0.998075
0.562428, 0.824521, -0.0619707

11
0.0095891, 0.00357146, -0.0118321
0.722593, -0.691271, -0.00184312
-0.00342281, -0.000911642, -0.999994
0.691265, 0.722595, -0.00302484

12
0.057592, -0.00665224, 0.0313484
0.0934129, 0.995626, -0.00178892
-0.916626, 0.0852992, -0.390538
-0.388678, 0.0381211, 0.920585

13
-0.0275594, 0.0126626, 0.0413169
0.572209, -0.820107, -0.00112334
0.820066, 0.572193, -0.00933031
0.00829462, 0.00441768, 0.999956

14
0.0106371, 0.0221625, -0.011917
0.554421, -0.832236, -0.000406202
-0.00415608, -0.00228063, -0.999989
0.832226, 0.554417, -0.00472326

15
-0.0281479, -0.0011264, -0.026179
-0.0326169, -0.999468, 0.000505461
-0.289824, 0.00897419, -0.957038
0.956524, -0.0313621, -0.289962

16
0.0405451, -0.0601537, -0.00880537
-0.911864, -0.41039, 0.00920326
-0.00941426, -0.00150665, -0.999955
0.410385, -0.911909, -0.00248966

17
-0.00593581, 0.0361861, -0.01153
0.714849, 0.699231, -0.00815559
-0.00794071, -0.00354514, -0.999962
-0.699233, 0.714887, 0.00301815

18
-0.004247, -0.0793103, -0.0117037
-0.935031, -0.354542, 0.0041656
-0.00405708, -0.00104944, -0.999991
0.354543, -0.93504, -0.000457146

19
0.0792257, -0.00405414, -0.0089223
-0.329884, -0.943999, 0.00644304
-0.00668364, -0.00448941, -0.999968
0.943998, -0.329917, -0.00482836

20
0.0125333, -0.000685208, -0.0204653
-0.0828504, 0.99656, -0.00211648
0.115465, 0.00748981, -0.993283
-0.98985, -0.0825383, -0.115688

21
-0.0115893, -0.0186899, 0.0344549
0.722593, -0.691271, -0.00184312
0.637336, 0.667242, -0.385476
0.267698, 0.277367, 0.922716

22
-0.00509743, 0.0346715, -0.00859316
0.864554, 0.50246, -0.00893396
-0.00860579, -0.00297222, -0.999959
-0.502466, 0.864595, 0.00175442

23
-0.0381235, -0.050572, 0.0347699
0.80189, -0.597447, 0.00543633
0.556667, 0.743788, -0.370001
0.217013, 0.299727, 0.929015

24
-0.00623883, -0.00337079, -0.0125442
0.40383, -0.914833, 0.00127409
-0.0152817, -0.0081382, -0.99985
0.914706, 0.40375, -0.0172666

25
0.0504813, -0.032333, 0.0322334
0.48706, 0.873236, -0.0152364
-0.770676, 0.421517, -0.477894
-0.410892, 0.244505, 0.878286

26
0.0444676, -0.00679699, -0.0360715
0.114951, 0.99337, -0.0017308
0.544015, -0.0644099, -0.8366
-0.831164, 0.0952261, -0.547812

27
-0.0240884, -0.0558931, -0.0112857
-0.886684, 0.462335, 0.00617377
-0.00912878, -0.00415475, -0.99995
-0.462286, -0.886696, 0.0079045

28
0.0035912, 0.00547843, -0.0117707
0.82073, -0.57131, -0.002556
-0.00312434, -1.44575e-05, -0.999995
0.571307, 0.820734, -0.00179683

29
0.0178902, -0.059875, -0.00861046
-0.966287, -0.257259, 0.0103685
-0.0096571, -0.00402874, -0.999945
0.257287, -0.966334, 0.00140854

30
-0.0640369, -0.00882568, 0.0109456
0.527612, -0.849485, -0.000244472
0.333566, 0.206912, 0.91974
-0.781255, -0.485348, 0.392529

31
0.00398764, 0.0137483, -0.0165868
-0.94595, 0.324292, 0.00367375
0.0478458, 0.150751, -0.987413
-0.320764, -0.933868, -0.158119

32
0.00521372, 0.0107804, -0.0117764
0.266773, -0.963759, -5.82203e-05
-0.00185598, -0.000453335, -0.999998
0.963757, 0.266773, -0.00190966

33
-0.0323842, 0.0127165, -0.00837509
0.725452, 0.688227, -0.00797163
-0.0099925, -0.00104929, -0.99995
-0.6882, 0.725495, 0.00611589

34
-0.00753882, 0.0131463, -0.0190815
-0.955908, -0.293465, 0.0109037
-0.0537505, 0.138339, -0.988925
0.288707, -0.945907, -0.148013

35
0.0174976, 0.0418209, -0.00921489
0.527612, -0.849485, -0.000244472
-0.00920162, -0.00542733, -0.999943
0.849435, 0.527585, -0.0106802

36
0.016786, 0.0104452, -0.00535848
-0.523945, 0.851751, 0.00177254
-0.108624, -0.0647544, -0.991972
-0.844798, -0.519931, 0.126448

37
-0.0180857, -0.00839791, -0.0167089
0.368377, -0.929673, 0.0026242
-0.148315, -0.061555, -0.987023
0.917769, 0.363208, -0.16056

38
-0.00511664, -0.00183153, -0.00926378
0.0745378, -0.997218, -0.000212064
-0.0116413, -0.0006575, -0.999932
0.99715, 0.0745352, -0.011658

39
0.055409, 0.0153357, 0.0329893
-0.277405, 0.960749, -0.00291734
-0.857981, -0.249096, -0.449244
-0.432337, -0.122119, 0.893405

40
-0.0267105, 0.0936832, 0.00896772
-0.972699, -0.231579, 0.0151123
0.170093, -0.66711, 0.725281
-0.157878, 0.708051, 0.688287

41
-0.000682259, 0.0804415, 0.0240995
0.999925, -0.0117794, -0.00327382
0.00795302, 0.830083, -0.557584
0.00928553, 0.557516, 0.830114

42
0.0125722, 0.00696137, -0.0164561
-0.475696, 0.879607, 0.00222193
0.13574, 0.0759041, -0.987833
-0.869073, -0.469607, -0.155505

43
-0.00616348, -0.0139867, 0.00441624
-0.963294, 0.268362, 0.00688184
-0.0801246, -0.311888, 0.946734
0.256213, 0.911432, 0.321942

44
0.0540937, 0.0160383, -0.0121815
0.191999, -0.981376, 0.00613824
-0.00864678, -0.00794597, -0.999931
0.981357, 0.191932, -0.0100114

45
-0.0227113, 0.0535742, 0.0333475
-0.942061, -0.335171, 0.0134308
0.318499, -0.906328, -0.277719
0.105256, -0.257351, 0.960568

46
0.0125206, 0.00901403, 0.0233663
-0.600071, 0.799946, 0.00102229
-0.561156, -0.420034, -0.713215
-0.570104, -0.428554, 0.700944

47
0.00119643, -0.00602814, -0.0125583
0.83078, 0.556555, -0.00721386
0.00377425, -0.0185932, -0.99982
-0.556588, 0.830603, -0.0175474

48
0.00314264, -0.0877553, 0.0368379
-0.997841, -0.064088, 0.0143488
0.0543338, -0.928316, -0.3678
0.0368918, -0.366227, 0.929794

49
-0.0181351, -0.0985834, 0.00273106
-0.987383, 0.15811, 0.00872697
-0.0288539, -0.125454, -0.99168
-0.1557, -0.979419, 0.128433

50
-0.0471558, -0.000595545, 0.0238396
-0.0199638, -0.999784, -0.00584193
0.350456, -0.00152534, -0.936578
0.936367, -0.020745, 0.35041

51
-0.0494948, -0.039561, 0.0360243
0.630925, -0.775835, -0.00377107
0.69262, 0.56543, -0.447846
0.349587, 0.279945, 0.894103

52
0.0747847, 0.0557289, 0.0169704
-0.600071, 0.799946, 0.00102229
-0.570104, -0.428554, 0.700944
0.561156, 0.420034, 0.713215

53
-0.000599043, 0.0939498, 0.000912869
0.999925, -0.0117794, -0.00327382
-0.000942231, 0.192734, -0.981251
0.0121895, 0.98118, 0.192708

54
0.0037187, -0.0258336, -0.0102461
-0.978127, -0.207785, 0.00959914
0.0277838, -0.0847761, 0.996013
-0.206143, 0.974494, 0.0886949

55
0.0149549, -0.0172234, -0.0212831
0.690099, 0.723689, -0.00621735
0.178257, -0.178297, -0.967696
-0.701419, 0.666697, -0.252045

56
0.0143618, 0.00679791, 0.0383167
0.428305, -0.903627, 0.0035594
0.903609, 0.428261, -0.00912359
0.00671997, 0.00712399, 0.999952

57
0.0205553, 0.0294812, 0.00708719
-0.886684, 0.462335, 0.00617377
-0.168475, -0.335485, 0.926858
0.43059, 0.82079, 0.375361

58
0.00782135, 0.0556053, 0.0356839
-0.987442, 0.157677, 0.00983905
-0.144399, -0.875521, -0.461098
-0.06409, -0.456728, 0.887295

59
0.0592063, 0.0278547, -0.0121371
0.428305, -0.903627, 0.0035594
-0.00671997, -0.00712399, -0.999952
0.903609, 0.428261, -0.00912359

60
0.00535156, 0.0168244, -0.0192397
-0.95399, 0.299831, 0.00206657
0.0613905, 0.202067, -0.977446
-0.293486, -0.932347, -0.211177

61
-0.00902586, -0.0230067, -0.00506457
-0.979897, 0.199137, 0.0120707
-0.0146301, -0.132068, 0.991133
0.198966, 0.971032, 0.132326

62
-0.00450503, 0.0977841, 0.0414019
-0.999358, -0.0345372, -0.00952291
0.0311505, -0.968971, 0.245202
-0.017696, 0.244748, 0.969425

63
0.0195262, -0.099595, 0.00383692
-0.978127, -0.207785, 0.00959914
0.0532186, -0.2946, -0.954138
0.201084, -0.932757, 0.299214

64
0.000613115, 0.00329162, -0.0129722
-0.96334, 0.268267, 0.00306308
0.00397863, 0.0257014, -0.999662
-0.268255, -0.963002, -0.0258265

65
-0.0171378, 0.0551732, 0.0349925
-0.972699, -0.231579, 0.0151123
0.210952, -0.909445, -0.358341
0.096728, -0.34537, 0.933469

66
0.0291199, 0.00759833, -0.0153387
-0.277405, 0.960749, -0.00291734
0.071092, 0.0174986, -0.997316
-0.958119, -0.276867, -0.0731558

67
-0.010956, 0.0423138, -0.0166604
-0.983752, -0.179249, 0.0100764
-0.0807209, 0.391482, -0.916638
0.160362, -0.902558, -0.399591

68
-0.0158429, -0.0590792, 0.0366354
-0.979897, 0.199137, 0.0120707
-0.189419, -0.947656, 0.257036
0.0626245, 0.249583, 0.966326

69
-0.00287378, 0.0503641, 0.0421951
-0.999358, -0.0345372, -0.00952291
0.0282698, -0.596927, -0.801798
0.0220074, -0.801552, 0.59752

70
-0.0294288, -0.0974082, 0.000892362
-0.963294, 0.268362, 0.00688184
-0.0240231, -0.0606426, -0.99787
-0.267373, -0.961408, 0.0648635

71
-0.00452893, 0.0938193, 0.0582896
-0.999358, -0.0345372, -0.00952291
0.0355513, -0.988874, -0.144446
-0.00442819, -0.144692, 0.989467

72
-0.0100631, -0.0292295, 0.0133963
-0.979897, 0.199137, 0.0120707
-0.0896574, -0.493612, 0.865048
0.178222, 0.846576, 0.501544

73
-0.0114265, 0.0269694, -0.0295979
-0.972699, -0.231579, 0.0151123
-0.096728, 0.34537, -0.933469
0.210952, -0.909445, -0.358341

74
-0.00759856, -0.0250353, 0.0232859
-0.977308, 0.211689, 0.00758065
-0.129651, -0.626098, 0.76889
0.167512, 0.750459, 0.639336

75
-0.0133834, -0.0248594, -0.00555412
-0.935965, 0.35199, 0.0085659
-0.0140115, -0.0615445, 0.998006
0.351815, 0.933978, 0.0625353

76
-0.0170881, 0.0168479, -0.00446899
0.815315, 0.578885, -0.0123815
-0.0387117, 0.0758334, 0.996369
0.577722, -0.811875, 0.0842378

77
-0.0364082, -0.0501447, 0.036984
0.821519, -0.570181, -0.000546882
0.554853, 0.799654, -0.229545
0.131319, 0.188272, 0.973298

78
-0.0213749, 0.0174512, -0.0100091
0.740413, 0.672076, -0.0101301
-0.0149766, 0.0315631, 0.99939
0.671985, -0.73981, 0.0334351

79
0.0873801, 0.0107817, 0.00998814
-0.0374497, -0.99929, 0.00413024
0.372978, -0.0178121, -0.927669
0.927084, -0.0332004, 0.37338

80
-0.0100219, 0.0382583, 0.00239954
-0.983752, -0.179249, 0.0100764
-0.0132085, 0.0162885, -0.99978
0.179046, -0.983669, -0.0183915

81
0.0375148, -0.0469309, 0.0350504
0.748908, 0.662467, -0.01655
-0.585577, 0.64988, -0.484515
-0.31022, 0.372549, 0.874626

82
0.0505241, 0.0154599, 0.00698951
0.191999, -0.981376, 0.00613824
0.367561, 0.0661082, -0.927647
0.909965, 0.180363, 0.373408

83
0.0198613, -0.0973515, 0.00565861
-0.976579, -0.214974, 0.00887535
0.0466041, -0.251623, -0.966703
0.210049, -0.943648, 0.255749

84
-0.0484781, -0.00034567, -0.014405
-0.0199638, -0.999784, -0.00584193
-0.414302, 0.0135904, -0.910038
0.909921, -0.0157475, -0.414483

85
-0.000567199, 0.0143558, -0.0142144
0.758245, 0.651925, -0.00770122
-0.0119215, 0.00205355, -0.999927
-0.651861, 0.758281, 0.00932902

86
0.0415324, -0.0051652, 0.020372
0.0934129, 0.995626, -0.00178892
-0.698112, 0.0642179, -0.713103
-0.709869, 0.0678619, 0.701057

87
-0.0118997, 0.0235942, 0.0373325
0.572209, -0.820107, -0.00112334
0.754468, 0.526947, -0.391287
0.321489, 0.22305, 0.920268

88
-0.0420052, -0.0454842, 0.0390473
0.742037, -0.670359, 0.000550533
0.640023, 0.708212, -0.298004
0.19938, 0.221482, 0.954565

89
-0.0563715, 0.0218872, 0.0361115
-0.372548, -0.928011, -0.00182137
0.88724, -0.355603, -0.293855
0.272053, -0.111091, 0.955848

90
-0.0472063, 0.000562282, 0.0237683
-0.061866, -0.998084, 0.00111374
0.34825, -0.0226319, -0.937128
0.935358, -0.0575885, 0.348983

91
-0.00410889, -0.00371659, -0.0115441
-0.983162, 0.182704, 0.00356314
-0.00400313, -0.00203948, -0.99999
-0.182695, -0.983166, 0.00273653

92
-0.021027, -0.00997375, -0.0223491
0.340538, -0.940217, 0.00503001
-0.198941, -0.0772812, -0.97696
0.918943, 0.331691, -0.213365

93
-0.0152315, -0.0195756, -0.0231581
0.821519, -0.570181, -0.000546882
-0.131319, -0.188272, -0.973298
0.554853, 0.799654, -0.229545

94
-0.0570271, -0.0226942, 0.0371671
0.340538, -0.940217, 0.00503001
0.918943, 0.331691, -0.213365
0.198941, 0.0772812, 0.97696

95
-0.0230488, -0.0957451, 0.00149419
-0.977379, 0.211359, 0.00757034
-0.0268002, -0.0882667, -0.995736
-0.209789, -0.973415, 0.0919345

96
0.0032426, -0.00883367, 0.00663926
0.83078, 0.556555, -0.00721386
-0.20951, 0.30068, -0.930428
-0.515665, 0.774492, 0.366403

97
0.0026904, -0.0797132, 0.0413076
-0.997841, -0.064088, 0.0143488
0.0643157, -0.997801, 0.0160136
0.0132909, 0.0169019, 0.999769

98
-0.0375726, -0.0298075, 0.0240521
0.630925, -0.775835, -0.00377107
0.506117, 0.415259, -0.755914
0.58803, 0.475017, 0.65466

99
-0.0460245, -0.0640369, 0.0356099
0.826016, -0.563641, -0.00256598
0.533792, 0.780795, 0.324693
-0.181007, -0.269572, 0.945816

100
-0.00662615, 0.025855, -0.00960994
-0.991825, -0.12717, 0.0105805
-0.012856, 0.0170859, -0.999771
0.12696, -0.991734, -0.0185811

101
-0.0240305, -0.0974922, 0.00569348
-0.979897, 0.199137, 0.0120707
-0.0626245, -0.249583, -0.966326
-0.189419, -0.947656, 0.257036

102
-0.0646273, 0.0747176, 0.00208534
0.785191, 0.61914, -0.011865
-0.019889, 0.00606363, -0.999784
-0.618934, 0.785257, 0.0170752

103
-0.0187143, -0.0246298, 0.0146148
0.821519, -0.570181, -0.000546882
0.299484, 0.432313, -0.850538
0.485197, 0.698569, 0.525913

104
0.0384261, 0.0430134, 0.0334253
0.748627, -0.662934, -0.00871661
0.561834, 0.627369, 0.539213
-0.351994, -0.408567, 0.842124

105
-0.0975773, -0.0436737, -0.000923299
0.40383, -0.914833, 0.00127409
0.364161, 0.162027, 0.917133
-0.83923, -0.369902, 0.398578

106
-0.104737, -0.0092801, 0.00179696
0.0745378, -0.997218, -0.000212064
0.392348, 0.0291308, 0.919355
-0.916792, -0.0686099, 0.393428

107
0.0562526, 0.00306722, 0.0349833
-0.0828504, 0.99656, -0.00211648
-0.98985, -0.0825383, -0.115688
-0.115465, -0.00748981, 0.993283

108
-0.0104506, 0.0416905, 0.0215995
-0.983752, -0.179249, 0.0100764
0.0563149, -0.361385, -0.930714
0.170471, -0.915025, 0.365608

109
-0.0574253, -0.000487403, 0.0404266
-0.0199638, -0.999784, -0.00584193
0.682111, -0.00934801, -0.731189
0.730976, -0.0185822, 0.68215

110
0.00529391, 0.0165065, 0.000266641
-0.95399, 0.299831, 0.00206657
-0.0555948, -0.170108, -0.983856
-0.294639, -0.938704, 0.17895

111
-0.0400219, 0.0223841, 0.0233149
-0.544671, -0.838596, 0.00947046
0.431632, -0.289993, -0.854165
0.719046, -0.461151, 0.519916

112
0.0272462, -0.00388857, -0.0151068
0.0934129, 0.995626, -0.00178892
0.00831358, -0.00257672, -0.999962
-0.995593, 0.0933945, -0.00851792

113
-0.0234331, 0.0815176, 0.033491
-0.972699, -0.231579, 0.0151123
0.217563, -0.887288, 0.406677
-0.0807689, 0.398862, 0.913447

114
0.0406377, 0.0110343, 0.0209931
-0.277405, 0.960749, -0.00291734
-0.627223, -0.183402, -0.756938
-0.727762, -0.208148, 0.65348

115
0.027491, -0.0359139, 0.0224508
0.748908, 0.662467, -0.01655
-0.422286, 0.457843, -0.782339
-0.510697, 0.592889, 0.622633

116
0.0478791, 0.0294845, 0.0365617
-0.523945, 0.851751, 0.00177254
-0.82206, -0.505134, -0.262788
-0.222935, -0.139144, 0.964852

117
-0.0450745, 0.00113851, -0.0133764
-0.0540365, -0.998497, -0.00916576
-0.392896, 0.0296997, -0.919103
0.917994, -0.0460639, -0.393911

118
0.0220797, 0.0136631, 0.0131408
-0.523945, 0.851751, 0.00177254
-0.423645, -0.258794, -0.868073
-0.738923, -0.455573, 0.496434

119
0.0348184, -0.0882835, -0.012102
-0.934455, -0.355927, 0.0104898
-0.0128005, 0.00413744, -0.99991
0.355852, -0.934505, -0.00842231

120
-0.00522965, -0.0179146, 0.00136127
-0.987383, 0.15811, 0.00872697
-0.0329263, -0.258904, 0.965342
0.15489, 0.952875, 0.260843

121
0.0142137, -0.0163493, -0.00180778
0.690099, 0.723689, -0.00621735
-0.103734, 0.0904093, -0.990488
-0.716242, 0.684179, 0.137462

122
-0.0694356, -0.0794691, -0.00123909
0.759411, -0.65061, -0.00130071
0.256445, 0.297491, 0.919639
-0.597939, -0.698717, 0.392764

123
0.0131351, 0.0403037, 0.0206201
-0.93766, 0.346764, 0.0234275
-0.140668, -0.317003, -0.937935
-0.317815, -0.882759, 0.346019

124
-0.0421805, -0.020085, -0.0120202
0.463708, -0.885594, -0.0264299
-0.38931, -0.176869, -0.903966
0.795872, 0.429466, -0.426786

125
-0.0367082, 0.0454102, 0.0389572
0.815315, 0.578885, -0.0123815
-0.54856, 0.779095, 0.303468
0.18532, -0.24063, 0.952761

126
0.00312916, 0.0292588, -0.0130032
-0.987442, 0.157677, 0.00983905
0.00395223, 0.0869142, -0.996208
-0.157934, -0.983658, -0.0864459

127
-0.042343, -0.023535, 0.0248305
0.438152, -0.898792, 0.0139678
0.284704, 0.124018, -0.95056
0.852623, 0.420466, 0.310228

128
-0.0282981, -0.037481, 0.0241544
0.80189, -0.597447, 0.00543633
0.431246, 0.57247, -0.697355
0.413521, 0.561547, 0.716705

129
0.00429299, 0.0144182, 0.00290833
-0.94595, 0.324292, 0.00367375
-0.0785474, -0.2181, -0.97276
-0.314657, -0.920471, 0.231784

130
0.0130291, 0.0410514, -0.0091474
0.572209, -0.820107, -0.00112334
-0.00829462, -0.00441768, -0.999956
0.820066, 0.572193, -0.00933031

131
0.0418054, 0.0377685, 0.0340382
-0.677837, 0.735211, 0.00142213
-0.716594, -0.660238, -0.224899
-0.164409, -0.153464, 0.974381

132
-0.0596415, 0.0789577, 0.00756655
0.818682, 0.574174, -0.00912904
-0.238831, 0.325992, -0.914707
-0.522225, 0.751035, 0.404014

133
0.0505787, -0.079401, 0.0137458
0.83078, 0.556555, -0.00721386
-0.396236, 0.600472, 0.694572
0.390899, -0.574178, 0.719387

134
0.0272112, 0.0549239, -0.0123275
0.72969, -0.683777, -0.001482
-0.00992423, -0.00842343, -0.999915
0.683706, 0.729643, -0.0129324

135
0.0504978, -0.0279631, 0.0356626
0.455118, 0.890429, -0.00206534
-0.790131, 0.402782, -0.462016
-0.410561, 0.211904, 0.886869

136
0.0344949, -0.0223776, -0.0147835
0.491752, 0.870715, -0.00598675
0.364831, -0.212278, -0.906552
-0.790619, 0.443615, -0.422052

137
-0.0307663, -0.00544426, 0.0383186
0.554421, -0.832236, -0.000406202
0.832226, 0.554417, -0.00472326
0.00415608, 0.00228063, 0.999989

138
-0.061483, -7.00306e-06, 0.036171
-0.0326169, -0.999468, 0.000505461
0.956524, -0.0313621, -0.289962
0.289824, -0.00897419, 0.957038

139
-0.0103786, 0.0238224, -0.0103729
-0.972699, -0.231579, 0.0151123
-0.008637, -0.0289498, -0.999544
0.231911, -0.972385, 0.0261593

140
-0.0762989, 0.0704882, 0.0355234
-0.706928, -0.707107, 0.0158985
0.655189, -0.646224, 0.391308
-0.266423, 0.287043, 0.920122

141
0.0909882, 0.0105672, -0.00918314
-0.0374497, -0.99929, 0.00413024
-0.0101928, -0.00375095, -0.999941
0.999247, -0.0374896, -0.0100451

142
0.0213546, -0.02941, 0.00511161
0.748908, 0.662467, -0.01655
-0.194707, 0.196103, -0.961058
-0.633424, 0.722967, 0.27585

143
-0.0131109, 0.0532396, -0.0326787
-0.983752, -0.179249, 0.0100764
-0.135944, 0.707077, -0.693947
0.117265, -0.684041, -0.719956

144
-0.0256121, 0.00966153, -0.0263737
-0.372548, -0.928011, -0.00182137
-0.272053, 0.111091, -0.955848
0.88724, -0.355603, -0.293855

145
0.0830582, -0.0494657, 0.0345031
0.491752, 0.870715, -0.00598675
-0.817026, 0.463786, 0.342593
0.301078, -0.16358, 0.939465

146
-0.0446272, 0.000763059, 0.0248875
-0.0540365, -0.998497, -0.00916576
0.3713, -0.0115713, -0.928441
0.926939, -0.0535729, 0.371367

147
0.0434014, -0.0484405, 0.0103715
0.864554, 0.50246, -0.00893396
-0.184335, 0.333612, 0.924513
0.467511, -0.797645, 0.381047

148
0.0179229, 0.011185, -0.0248203
-0.523945, 0.851751, 0.00177254
0.222935, 0.139144, -0.964852
-0.82206, -0.505134, -0.262788

149
-0.0926666, -0.0354349, -0.00166866
-0.357711, 0.933832, -0.000860427
7.94236e-05, -0.000890969, -1
-0.933832, -0.357711, 0.000244541

150
0.0382411, 0.0190047, 0.0213623
-0.470639, 0.882277, -0.00925547
-0.420472, -0.233493, -0.876747
-0.775694, -0.40874, 0.480864

151
-0.00760917, 0.0140995, 0.000404074
-0.955908, -0.293465, 0.0109037
0.0608242, -0.234175, -0.97029
0.2873, -0.926844, 0.241699

152
0.0401531, 0.014195, 0.0202684
-0.35712, 0.934034, -0.00680116
-0.370456, -0.148317, -0.916932
-0.857454, -0.324935, 0.398986

153
0.00530231, 0.0405912, 0.0234841
-0.987442, 0.157677, 0.00983905
-0.108881, -0.634094, -0.765552
-0.114471, -0.757009, 0.643299

154
-0.00260708, -0.0315455, 0.037543
-0.998824, 0.0474257, 0.010033
-0.0400289, -0.923664, 0.381106
0.0273414, 0.380257, 0.924477

155
0.0411678, 0.0128367, 0.0204405
-0.336127, 0.941718, -0.0136605
-0.431487, -0.166871, -0.886551
-0.83716, -0.2921, 0.462429

156
-0.0682051, 0.0692915, 0.00646922
0.740413, 0.672076, -0.0101301
-0.243321, 0.253952, -0.936111
-0.626565, 0.695574, 0.35156

157
-0.0146341, -0.058145, 0.0381059
-0.977379, 0.211359, 0.00757034
-0.209789, -0.973415, 0.0919345
0.0268002, 0.0882667, 0.995736

158
-0.104488, 0.000487467, 0.0344165
-0.0199638, -0.999784, -0.00584193
0.936367, -0.020745, 0.35041
-0.350456, 0.00152534, 0.936578

159
-0.0171513, -0.0119658, -0.000441267
0.545402, -0.838172, 0.00215563
0.189561, 0.120842, -0.974404
0.816458, 0.53185, 0.224792

160
-0.019973, -0.0211477, -0.0235811
0.742037, -0.670359, 0.000550533
-0.19938, -0.221482, -0.954565
0.640023, 0.708212, -0.298004

161
0.0151039, -0.0247893, -0.00986948
0.815697, 0.578419, -0.00836067
0.00693306, -0.0242269, -0.999682
-0.578438, 0.81538, -0.023772

162
-0.0343903, 0.0274457, -0.0153773
-0.706928, -0.707107, 0.0158985
-0.274899, 0.25398, -0.927321
0.651678, -0.659919, -0.373928

163
0.0326376, -0.0488375, 0.0370436
0.815697, 0.578419, -0.00836067
-0.531754, 0.744041, -0.404524
-0.227764, 0.334415, 0.914489

164
0.0123649, 0.0227908, 0.0345271
-0.685253, -0.728264, 0.00780054
0.675115, -0.631152, 0.381925
-0.273219, 0.266982, 0.92416

165
0.0366602, 0.020153, 0.021957
-0.519782, 0.854157, -0.0155841
-0.413945, -0.267773, -0.870027
-0.747313, -0.445773, 0.492757

166
-0.00279904, 0.0240044, -0.00837795
0.771212, 0.636526, -0.00812661
-0.0101241, -0.000500112, -0.999949
-0.636498, 0.771255, 0.00605859

167
-0.0269037, 0.0108446, -0.024833
-0.413911, -0.910317, 0.000760403
-0.294369, 0.133056, -0.946384
0.861409, -0.391942, -0.323042

168
-0.0454521, -0.0179709, -0.0125689
0.328213, -0.944569, 0.00810736
-0.411129, -0.150574, -0.899055
0.85044, 0.291749, -0.43776

169
0.0204966, -0.014483, 0.0413168
-0.911864, -0.41039, 0.00920326
0.410385, -0.911909, -0.00248966
0.00941426, 0.00150665, 0.999955

170
0.013273, 0.0073146, 3.79917e-05
-0.475331, 0.879804, 0.00218177
-0.207215, -0.109541, -0.972143
-0.855057, -0.462542, 0.234377

171
-0.00241662, 0.0419931, 0.0245792
-0.999358, -0.0345372, -0.00952291
0.017696, -0.244748, -0.969425
0.0311505, -0.968971, 0.245202

172
0.0403788, 0.0215448, -0.0148869
-0.532286, 0.846055, -0.02939
0.423639, 0.236149, -0.874507
-0.73294, -0.477938, -0.484121

173
-0.0191071, -0.0254647, -0.0109968
0.80189, -0.597447, 0.00543633
0.0125335, 0.00772417, -0.999892
0.59734, 0.801871, 0.0136821

174
-0.0598686, -2.56944e-05, -0.0302403
-0.0199638, -0.999784, -0.00584193
-0.730976, 0.0185822, -0.68215
0.682111, -0.00934801, -0.731189

175
0.0195003, -0.00239738, 0.0223176
0.0841078, 0.996454, -0.0022832
-0.677702, 0.0555228, -0.733237
-0.73051, 0.0632183, 0.679969

176
-0.0230052, 0.0100793, -0.00410651
-0.469451, -0.882954, 0.00291606
0.0794166, -0.0455132, -0.995802
0.87938, -0.467249, 0.0914874

177
-0.0150029, -0.050401, 0.0345039
-0.935031, -0.354542, 0.0041656
0.326002, -0.864266, -0.383102
0.139426, -0.356855, 0.923696

178
-0.00942782, -0.00475176, 0.00665281
0.40383, -0.914833, 0.00127409
0.335925, 0.14699, -0.930349
0.850927, 0.376131, 0.366674

179
-0.0248179, -0.0355576, 0.0383189
0.82073, -0.57131, -0.002556
0.571307, 0.820734, -0.00179683
0.00312434, 1.44575e-05, 0.999995

180
-0.000517711, -0.0113506, 0.0383166
-0.886684, 0.462335, 0.00617377
-0.462286, -0.886696, 0.0079045
0.00912878, 0.00415475, 0.99995

181
-0.0552557, 0.0237889, 0.0386383
-0.413911, -0.910317, 0.000760403
0.861409, -0.391942, -0.323042
0.294369, -0.133056, 0.946384

182
-0.0245141, 0.0157131, 0.0413163
0.527612, -0.849485, -0.000244472
0.849435, 0.527585, -0.0106802
0.00920162, 0.00542733, 0.999943

183
-0.00600976, -0.0955292, 0.00124274
-0.998824, 0.0474257, 0.010033
-0.00994174, 0.00215975, -0.999948
-0.0474449, -0.998872, -0.00168572

184
-0.00800256, 0.00305153, 0.00966038
0.785191, 0.61914, -0.011865
-0.218481, 0.294903, 0.930214
0.579432, -0.727804, 0.366825

185
0.100937, -0.00932688, -0.00199451
0.0841078, 0.996454, -0.0022832
-0.415558, 0.0371584, 0.908807
0.90567, -0.075489, 0.41721

186
-0.0921639, 0.00338526, 0.0562863
-0.061866, -0.998084, 0.00111374
0.997428, -0.0618657, -0.0362051
0.0362046, -0.00112899, 0.999344

187
0.0171703, -0.0373448, -0.014395
-0.864043, -0.502944, 0.0218544
-0.160607, 0.316542, 0.934883
-0.477111, 0.804269, -0.354283

188
-0.0511085, -0.033964, 0.0376319
0.545402, -0.838172, 0.00215563
0.826851, 0.53761, -0.165207
0.137313, 0.0918868, 0.986256

189
0.0597816, -0.0221159, 0.00741538
-0.685253, -0.728264, 0.00780054
0.273219, -0.266982, -0.92416
0.675115, -0.631152, 0.381925

190
-0.0282049, 0.0242306, -0.0134013
0.739542, 0.672991, -0.0126383
0.153448, -0.150281, 0.976662
0.655386, -0.724223, -0.214408

191
-0.0732591, -0.000237812, 0.051821
-0.0199638, -0.999784, -0.00584193
0.909921, -0.0157475, -0.414483
0.414302, -0.0135904, 0.910038

192
-0.0428814, -0.00253563, 0.038319
0.266773, -0.963759, -5.82203e-05
0.963757, 0.266773, -0.00190966
0.00185598, 0.000453335, 0.999998

193
0.00843765, 0.00381168, 0.0383161
0.345838, -0.938285, 0.00409474
0.938258, 0.345783, -0.0102868
0.00823609, 0.0073995, 0.999939

194
0.0361346, 0.0201949, 0.0231214
-0.532286, 0.846055, -0.02939
-0.218709, -0.170971, -0.960695
-0.817825, -0.504936, 0.276045

195
-0.104422, 0.00412066, 0.034433
-0.061866, -0.998084, 0.00111374
0.935358, -0.0575885, 0.348983
-0.34825, 0.0226319, 0.937128

196
-0.0207179, -0.00975746, -0.00284375
0.340538, -0.940217, 0.00503001
0.167867, 0.0555341, -0.984244
0.925124, 0.336017, 0.176743

197
0.0319134, -0.0990592, -0.00183025
0.944476, 0.328413, -0.0104615
-0.129151, 0.400322, 0.907228
0.302134, -0.855504, 0.420509

198
0.0141962, 0.0124298, -0.0259258
-0.677837, 0.735211, 0.00142213
0.164409, 0.153464, -0.974381
-0.716594, -0.660238, -0.224899

199
0.0372989, -0.0251983, 0.0197465
0.48706, 0.873236, -0.0152364
-0.55477, 0.295863, -0.777622
-0.674539, 0.387201, 0.628548

200
0.0192218, 0.0249172, -0.0138646
0.781958, -0.62326, -0.00937673
-0.0947869, -0.133763, 0.98647
-0.616082, -0.770489, -0.163674

201
0.017583, 0.0347364, -0.0168129
-0.870162, 0.49232, 0.0209594
0.151625, 0.307979, -0.939233
-0.468858, -0.814107, -0.34264

202
-0.0133522, 0.0031363, 0.0347015
0.191999, -0.981376, 0.00613824
0.909965, 0.180363, 0.373408
-0.367561, -0.0661082, 0.927647

203
0.0116956, -0.0589771, 0.0366542
-0.976579, -0.214974, 0.00887535
0.210049, -0.943648, 0.255749
-0.0466041, 0.251623, 0.966703

204
0.0326219, -0.023661, 0.0353155
0.758245, 0.651925, -0.00770122
-0.651861, 0.758281, 0.00932902
0.0119215, -0.00205355, 0.999927

205
0.0144637, -0.0455809, 0.0267223
-0.966287, -0.257259, 0.0103685
0.175101, -0.68615, -0.706072
0.188758, -0.680453, 0.708064

206
-0.0342147, 0.0281305, 0.0228845
-0.706928, -0.707107, 0.0158985
0.266423, -0.287043, -0.920122
0.655189, -0.646224, 0.391308

207
0.0396127, 0.0137097, -0.017993
-0.35712, 0.934034, -0.00680116
0.344359, 0.124887, -0.930494
-0.868264, -0.33464, -0.366243

208
-0.00667447, 0.0331576, 0.0103872
-0.966287, -0.257259, 0.0103685
0.107381, -0.366078, 0.924368
-0.234006, 0.894318, 0.381361

209
-0.00676711, -0.00633702, 0.00694696
0.759411, -0.65061, -0.00130071
0.241473, 0.28371, -0.928008
0.604141, 0.704425, 0.372557

210
-0.0230608, -0.095747, 0.00448307
-0.977308, 0.211689, 0.00758065
-0.0267713, -0.0879367, -0.995766
-0.210126, -0.973373, 0.0916084

211
-0.0445773, -0.0050412, 0.0246211
0.0731628, -0.997301, 0.00617862
0.365486, 0.0210471, -0.930579
0.927937, 0.0703419, 0.366039

212
-0.0187408, -0.00860248, 0.00278809
0.368377, -0.929673, 0.0026242
0.21419, 0.0821242, -0.973334
0.904666, 0.359116, 0.229379

213
0.0767149, 0.0112489, 0.0263172
-0.0374497, -0.99929, 0.00413024
0.699367, -0.0291614, -0.714168
0.713781, -0.0238568, 0.699962

214
-0.0134695, 0.0390862, 0.0245832
-0.972699, -0.231579, 0.0151123
0.157878, -0.708051, -0.688287
0.170093, -0.66711, 0.725281

215
0.0341268, 0.00898692, -0.0341431
-0.277405, 0.960749, -0.00291734
0.432337, 0.122119, -0.893405
-0.857981, -0.249096, -0.449244

216
0.0204561, -0.00840968, 0.041317
0.864554, 0.50246, -0.00893396
-0.502466, 0.864595, 0.00175442
0.00860579, 0.00297222, 0.999959

217
0.00781778, 0.0253562, 0.0346422
0.590121, -0.807314, 0.000542036
0.747825, 0.546889, 0.37639
-0.304161, -0.22171, 0.926461

218
-0.0148306, -0.0190166, -0.00366122
0.821519, -0.570181, -0.000546882
0.0910098, 0.132074, -0.987053
0.562871, 0.810833, 0.160393

219
-0.0400716, -0.0201211, 0.02619
0.463708, -0.885594, -0.0264299
0.287483, 0.178613, -0.940984
0.83805, 0.428744, 0.337417

220
0.00252547, -0.0235058, 0.0413166
0.725452, 0.688227, -0.00797163
-0.6882, 0.725495, 0.00611589
0.0099925, 0.00104929, 0.99995

221
-0.0282902, -0.0220823, -0.0122608
0.630925, -0.775835, -0.00377107
-0.0579218, -0.0422551, -0.997426
0.773679, 0.62952, -0.0715975

222
0.0251872, -0.0923138, 0.00606811
-0.958061, -0.286366, 0.0106604
0.0365377, -0.158968, -0.986607
0.284225, -0.944841, 0.162764

223
0.0526102, 0.0171414, 0.035644
-0.336127, 0.941718, -0.0136605
-0.719009, -0.26595, -0.642103
-0.608312, -0.206006, 0.766497

224
-0.00194522, -0.0153192, 0.0267322
-0.998824, 0.0474257, 0.010033
-0.0265188, -0.707837, 0.705878
0.0405785, 0.704782, 0.708262

225
0.0959918, 0.0356328, 0.0324117
-0.35712, 0.934034, -0.00680116
-0.857454, -0.324935, 0.398986
0.370456, 0.148317, 0.916932

226
-0.033019, -0.092559, 0.00125247
-0.959465, 0.281783, 0.00505684
-0.00447705, 0.00270136, -0.999986
-0.281793, -0.959474, -0.00133031

227
0.0492372, 0.0266515, 0.0377109
-0.475331, 0.879804, 0.00218177
-0.869267, -0.469253, -0.155487
-0.135774, -0.0758042, 0.987836

228
-0.0625086, -0.0327148, 0.0545174
0.463708, -0.885594, -0.0264299
0.795872, 0.429466, -0.426786
0.38931, 0.176869, 0.903966

229
0.0363918, 0.100932, 0.0540519
-0.93766, 0.346764, 0.0234275
-0.347454, -0.936875, -0.0392519
0.00833751, -0.0449449, 0.998955

230
0.0558439, 0.0336342, 0.0530445
-0.532286, 0.846055, -0.02939
-0.73294, -0.477938, -0.484121
-0.423639, -0.236149, 0.874507

231
0.00217423, -0.0313566, -0.0126011
-0.984091, -0.176696, 0.0185353
0.0149873, 0.0213933, 0.999659
-0.177032, 0.984033, -0.0184048

232
0.0752141, -0.0681078, 0.000429191
0.654725, 0.755848, -0.00537218
-0.303342, 0.269255, 0.914049
0.692329, -0.596821, 0.405568

233
-0.00995101, 0.0556764, 0.037147
-0.991825, -0.12717, 0.0105805
0.112376, -0.909704, -0.399763
0.0604629, -0.395305, 0.916558

234
0.000597907, -0.00937933, -0.0137468
0.944476, 0.328413, -0.0104615
0.00369832, -0.0424617, -0.999091
-0.328559, 0.943579, -0.0413186

235
0.00319724, -0.0188706, 0.00267831
-0.958061, -0.286366, 0.0106604
0.0750119, -0.214708, 0.973794
-0.276572, 0.933753, 0.227184

236
0.0266708, -0.0158976, -0.0130538
0.455118, 0.890429, -0.00206534
0.0769385, -0.0416356, -0.996166
-0.887101, 0.453214, -0.0874574

237
0.0399116, -0.089115, 0.000855479
-0.890303, -0.455271, 0.00942146
-0.012602, 0.00395144, -0.999913
0.455194, -0.890344, -0.00925532

238
0.0654773, 0.0728539, 0.00771669
0.751446, -0.659794, -0.0007709
0.12339, 0.141678, -0.982193
0.648154, 0.73797, 0.187876

239
0.0968385, 0.00637727, 0.00479892
-0.0828504, 0.99656, -0.00211648
-0.485475, -0.0385057, 0.873402
0.870316, 0.0733892, 0.486995

240
-0.0133755, -0.0263243, 0.0375379
-0.959465, 0.281783, 0.00505684
-0.25863, -0.887472, 0.381449
0.111974, 0.364679, 0.924376

241
0.0798732, 0.0489973, 0.0601054
-0.532286, 0.846055, -0.02939
-0.839268, -0.531928, -0.11261
-0.110908, -0.0352746, 0.993205

242
-0.0352915, 0.0188847, -0.0144984
-0.544671, -0.838596, 0.00947046
-0.203232, 0.121027, -0.971622
0.813652, -0.531139, -0.23635

243
-0.00803091, 0.0397745, 0.0260094
-0.991825, -0.12717, 0.0105805
0.0806838, -0.68918, -0.720084
0.0988649, -0.713343, 0.693806

244
-0.0622135, -0.0875956, -0.000900735
0.826016, -0.563641, -0.00256598
0.249457, 0.361489, 0.898386
-0.505439, -0.742721, 0.4392

245
-0.0546809, -0.00301934, 0.02705
0.527612, -0.849485, -0.000244472
0.607148, 0.376896, 0.699514
-0.594135, -0.369221, 0.714618

246
0.0233374, 0.0266434, -0.0174759
0.748627, -0.662934, -0.00871661
-0.110196, -0.137383, 0.984369
-0.653769, -0.735965, -0.175901

247
0.0137777, 0.0120063, -0.00642589
-0.677837, 0.735211, 0.00142213
-0.122334, -0.11088, -0.986276
-0.724963, -0.668708, 0.1651

248
-0.0262824, -0.0115407, 0.020539
0.368377, -0.929673, 0.0026242
0.544087, 0.213301, -0.811463
0.753835, 0.300353, 0.584398

249
-0.0199764, -0.05718, 0.0409889
-0.957711, 0.287639, 0.00737435
-0.284946, -0.951679, 0.11451
0.0399557, 0.107567, 0.993395

250
-0.0202807, 0.0225108, -0.0128417
0.818682, 0.574174, -0.00912904
0.0208039, -0.0137687, 0.999689
0.57387, -0.818618, -0.0232172

251
-0.0667448, 0.0613364, 0.0533106
-0.706928, -0.707107, 0.0158985
0.707271, -0.70688, 0.00940572
0.00458746, 0.0178937, 0.999829

252
-0.0922465, 0.000115229, 0.0562882
-0.0199638, -0.999784, -0.00584193
0.999203, -0.0197496, -0.034676
0.0345531, -0.00652955, 0.999382

253
0.0140914, -0.000514377, -0.00101933
-0.0828504, 0.99656, -0.00211648
-0.272124, -0.0246664, -0.961946
-0.958689, -0.0791217, 0.273231

254
-0.0410506, 0.000745552, 0.00570909
-0.0540365, -0.998497, -0.00916576
-0.011688, 0.00981101, -0.999884
0.998471, -0.0539231, -0.0122005

255
-0.00219659, 0.040998, 0.00509681
-0.999358, -0.0345372, -0.00952291
0.00442819, 0.144692, -0.989467
0.0355513, -0.988874, -0.144446

256
-0.00618829, -0.0129281, 0.0266792
0.896738, -0.44254, -0.00447273
0.310136, 0.635587, -0.706997
0.315717, 0.632604, 0.707202

257
-0.0162748, 0.0546466, 0.0374654
-0.971148, -0.238238, 0.0107062
0.232287, -0.955144, -0.183689
0.0539876, -0.175902, 0.982926

258
0.00550871, -0.0113569, 0.0413164
-0.966287, -0.257259, 0.0103685
0.257287, -0.966334, 0.00140854
0.0096571, 0.00402874, 0.999945

259
-0.0441028, 0.000348422, 0.00450886
-0.061866, -0.998084, 0.00111374
-0.0362046, 0.00112899, -0.999344
0.997428, -0.0618657, -0.0362051

260
-0.0404303, 0.0155058, 0.0268509
-0.372548, -0.928011, -0.00182137
0.715593, -0.286022, -0.637274
0.590877, -0.238718, 0.770635

261
-0.0305177, -0.0327761, 0.0297122
0.742037, -0.670359, 0.000550533
0.515005, 0.569545, -0.640616
0.429129, 0.475644, 0.767862

262
-0.0411158, -0.0049062, 0.00542208
0.0731628, -0.997301, 0.00617862
-0.0174411, -0.00747371, -0.99982
0.997167, 0.0730419, -0.0179408

263
-0.0121769, 0.0520879, 0.0380164
-0.983752, -0.179249, 0.0100764
0.117265, -0.684041, -0.719956
0.135944, -0.707077, 0.693947

264
0.0244776, -0.0475469, 0.0397262
-0.864043, -0.502944, 0.0218544
0.379332, -0.621912, 0.685079
-0.330964, 0.600227, 0.728141

265
-0.0674177, -0.0250296, 0.0542719
0.328213, -0.944569, 0.00810736
0.85044, 0.291749, -0.43776
0.411129, 0.150574, 0.899055

266
0.0633907, 0.0659469, -0.012021
0.590121, -0.807314, 0.000542036
-0.00517189, -0.00445188, -0.999977
0.807298, 0.590105, -0.00680249

267
0.050505, 0.0182696, 0.0362946
-0.35712, 0.934034, -0.00680116
-0.670391, -0.261375, -0.694449
-0.650417, -0.243442, 0.71951

268
0.0906524, 0.0491188, 0.000654894
-0.475331, 0.879804, 0.00218177
-0.458093, -0.249609, 0.853139
0.75114, 0.404524, 0.521679

269
-0.0166316, -0.0116778, -0.0199413
0.545402, -0.838172, 0.00215563
-0.137313, -0.0918868, -0.986256
0.826851, 0.53761, -0.165207

270
-0.0552597, 0.00118837, 0.041239
-0.0540365, -0.998497, -0.00916576
0.697761, -0.0311919, -0.715652
0.71429, -0.0450668, 0.698397

271
0.0492388, 0.0250281, 0.0363079
-0.470639, 0.882277, -0.00925547
-0.685311, -0.372137, -0.62599
-0.555741, -0.288272, 0.779777

272
-0.0565015, 0.0746293, 0.0169229
0.818682, 0.574174, -0.00912904
-0.420498, 0.588586, -0.69047
-0.391076, 0.569114, 0.723304

273
0.0542656, -0.0851204, -0.00290368
0.83078, 0.556555, -0.00721386
-0.216484, 0.335036, 0.916998
0.512776, -0.760262, 0.398826

274
0.0331265, 0.0179499, 0.0339756
-0.475696, 0.879607, 0.00222193
-0.750973, -0.404813, -0.521695
-0.457987, -0.249837, 0.853129

275
-0.0209452, 0.10009, 0.0358941
-0.983752, -0.179249, 0.0100764
0.170471, -0.915025, 0.365608
-0.0563149, 0.361385, 0.930714

276
-0.0167095, -0.0677754, 0.0390364
-0.977379, 0.211359, 0.00757034
-0.204076, -0.933096, -0.296115
-0.0555227, -0.290962, 0.955122

277
0.0311945, -0.00429333, -0.0342078
0.0934129, 0.995626, -0.00178892
0.388678, -0.0381211, -0.920585
-0.916626, 0.0852992, -0.390538

278
-0.0323431, -0.0252868, -0.0310732
0.630925, -0.775835, -0.00377107
-0.349587, -0.279945, -0.894103
0.69262, 0.56543, -0.447846

279
-0.00575534, -0.0159117, 0.00614052
-0.977308, 0.211689, 0.00758065
-0.0556783, -0.291251, 0.955025
0.204376, 0.932931, 0.296428

280
-0.026732, 0.0960467, 0.0101534
-0.971148, -0.238238, 0.0107062
0.138771, -0.52803, 0.837811
-0.193945, 0.815124, 0.545856

281
-0.102113, 0.00378884, 0.0341723
-0.0540365, -0.998497, -0.00916576
0.926939, -0.0535729, 0.371367
-0.3713, 0.0115713, 0.928441

282
0.0381724, 0.0112147, -0.0176759
-0.336127, 0.941718, -0.0136605
0.286854, 0.0885501, -0.953873
-0.897069, -0.324541, -0.2999

283
-0.00437786, -0.0678494, 0.0328625
-0.998824, 0.0474257, 0.010033
-0.047638, -0.922011, -0.384221
-0.00897143, -0.384247, 0.923187

284
0.0138269, 0.0501566, 0.0383022
-0.96334, 0.268267, 0.00306308
-0.268255, -0.963002, -0.0258265
-0.00397863, -0.0257014, 0.999662

285
0.0168409, -0.0544352, 0.0382737
0.944476, 0.328413, -0.0104615
-0.328559, 0.943579, -0.0413186
-0.00369832, 0.0424617, 0.999091

286
0.0116531, 0.037598, 0.00135652
-0.93766, 0.346764, 0.0234275
-0.00833751, 0.0449449, -0.998955
-0.347454, -0.936875, -0.0392519

287
-0.0192866, 0.0535248, 0.0377654
-0.955908, -0.293465, 0.0109037
0.288707, -0.945907, -0.148013
0.0537505, -0.138339, 0.988925

288
-0.0237835, 0.00888933, -0.00696587
-0.372548, -0.928011, -0.00182137
0.0881875, -0.0334487, -0.995542
0.923813, -0.371047, 0.0943003

289
-0.0599898, 0.00129434, -0.0302931
-0.061866, -0.998084, 0.00111374
-0.730888, 0.044544, -0.681042
0.679687, -0.0429473, -0.732244

290
0.0253886, -0.060055, 0.0327307
-0.890303, -0.455271, 0.00942146
0.415722, -0.821058, -0.391201
0.185838, -0.344371, 0.920257

291
0.0295321, -0.0145333, 0.0413165
0.771212, 0.636526, -0.00812661
-0.636498, 0.771255, 0.00605859
0.0101241, 0.000500112, 0.999949

292
-0.024803, -0.0325127, 0.0383188
0.722593, -0.691271, -0.00184312
0.691265, 0.722595, -0.00302484
0.00342281, 0.000911642, 0.999994

293
-0.0211408, -0.0283689, -0.030181
0.80189, -0.597447, 0.00543633
-0.217013, -0.299727, -0.929015
0.556667, 0.743788, -0.370001

294
0.0275632, -0.0204084, -0.0169514
0.48706, 0.873236, -0.0152364
0.0846894, -0.0645857, -0.994312
-0.869253, 0.482999, -0.105411

295
-0.0713293, 0.00195672, 0.0522743
-0.0540365, -0.998497, -0.00916576
0.917994, -0.0460639, -0.393911
0.392896, -0.0296997, 0.919103

296
-0.0164359, -0.0663353, 0.0372595
-0.977308, 0.211689, 0.00758065
-0.204376, -0.932931, -0.296428
-0.0556783, -0.291251, 0.955025

297
-0.036569, -0.0411854, 0.0383161
0.759411, -0.65061, -0.00130071
0.650561, 0.759375, -0.0109357
0.00810261, 0.00745851, 0.999939

298
-0.0115315, -0.0592856, 0.0379031
-0.987383, 0.15811, 0.00872697
-0.1557, -0.979419, 0.128433
0.0288539, 0.125454, 0.99168

299
-0.065637, -0.0270733, 0.0422796
0.368377, -0.929673, 0.0026242
0.904666, 0.359116, 0.229379
-0.21419, -0.0821242, 0.973334

300
-0.0668868, -0.0453385, 0.0237103
