0
-0.0960955, -0.0131881, -0.00780344
-0.998006, -0.0539234, 0.0328146
-0.0568481, 0.541838, -0.838558
0.0274378, -0.838751, -0.543823

1
0.103395, 0.0043579, -0.0136472
0.275067, -0.958411, -0.0760739
-0.417946, -0.0479425, -0.907206
0.865829, 0.281337, -0.413751

2
0.00208139, -0.0049376, 0.010939
0.999789, -0.0120706, -0.0166392
0.0132818, 0.997117, 0.0747145
0.0156894, -0.0749197, 0.997066

3
0.00227792, 0.00817572, 0.00730268
-0.977786, -0.209603, 0.000596048
0.199082, -0.92781, 0.315492
-0.0655751, 0.308602, 0.948928

4
-0.0606232, -0.0112277, -0.0111391
0.999729, 0.0198203, 0.0122466
-0.00560578, -0.305565, 0.952155
0.0226141, -0.951965, -0.305371

5
0.0102913, -0.0186659, -0.000277677
0.226477, -0.971117, -0.0751022
0.0513066, -0.0651044, 0.996559
-0.972664, -0.229551, 0.0350801

6
0.0848064, -0.0130969, -0.000858054
-0.0603253, -0.996316, -0.0609567
-0.032847, 0.0630163, -0.997472
0.997638, -0.0581706, -0.0365274

7
-0.0728594, -0.00551849, 0.00868659
0.999555, 0.022957, 0.019067
-0.0289316, 0.902107, 0.430542
-0.00731653, -0.430902, 0.902369

8
0.00793139, -0.0241018, -0.000277493
0.275067, -0.958411, -0.0760739
0.0547936, -0.0633701, 0.996485
-0.959862, -0.278269, 0.0350838

9
-0.0607243, -0.00738159, -0.0124342
0.999803, 0.0195616, 0.00328734
0.00381274, -0.352155, 0.935934
0.019466, -0.935737, -0.352161

10
-0.0576334, -0.00762625, -0.0122019
0.999775, 0.0192205, 0.00898431
-0.00195796, -0.338066, 0.94112
0.0211261, -0.940926, -0.337953

11
-0.0724186, -0.0116263, -0.00706505
0.999555, 0.022957, 0.019067
-0.0178313, -0.0528803, 0.998442
0.0239294, -0.998337, -0.0524474

12
-0.0606474, -0.0125013, -0.00537
0.999803, 0.0195616, 0.00328734
-0.00392681, 0.0327419, 0.999456
0.0194433, -0.999272, 0.0328123

13
-0.0576012, -0.0126393, -0.00506132
0.999775, 0.0192205, 0.00898431
-0.00989352, 0.0477441, 0.998811
0.0187687, -0.998675, 0.0479235

14
-0.0486909, -0.00851043, 0.0108513
-0.99955, -0.0156372, 0.0255874
-0.0155497, -0.459316, -0.888137
0.0256407, -0.888136, 0.458866

15
-0.08477, -0.0111665, 0.00638109
-0.998607, -0.0279367, -0.0447629
0.0430242, 0.0600084, -0.99727
0.0305466, -0.997807, -0.0587228

16
-0.0430556, -0.0136351, 0.00168248
-0.998986, -0.022605, -0.0389368
0.0308228, 0.287005, -0.957433
0.0328178, -0.957662, -0.286017

17
-0.0844052, -0.0146717, 0.000429944
-0.998607, -0.0279367, -0.0447629
0.0280595, 0.437285, -0.898885
0.044686, -0.898889, -0.435892

18
-0.00550715, -0.0179553, 0.0149242
0.587754, -0.806879, -0.0590886
0.584184, 0.37274, 0.720968
-0.559709, -0.45827, 0.690445

19
0.0784011, 0.0209166, 0.00459155
0.722734, 0.684512, 0.0953872
-0.20204, 0.341246, -0.918004
-0.660935, 0.6442, 0.384929

20
0.0043059, 0.00349292, 0.0122057
-0.98926, -0.14608, 0.00504966
0.140229, -0.938755, 0.314761
-0.0412398, 0.312088, 0.949158

21
-0.102002, -0.0081464, -0.0133497
-0.99695, -0.0761078, 0.0172894
-0.0749983, 0.872894, -0.482111
0.0216006, -0.481937, -0.87594

22
-0.0644697, 0.0107495, 0.00566333
0.999629, 0.0255549, -0.00945427
-0.00719189, -0.0872152, -0.996164
-0.0262814, 0.995862, -0.086999

23
0.00637396, 0.00335899, 0.0119574
-0.949372, -0.3141, -0.005907
0.295632, -0.899595, 0.32145
-0.106281, 0.303429, 0.946908

24
-0.0435412, -0.00666919, 0.0108699
-0.998971, -0.0207617, -0.0403313
0.0453542, -0.473082, -0.87985
-0.000812843, -0.880774, 0.473536

25
-0.0406399, 0.00829137, -0.0116502
-0.999602, -0.0175967, 0.0220638
2.58485e-05, 0.781235, 0.624237
-0.0282216, 0.623989, -0.780924

26
-0.00642647, 0.00445605, 0.00759046
-0.989317, 0.143185, 0.0273798
-0.130534, -0.953712, 0.270913
0.0649031, 0.264445, 0.962214

27
-0.0854237, 0.00820701, -0.00840506
0.999778, 0.0208646, -0.00286527
0.0177029, -0.906272, -0.422323
-0.0114083, 0.422179, -0.906441

28
0.03745, 0.0129938, 0.0195973
0.587754, -0.806879, -0.0590886
0.559709, 0.45827, -0.690445
0.584184, 0.37274, 0.720968

29
-0.034684, -0.0074469, 0.0136595
-0.998989, -0.0150114, -0.0423691
0.044169, -0.502752, -0.863302
-0.00834175, -0.864301, 0.502906

30
-0.0487683, -0.00702613, 0.00863738
-0.999237, -0.015898, 0.0356617
-0.0240939, -0.467646, -0.883587
0.0307244, -0.883773, 0.466906

31
-0.0736256, 0.00966571, 0.0125114
0.999578, 0.0273591, 0.00973651
-0.0028014, 0.424561, -0.905395
-0.0289046, 0.904986, 0.424458

32
-0.0553097, -0.00797007, 0.0103143
-0.999377, -0.0216673, -0.0278525
0.034824, -0.478009, -0.877664
0.00570283, -0.878088, 0.478466

33
-0.0397039, -0.001633, 0.0116057
-0.999161, -0.0108075, 0.0394953
-0.017199, -0.764562, -0.644321
0.0371601, -0.644459, 0.763735

34
0.0757272, -0.0246422, -0.00423938
-0.351031, -0.935068, -0.0492514
-0.0240945, 0.0616014, -0.99781
0.936054, -0.349076, -0.044154

35
-0.0647303, 0.00745963, 0.0118505
0.999511, 0.0274725, 0.0149315
0.00329318, 0.382386, -0.923997
-0.0310941, 0.923594, 0.382108

36
-0.0644443, 0.010024, 0.00875087
0.999644, 0.0266012, -0.00196741
-0.0103456, 0.318675, -0.947808
-0.0245859, 0.947491, 0.318837

37
-0.0490052, -0.0125224, -0.000451251
-0.999237, -0.015898, 0.0356617
-0.0387624, 0.294246, -0.954943
0.00468842, -0.955597, -0.294638

38
0.0195004, 0.00236679, 0.0151329
0.766725, 0.641515, 0.0243303
-0.60002, 0.729578, -0.328163
-0.228272, 0.237012, 0.944308

39
-0.0401157, -0.013637, 0.00167877
-0.998639, -0.0222096, -0.0471892
0.0388356, 0.28727, -0.957062
0.034812, -0.957592, -0.286017

40
0.0739449, 0.0079393, 0.00763371
0.487627, 0.868739, 0.0866744
-0.871294, 0.490538, -0.0147937
-0.0553689, -0.0683051, 0.996127

41
-0.0795942, 0.0114392, 0.0112307
0.999654, 0.0257179, 0.00543788
-0.00427392, 0.363135, -0.931727
-0.0259367, 0.931382, 0.363119

42
-0.0491519, -0.0121496, 0.0063736
-0.999201, -0.0218649, -0.0334603
0.0354217, -0.0965211, -0.9947
0.0185194, -0.995091, 0.0972185

43
0.0246212, -0.0289418, -0.00924539
0.388452, -0.918438, -0.074683
0.0246261, -0.0706716, 0.997196
-0.92114, -0.389202, -0.00483495

44
0.0646751, 0.0091016, 0.0204835
0.483029, 0.871877, 0.0807079
-0.78712, 0.472746, -0.396172
-0.383568, 0.127836, 0.914622

45
-0.0489685, -0.00948028, -0.000584791
-0.99955, -0.0156372, 0.0255874
-0.029126, 0.303222, -0.952475
0.0071354, -0.952792, -0.303541

46
-0.0724237, -0.00592151, -0.0136662
0.999555, 0.022957, 0.019067
-0.00731653, -0.430902, 0.902369
0.0289316, -0.902107, -0.430542

47
-0.0908166, -0.0128919, 0.00992464
-0.997831, -0.0294129, -0.0588913
0.0635241, -0.195644, -0.978615
0.0172622, -0.980234, 0.197088

48
0.0230181, -0.00148953, 0.00595836
0.766725, 0.641515, 0.0243303
-0.641703, 0.764743, 0.0581873
0.0187216, -0.0602265, 0.998009

49
-0.0488094, -0.0101329, 0.00522924
-0.99955, -0.0156372, 0.0255874
-0.0241783, -0.0844775, -0.996132
0.0177383, -0.996303, 0.0840614

50
-0.089933, -0.0148178, -0.00408415
-0.997831, -0.0294129, -0.0588913
0.0327121, 0.554789, -0.831348
0.0571246, -0.831471, -0.552623

51
-0.0854296, 0.010937, 0.00941478
0.999778, 0.0208646, -0.00286527
-0.0114083, 0.422179, -0.906441
-0.0177029, 0.906272, 0.422323

52
-0.0795875, 0.0128006, 0.00354675
0.999654, 0.0257179, 0.00543788
0.00597698, -0.0209317, -0.999763
-0.025598, 0.99945, -0.0210782

53
-0.0490252, -0.0106675, 0.00162182
-0.999201, -0.0218649, -0.0334603
0.0256383, 0.291631, -0.956187
0.030665, -0.956281, -0.290837

54
0.0725492, 0.00734342, 0.0214588
0.487627, 0.868739, 0.0866744
-0.783782, 0.479337, -0.394869
-0.384584, 0.124615, 0.91464

55
-0.0403945, -0.0101242, 0.00592502
-0.998639, -0.0222096, -0.0471892
0.0492015, -0.101051, -0.993664
0.0173004, -0.994633, 0.102007

56
-0.0607006, -0.0121171, -0.00338673
0.999729, 0.0198203, 0.0122466
-0.0138331, 0.0819956, 0.996537
0.0187474, -0.996436, 0.0822475

57
-0.0252379, 0.0111174, -0.0118719
0.999902, 0.012808, 0.00561118
0.0139355, -0.879638, -0.475439
-0.0011536, 0.475471, -0.879731

58
-0.0465587, 0.0181575, 0.000314285
0.99975, 0.0214289, -0.00643243
0.00447458, -0.473197, -0.880945
-0.0219215, 0.880696, -0.473174

59
-0.0221378, 0.00895757, -0.0104472
0.999988, -0.00150613, -0.00475178
-0.00276083, -0.961042, -0.276389
-0.00415038, 0.276398, -0.961034

60
-0.109285, 0.000481387, 0.00984816
-0.999616, 0.0116958, -0.0251385
-0.00613672, -0.977516, -0.210772
-0.0270385, -0.210537, 0.977212

61
-0.0398638, -0.0101333, 0.0052349
-0.999161, -0.0108075, 0.0394953
-0.0384377, -0.0849254, -0.995646
0.0141146, -0.996329, 0.0844388

62
-0.0647118, 0.0151079, -0.00345959
0.999511, 0.0274725, 0.0149315
0.0243155, -0.382692, -0.923556
-0.0196582, 0.923467, -0.383173

63
0.00508052, -0.00488786, 0.0109426
-0.977786, -0.209603, 0.000596048
0.209023, -0.975282, -0.0716625
0.015602, -0.0699461, 0.997429

64
-0.0912059, 0.00920835, 0.0101713
0.999729, 0.0195952, -0.0125584
-0.0175447, 0.279952, -0.959854
-0.0152928, 0.959814, 0.28022

65
-0.0849579, -0.0106366, 0.0102422
-0.998607, -0.0279367, -0.0447629
0.0514388, -0.326404, -0.94383
0.0117568, -0.944818, 0.327386

66
-0.108896, 0.0149483, 0.00112047
-0.999616, 0.0116958, -0.0251385
-0.0273287, -0.56859, 0.822167
-0.00467759, 0.822538, 0.568691

67
-0.0220707, 0.0097799, 0.00340621
0.999988, -0.00150613, -0.00475178
-0.00489098, -0.112416, -0.993649
0.000962392, 0.99366, -0.112422

68
-0.0433006, -0.0101211, 0.00592987
-0.998986, -0.022605, -0.0389368
0.0410354, -0.101323, -0.994007
0.0185243, -0.994597, 0.102148

69
-0.0849579, -0.0106366, 0.0102422
-0.998607, -0.0279367, -0.0447629
0.0514388, -0.326404, -0.94383
0.0117568, -0.944818, 0.327386

70
-0.0644756, 0.0107714, 0.00294617
0.999644, 0.0266012, -0.00196741
-0.000149442, -0.0681716, -0.997674
-0.0266735, 0.997319, -0.0681434

71
-0.00998742, 0.00250956, 0.00979036
-0.996382, 0.0828855, 0.0187943
-0.0847865, -0.984671, -0.152427
0.00587221, -0.153469, 0.988136

72
-0.0756615, -0.012802, -0.00358021
0.999617, 0.0276764, 0.000890328
0.000135367, -0.0370363, 0.999314
0.0276904, -0.998931, -0.0370258

73
0.0638227, 0.0227384, -0.00135621
0.478411, -0.876009, -0.0610853
-0.0173972, 0.0600937, -0.998041
0.877964, 0.478536, 0.0135094

74
-0.0221319, -0.0145451, -0.00244739
0.999997, -0.00252056, -0.000188322
0.0012551, 0.430506, 0.902587
-0.00219395, -0.902584, 0.430508

75
-0.0488622, -0.0124201, 0.000261985
-0.999554, -0.0193545, -0.022734
0.0162474, 0.286216, -0.958027
0.025049, -0.95797, -0.285774

76
0.0469098, -0.0219478, 0.0461153
-0.467718, -0.882801, -0.0436167
0.807374, -0.406631, -0.42755
0.359705, -0.235188, 0.902939

77
-0.108694, -0.000765826, -0.0127481
0.999581, 0.00362767, 0.0287139
-0.0116781, -0.857211, 0.514833
0.0264815, -0.514953, -0.856809

78
-0.102171, -0.00465312, -0.0153692
0.998937, 0.0229414, 0.0399891
0.00165723, -0.884704, 0.46615
0.0460726, -0.465588, -0.883802

79
-0.0253278, 0.0146369, -0.00388907
0.999902, 0.012808, 0.00561118
0.0124333, -0.630725, -0.775907
-0.00639868, 0.775901, -0.630823

80
-0.0488838, -0.008143, 0.00490063
-0.999237, -0.015898, 0.0356617
-0.0340176, -0.0938434, -0.995006
0.0191653, -0.99546, 0.093231

81
-0.0220617, 0.00961681, 0.00535026
0.999988, -0.00150613, -0.00475178
-0.00415038, 0.276398, -0.961034
0.00276083, 0.961042, 0.276389

82
-0.108682, 0.0144673, -0.00758835
-0.999616, 0.0116958, -0.0251385
-0.0270385, -0.210537, 0.977212
0.00613672, 0.977516, 0.210772

83
-0.0725135, -0.0143719, 0.00121585
0.999555, 0.022957, 0.019067
-0.0256313, 0.333192, 0.942511
0.0152842, -0.942579, 0.333632

84
0.00452178, 0.00193199, 0.0104605
-0.989585, -0.143854, 0.00530433
0.138203, -0.939115, 0.314582
-0.0402724, 0.312039, 0.949215

85
-0.0904716, -0.0128957, 0.00408211
-0.997831, -0.0294129, -0.0588913
0.0520827, 0.194368, -0.979545
0.0402579, -0.980488, -0.192414

86
-0.0282215, 0.0126603, -0.0107321
0.999907, 0.0128146, 0.00475895
0.0136617, -0.924906, -0.379951
-0.000467331, 0.37998, -0.924995

87
-0.0607299, -0.00362689, -0.0147292
0.999729, 0.0198203, 0.0122466
0.00347496, -0.646607, 0.762816
0.0230379, -0.762566, -0.6465

88
-0.0161639, 0.00555302, -0.0105573
0.999882, -0.0122747, -0.00924949
-0.0141936, -0.968316, -0.249326
-0.00589602, 0.249428, -0.968375

89
-0.0729122, -0.0132381, 0.00189195
-0.999416, -0.0256984, -0.0225314
0.0223974, 0.00549257, -0.999734
0.0258154, -0.999655, -0.00491378

90
-0.00338198, 0.00463557, 0.0105362
-0.988754, 0.146846, 0.0283277
-0.132501, -0.947992, 0.289405
0.0693525, 0.282397, 0.956787

91
0.0991547, -0.00313353, 0.00843729
0.673, 0.733878, 0.0921628
-0.561013, 0.425284, 0.71021
0.482012, -0.529675, 0.697931

92
-0.0488923, -0.00590855, 0.00666121
0.99986, 0.0163345, 0.00349959
-0.0166688, 0.961726, 0.273506
0.00110194, -0.273526, 0.961864

93
-0.0283131, 0.0170025, -0.00316525
0.999907, 0.0128146, 0.00475895
0.012443, -0.709089, -0.705009
-0.00565988, 0.705002, -0.709183

94
-0.043087, -0.0106444, 0.00166513
-0.998971, -0.0207617, -0.0403313
0.032645, 0.288282, -0.956989
0.0314955, -0.95732, -0.287307

95
-0.00777162, -0.00549918, 0.0110476
-0.989317, 0.143185, 0.0273798
-0.138195, -0.861367, -0.488824
-0.046408, -0.487385, 0.871953

96
-0.0405743, 0.00960435, -0.00762958
-0.999602, -0.0175967, 0.0220638
0.0199739, 0.11119, 0.993598
-0.0199374, 0.993643, -0.110794

97
0.0289191, -0.0215251, 0.0169096
0.476809, -0.875119, -0.0825833
0.653094, 0.289817, 0.699624
-0.58832, -0.387522, 0.709722

98
-0.0112343, -0.0114718, 0.00561738
-0.996607, 0.0800008, 0.0193234
-0.00710966, 0.150225, -0.988626
-0.0819937, -0.98541, -0.149147

99
-0.0756823, 0.002529, -0.0130652
0.999504, 0.025566, 0.0183841
0.0174443, -0.935586, 0.352669
0.0262162, -0.352173, -0.935568

100
-0.0466408, 0.0148977, 0.000918143
-0.999521, -0.0232231, -0.020473
-0.0126288, -0.297927, 0.954505
-0.028266, 0.954306, 0.297491

101
0.0398846, 0.00466691, 0.0478308
0.167097, -0.983551, -0.0685985
0.985161, 0.169326, -0.0280478
0.0392019, -0.0628939, 0.99725

102
-0.0162912, -0.0110836, -0.00360418
0.999716, -0.0228004, -0.00699834
0.0101798, 0.142558, 0.989734
-0.0215687, -0.989524, 0.14275

103
-0.0525457, 0.01266, 0.00155598
0.999723, 0.0234405, -0.00199378
0.000848658, -0.12063, -0.992697
-0.0235099, 0.992421, -0.120617

104
0.0862128, 0.00464063, 0.0381371
0.480604, -0.87327, -0.0801218
0.797016, 0.473084, -0.375442
0.365767, 0.116581, 0.923376

105
-0.057709, -0.010017, 0.00132146
0.999775, 0.0192205, 0.00898431
-0.0163229, 0.426286, 0.904441
0.0135539, -0.904384, 0.426504

106
-0.0607179, -0.00997511, 0.00105196
0.999803, 0.0195616, 0.00328734
-0.0110685, 0.412655, 0.91082
0.0164606, -0.910678, 0.41279

107
-0.0463555, 0.0101718, 0.00529338
0.99975, 0.0214289, -0.00643243
-0.0123368, 0.288145, -0.957507
-0.0186648, 0.957347, 0.288338

108
-0.0968146, -0.00411289, -0.0147611
-0.998006, -0.0539234, 0.0328146
-0.047104, 0.982258, 0.181525
-0.0420208, 0.179617, -0.982839

109
0.00219862, 0.00919977, 0.00772714
0.999789, -0.0120706, -0.0166392
-0.00941242, 0.450797, -0.892577
0.0182748, 0.892545, 0.450588

110
0.0531848, -0.0070199, -0.0518559
0.275067, -0.958411, -0.0760739
-0.959862, -0.278269, 0.0350838
-0.0547936, 0.0633701, -0.996485

111
-0.0645695, 0.0137179, -0.00492667
0.999644, 0.0266012, -0.00196741
0.0100694, -0.44464, -0.895653
-0.0247003, 0.895314, -0.444749

112
-0.0428135, -0.0152541, -0.00358709
-0.998986, -0.022605, -0.0389368
0.0159178, 0.63164, -0.775099
0.0421151, -0.774933, -0.630639

113
-0.016316, -0.0140831, 0.00262789
0.999716, -0.0228004, -0.00699834
0.0176589, 0.510381, 0.859767
-0.0160312, -0.859646, 0.510638

114
-0.0525034, 0.0102259, -0.00585817
0.999723, 0.0234405, -0.00199378
0.00978089, -0.491231, -0.870974
-0.0213955, 0.870714, -0.491324

115
0.090427, 0.00891777, 0.0167978
0.480604, -0.87327, -0.0801218
0.596374, 0.392459, -0.700224
0.642929, 0.288748, 0.709413

116
0.0585856, 0.0081462, 0.0434986
0.167097, -0.983551, -0.0685985
0.895168, 0.180506, -0.407544
0.413223, 0.00669207, 0.910605

117
0.0222512, -0.024635, 0.0113665
0.476809, -0.875119, -0.0825833
0.37824, 0.119458, 0.917968
-0.793465, -0.468932, 0.387963

118
-0.0463947, 0.0107467, -0.00638809
-0.999521, -0.0232231, -0.020473
-0.0224844, 0.0899482, 0.995693
-0.0212815, 0.995676, -0.0904272

119
-0.011171, -0.00970673, 0.00157638
-0.996607, 0.0800008, 0.0193234
-0.0379461, -0.23831, -0.970447
-0.0730316, -0.967888, 0.240537

120
-0.0189948, 0.0140647, 0.00475963
0.999965, -0.0066079, -0.0051554
-0.00226507, 0.379159, -0.925329
0.0080692, 0.925308, 0.379131

121
0.0522787, 0.0253161, -0.00116838
0.587754, -0.806879, -0.0590886
-0.0173067, 0.0604794, -0.998019
0.808854, 0.587613, 0.0215826

122
-0.03374, -0.000704202, -0.0136176
-0.99941, -0.0201801, -0.0278103
-0.0260827, 0.97244, 0.231691
0.0223683, 0.23228, -0.972392

123
-0.0340668, -0.0122447, 0.000806299
-0.998989, -0.0150114, -0.0423691
0.0371307, 0.255654, -0.966055
0.0253337, -0.966652, -0.254838

124
-0.0162299, 0.00279739, -0.0140318
0.999882, -0.0122747, -0.00924949
-0.00586728, -0.861075, 0.508444
-0.0142055, -0.50833, -0.861045

125
-0.102429, 0.00393522, -0.0138545
0.998937, 0.0229414, 0.0399891
0.0191623, -0.995533, 0.09245
0.0419314, -0.0915855, -0.994914

126
-0.0253793, 0.0148336, 0.00483326
0.999902, 0.012808, 0.00561118
0.00903818, -0.28579, -0.95825
-0.0106696, 0.958207, -0.285878

127
-0.0489977, -0.000390362, 0.011022
0.99986, 0.0163345, 0.00349959
-0.0158217, 0.993193, -0.115403
-0.00536081, 0.115331, 0.993313

128
-0.0728594, -0.0112792, -0.00268536
-0.999416, -0.0256984, -0.0225314
0.0108134, 0.387626, -0.921753
0.0324214, -0.921459, -0.387121

129
-0.00394183, 0.000792803, 0.0109154
-0.988754, 0.146846, 0.0283277
-0.148955, -0.983899, -0.0987709
0.0133675, -0.10188, 0.994707

130
0.0942308, 0.00154553, 0.00713422
0.673, 0.733878, 0.0921628
-0.702767, 0.595609, 0.389061
0.230631, -0.326607, 0.91659

131
-0.0698981, -0.0111444, -0.00236497
-0.999339, -0.0251635, -0.0262506
0.0152658, 0.364883, -0.930928
0.0330038, -0.930713, -0.364257

132
-0.0191625, -0.01018, -0.00552576
0.999983, -0.00576781, -0.00108419
0.000893605, -0.0329441, 0.999457
-0.0058004, -0.999441, -0.0329383

133
-0.0131788, -0.00173095, -0.0138287
-0.999183, 0.0381511, 0.01331
0.0398153, 0.985751, 0.163433
-0.00688522, 0.16383, -0.986465

134
0.0604512, -0.0121019, -0.0249105
0.721031, 0.692885, 0.0049273
0.526129, -0.552101, 0.646818
0.450891, -0.463783, -0.762629

135
-0.0346157, 0.0121808, 0.00850201
-0.99941, -0.0201801, -0.0278103
0.00262649, -0.851865, 0.523754
-0.03426, 0.523372, 0.851415

136
-0.0314569, -0.00641471, 0.0143029
-0.999588, -0.0114168, -0.0263469
0.0282886, -0.548938, -0.835384
-0.00492537, -0.835785, 0.549035

137
0.0712959, 0.0139858, 0.019047
0.603891, 0.792353, 0.0865594
-0.541222, 0.487351, -0.68525
-0.585145, 0.366969, 0.723146

138
-0.0159875, 0.0147277, -0.00365835
0.999882, -0.0122747, -0.00924949
-0.0142055, -0.50833, -0.861045
0.00586728, 0.861075, -0.508444

139
0.00721597, 0.00660734, 0.00896488
-0.966088, -0.258208, -0.00187344
0.243965, -0.915127, 0.320974
-0.0845923, 0.309631, 0.947086

140
-0.0162387, -0.000290152, -0.0108828
0.999882, -0.0122747, -0.00924949
-0.0108569, -0.990059, 0.140234
-0.0108789, -0.140117, -0.990075

141
-0.08477, -0.0111665, 0.00638109
-0.998607, -0.0279367, -0.0447629
0.0430242, 0.0600084, -0.99727
0.0305466, -0.997807, -0.0587228

142
0.0744565, 0.0226926, -0.00465651
0.713295, 0.694906, 0.0911928
0.0547964, 0.0744224, -0.99572
-0.698718, 0.715239, 0.0150069

143
-0.0844052, -0.0146717, 0.000429944
-0.998607, -0.0279367, -0.0447629
0.0280595, 0.437285, -0.898885
0.044686, -0.898889, -0.435892

144
-0.00929077, 0.0133407, 0.00312956
-0.996607, 0.0800008, 0.0193234
-0.0248092, -0.51589, 0.856296
0.0784731, 0.852911, 0.516124

145
-0.0192101, -0.0128862, -0.0024623
0.999965, -0.0066079, -0.0051554
0.00730743, 0.386185, 0.922392
-0.00410414, -0.922398, 0.38622

146
-0.0642775, 0.009687, -0.0137266
-0.999258, -0.0261501, -0.0282698
-0.0360785, 0.379001, 0.924693
-0.0134665, 0.925027, -0.379664

147
-0.0282753, 0.0142655, -0.00373977
0.999907, 0.0128146, 0.00475895
0.00932985, -0.385321, -0.922736
-0.00999076, 0.922694, -0.385404

148
-0.109137, 0.0120591, 0.00934941
-0.999616, 0.0116958, -0.0251385
-0.0234584, -0.84008, 0.541955
-0.0147798, 0.542336, 0.840032

149
-0.0220853, 0.0135616, -0.000872857
0.999988, -0.00150613, -0.00475178
-0.00488696, -0.484116, -0.87499
-0.000982561, 0.875002, -0.484118

150
0.101687, -0.00811026, -0.002442
0.684366, 0.723659, 0.089222
-0.328685, 0.196955, 0.923675
0.650853, -0.661457, 0.372645

151
0.0871825, 0.0162779, -0.00343407
0.167097, -0.983551, -0.0685985
-0.0392019, 0.0628939, -0.99725
0.985161, 0.169326, -0.0280478

152
-0.0159228, 0.000949972, 0.00981433
0.999716, -0.0228004, -0.00699834
0.0215687, 0.989524, -0.14275
0.0101798, 0.142558, 0.989734

153
0.0273165, -0.0257981, 0.0155469
0.441581, -0.893769, -0.0786363
0.657993, 0.263012, 0.705599
-0.60996, -0.363321, 0.704235

154
-0.064474, 0.0108037, -0.00530853
-0.999436, -0.0269347, -0.0200789
-0.0205655, 0.0179126, 0.999628
-0.026565, 0.999477, -0.0184564

155
-0.0106159, -0.00556049, 0.0120601
-0.996382, 0.0828855, 0.0187943
-0.0805797, -0.850987, -0.518968
-0.0270212, -0.518604, 0.854587

156
-0.0757144, -0.0110396, 0.0010763
0.999617, 0.0276764, 0.000890328
-0.0104716, 0.348057, 0.937415
0.0256344, -0.937065, 0.348213

157
-0.0735769, 0.010331, 0.00564244
0.999578, 0.0273591, 0.00973651
0.00847314, 0.0459197, -0.998909
-0.0277764, 0.99857, 0.0456685

158
-0.0707145, 0.0125408, 0.00847318
0.999553, 0.0293691, 0.00564112
0.00489051, 0.0255675, -0.999661
-0.0295034, 0.999242, 0.0254124

159
0.0857901, 0.00644257, 0.00472114
0.526284, 0.845372, 0.0914993
-0.84777, 0.529975, -0.0203157
-0.0656667, -0.0668785, 0.995598

160
-0.0440493, 0.0115951, -0.011352
-0.998974, -0.0147325, 0.0428211
0.0305765, 0.478059, 0.877796
-0.0334031, 0.878204, -0.477118

161
0.0125859, -0.00520703, 0.0208131
0.587754, -0.806879, -0.0590886
0.753907, 0.519739, 0.401865
-0.293546, -0.280745, 0.91379

162
-0.0854899, 0.0127885, 0.00183424
0.999778, 0.0208646, -0.00286527
-0.00376532, 0.0432269, -0.999058
-0.0207211, 0.998847, 0.0432959

163
0.077726, 0.0229554, -0.0049236
0.722734, 0.684512, 0.0953872
0.0662682, 0.0687454, -0.995431
-0.687942, 0.725753, 0.00432329

164
0.104507, 0.0165703, -0.0040524
0.393301, -0.915553, -0.0841303
-0.00308928, 0.0901882, -0.99592
0.919405, 0.391956, 0.0326427

165
0.0678012, 0.0150811, 0.0195573
0.568127, 0.818255, 0.0876952
-0.558822, 0.461819, -0.688796
-0.60411, 0.342318, 0.719631

166
-0.0162361, -0.00640269, -0.0129985
0.999832, -0.0160191, -0.00895394
-0.00216767, -0.587579, 0.809164
-0.0182232, -0.809008, -0.587515

167
-0.0488255, -0.00661429, -0.00913427
0.99986, 0.0163345, 0.00349959
0.00110194, -0.273526, 0.961864
0.0166688, -0.961726, -0.273506

168
0.103306, 0.0173457, 0.00219585
0.480604, -0.87327, -0.0801218
-0.0329196, 0.073335, -0.996764
0.87632, 0.481686, 0.00649741

169
0.0510266, -0.00424029, -0.0188771
0.68996, -0.718763, -0.0856423
-0.646016, -0.664818, 0.375073
-0.326526, -0.203459, -0.923031

170
0.0775604, -0.00663049, -0.00393654
-0.230703, -0.971467, -0.0550365
-0.0244154, 0.0623241, -0.997757
0.972718, -0.228842, -0.0380971

171
-0.0282675, 0.0108103, 0.00392405
0.999907, 0.0128146, 0.00475895
0.00479636, -0.00289027, -0.999984
-0.0128006, 0.999914, -0.00295146

172
-0.0758598, -0.00748225, 0.0105104
0.999504, 0.025566, 0.0183841
-0.0308726, 0.910583, 0.412172
-0.00620269, -0.412535, 0.910921

173
0.101884, 0.0196735, 0.00161259
0.476809, -0.875119, -0.0825833
-0.0458019, 0.0690881, -0.996559
0.877813, 0.478951, -0.00714023

174
0.00508013, -0.00189754, 0.00794193
-0.98926, -0.14608, 0.00504966
0.145336, -0.986728, -0.072426
0.0155626, -0.0709143, 0.997361

175
-0.102424, -0.0107728, -0.00553052
0.998937, 0.0229414, 0.0399891
-0.0314064, -0.29636, 0.95456
0.0337501, -0.954801, -0.295324

176
-0.0607756, -0.0127462, 0.00375963
0.999729, 0.0198203, 0.0122466
-0.0230379, 0.762566, 0.6465
0.00347496, -0.646607, 0.762816

177
0.0375273, 0.00519203, 0.0443303
0.478411, -0.876009, -0.0610853
0.804475, 0.465107, -0.369453
0.352055, 0.127609, 0.92724

178
-0.0941708, 0.0137507, -0.00387687
-0.999319, -0.016849, -0.032826
-0.0308743, -0.105312, 0.99396
-0.0202043, 0.994296, 0.10472

179
-0.0794104, 0.00363438, 0.0143488
0.999654, 0.0257179, 0.00543788
-0.0138741, 0.691917, -0.721844
-0.0223269, 0.721519, 0.692035

180
0.0963653, -0.008205, 0.043312
0.487627, 0.868739, 0.0866744
-0.82616, 0.427058, 0.367534
0.282276, -0.250826, 0.925962

181
-0.0758826, -0.00446625, -0.0144921
0.999617, 0.0276764, 0.000890328
0.0196758, -0.732539, 0.68044
0.0194844, -0.680162, -0.732803

182
0.0634929, 0.0205777, 0.0131443
0.603891, 0.792353, 0.0865594
-0.276099, 0.309821, -0.909824
-0.74772, 0.525536, 0.405866

183
-0.0437354, -0.00291367, 0.0129012
-0.998986, -0.022605, -0.0389368
0.0421151, -0.774933, -0.630639
-0.0159178, -0.63164, 0.775099

184
-0.0852158, -0.00337482, 0.0114627
-0.998607, -0.0279367, -0.0447629
0.044686, -0.898889, -0.435892
-0.0280595, -0.437285, 0.898885

185
-0.0491666, -0.0104729, -0.00893031
-0.99955, -0.0156372, 0.0255874
-0.0296395, 0.644758, -0.763812
-0.00455378, -0.764227, -0.644931

186
0.103788, 0.013527, -0.00199311
0.441581, -0.893769, -0.0786363
-0.0339649, 0.0709294, -0.996903
0.896578, 0.442885, 0.000964352

187
0.101884, 0.0196735, 0.00161259
0.476809, -0.875119, -0.0825833
-0.0458019, 0.0690881, -0.996559
0.877813, 0.478951, -0.00714023

188
-0.043866, 0.00408315, 0.01219
-0.998986, -0.022605, -0.0389368
0.0328178, -0.957662, -0.286017
-0.0308228, -0.287005, 0.957433

189
-0.0341427, 0.00248649, 0.0119221
0.999833, 0.0140585, 0.0116531
-0.0123557, 0.990749, -0.135145
-0.0134453, 0.134979, 0.990757

190
-0.0221243, -0.0110411, -0.00870789
0.999997, -0.00252056, -0.000188322
-0.00066387, -0.33381, 0.94264
-0.00243885, -0.942637, -0.33381

191
-0.046405, 0.0107327, -0.000532175
0.99975, 0.0214289, -0.00643243
-0.00425501, -0.100149, -0.994963
-0.0219651, 0.994742, -0.100033

192
-0.0085119, -0.00988715, 0.00724604
-0.989317, 0.143185, 0.0273798
-0.109916, -0.609285, -0.785296
-0.0957603, -0.779916, 0.618515

193
-0.040498, 0.0129952, -0.00146723
-0.999602, -0.0175967, 0.0220638
0.0260832, -0.277525, 0.960364
-0.010776, 0.960557, 0.277873

194
-0.0428407, -0.0122566, -0.00360635
-0.998971, -0.0207617, -0.0403313
0.0181073, 0.632689, -0.774195
0.0415908, -0.774128, -0.631661

195
-0.0464788, 0.0130422, -0.00431776
0.99975, 0.0214289, -0.00643243
0.012523, -0.774205, -0.632811
-0.0185405, 0.632572, -0.774279

196
0.048225, 0.0200957, 0.000168088
0.483029, 0.871877, 0.0807079
0.0531524, 0.0628072, -0.996609
-0.87399, 0.485681, -0.0160046

197
0.058548, 0.0226934, 0.0112686
0.526284, 0.845372, 0.0914993
-0.263759, 0.264601, -0.927587
-0.808367, 0.46404, 0.36223

198
0.0951759, -0.000325416, 0.00868106
0.713295, 0.694906, 0.0911928
-0.666501, 0.632315, 0.39491
0.216763, -0.342468, 0.914183

199
-0.0404195, -0.0104796, -0.00891809
-0.999161, -0.0108075, 0.0394953
-0.0371601, 0.644459, -0.763735
-0.017199, -0.764562, -0.644321

200
-0.0643535, 0.0058714, -0.0104506
0.999511, 0.0274725, 0.0149315
0.0310941, -0.923594, -0.382108
0.00329318, 0.382386, -0.923997

201
-0.0253418, 0.0127043, 0.00302011
0.999902, 0.012808, 0.00561118
0.0042671, 0.102654, -0.994708
-0.0133162, 0.994635, 0.10259

202
-0.0706668, 0.0141895, -0.00856127
0.999553, 0.0293691, 0.00564112
0.0243201, -0.688492, -0.724836
-0.0174039, 0.724649, -0.688898

203
0.0690886, 0.01491, 0.0225535
0.526284, 0.845372, 0.0914993
-0.55303, 0.422039, -0.718359
-0.645897, 0.327459, 0.689629

204
-0.0435479, 0.0112313, 0.000220855
-0.998974, -0.0147325, 0.0428211
0.0452404, -0.282946, 0.958068
-0.00199867, 0.959023, 0.283322

205
-0.0852553, 0.00294749, 0.0120242
0.999778, 0.0208646, -0.00286527
-0.0173145, 0.736858, -0.675826
-0.0119895, 0.675726, 0.737056

206
0.015492, -0.0197155, 0.00184649
0.367991, -0.926164, -0.0824785
0.0468285, -0.0701304, 0.996438
-0.928649, -0.370543, 0.0175635

207
-0.0733681, -0.00537354, 0.0131411
-0.999416, -0.0256984, -0.0225314
0.0340916, -0.702979, -0.710393
0.00241688, -0.710746, 0.703444

208
0.0571434, 0.024713, -0.00126855
0.568127, 0.818255, 0.0876952
0.0320234, 0.0845006, -0.995909
-0.822318, 0.568611, 0.0218037

209
-0.0488242, -0.0096575, 0.00470317
0.99986, 0.0163345, 0.00349959
-0.0110074, 0.48663, 0.873539
0.0125658, -0.873455, 0.486742

210
-0.00264818, 0.0105118, 0.00568742
-0.988754, 0.146846, 0.0283277
-0.0446525, -0.470646, 0.881191
0.142732, 0.870016, 0.47191

211
-0.00944544, 0.0107172, 0.00601359
-0.996607, 0.0800008, 0.0193234
-0.052951, -0.803015, 0.593602
0.0630056, 0.590565, 0.804527

212
-0.0339484, -0.00913046, 0.00926073
0.999833, 0.0140585, 0.0116531
-0.0165604, 0.966987, 0.254288
-0.00769352, -0.254439, 0.967058

213
0.0768059, -0.015443, -0.00407493
-0.286988, -0.956506, -0.0522882
-0.0241807, 0.0618005, -0.997796
0.957629, -0.285091, -0.040865

214
0.023617, -0.0277717, -0.00480133
0.587085, -0.805094, -0.0845835
0.0545052, -0.0649362, 0.9964
-0.807688, -0.589582, 0.00575872

215
0.0776049, -0.021006, 0.012181
-0.210394, -0.976065, -0.0550623
0.347927, -0.0221236, -0.937261
0.913609, -0.216352, 0.344254

216
-0.0644692, 0.0108064, -0.00798517
-0.999258, -0.0261501, -0.0282698
-0.0281788, -0.00384072, 0.999596
-0.0262481, 0.999651, 0.003101

217
-0.0191736, -0.0128521, 0.0045716
0.999965, -0.0066079, -0.0051554
0.00832177, 0.709775, 0.704379
-0.000995296, -0.704398, 0.709805

218
-0.073152, -0.00829857, 0.00689409
-0.999416, -0.0256984, -0.0225314
0.0305716, -0.377477, -0.925514
0.0152792, -0.925662, 0.378042

219
-0.00292771, 0.00804842, 0.00870037
-0.988754, 0.146846, 0.0283277
-0.0958746, -0.767761, 0.633522
0.114779, 0.623682, 0.773206

220
0.101825, -0.00496998, 0.00356361
0.673, 0.733878, 0.0921628
-0.333851, 0.190213, 0.923235
0.660012, -0.652105, 0.373019

221
-0.0487778, -0.0124417, 0.00444016
0.99986, 0.0163345, 0.00349959
-0.0149783, 0.783845, 0.620776
0.00739693, -0.620742, 0.78398

222
-0.0221256, -0.0121609, -0.000985035
0.999997, -0.00252056, -0.000188322
0.000319971, 0.0523317, 0.99863
-0.00250725, -0.998627, 0.0523323

223
-0.0577787, -0.00967384, 0.00834682
0.999775, 0.0192205, 0.00898431
-0.0202672, 0.73993, 0.672379
0.00627568, -0.672409, 0.740153

224
0.0848701, 0.000540923, -0.000596309
0.0325326, -0.997425, -0.0639201
-0.0334227, 0.0628325, -0.997464
0.998912, 0.0345865, -0.0312926

225
0.0566688, 0.0161986, 0.0220459
0.487627, 0.868739, 0.0866744
-0.576947, 0.395161, -0.714829
-0.65525, 0.298563, 0.693907

226
-0.0795027, 0.0111188, -0.00407301
0.999654, 0.0257179, 0.00543788
0.0153179, -0.401811, -0.915594
-0.0213622, 0.915361, -0.402066

227
-0.0488136, -0.0122611, -0.0036568
-0.999201, -0.0218649, -0.0334603
0.0119517, 0.635385, -0.772103
0.0381422, -0.771886, -0.634616

228
0.00058811, 0.00779128, 0.00876636
-0.98834, 0.149713, 0.0277677
-0.151544, -0.9849, -0.0837
0.0148174, -0.0869321, 0.996104

229
0.0445973, 0.0239447, 0.00173405
0.562006, 0.823461, 0.077853
0.0311939, 0.0729559, -0.996847
-0.826545, 0.562662, 0.0153147

230
-0.0401005, -0.00948321, -0.000576769
-0.999161, -0.0108075, 0.0394953
-0.0409133, 0.302818, -0.95217
-0.00166926, -0.952987, -0.303006

231
-0.0645082, 0.010482, -0.00857701
0.999511, 0.0274725, 0.0149315
0.0299875, -0.706957, -0.70662
-0.0088567, 0.706722, -0.707435

232
0.023413, -0.0270437, 0.00778481
0.441581, -0.893769, -0.0786363
0.374485, 0.103954, 0.921387
-0.815332, -0.436316, 0.380607

233
-0.0643256, 0.00955972, -0.0110256
-0.999436, -0.0269347, -0.0200789
-0.029166, 0.399032, 0.916473
-0.0166728, 0.916541, -0.399593

234
-0.0576702, -0.006987, -0.00947926
0.999775, 0.0192205, 0.00898431
0.00627568, -0.672409, 0.740153
0.0202672, -0.73993, -0.672379

235
-0.049233, -0.00974221, -0.00559645
-0.999237, -0.015898, 0.0356617
-0.0376059, 0.637539, -0.7695
-0.0105022, -0.770254, -0.637651

236
-0.0251447, 0.00429776, -0.0129264
0.999902, 0.012808, 0.00561118
0.0133162, -0.994635, -0.10259
0.0042671, 0.102654, -0.994708

237
-0.0643568, 0.00711283, 0.0138275
0.999644, 0.0266012, -0.00196741
-0.0189667, 0.657006, -0.753646
-0.0187553, 0.753416, 0.657277

238
0.0380179, 0.020781, -0.00716649
0.439246, 0.894611, 0.0820667
0.0205788, 0.0813073, -0.996477
-0.898131, 0.439387, 0.0173039

239
-0.109255, 0.00534188, 0.0109283
-0.999616, 0.0116958, -0.0251385
-0.0160168, -0.983676, 0.179234
-0.0226319, 0.179568, 0.983485

240
-0.0221172, 0.0141586, -0.00776334
0.999988, -0.00150613, -0.00475178
-0.00413896, -0.782114, -0.623122
-0.00277793, 0.623134, -0.78211

241
-0.101332, -0.0141131, -0.00099839
-0.99695, -0.0761078, 0.0172894
-0.0377579, 0.276448, -0.960287
0.0683057, -0.95801, -0.278479

242
-0.0642105, 0.00347011, 0.0133971
0.999629, 0.0255549, -0.00945427
-0.0236692, 0.64251, -0.765912
-0.0134983, 0.765851, 0.642876

243
-0.0134057, -0.0100003, -0.00716269
-0.999183, 0.0381511, 0.01331
0.0232851, 0.812876, -0.581971
-0.0330222, -0.581186, -0.813101

244
0.0263659, 0.0186367, -0.0142137
-0.692442, -0.721437, -0.00728274
-0.225621, 0.206943, 0.951982
-0.685288, 0.660835, -0.306067

245
-0.0702287, -0.00792925, 0.00713712
-0.999339, -0.0251635, -0.0262506
0.0341318, -0.400103, -0.915835
0.0125426, -0.916125, 0.400697

246
-0.060745, -0.00678329, -0.00970209
0.999803, 0.0195616, 0.00328734
0.0109718, -0.68344, 0.729924
0.0165252, -0.729744, -0.68352

247
-0.0704684, 0.00803576, -0.011679
0.999553, 0.0293691, 0.00564112
0.0291291, -0.913395, -0.406032
-0.00677221, 0.406015, -0.913842

248
-0.0433465, 0.0128731, 0.00548507
-0.998974, -0.0147325, 0.0428211
0.0425616, -0.62841, 0.776717
0.0154662, 0.777743, 0.628392

249
-0.0997177, 0.00330294, 0.0130337
0.998906, 0.0360464, -0.029784
-0.0464535, 0.692294, -0.720118
-0.00533839, 0.720714, 0.693212

250
0.0834922, 0.00766442, -0.0450443
0.445984, -0.891567, -0.0787753
-0.839141, -0.385891, -0.383316
0.311353, 0.237056, -0.920252

251
-0.099258, -0.0114642, 0.01058
0.998906, 0.0360464, -0.029784
-0.022709, 0.930783, 0.364867
0.0408746, -0.363791, 0.930583

252
0.00212373, 0.0107683, 0.00208904
0.999789, -0.0120706, -0.0166392
-0.0156894, 0.0749197, -0.997066
0.0132818, 0.997117, 0.0747145

253
-0.0699731, -0.0129903, 0.00225874
-0.999339, -0.0251635, -0.0262506
0.0267338, -0.0190607, -0.999461
0.0246495, -0.999502, 0.0197208

254
-0.0132915, -0.00644711, -0.00877086
-0.999183, 0.0381511, 0.01331
0.0341497, 0.97341, -0.226511
-0.0215978, -0.225871, -0.973918

255
0.0217432, 0.022952, -0.00217784
-0.692442, -0.721437, -0.00728274
0.0538018, -0.0617003, 0.996644
-0.719465, 0.689726, 0.0815385

256
0.0531992, -0.000941589, -0.0548517
0.587085, -0.805094, -0.0845835
-0.807688, -0.589582, 0.00575872
-0.0545052, 0.0649362, -0.9964

257
-0.0337502, -0.0101488, -0.00651659
0.999833, 0.0140585, 0.0116531
-0.00769352, -0.254439, 0.967058
0.0165604, -0.966987, -0.254288

258
0.0301335, -0.00427843, 0.0478581
-0.286988, -0.956506, -0.0522882
0.957629, -0.285091, -0.040865
0.0241807, -0.0618005, 0.997796

259
0.00354804, 0.00852527, 0.00931512
-0.98926, -0.14608, 0.00504966
0.113773, -0.747866, 0.654028
-0.0917638, 0.647578, 0.756454

260
-0.0644548, 0.00895173, -0.0111046
0.999644, 0.0266012, -0.00196741
0.0187553, -0.753416, -0.657277
-0.0189667, 0.657006, -0.753646

261
-0.0339455, -0.0092019, -0.00313305
-0.998989, -0.0150114, -0.0423691
0.0246095, 0.606115, -0.794996
0.0376146, -0.795235, -0.605133

262
0.0271657, 0.0224383, -0.0112038
0.721031, 0.692885, 0.0049273
0.215228, -0.2172, -0.952103
-0.658628, 0.687557, -0.305736

263
-0.0339152, 0.00461263, -0.0111773
-0.99941, -0.0201801, -0.0278103
-0.0326572, 0.809527, 0.586173
0.0106842, 0.586735, -0.809708

264
-0.0221098, -0.00662192, 0.00876982
0.999997, -0.00252056, -0.000188322
0.00243885, 0.942637, 0.33381
-0.00066387, -0.33381, 0.94264

265
-0.0487791, -0.00163598, 0.0116064
-0.99955, -0.0156372, 0.0255874
-0.00455378, -0.764227, -0.644931
0.0296395, -0.644758, 0.763812

266
-0.0912238, 0.00840398, 0.00749252
0.999729, 0.0195952, -0.0125584
-0.0220615, 0.625947, -0.779553
-0.00741466, 0.779619, 0.62621

267
-0.084035, -0.0144509, -0.00796568
-0.998607, -0.0279367, -0.0447629
0.00882295, 0.747988, -0.663653
0.0520224, -0.663124, -0.7467

268
-0.0757979, -0.00836289, 0.0115946
0.999617, 0.0276764, 0.000890328
-0.0276904, 0.998931, 0.0370258
0.000135367, -0.0370363, 0.999314

269
-0.0112886, -0.0114932, 0.00256327
-0.996382, 0.0828855, 0.0187943
-0.00587221, 0.153469, -0.988136
-0.0847865, -0.984671, -0.152427

270
0.0674704, -0.0197592, 0.0288045
-0.210394, -0.976065, -0.0550623
0.671066, -0.103234, -0.734176
0.710919, -0.191417, 0.676723

271
-0.0250152, -0.00573665, -0.013099
0.999902, 0.012808, 0.00561118
0.00639868, -0.775901, 0.630823
0.0124333, -0.630725, -0.775907

272
-0.0555802, 2.16967e-05, 0.0138041
-0.999377, -0.0216673, -0.0278525
0.0343556, -0.777652, -0.627755
-0.00805783, -0.628321, 0.777912

273
0.0333335, -0.0133061, 0.0448511
-0.210394, -0.976065, -0.0550623
0.97721, -0.208349, -0.040625
0.0281804, -0.0623547, 0.997656

274
-0.0639956, -0.00225791, -0.0126433
-0.999258, -0.0261501, -0.0282698
-0.0350336, 0.922087, 0.385394
0.0159891, 0.386098, -0.922319

275
-0.00630982, -0.0129469, -0.000513245
-0.988754, 0.146846, 0.0283277
-0.0133675, 0.10188, -0.994707
-0.148955, -0.983899, -0.0987709

276
0.0708415, 0.0226799, 0.00964016
0.673, 0.733878, 0.0921628
-0.230631, 0.326607, -0.91659
-0.702767, 0.595609, 0.389061

277
0.00078931, -0.00463268, 0.0373404
0.0325326, -0.997425, -0.0639201
0.729971, -0.0199729, 0.683187
-0.682704, -0.0688856, 0.727441

278
0.00128463, 0.012805, 0.00576159
-0.977786, -0.209603, 0.000596048
0.158834, -0.739088, 0.654616
-0.136769, 0.640169, 0.755962

279
0.0256231, 0.0227931, 0.00342268
-0.702125, -0.712019, -0.0069387
0.053399, -0.0623691, 0.996624
-0.710048, 0.699384, 0.0818121

280
-0.0607457, -0.00973745, 0.00808197
0.999803, 0.0195616, 0.00328734
-0.0165252, 0.729744, 0.68352
0.0109718, -0.68344, 0.729924

281
0.0441026, 0.0232048, -0.00729467
0.547176, 0.833257, 0.0792501
0.0311358, 0.0743533, -0.996746
-0.836438, 0.547863, 0.0147402

282
0.00978214, 0.0198425, 0.00213103
0.753556, 0.656872, 0.0259313
-0.0186992, 0.0608484, -0.997972
-0.657118, 0.751543, 0.0581357

283
-0.0282804, 0.00968519, 0.00966758
0.999907, 0.0128146, 0.00475895
-0.000467331, 0.37998, -0.924995
-0.0136617, 0.924906, 0.379951

284
0.080785, -0.0206059, -0.00706293
-0.210394, -0.976065, -0.0550623
-0.0281804, 0.0623547, -0.997656
0.97721, -0.208349, -0.040625

285
-0.00969604, 0.0071947, 0.00767279
-0.996607, 0.0800008, 0.0193234
-0.0730316, -0.967888, 0.240537
0.0379461, 0.23831, 0.970447

286
-0.0191335, -0.00823307, 0.00643029
0.999965, -0.0066079, -0.0051554
0.0080692, 0.925308, 0.379131
0.00226507, -0.379159, 0.925329

287
-0.0647762, 0.0142533, -0.000323809
-0.999258, -0.0261501, -0.0282698
-0.0159891, -0.386098, 0.922319
-0.0350336, 0.922087, 0.385394

288
-0.0494203, -0.00672472, 0.0108432
-0.999201, -0.0218649, -0.0334603
0.0398125, -0.469979, -0.881779
0.00355442, -0.882407, 0.470474

289
-0.0727155, -0.0100236, 0.00657119
0.999555, 0.022957, 0.019067
-0.0295293, 0.668539, 0.743091
0.00431207, -0.743323, 0.668919

290
-0.004763, -0.0124291, -0.0032501
0.22191, -0.972461, -0.0712411
0.0506664, -0.061464, 0.996823
-0.97375, -0.224814, 0.0356316

291
0.000984703, 0.0112095, 0.00445279
-0.98834, 0.149713, 0.0277677
-0.134338, -0.943197, 0.303864
0.0716827, 0.29659, 0.952311

292
-0.0129424, 0.00374044, -0.0117641
-0.999183, 0.0381511, 0.01331
0.0394194, 0.84802, 0.528496
0.00887554, 0.528589, -0.848831

293
-0.0191758, -0.0139078, 0.00200921
0.999983, -0.00576781, -0.00108419
0.0030453, 0.352033, 0.935983
-0.0050169, -0.93597, 0.352045

294
-0.0697269, -0.0123235, -0.00775279
-0.999339, -0.0251635, -0.0262506
0.00147379, 0.693276, -0.72067
0.0363335, -0.720232, -0.692781

295
-0.108635, 0.00348612, -0.0153384
0.999581, 0.00362767, 0.0287139
-0.000655109, -0.989023, 0.147757
0.0289347, -0.147714, -0.988607

296
0.037172, 0.0129702, -0.00145145
0.402862, 0.912188, 0.0749348
0.0196261, 0.0732441, -0.997121
-0.91505, 0.403173, 0.0116046

297
-0.0756721, -0.0121979, -0.010455
0.999617, 0.0276764, 0.000890328
0.0107217, -0.416491, 0.909077
0.0255308, -0.908718, -0.416628
