0
-0.0634862, -0.0341327, -0.000631375
0.883053, 0.469006, -0.0158616
0.0246697, -0.080149, -0.996478
-0.468625, 0.879551, -0.082346

1
-0.0707705, 0.0237994, -0.00565097
-0.892861, 0.428403, -0.138815
0.302804, 0.342964, -0.889205
-0.33333, -0.83597, -0.435942

2
-0.0683188, 0.0233992, -0.00389082
-0.899586, 0.432749, -0.0589377
0.215932, 0.323398, -0.921296
-0.37963, -0.841512, -0.384369

3
-0.0701588, 0.0287602, 0.00175971
0.90693, -0.420926, -0.0172812
0.156756, 0.299105, 0.941256
-0.391031, -0.856363, 0.33725

4
0.0188841, 0.0272946, -0.0543646
-0.912076, 0.30328, 0.275931
0.247487, 0.943759, -0.219246
-0.326905, -0.13168, -0.935838

5
0.0124822, -0.0110087, -0.0265298
-0.963645, -0.263331, 0.0452178
-0.224381, 0.705712, -0.67203
0.145056, -0.657745, -0.739142

6
0.0261326, 0.00677683, -0.0217288
-0.869361, -0.481954, 0.109232
-0.109307, 0.403101, 0.908604
-0.481937, 0.777966, -0.403121

7
-0.0656047, 0.0293482, -0.00163636
-0.899586, 0.432749, -0.0589377
0.0542171, -0.0232517, -0.998258
-0.433366, -0.901214, -0.0025455

8
-0.0633976, -0.0312619, -0.0101542
0.87028, 0.485496, -0.083106
0.162217, -0.441817, -0.882317
-0.465079, 0.754381, -0.463261

9
-0.0562309, 0.0199525, -0.00346
-0.858571, 0.503507, -0.0966267
0.296289, 0.33347, -0.894992
-0.418413, -0.797043, -0.435491

10
-0.0664972, -0.0285573, -0.00340399
0.883053, 0.469006, -0.0158616
0.202127, -0.410638, -0.889113
-0.423512, 0.781927, -0.457413

11
0.0500356, 0.0227638, 0.0299874
0.88387, -0.351393, -0.3087
0.303231, 0.932998, -0.193821
0.356124, 0.077705, 0.931202

12
-0.0620435, -0.0293267, 0.0111901
-0.792401, -0.535111, -0.292843
0.134963, -0.621968, 0.771324
-0.594883, 0.571675, 0.565068

13
-0.0429019, -0.00190615, 0.0549142
-0.83395, -0.545146, -0.0856946
0.415968, -0.723036, 0.551534
-0.362627, 0.424306, 0.829739

14
0.0120485, -0.0155779, 0.00117756
0.990616, 0.135661, -0.0166387
0.00899571, 0.0567588, 0.998347
0.136381, -0.989128, 0.0550058

15
0.00139793, -0.0467638, -0.0349513
-0.984733, 0.174024, 0.00398299
0.156295, 0.894021, -0.419879
-0.0766299, -0.412847, -0.907571

16
-0.0747441, 0.00243483, 0.0178647
-0.841213, -0.540673, 0.00583813
0.150041, -0.223042, 0.963193
-0.51947, 0.811126, 0.268749

17
0.0265335, -0.0160965, 0.000594318
-0.878019, 0.475716, 0.0526946
-0.0669629, -0.0130812, -0.99767
-0.473918, -0.879502, 0.0433409

18
-0.0643959, -0.0324143, -0.00046266
0.883053, 0.469006, -0.0158616
-0.156543, 0.262542, -0.952138
-0.442394, 0.843271, 0.305258

19
0.0113573, -0.0128992, -0.0181343
0.990616, 0.135661, -0.0166387
0.0605017, -0.326085, 0.943403
0.122557, -0.935556, -0.331232

20
-0.0546334, 0.0226295, -0.00370478
-0.858571, 0.503507, -0.0966267
0.113615, 0.00307068, -0.99352
-0.499948, -0.863985, -0.0598425

21
0.0296185, -0.0124988, 0.0195189
-0.878019, 0.475716, 0.0526946
-0.243226, -0.348656, -0.905141
-0.412218, -0.807548, 0.421833

22
0.0258753, 0.0115289, -0.0028091
-0.869361, -0.481954, 0.109232
0.0834425, 0.0747018, 0.993709
-0.487082, 0.873006, -0.0247274

23
-0.0618756, 0.0344824, -0.0208572
-0.899586, 0.432749, -0.0589377
0.421126, 0.823715, -0.379665
-0.115752, -0.366362, -0.923245

24
-0.00811983, 0.0112872, -0.0383992
0.773732, -0.604822, 0.18849
-0.596626, -0.795724, -0.104211
0.213015, -0.0318264, -0.97653

25
-0.0161119, -0.0434201, 0.0582937
-0.83395, -0.545146, -0.0856946
0.523075, -0.830373, 0.192024
-0.17584, 0.115314, 0.977642

26
-0.0649208, 0.029328, -0.0122239
-0.899586, 0.432749, -0.0589377
0.344773, 0.620813, -0.704075
-0.268099, -0.653696, -0.707675

27
-0.0606419, -0.0332046, 0.00735362
0.87028, 0.485496, -0.083106
-0.214155, 0.221016, -0.951467
-0.443565, 0.84584, 0.296317

28
-0.0604893, -0.0372427, -0.0146389
0.87028, 0.485496, -0.083106
0.443565, -0.84584, -0.296317
-0.214155, 0.221016, -0.951467

29
-0.0616057, -0.0328008, -0.000379707
0.87028, 0.485496, -0.083106
-0.0281085, -0.119497, -0.992437
-0.491755, 0.866034, -0.0903491

30
0.0153929, 0.00973768, -0.0466077
-0.912076, 0.30328, 0.275931
0.103546, 0.821528, -0.560687
-0.39673, -0.482817, -0.7807

31
-0.0691475, 0.0312796, -0.0065319
0.90693, -0.420926, -0.0172812
-0.00481694, -0.051379, 0.998668
-0.421253, -0.905639, -0.0486248

32
-0.0542898, 0.0225401, -0.000833374
-0.852966, 0.504951, -0.132184
0.148734, -0.00761429, -0.988848
-0.500326, -0.863114, -0.0686084

33
-0.0652987, 0.0312857, 0.00791891
-0.899586, 0.432749, -0.0589377
-0.115752, -0.366362, -0.923245
-0.421126, -0.823715, 0.379665

34
-0.0646764, -0.0323775, -0.0149941
0.883053, 0.469006, -0.0158616
0.348812, -0.67861, -0.646389
-0.313924, 0.565263, -0.762843

35
0.0314332, -0.0143728, -0.00753675
-0.491977, 0.870584, -0.00647439
0.159219, 0.0826603, -0.983777
-0.855925, -0.485026, -0.179281

36
-0.0624069, -0.0334948, -0.00797607
-0.860131, -0.464694, 0.210318
0.131677, 0.196062, 0.97171
-0.492783, 0.863492, -0.107449

37
-0.0510149, -0.00763803, -0.0126476
-0.400458, -0.341585, -0.850266
-0.880085, 0.401725, 0.253113
0.255114, 0.849668, -0.461498

38
-0.0665329, 0.0296459, -0.014864
-0.892861, 0.428403, -0.138815
0.407314, 0.636769, -0.65469
-0.192078, -0.641089, -0.743042

39
-0.106296, 0.00637216, -0.0171541
-0.481045, 0.292793, 0.826358
-0.564808, 0.617402, -0.547546
-0.670513, -0.730128, -0.131627

40
-0.0511838, -0.0170013, -0.0115487
-0.391295, -0.307707, -0.867297
-0.865857, 0.44235, 0.233705
0.311736, 0.842403, -0.43952

41
-0.0677253, 0.0307764, -0.00370566
-0.892861, 0.428403, -0.138815
0.152195, -0.00305447, -0.988346
-0.423835, -0.903582, -0.0624736

42
-0.0633663, -0.0285324, 0.00295647
-0.838827, -0.449333, 0.307358
0.380098, -0.0792099, 0.921548
-0.389737, 0.889846, 0.237234

43
-0.0636428, -0.0274208, 0.00971763
0.87028, 0.485496, -0.083106
-0.367599, 0.527881, -0.765645
-0.327847, 0.696875, 0.637872

44
-0.0422553, -0.0244881, -0.0130718
0.773732, -0.604822, 0.18849
-0.425119, -0.275107, 0.862317
-0.469693, -0.747333, -0.469981

45
0.0316443, -0.0141084, 0.0119693
-0.491977, 0.870584, -0.00647439
-0.180449, -0.109243, -0.977499
-0.851702, -0.479739, 0.210841

46
-0.0793122, -0.00333606, 0.00902311
0.552466, 0.0825774, -0.829435
-0.833465, 0.0417969, -0.55099
-0.0108315, 0.995708, 0.0919167

47
0.00992034, 0.0274539, -0.0234467
-0.958753, -0.283122, 0.0252146
-0.148289, 0.573888, 0.805396
-0.242495, 0.768436, -0.592201

48
-0.0952186, -0.006326, -0.00186945
0.552466, 0.0825774, -0.829435
-0.765876, -0.342426, -0.544223
-0.32896, 0.935909, -0.125935

49
-0.0540985, 0.0245877, 0.0057544
-0.852966, 0.504951, -0.132184
-0.0540547, -0.337334, -0.939832
-0.519159, -0.7945, 0.31503

50
-0.0672263, -0.0314005, -0.00969602
-0.86513, -0.453406, -0.214413
-0.390136, 0.339702, 0.855802
-0.315189, 0.82403, -0.470776

51
-0.064239, -0.0299557, -0.0113351
0.87028, 0.485496, -0.083106
0.327847, -0.696875, -0.637872
-0.367599, 0.527881, -0.765645

52
-0.0651605, 0.0494213, 0.0356779
0.529984, -0.340937, 0.776453
0.48222, 0.874337, 0.0547683
-0.697554, 0.345395, 0.627791

53
-0.0526149, 0.023103, -0.00949098
-0.852966, 0.504951, -0.132184
0.328879, 0.323265, -0.887321
-0.405323, -0.800328, -0.441802

54
-0.0610659, -0.0271484, 0.0112579
-0.838827, -0.449333, 0.307358
0.50031, -0.41371, 0.760614
-0.214612, 0.791798, 0.571837

55
-0.108621, -0.0164401, -0.0118034
0.552466, 0.0825774, -0.829435
-0.58169, -0.674517, -0.454603
-0.597008, 0.733627, -0.324613

56
-0.053229, 0.0214076, -0.0120048
-0.852966, 0.504951, -0.132184
0.458955, 0.60493, -0.650708
-0.248614, -0.615698, -0.747735

57
-0.0757347, -0.00968682, 0.00117
-0.689217, -0.284248, 0.666471
0.543386, 0.40568, 0.734953
-0.479283, 0.868693, -0.125146

58
0.0128799, 0.0231195, -0.011671
-0.986538, 0.157066, 0.0455413
0.0577241, 0.0738947, 0.995594
0.153009, 0.98482, -0.0819664

59
-0.0687252, -0.0410871, 0.0168355
-0.86513, -0.453406, -0.214413
0.315189, -0.82403, 0.470776
-0.390136, 0.339702, 0.855802

60
-0.0542147, 0.0246097, 0.00289309
-0.858571, 0.503507, -0.0966267
-0.086355, -0.327796, -0.940794
-0.50537, -0.799394, 0.324916

61
-0.0915932, -0.0074224, -0.000142768
-0.134421, -0.215581, -0.96719
-0.916632, -0.34375, 0.204014
-0.376453, 0.913981, -0.151401

62
-0.0650554, 0.0390515, 0.018921
0.90693, -0.420926, -0.0172812
0.421253, 0.905639, 0.0486248
-0.00481694, -0.051379, 0.998668

63
0.0309201, -0.00827988, -0.0205727
0.794692, -0.559416, -0.235624
-0.218854, -0.626116, 0.748386
-0.566187, -0.543169, -0.62

64
-0.0653113, -0.0357229, -0.0128636
-0.838827, -0.449333, 0.307358
-0.00681555, 0.573206, 0.819383
-0.544355, 0.685226, -0.483883

65
-0.0821314, 0.0350632, -0.0105737
-0.684307, 0.171809, -0.708664
0.497263, -0.600871, -0.625847
-0.533342, -0.780664, 0.325746

66
-0.0662407, -0.00711927, 0.00659323
-0.796887, 0.421834, -0.432466
0.132574, -0.576296, -0.806416
-0.589402, -0.699956, 0.403319

67
-0.0479297, 0.0313155, -0.0180092
-0.858571, 0.503507, -0.0966267
0.499948, 0.863985, 0.0598425
0.113615, 0.00307068, -0.99352

68
-0.0476625, 0.0280719, -0.0224668
-0.852966, 0.504951, -0.132184
0.519159, 0.7945, -0.31503
-0.0540547, -0.337334, -0.939832

69
0.0388757, -0.0195757, -0.0382082
0.578467, -0.803653, 0.139705
-0.566322, -0.272415, 0.777862
-0.587074, -0.529086, -0.612709

70
-0.0529219, -0.0172438, -0.0278244
-0.796887, 0.421834, -0.432466
0.510514, 0.087441, -0.855412
-0.323026, -0.902447, -0.285033

71
-0.0768138, 0.00176684, -0.00389868
0.409527, 0.209568, -0.887901
-0.908707, 0.00743583, -0.417368
-0.0808646, 0.977766, 0.193481

72
-0.0572503, -0.043851, -0.0193249
0.87028, 0.485496, -0.083106
0.491755, -0.866034, 0.0903491
-0.0281085, -0.119497, -0.992437

73
-0.0672154, -0.0362391, 0.000492031
-0.86513, -0.453406, -0.214413
-0.0529954, -0.342472, 0.938032
-0.49874, 0.822883, 0.272254

74
-0.0677336, 0.032888, 0.00286466
-0.892861, 0.428403, -0.138815
-0.0215846, -0.348608, -0.93702
-0.449815, -0.833632, 0.320505

75
-0.0483612, 0.0300447, -0.0207965
-0.858571, 0.503507, -0.0966267
0.50537, 0.799394, -0.324916
-0.086355, -0.327796, -0.940794

76
0.0307902, 0.0159313, -0.0134466
-0.456901, -0.870194, -0.184404
-0.190937, -0.106532, 0.975804
-0.868784, 0.481055, -0.117478

77
-0.0530075, -0.0307497, -0.0106598
-0.792401, -0.535111, -0.292843
-0.325213, -0.0355629, 0.944972
-0.516079, 0.844033, -0.145845

78
0.02418, -0.00983395, 0.0194778
-0.910652, 0.354436, -0.212341
-0.0996087, -0.687097, -0.719706
-0.400988, -0.63425, 0.661011

79
0.000135201, -0.0340781, -0.0205706
0.999557, -0.0018689, 0.0296876
-0.0248481, -0.601116, 0.798775
0.0163528, -0.79916, -0.600896

80
0.0282104, 0.0183946, -0.00679545
-0.596404, -0.801739, 0.038941
-0.0607576, 0.0934648, 0.993767
-0.800381, 0.590321, -0.104455

81
-0.0614181, 0.0384203, -0.0206833
-0.892861, 0.428403, -0.138815
0.449815, 0.833632, -0.320505
-0.0215846, -0.348608, -0.93702

82
-0.0920162, 0.0415091, 0.000534041
-0.684307, 0.171809, -0.708664
0.25531, -0.853879, -0.45355
-0.683038, -0.491296, 0.540451

83
-0.0555996, -0.027188, -0.0101542
-0.792401, -0.535111, -0.292843
-0.497952, 0.290142, 0.817228
-0.352342, 0.793394, -0.496368

84
-0.04649, -0.0225781, 0.000377482
-0.817719, 0.545461, -0.183868
0.294814, 0.122519, -0.947668
-0.494389, -0.829133, -0.260996

85
-0.0752967, -0.00316674, -0.00228535
0.240363, -0.186331, 0.952631
-0.970637, -0.0557203, 0.234007
0.00947821, -0.980906, -0.194252

86
-0.0704542, 0.0284526, -0.00625015
0.90693, -0.420926, -0.0172812
-0.165657, -0.394041, 0.904041
-0.387344, -0.817039, -0.427097

87
0.0149216, -0.00414396, -0.0329081
-0.912076, 0.30328, 0.275931
-0.0561577, 0.574227, -0.816768
-0.406156, -0.76045, -0.506707

88
-0.0756379, 0.0036154, -0.00158803
-0.841213, -0.540673, 0.00583813
-0.0601729, 0.10434, 0.99272
-0.537346, 0.834737, -0.120306

89
0.0267467, 0.0187497, -0.00913111
-0.547318, -0.836371, 0.0304273
-0.11008, 0.107981, 0.98804
-0.829654, 0.537423, -0.151168

90
-0.0627633, -0.0318354, 0.017722
-0.792401, -0.535111, -0.292843
0.352342, -0.793394, 0.496368
-0.497952, 0.290142, 0.817228

91
0.0329544, 0.0126273, 0.0138427
-0.81577, -0.492833, 0.302712
0.46384, -0.244814, 0.851421
-0.3455, 0.834974, 0.428308

92
-0.00918061, 0.0135935, -0.0373292
0.836277, -0.471771, 0.279414
-0.513666, -0.852345, 0.0982632
0.1918, -0.225701, -0.955129

93
-0.0476116, 0.019399, 0.000351833
0.855797, 0.51624, 0.0332844
-0.0225397, 0.101491, -0.994581
-0.516821, 0.850409, 0.0984912

94
-0.0614607, -0.0154822, -0.0103719
-0.796887, 0.421834, -0.432466
0.348037, -0.264567, -0.899375
-0.493803, -0.867214, 0.0640162

95
-0.0902587, -0.0582578, -0.00373607
0.552466, 0.0825774, -0.829435
0.32896, -0.935909, 0.125935
-0.765876, -0.342426, -0.544223

96
0.0145885, 0.00916161, -0.0170549
-0.991387, 0.123282, -0.0442057
0.0312625, 0.550531, 0.834229
0.127182, 0.825661, -0.549644

97
0.0223895, -0.00865677, 0.00696672
-0.984243, 0.0317696, 0.173943
-0.171462, -0.411831, -0.894984
0.0432018, -0.910706, 0.410789

98
-0.0643664, 0.0278481, -0.0294774
-0.684307, 0.171809, -0.708664
0.533342, 0.780664, -0.325746
0.497263, -0.600871, -0.625847

99
0.031629, -0.0145019, -0.0174404
-0.709858, 0.638554, 0.297238
0.210964, 0.595388, -0.775247
-0.672009, -0.487608, -0.557353

100
-0.0463118, 0.031019, -0.0199242
-0.852966, 0.504951, -0.132184
0.500326, 0.863114, 0.0686084
0.148734, -0.00761429, -0.988848

101
0.0308356, -0.015829, 0.0166361
0.578467, -0.803653, 0.139705
0.325663, 0.384563, 0.863745
-0.747877, -0.454151, 0.484177

102
-0.0573504, -0.0288051, 0.0189761
-0.838827, -0.449333, 0.307358
0.544355, -0.685226, 0.483883
-0.00681555, 0.573206, 0.819383

103
-0.0509244, 0.0183972, 0.00382606
-0.83395, -0.545146, -0.0856946
-0.17584, 0.115314, 0.977642
-0.523075, 0.830373, -0.192024

104
0.021816, -0.0223994, -0.0161408
-0.441055, 0.882557, -0.162982
0.227115, -0.0659319, -0.971634
-0.868268, -0.465559, -0.171362

105
-0.0578816, -0.00983828, 0.00468886
0.529984, -0.340937, 0.776453
-0.697554, 0.345395, 0.627791
-0.48222, -0.874337, -0.0547683

106
-0.0636301, -0.0335036, 0.00995856
0.883053, 0.469006, -0.0158616
-0.313924, 0.565263, -0.762843
-0.348812, 0.67861, 0.646389

107
0.0282373, 0.0164409, -0.010341
0.733271, 0.628399, -0.259668
0.0113059, -0.393116, -0.919419
-0.679842, 0.671248, -0.295365

108
0.00252081, 0.0178854, 0.0148456
-0.993983, 0.00392242, 0.109462
0.0875448, -0.572153, 0.815461
0.0658277, 0.820138, 0.568367

109
0.0304434, 0.012062, 0.00567171
-0.456901, -0.870194, -0.184404
0.156066, -0.282514, 0.946482
-0.87572, 0.403669, 0.264889

110
0.0324525, -0.00128555, -0.0210634
-0.63083, 0.091603, 0.770495
0.0243443, 0.994855, -0.0983452
-0.775539, -0.0432819, -0.629814

111
0.00506735, -0.000632534, -0.0439433
-0.00433551, 0.995809, 0.0913526
0.971559, -0.0174343, 0.236156
0.236759, 0.0897783, -0.967412

112
-0.0661015, -0.0516193, -0.0492316
0.558995, 0.35634, -0.748696
0.227109, -0.934215, -0.275072
-0.797462, -0.016272, -0.603149

113
-0.0950353, -0.0335909, -0.0044618
0.552466, 0.0825774, -0.829435
-0.308946, -0.903919, -0.295775
-0.774166, 0.419656, -0.473873

114
0.0253942, 0.0141336, -0.00407874
-0.81577, -0.492833, 0.302712
0.296315, 0.0933525, 0.950517
-0.496705, 0.865102, 0.0698797

115
0.00139911, 0.029895, -0.0245165
-0.963645, -0.263331, 0.0452178
-0.145056, 0.657745, 0.739142
-0.224381, 0.705712, -0.67203

116
0.03015, -0.0240383, -0.00048537
-0.709858, 0.638554, 0.297238
-0.0622612, 0.363467, -0.929524
-0.701588, -0.678336, -0.218253

117
0.027056, -0.0129994, -0.0186602
-0.878019, 0.475716, 0.0526946
0.119495, 0.324485, -0.938312
-0.463469, -0.817559, -0.34175

118
-0.045569, 0.0130303, -0.0141494
-0.83395, -0.545146, -0.0856946
-0.362627, 0.424306, 0.829739
-0.415968, 0.723036, -0.551534

119
-0.0858667, -0.005878, 0.00305976
-0.400458, -0.341585, -0.850266
-0.802707, -0.316743, 0.505307
-0.441922, 0.884869, -0.14735

120
-0.0486019, -0.0269077, 0.00521672
0.773732, -0.604822, 0.18849
-0.213015, 0.0318264, 0.97653
-0.596626, -0.795724, -0.104211

121
0.0274507, -0.0214588, -0.00173369
0.578467, -0.803653, 0.139705
0.0146737, 0.181494, 0.983283
-0.815574, -0.566746, 0.116781

122
0.0544823, 0.0403202, 0.0227346
0.88387, -0.351393, -0.3087
0.143866, 0.832241, -0.535423
0.445057, 0.428833, 0.786147

123
5.18135e-05, -0.0387582, 0.0372706
-0.956438, 0.291705, 0.0115759
-0.238681, -0.758522, -0.606362
-0.168098, -0.582711, 0.795104

124
0.0307333, -0.0349731, 0.0228381
-0.931585, 0.220829, 0.288762
-0.331169, -0.187944, -0.924664
-0.149922, -0.957033, 0.248217

125
-0.0646895, 0.0414009, -0.0191041
0.90693, -0.420926, -0.0172812
-0.391031, -0.856363, 0.33725
-0.156756, -0.299105, -0.941256

126
0.0228551, -0.0133094, 0.00338957
-0.912076, 0.30328, 0.275931
-0.326905, -0.13168, -0.935838
-0.247487, -0.943759, 0.219246

127
0.0724466, 0.0506213, 0.00551001
-0.63083, 0.091603, 0.770495
0.775539, 0.0432819, 0.629814
0.0243443, 0.994855, -0.0983452

128
0.0077249, -0.0139056, 0.0449766
-0.956438, 0.291705, 0.0115759
-0.287636, -0.948395, 0.133461
0.0499096, 0.124317, 0.990986

129
-0.0850623, -0.0596532, -0.0146638
0.0946647, 0.057966, -0.99382
0.357313, -0.933761, -0.0204277
-0.929175, -0.353171, -0.109106

130
-0.0639013, -0.0327465, -0.00466429
-0.838827, -0.449333, 0.307358
0.202019, 0.267349, 0.942185
-0.505527, 0.852423, -0.133486

131
0.0138386, -0.0100267, 0.0350753
-0.975132, 0.210702, 0.0687115
-0.191133, -0.956474, 0.220512
0.112183, 0.201895, 0.972961

132
-0.0612041, 0.0397664, -0.0179061
-0.892861, 0.428403, -0.138815
0.423835, 0.903582, 0.0624736
0.152195, -0.00305447, -0.988346

133
-0.0510649, -0.0405653, 0.022787
-0.860131, -0.464694, 0.210318
0.492783, -0.863492, 0.107449
0.131677, 0.196062, 0.97171

134
-0.0660709, 0.0298213, 0.00895241
-0.899586, 0.432749, -0.0589377
-0.268099, -0.653696, -0.707675
-0.344773, -0.620813, 0.704075

135
0.0170688, 0.00750623, 0.0271529
-0.975132, 0.210702, 0.0687115
-0.133653, -0.806405, 0.576062
0.176787, 0.552554, 0.814513

136
-0.0539659, 0.0216158, -0.0149179
-0.858571, 0.503507, -0.0966267
0.433855, 0.613101, -0.66021
-0.273178, -0.608759, -0.74484

137
-0.0901389, -0.00746666, -0.0126931
0.380706, 0.187293, -0.90553
-0.830131, -0.362184, -0.423917
-0.407365, 0.913096, 0.0175925

138
-0.0560868, -0.0485282, -0.0143433
0.883053, 0.469006, -0.0158616
0.468625, -0.879551, 0.082346
0.0246697, -0.080149, -0.996478

139
0.0326579, -0.0158048, 0.00729018
0.758643, -0.55125, 0.347252
0.00997112, 0.54276, 0.839828
-0.65143, -0.633668, 0.417258

140
0.015947, -0.00988033, 0.0168429
-0.831642, 0.326889, -0.448905
0.331314, -0.356662, -0.873512
-0.445649, -0.875178, 0.188312

141
0.0277981, 0.0187704, 0.0103496
-0.547318, -0.836371, 0.0304273
0.215794, -0.105901, 0.970679
-0.808626, 0.537836, 0.238446

142
-0.000470228, 0.0233858, 0.00343119
0.999557, -0.0018689, 0.0296876
0.0291335, -0.140038, -0.989717
0.00600707, 0.990144, -0.139922

143
-0.0242479, 0.0060633, -0.0579267
-0.796887, 0.421834, -0.432466
0.589402, 0.699956, -0.403319
0.132574, -0.576296, -0.806416

144
-0.0667799, -0.0347102, -0.0153911
-0.838827, -0.449333, 0.307358
-0.214612, 0.791798, 0.571837
-0.50031, 0.41371, -0.760614

145
-0.0671289, 0.0347975, 0.0137169
0.90693, -0.420926, -0.0172812
0.387344, 0.817039, 0.427097
-0.165657, -0.394041, 0.904041

146
0.017542, -0.012237, -0.0153514
-0.912076, 0.30328, 0.275931
-0.207312, 0.239505, -0.948504
-0.353749, -0.922312, -0.155573

147
-0.0681322, 0.0337772, -0.0140864
0.90693, -0.420926, -0.0172812
-0.301277, -0.676714, 0.671782
-0.294465, -0.604053, -0.740548

148
-0.0525462, -0.0125618, -0.00848313
0.357758, -0.872866, 0.331833
-0.37431, 0.191511, 0.907312
-0.855512, -0.448807, -0.258208

149
-0.0620275, -0.0371823, -0.018446
-0.86513, -0.453406, -0.214413
-0.481056, 0.629186, 0.610499
-0.141898, 0.631306, -0.762442

150
-0.0172063, -0.00386539, -0.0395839
-0.944611, -0.308958, -0.110699
-0.315973, 0.764973, 0.561229
-0.0887142, 0.565121, -0.820224

151
-0.0939051, -0.000499548, 0.00293152
0.240363, -0.186331, 0.952631
-0.900379, 0.323898, 0.290532
-0.36269, -0.927562, -0.0899152

152
-0.0389673, -0.0170781, -0.016762
-0.817719, 0.545461, -0.183868
0.461567, 0.430488, -0.775652
-0.343935, -0.719133, -0.603785

153
0.0224646, 0.0221386, -0.00632935
0.603709, 0.79594, 0.044885
0.0551278, 0.014487, -0.998374
-0.795296, 0.605202, -0.0351325

154
-0.049974, -0.0360346, 0.0242817
-0.841213, -0.540673, 0.00583813
0.537346, -0.834737, 0.120306
-0.0601729, 0.10434, 0.99272

155
-0.0765489, 0.0428647, -0.0217775
-0.704985, 0.365, 0.608088
0.413155, 0.908253, -0.0661809
-0.576453, 0.204578, -0.791106

156
-0.00105054, 0.0222968, 0.0229012
0.999557, -0.0018689, 0.0296876
0.0292146, 0.249534, -0.967925
-0.00559908, 0.968364, 0.249478

157
0.0244367, 0.019558, 0.0129074
0.603709, 0.79594, 0.044885
-0.253415, 0.244985, -0.935822
-0.755855, 0.55359, 0.349603

158
-0.0924467, 0.0567405, 0.00464248
-0.684307, 0.171809, -0.708664
-0.0255119, -0.976892, -0.212204
-0.728747, -0.127133, 0.672878

159
0.0102064, 0.0116297, -0.0125892
-0.994758, 0.101554, -0.0119375
0.0234, 0.339734, 0.940231
0.0995399, 0.935023, -0.340329

160
0.0324192, 0.0143595, -0.0254128
-0.596404, -0.801739, 0.038941
-0.362425, 0.312256, 0.878148
-0.716205, 0.509618, -0.476802

161
-0.0267836, -0.0127601, -0.0367801
0.357758, -0.872866, 0.331833
-0.869616, -0.181936, 0.458986
-0.340261, -0.452774, -0.824147

162
-0.0564522, -0.00718923, 0.00986028
0.357758, -0.872866, 0.331833
-0.0184275, 0.348685, 0.937059
-0.933632, -0.341356, 0.10866

163
-0.0689377, -0.0117435, -0.00540415
-0.391295, -0.307707, -0.867297
-0.919244, 0.0863047, 0.384112
-0.0433422, 0.947559, -0.316628

164
-0.0635133, -0.00523073, 0.015709
-0.689217, -0.284248, 0.666471
0.685436, 0.0423655, 0.726899
-0.234855, 0.957814, 0.165635

165
-0.0561807, -0.0458473, -0.0237137
-0.86513, -0.453406, -0.214413
-0.49874, 0.822883, 0.272254
0.0529954, 0.342472, -0.938032

166
-0.0552566, 0.0208483, 0.00530307
-0.795659, -0.454357, 0.400607
0.254429, 0.349503, 0.901728
-0.54972, 0.819394, -0.162484

167
-0.0618652, 0.041187, -0.0286587
-0.684307, 0.171809, -0.708664
0.30245, 0.951183, -0.0614486
0.663512, -0.256385, -0.702865

168
-0.0912726, -0.0524945, -0.00383757
0.552466, 0.0825774, -0.829435
0.0108315, -0.995708, -0.0919167
-0.833465, 0.0417969, -0.55099

169
-0.0631735, -0.0447452, -0.0202192
-0.838827, -0.449333, 0.307358
-0.389737, 0.889846, 0.237234
-0.380098, 0.0792099, -0.921548

170
-0.0550102, 0.0245944, 0.00988202
-0.858571, 0.503507, -0.0966267
-0.273178, -0.608759, -0.74484
-0.433855, -0.613101, 0.66021

171
-0.0936362, -0.00943338, -0.0125513
0.0946647, 0.057966, -0.99382
-0.929175, -0.353171, -0.109106
-0.357313, 0.933761, 0.0204277

172
-0.0460759, 0.0181043, -0.0190535
0.855797, 0.51624, 0.0332844
0.176955, -0.231672, -0.956564
-0.486106, 0.824514, -0.289616

173
0.0288874, -0.0181928, -0.00389324
0.794692, -0.559416, -0.235624
0.0144756, -0.370594, 0.928682
-0.606841, -0.741427, -0.28641

174
0.00203126, -0.0325255, 0.0437585
-0.956438, 0.291705, 0.0115759
-0.284841, -0.923777, -0.255932
-0.0639631, -0.248081, 0.966625

175
-0.0595697, -0.0296716, 0.0120746
-0.860131, -0.464694, 0.210318
0.44156, -0.471945, 0.763081
-0.255341, 0.749218, 0.611125

176
-0.0491516, 0.0196238, -0.0165309
-0.730957, -0.616629, 0.292356
0.141374, 0.282285, 0.948856
-0.66762, 0.734904, -0.119163

177
0.0102753, 0.0145715, 0.00669664
-0.994758, 0.101554, -0.0119375
-0.0164734, -0.0439448, 0.998898
0.100918, 0.993859, 0.0453874

178
-0.0726214, -0.00432367, -0.00347018
-0.134421, -0.215581, -0.96719
-0.99092, 0.0321821, 0.130546
0.00298303, 0.975956, -0.217949

179
0.0194715, 0.0260674, 0.0082239
-0.956438, 0.291705, 0.0115759
-0.0639631, -0.248081, 0.966625
0.284841, 0.923777, 0.255932

180
0.0776943, -0.036746, -0.0294607
0.682704, 0.671071, -0.289101
0.592388, -0.276687, 0.756651
0.427776, -0.687828, -0.58643

181
-0.110055, -0.0197449, -0.0147167
0.0946647, 0.057966, -0.99382
-0.721708, -0.683622, -0.108618
-0.685694, 0.72753, -0.0228804

182
0.0102753, 0.0145715, 0.00669664
-0.994758, 0.101554, -0.0119375
-0.0164734, -0.0439448, 0.998898
0.100918, 0.993859, 0.0453874

183
0.0242766, 0.0179206, 0.0177803
0.791965, 0.602779, 0.0972077
-0.321517, 0.547066, -0.772882
-0.519056, 0.580841, 0.62706

184
0.00216736, -0.0337989, -0.0510581
0.70531, 0.362342, -0.609299
0.255534, -0.93167, -0.258252
-0.661241, 0.0264517, -0.749707

185
-0.0970161, 0.0225977, 0.00502438
0.30355, -0.138299, 0.942725
-0.382799, 0.888348, 0.25358
-0.872538, -0.437848, 0.216718

186
0.013402, 0.0207852, 0.00769079
-0.986538, 0.157066, 0.0455413
-0.00522377, -0.308604, 0.951176
0.163452, 0.938133, 0.30527

187
-0.0863073, 0.0346108, -0.006651
-0.684307, 0.171809, -0.708664
0.663512, -0.256385, -0.702865
-0.30245, -0.951183, 0.0614486

188
0.00605309, -0.0329242, -0.0455176
-0.994758, 0.101554, -0.0119375
0.100918, 0.993859, 0.0453874
0.0164734, 0.0439448, -0.998898

189
-0.107757, -0.0122893, -0.0214883
0.409527, 0.209568, -0.887901
-0.585373, -0.686127, -0.431935
-0.699733, 0.696643, -0.158312

190
0.0278018, 0.00668974, 0.0281423
-0.912371, 0.34689, -0.21736
-0.244195, -0.887348, -0.391129
-0.328553, -0.303776, 0.8943

191
0.0169426, -0.00825114, 0.0390073
-0.952701, 0.303477, 0.0162027
-0.299025, -0.945578, 0.128321
0.0542633, 0.117406, 0.9916

192
0.0321181, 0.00205738, 0.00538265
0.272045, 0.257995, 0.927054
0.0106316, 0.962525, -0.270986
-0.962226, 0.0835766, 0.259108

193
0.020775, -0.0193659, 0.00310277
-0.441055, 0.882557, -0.162982
-0.122445, -0.239075, -0.96325
-0.889088, -0.404889, 0.21351

194
-0.0824084, 0.0244562, -0.0128778
-0.684307, 0.171809, -0.708664
0.728747, 0.127133, -0.672878
-0.0255119, -0.976892, -0.212204

195
-0.0301503, -0.0132361, -0.0198675
0.836277, -0.471771, 0.279414
-0.49884, -0.443104, 0.744861
-0.227594, -0.762293, -0.605896

196
0.0212999, -0.00903878, -0.0152155
-0.80716, 0.396471, 0.437383
-0.117153, 0.618593, -0.776929
-0.578591, -0.678347, -0.452856

197
-0.0639652, 0.0353785, 0.017616
-0.899586, 0.432749, -0.0589377
-0.37963, -0.841512, -0.384369
-0.215932, -0.323398, 0.921296

198
0.0291807, 0.0331574, -0.0169888
-0.952701, 0.303477, 0.0162027
0.0542633, 0.117406, 0.9916
0.299025, 0.945578, -0.128321

199
0.0265306, -0.0248381, -0.0156479
-0.910652, 0.354436, -0.212341
0.213108, -0.0373683, -0.976314
-0.353976, -0.934333, -0.0415035

200
0.0389834, -0.00385517, -0.0126966
0.011267, 0.996031, 0.0882912
0.403116, -0.0853281, 0.911162
0.915079, 0.0253256, -0.402478

201
-0.00963302, 0.00676377, -0.0476515
0.847556, -0.528465, 0.0487129
-0.527609, -0.829152, 0.18476
-0.0572487, -0.182296, -0.981576

202
-0.0405014, -0.0177747, -0.0209574
-0.840104, 0.527424, -0.126686
0.392285, 0.429463, -0.813434
-0.374617, -0.733066, -0.567694

203
-0.0596657, -0.0337413, 0.014441
0.87028, 0.485496, -0.083106
-0.465079, 0.754381, -0.463261
-0.162217, 0.441817, 0.882317

204
-0.0323333, -0.0163798, -0.0277827
0.773732, -0.604822, 0.18849
-0.572503, -0.540157, 0.616823
-0.271254, -0.585167, -0.7642

205
0.0320107, 0.0146381, -0.0274611
-0.547318, -0.836371, 0.0304273
-0.419195, 0.305424, 0.85498
-0.724374, 0.455191, -0.517767

206
0.0110145, -0.0267908, 0.0376885
-0.952701, 0.303477, 0.0162027
-0.297029, -0.91853, -0.260916
-0.0642993, -0.253388, 0.965225

207
0.0243798, -0.00913276, 0.0172546
-0.912371, 0.34689, -0.21736
-0.0998753, -0.703553, -0.70359
-0.396993, -0.620226, 0.676547

208
0.0319555, -0.021997, -0.0341709
-0.910652, 0.354436, -0.212341
0.332346, 0.32303, -0.886114
-0.245478, -0.877512, -0.411963

209
-0.0195105, -0.00840754, -0.0403804
0.847556, -0.528465, 0.0487129
-0.465539, -0.696275, 0.546328
-0.254798, -0.485722, -0.836153

210
-0.0643846, -0.00767104, 0.0151816
-0.666957, -0.244964, 0.703676
0.719859, 0.0318671, 0.693389
-0.19228, 0.969008, 0.155086

211
-0.0754564, 0.0231893, -0.00870085
-0.704985, 0.365, 0.608088
-0.115469, 0.78689, -0.606194
-0.699759, -0.497573, -0.5126

212
-0.10567, 0.0204269, -0.00244683
-0.138183, 0.0189544, 0.990225
-0.740243, 0.662261, -0.115975
-0.657986, -0.749033, -0.0774821

213
-0.0938934, -0.00181228, -0.0126211
0.409527, 0.209568, -0.887901
-0.80859, -0.367305, -0.45964
-0.422456, 0.906183, 0.0190333

214
0.0306085, 0.0214081, 0.0083755
0.733271, 0.628399, -0.259668
-0.249719, -0.106317, -0.962464
-0.632419, 0.770591, 0.0789644

215
0.000460268, -0.051536, -0.0326144
0.999557, -0.0018689, 0.0296876
-0.0166987, -0.861184, 0.508019
0.024617, -0.50829, -0.860834

216
-0.0657728, -0.0472309, 0.0179151
-0.86513, -0.453406, -0.214413
0.440495, -0.891303, 0.10744
-0.239821, -0.00149888, 0.970816

217
-0.0461688, -0.010176, 0.033242
0.836277, -0.471771, 0.279414
0.0193719, 0.534699, 0.844821
-0.547964, -0.701092, 0.456296

218
-0.0210281, -0.0206344, -0.00312677
0.951683, -0.238561, -0.19336
0.208822, 0.0410878, 0.97709
-0.22515, -0.970258, 0.0889192

219
0.059473, -0.0088458, 0.045346
0.603709, 0.79594, 0.044885
-0.795296, 0.605202, -0.0351325
-0.0551278, -0.014487, 0.998374

220
0.0229948, 0.0112563, 0.00790592
0.929467, 0.0873814, -0.358408
-0.364736, 0.363328, -0.857298
0.0553078, 0.927554, 0.369573

221
0.0377374, -0.0109451, -0.0256782
-0.491977, 0.870584, -0.00647439
0.474648, 0.26198, -0.840283
-0.729841, -0.416473, -0.542109

222
0.00891771, -0.0168552, -0.0426431
0.88387, -0.351393, -0.3087
0.0374013, -0.604783, 0.795511
-0.466234, -0.714675, -0.521407

223
-0.0327007, -0.00216133, -0.0486318
0.855797, 0.51624, 0.0332844
0.468855, -0.746837, -0.471604
-0.218603, 0.419202, -0.881182

224
0.00937982, 0.00157045, -0.0292844
-0.994758, 0.101554, -0.0119375
0.0597111, 0.671691, 0.738421
0.083008, 0.733838, -0.674234

225
-0.050407, -0.0232701, 0.0242984
0.773732, -0.604822, 0.18849
0.0315188, 0.333914, 0.942076
-0.632728, -0.722974, 0.277423

226
-0.102752, 0.0206548, 0.00658629
0.30355, -0.138299, 0.942725
-0.687566, 0.653169, 0.317212
-0.659629, -0.744475, 0.10318

227
0.00645369, 0.0108777, 0.0248347
0.792445, 0.399449, 0.460946
0.202025, 0.541171, -0.816285
-0.575515, 0.739983, 0.348149

228
0.0292918, 0.0469526, -0.00737066
0.679497, -0.661317, -0.317716
-0.134487, 0.313437, -0.940037
0.721247, 0.681481, 0.124041

229
-0.0211459, 0.00814458, -0.041403
-0.840104, 0.527424, -0.126686
0.542281, 0.822032, -0.173764
0.0124929, -0.214679, -0.976605

230
0.0265018, -0.0132504, 0.0207211
-0.441055, 0.882557, -0.162982
-0.453364, -0.375821, -0.80822
-0.774553, -0.282579, 0.565877

231
-0.0698961, -0.00492006, 0.0352718
-0.841213, -0.540673, 0.00583813
0.337412, -0.516469, 0.787028
-0.42251, 0.664028, 0.61689

232
-0.0550227, -0.0444771, 0.019877
-0.792401, -0.535111, -0.292843
0.516079, -0.844033, 0.145845
-0.325213, -0.0355629, 0.944972

233
-0.0522981, 0.0174432, 0.0232633
-0.83395, -0.545146, -0.0856946
0.0377177, -0.211234, 0.976708
-0.55055, 0.811293, 0.19672

234
-0.0669947, 0.000332719, -0.025172
0.558995, 0.35634, -0.748696
-0.4033, -0.672096, -0.620996
-0.724481, 0.649083, -0.231986

235
-0.0601081, -0.0411252, -0.0193236
0.883053, 0.469006, -0.0158616
0.442394, -0.843271, -0.305258
-0.156543, 0.262542, -0.952138

236
0.030274, -0.0227744, -0.0209925
0.578467, -0.803653, 0.139705
-0.29855, -0.0492062, 0.953125
-0.759107, -0.59306, -0.268395

237
-0.0419242, -0.012136, -0.0431071
-0.796887, 0.421834, -0.432466
0.59527, 0.426136, -0.68122
-0.103072, -0.80029, -0.590688

238
-0.0995438, -0.0153065, 0.0132892
-0.400458, -0.341585, -0.850266
-0.572489, -0.631258, 0.523231
-0.715465, 0.6963, 0.0572386

239
0.0183257, -0.0419452, -0.00999297
-0.888839, 0.421443, -0.179863
0.324859, 0.302747, -0.895997
-0.323158, -0.854827, -0.406003

240
-0.049481, 0.0103136, 0.041203
-0.83395, -0.545146, -0.0856946
0.245533, -0.505623, 0.827079
-0.494208, 0.668701, 0.555515

241
-0.0724414, -0.00155809, -0.020125
-0.841213, -0.540673, 0.00583813
-0.261226, 0.415838, 0.871114
-0.473416, 0.731267, -0.491046

242
0.0266795, 0.0208209, -0.0163046
0.682704, 0.671071, -0.289101
0.168516, -0.529587, -0.831348
-0.710998, 0.518846, -0.474637

243
-0.033151, -0.025579, 0.0106653
0.847556, -0.528465, 0.0487129
0.0572487, 0.182296, 0.981576
-0.527609, -0.829152, 0.18476

244
0.0398347, -0.00724286, 0.025412
0.011267, 0.996031, 0.0882912
-0.362012, -0.078244, 0.928884
0.932105, -0.0424282, 0.359694

245
0.00496823, -0.0415517, 0.0399861
-0.986538, 0.157066, 0.0455413
-0.163452, -0.938133, -0.30527
-0.00522377, -0.308604, 0.951176

246
-0.065643, -0.00263165, 0.0106047
-0.313944, -0.277147, -0.908091
-0.572462, -0.707782, 0.413924
-0.757448, 0.649796, 0.0635478

247
-0.0241668, -0.0177277, -0.022161
0.951683, -0.238561, -0.19336
0.106765, -0.333342, 0.936742
-0.287925, -0.912125, -0.291766

248
-0.0599542, -0.000233099, 0.014129
-0.507665, -0.361761, -0.781924
-0.497112, -0.618264, 0.608793
-0.703673, 0.697767, 0.134035

249
-0.0323691, -0.0269559, -0.0104223
0.808898, -0.505494, -0.300265
0.289084, -0.10276, 0.951773
-0.51197, -0.856689, 0.0630082

250
0.0300521, -0.00719786, 0.0204616
-0.912076, 0.30328, 0.275931
-0.39673, -0.482817, -0.7807
-0.103546, -0.821528, 0.560687

251
-0.0600566, -0.0082737, 0.0108936
0.357758, -0.872866, 0.331833
0.340261, 0.452774, 0.824147
-0.869616, -0.181936, 0.458986

252
0.017887, 0.0310417, -0.0180563
-0.964675, 0.25833, 0.0516484
0.0729156, 0.0734283, 0.994631
0.253151, 0.963262, -0.0896707

253
-0.0015384, 0.0261035, -0.0223088
-0.993983, 0.00392242, 0.109462
0.108451, 0.175352, 0.978514
-0.0153563, 0.984498, -0.174722

254
-0.0809927, -0.0483513, 0.0130227
-0.391295, -0.307707, -0.867297
0.0433422, -0.947559, 0.316628
-0.919244, 0.0863047, 0.384112

255
-0.0621264, -0.0399143, -0.0210127
-0.860131, -0.464694, 0.210318
-0.404882, 0.872793, 0.272587
-0.310234, 0.149307, -0.938862

256
-0.0841999, -0.0430773, -0.0175617
0.380706, 0.187293, -0.90553
0.0586793, -0.982192, -0.17848
-0.922833, 0.0148122, -0.384916

257
0.0300941, 0.0179362, 0.012617
-0.596404, -0.801739, 0.038941
0.25016, -0.139556, 0.958094
-0.762707, 0.581153, 0.283795

258
-0.054399, 0.0269061, 0.0164972
-0.858571, 0.503507, -0.0966267
-0.418413, -0.797043, -0.435491
-0.296289, -0.33347, 0.894992

259
0.00775557, -0.0332625, 0.0199994
-0.975132, 0.210702, 0.0687115
-0.176787, -0.552554, -0.814513
-0.133653, -0.806405, 0.576062

260
0.000852503, 0.000267626, -0.0132689
-0.313944, -0.277147, -0.908091
-0.757448, 0.649796, 0.0635478
0.572462, 0.707782, -0.413924

261
-0.0948902, -0.0241015, -0.0210348
0.486809, 0.221897, -0.844854
-0.545304, -0.678383, -0.492381
-0.682393, 0.700398, -0.209242

262
-0.026612, 0.0325822, -0.0277035
-0.796887, 0.421834, -0.432466
0.493803, 0.867214, -0.0640162
0.348037, -0.264567, -0.899375

263
0.0308635, 0.0316546, -0.0149376
0.919374, -0.393207, 0.0118191
-0.0235057, -0.0849009, -0.996112
0.392682, 0.915522, -0.0872983

264
0.0212203, -0.0276025, -0.0134887
-0.931585, 0.220829, 0.288762
-0.128161, 0.543828, -0.829353
-0.340182, -0.809621, -0.47832

265
-0.0688256, -0.0031852, -0.00604804
-0.400458, -0.341585, -0.850266
-0.910721, 0.0459919, 0.410454
-0.1011, 0.938725, -0.329506

266
-0.061995, -0.0298086, 0.00185333
-0.860131, -0.464694, 0.210318
0.310234, -0.149307, 0.938862
-0.404882, 0.872793, 0.272587

267
0.0262643, -0.0123154, 0.0226962
-0.92928, 0.367131, -0.0406716
-0.216466, -0.630496, -0.745398
-0.299301, -0.683879, 0.665378

268
0.0239826, -0.0133738, -0.000587751
-0.831642, 0.326889, -0.448905
0.476637, 0.00540296, -0.879084
-0.284937, -0.945047, -0.160301

269
0.0353281, -0.00300781, 0.0217715
0.758643, -0.55125, 0.347252
0.258504, 0.743939, 0.616222
-0.598027, -0.377727, 0.706885

270
0.0341871, -0.00967356, -0.0167982
-0.831642, 0.326889, -0.448905
0.549396, 0.366646, -0.750823
-0.0808468, -0.871042, -0.484509

271
-0.0408399, 0.0105333, -0.0362543
0.855797, 0.51624, 0.0332844
0.34951, -0.529565, -0.772919
-0.381386, 0.673095, -0.633631

272
0.00271903, 0.00801445, 0.0373013
-0.889199, 0.375451, 0.261459
-0.416297, -0.901013, -0.121949
0.189792, -0.217282, 0.95748

273
0.0223511, -0.0224326, -0.00166064
-0.908428, 0.322261, -0.266284
0.271866, -0.0284596, -0.961914
-0.317566, -0.946223, -0.0617583

274
-0.0920224, -0.0275644, 0.0146713
-0.400458, -0.341585, -0.850266
-0.255114, -0.849668, 0.461498
-0.880085, 0.401725, 0.253113

275
-0.034828, -0.0282073, 0.0355739
-0.689217, -0.284248, 0.666471
0.479283, -0.868693, 0.125146
0.543386, 0.40568, 0.734953

276
-0.107699, -0.0174784, 0.00433711
-0.134421, -0.215581, -0.96719
-0.702795, -0.667349, 0.246423
-0.698577, 0.712861, -0.0618033

277
0.00937982, 0.00157045, -0.0292844
-0.994758, 0.101554, -0.0119375
0.0597111, 0.671691, 0.738421
0.083008, 0.733838, -0.674234

278
-0.0482961, 0.0244171, 0.0231753
-0.795659, -0.454357, 0.400607
0.44543, 0.00933059, 0.895268
-0.41051, 0.890771, 0.194961

279
0.0376156, 0.0211389, -0.00341812
0.314002, -0.913348, -0.259227
0.0567595, 0.290607, -0.955158
0.947724, 0.285208, 0.143092

280
-0.0274484, -0.0198815, -0.0267444
0.847556, -0.528465, 0.0487129
-0.332595, -0.457396, 0.824724
-0.413557, -0.715201, -0.563434

281
0.0277174, -0.0280683, -0.0261292
-0.910652, 0.354436, -0.212341
0.400988, 0.63425, -0.661011
-0.0996087, -0.687097, -0.719706

282
-0.0929371, -0.00266244, -0.00617625
-0.481045, 0.292793, 0.826358
-0.778409, 0.290998, -0.556238
-0.403331, -0.91082, 0.0879296

283
-0.0687829, 0.00846436, -0.00613989
0.30355, -0.138299, 0.942725
-0.952611, -0.0645629, 0.297262
0.019754, -0.988284, -0.151343

284
0.0212203, -0.0276025, -0.0134887
-0.931585, 0.220829, 0.288762
-0.128161, 0.543828, -0.829353
-0.340182, -0.809621, -0.47832

285
-0.0744973, -0.00622967, -0.0105414
0.0946647, 0.057966, -0.99382
-0.995183, 0.0310477, -0.0929837
0.0254659, 0.997836, 0.0606259

286
0.0399299, 0.0232827, 0.0240823
0.921143, -0.239013, -0.307195
-0.00391409, 0.78352, -0.621355
0.389205, 0.573559, 0.720798

287
-0.0565204, 0.0107223, -0.0124068
0.558995, 0.35634, -0.748696
-0.649848, -0.372542, -0.662503
-0.514997, 0.856875, 0.023318

288
0.00761012, -0.0293961, 0.0378932
-0.963912, 0.260745, 0.0537202
-0.265933, -0.933673, -0.239864
-0.012386, -0.245493, 0.969319

289
-0.081423, -0.014914, -0.00275323
0.213552, 0.0207791, -0.976711
-0.214698, -0.974333, -0.0676711
-0.953048, 0.224149, -0.20361

290
-0.102017, 0.0275387, -0.0221628
-0.481045, 0.292793, 0.826358
-0.26522, 0.849813, -0.455495
-0.835616, -0.43828, -0.331144

291
-0.0584914, 0.00637444, 0.0115736
-0.615777, -0.389147, -0.685115
-0.407408, -0.58701, 0.699599
-0.674417, 0.709918, 0.202926

292
-0.0555004, -0.0331046, 0.0211316
-0.860131, -0.464694, 0.210318
0.505663, -0.722733, 0.471128
-0.0669265, 0.511582, 0.856624

293
-0.0808565, -0.0507945, -0.0181691
0.409527, 0.209568, -0.887901
0.422456, -0.906183, -0.0190333
-0.80859, -0.367305, -0.45964

294
0.0127457, -0.0105967, 0.0387936
-0.963912, 0.260745, 0.0537202
-0.25043, -0.956548, 0.149337
0.0903248, 0.130495, 0.987326

295
-0.109753, 0.00922829, 0.00883281
0.240363, -0.186331, 0.952631
-0.693046, 0.654205, 0.302825
-0.679642, -0.733005, 0.0281108

296
0.0304328, -0.0344707, 0.0214844
-0.931585, 0.220829, 0.288762
-0.363333, -0.539878, -0.75929
-0.0117767, -0.81226, 0.583177

297
0.00468015, -0.0280861, -0.0395311
-0.984733, 0.174024, 0.00398299
0.173722, 0.983957, -0.0406055
-0.0109854, -0.0392937, -0.999167

298
0.00979254, -0.00459488, 0.0521387
-0.991387, 0.123282, -0.0442057
-0.127182, -0.825661, 0.549644
0.0312625, 0.550531, 0.834229

299
0.0266625, -0.0249241, -0.0175288
-0.912371, 0.34689, -0.21736
0.210094, -0.0589209, -0.975904
-0.351339, -0.936053, -0.0191219

300
-0.0413848, -0.00259462, 0.0480989
-0.840104, 0.527424, -0.126686
-0.374617, -0.733066, -0.567694
-0.392285, -0.429463, 0.813434

301
0.0310411, 0.00636421, -0.0268092
0.733271, 0.628399, -0.259668
0.27061, -0.620068, -0.736401
-0.623766, 0.469713, -0.624729

302
0.0213185, -0.0310479, 0.000751173
-0.888839, 0.421443, -0.179863
0.0012024, -0.39038, -0.920653
-0.458217, -0.818529, 0.346478

303
-0.0750566, -0.0526445, -0.00216396
0.213552, 0.0207791, -0.976711
0.522092, -0.847455, 0.0961234
-0.825721, -0.53046, -0.191825

304
0.0229943, -0.0245916, -0.0134018
-0.92928, 0.367131, -0.0406716
0.0585734, 0.0377478, -0.997569
-0.364703, -0.929403, -0.0565823

305
