0
-0.00428551, 0.0105995, 0.00463633
-0.996642, 0.00388211, 0.0817922
0.0538712, -0.721177, 0.690653
0.0616679, 0.692739, 0.718546

1
-0.0252061, 0.0151855, 0.00301774
-0.999782, -0.0025768, 0.0207328
0.0164536, -0.708667, 0.705352
0.0128751, 0.705539, 0.708554

2
0.00402156, 0.00959872, 0.00216071
-0.992818, 0.000849766, 0.119635
0.109559, -0.395271, 0.912007
0.0480633, 0.918564, 0.392339

3
-0.0193905, 0.0104603, -0.00168431
0.999998, 0.00135364, 0.00119891
0.00120173, -0.00208363, -0.999997
-0.00135114, 0.999997, -0.00208525

4
0.0307981, 0.0180183, -0.0020355
0.878945, 0.0176153, -0.476598
-0.436603, -0.372419, -0.818952
-0.19192, 0.927898, -0.319645

5
0.0227502, -0.00831548, -0.0135766
0.999971, 0.00680349, 0.00335797
-0.000392451, -0.395617, 0.918416
0.0075769, -0.918391, -0.395603

6
-0.0258182, 0.0107565, 0.00333647
-0.999511, -0.00125139, -0.0312317
-0.0214499, -0.699322, 0.714484
-0.0227351, 0.714805, 0.698954

7
0.00553345, -0.00227935, 0.0107773
-0.998708, 0.00468774, 0.0506004
-0.0238991, -0.922074, -0.386276
0.0448465, -0.386986, 0.920994

8
-0.0280324, 0.0117175, 0.00228745
-0.998645, -0.00140514, 0.0520164
0.0379972, -0.702658, 0.710513
0.0355514, 0.711527, 0.701759

9
-0.0557315, 0.0532889, -0.00317699
-0.172095, 0.0268927, 0.984713
0.912064, 0.382032, 0.148965
-0.372186, 0.923758, -0.0902738

10
-0.0282769, 0.00822831, 0.00740584
-0.999557, -0.000233556, 0.0297628
0.0217749, -0.68746, 0.725896
0.0202912, 0.726222, 0.68716

11
-0.0220379, 0.00354445, 0.0121746
-0.997882, 0.00115337, 0.0650335
-3.81297e-05, -0.999853, 0.0171473
0.0650437, 0.0171085, 0.997736

12
-0.0138088, -0.0144214, -0.00870379
-0.999503, 0.00582965, 0.0309848
-0.0260133, 0.402799, -0.914919
-0.0178143, -0.91527, -0.402447

13
-0.0368285, -0.0131684, 0.0183
0.877411, 0.0129385, -0.479564
0.168982, 0.927235, 0.334186
0.448993, -0.374256, 0.81138

14
-0.0193798, -0.0151702, -0.00687913
0.999998, -0.00121793, -0.00137273
0.000826826, -0.368781, 0.929516
-0.00163832, -0.929516, -0.368779

15
-0.00759651, -0.0141859, -0.00631823
0.999941, -0.00770902, -0.00763994
0.00737249, -0.0341451, 0.99939
-0.00796518, -0.999387, -0.0340863

16
0.00347757, 0.0115956, -0.00236792
-0.992818, 0.000849766, 0.119635
0.119613, -0.0136634, 0.992727
0.00247822, 0.999906, 0.0134637

17
-0.0193976, 0.00895385, 0.00597251
0.999998, 0.00135364, 0.00119891
0.000593195, 0.380757, -0.924675
-0.00170817, 0.924674, 0.380756

18
0.0345342, 0.00945821, 0.00453826
0.878945, 0.0176153, -0.476598
-0.476813, 0.0110211, -0.878935
-0.0102301, 0.999784, 0.0180862

19
-0.0252235, 0.0135361, 0.00197471
-0.999782, -0.0025768, 0.0207328
0.0201282, -0.384725, 0.922812
0.00559851, 0.923028, 0.384693

20
-0.00760471, -0.00860461, -0.0130242
0.999941, -0.00770902, -0.00763994
0.00376315, -0.413995, 0.910271
-0.0101802, -0.910247, -0.413941

21
-0.0256947, -0.0130399, -0.00623417
-0.999278, 0.00233548, 0.0379082
-0.034179, 0.379932, -0.924383
-0.0165614, -0.925011, -0.379578

22
-0.0310931, 0.0118226, 0.00795904
-0.999334, 0.00137992, 0.036457
0.0253811, -0.691529, 0.721903
0.0262073, 0.722347, 0.691034

23
-0.0224973, -0.01515, -0.00378806
-0.999392, -3.50834e-05, -0.0348618
0.0324596, 0.363847, -0.930893
0.012717, -0.931459, -0.363625

24
-0.0162235, 0.00441087, 0.00968793
0.999948, 0.000465714, -0.0102176
-0.00746075, 0.716561, -0.697485
0.00699673, 0.697525, 0.716527

25
-0.0105788, -0.016046, -0.00306185
0.999856, -0.00498489, 0.0162257
-0.0131245, 0.379158, 0.925239
-0.0107643, -0.925319, 0.379038

26
0.0137743, -0.00991071, -0.00954732
0.999921, 0.00215492, 0.0124155
-0.0105526, -0.39529, 0.918496
0.00688699, -0.918554, -0.395236

27
0.0311982, 0.0131179, -0.011732
-0.804187, -0.0227171, 0.593942
0.593707, 0.0167268, 0.804508
-0.0282108, 0.999602, 3.58732e-05

28
0.0311384, -0.0123331, -0.00233361
-0.932973, -0.0149785, 0.359634
-0.359883, 0.0201756, -0.932779
0.00671582, -0.999684, -0.0242138

29
-0.0376024, -0.0167965, -0.00550354
-0.981001, -0.0080997, -0.193833
0.178035, 0.359348, -0.916064
0.0770734, -0.933169, -0.351079

30
0.0133876, 0.00946018, 0.00992004
-0.999248, -0.00258349, -0.0386763
-0.0119749, -0.928395, 0.371401
-0.0368664, 0.371585, 0.927666

31
-0.0199173, -0.012947, -0.0064441
-0.997944, 0.00289251, 0.0640222
-0.0577956, 0.391045, -0.918555
-0.0276925, -0.920367, -0.390074

32
-0.0161584, 0.00466088, 0.0154394
0.999902, -0.000532978, -0.0140244
-0.00958238, 0.704176, -0.709961
0.010254, 0.710025, 0.704102

33
-0.0314083, 0.0127249, -0.000713159
-0.999334, 0.00137992, 0.036457
0.0334781, -0.362459, 0.931398
0.0144994, 0.931999, 0.362171

34
-0.00462873, -0.0152623, -0.00735048
-0.999058, 0.00699943, -0.0428154
0.0421197, 0.392986, -0.918579
0.0103963, -0.919518, -0.392911

35
0.0253231, 0.00576989, -0.0141568
0.999825, 0.0111187, -0.0150407
0.00389715, -0.910321, -0.413885
-0.0182937, 0.413754, -0.910205

36
-0.0276308, 0.00744437, 0.00988347
-0.998645, -0.00140514, 0.0520164
0.0214999, -0.921461, 0.387877
0.0473861, 0.38847, 0.920242

37
0.0044447, -0.0106598, -0.00536765
-0.999658, 0.00424177, -0.025803
0.0253996, 0.392102, -0.919571
0.00621679, -0.919912, -0.392075

38
0.0105117, -0.0122416, -0.0042332
-0.99931, -0.000107223, -0.0371458
0.0342065, 0.387214, -0.921355
0.0144821, -0.92199, -0.386943

39
0.013733, -0.0151464, 0.000485289
0.999877, 0.00206706, 0.0155215
-0.0152131, 0.362986, 0.93167
-0.00370825, -0.931792, 0.362973

40
-0.0597755, 0.0106335, 0.00787171
0.996986, -0.0775575, -0.00195383
-0.00381942, -0.0239131, -0.999707
0.077488, 0.996701, -0.0241373

41
-0.057714, -0.0137593, -0.00222116
-0.994992, -0.0391058, -0.0919857
0.0725548, 0.350411, -0.933782
0.068749, -0.935779, -0.345819

42
0.0227735, -0.0145372, -0.00792314
0.999971, 0.00680349, 0.00335797
-0.00326213, -0.0140493, 0.999896
0.00684996, -0.999878, -0.0140267

43
-0.00605758, 0.00395653, -0.0166411
-0.996642, 0.00388211, 0.0817922
0.0616679, 0.692739, 0.718546
-0.0538712, 0.721177, -0.690653

44
-0.0193818, -0.00471597, -0.0176068
0.999998, -0.00121793, -0.00137273
0.00013693, -0.696419, 0.717635
-0.00183002, -0.717634, -0.696418

45
0.0227381, -0.0131225, -0.000248913
0.999971, 0.00680349, 0.00335797
-0.00563518, 0.369657, 0.929151
0.00508018, -0.929143, 0.369685

46
-0.0585819, -0.0111688, 0.00606476
-0.994992, -0.0391058, -0.0919857
0.093341, -0.03437, -0.995041
0.0357503, -0.998644, 0.037848

47
0.0449979, 0.0133842, 0.00523902
-0.971752, -0.0423696, 0.232171
0.229637, -0.396743, 0.888742
0.0544566, 0.916951, 0.395265

48
0.0357651, -0.0213762, 0.00483003
0.744198, 0.000504394, 0.667959
-0.616603, 0.385041, 0.68669
-0.256845, -0.922899, 0.286858

49
0.00685566, 0.0126909, -0.00237538
-0.996834, -0.000440978, 0.0795125
0.0795012, -0.0233233, 0.996562
0.00141503, 0.999728, 0.0232845

50
0.010686, -0.0142777, -0.00614999
0.999989, 4.64229e-05, 0.00462607
-0.00462337, -0.025538, 0.999663
0.000164548, -0.999674, -0.0255375

51
-0.0254543, -0.0101127, -0.00906089
0.99998, -0.00260454, -0.0057155
0.00434167, -0.370933, 0.92865
-0.00453877, -0.928656, -0.370914

52
0.0138445, -0.00548688, -0.0159755
0.999921, 0.00215492, 0.0124155
-0.00711377, -0.716715, 0.697329
0.010401, -0.697362, -0.716643

53
0.0319277, 0.0124083, -0.0107714
-0.804187, -0.0227171, 0.593942
0.537718, 0.397985, 0.743282
-0.253265, 0.917111, -0.307839

54
-0.0392418, -0.0142815, 0.0026884
-0.981001, -0.0080997, -0.193833
0.193978, -0.0251141, -0.980684
0.0030753, -0.999652, 0.0262081

55
0.0334962, -0.0151485, 0.0036658
-0.932973, -0.0149785, 0.359634
-0.329919, -0.363923, -0.871042
0.143926, -0.931309, 0.334588

56
0.0227438, -0.00499592, -0.0183969
0.999971, 0.00680349, 0.00335797
0.00253698, -0.716955, 0.697115
0.00715033, -0.697086, -0.716952

57
-0.0193814, -0.0125379, -0.0104176
0.999998, -0.00121793, -0.00137273
0.00139085, 0.0150012, 0.999887
-0.0011972, -0.999887, 0.0150029

58
-0.033208, -0.0131305, 0.00874748
-0.995233, -0.00293096, -0.0974827
0.089894, -0.41521, -0.905273
-0.0378225, -0.909721, 0.413494

59
-0.0584308, -0.0142765, 0.00575121
-0.994992, -0.0391058, -0.0919857
0.0999169, -0.413918, -0.904814
-0.00269109, -0.909474, 0.415753

60
-0.0608657, -0.00348692, 0.012073
0.996986, -0.0775575, -0.00195383
0.070128, 0.911681, -0.404871
0.0331821, 0.403514, 0.914372

61
-0.00889471, 0.00706039, -0.0136163
-0.997212, 0.00463364, 0.0744827
0.0571547, 0.689169, 0.722343
-0.0479841, 0.724585, -0.687513

62
0.0139817, -0.00415882, -0.0169983
0.999877, 0.00206706, 0.0155215
-0.00924776, -0.721955, 0.691878
0.0126359, -0.691937, -0.721847

63
0.004033, -0.0127825, -0.00381771
-0.99773, 0.00285798, 0.0672797
-0.0602006, 0.409858, -0.910161
-0.0301763, -0.912145, -0.408755

64
-0.0314887, 0.0127152, 0.00218826
-0.995487, 0.00364195, 0.0948279
0.0872355, -0.358249, 0.929542
0.0373573, 0.933619, 0.356314

65
-0.0256787, -0.0157737, -0.00564362
-0.999278, 0.00233548, 0.0379082
-0.0252395, 0.704998, -0.70876
-0.0283805, -0.709205, -0.70443

66
0.0286996, 0.0156303, -0.00730634
0.786937, 0.0182333, -0.616764
-0.563128, -0.38737, -0.729953
-0.252225, 0.921744, -0.294568

67
0.0107284, 0.010195, 0.00587096
0.999891, 0.00305415, -0.014473
-0.0145472, 0.0258569, -0.99956
-0.00267857, 0.999661, 0.0258985

68
0.0490434, 0.0127613, -0.000165306
-0.987896, -0.0365687, -0.150745
-0.124834, -0.389424, 0.91256
-0.0920746, 0.920333, 0.380145

69
0.0079354, 0.00370121, -0.0175333
-0.999136, 0.00171461, -0.0415347
-0.0288931, 0.68971, 0.723509
0.0298874, 0.724083, -0.689065

70
0.0134396, -0.0122452, -0.00425553
-0.997525, -0.00234724, -0.0702795
0.0638587, 0.38821, -0.919356
0.0294411, -0.921568, -0.387099

71
-0.0104373, -0.0125393, -0.0107009
0.999856, -0.00498489, 0.0162257
-0.0162447, -0.00380787, 0.999861
-0.00492241, -0.99998, -0.0038883

72
0.0102709, -0.0145885, 0.00225235
-0.99931, -0.000107223, -0.0371458
0.0371448, 0.00490851, -0.999298
0.000289478, -0.999988, -0.00490114

73
-0.0132083, -0.0122068, -0.00405835
-0.997758, 0.00477853, 0.0667507
-0.0599942, 0.378071, -0.923831
-0.029651, -0.925764, -0.376937

74
-0.00389985, 0.00635773, 0.0095369
-0.996642, 0.00388211, 0.0817922
-0.00551308, -0.99979, -0.019724
0.0816985, -0.0201087, 0.996454

75
-0.043501, -0.011229, 0.00716986
0.563401, 0.00971548, -0.826126
0.825627, 0.0300635, 0.563414
0.0303101, -0.999501, 0.00891646

76
-0.0296556, -0.0404916, 0.00446848
0.00192564, -0.00159153, -0.999997
0.919041, 0.39416, 0.00114243
0.394157, -0.91904, 0.00222169

77
-0.0133024, 0.0106018, 0.00749019
-0.995847, 0.00344529, 0.0909741
0.0612493, -0.713959, 0.697503
0.0673549, 0.700179, 0.710783

78
-0.0593815, -0.00858574, 0.0136165
-0.994992, -0.0391058, -0.0919857
0.0912813, -0.730451, -0.676837
-0.0407228, -0.681845, 0.730363

79
0.0196153, 0.0130042, -0.00692396
0.999888, 0.00671991, -0.0133418
-0.0049271, -0.694784, -0.719201
-0.0141027, 0.719187, -0.694674

80
-0.0260938, 0.00627975, 0.0123367
-0.999511, -0.00125139, -0.0312317
-0.0111168, -0.919634, 0.39262
-0.029213, 0.392775, 0.919171

81
0.00528226, -0.00874745, 0.00641872
-0.998708, 0.00468774, 0.0506004
-0.0392419, -0.703792, -0.709322
0.032287, -0.710391, 0.703066

82
-0.0279974, 0.00898558, 0.00288618
-0.998645, -0.00140514, 0.0520164
0.0487097, -0.376882, 0.92498
0.0183043, 0.92626, 0.376439

83
0.0252515, -0.00945176, 0.00901513
-0.99959, -0.00555993, -0.0280818
0.0281555, -0.368226, -0.92931
-0.00517355, -0.92972, 0.368232

84
0.0254245, 0.0126969, -0.00229891
0.999825, 0.0111187, -0.0150407
-0.0101799, -0.351126, -0.936273
-0.0156913, 0.936262, -0.350951

85
-0.00518346, -0.0123781, 0.0060651
-0.999058, 0.00699943, -0.0428154
0.0371344, -0.372314, -0.927364
-0.0224318, -0.92808, 0.371704

86
-0.0254079, -0.0145395, 0.00141862
-0.999278, 0.00233548, 0.0379082
-0.0379151, -0.00297498, -0.999277
-0.00222101, -0.999993, 0.00306138

87
-0.019375, -0.0159003, -0.00271259
0.999998, -0.00121793, -0.00137273
0.00174312, 0.396499, 0.918033
-0.000573812, -0.918034, 0.396501

88
0.0342659, -0.00854408, 0.00971816
-0.997599, -0.000109689, -0.0692591
0.0647016, -0.358238, -0.931386
-0.0247091, -0.93363, 0.357384

89
-0.0299439, 0.0112489, 0.00986606
-0.996893, 0.00206048, 0.0787346
0.0545798, -0.702642, 0.709447
0.056784, 0.711541, 0.700347

90
-0.0447067, 0.0131992, -0.00793025
-0.921228, 0.0302465, -0.387845
-0.341529, 0.414486, 0.84354
0.18627, 0.909553, -0.371506

91
-0.0130386, 0.0111263, 0.00793645
-0.997006, 0.00267742, 0.0772715
0.0525662, -0.709418, 0.702825
0.0566995, 0.704783, 0.707154

92
-0.0300003, 0.0152563, 0.00576428
-0.991943, 0.00136392, 0.12668
0.089024, -0.703934, 0.704664
0.0901355, 0.710264, 0.698141

93
-0.0313597, -0.0145396, 0.00432561
-0.999147, -0.000120585, -0.0413054
0.0413051, 0.00159546, -0.999145
0.000186383, -0.999999, -0.00158911

94
-0.0613543, -0.0513673, -3.74082e-05
0.150944, -0.0294406, -0.988104
0.917902, -0.366892, 0.151151
-0.366978, -0.929797, -0.0283566

95
-0.0161664, -0.00374211, 0.0151903
0.999902, -0.000532978, -0.0140244
-0.00492892, 0.922289, -0.38647
0.0131405, 0.386501, 0.922195

96
-0.0309888, 0.00565445, 0.0110527
-0.999334, 0.00137992, 0.036457
0.01342, -0.91532, 0.402504
0.0339253, 0.402725, 0.914692

97
0.00996422, -0.00175508, -0.0149601
-0.999543, -0.00139171, 0.0301863
0.010736, 0.917413, 0.397791
-0.028247, 0.397934, -0.916979

98
-0.013678, -0.0122345, -0.0110767
-0.997758, 0.00477853, 0.0667507
-0.0440805, 0.703567, -0.709261
-0.0503528, -0.710613, -0.701779

99
-0.031008, 0.0082248, 0.00740677
-0.995487, 0.00364195, 0.0948279
0.0662991, -0.688259, 0.722429
0.0678972, 0.725456, 0.684911

100
0.0196803, 0.0107788, -0.00317249
0.999888, 0.00671991, -0.0133418
-0.0099489, -0.366676, -0.930295
-0.0111436, 0.930324, -0.366568

101
-0.0305147, 0.0133194, -0.0107062
0.469371, 0.0100136, 0.882944
0.88119, -0.0693189, -0.467652
0.0565218, 0.997544, -0.0413601

102
0.0139773, 0.0115791, -0.00545633
-0.999248, -0.00258349, -0.0386763
-0.0386428, -0.0119813, 0.999181
-0.00304477, 0.999925, 0.0118724

103
-0.0190353, -0.000332093, 0.0239831
0.563401, 0.00971548, -0.826126
-0.0303101, 0.999501, -0.00891646
0.825627, 0.0300635, 0.563414

104
0.0226929, 0.0017638, -0.0169341
0.999971, 0.00680349, 0.00335797
0.00508018, -0.929143, 0.369685
0.00563518, -0.369657, -0.929151

105
0.0164391, 0.00750455, -0.0129078
-0.999709, -0.00522992, 0.0235376
0.020202, 0.351219, 0.936075
-0.0131625, 0.936279, -0.351012

106
-0.068097, -0.00362384, -0.0067259
0.377945, -0.0176151, -0.92566
0.369492, -0.913875, 0.168254
-0.848901, -0.405614, -0.338886

107
0.0256532, 0.00340951, 0.0145483
0.999908, 0.00853727, -0.0105655
-0.0134812, 0.719043, -0.694835
0.00166505, 0.694914, 0.719091

108
0.0357732, -0.0152832, 0.00733645
-0.956141, -0.0121175, 0.292655
-0.203023, -0.692773, -0.691988
0.211128, -0.721054, 0.659929

109
-0.030732, 0.0119857, -0.000131762
-0.996893, 0.00206048, 0.0787346
0.0721555, -0.376862, 0.923455
0.0315748, 0.926267, 0.375542

110
-0.0407363, -0.0173847, 0.000809571
0.829035, -0.00268037, -0.55919
0.511895, 0.406153, 0.75697
0.225088, -0.913801, 0.338087

111
-0.025149, 0.0034536, -0.0177875
-0.999511, -0.00125139, -0.0312317
-0.0227351, 0.714805, 0.698954
0.0214499, 0.699322, -0.714484

112
-0.0162473, 0.00896946, 0.00893369
0.999902, -0.000532978, -0.0140244
-0.012777, 0.378859, -0.925366
0.00580645, 0.925454, 0.378815

113
-0.0198895, -0.0156877, -0.00588697
-0.997944, 0.00289251, 0.0640222
-0.0427987, 0.713488, -0.699359
-0.0477019, -0.700661, -0.711898

114
-0.022373, -0.0116788, -0.00735564
-0.999392, -3.50834e-05, -0.0348618
0.0251221, 0.692605, -0.720879
0.0241708, -0.721317, -0.692183

115
0.0100133, -0.00927312, 0.00916619
-0.99931, -0.000107223, -0.0371458
0.0344281, -0.378144, -0.925106
-0.0139473, -0.925747, 0.377887

116
0.01956, 0.00748461, 0.00977333
0.999982, 0.005947, -0.000396034
-0.00283494, 0.416139, -0.909296
-0.00524278, 0.909281, 0.416149

117
-0.0274643, 0.00596275, 0.0215715
0.792951, -0.019403, -0.608976
-0.22493, 0.919568, -0.322182
0.566246, 0.392451, 0.724808

118
0.00504395, -0.0145859, 0.00225602
-0.998708, 0.00468774, 0.0506004
-0.0505786, 0.00466653, -0.998709
-0.00491782, -0.999978, -0.00442341

119
0.010773, -0.0121997, -0.0112623
-0.99931, -0.000107223, -0.0371458
0.0260606, 0.710569, -0.703145
0.02647, -0.703627, -0.710076

120
0.0288106, 0.0104946, -0.0129351
-0.998307, -0.00926909, -0.0574206
-0.056994, 0.3529, 0.933923
0.0116071, 0.935615, -0.352831

121
0.01956, 0.00748461, 0.00977333
0.999982, 0.005947, -0.000396034
-0.00283494, 0.416139, -0.909296
-0.00524278, 0.909281, 0.416149

122
-0.0584557, -0.00064637, -0.0185719
0.792951, -0.019403, -0.608976
-0.00888482, -0.999755, 0.0202849
-0.60922, -0.0106743, -0.792929

123
0.0137179, 0.014186, 0.00107168
-0.999248, -0.00258349, -0.0386763
-0.0345361, -0.393724, 0.91858
-0.0176009, 0.919225, 0.393339

124
0.0195338, 0.0110056, -0.00350092
0.999982, 0.005947, -0.000396034
0.0017026, -0.348704, -0.937231
-0.00571181, 0.937214, -0.348708

125
-0.0269836, -0.0132, -0.011986
-0.996625, 0.0014488, 0.0820765
-0.0294999, 0.926732, -0.374564
-0.0766056, -0.375721, -0.923561

126
0.00483002, 0.00811976, 0.00797798
-0.998632, 0.000221498, 0.0522904
0.0366284, -0.710708, 0.702533
0.0373188, 0.703487, 0.709728

127
0.00431842, -0.0126409, -0.000801353
-0.999658, 0.00424177, -0.025803
0.0258452, 0.0102194, -0.999614
-0.00397644, -0.999939, -0.0103255

128
0.0129891, -0.0145991, 0.00221629
-0.997525, -0.00234724, -0.0702795
0.0702644, 0.00599004, -0.99751
0.00276238, -0.999979, -0.00581029

129
-0.00472658, 0.0147418, -0.00253972
-0.998231, 0.00637504, -0.0591158
-0.0566189, -0.405501, 0.912339
-0.0181553, 0.914072, 0.405144

130
0.0477807, 0.0116051, 0.00838979
-0.987896, -0.0365687, -0.150745
-0.0800959, -0.711977, 0.69762
-0.132838, 0.70125, 0.70043

131
0.00742077, 0.00939058, -0.0049187
-0.999136, 0.00171461, -0.0415347
-0.0381311, 0.360114, 0.932129
0.0165555, 0.932907, -0.359738

132
0.0105998, 0.0127163, -0.00248053
0.999891, 0.00305415, -0.014473
-0.0124148, -0.358665, -0.933384
-0.00804165, 0.933461, -0.358588

133
0.0124901, -0.00929127, 0.00912268
-0.997525, -0.00234724, -0.0702795
0.0659729, -0.377141, -0.923803
-0.0243369, -0.926153, 0.376363

134
0.019558, 0.0135994, 0.00764089
-0.997421, -0.00409955, -0.0716568
-0.0466759, -0.721373, 0.690972
-0.054524, 0.692534, 0.719322

135
-0.0105157, -0.0106256, -0.0052822
0.999856, -0.00498489, 0.0162257
-0.0168919, -0.386194, 0.922263
0.00166888, -0.922404, -0.386222

136
-0.0607524, -0.0475108, -6.03535e-05
0.150944, -0.0294406, -0.988104
0.988467, 0.0168537, 0.150497
0.0122225, -0.999424, 0.0316451

137
-0.0310439, -0.013005, -0.0033191
-0.999147, -0.000120585, -0.0413054
0.0380896, 0.384157, -0.922482
0.015979, -0.923268, -0.383825

138
0.0195296, 0.011255, -0.0105306
0.999982, 0.005947, -0.000396034
0.00375881, -0.680817, -0.732444
-0.00462547, 0.73243, -0.680827

139
-0.0076811, 0.0126573, 0.0022839
-0.997212, 0.00463364, 0.0744827
0.0662037, -0.405696, 0.911607
0.0344414, 0.913996, 0.404258

140
-0.0303793, 0.00897202, 0.0028641
-0.991943, 0.00136392, 0.12668
0.116741, -0.378544, 0.918192
0.0492063, 0.925582, 0.375335

141
0.0301243, 0.0133065, 0.0125011
0.814731, 0.00241936, 0.579833
0.404295, 0.714446, -0.571062
-0.415641, 0.699686, 0.581104

142
-0.0161771, -0.00213537, 0.0139354
0.999948, 0.000465714, -0.0102176
-0.0042153, 0.928947, -0.370189
0.00931924, 0.370213, 0.9289

143
-0.0268506, -0.0120838, -0.0103906
-0.996625, 0.0014488, 0.0820765
-0.05657, 0.712406, -0.699484
-0.0594852, -0.701766, -0.70992

144
0.00456453, 0.0127726, 0.00288793
-0.998632, 0.000221498, 0.0522904
0.0481215, -0.387396, 0.920657
0.020461, 0.921913, 0.386855

145
0.0280787, 0.00751191, -0.0128621
-0.997728, -0.0152296, 0.0656222
0.0561735, 0.349617, 0.935207
-0.0371855, 0.936769, -0.347967

146
-0.00972252, -0.00932414, -0.0218701
0.405092, -0.00167593, 0.914275
-0.0515943, -0.998447, 0.0210299
0.912819, -0.0556904, -0.404549

147
-0.0289431, 0.00920783, -0.0149609
-0.999557, -0.000233556, 0.0297628
0.0270795, 0.407863, 0.912642
-0.0123523, 0.913043, -0.407676

148
-0.0291234, 0.00451353, -0.0188529
-0.998645, -0.00140514, 0.0520164
0.0355514, 0.711527, 0.701759
-0.0379972, 0.702658, -0.710513

149
0.0195241, 0.0130817, 0.0030807
0.999982, 0.005947, -0.000396034
-0.00061282, 0.0364956, -0.999334
-0.00592858, 0.999316, 0.0364986

150
-0.0194328, -0.0145387, 0.00118007
-0.997944, 0.00289251, 0.0640222
-0.0639936, 0.00906978, -0.997909
-0.00346713, -0.999955, -0.00886604

151
0.0249381, 0.0210773, -0.0119446
0.786937, 0.0182333, -0.616764
-0.42374, -0.710619, -0.561663
-0.448525, 0.70334, -0.551487

152
-0.00753013, -0.0120944, 0.000258168
0.999941, -0.00770902, -0.00763994
0.00985943, 0.350903, 0.93636
-0.00453754, -0.93638, 0.350958

153
-0.0316319, 0.00876677, -0.00669269
-0.999334, 0.00137992, 0.036457
0.0339253, 0.402725, 0.914692
-0.01342, 0.91532, -0.402504

154
-0.0137196, -0.0125927, -0.0061687
-0.999503, 0.00582965, 0.0309848
-0.0172159, 0.722397, -0.691265
-0.0264131, -0.691454, -0.721937

155
-0.0147687, 0.00117453, -0.0140414
-0.997006, 0.00267742, 0.0772715
0.0322673, 0.922617, 0.384365
-0.0702628, 0.385708, -0.919942

156
-0.0569451, -0.0129671, -0.0108757
-0.994992, -0.0391058, -0.0919857
0.0407228, 0.681845, -0.730363
0.0912813, -0.730451, -0.676837

157
0.0073314, 0.0147465, -0.00254778
-0.999136, 0.00171461, -0.0415347
-0.0386693, -0.405025, 0.913487
-0.0152563, 0.914304, 0.404741

158
0.0104505, 0.00569372, -0.0142816
0.999891, 0.00305415, -0.014473
-0.00309229, -0.913671, -0.406442
-0.0144649, 0.406442, -0.913562

159
0.0477579, 0.000377552, 0.011263
-0.987896, -0.0365687, -0.150745
0.0372941, -0.999302, -0.00198663
-0.150567, -0.00758447, 0.988571

160
-0.00844248, 0.00831122, -0.00932457
-0.997661, 0.00415678, 0.0682301
0.0648848, 0.371646, 0.926104
-0.0215078, 0.928365, -0.371046

161
0.00486242, 0.00876486, -0.0142999
-0.998697, 0.00425614, -0.0508594
-0.0457654, 0.366399, 0.929332
0.0225902, 0.930448, -0.365726

162
0.0135841, -0.0107172, 0.00949061
0.999877, 0.00206706, 0.0155215
-0.00813513, 0.915547, 0.40213
-0.0133794, -0.402207, 0.915451

163
0.0195557, 0.00671458, -0.0125741
0.999982, 0.005947, -0.000396034
0.00524278, -0.909281, -0.416149
-0.00283494, 0.416139, -0.909296

164
-0.00727177, 0.0135979, 0.00770569
-0.997212, 0.00463364, 0.0744827
0.0479841, -0.724585, 0.687513
0.0571547, 0.689169, 0.722343

165
-0.0597467, 0.0114345, -0.00922363
0.996986, -0.0775575, -0.00195383
-0.0574931, -0.721683, -0.689832
0.0520916, 0.687865, -0.723967

166
0.0134129, 0.00639972, 0.00947202
-0.999248, -0.00258349, -0.0386763
0.00304477, -0.999925, -0.0118724
-0.0386428, -0.0119813, 0.999181

167
0.0253027, 0.0118997, -0.0109863
0.999825, 0.0111187, -0.0150407
-0.00340021, -0.68269, -0.7307
-0.0183926, 0.730623, -0.682533

168
-0.0048901, -0.0126502, -0.000824593
-0.999058, 0.00699943, -0.0428154
0.042892, 0.0111875, -0.999017
-0.00651355, -0.999913, -0.0114771

169
-0.0254623, 0.0127163, 0.00219759
-0.9993, -0.000810741, 0.037391
0.0351942, -0.358639, 0.932813
0.0126536, 0.933476, 0.358416

170
0.034152, 0.0104445, -0.00400917
-0.98288, -0.0295927, 0.181857
0.182649, -0.0267245, 0.982815
-0.0242241, 0.999205, 0.0316721

171
-0.010278, 0.0135989, 0.00766499
-0.996611, 0.00424038, 0.0821536
0.0537357, -0.722606, 0.689169
0.062287, 0.691247, 0.719929

172
-0.0256194, 0.0150206, -0.00319605
-0.999511, -0.00125139, -0.0312317
-0.0285175, -0.372546, 0.927576
-0.012796, 0.928013, 0.372328

173
-0.0266755, -0.00364243, 0.0215896
0.829035, -0.00268037, -0.55919
-0.0120604, 0.99967, -0.022672
0.559067, 0.0255399, 0.828729

174
0.0195241, 0.0130817, 0.0030807
0.999982, 0.005947, -0.000396034
-0.00061282, 0.0364956, -0.999334
-0.00592858, 0.999316, 0.0364986

175
0.00414168, -0.0123621, 0.00609206
-0.999658, 0.00424177, -0.025803
0.0223562, -0.373219, -0.927474
-0.0135643, -0.927734, 0.372996

176
0.0165479, 0.0134487, -0.00696405
-0.999709, -0.00522992, 0.0235376
0.0237012, -0.0338139, 0.999147
-0.00442956, 0.999414, 0.033928

177
-0.0679877, -0.0261644, -0.00625235
0.377945, -0.0176151, -0.92566
0.666226, -0.689088, 0.285132
-0.642884, -0.724463, -0.248702

178
0.0337133, -0.0151499, 0.000612059
-0.956141, -0.0121175, 0.292655
-0.268364, -0.364103, -0.891857
0.117364, -0.93128, 0.344883

179
0.0254694, 0.00961596, 0.00217063
0.999908, 0.00853727, -0.0105655
-0.0130922, 0.398377, -0.917128
-0.00362072, 0.917182, 0.398452

180
0.0195296, 0.011255, -0.0105306
0.999982, 0.005947, -0.000396034
0.00375881, -0.680817, -0.732444
-0.00462547, 0.73243, -0.680827

181
-0.0543005, -0.0140722, 0.00663957
0.764136, 0.0027977, -0.645049
0.64431, 0.0447353, 0.763455
0.0309924, -0.998995, 0.0323813

182
-0.0327357, 0.0163241, 0.012192
-0.672888, 0.0284049, 0.739199
0.673963, -0.388395, 0.628429
0.304952, 0.921055, 0.242202

183
-0.0311065, -0.0225883, -0.0115995
-0.51941, -0.0210033, -0.854267
0.789137, 0.37174, -0.48895
0.327835, -0.928099, -0.176511

184
0.0035659, -0.0122759, -0.00297202
-0.99485, 0.00123859, 0.101347
-0.101281, 0.0258717, -0.994521
-0.00385382, -0.999665, -0.025613

185
-0.0111234, 0.00967956, -0.00238892
-0.996611, 0.00424038, 0.0821536
0.0820404, -0.0221737, 0.996382
0.00604669, 0.999745, 0.0217507

186
0.0328311, 0.0118457, -0.0109203
-0.98288, -0.0295927, 0.181857
0.112024, 0.687647, 0.717351
-0.146282, 0.725442, -0.672559

187
-0.0261003, 0.00923723, -0.014927
-0.9993, -0.000810741, 0.037391
0.0338335, 0.406472, 0.913037
-0.0159386, 0.913663, -0.40616

188
0.0105203, 0.0101241, 0.00400001
-0.999543, -0.00139171, 0.0301863
0.0219883, -0.718722, 0.69495
0.0207284, 0.695297, 0.718424

189
-0.019365, 0.000439506, -0.0116634
0.999998, 0.00135364, 0.00119891
0.00135114, -0.999997, 0.00208525
0.00120173, -0.00208363, -0.999997

190
0.0387278, -0.00355544, 0.017475
-0.956141, -0.0121175, 0.292655
-0.106773, -0.915974, -0.38677
0.272751, -0.401054, 0.874507

191
0.02567, -0.00170537, 0.0120087
0.999908, 0.00853727, -0.0105655
-0.0118178, 0.930241, -0.36676
0.00669733, 0.366851, 0.930256

192
0.0163382, 0.00441942, -0.0178803
-0.999709, -0.00522992, 0.0235376
0.0136271, 0.682783, 0.730494
-0.0198915, 0.730603, -0.682513

193
-0.0598146, 0.00145216, 0.014033
-0.994992, -0.0391058, -0.0919857
0.068749, -0.935779, -0.345819
-0.0725548, -0.350411, 0.933782

194
0.0104614, 0.0126138, 0.00216551
-0.999543, -0.00139171, 0.0301863
0.028247, -0.397934, 0.916979
0.010736, 0.917413, 0.397791

195
0.0364731, 0.0194002, -0.0043496
-0.804187, -0.0227171, 0.593942
0.559309, -0.367078, 0.743254
0.201138, 0.929913, 0.307905

196
0.027998, -0.0164243, -0.0106509
-0.932973, -0.0149785, 0.359634
-0.335059, 0.401202, -0.852509
-0.131517, -0.915867, -0.37933

197
0.013683, -0.0115377, -0.00191574
0.999921, 0.00215492, 0.0124155
-0.0123848, -0.0136846, 0.99983
0.00232446, -0.999904, -0.0136568

198
-0.0366233, -0.0122999, -0.0106466
-0.981001, -0.0080997, -0.193833
0.134989, 0.689102, -0.71198
0.139338, -0.724619, -0.674917

199
0.0033636, -0.0116863, -0.0137912
-0.99773, 0.00285798, 0.0672797
-0.0440701, 0.727722, -0.684455
-0.0509171, -0.685866, -0.725944

200
0.0135935, 0.0106014, 0.0045253
-0.999248, -0.00258349, -0.0386763
-0.0251716, -0.715526, 0.698133
-0.0294775, 0.698582, 0.714923

201
0.0277987, 0.00443541, -0.0178331
-0.997728, -0.0152296, 0.0656222
0.0376673, 0.68149, 0.730858
-0.0558516, 0.731669, -0.679368

202
-0.0323496, -0.0141723, 1.5113e-05
-0.995233, -0.00293096, -0.0974827
0.0975253, -0.0354688, -0.994601
-0.00054246, -0.999366, 0.0355856

203
-0.0134935, -0.0115345, 0.000923622
-0.999503, 0.00582965, 0.0309848
-0.0308504, 0.0218793, -0.999285
-0.00650341, -0.999744, -0.0216886

204
-0.022011, 0.00661667, 0.0125331
-0.997882, 0.00115337, 0.0650335
0.0248559, -0.917197, 0.397659
0.0601072, 0.398433, 0.915226

205
-0.0162913, 0.00883327, 0.00325876
0.999948, 0.000465714, -0.0102176
-0.00957037, 0.395085, -0.918595
0.00360903, 0.918645, 0.395068

206
-0.0418854, -0.0433845, 0.00269885
0.150944, -0.0294406, -0.988104
0.908547, 0.398034, 0.126931
0.389562, -0.916898, 0.0868291

207
-0.0307767, -0.00865918, -0.00979513
-0.999147, -0.000120585, -0.0413054
0.0290753, 0.708234, -0.705379
0.0293389, -0.705978, -0.707626

208
-0.00532449, 0.0136932, 0.00744344
-0.998231, 0.00637504, -0.0591158
-0.0453613, -0.724434, 0.68785
-0.0384404, 0.689314, 0.723442

209
-0.0340303, 0.0140295, -0.00680711
0.836148, -0.00238449, 0.548499
0.504958, -0.387133, -0.771456
0.214182, 0.922021, -0.322497

210
-0.0313668, -0.0116767, -0.00726327
-0.99865, -0.00116117, -0.0519369
0.0368982, 0.687903, -0.724864
0.0365692, -0.725802, -0.686931

211
-0.0045518, 0.014212, 0.00122007
-0.996642, 0.00388211, 0.0817922
0.0733698, -0.401181, 0.913056
0.0363581, 0.915991, 0.399549

212
-0.0193607, -0.011468, 0.0037101
0.999998, -0.00121793, -0.00137273
0.00183002, 0.717634, 0.696418
0.00013693, -0.696419, 0.717635

213
-0.0132475, -0.0101799, 0.00860483
-0.999503, 0.00582965, 0.0309848
-0.0309908, -0.362371, -0.931518
0.00579758, -0.932016, 0.362372

214
-0.0223629, 0.00760043, 0.00711489
-0.997882, 0.00115337, 0.0650335
0.0459659, -0.694905, 0.717631
0.0460198, 0.7191, 0.693381

215
-0.0497431, -0.0130843, -0.00532633
0.877411, 0.0129385, -0.479564
0.448993, -0.374256, 0.81138
-0.168982, -0.927235, -0.334186

216
0.0370928, -0.0124262, -0.00836192
-0.632782, -0.000882467, 0.774329
-0.77432, 0.00565683, -0.632769
-0.00382185, -0.999984, -0.00426286

217
0.0491783, -0.0100768, -0.0121368
0.999683, -0.0251616, 0.00111771
-0.0104642, -0.374563, 0.927142
-0.0229097, -0.92686, -0.374708

218
0.0356328, -0.0124455, -0.00186783
-0.600084, -0.0118282, 0.799849
-0.799937, 0.00923897, -0.600013
-0.000292686, -0.999887, -0.015006

219
-0.0429592, 0.0175118, -0.00230676
0.715527, 0.0010535, 0.698584
0.654132, 0.350014, -0.670524
-0.24522, 0.936744, 0.249755

220
-0.0227221, -0.0123335, 0.00265363
-0.999392, -3.50834e-05, -0.0348618
0.0348553, -0.0203025, -0.999186
-0.000672727, -0.999794, 0.0202914

221
-0.0317143, -0.0120894, -0.00653362
-0.995233, -0.00293096, -0.0974827
0.0903092, 0.349672, -0.932509
0.0368201, -0.936868, -0.34774

222
0.00453969, -0.0145308, 0.00377065
-0.99773, 0.00285798, 0.0672797
-0.0671661, 0.0295963, -0.997303
-0.0048415, -0.999558, -0.0293372

223
0.0139338, -0.0121958, -0.0112721
-0.997525, -0.00234724, -0.0702795
0.0477311, 0.711328, -0.701238
0.0516377, -0.702857, -0.709455

224
-0.0251143, -0.0129943, 0.00906209
-0.999278, 0.00233548, 0.0379082
-0.0358789, -0.385429, -0.92204
0.0124575, -0.922734, 0.385235

225
-0.0106628, -0.0117353, 0.00344257
0.999856, -0.00498489, 0.0162257
-0.00800609, 0.7044, 0.709758
-0.0149674, -0.709785, 0.704259

226
-0.00758038, -0.00819021, -0.0102582
0.999941, -0.00770902, -0.00763994
-0.000419096, -0.730818, 0.682573
-0.0108454, -0.682529, -0.730778

227
-0.0596291, 0.0127291, -0.000596313
0.996986, -0.0775575, -0.00195383
-0.0331821, -0.403514, -0.914372
0.070128, 0.911681, -0.404871

228
0.0136704, -0.0116785, 0.0040577
0.999877, 0.00206706, 0.0155215
-0.0126359, 0.691937, 0.721847
-0.00924776, -0.721955, 0.691878

229
-0.0127844, -0.0144893, 0.00244076
-0.997758, 0.00477853, 0.0667507
-0.0667744, -0.0049828, -0.997756
-0.0044352, -0.999976, 0.00529071

230
-0.0155683, 0.00730756, -0.017188
-0.995847, 0.00344529, 0.0909741
0.0673549, 0.700179, 0.710783
-0.0612493, 0.713959, -0.697503

231
-0.0677443, -0.00242283, 0.00433454
0.00192564, -0.00159153, -0.999997
0.394157, -0.91904, 0.00222169
-0.919041, -0.39416, -0.00114243

232
0.0289619, 0.00375384, -0.0144763
-0.998307, -0.00926909, -0.0574206
-0.0482137, 0.684082, 0.72781
0.0325342, 0.729346, -0.683371

233
-0.0467733, -0.0168556, 5.56226e-06
0.877411, 0.0129385, -0.479564
0.436974, 0.391015, 0.810038
0.197998, -0.920293, 0.337427

234
0.00396379, 0.0133519, 0.00373006
-0.998697, 0.00425614, -0.0508594
-0.0383843, -0.719407, 0.693527
-0.0336369, 0.694575, 0.718633

235
-0.00729334, 0.00760138, 0.00752148
-0.997661, 0.00415678, 0.0682301
0.044701, -0.715475, 0.697207
0.0517151, 0.698626, 0.713616

236
-0.00747822, -0.0123272, 0.0072882
0.999941, -0.00770902, -0.00763994
0.0108454, 0.682529, 0.730778
-0.000419096, -0.730818, 0.682573

237
0.0175749, 0.0115748, -0.0216204
0.786937, 0.0182333, -0.616764
-0.219841, -0.925683, -0.307864
-0.576541, 0.377859, -0.724446

238
-0.0391483, -0.0173883, 0.00234501
-0.981001, -0.0080997, -0.193833
0.180389, -0.405753, -0.896005
-0.071391, -0.913947, 0.399505

239
0.0360276, -0.015283, 0.0102272
-0.932973, -0.0149785, 0.359634
-0.249727, -0.692617, -0.676696
0.259225, -0.72115, 0.642453

240
0.0242462, 0.0105988, -0.0212412
-0.804187, -0.0227171, 0.593942
0.399866, 0.718653, 0.568898
-0.439762, 0.694998, -0.568847

241
0.0138215, 0.00291032, -0.0155768
0.999921, 0.00215492, 0.0124155
-0.00259196, -0.929028, 0.370001
0.0123316, -0.370004, -0.928948

242
-0.0102834, -0.00458363, -0.0177402
0.999856, -0.00498489, 0.0162257
-0.0149674, -0.709785, 0.704259
0.00800609, -0.7044, -0.709758

243
-0.0130192, -0.00598756, 0.0151827
-0.999503, 0.00582965, 0.0309848
-0.0264131, -0.691454, -0.721937
0.0172159, -0.722397, 0.691265

244
-0.0225904, 0.0110829, 0.00356352
-0.997882, 0.00115337, 0.0650335
0.060078, -0.366821, 0.92835
0.0249264, 0.930291, 0.365975

245
-0.0137992, 0.00957804, 0.00209081
-0.995847, 0.00344529, 0.0909741
0.0823625, -0.391665, 0.916414
0.0387887, 0.920101, 0.389755

246
-0.0487409, -0.0445357, 0.00443816
0.00192564, -0.00159153, -0.999997
0.999921, 0.0124552, 0.00190567
0.0124521, -0.999921, 0.00161539

247
0.0218436, -0.0146542, 0.0203355
0.744198, 0.000504394, 0.667959
-0.254387, 0.924854, 0.282724
-0.617622, -0.380323, 0.688402

248
0.00737045, 0.0131465, 0.00408098
-0.996834, -0.000440978, 0.0795125
0.0552152, -0.723406, 0.688211
0.0572164, 0.690422, 0.72114

249
-0.0254291, -0.0138623, -0.00294434
0.99998, -0.00260454, -0.0057155
0.00627942, 0.39437, 0.91893
-0.00013937, -0.918948, 0.394379

250
0.0106231, -0.0123018, 0.00744029
0.999989, 4.64229e-05, 0.00462607
-0.00338557, 0.688818, 0.724926
-0.00315287, -0.724934, 0.688811

251
-0.054562, -0.0123754, -0.0141238
0.877411, 0.0129385, -0.479564
0.350149, -0.700605, 0.62173
-0.327941, -0.713432, -0.619249

252
-0.0460494, -0.0145371, 0.00139248
0.877411, 0.0129385, -0.479564
0.479482, 0.0090698, 0.877505
0.0157032, -0.999875, 0.00175415

253
-0.0135821, 0.0111567, 0.000923458
-0.997006, 0.00267742, 0.0772715
0.0702628, -0.385708, 0.919942
0.0322673, 0.922617, 0.384365

254
-0.0417938, 0.00750289, -0.0152935
-0.921228, 0.0302465, -0.387845
-0.244249, 0.731006, 0.63716
0.302789, 0.681701, -0.666035

255
0.0279947, 0.0146827, 0.000575279
-0.998307, -0.00926909, -0.0574206
-0.0485083, -0.412041, 0.909873
-0.0320933, 0.911118, 0.410894

256
-0.0405316, -0.0142776, 0.00109812
0.829035, -0.00268037, -0.55919
0.559067, 0.0255399, 0.828729
0.0120604, -0.99967, 0.022672

257
-0.0252209, -0.0016769, -0.0152805
-0.999511, -0.00125139, -0.0312317
-0.012796, 0.928013, 0.372328
0.0285175, 0.372546, -0.927576

258
0.0344259, -0.0123042, 0.00741925
-0.997599, -0.000109689, -0.0692591
0.0503208, -0.688253, -0.723723
-0.0475884, -0.72547, 0.686606

259
0.031794, -0.0123355, -0.00554214
-0.956141, -0.0121175, 0.292655
-0.292849, 0.0199975, -0.955949
0.00573138, -0.999727, -0.0226691

260
0.0167361, 0.0116683, 0.000631442
-0.999709, -0.00522992, 0.0235376
0.0235922, -0.413699, 0.910108
0.00497769, 0.910399, 0.413702

261
0.0255112, 0.0114576, 0.00761467
0.999908, 0.00853727, -0.0105655
-0.01071, 0.0170617, -0.999797
-0.00835527, 0.999818, 0.0171516

262
-0.0550825, -0.0513785, -0.000503338
0.377945, -0.0176151, -0.92566
0.861534, -0.359394, 0.358602
-0.338994, -0.93302, -0.120655

263
0.0195535, 0.0136243, -0.0112416
0.999888, 0.00671991, -0.0133418
0.0008448, -0.917118, -0.398615
-0.0149147, 0.398559, -0.917021

264
0.00998947, 0.00688184, -0.0137259
-0.999543, -0.00139171, 0.0301863
0.0207284, 0.695297, 0.718424
-0.0219883, 0.718722, -0.69495

265
0.0492933, -0.00579898, -0.0186623
0.999683, -0.0251616, 0.00111771
-0.0184348, -0.700745, 0.713174
-0.0171613, -0.712968, -0.700987

266
0.0426915, -0.0189791, -0.0037941
-0.632782, -0.000882467, 0.774329
-0.716841, -0.377451, -0.586233
0.292789, -0.926029, 0.238212

267
-0.00568531, 0.00545073, 0.0126474
-0.998231, 0.00637504, -0.0591158
-0.0271979, -0.933079, 0.358641
-0.0528734, 0.359614, 0.931602

268
0.0451781, 0.015018, 0.00629121
-0.971752, -0.0423696, 0.232171
0.191317, -0.717445, 0.669829
0.138189, 0.695326, 0.705284

269
0.00502037, 0.00665445, -0.0175779
-0.998697, 0.00425614, -0.0508594
-0.0336369, 0.694575, 0.718633
0.0383843, 0.719407, -0.693527

270
-0.00899815, 0.00436099, -0.0172089
-0.997661, 0.00415678, 0.0682301
0.0517151, 0.698626, 0.713616
-0.044701, 0.715475, -0.697207

271
-0.0189378, -0.0130858, 0.00883124
-0.997944, 0.00289251, 0.0640222
-0.0604492, -0.374287, -0.925341
0.0212861, -0.927309, 0.373692

272
-0.0749968, -0.026046, -0.0028759
0.150944, -0.0294406, -0.988104
0.707594, -0.694782, 0.128794
-0.690309, -0.718617, -0.0840413

273
-0.031598, -0.00840696, 0.0100707
-0.999147, -0.000120585, -0.0413054
0.0382323, -0.381209, -0.923698
-0.0156346, -0.924489, 0.380888

274
0.0106505, 0.0105979, 0.0083346
-0.999543, -0.00139171, 0.0301863
0.0123821, -0.930091, 0.367121
0.0275651, 0.367327, 0.929683

275
-0.0330971, -0.0115791, 0.00756869
-0.995233, -0.00293096, -0.0974827
0.0685772, -0.731739, -0.678126
-0.0693444, -0.681579, 0.728452

276
0.0101751, 0.00973846, -0.00744626
-0.999543, -0.00139171, 0.0301863
0.0275651, 0.367327, 0.929683
-0.0123821, 0.930091, -0.367121

277
0.0206527, 0.00979502, -0.00737904
-0.997421, -0.00409955, -0.0716568
-0.0682357, 0.36376, 0.92899
0.0222575, 0.931483, -0.363102

278
-0.0193955, 0.012768, -0.000103995
0.999998, 0.00135364, 0.00119891
0.00162731, -0.384607, -0.923079
-0.000788409, 0.923079, -0.384609

279
0.0260267, 0.0173291, -0.0108604
0.878945, 0.0176153, -0.476598
-0.329924, -0.699161, -0.63429
-0.344392, 0.714747, -0.608712

280
0.00467157, 0.0106012, 0.0075478
-0.992818, 0.000849766, 0.119635
0.0828265, -0.716702, 0.692443
0.0863312, 0.697379, 0.711484

281
-0.0251024, 0.00732034, 0.00704322
-0.999782, -0.0025768, 0.0207328
0.010274, -0.924721, 0.380508
0.0181915, 0.380638, 0.924545

282
-0.0102979, 0.000564584, -0.0152688
0.999856, -0.00498489, 0.0162257
-0.0107643, -0.925319, 0.379038
0.0131245, -0.379158, -0.925239

283
0.0195179, 0.010594, 0.00837132
-0.997421, -0.00409955, -0.0716568
-0.0222575, -0.931483, 0.363102
-0.0682357, 0.36376, 0.92899

284
0.0342058, 0.0114062, -0.000405826
0.786937, 0.0182333, -0.616764
-0.616784, -0.00514706, -0.787115
-0.0175262, 0.999821, 0.00719557

285
-0.0162678, 0.010324, 0.00562526
0.999948, 0.000465714, -0.0102176
-0.010223, 0.0134605, -0.999857
-0.000328113, 0.999909, 0.0134646

286
-0.0460438, -0.020219, 0.00268645
0.598835, -0.01122, -0.800794
0.749144, -0.345683, 0.565055
-0.283161, -0.938284, -0.198602

287
-0.0164621, 0.00890615, -0.00637201
0.999902, -0.000532978, -0.0140244
-0.0131405, -0.386501, -0.922195
-0.00492892, 0.922289, -0.38647

288
0.0190325, 0.00986116, -0.022087
0.822525, 0.0203098, -0.568366
-0.202271, -0.923575, -0.325724
-0.531544, 0.38288, -0.755555

289
-0.0090654, 0.00227288, 0.0223308
-0.598766, 0.0143638, 0.800795
-0.0275602, -0.999617, -0.00267717
0.800449, -0.0236731, 0.598933

290
-0.0176053, 0.00983457, -0.016531
0.502169, 0.0115229, 0.864693
0.288678, -0.944786, -0.155059
0.815163, 0.327484, -0.477769

291
-0.0284349, -0.0125481, 0.00301509
0.999986, -0.00154404, 0.00509472
-0.00237927, 0.726487, 0.687176
-0.00476227, -0.687178, 0.726473

292
-0.0389911, 0.0189542, -0.00626406
0.469371, 0.0100136, 0.882944
0.835744, 0.317701, -0.447882
-0.284998, 0.948138, 0.140751

293
0.0229431, 0.00510293, 0.0226258
0.814731, 0.00241936, 0.579833
0.214461, 0.927821, -0.305214
-0.53872, 0.373019, 0.755406

294
-0.0150887, -0.00254631, 0.0255871
0.598835, -0.01122, -0.800794
-0.0250783, 0.999149, -0.0327527
0.800479, 0.039696, 0.598044

295
0.019773, 0.0122315, 0.00450683
0.999888, 0.00671991, -0.0133418
-0.0149147, 0.398559, -0.917021
