0
0.0112436, -0.00172093, 0.00786331
0.999945, -0.00197322, 0.0103027
-0.0053862, 0.746216, 0.665682
-0.0090016, -0.665701, 0.746164

1
-0.0381206, 0.03857, 0.00247686
-0.488995, -0.124911, -0.863297
-0.339008, 0.939107, 0.0561431
0.803715, 0.320118, -0.501565

2
0.0260827, 0.000352508, -0.0113531
0.999884, 0.00198851, -0.015087
-0.00906896, -0.718264, -0.695712
-0.0122199, 0.695768, -0.718163

3
-0.0480494, 0.00441242, -0.00601847
-0.525668, -0.850589, 0.0131392
0.597896, -0.380402, -0.70556
0.605139, -0.363034, 0.708529

4
0.0207899, 0.00918626, -0.012293
0.999998, -0.00195966, -0.000568003
0.000681083, 0.583037, -0.812445
0.00192328, 0.812443, 0.583038

5
0.00295881, -0.0143763, 0.0112886
-0.999676, 0.00494975, 0.024954
-0.0248815, -0.394674, -0.918484
0.00530242, -0.918808, 0.394669

6
0.0366128, 0.00391304, 0.000134349
0.00520787, -0.00661434, -0.999965
-0.767007, -0.641639, 0.00024955
-0.641618, 0.766978, -0.00841481

7
-0.0698291, 0.00313449, 0.00841034
-0.0655904, -0.997293, -0.0332325
0.995356, -0.0677419, 0.0683897
-0.0704558, -0.0285925, 0.997105

8
-0.0270262, 0.00195845, 0.000887814
0.999981, 0.000702904, -0.00617413
0.00269022, 0.846673, 0.532107
0.00560149, -0.532113, 0.846655

9
-0.0394202, -0.000719479, -0.0633663
0.999981, -0.00274945, -0.00559503
-0.00580316, -0.738427, -0.674309
-0.00227754, 0.674328, -0.738428

10
-0.0155182, 0.00860229, -0.0108573
0.999984, 0.00559397, 0.000139109
-0.00365472, 0.671743, -0.740776
-0.00423732, 0.740763, 0.671753

11
0.04115, -0.0108289, -0.00593958
-0.999718, 0.0204073, 0.012133
-0.0211052, -0.529825, -0.847844
-0.0108738, -0.847861, 0.530107

12
0.0263593, 0.0526513, -0.0110947
0.0195311, 0.0253874, 0.999487
0.421349, 0.90636, -0.0312555
-0.906688, 0.421744, 0.00700521

13
0.0348812, -0.00223453, -0.00986705
0.0195311, 0.0253874, 0.999487
-0.676427, 0.736489, -0.00548901
-0.736251, -0.675973, 0.0315571

14
-0.015492, 0.00800888, -0.0137191
0.999992, 0.00382292, 0.00113492
-0.00145392, 0.614516, -0.788903
-0.00371334, 0.788895, 0.614516

15
-0.00332379, -0.0164891, 0.000906642
0.999997, -0.00232632, -0.00069444
0.00240245, 0.907028, 0.421063
-0.000349653, -0.421064, 0.907031

16
0.0330044, 0.00794173, -0.00591113
0.999956, -0.00156493, -0.0092088
-0.00697447, 0.53071, -0.847525
0.00621352, 0.847552, 0.530676

17
-0.0481353, -0.00409851, -0.00306294
0.997957, -0.0446664, 0.0456742
-0.00767924, -0.793639, -0.608341
0.0634212, 0.606747, -0.792361

18
0.0409191, -0.0117457, 0.00627781
0.999845, -0.00598223, -0.0165666
0.0083805, -0.665699, 0.746173
-0.0154922, -0.746197, -0.665545

19
-0.0095173, 0.0104772, -0.00230658
0.999929, 0.0116573, -0.00243857
-0.0111369, 0.842697, -0.538274
-0.00421983, 0.538262, 0.842767

20
-0.0397977, -0.000217044, 0.0102964
0.0579586, 0.176985, 0.982506
0.701637, -0.707322, 0.0860243
0.710173, 0.684377, -0.165175

21
0.0300223, 0.00941791, -0.00859654
0.999959, -0.00902403, -0.000392451
0.00619637, 0.716941, -0.697107
0.00657208, 0.697076, 0.716967

22
-0.0331328, -0.0555877, -0.0239021
-0.0065506, -0.174915, 0.984562
-0.428599, -0.88907, -0.160802
0.903471, -0.423036, -0.0691444

23
0.00247009, -0.00882605, -0.00343844
0.999981, 0.00566626, -0.00244556
0.00425308, -0.919864, -0.392215
-0.00447197, 0.392197, -0.919871

24
0.00155434, 0.00104629, -0.0480349
-0.999676, 0.00494975, 0.024954
0.00462292, 0.999903, -0.0131381
-0.0250166, -0.0130185, -0.999602

25
0.0435557, 0.00361376, -0.00140451
-0.011917, 0.996353, 0.0844876
-0.864344, 0.0322187, -0.501868
-0.50276, -0.0790071, 0.860808

26
-0.0389133, -0.00268159, 0.00788776
-0.0225457, 0.0247006, -0.999441
0.685355, 0.728205, 0.00253671
0.72786, -0.684914, -0.0333465

27
-0.0412204, -0.00146063, -0.0143399
-0.0065506, -0.174915, 0.984562
0.670681, -0.731066, -0.125417
0.741717, 0.659505, 0.122101

28
-0.018113, -0.00504539, 0.00760956
0.999993, 0.00274111, -0.00272952
0.000131583, 0.681095, 0.732195
0.00386609, -0.73219, 0.681089

29
-0.0155725, 0.00981783, -0.00623985
0.999944, 0.0104525, -0.00185692
-0.00918459, 0.764048, -0.645094
-0.00532404, 0.645074, 0.764101

30
0.0381009, -0.0261231, 0.0165272
0.999917, -0.00746964, -0.0105228
0.00509539, -0.52064, 0.853761
-0.0118559, -0.853744, -0.520558

31
0.00297917, 0.00104767, 0.0221615
0.999934, -0.00440522, -0.0106017
0.00996005, 0.792136, 0.610264
0.00570968, -0.610329, 0.792127

32
-0.0181302, -0.0152908, -0.00899263
0.999993, 0.00274111, -0.00272952
0.00160106, 0.349053, 0.937102
0.00352145, -0.937099, 0.349046

33
-0.0327941, -0.0109198, 0.00888331
0.999942, 0.0100985, 0.00369869
0.00327403, -0.613438, 0.789736
0.0102441, -0.789678, -0.613436

34
-0.000295199, -0.0154682, -0.00482412
0.999999, -0.0011856, 0.000865661
-0.00145108, -0.887583, 0.460645
0.000222205, -0.460646, -0.887584

35
0.00240573, 0.00728208, 0.00756731
0.999981, 0.00566626, -0.00244556
0.00221799, -0.699756, -0.714378
-0.00575915, 0.714359, -0.699756

36
-0.0182939, -0.0139732, -0.00401001
0.99988, -0.0133734, 0.00781641
-0.0154881, -0.871199, 0.490685
0.000247522, -0.490747, -0.871302

37
-0.01545, -0.00675192, -0.000962946
0.999992, 0.00382292, 0.00113492
-0.00276428, 0.869636, -0.493686
-0.00287429, 0.493679, 0.869639

38
-0.02972, 0.0520975, 0.00903421
-0.0225457, 0.0247006, -0.999441
-0.410181, 0.91145, 0.0317789
0.911725, 0.410668, -0.0104175

39
-0.00648158, -0.0154446, -0.004836
0.999885, -0.0147184, 0.00368104
-0.0147612, -0.887707, 0.460173
-0.00350533, -0.460174, -0.887822

40
-0.0283359, -0.00271806, -0.0053585
-0.00230043, 0.0166212, 0.999859
0.034323, -0.999271, 0.0166904
0.999408, 0.0343565, 0.00172826

41
-0.0287963, -0.0451821, 0.0218755
-0.999244, 0.0367001, -0.0128269
0.024969, 0.352943, -0.935312
-0.0297988, -0.934925, -0.353592

42
-0.0417711, 0.0116983, 0.00336125
0.00224966, 0.00327083, 0.999992
0.682692, -0.730706, 0.000854197
0.730703, 0.682684, -0.00387681

43
-0.00620562, -0.00438973, -0.00341013
0.999996, -0.00260983, 0.000557361
-0.00175112, -0.799303, -0.600926
0.00201381, 0.600923, -0.799304

44
-0.0485193, -0.0103865, -0.00538237
-0.997457, -0.0709055, -0.00719169
0.0444116, -0.539474, -0.840831
0.0557398, -0.839012, 0.541251

45
0.0407771, 0.00452749, -0.00512152
0.999827, -0.0026234, -0.018395
0.00303046, -0.953705, 0.300729
-0.0183323, -0.300733, -0.953532

46
0.0461571, -0.0121361, -0.00847916
-0.99805, -0.0178137, -0.0598261
0.0543332, -0.719751, -0.692103
-0.030731, -0.694004, 0.719315

47
-0.0506528, 0.0166935, -0.0313983
-0.996592, 0.06043, 0.0561526
0.0382837, -0.264146, 0.963723
0.0730703, 0.962588, 0.260932

48
0.0147178, -0.00701688, 0.00514133
0.999994, -0.00331921, -5.74798e-05
0.00328436, 0.991719, -0.128381
0.000483127, 0.12838, 0.991725

49
0.0175666, 0.0107631, -0.0118233
0.99998, -0.000144415, -0.00625131
-0.00571281, -0.427575, -0.903962
-0.00254236, 0.90398, -0.427567

50
0.0409048, -0.0125763, 0.00426184
0.999827, -0.0026234, -0.018395
0.00981524, -0.766023, 0.642738
-0.0157771, -0.642808, -0.765865

51
0.0207695, -0.00506186, 0.00103337
0.999998, -0.00195966, -0.000568003
0.00136525, 0.849565, -0.527482
0.00151624, 0.527481, 0.849566

52
-0.00310515, -0.00307354, -0.0503854
0.999987, -9.2368e-05, 0.00509137
8.33672e-05, -0.999405, -0.0345053
0.00509152, 0.0345053, -0.999392

53
0.011703, -0.00116615, 0.00555436
0.999989, -0.00470073, -0.00016148
0.00469979, 0.999974, -0.00539538
0.000186838, 0.00539456, 0.999985

54
0.0352905, -0.0138359, -0.000804625
0.999952, -0.00879639, 0.00431915
0.00556978, 0.872799, 0.488049
-0.00806282, -0.488001, 0.872806

55
-0.0301881, 0.00762698, -0.0144134
0.999992, -0.0036814, 0.00135634
0.00313131, 0.540623, -0.841259
0.00236375, 0.841257, 0.54063

56
-0.00340758, 0.0110704, 0.00927156
0.999987, -9.2368e-05, 0.00509137
0.00467205, 0.414334, -0.910113
-0.00202546, 0.910125, 0.414329

57
0.0106889, 0.0318371, -0.00307777
-0.0126551, -0.000409812, -0.99992
-0.00546367, 0.999985, -0.00034069
0.999905, 0.00545892, -0.0126572

58
-0.00928814, -0.0076957, 0.00478525
0.999929, 0.0116573, -0.00243857
-0.0119041, 0.984534, -0.174787
0.000363313, 0.174804, 0.984603

59
-0.027099, -0.0122167, -0.012516
0.999981, 0.000702904, -0.00617413
0.00462904, 0.578593, 0.815604
0.0041456, -0.815616, 0.578578

60
-0.0338285, -0.00156966, 0.00453966
-0.00246901, 0.999981, -0.00562831
0.760309, 0.00553311, 0.649538
0.649557, -0.00267554, -0.760309

61
0.0353838, -0.00288559, -0.0502326
0.99997, 0.000328155, -0.00772343
2.40671e-05, -0.999226, -0.0393393
-0.00773036, 0.039338, -0.999196

62
-0.0507519, -0.00170358, 0.00395256
-0.0334683, -0.999435, 0.00315372
0.967386, -0.0331875, -0.251125
0.251088, -0.00535388, 0.967949

63
0.0236769, 0.000654597, 0.00554681
0.999939, -0.0110748, 0.000133391
0.0110705, 0.999773, 0.018193
-0.000334844, -0.0181904, 0.999834

64
-0.00786414, -0.00440519, 0.050003
-0.00285128, 0.999886, 0.0148077
-0.148931, -0.0150672, 0.988733
0.988843, 0.000613832, 0.148957

65
0.0292016, -0.0014926, -0.00731978
-0.00241532, 0.999997, -0.000651304
-0.7425, -0.00222965, -0.669843
-0.669842, -0.00113429, 0.742503

66
-0.0608656, -0.00926796, -0.00746078
0.0554209, -0.506788, -0.860287
0.95578, 0.276156, -0.101109
0.288815, -0.816642, 0.499683

67
-0.047547, 0.000918631, -0.00530024
0.0807576, -1.5829e-06, -0.996734
-0.704781, -0.707123, -0.0571018
-0.704814, 0.70709, -0.0571067

68
-0.0267231, -2.10755e-05, -0.0104164
-0.999244, 0.0367001, -0.0128269
0.0370858, 0.998823, -0.0312518
0.0116649, -0.0317039, -0.999429

69
-0.0320786, 0.0414176, 0.000228839
-0.999657, 0.022342, -0.0136794
0.0091314, 0.786591, 0.617407
0.0245542, 0.61707, -0.786525

70
-0.00467582, -0.0404349, -0.00335418
0.0182617, -0.000463174, 0.999833
-0.119968, -0.992776, 0.00173127
0.99261, -0.119979, -0.0181853

71
-0.0360617, -0.0123435, -0.00364921
0.999884, -0.00891731, -0.0123146
0.0143955, 0.81588, 0.578042
0.00489264, -0.578153, 0.815914

72
-0.00327649, 0.00246875, 0.00551115
0.999997, -0.00232632, -0.00069444
0.00235338, 0.999119, 0.0419059
0.000596341, -0.0419074, 0.999121

73
-0.0393005, 0.0108432, -0.0476535
0.999981, -0.00274945, -0.00559503
-0.006233, -0.424163, -0.905564
0.000116601, 0.905582, -0.424172

74
0.0116124, -0.0203204, 0.00185163
0.999989, -0.00470073, -0.00016148
0.00441354, 0.92592, 0.377693
-0.00162592, -0.37769, 0.925931

75
-0.0362718, -0.00134275, 0.00953462
-0.0539797, 0.0277214, -0.998157
0.53882, 0.842401, -0.00574342
0.84069, -0.538137, -0.0604094

76
-0.0390206, -0.0321697, 0.0235029
0.999981, -0.00274945, -0.00559503
0.00249299, 0.998969, -0.0453394
0.00571392, 0.0453246, 0.998956

77
-0.0154321, -0.00707031, 0.00076014
0.999984, 0.00559397, 0.000139109
-0.00499807, 0.904087, -0.427319
-0.00251618, 0.427311, 0.904101

78
-0.0460559, -0.00366493, -0.0103883
0.998566, 0.028329, 0.0454325
0.0289974, -0.99948, -0.0141219
0.0450089, 0.0154191, -0.998868

79
0.0176856, 0.0155038, 0.00710063
0.99998, -0.000144415, -0.00625131
-0.00625086, -0.0490893, -0.998775
-0.000162634, 0.998794, -0.0490892

80
0.0298787, -0.00695325, 0.00201322
0.999959, -0.00902403, -0.000392451
0.00823972, 0.929126, -0.369671
0.00370056, 0.369653, 0.929163

81
-0.0283705, -0.036966, -0.0205622
-0.0065506, -0.174915, 0.984562
-0.0502305, -0.983282, -0.175022
0.998716, -0.0506015, -0.00234497

82
-0.0146571, 0.0115676, -0.00233841
0.99987, -0.0143253, 0.00743786
-0.0095891, -0.89785, -0.440198
0.012984, 0.440069, -0.89787

83
-0.0504995, -0.00135013, -0.00445261
-0.940894, 0.3105, 0.135308
-0.121557, -0.682439, 0.720764
0.316137, 0.661715, 0.679846

84
-0.0030387, 0.00981281, -0.0107254
0.999935, -4.71323e-05, 0.0114049
0.0100711, -0.465641, -0.884917
0.00535228, 0.884974, -0.46561

85
-0.00336843, -0.0322417, -0.0106022
0.999997, -0.00232632, -0.00069444
0.00208577, 0.676851, 0.736117
-0.00124242, -0.736117, 0.676854

86
0.0230847, -0.00811483, 0.00697236
0.999822, -0.000886367, 0.0188607
-0.0144282, 0.608467, 0.793448
-0.0121794, -0.793579, 0.608345

87
0.0429189, -0.00919955, -0.00470199
0.999363, 0.015131, -0.0323337
0.00380135, -0.945687, -0.325057
-0.035496, 0.324727, -0.945142

88
0.0475581, 0.00373539, 0.000118094
0.99243, -0.0495331, 0.112377
-0.00491429, 0.898303, 0.439348
-0.122711, -0.436575, 0.89126

89
-0.03543, -0.00965059, -0.0128606
0.99975, 0.00336743, 0.0221009
0.0138795, -0.868484, -0.495523
0.0175256, 0.495706, -0.868314

90
0.0412747, 0.0588491, 0.00224642
0.999845, -0.00598223, -0.0165666
-0.0154922, -0.746197, -0.665545
-0.0083805, 0.665699, -0.746173

91
0.0424606, 0.0398157, 0.0168635
-0.999718, 0.0204073, 0.012133
-0.0181227, -0.986077, 0.165299
0.0153374, 0.165032, 0.986169

92
0.073348, -0.00141035, 0.020537
-0.00361073, 0.999993, -0.000608097
-0.999631, -0.00362578, -0.0269116
-0.0269136, 0.000510703, 0.999638

93
-0.00331048, 0.0155343, -0.00971965
0.999987, -9.2368e-05, 0.00509137
0.00509152, 0.0345053, -0.999392
-8.33672e-05, 0.999405, 0.0345053

94
0.0481192, -0.0117913, -0.0116806
0.99243, -0.0495331, 0.112377
-0.0514998, 0.662854, 0.746975
-0.11149, -0.747108, 0.655286

95
0.00200147, -0.0148745, -0.0269646
-0.999676, 0.00494975, 0.024954
-0.0213432, 0.370619, -0.92854
-0.0138445, -0.928772, -0.370393

96
-0.00276101, -0.0196102, -0.0351932
0.999935, -4.71323e-05, 0.0114049
0.00333668, -0.955029, -0.296494
0.0109059, 0.296513, -0.954966

97
-0.0433474, 0.0324072, -0.0338021
-0.999612, -0.0242853, 0.0136696
0.0185226, -0.212489, 0.976988
-0.0208218, 0.976862, 0.212856

98
-0.0522913, 0.0404307, 0.0167528
-0.997457, -0.0709055, -0.00719169
0.0684924, -0.981593, 0.178279
-0.0197002, 0.177333, 0.983954

99
0.0322878, 0.00896352, 0.000646055
0.999913, -0.0030145, -0.0128643
-0.0104245, -0.778217, -0.627909
-0.00811841, 0.627988, -0.778181

100
-0.0416198, -0.0123451, -0.00865563
0.999891, 0.00573342, -0.0135882
0.00538316, 0.715894, 0.698188
0.0137307, -0.698185, 0.715786

101
-0.00347796, -0.0120133, 0.00343895
0.999972, -0.0072308, 0.00217008
-0.00672369, -0.722295, 0.691553
-0.00343304, -0.691548, -0.722323

102
-0.00618579, 0.00329237, -0.010262
0.999885, -0.0147184, 0.00368104
-0.014979, -0.996235, 0.0853896
0.00241038, -0.085435, -0.996341

103
-0.0501381, 0.00854365, 0.00411652
-0.973812, 0.227284, -0.00569117
0.101652, 0.457653, 0.883301
0.203365, 0.859591, -0.468771

104
-0.0611108, -0.0391291, -0.0222177
-0.973812, 0.227284, -0.00569117
0.226785, 0.969294, -0.0950636
-0.01609, -0.0938647, -0.995455

105
-0.0358377, -0.0164699, 0.000913092
0.999935, -0.00194036, -0.0112309
0.00648483, 0.907206, 0.420636
0.00937252, -0.420681, 0.90716

106
0.073554, 0.00206549, 0.0205396
-0.0284573, 0.999538, -0.0106748
-0.999335, -0.0286918, -0.022498
-0.0227939, 0.0100275, 0.99969

107
-0.0366423, -0.0327224, -0.0360349
0.999884, -0.00891731, -0.0123146
0.0136387, 0.168099, 0.985676
-0.00671952, -0.98573, 0.168201

108
0.0429813, 0.00765947, 0.00511494
0.999363, 0.015131, -0.0323337
-0.0100717, -0.749433, -0.662003
-0.0342487, 0.661907, -0.748803

109
-0.0332583, -0.0139645, -0.0040149
-0.999657, 0.022342, -0.0136794
0.0261795, 0.871114, -0.490383
0.000960156, -0.490573, -0.8714

110
0.0841759, -0.00677986, -0.00537406
-0.05083, 0.990334, -0.129055
-0.791044, 0.038958, 0.610518
0.609644, 0.133121, 0.781417

111
-0.0581863, -0.0147336, -0.00218699
-0.0126551, -0.000409812, -0.99992
0.925883, -0.377634, -0.0115633
-0.377599, -0.925955, 0.00515844

112
-0.0336061, 0.00115818, -0.00377399
-0.0655904, -0.997293, -0.0332325
0.753643, -0.0276828, -0.656701
0.654003, -0.0681187, 0.753419

113
0.0468595, -0.00381594, -0.00997177
-0.000675843, -0.999923, -0.012423
-0.990614, -0.00102858, 0.136682
-0.136684, 0.0123988, -0.990537

114
-0.0463976, 0.00395487, 0.000603917
0.999229, 0.0248048, -0.0304396
-0.00919299, 0.901444, 0.432799
0.038175, -0.432185, 0.900977

115
-0.030257, -0.00591924, -0.000374261
0.999992, -0.0036814, 0.00135634
0.00379752, 0.821405, -0.570332
0.000985517, 0.570333, 0.821413

116
0.0280192, -0.00157259, -0.0123662
-0.00493365, 0.999985, -0.00219991
-0.581559, -0.00465888, -0.813491
-0.813489, -0.0027341, 0.581574

117
0.0263027, 0.0114478, 0.00469216
0.999884, 0.00198851, -0.015087
-0.013055, -0.397331, -0.917583
-0.00781914, 0.917673, -0.397259

118
0.042243, -0.00147304, 0.000985757
-0.00493365, 0.999985, -0.00219991
-0.848599, -0.00535054, -0.529009
-0.529013, -0.000743099, 0.848613

119
0.0430303, -0.00545984, -0.00352417
0.0207117, 0.999216, -0.0337439
-0.819107, -0.00239347, -0.573636
-0.573267, 0.0395208, 0.818415

120
0.0465935, 0.00772236, 0.00928597
-0.989856, -0.115081, 0.0833116
-0.0044215, 0.611072, 0.791563
-0.142003, 0.783165, -0.605382

121
-0.0331974, -0.00231822, -0.00453655
-0.0334683, -0.999435, 0.00315372
0.79766, -0.0286124, -0.602428
0.602177, -0.0176467, 0.798167

122
0.0206695, -0.0750264, 0.0150628
0.99992, 0.00578535, -0.0112847
0.0126721, -0.489811, 0.871736
-0.000484088, -0.871809, -0.489845

123
-0.0207802, -0.00397009, -0.00743997
-0.999508, 0.0296337, -0.0102424
0.0295354, 0.999517, 0.00962302
0.0105226, 0.00931578, -0.999901

124
-0.0508486, -0.00166535, -0.00499495
-0.00246901, 0.999981, -0.00562831
0.951009, 0.00408805, 0.309137
0.309154, -0.00458931, -0.951001

125
-0.0501984, 0.00797566, -0.0139514
-0.996592, 0.06043, 0.0561526
0.00740676, -0.612405, 0.790509
0.0821587, 0.788231, 0.60987

126
0.0147789, 0.0114702, -0.00108966
0.999994, -0.00331921, -5.74798e-05
0.00284947, 0.8671, -0.498125
0.00170322, 0.498122, 0.867105

127
0.0663343, -0.00384345, -0.00881705
-0.000675843, -0.999923, -0.012423
-0.967515, 0.00379452, -0.252784
0.252812, 0.0118486, -0.967443

128
-0.0390162, 0.00248546, 0.00727052
0.999981, -0.00274945, -0.00559503
-0.00227754, 0.674328, -0.738428
0.00580316, 0.738427, 0.674309

129
0.0408177, 0.00383193, -0.00546651
0.999845, -0.00598223, -0.0165666
0.00181398, -0.900583, 0.434681
-0.01752, -0.434644, -0.900432

130
-0.0297718, 0.00912869, -0.00287285
0.0182617, -0.000463174, 0.999833
0.871142, -0.490766, -0.0161385
0.490691, 0.871292, -0.00855871

131
-0.03361, -0.00609639, -0.00945947
-0.0108436, -0.998725, 0.0493022
0.700138, -0.0427855, -0.712725
0.713926, 0.0267898, 0.699709

132
-0.046367, -0.0116486, -0.0111065
0.999229, 0.0248048, -0.0304396
0.00611574, 0.667435, 0.744643
0.0387871, -0.744254, 0.666769

133
-0.0294661, -0.00813412, -0.00715593
0.999708, -0.0190675, 0.0148637
-0.0173812, -0.99418, -0.106325
0.0168045, 0.106035, -0.99422

134
0.0442143, 0.000368128, -6.27803e-05
0.0079691, -0.999679, 0.0240475
-0.792678, 0.00834471, 0.609583
-0.609588, -0.0239198, -0.792357

135
0.0280018, -0.0015936, -0.0115608
-0.00361073, 0.999993, -0.000608097
-0.357677, -0.00185936, -0.933843
-0.933838, -0.00315435, 0.357682

136
0.0352117, -0.0375474, -0.0308417
0.999952, -0.00879639, 0.00431915
-0.00176284, 0.272093, 0.962269
-0.00963971, -0.962231, 0.272064

137
0.0331348, -0.0427343, 0.0168597
0.999956, -0.00156493, -0.0092088
0.00307153, 0.98613, 0.165947
0.00882138, -0.165968, 0.986092

138
-0.0273234, -0.0207286, -0.049825
0.999981, 0.000702904, -0.00617413
0.00620461, -0.167601, 0.985835
-0.000341844, -0.985855, -0.167602

139
0.0326837, -0.0062525, 0.00537977
0.999896, -0.0143553, 0.00140501
0.0144225, 0.99639, -0.0836561
-0.000199031, 0.0836677, 0.996494

140
-0.0357457, 0.0217654, 0.00249976
0.999935, -0.00194036, -0.0112309
-0.0020419, 0.938958, -0.344025
0.0112128, 0.344025, 0.938893

141
-0.0423876, 0.0105888, -0.00237757
-0.999612, -0.0242853, 0.0136696
0.0278207, -0.840998, 0.540323
-0.00162578, 0.540493, 0.841347

142
-0.0738035, -0.0183972, 0.00828643
-0.0225457, 0.0247006, -0.999441
0.999294, 0.0306113, -0.0217858
0.030056, -0.999226, -0.0253733

143
-0.018165, 0.0297576, 0.0235222
0.999993, 0.00274111, -0.00272952
-0.00264069, 0.999343, 0.0361373
0.00282678, -0.0361298, 0.999343

144
0.0193713, -0.00169726, -0.0496444
-0.00493365, 0.999985, -0.00219991
0.163999, -0.00136103, -0.98646
-0.986448, -0.00522763, -0.16399

145
-0.0244032, -0.0170289, -0.00254185
-0.999543, 0.0280419, -0.0112783
0.0301627, 0.901505, -0.431717
-0.00193872, -0.431859, -0.901939

146
-0.0331004, 0.00438968, 0.00521774
0.0158508, 0.997023, -0.0754598
0.689493, 0.0437564, 0.722969
0.724119, -0.0634887, -0.686747

147
0.0324085, -0.025636, 0.00318779
0.999896, -0.0143553, 0.00140501
0.0132485, 0.952563, 0.304053
-0.00570313, -0.304003, 0.952654

148
0.0292442, -0.0039046, -0.00744007
-0.999385, -0.0339895, 0.00862413
-0.0338946, 0.999366, 0.0109247
-0.00898998, 0.0106257, -0.999903

149
0.025941, -0.0352312, -0.0254329
0.999884, 0.00198851, -0.015087
0.00222802, -0.999871, 0.0158754
-0.0150535, -0.0159072, -0.99976

150
-0.0327887, -0.0431275, 0.00352037
0.00224966, 0.00327083, 0.999992
-0.413827, -0.910347, 0.00390859
0.910353, -0.413833, -0.000694416

151
-0.00617978, 0.00861714, 0.0111303
0.999996, -0.00260983, 0.000557361
-0.000847168, -0.508496, -0.861064
0.00253065, 0.86106, -0.508496

152
-0.0871107, -0.0236466, 0.0116645
-0.0539797, 0.0277214, -0.998157
0.982893, -0.174801, -0.0580089
-0.176087, -0.984213, -0.0178115

153
-0.00286637, -0.00246507, -0.0258854
0.999935, -4.71323e-05, 0.0114049
0.00725622, -0.768861, -0.639375
0.00879888, 0.639416, -0.76881

154
-0.0395226, -0.0174152, -0.0734582
0.999981, -0.00274945, -0.00559503
-0.00448985, -0.940272, -0.340396
-0.00432495, 0.340414, -0.940266

155
-0.0853914, 0.0121781, -0.00185371
-0.0126551, -0.000409812, -0.99992
0.387695, -0.921777, -0.00452893
-0.921701, -0.387721, 0.0118241

156
0.0515727, -0.0242856, -0.0476866
0.99243, -0.0495331, 0.112377
-0.115251, -0.0595764, 0.991548
-0.0424194, -0.996994, -0.0648342

157
-0.0421226, 0.0120682, -0.00498412
0.000768472, -0.0141592, 0.999899
0.690142, -0.723593, -0.0107769
0.723673, 0.690081, 0.0092158

158
0.00246254, -0.018431, -0.00778801
-0.999676, 0.00494975, 0.024954
-0.0250166, -0.0130185, -0.999602
-0.00462292, -0.999903, 0.0131381

159
-0.0153765, -0.00725677, 0.0031953
0.999944, 0.0104525, -0.00185692
-0.0105229, 0.952748, -0.30358
-0.00140398, 0.303582, 0.952804

160
0.0234664, -0.018406, 0.00139331
0.999939, -0.0110748, 0.000133391
0.0100997, 0.916709, 0.399428
-0.00454586, -0.399402, 0.916764

161
0.0201176, 0.00787179, 0.00865889
0.99992, 0.00578535, -0.0112847
-0.00529663, -0.618004, -0.786157
-0.0115222, 0.786153, -0.617924

162
0.0382315, 0.0242789, -0.00684399
0.999917, -0.00746964, -0.0105228
-0.00900348, -0.987997, -0.154213
-0.00924458, 0.154295, -0.987982

163
0.00234285, -0.0167059, -0.0304787
0.999934, -0.00440522, -0.0106017
0.0090866, -0.260733, 0.965368
-0.00701688, -0.965401, -0.260676

164
-0.0358274, 0.0384222, -0.00765631
0.999935, -0.00194036, -0.0112309
-0.00617744, 0.735832, -0.677136
0.00957791, 0.677162, 0.735772

165
-0.00376116, -0.00359769, -0.00288036
-0.0126551, -0.000409812, -0.99992
0.703176, 0.710956, -0.00919086
0.710903, -0.703236, -0.00870906

166
0.0327752, 0.027281, 0.0342422
0.999913, -0.0030145, -0.0128643
-0.0131118, -0.106228, -0.994255
0.00163063, 0.994337, -0.106258

167
-0.00634867, -0.0598607, -0.00649811
0.999996, -0.00260983, 0.000557361
-0.00253065, -0.86106, 0.508496
-0.000847168, -0.508496, -0.861064

168
0.0382696, -0.0353065, 0.0319967
0.99992, -0.00632052, -0.0109127
0.00933154, -0.211244, 0.977389
-0.00848285, -0.977413, -0.211168

169
0.011185, 0.0344108, 0.0204714
0.999945, -0.00197322, 0.0103027
0.00255648, 0.998376, -0.0569095
-0.0101737, 0.0569327, 0.998326

170
0.00417189, -0.016765, -0.0504871
-0.05083, 0.990334, -0.129055
0.128269, -0.121678, -0.984247
-0.990436, -0.066583, -0.120844

171
-0.00297012, 0.0586789, 0.00497745
0.999972, -0.0072308, 0.00217008
-0.00343304, -0.691548, -0.722323
0.00672369, 0.722295, -0.691553

172
0.0354392, 0.0115286, -0.00298411
-0.00669994, -0.0259008, -0.999642
-0.619347, -0.784736, 0.0244836
-0.785089, 0.619289, -0.0107839

173
-0.01489, -0.00728696, -0.00734392
0.99987, -0.0143253, 0.00743786
-0.013828, -0.997912, -0.0630896
0.0083261, 0.0629786, -0.99798

174
0.0127599, -0.00155482, -0.041876
-0.00241532, 0.999997, -0.000651304
-0.0513765, -0.000774537, -0.998679
-0.998676, -0.00237867, 0.0513782

175
-0.0238187, 0.00186436, -0.00736959
-0.999543, 0.0280419, -0.0112783
0.0286087, 0.998147, -0.053697
0.00975164, -0.0539951, -0.998494

176
-0.000268279, 0.00326824, -0.01026
0.999999, -0.0011856, 0.000865661
-0.00125559, -0.996302, 0.0859165
0.000760597, -0.0859175, -0.996302

177
0.0174669, -0.000858736, -0.0274925
0.99998, -0.000144415, -0.00625131
-0.00430503, -0.740966, -0.671529
-0.00453503, 0.671543, -0.740952

178
0.088853, -0.0153914, -0.0105875
0.0195311, 0.0253874, 0.999487
-0.939064, -0.342675, 0.0270544
0.343186, -0.939111, 0.0171476

179
-0.0328957, 0.00382336, -0.00389289
0.999942, 0.0100985, 0.00369869
0.00694505, -0.86894, 0.494869
0.00821139, -0.494815, -0.868959

180
-0.0328958, 0.00404134, -0.00780379
-0.0877347, -0.991384, -0.0972651
0.679714, 0.0117997, -0.733382
0.728211, -0.130456, 0.672822

181
-0.0336438, 0.0113062, -0.000997071
-0.999536, -0.0291441, 0.00883282
0.0296958, -0.868494, 0.494809
-0.00674952, 0.494842, 0.868957

182
0.0383999, -0.00154602, 0.00494615
-0.00361073, 0.999993, -0.000608097
-0.687815, -0.00292494, -0.72588
-0.725877, -0.0022027, 0.687821

183
-0.0771208, 0.0275451, -0.00473806
0.000768472, -0.0141592, 0.999899
0.999719, -0.0236968, -0.00110389
0.02371, 0.999619, 0.014137

184
-0.0490493, 0.00379408, -0.0060019
0.0158508, 0.997023, -0.0754598
0.914117, 0.0161295, 0.40513
0.405141, -0.0754008, -0.91114

185
0.0506262, -0.0137539, -0.00988213
0.0195311, 0.0253874, 0.999487
-0.906688, 0.421744, 0.00700521
-0.421349, -0.90636, 0.0312555

186
-0.0478945, -0.0164543, 0.000920892
-0.996036, 0.076921, 0.0446801
-0.0885738, -0.904087, -0.418068
0.00823643, -0.420369, 0.907316

187
0.0850014, -0.00142159, -0.00132277
-0.000700733, 1, 7.97123e-05
-0.862443, -0.000644689, 0.506154
0.506154, 0.000285932, 0.862443

188
-0.0555362, -0.0748075, -0.0195975
-0.996592, 0.06043, 0.0561526
-0.0787392, -0.493873, -0.865962
-0.0245978, -0.867432, 0.496948

189
0.0331142, -0.00543877, 0.0082858
0.999956, -0.00156493, -0.0092088
-0.00406576, 0.814656, -0.57993
0.00840956, 0.579942, 0.814614

190
-0.0315059, -0.00372812, -0.00026823
-0.00285128, 0.999886, 0.0148077
0.856579, -0.00519885, 0.51599
0.516009, 0.0141552, -0.856466

191
0.0173811, -0.0368903, -0.0403837
0.99998, -0.000144415, -0.00625131
0.000162634, -0.998794, 0.0490892
-0.00625086, -0.0490893, -0.998775

192
0.0358405, 0.0109696, 0.00949112
0.99997, 0.000328155, -0.00772343
-0.00715113, 0.418731, -0.908082
0.00293605, 0.90811, 0.418721

193
-0.0516903, -0.0741178, 0.00613805
0.997957, -0.0446664, 0.0456742
-0.0634212, -0.606747, 0.792361
-0.00767924, -0.793639, -0.608341

194
-0.014937, -0.00309526, -0.0570012
-0.0334683, -0.999435, 0.00315372
-0.251088, 0.00535388, -0.967949
0.967386, -0.0331875, -0.251125

195
0.0289307, 0.00453095, -0.0142836
-0.011917, 0.996353, 0.0844876
-0.606152, 0.0600009, -0.793083
-0.79526, -0.0606634, 0.603226

196
0.0265823, 0.0155577, 0.0237613
0.999884, 0.00198851, -0.015087
-0.0150535, -0.0159072, -0.99976
-0.00222802, 0.999871, -0.0158754

197
-0.0193116, -0.00800141, -0.0449051
-0.0108436, -0.998725, 0.0493022
-0.0097497, -0.0491972, -0.998741
0.999894, -0.0113106, -0.0092038

198
-0.0547972, -0.0140084, 0.00796614
-0.0225457, 0.0247006, -0.999441
0.911725, 0.410668, -0.0104175
0.410181, -0.91145, -0.0317789

199
0.0688338, 0.0302039, -0.00369181
-0.00669994, -0.0259008, -0.999642
-0.993086, -0.116989, 0.00968718
-0.117198, 0.992795, -0.0249379

200
-0.0319973, 0.0541198, 0.0150359
-0.999657, 0.022342, -0.0136794
-0.000960156, 0.490573, 0.8714
0.0261795, 0.871114, -0.490383

201
0.0141415, -0.011488, -0.013919
-0.05083, 0.990334, -0.129055
-0.609644, -0.133121, -0.781417
-0.791044, 0.038958, 0.610518

202
-0.0497238, -0.00537969, 0.00151482
-0.0108436, -0.998725, 0.0493022
0.92005, -0.0292766, -0.390705
0.39165, 0.0411239, 0.919195

203
0.0351108, 0.0111119, -0.014272
-0.0657169, -0.0795233, -0.994664
-0.607421, -0.78766, 0.103105
-0.791657, 0.610956, 0.00345846

204
0.0321192, -0.00831716, -0.00840668
0.999913, -0.0030145, -0.0128643
-0.00652418, -0.9593, -0.282315
-0.0114897, 0.282374, -0.959235

205
-0.0313576, 0.00972882, -0.0192235
0.37908, -0.0974086, 0.920223
0.803518, -0.458588, -0.379547
0.458974, 0.883294, -0.0955719

206
-0.0298626, -0.0275605, -0.00540634
0.999708, -0.0190675, 0.0148637
-0.022489, -0.95908, 0.282241
0.00887381, -0.282492, -0.959229

207
0.0313672, 0.000618836, 0.0146168
0.0079691, -0.999679, 0.0240475
-0.49906, 0.0168632, 0.866403
-0.866531, -0.0189056, -0.498765

208
-0.0274771, -0.0190121, -0.00601455
-0.999244, 0.0367001, -0.0128269
0.0387267, 0.91066, -0.411338
-0.00341518, -0.411524, -0.911393

209
-0.0330499, -0.00719508, 0.00516342
-0.999536, -0.0291441, 0.00883282
0.0300183, -0.991752, 0.124609
0.00512836, 0.124816, 0.992167

210
0.00241166, 0.0215606, 0.0430721
0.999981, 0.00566626, -0.00244556
-0.00250398, 0.0103258, -0.999944
-0.00564068, 0.999931, 0.0103398

211
-0.062143, -0.034437, -0.00648279
0.0807576, -1.5829e-06, -0.996734
2.31263e-05, -1, 3.46183e-06
-0.996734, -2.33303e-05, -0.0807576

212
0.0354195, 0.0022829, -0.045381
0.99997, 0.000328155, -0.00772343
-0.00544917, -0.678743, -0.734355
-0.00548321, 0.734376, -0.678721

213
-0.0123075, 0.0155641, -0.00244508
0.0807576, -1.5829e-06, -0.996734
-0.996734, -2.33303e-05, -0.0807576
-2.31263e-05, 1, -3.46183e-06

214
-0.0304057, -0.0433126, 0.00776071
0.999992, -0.0036814, 0.00135634
0.00338212, 0.984108, 0.177541
-0.00198838, -0.177535, 0.984112

215
0.0485282, -0.0274197, -0.0434828
-0.99805, -0.0178137, -0.0598261
0.0601495, -0.0182058, -0.998023
0.0166893, -0.999676, 0.0192417

216
0.0296272, -0.0390124, 0.0490486
0.999977, -0.00217805, -0.00639482
0.00662352, 0.129858, 0.99151
-0.00132915, -0.99153, 0.129869

217
0.0329605, 0.0124942, -1.35952e-05
0.999896, -0.0143553, 0.00140501
0.0134008, 0.888526, -0.45863
0.00533537, 0.458601, 0.888626

218
0.0265014, -0.00628463, -0.0123123
-0.0657169, -0.0795233, -0.994664
-0.25823, -0.961506, 0.0939334
-0.963846, 0.263025, 0.0426519

219
0.0174018, -0.0175924, -0.0375216
0.99998, -0.000144415, -0.00625131
-0.00224185, -0.941551, -0.336862
-0.00583728, 0.33687, -0.941533

220
-0.0757948, 0.0147282, -0.0116938
-0.0065506, -0.174915, 0.984562
0.998716, -0.0506015, -0.00234497
0.0502305, 0.983282, 0.175022

221
0.0384249, 0.0420243, 0.00144614
0.99992, -0.00632052, -0.0109127
-0.0114082, -0.822172, -0.569124
-0.00537497, 0.569204, -0.822179

222
0.00164577, -0.00424807, -0.0433217
-0.999676, 0.00494975, 0.024954
-0.0144205, 0.697833, -0.716116
-0.0209583, -0.716244, -0.697536

223
0.040705, -0.0109942, 0.0760489
-0.599889, -0.797144, -0.0685149
0.505977, -0.444316, 0.739304
-0.619774, 0.408833, 0.669877

224
-0.0189787, 0.00198194, -0.0573645
-0.0655904, -0.997293, -0.0332325
-0.315814, 0.0523397, -0.947377
0.946551, -0.0516435, -0.318392

225
0.0191463, 0.00754069, -0.0511573
-0.011917, 0.996353, 0.0844876
0.13372, 0.0853226, -0.987339
-0.990948, -0.000468488, -0.134249

226
-0.00321274, 0.0123908, -0.0289735
0.999987, -9.2368e-05, 0.00509137
0.00473586, -0.350577, -0.936522
0.00187142, 0.936534, -0.350572

227
-0.0482297, 0.00877781, 0.0115929
0.997957, -0.0446664, 0.0456742
0.0171756, -0.501034, -0.865257
0.0615323, 0.864274, -0.499244

228
-0.0153102, -0.044728, 0.00375593
0.999992, 0.00382292, 0.00113492
-0.00398707, 0.964009, 0.265839
-7.77879e-05, -0.265841, 0.964017

229
0.0209858, -0.0494002, 0.000405606
0.00520787, -0.00661434, -0.999965
0.299257, -0.95414, 0.00786977
-0.954158, -0.299287, -0.00298966

230
-0.0418491, -0.00756015, 0.00475887
-0.999612, -0.0242853, 0.0136696
0.0263251, -0.983818, 0.177224
0.00914448, 0.177515, 0.984076

231
0.0227942, 0.0444871, 0.0248478
0.999822, -0.000886367, 0.0188607
0.00573084, 0.966021, -0.258398
-0.0179908, 0.25846, 0.965854

232
0.027999, 0.0455324, 0.0431013
-0.999385, -0.0339895, 0.00862413
0.00898998, -0.0106257, 0.999903
-0.0338946, 0.999366, 0.0109247

233
-0.041569, 0.00401022, 0.00197932
0.999891, 0.00573342, -0.0135882
-0.000281119, 0.928584, 0.371122
0.0147456, -0.371078, 0.928485

234
-0.0193276, 0.00686647, 0.0408357
0.0158508, 0.997023, -0.0754598
-0.0244838, 0.0758337, 0.99682
0.999575, -0.0139529, 0.0256129

235
-0.046231, 0.00244458, 0.00546702
-0.996036, 0.076921, 0.0446801
-0.0786796, -0.996136, -0.0390301
0.0415052, -0.0423908, 0.998239

236
-0.00320202, 0.0384067, -0.00763904
0.999997, -0.00232632, -0.00069444
0.00124242, 0.736117, -0.676854
0.00208577, 0.676851, 0.736117

237
0.0414423, -0.0243539, 0.0424057
0.999845, -0.00598223, -0.0165666
0.0168805, 0.0569204, 0.998236
-0.0050287, -0.998361, 0.0570126

238
-0.0217528, -0.00145361, 0.0198618
-0.00246901, 0.999981, -0.00562831
0.45386, 0.00613581, 0.891052
0.89107, -0.000354444, -0.453866

239
0.0466711, -0.00721822, -0.00505397
0.924674, 0.185143, 0.332715
0.0152925, 0.855058, -0.518307
-0.380452, 0.484353, 0.787819

240
0.00314802, 0.0185275, 0.0308235
0.999934, -0.00440522, -0.0106017
0.00701688, 0.965401, 0.260676
0.0090866, -0.260733, 0.965368

241
-0.015728, 0.0219821, -0.0214914
0.999944, 0.0104525, -0.00185692
-0.00644804, 0.459029, -0.888398
-0.00843357, 0.88836, 0.459071

242
0.0382435, -0.0328357, 0.0348444
0.999917, -0.00746964, -0.0105228
0.00924458, -0.154295, 0.987982
-0.00900348, -0.987997, -0.154213

243
0.0295393, -0.00565606, -0.0176151
0.0207117, 0.999216, -0.0337439
-0.537376, -0.0173352, -0.843165
-0.843088, 0.0355965, 0.536596

244
0.0359689, -0.00946046, 0.0441367
0.999946, -0.000527932, -0.0103847
0.00882238, 0.571658, 0.820444
0.00550339, -0.820492, 0.571632

245
-0.025452, 0.0515053, 0.0379925
-0.999244, 0.0367001, -0.0128269
-0.0116649, 0.0317039, 0.999429
0.0370858, 0.998823, -0.0312518

246
0.019053, -0.0190928, -0.0504189
0.0351913, 0.970956, -0.236654
0.114386, -0.239158, -0.96422
-0.992813, 0.00686219, -0.11948

247
-0.0362042, -0.0423838, -0.0272437
0.999935, -0.00194036, -0.0112309
0.0112128, 0.344025, 0.938893
0.0020419, -0.938958, 0.344025

248
-0.0930386, -0.0151798, 0.00879985
-0.0225457, 0.0247006, -0.999441
0.934729, -0.354106, -0.0298374
-0.354645, -0.934879, -0.0151048

249
0.0568098, -0.00152885, -0.0761371
-0.00361073, 0.999993, -0.000608097
0.933838, 0.00315435, -0.357682
-0.357677, -0.00185936, -0.933843

250
-0.00347314, 0.0133156, 0.0273798
0.999935, -4.71323e-05, 0.0114049
0.0109059, 0.296513, -0.954966
-0.00333668, 0.955029, 0.296494

251
0.0242472, 0.0515528, -0.0435353
0.999939, -0.0110748, 0.000133391
0.000334844, 0.0181904, -0.999834
0.0110705, 0.999773, 0.018193

252
0.0280943, 0.000430594, -0.0113559
-0.0284573, 0.999538, -0.0106748
-0.36137, -0.0202441, -0.932203
-0.931988, -0.0226705, 0.361779

253
0.051702, -0.0445423, 0.00173361
0.924674, 0.185143, 0.332715
-0.258206, 0.947107, 0.190574
-0.279833, -0.262128, 0.92357

254
-0.0503462, 0.0550129, 0.00103494
0.00140669, 0.0106274, -0.999943
-0.82903, 0.559184, 0.00477674
0.559203, 0.828975, 0.00959699

255
-0.0493355, -0.0410435, -0.0129672
0.997957, -0.0446664, 0.0456742
-0.0502756, -0.990223, 0.130122
0.0394155, -0.132152, -0.990445

256
0.0351808, 0.0208564, -0.0332822
0.999946, -0.000527932, -0.0103847
0.00170829, -0.9768, 0.214149
-0.0102569, -0.214155, -0.976746

257
0.0301451, 0.0245571, -0.0437427
0.999959, -0.00902403, -0.000392451
-0.000265666, 0.0140466, -0.999901
0.00902866, 0.999861, 0.0140436

258
0.00212435, 0.00665036, -0.0607921
0.999934, -0.00440522, -0.0106017
0.00146351, -0.867008, 0.498293
-0.0113869, -0.498275, -0.866944

259
-0.0410386, 0.0679744, 0.00968192
-0.0225457, 0.0247006, -0.999441
-0.72786, 0.684914, 0.0333465
0.685355, 0.728205, 0.00253671

260
-0.0036654, -0.0274228, 0.0384672
0.999972, -0.0072308, 0.00217008
-0.00232684, -0.0217416, 0.999761
-0.00718189, -0.999737, -0.0217578

261
0.0537309, 0.0132711, 0.000161601
0.00520787, -0.00661434, -0.999965
-0.954158, -0.299287, -0.00298966
-0.299257, 0.95414, -0.00786977

262
0.0968388, -0.00415113, 0.0142881
-0.000675843, -0.999923, -0.012423
-0.505371, 0.0110614, -0.862831
0.862902, 0.00569509, -0.50534

263
-0.0471512, -0.0243467, -0.0471982
0.999229, 0.0248048, -0.0304396
0.0317511, -0.0543193, 0.998019
0.0231022, -0.998215, -0.055065

264
-0.0283204, -0.0236207, -0.00550011
0.000768472, -0.0141592, 0.999899
-0.02371, -0.999619, -0.014137
0.999719, -0.0236968, -0.00110389

265
-0.0318054, -0.0630235, -0.0382145
-0.999536, -0.0291441, 0.00883282
-0.00512836, -0.124816, -0.992167
0.0300183, -0.991752, 0.124609

266
-0.015489, 0.0181822, -0.0506104
0.999992, 0.00382292, 0.00113492
0.00159765, -0.123305, -0.992368
-0.0036538, 0.992361, -0.12331

267
-0.0851589, 0.00490597, -0.00186317
0.0182617, -0.000463174, 0.999833
0.786711, 0.617161, -0.0140832
-0.617051, 0.786837, 0.0116348

268
0.0207376, -0.0233252, 0.00789285
0.999998, -0.00195966, -0.000568003
0.00184156, 0.986754, -0.162215
0.000878366, 0.162214, 0.986755

269
0.0355763, -0.0176558, 0.00675825
0.999946, -0.000527932, -0.0103847
0.0101298, -0.175952, 0.984347
-0.00234688, -0.984399, -0.175937

270
-0.0503694, -0.00674223, -0.00114683
-0.996592, 0.06043, 0.0561526
-0.0245978, -0.867432, 0.496948
0.0787392, 0.493873, 0.865962

271
0.0148269, 0.0261656, -0.0139211
0.999994, -0.00331921, -5.74798e-05
0.00198077, 0.610473, -0.792034
0.00266402, 0.79203, 0.610476

272
0.032345, -0.0079004, -0.0748212
0.999956, -0.00156493, -0.0092088
-0.00621352, -0.847552, -0.530676
-0.00697447, 0.53071, -0.847525

273
0.0260409, -0.0543024, -0.021324
0.999884, 0.00198851, -0.015087
0.00781914, -0.917673, 0.397259
-0.013055, -0.397331, -0.917583

274
-0.0153269, -0.0259956, 0.0054955
0.999984, 0.00559397, 0.000139109
-0.00558052, 0.998793, -0.0488066
-0.000411964, 0.048805, 0.998808

275
0.0354278, 0.00472168, 0.00521186
0.999952, -0.00879639, 0.00431915
0.00823132, 0.993111, 0.11689
-0.00531761, -0.116849, 0.993135

276
0.0459581, -0.00144562, 0.00267112
-0.00241532, 0.999997, -0.000651304
-0.942318, -0.002494, -0.334711
-0.334711, -0.000194697, 0.942321

277
0.0381003, 0.00462033, -0.00663491
0.99992, -0.00632052, -0.0109127
-0.0042661, -0.983851, 0.178937
-0.0118675, -0.178876, -0.9838

278
-0.0483079, 0.0152029, -0.00253147
0.0182617, -0.000463174, 0.999833
0.99261, -0.119979, -0.0181853
0.119968, 0.992776, -0.00173127

279
-0.0327964, 0.0162714, -0.00568443
-0.00230043, 0.0166212, 0.999859
0.414167, -0.910059, 0.0160813
0.910198, 0.414146, -0.00479044

280
-0.00318864, 0.0545201, -0.0423496
0.999997, -0.00232632, -0.00069444
-0.000596341, 0.0419074, -0.999121
0.00235338, 0.999119, 0.0419059

281
0.0200601, -0.00694533, -0.00403174
0.99992, 0.00578535, -0.0112847
-0.000484088, -0.871809, -0.489845
-0.0126721, 0.489811, -0.871736

282
0.0380944, 0.00478711, -0.00603445
0.999917, -0.00746964, -0.0105228
-0.00478039, -0.971836, 0.23561
-0.0119864, -0.23554, -0.971791

283
0.00254342, -0.0180205, -0.0110151
0.999934, -0.00440522, -0.0106017
0.0110802, 0.128557, 0.99164
-0.00300546, -0.991692, 0.128597

284
-0.0213854, -0.0231305, -0.00381845
-0.999508, 0.0296337, -0.0102424
0.031314, 0.926999, -0.373755
-0.0015811, -0.373892, -0.927471

285
0.0406384, 0.00507286, -0.0748371
-0.999718, 0.0204073, 0.012133
0.0108738, 0.847861, -0.530107
-0.0211052, -0.529825, -0.847844

286
-0.00590835, 0.0226797, -0.00810372
0.999885, -0.0147184, 0.00368104
-0.0129164, -0.953096, -0.302393
0.00795914, 0.302311, -0.953176

287
-0.00032381, -0.0306981, 0.0073681
0.999999, -0.0011856, 0.000865661
-0.00142566, -0.643739, 0.765244
-0.000350015, -0.765244, -0.64374

288
-0.00971434, 0.0245529, -0.0158136
0.999929, 0.0116573, -0.00243857
-0.00867434, 0.572566, -0.819813
-0.00816054, 0.819776, 0.572627

289
-0.0226635, 0.00546856, 0.0216649
0.0158508, 0.997023, -0.0754598
0.359901, 0.0647217, 0.930743
0.932856, -0.0419111, -0.357803

290
-0.0493768, 0.00918927, -0.0208313
-0.940894, 0.3105, 0.135308
0.00867633, -0.377264, 0.926065
0.33859, 0.872503, 0.352271

291
-0.0423213, -0.0123627, 0.00454109
-0.327679, 0.932332, 0.152914
-0.612093, -0.332783, 0.717355
0.7197, 0.141465, 0.67972

292
0.0452345, 0.00427715, 0.00202593
-0.99805, -0.0178137, -0.0598261
