0
0.0245418, -0.055196, 0.0336374
0.036525, -0.0178478, -0.999173
0.982116, -0.184153, 0.0391909
-0.184701, -0.982735, 0.0108024

1
-0.00423167, 0.0312264, -0.0462367
0.0332238, 0.0116152, 0.99938
0.992287, 0.119103, -0.0343722
-0.119428, 0.992814, -0.00756859

2
-0.0320781, -0.0282759, -0.0775227
0.0510889, -0.0323096, -0.998171
0.615808, -0.785835, 0.0569551
-0.786238, -0.617592, -0.0202509

3
-0.0194327, -0.028113, -0.00925057
0.00832899, -0.00156501, -0.999964
0.83912, -0.54389, 0.0078405
-0.543883, -0.839155, -0.00321682

4
0.0203792, 0.00327277, -0.0775079
0.0450128, 0.0262593, 0.998641
0.487348, -0.873207, 0.000994301
0.872047, 0.486641, -0.0521029

5
-0.0256742, -0.000818515, -0.00869045
0.00272204, 0.00527612, 0.999982
-0.315202, 0.949016, -0.00414921
-0.949021, -0.315185, 0.0042463

6
-0.00901357, 0.0152325, -0.0777505
0.0510889, -0.0323096, -0.998171
-0.786238, -0.617592, -0.0202509
-0.615808, 0.785835, -0.0569551

7
-0.0171791, 0.0121352, -0.00929479
0.00832899, -0.00156501, -0.999964
-0.543883, -0.839155, -0.00321682
-0.83912, 0.54389, -0.0078405

8
-0.0319293, -0.0409504, -0.0480567
-0.0362486, 0.000689453, -0.999343
0.997169, 0.065946, -0.0361243
0.0658777, -0.997823, -0.00307795

9
-0.0426666, 0.0107286, 0.0304495
-0.000103068, 0.0270645, 0.999634
0.334546, 0.942035, -0.0254706
-0.942379, 0.334421, -0.00915142

10
-0.0306934, -0.0528532, -0.059685
0.0458682, 0.00854173, 0.998911
-0.994831, -0.0902977, 0.046453
0.0905961, -0.995878, 0.00435579

11
0.0346895, -0.0125234, 0.00714155
0.0153295, -0.00978883, -0.999835
0.201768, 0.979412, -0.00649536
0.979313, -0.201635, 0.016989

12
-0.00218622, -0.0580686, -0.0851139
0.0775607, -0.0279166, -0.996597
0.796788, -0.5991, 0.0787924
-0.599261, -0.800187, -0.024223

13
0.00514859, -0.0330462, -0.0181428
0.00840505, 0.00274439, 0.999961
-0.972064, -0.234552, 0.00881428
0.234567, -0.9721, 0.000696299

14
0.0353293, -0.0148043, 0.0105156
0.0206818, -0.0133485, -0.999697
0.185599, 0.982582, -0.00928028
0.982408, -0.185351, 0.022799

15
0.0389726, -0.0013826, -0.060739
-0.00727285, 0.018939, -0.999794
-0.0410157, 0.998974, 0.0192218
0.999132, 0.041147, -0.00648859

16
-0.0339466, 0.0167018, 0.0299964
-0.0654679, 0.038549, 0.99711
0.530966, 0.847391, 0.00210125
-0.844861, 0.529569, -0.0759451

17
0.01638, 0.00566832, -0.0183435
0.00840505, 0.00274439, 0.999961
0.234567, -0.9721, 0.000696299
0.972064, 0.234552, -0.00881428

18
-0.00712982, -0.0204432, -0.0862159
-0.0580063, -0.02208, 0.998072
-0.886989, 0.459934, -0.0413754
-0.458133, -0.887679, -0.0462637

19
-0.00923807, -0.0308893, -0.0393504
-0.0338114, -0.00498181, -0.999416
0.972638, -0.230144, -0.0317583
-0.229851, -0.973144, 0.012627

20
-0.034564, -0.0264423, 0.0830906
0.347239, -0.0949625, -0.932956
0.722855, -0.606677, 0.330793
-0.597416, -0.789256, -0.142018

21
0.0228315, -0.027688, -0.0368671
0.0224878, 0.0144516, 0.999643
-0.742437, -0.669396, 0.026379
0.669538, -0.742765, -0.00432383

22
0.02235, 0.0264051, -0.0346306
-0.0293913, -0.00601505, -0.99955
-0.782491, 0.622364, 0.0192635
0.621968, 0.782705, -0.0229988

23
0.00773516, 0.0181287, -0.0773286
0.0450128, 0.0262593, 0.998641
0.783969, -0.620509, -0.0190203
0.619166, 0.78376, -0.0485173

24
-0.0160311, -0.0177775, -0.00862722
0.00272204, 0.00527612, 0.999982
-0.654383, 0.75616, -0.00220838
-0.756158, -0.654365, 0.0055109

25
-0.00580896, -0.0310906, -0.0337239
-0.0196566, -0.00434315, 0.999797
-0.995468, 0.0931462, -0.0191669
-0.0930441, -0.995643, -0.00615441

26
0.0357992, 0.000201583, -0.0121111
0.00012266, 0.00831754, 0.999965
-0.111054, -0.99378, 0.00827971
0.993814, -0.111051, 0.000801795

27
-0.0298526, 0.0323139, -0.0833175
-0.0537537, -0.017866, 0.998394
0.226235, 0.973623, 0.0296032
-0.972589, 0.227463, -0.048294

28
-0.0228623, 0.0297275, -0.00633219
-0.00591783, 0.00736303, 0.999955
0.769663, 0.63845, -0.000146204
-0.638423, 0.769628, -0.00944529

29
-0.0230913, -0.0300507, -0.076208
-0.0288573, 0.0256893, -0.999253
0.801115, -0.597271, -0.0384902
-0.597814, -0.801628, -0.00334443

30
0.0322447, -0.0167925, -0.0182603
0.00586139, 0.00929189, 0.99994
-0.477299, -0.878672, 0.0109628
0.878721, -0.477335, -0.000715229

31
0.0158242, -0.0587072, -0.0851973
0.0896356, -0.00685847, -0.995951
0.929003, -0.35992, 0.0860888
-0.359053, -0.932958, -0.0258901

32
-0.010786, -0.0561908, -0.084932
0.0670712, -0.038687, -0.996998
0.699725, -0.710502, 0.0746427
-0.711256, -0.702631, -0.020584

33
0.0105465, 0.0291122, -0.0248512
-0.0195525, -0.00652181, -0.999788
-0.886673, 0.462175, 0.0143255
0.461983, 0.886765, -0.0148194

34
-0.0401567, 0.0213639, 0.0301619
-0.000103068, 0.0270645, 0.999634
-0.0515529, 0.998304, -0.0270339
-0.99867, -0.0515368, 0.00129236

35
0.0321953, 0.0135041, -0.0494873
-0.031436, 0.00406576, -0.999497
-0.473993, 0.880335, 0.0184889
0.879967, 0.474336, -0.025747

36
-0.0445652, -0.00291596, -0.0831721
0.0217804, -0.0502443, -0.998499
0.123183, -0.990991, 0.0525535
-0.992145, -0.124143, -0.0153949

37
0.0381351, 0.00203996, -0.0117737
0.00334711, 0.000645573, -0.999994
-0.12189, 0.992544, 0.000232782
0.992538, 0.121888, 0.00340084

38
-0.00584406, -0.0305338, -0.0241416
-0.0195525, -0.00652181, -0.999788
0.995972, -0.0876438, -0.0189061
-0.0875018, -0.996131, 0.0082092

39
-0.0274474, -0.0141524, 0.0230996
0.577769, 0.0423324, -0.815102
-0.137798, -0.97926, -0.148533
-0.804484, 0.198137, -0.559952

40
-0.0263722, 0.0234424, -0.0402044
-0.0243712, -0.00796252, 0.999671
0.673191, 0.739133, 0.0222992
-0.739067, 0.673513, -0.0126533

41
-0.0391873, -0.0122182, -0.0603757
-0.00727285, 0.018939, -0.999794
0.420245, -0.907185, -0.0202417
-0.907382, -0.420306, -0.00136118

42
0.0367068, 0.00502081, 0.00700071
0.0153295, -0.00978883, -0.999835
-0.188357, 0.982021, -0.0125023
0.981981, 0.188518, 0.0132101

43
0.0021102, -0.0303993, -0.0336936
-0.0293913, -0.00601505, -0.99955
0.993102, 0.113378, -0.029884
0.113507, -0.993534, 0.00264122

44
-0.0207882, -0.0315371, 0.0887364
0.347239, -0.0949625, -0.932956
0.896452, -0.258461, 0.359961
-0.275316, -0.961343, -0.00461842

45
-0.0217488, 0.0038308, 0.0280729
0.577769, 0.0423324, -0.815102
-0.435172, -0.828894, -0.351511
-0.690514, 0.557801, -0.460487

46
0.0264105, -0.0240794, -0.0274149
0.0119563, 0.0135164, 0.999837
-0.691799, -0.721865, 0.0180313
0.721991, -0.691902, 0.000719789

47
0.0402132, 0.0303678, -0.0842914
0.0775607, -0.0279166, -0.996597
-0.965463, 0.247278, -0.0820644
0.248728, 0.968542, -0.0077734

48
0.00362313, 0.0287959, -0.0182997
0.00840505, 0.00274439, 0.999961
0.987835, -0.155309, -0.00787688
0.155281, 0.987862, -0.00401638

49
0.0218828, -0.0297903, -0.0847366
-0.0580063, -0.02208, 0.998072
-0.762696, -0.644099, -0.0585758
0.644151, -0.764623, 0.0205215

50
0.00362313, 0.0287959, -0.0182997
0.00840505, 0.00274439, 0.999961
0.987835, -0.155309, -0.00787688
0.155281, 0.987862, -0.00401638

51
-0.0165882, 0.0226148, -0.088826
0.0535649, 0.0444077, 0.997576
0.992783, 0.104981, -0.0579808
-0.107302, 0.993482, -0.0384638

52
0.0113668, 0.018034, -0.0278043
0.0119563, 0.0135164, 0.999837
0.721991, -0.691902, 0.000719789
0.691799, 0.721865, -0.0180313

53
0.0146014, -0.0131958, -0.00527036
-0.0114867, 0.0144999, 0.999829
-0.0829006, -0.996466, 0.0134987
0.996492, -0.0827313, 0.0126481

54
-0.0206417, 0.0165063, -0.0773067
0.0149315, -0.0467444, -0.998795
-0.872508, -0.488501, 0.00981861
-0.488371, 0.871311, -0.0480789

55
0.0171686, -0.0138247, -0.0182966
0.00840505, 0.00274439, 0.999961
-0.155281, -0.987862, 0.00401638
0.987835, -0.155309, -0.00787688

56
-0.0204963, -0.00569535, -0.088006
0.0775607, -0.0279166, -0.996597
-0.248728, -0.968542, 0.0077734
-0.965463, 0.247278, -0.0820644

57
0.0306304, -0.0254694, -0.0772142
0.0450128, 0.0262593, 0.998641
-0.619166, -0.78376, 0.0485173
0.783969, -0.620509, -0.0190203

58
-0.0270832, 0.0255562, -0.00882577
0.00272204, 0.00527612, 0.999982
0.756158, 0.654365, -0.0055109
-0.654383, 0.75616, -0.00220838

59
-0.0102835, -0.0196825, -0.0831943
-0.0537537, -0.017866, 0.998394
-0.811978, 0.582737, -0.0332891
-0.581207, -0.812464, -0.0458311

60
0.00692267, 0.0197225, -0.0122699
0.00012266, 0.00831754, 0.999965
0.875666, -0.482901, 0.00390927
0.482917, 0.875636, -0.00734262

61
-0.0381476, -0.0142421, 0.0965799
0.319715, -0.562679, 0.762348
0.164326, 0.825313, 0.540237
-0.933156, -0.0474483, 0.356327

62
0.0403228, -0.0110623, -0.0903826
0.0535649, 0.0444077, 0.997576
-0.280788, -0.958033, 0.0577242
0.958274, -0.283199, -0.0388478

63
0.0139306, -0.0140227, 0.0466238
-0.0893576, 0.0145282, 0.995894
-0.15993, -0.987128, 5.05013e-05
0.983076, -0.159268, 0.0905309

64
0.021507, -0.0254417, 0.00770958
-0.026582, 0.00775091, 0.999617
-0.697469, -0.716497, -0.0129916
0.716122, -0.697547, 0.0244519

65
-0.0107714, -0.0214288, 0.0329922
-0.0654679, 0.038549, 0.99711
-0.844861, 0.529569, -0.0759451
-0.530966, -0.847391, -0.00210125

66
0.0146079, -0.0127917, -0.0436144
0.0346306, 0.00403597, 0.999392
-0.0744659, -0.997202, 0.00660749
0.996622, -0.0746494, -0.0342331

67
0.0143606, 0.00784188, -0.094868
-0.0992794, 0.00439666, -0.99505
0.0820078, 0.996625, -0.00377857
0.991675, -0.081977, -0.0993049

68
0.012395, 0.0061856, -0.00557678
-0.0114867, 0.0144999, 0.999829
0.304751, -0.952275, 0.0173114
0.952363, 0.304897, 0.0065196

69
-0.00208824, 0.0225371, -0.0773116
0.0149315, -0.0467444, -0.998795
-0.992984, -0.11788, -0.00932779
-0.117302, 0.991927, -0.0481765

70
-0.0380458, 0.00986378, 0.0780992
0.347239, -0.0949625, -0.932956
-0.275316, -0.961343, -0.00461842
-0.896452, 0.258461, -0.359961

71
0.020884, -0.00134939, -0.037204
0.0224878, 0.0144516, 0.999643
0.334454, -0.942392, 0.0061001
0.942144, 0.334198, -0.0260257

72
-0.0218746, 0.0298217, -0.0123504
0.00012266, 0.00831754, 0.999965
0.78126, 0.624184, -0.00528768
-0.624206, 0.781233, -0.00642159

73
0.0170948, -0.033106, -0.0819605
-0.0537537, -0.017866, 0.998394
-0.847696, -0.527615, -0.0550816
0.527752, -0.849296, 0.0132164

74
0.000110588, 0.0200303, -0.0991212
0.523334, -0.307501, 0.794711
0.802458, -0.13591, -0.581024
0.286675, 0.941792, 0.175631

75
-0.0144967, -0.00911618, 0.0237264
0.0624165, -0.0095903, 0.998004
-0.419793, 0.906946, 0.0349697
-0.905471, -0.421138, 0.0525824

76
0.020348, 0.0158801, -0.0554273
0.00514811, 0.0324193, 0.999461
0.859313, -0.511306, 0.0121589
0.511424, 0.858787, -0.0304906

77
0.0132491, 0.00547137, 0.0462783
-0.0893576, 0.0145282, 0.995894
0.228451, -0.972937, 0.0346913
0.969446, 0.230613, 0.0836203

78
-0.0442008, 0.0089545, -0.0675687
-0.0262308, -0.0182319, 0.99949
0.24581, 0.969018, 0.0241272
-0.968963, 0.246318, -0.0209365

79
0.000254503, -0.0176013, 0.0632938
-0.617045, 0.311874, -0.722489
0.631487, 0.744071, -0.218134
0.469553, -0.590841, -0.656069

80
0.017432, 0.0116096, -0.034397
-0.0293913, -0.00601505, -0.99955
-0.113507, 0.993534, -0.00264122
0.993102, 0.113378, -0.029884

81
0.0149322, 0.0350071, 0.0734674
-0.617045, 0.311874, -0.722489
-0.192151, 0.83061, 0.522653
0.763108, 0.461327, -0.452596

82
0.0184787, 0.0298296, -0.0405908
-0.0338114, -0.00498181, -0.999416
-0.81064, 0.585031, 0.0245087
0.584567, 0.810995, -0.0238192

83
-0.0199856, -0.056673, -0.00503719
-0.0114867, 0.0144999, 0.999829
-0.952363, -0.304897, -0.0065196
0.304751, -0.952275, 0.0173114

84
0.00361294, 0.0164876, 0.0613759
-0.0926539, 0.228556, 0.969112
0.691177, -0.685835, 0.227829
0.716722, 0.690937, -0.094427

85
-0.0444265, -0.00260605, -0.0767678
0.0149315, -0.0467444, -0.998795
0.117302, -0.991927, 0.0481765
-0.992984, -0.11788, -0.00932779

86
-0.000361383, -0.0185784, -0.0849041
-0.95839, -0.285358, -0.00776059
0.238257, -0.784633, -0.57235
0.157236, -0.550383, 0.819973

87
-0.0280762, 0.0242807, -0.0527775
-0.0380708, -0.0073802, 0.999248
0.651415, 0.758111, 0.0304178
-0.757766, 0.652083, -0.0240543

88
0.0288966, -0.0270088, -0.0663064
-0.0262308, -0.0182319, 0.99949
-0.597905, -0.800994, -0.0303027
0.801137, -0.598395, 0.0101097

89
-0.0148744, 0.0109923, 0.0316201
0.0256827, -0.0146286, -0.999563
-0.521237, -0.853412, -0.000902881
-0.853026, 0.521032, -0.0295429

90
0.0145301, -0.0333992, -0.0619279
0.0458682, 0.00854173, 0.998911
-0.884434, -0.46453, 0.0445838
0.464405, -0.885516, -0.0137525

91
0.0331545, -0.00111385, 0.00700631
0.0153295, -0.00978883, -0.999835
0.561177, 0.827696, 0.000500465
0.827554, -0.561092, 0.0181814

92
0.0108987, 0.0154105, -0.0372217
0.0224878, 0.0144516, 0.999643
0.669538, -0.742765, -0.00432383
0.742437, 0.669396, -0.026379

93
-0.0293659, 0.0272746, 0.0795576
0.347239, -0.0949625, -0.932956
-0.597416, -0.789256, -0.142018
-0.722855, 0.606677, -0.330793

94
-0.0160145, 0.00108633, 0.0311896
0.0379859, -0.00359405, -0.999272
-0.0829889, -0.99655, 0.000429559
-0.995826, 0.0829121, -0.0381531

95
0.0203912, -0.00610415, -0.0466214
0.0332238, 0.0116152, 0.99938
0.119428, -0.992814, 0.00756859
0.992287, 0.119103, -0.0343722

96
0.0055803, -0.0168185, 0.036105
0.0642573, -0.0282034, -0.997535
0.814871, 0.578514, 0.0361344
0.576069, -0.815184, 0.0601559

97
0.014077, -0.00966604, 0.0302727
0.0603828, -0.0200637, -0.997974
0.372656, 0.927962, 0.00389157
0.926003, -0.372135, 0.0635097

98
0.000871338, -0.0226865, -0.0119144
0.00334711, 0.000645573, -0.999994
0.992538, 0.121888, 0.00340084
0.12189, -0.992544, -0.000232782

99
-0.00238231, 0.0224903, -0.0835304
0.0217804, -0.0502443, -0.998499
-0.992145, -0.124143, -0.0153949
-0.123183, 0.990991, -0.0525535

100
-0.00201239, 0.0283174, -0.00606327
-0.0114867, 0.0144999, 0.999829
0.996492, -0.0827313, 0.0126481
0.0829006, 0.996466, -0.0134987

101
0.0376348, 0.014792, -0.0763553
0.0149315, -0.0467444, -0.998795
-0.488371, 0.871311, -0.0480789
0.872508, 0.488501, -0.00981861

102
0.0113094, -0.0301974, -0.0020355
-0.0148949, 0.0144441, 0.999785
-0.864065, -0.50335, -0.00560092
0.503161, -0.863962, 0.019978

103
0.0417804, -0.00976733, -0.093492
0.0546281, 0.041845, 0.99763
-0.199103, -0.978601, 0.0519493
0.978455, -0.201468, -0.0451277

104
0.0373813, 0.0149982, -0.0822861
0.0217804, -0.0502443, -0.998499
-0.493484, 0.868049, -0.0544445
0.869482, 0.493929, -0.00588829

105
-0.0388914, -0.0150882, -0.0120426
0.00334711, 0.000645573, -0.999994
0.492439, -0.870346, 0.00108638
-0.87034, -0.49244, -0.00323105

106
0.00591428, -0.0324754, -0.0086094
0.00272204, 0.00527612, 0.999982
-0.949021, -0.315185, 0.0042463
0.315202, -0.949016, 0.00414921

107
-0.0165557, 0.0284682, -0.0765056
0.0450128, 0.0262593, 0.998641
0.872047, 0.486641, -0.0521029
-0.487348, 0.873207, -0.000994301

108
-0.0341203, -0.0179441, 0.00912074
0.0206818, -0.0133485, -0.999697
0.563429, -0.825853, 0.0226835
-0.825905, -0.563728, -0.0095592

109
-0.0360977, -0.00983309, -0.0603529
-0.00727285, 0.018939, -0.999794
0.735495, -0.677286, -0.01818
-0.677491, -0.735476, -0.00900372

110
0.0106981, 0.00769159, 0.00716524
-0.026582, 0.00775091, 0.999617
0.3947, -0.918641, 0.017619
0.918425, 0.395017, 0.02136

111
-0.015329, 0.00314839, 0.0311377
0.036525, -0.0178478, -0.999173
-0.184701, -0.982735, 0.0108024
-0.982116, 0.184153, -0.0391909

112
0.0146353, 0.012238, -0.049709
-0.0362486, 0.000689453, -0.999343
-0.0658777, 0.997823, 0.00307795
0.997169, 0.065946, -0.0361243

113
0.0331059, -0.0380038, -0.0392438
-0.0243712, -0.00796252, 0.999671
-0.998617, -0.0464003, -0.0247151
0.0465819, -0.998891, -0.00682068

114
0.0216388, 0.00739669, -0.0184229
0.00586139, 0.00929189, 0.99994
0.629178, -0.777253, 0.00353451
0.777239, 0.629119, -0.010402

115
-0.0160077, -0.0132845, -0.0883749
0.0896356, -0.00685847, -0.995951
0.0237922, -0.999676, 0.00902542
-0.99569, -0.0245049, -0.0894434

116
0.00664181, 0.0198743, -0.0184509
0.00586139, 0.00929189, 0.99994
0.878721, -0.477335, -0.000715229
0.477299, 0.878672, -0.0109628

117
-0.0126733, 0.00593673, -0.0882072
0.0896356, -0.00685847, -0.995951
-0.359053, -0.932958, -0.0258901
-0.929003, 0.35992, -0.0860888

118
-0.0203729, 0.0446721, -0.0609928
0.0458682, 0.00854173, 0.998911
0.953774, -0.297682, -0.04125
0.297005, 0.954627, -0.021801

119
-0.0144619, -0.00931564, -0.040175
-0.0243712, -0.00796252, 0.999671
-0.42519, 0.905098, -0.00315658
-0.904776, -0.425127, -0.0254439

120
-0.000172376, -0.023008, -0.0608638
-0.00727285, 0.018939, -0.999794
0.999132, 0.041147, -0.00648859
0.0410157, -0.998974, -0.0192218

121
-0.0175031, -0.0251884, 0.00956125
0.0206818, -0.0133485, -0.999697
0.982408, -0.185351, 0.022799
-0.185599, -0.982582, 0.00928028

122
-0.00829447, 0.0288425, 0.0063261
-0.0279926, 0.0100466, 0.999558
0.989225, 0.144029, 0.0262556
-0.143702, 0.989522, -0.0139701

123
-0.0120625, 0.0118958, -0.0878424
0.0775607, -0.0279166, -0.996597
-0.599261, -0.800187, -0.024223
-0.796788, 0.5991, -0.0787924

124
0.01638, 0.00566832, -0.0183435
0.00840505, 0.00274439, 0.999961
0.234567, -0.9721, 0.000696299
0.972064, 0.234552, -0.00881428

125
0.0224349, 0.026349, 0.0195967
0.0370517, -0.0267354, -0.998956
-0.765597, 0.641705, -0.0455705
0.642253, 0.766486, 0.00330773

126
-0.00109762, -0.0132706, -0.146059
-0.994881, 0.0996241, 0.0169366
0.0880203, 0.936641, -0.339051
-0.0496412, -0.335825, -0.940615

127
-0.0379603, 0.0156818, -0.0551205
0.00514811, 0.0324193, 0.999461
0.511424, 0.858787, -0.0304906
-0.859313, 0.511306, -0.0121589

128
-0.0140059, -0.0100471, 0.0327739
-0.0740012, -1.1088e-05, 0.997258
-0.438551, 0.898117, -0.0325325
-0.895654, -0.439756, -0.0664666

129
0.0321542, -0.0161968, -0.00566844
-0.00591783, 0.00736303, 0.999955
-0.466762, -0.884375, 0.00374963
0.884363, -0.466719, 0.00867036

130
0.0337673, 0.0212253, -0.0765318
-0.0288573, 0.0256893, -0.999253
-0.51136, 0.858576, 0.0368402
0.858882, 0.512042, -0.0116397

131
0.0147548, -0.0113893, 0.00742107
-0.026582, 0.00775091, 0.999617
0.0131893, -0.99988, 0.00810368
0.99956, 0.0133996, 0.0264766

132
6.95856e-05, 0.0145785, -0.145701
0.700725, -0.712714, -0.031977
-0.303077, -0.256804, -0.917712
0.645855, 0.652756, -0.395956

133
0.00129992, 0.0335635, 0.0656833
-0.0351477, 0.0318616, -0.998874
-0.611502, 0.789863, 0.0467118
0.790462, 0.612456, -0.00827842

134
0.0215099, -0.0106494, -0.0492495
-0.031436, 0.00406576, -0.999497
0.631595, 0.775119, -0.0167117
0.774661, -0.631803, -0.0269345

135
-0.00695045, -0.023161, 0.0313708
-0.000103068, 0.0270645, 0.999634
-0.942379, 0.334421, -0.00915142
-0.334546, -0.942035, 0.0254706

136
0.0255369, -0.0289172, -0.0511277
-0.0380708, -0.0073802, 0.999248
-0.996441, -0.074973, -0.0385176
0.0752009, -0.997158, -0.00449966

137
0.0179159, 0.0419901, 0.0885214
0.054303, 0.349366, -0.935411
-0.466634, 0.837086, 0.285554
0.882782, 0.420988, 0.208482

138
0.0387126, 0.0131991, 0.026821
0.0450958, -0.0309571, -0.998503
-0.376625, 0.925238, -0.0456953
0.925268, 0.378122, 0.0300652

139
-0.0211556, -0.00168263, -0.0877447
0.0670712, -0.038687, -0.996998
-0.389342, -0.921044, 0.0095474
-0.918648, 0.387533, -0.076838

140
0.0175755, 0.00755854, -0.0248481
-0.0195525, -0.00652181, -0.999788
0.0875018, 0.996131, -0.0082092
0.995972, -0.0876438, -0.0189061

141
0.00114074, -0.0248837, -0.101322
-0.0314786, -0.0590036, -0.997761
0.615794, 0.78515, -0.0658584
0.787278, -0.616489, 0.0116187

142
-0.0136522, -0.0129886, -0.0557973
-0.039593, -0.0090465, 0.999175
-0.558469, 0.829396, -0.0146204
-0.82858, -0.558587, -0.0378905

143
0.00611493, 0.0201595, -0.00609024
-0.00591783, 0.00736303, 0.999955
0.884363, -0.466719, 0.00867036
0.466762, 0.884375, -0.00374963

144
0.00534486, -0.0189881, -0.0767448
-0.0288573, 0.0256893, -0.999253
0.858882, 0.512042, -0.0116397
0.51136, -0.858576, -0.0368402

145
0.00901708, -0.0109157, -0.0944178
-0.0992794, 0.00439666, -0.99505
0.455263, 0.88939, -0.0414933
0.884805, -0.457129, -0.0902997

146
0.0107235, 0.0105277, 0.00704278
-0.0279926, 0.0100466, 0.999558
0.511323, -0.859082, 0.0229542
0.858933, 0.511739, 0.0189109

147
0.00173197, 0.0188708, -0.0925002
0.0546281, 0.041845, 0.99763
0.978455, -0.201468, -0.0451277
0.199103, 0.978601, -0.0519493

148
0.0101753, -0.00369252, 0.0644395
-0.211267, 0.0283145, -0.977018
0.135651, 0.990756, -0.000620105
0.96797, -0.132665, -0.213155

149
0.0171068, 0.00516294, -0.0914433
-0.0909155, 0.00542786, -0.995844
0.135485, 0.990755, -0.00696899
0.986599, -0.135556, -0.0908104

150
-0.0351984, 0.02279, -0.0837757
-0.0537537, -0.017866, 0.998394
0.581207, 0.812464, 0.0458311
-0.811978, 0.582737, -0.0332891

151
0.032291, -0.0171062, -0.0119667
0.00012266, 0.00831754, 0.999965
-0.482917, -0.875636, 0.00734262
0.875666, -0.482901, 0.00390927

152
0.00514859, -0.0330462, -0.0181428
0.00840505, 0.00274439, 0.999961
-0.972064, -0.234552, 0.00881428
0.234567, -0.9721, 0.000696299

153
-0.0378817, 0.0180074, -0.0871526
-0.0580063, -0.02208, 0.998072
0.458133, 0.887679, 0.0462637
-0.886989, 0.459934, -0.0413754

154
-0.0399634, 0.0253285, 0.0480324
-0.249824, 0.280284, 0.926838
0.559331, 0.823113, -0.0981523
-0.790403, 0.493888, -0.362405

155
0.0146466, 0.0108501, -0.0749622
-0.0607872, -0.0116058, -0.998083
-0.0388248, 0.999203, -0.00925424
0.997395, 0.0381879, -0.0611894

156
0.00835118, 0.0491443, 0.0851905
-0.617045, 0.311874, -0.722489
-0.469553, 0.590841, 0.656069
0.631487, 0.744071, -0.218134

157
-0.011337, 0.0296623, -0.0369275
0.0224878, 0.0144516, 0.999643
0.942144, 0.334198, -0.0260257
-0.334454, 0.942392, -0.0061001

158
-0.0212627, 0.0245153, -0.0557593
-0.039593, -0.0090465, 0.999175
0.190997, 0.981453, 0.0164544
-0.980792, 0.191491, -0.0371308

159
0.00460808, -0.0223212, 0.026382
0.0450958, -0.0309571, -0.998503
0.925268, 0.378122, 0.0300652
0.376625, -0.925238, 0.0456953

160
0.00623636, 0.0313222, -0.0341864
-0.0293913, -0.00601505, -0.99955
-0.960944, 0.275461, 0.0265984
0.275177, 0.961293, -0.0138763

161
-0.0219966, 0.010598, -0.0338611
-0.0196566, -0.00434315, 0.999797
0.0930441, 0.995643, 0.00615441
-0.995468, 0.0931462, -0.0191669

162
0.0145184, 0.00145561, -0.0622254
0.0458682, 0.00854173, 0.998911
0.0905961, -0.995878, 0.00435579
0.994831, 0.0902977, -0.046453

163
-0.0183116, -0.0220299, 0.00642201
0.0153295, -0.00978883, -0.999835
0.979313, -0.201635, 0.016989
-0.201768, -0.979412, 0.00649536

164
0.0270388, -0.0264822, 0.0557627
-0.13516, 0.0696019, 0.988376
-0.636944, -0.770209, -0.0328637
0.758969, -0.633982, 0.148434

165
-0.0199881, -0.00880728, -0.0339059
-0.0196566, -0.00434315, 0.999797
-0.294988, 0.9555, -0.00164892
-0.955299, -0.29496, -0.0200631

166
-0.0243922, -0.00599135, -0.0093265
0.00832899, -0.00156501, -0.999964
-0.181365, -0.983416, 2.84706e-05
-0.983381, 0.181358, -0.0084747

167
-0.0217138, 0.000424454, -0.0779212
0.0510889, -0.0323096, -0.998171
-0.49073, -0.871306, 0.00308638
-0.869813, 0.489675, -0.0603694

168
-0.00576394, 0.0283379, 0.00656739
-0.026582, 0.00775091, 0.999617
0.99956, 0.0133996, 0.0264766
-0.0131893, 0.99988, -0.00810368

169
-0.0124286, -0.0326958, -0.0482717
-0.031436, 0.00406576, -0.999497
0.957394, -0.287084, -0.0312796
-0.287067, -0.957897, 0.00513224

170
0.0231033, -0.0284557, 0.0315172
-0.000103068, 0.0270645, 0.999634
-0.669713, -0.74235, 0.0200297
0.74262, -0.669466, 0.018202

171
0.0113829, 0.0119038, -0.10382
-0.0314786, -0.0590036, -0.997761
-0.121257, 0.991108, -0.0547846
0.992122, 0.119261, -0.0383533

172
-0.00276197, -0.0240636, -0.119709
-0.967472, 0.252971, 0.00206216
-0.0333183, -0.119334, -0.992295
-0.250776, -0.960086, 0.123881

173
0.00665064, 0.017366, 0.0632053
0.00204795, 0.000694282, -0.999998
-0.288506, 0.957478, 7.39154e-05
0.957476, 0.288505, 0.00216117

174
0.0187395, 0.00695734, -0.100362
0.141137, -0.0350587, 0.989369
0.610611, -0.783555, -0.114872
0.779253, 0.620332, -0.0891817

175
-0.0208989, 0.0356275, 0.0698507
0.361831, 0.152908, 0.919618
0.865463, -0.421732, -0.2704
0.346486, 0.893735, -0.284931

176
-0.0138123, -0.0182974, 0.031343
0.0379859, -0.00359405, -0.999272
0.304414, -0.952422, 0.0149974
-0.951782, -0.304762, -0.0350845

177
0.0188997, -0.0255541, -0.0463457
0.0332238, 0.0116152, 0.99938
-0.269395, -0.962819, 0.0201462
0.962457, -0.269897, -0.0288594

178
-0.00106366, -0.0238494, 0.0338156
-0.0897287, 0.023873, 0.99568
-0.711621, 0.697894, -0.0808629
-0.69681, -0.715803, -0.0456327

179
0.0048175, 0.0149644, -0.0935949
0.0766192, 0.0333355, 0.996503
0.780205, -0.6243, -0.0391041
0.620813, 0.780473, -0.0738419

180
0.0198326, -0.00592283, -0.0768273
-0.0288573, 0.0256893, -0.999253
0.597814, 0.801628, 0.00334443
0.801115, -0.597271, -0.0384902

181
0.02126, 0.00786325, -0.00591007
-0.00591783, 0.00736303, 0.999955
0.638423, -0.769628, 0.00944529
0.769663, 0.63845, -0.000146204

182
-0.015759, -0.0337685, 0.0313247
0.0379859, -0.00359405, -0.999272
0.888265, -0.457964, 0.0354133
-0.457758, -0.888963, -0.0142037

183
0.0165111, -0.0322267, -0.0461888
0.0332238, 0.0116152, 0.99938
-0.87105, -0.48997, 0.0346522
0.490069, -0.871662, -0.00616123

184
0.0225485, 0.00204756, -0.0277219
0.0119563, 0.0135164, 0.999837
0.402293, -0.91548, 0.0075653
0.915433, 0.402137, -0.0163833

185
0.00281622, 0.0208424, -0.089789
0.0535649, 0.0444077, 0.997576
0.958274, -0.283199, -0.0388478
0.280788, 0.958033, -0.0577242

186
-0.0216012, -0.00732005, 0.0317153
0.0256827, -0.0146286, -0.999563
-0.155121, -0.98784, 0.0104714
-0.987562, 0.154784, -0.0276396

187
0.0121105, -0.011168, -0.024619
-0.0195525, -0.00652181, -0.999788
0.461983, 0.886765, -0.0148194
0.886673, -0.462175, -0.0143255

188
-0.00844027, 0.018692, -0.0863781
-0.953999, 0.0881147, 0.286569
0.0497239, -0.896096, 0.441066
0.295658, 0.435026, 0.850493

189
-0.0102094, 0.0144658, -0.0876349
0.0670712, -0.038687, -0.996998
-0.711256, -0.702631, -0.020584
-0.699725, 0.710502, -0.0746427

190
-0.00516671, -0.0185052, -0.113018
-0.791785, 0.609069, 0.0459536
-0.120125, -0.0815118, -0.989407
-0.598871, -0.788918, 0.137704

191
0.00822316, -0.0030772, 0.064756
-0.0834456, 0.0328448, -0.995971
0.122725, 0.992187, 0.0224376
0.988926, -0.120359, -0.0868246

192
0.0107594, -0.0132784, -0.0909643
-0.0909155, 0.00542786, -0.995844
0.502727, 0.863463, -0.0411901
0.859651, -0.504383, -0.0812309

193
-0.0272195, 0.0252904, -0.0339
-0.0196566, -0.00434315, 0.999797
0.769694, 0.638162, 0.0179049
-0.63811, 0.76989, -0.00920121

194
-0.0151251, -0.0163563, 0.0314935
0.036525, -0.0178478, -0.999173
0.205198, -0.978402, 0.0249779
-0.978039, -0.205941, -0.0320738

195
0.00957953, 0.0310796, -0.0495126
-0.0362486, 0.000689453, -0.999343
-0.442463, 0.896632, 0.0166678
0.896054, 0.442776, -0.0321966

196
-0.019154, 0.00962071, -0.0401385
-0.0243712, -0.00796252, 0.999671
-0.0465819, 0.998891, 0.00682068
-0.998617, -0.0464003, -0.0247151

197
-0.0211844, 0.00500718, -0.0559328
-0.039593, -0.0090465, 0.999175
-0.198874, 0.980024, 0.000992567
-0.979225, -0.198671, -0.0406013

198
-0.0208973, 0.0163432, -0.083625
0.0217804, -0.0502443, -0.998499
-0.869482, -0.493929, 0.00588829
-0.493484, 0.868049, -0.0544445

199
0.0193988, -0.0165766, -0.0118484
0.00334711, 0.000645573, -0.999994
0.87034, 0.49244, 0.00323105
0.492439, -0.870346, 0.00108638

200
0.0236843, -0.0189534, -0.059097
0.0435194, 0.00957375, 0.999007
0.0424951, -0.999067, 0.00772313
0.998148, 0.0421167, -0.0438856

201
-0.00123901, -0.0197522, -0.116239
-0.994881, 0.0996241, 0.0169366
-0.0121786, 0.0481755, -0.998765
-0.100317, -0.993858, -0.0467156

202
0.0214318, -3.60981e-05, 0.0202656
0.0370517, -0.0267354, -0.998956
0.300383, 0.95371, -0.0143831
0.953099, -0.299537, 0.0433674

203
0.0190722, 2.58326e-06, -0.0590778
0.0435194, 0.00957375, 0.999007
0.421235, -0.9069, -0.00965905
0.905907, 0.421237, -0.0435005

204
-0.000624172, -0.0168913, -0.0969502
-0.994881, 0.0996241, 0.0169366
-0.0496412, -0.335825, -0.940615
-0.0880203, -0.936641, 0.339051

205
0.0120567, -0.0171445, 0.0203758
0.0370517, -0.0267354, -0.998956
0.642253, 0.766486, 0.00330773
0.765597, -0.641705, 0.0455705

206
-0.0189883, 0.00881136, 0.0324044
-0.0740012, -1.1088e-05, 0.997258
-0.0624166, 0.998039, -0.0046205
-0.995303, -0.0625874, -0.0738568

207
0.0348438, 0.00282812, -0.0550786
0.00514811, 0.0324193, 0.999461
0.598188, -0.801028, 0.0229016
0.801339, 0.597748, -0.0235166

208
0.0143739, 0.0138453, -0.110907
0.523334, -0.307501, 0.794711
0.631669, -0.485973, -0.604007
0.571941, 0.818091, -0.0600866

209
-0.0190829, 0.00984034, 0.0241953
0.0624165, -0.0095903, 0.998004
-0.0413297, 0.999071, 0.0121854
-0.997194, -0.0420078, 0.0619622

210
0.0172381, -0.00785782, 0.00741002
-0.0279926, 0.0100466, 0.999558
0.143702, -0.989522, 0.0139701
0.989225, 0.144029, 0.0262556

211
0.00562406, 0.0174512, 0.0497404
-0.13516, 0.0696019, 0.988376
0.758969, -0.633982, 0.148434
0.636944, 0.770209, 0.0328637

212
-0.00551368, -0.0215102, -0.0671091
-0.0262308, -0.0182319, 0.99949
-0.968963, 0.246318, -0.0209365
-0.24581, -0.969018, -0.0241272

213
-0.00969873, 0.017694, -0.0986365
0.147795, 0.0503638, -0.987735
-0.762805, -0.629871, -0.146256
-0.629511, 0.775065, -0.0546743

214
-0.0502264, 0.0299721, 0.0815255
0.397168, 0.292861, 0.869765
0.815968, 0.321098, -0.48072
-0.420064, 0.900627, -0.111435

215
-0.0390194, -0.0253485, 0.0982324
0.21361, -0.550665, 0.806932
-0.126499, 0.803451, 0.581777
-0.968694, -0.226349, 0.101967

216
0.0181262, -0.029029, 0.0472192
-0.0893576, 0.0145282, 0.995894
-0.808227, -0.585385, -0.0639793
0.582052, -0.810625, 0.0640507

217
0.0197713, 0.0119432, -0.0971631
0.123463, 0.0102778, 0.992296
0.774915, -0.625634, -0.0899358
0.61989, 0.780049, -0.0852068

218
0.0113089, -0.0143108, -0.0401282
-0.0338114, -0.00498181, -0.999416
0.584567, 0.810995, -0.0238192
0.81064, -0.585031, -0.0245087

219
0.00875357, 0.0134745, 0.0536915
-0.103503, 0.0583633, 0.992915
0.563605, -0.819099, 0.106897
0.819534, 0.570676, 0.051885

220
-0.0224051, -0.0328937, -0.0479588
-0.031436, 0.00406576, -0.999497
0.774661, -0.631803, -0.0269345
-0.631595, -0.775119, 0.0167117

221
0.0269766, -0.00122752, 0.0741065
-0.249824, 0.280284, 0.926838
-0.21428, -0.94946, 0.229367
0.944284, -0.141301, 0.297257

222
0.0307831, 0.0250163, -0.0704324
-0.791785, 0.609069, 0.0459536
-0.598871, -0.788918, 0.137704
0.120125, 0.0815118, 0.989407

223
0.0176831, 0.00950609, 0.0301055
0.0603828, -0.0200637, -0.997974
-0.0100772, 0.999735, -0.0207088
0.998124, 0.0113072, 0.0601646

224
-0.0118519, 0.030624, -0.0276969
0.0119563, 0.0135164, 0.999837
0.915433, 0.402137, -0.0163833
-0.402293, 0.91548, -0.0075653

225
0.0115856, -0.0258651, -0.0852482
-0.0580063, -0.02208, 0.998072
-0.994791, 0.0852233, -0.0559302
-0.083824, -0.996117, -0.0269084

226
0.00819209, 0.0233759, -0.0183233
0.00840505, 0.00274439, 0.999961
0.588704, -0.808344, -0.00272978
0.808305, 0.588704, -0.0084098

227
-0.00861413, -0.000109759, -0.0811757
-0.953999, 0.0881147, 0.286569
-0.0672044, -0.994362, 0.0820221
0.292181, 0.0589903, 0.954542

228
0.00593928, 0.0546852, -0.106387
-0.108733, 0.109801, 0.987988
0.861055, 0.507059, 0.0384109
-0.496751, 0.854889, -0.149678

229
-0.019446, -0.0199931, -0.0606665
-0.00727285, 0.018939, -0.999794
0.938774, -0.344276, -0.0133505
-0.344458, -0.938678, -0.0152755

230
-0.0188622, -0.0288473, 0.00958199
0.0206818, -0.0133485, -0.999697
0.836601, -0.547259, 0.024615
-0.547422, -0.836857, -0.000150952

231
0.00992705, -0.00751415, -0.102626
-0.0314786, -0.0590036, -0.997761
0.267641, 0.961304, -0.0652916
0.963004, -0.269097, -0.0144686

232
0.0173833, 4.8425e-05, -0.094062
0.0766192, 0.0333355, 0.996503
0.483241, -0.875452, -0.00786941
0.872128, 0.482154, -0.0831855

233
-0.0120279, -0.00777141, 0.032442
-0.0897287, 0.023873, 0.99568
-0.390794, 0.918696, -0.0572448
-0.916094, -0.394243, -0.073104

234
0.00938993, -0.0315883, -0.0433577
0.0346306, 0.00403597, 0.999392
-0.450188, -0.892727, 0.019205
0.892262, -0.45058, -0.0290987

235
-0.0249163, -0.00807076, 0.031547
-0.0654679, 0.038549, 0.99711
-0.577358, 0.81354, -0.06936
-0.813863, -0.58023, -0.0310042

236
-0.0228138, -0.00160237, -0.0527681
-0.0380708, -0.0073802, 0.999248
-0.450798, 0.892563, -0.0105829
-0.891814, -0.450862, -0.0373076

237
-0.000584949, -0.0482695, -0.086746
0.0896356, -0.00685847, -0.995951
0.720883, -0.68955, 0.069628
-0.687236, -0.724205, -0.0568641

238
0.035642, 0.000537064, -0.0184412
0.00586139, 0.00929189, 0.99994
-0.104695, -0.994456, 0.00985463
0.994487, -0.104747, -0.00485608

239
0.0051494, -0.0218273, 0.063781
-0.0351477, 0.0318616, -0.998874
0.496279, 0.868103, 0.0102276
0.867451, -0.495361, -0.0463241

240
-0.00586493, 0.00629347, -0.0910863
0.700725, -0.712714, -0.031977
0.48071, 0.504793, -0.717009
0.527164, 0.487055, 0.69633

241
0.0463133, 0.019506, -0.0750571
0.0510889, -0.0323096, -0.998171
-0.869813, 0.489675, -0.0603694
0.49073, 0.871306, -0.00308638

242
0.00253003, 0.0297181, -0.00915814
0.00832899, -0.00156501, -0.999964
-0.983381, 0.181358, -0.0084747
0.181365, 0.983416, -2.84706e-05

243
0.00258465, 0.0209453, -0.095118
0.123463, 0.0102778, 0.992296
0.95315, -0.279499, -0.115697
0.276156, 0.960091, -0.0443039

244
0.0196667, 0.0249037, 0.0585239
0.577769, 0.0423324, -0.815102
-0.804484, 0.198137, -0.559952
0.137798, 0.97926, 0.148533

245
0.00483673, 0.00498124, 0.0650787
-0.322133, -0.0289994, -0.94625
-0.218232, 0.974886, 0.044416
0.921198, 0.22081, -0.320371

246
-0.0255996, 0.0101257, -0.113672
-0.285566, 0.241793, 0.927355
-0.143674, 0.945912, -0.290874
-0.947528, -0.216301, -0.235381

247
0.0114411, -0.029775, 0.00746796
-0.0279926, 0.0100466, 0.999558
-0.858933, -0.511739, -0.0189109
0.511323, -0.859082, 0.0229542

248
-0.0238006, -0.0547061, 0.0438318
-0.0893576, 0.0145282, 0.995894
-0.969446, -0.230613, -0.0836203
0.228451, -0.972937, 0.0346913

249
0.0115981, 0.0112765, 0.0619222
0.376015, 0.426011, 0.822878
0.67348, -0.735585, 0.0730719
0.636426, 0.526715, -0.5635

250
0.044719, -0.0122315, -0.100017
0.123463, 0.0102778, 0.992296
-0.276156, -0.960091, 0.0443039
0.95315, -0.279499, -0.115697

251
0.0121006, -0.00710548, -0.0496304
-0.0362486, 0.000689453, -0.999343
0.320737, 0.947105, -0.0109805
0.946474, -0.320924, -0.0345524

252
-0.0080569, 0.0212513, 0.0310802
0.036525, -0.0178478, -0.999173
-0.546481, -0.837457, -0.00501759
-0.836675, 0.546212, -0.0403416

253
-0.00962199, 0.0270186, -0.07678
0.0450128, 0.0262593, 0.998641
0.961237, -0.273344, -0.0361392
0.272023, 0.961558, -0.0375454

254
-0.000632049, -0.0297555, -0.00860594
0.00272204, 0.00527612, 0.999982
-0.89394, 0.448186, 6.86528e-05
-0.448178, -0.893925, 0.00593652

255
-0.00418984, 0.0273503, -0.0277442
0.0119563, 0.0135164, 0.999837
0.999701, 0.0211868, -0.0122411
-0.0213488, 0.999684, -0.0132591

256
-0.0313331, 0.0276559, -0.0882586
0.0535649, 0.0444077, 0.997576
0.626129, 0.776731, -0.0681967
-0.777877, 0.628265, 0.0138006

257
0.009992, 0.0161191, 0.064821
-0.0351477, 0.0318616, -0.998874
-0.262458, 0.964114, 0.0399881
0.964303, 0.263568, -0.0255241

258
0.00341057, 0.0170078, -0.126634
0.700725, -0.712714, -0.031977
-0.0328486, 0.0125428, -0.999382
0.712675, 0.701342, -0.0146226

259
-0.00301807, -0.024867, 0.0228571
0.0624165, -0.0095903, 0.998004
-0.734347, 0.676746, 0.0524302
-0.675898, -0.736154, 0.0351975

260
0.00195931, 0.0223949, -0.0555439
0.00514811, 0.0324193, 0.999461
0.989615, -0.143741, -0.000434897
0.143649, 0.989084, -0.0328226

261
-0.0163349, 0.0190464, -0.0886723
0.523334, -0.307501, 0.794711
0.851081, 0.234843, -0.469585
-0.0422344, 0.922112, 0.38461

262
0.0115753, 0.000995651, 0.0630612
0.397168, 0.292861, 0.869765
0.420064, -0.900627, 0.111435
0.815968, 0.321098, -0.48072

263
-0.0352488, -0.0293009, -0.104856
0.147795, 0.0503638, -0.987735
0.629511, -0.775065, 0.0546743
-0.762805, -0.629871, -0.146256

264
-0.000349702, 0.0237656, 0.00674682
-0.026582, 0.00775091, 0.999617
0.716122, -0.697547, 0.0244519
0.697469, 0.716497, 0.0129916

265
-0.0283479, 0.0288941, -0.0572889
0.0435194, 0.00957375, 0.999007
0.998148, 0.0421167, -0.0438856
-0.0424951, 0.999067, -0.00772313

266
-0.00964552, -0.0321938, 0.0199736
0.0370517, -0.0267354, -0.998956
0.953099, -0.299537, 0.0433674
-0.300383, -0.95371, 0.0143831

267
0.00438577, 0.027532, -0.0639645
-0.994881, 0.0996241, 0.0169366
-0.100317, -0.993858, -0.0467156
0.0121786, -0.0481755, 0.998765

268
-0.00864564, 0.0417293, -0.106552
-0.108733, 0.109801, 0.987988
0.605412, 0.795614, -0.0217924
-0.78845, 0.595771, -0.152984

269
-0.00289148, -0.0209136, 0.0638196
0.054303, 0.349366, -0.935411
0.882782, 0.420988, 0.208482
0.466634, -0.837086, -0.285554

270
-0.0170963, -0.019169, 0.0447543
-0.563112, -0.140299, 0.814384
-0.713182, 0.580345, -0.393156
-0.417464, -0.802195, -0.426858

271
-0.020076, -0.0567017, -0.0727727
0.0639404, 0.00210715, 0.997951
-0.950861, -0.303436, 0.0615639
0.302944, -0.952849, -0.0173982

272
0.0112665, 0.0144465, 0.0628422
0.183818, 0.406988, 0.894747
0.754699, -0.641647, 0.136816
0.629794, 0.650115, -0.4251

273
-0.0107941, 0.017568, 0.0365514
0.577769, 0.0423324, -0.815102
-0.666294, -0.552337, -0.500975
-0.471418, 0.832545, -0.290917

274
0.0342508, -0.00825783, -0.0277226
0.0119563, 0.0135164, 0.999837
-0.362845, -0.931696, 0.0169342
0.931773, -0.362989, -0.0062353

275
0.0218398, 0.00714991, -0.0121671
0.00012266, 0.00831754, 0.999965
0.624206, -0.781233, 0.00642159
0.78126, 0.624184, -0.00528768

276
-0.023608, -0.00544002, -0.0836568
-0.0537537, -0.017866, 0.998394
-0.527752, 0.849296, -0.0132164
-0.847696, -0.527615, -0.0550816

277
0.0189797, -0.00264649, 0.0365675
0.0642573, -0.0282034, -0.997535
0.532391, 0.846435, 0.0103632
0.844056, -0.531744, 0.0694049

278
0.0194088, 0.00343353, -0.0404907
-0.0338114, -0.00498181, -0.999416
0.229851, 0.973144, -0.012627
0.972638, -0.230144, -0.0317583

279
-0.0310234, 0.0407626, -0.072277
0.0639404, 0.00210715, 0.997951
0.994413, -0.0843014, -0.0635356
0.0839948, 0.996438, -0.00748564

280
0.0141102, 0.000734955, 0.0660946
-0.0926539, 0.228556, 0.969112
0.364286, -0.898039, 0.246622
0.926666, 0.375885, -5.28503e-05

281
0.00690139, -0.0251775, -0.0338659
-0.0293913, -0.00601505, -0.99955
0.621968, 0.782705, -0.0229988
0.782491, -0.622364, -0.0192635

282
0.0219591, -0.0155609, 0.0703989
0.319715, -0.562679, 0.762348
-0.776037, -0.617135, -0.130044
0.543645, -0.550033, -0.633967

283
0.0158241, -0.00783232, -0.0342327
-0.0293913, -0.00601505, -0.99955
0.275177, 0.961293, -0.0138763
0.960944, -0.275461, -0.0265984

284
0.00550632, -0.0145128, 0.0654482
-0.322133, -0.0289994, -0.94625
0.150907, 0.985177, -0.0815656
0.93459, -0.169071, -0.312981

285
-0.0192442, -0.00715031, -0.10721
-0.285566, 0.241793, 0.927355
-0.495341, 0.791134, -0.358809
-0.82042, -0.561821, -0.106151

286
0.0275873, -0.0260265, 0.0801377
0.21361, -0.550665, 0.806932
-0.595522, -0.728179, -0.339277
0.774419, -0.408073, -0.483479

287
-0.0389974, -0.037597, -0.0865543
-0.0909155, 0.00542786, -0.995844
0.986599, -0.135556, -0.0908104
-0.135485, -0.990755, 0.00696899

288
-0.028149, 0.0127487, 0.0523145
0.451723, -0.253147, -0.855489
-0.554996, -0.830507, -0.0472994
-0.698516, 0.49616, -0.515655

289
-0.0107939, -0.0169648, -0.0524237
-0.0380708, -0.0073802, 0.999248
-0.757766, 0.652083, -0.0240543
-0.651415, -0.758111, -0.0304178

290
0.0345516, -0.00692356, -0.0608118
-0.00727285, 0.018939, -0.999794
0.677491, 0.735476, 0.00900372
0.735495, -0.677286, -0.01818

291
0.0199483, -0.0173519, 0.0102314
0.0206818, -0.0133485, -0.999697
0.825905, 0.563728, 0.0095592
0.563429, -0.825853, 0.0226835

292
0.0177221, 0.00238902, 0.0524555
-0.13516, 0.0696019, 0.988376
0.457448, -0.88047, 0.124559
0.878905, 0.468966, 0.0871654

293
-0.00710754, -0.00666966, -0.084402
0.891991, 0.451837, -0.0139549
-0.368162, 0.744026, 0.557568
0.262312, -0.492208, 0.830014

294
0.00509809, 0.0221575, 0.0581875
0.550655, -0.163569, -0.81855
-0.82179, 0.0657848, -0.56598
0.146425, 0.984336, -0.0981945

295
0.0051937, -0.0126662, 0.0609662
0.557183, -0.199311, 0.806115
-0.464477, -0.879506, 0.103587
0.688337, -0.432139, -0.582622

296
-0.0189014, -0.0477318, -0.095373
0.104229, -0.00291356, 0.994549
-0.888725, -0.449151, 0.0918228
0.446436, -0.893451, -0.0494039

297
-0.0251089, -0.020781, -0.0872695
0.0670712, -0.038687, -0.996998
-0.0081537, -0.999236, 0.0382253
-0.997715, 0.00556541, -0.0673354

298
0.015459, 0.0269522, -0.0249332
-0.0195525, -0.00652181, -0.999788
