0
-0.061517, -0.0054178, 0.000876466
-0.853227, 0.50872, -0.114922
0.111362, -0.0375621, -0.99307
-0.509511, -0.860112, -0.024603

1
-0.0113757, 0.00172796, 0.0397576
0.912701, -0.404207, -0.0599419
0.408411, 0.907128, 0.101584
0.013314, -0.117197, 0.993019

2
-0.0655802, -0.00283705, 0.0117843
-0.72413, -0.441078, -0.530175
-0.228316, -0.572078, 0.787781
-0.650775, 0.691503, 0.313554

3
-0.0704453, -0.00241552, 0.00579238
-0.714777, 0.451013, -0.534492
0.480573, -0.23848, -0.843905
-0.508078, -0.860066, -0.0462848

4
-0.0707641, -0.00828199, -0.00761814
0.267466, -0.176499, 0.947265
-0.814739, 0.483446, 0.320124
-0.514453, -0.857396, -0.0144952

5
-0.0687518, 0.00364526, 0.00574468
0.32747, -0.212154, 0.920736
-0.541632, 0.756316, 0.366906
-0.774208, -0.618851, 0.132761

6
-0.0258503, -0.0141247, -0.0361076
0.850507, -0.525114, 0.0298999
-0.447621, -0.692801, 0.565387
-0.276178, -0.494249, -0.824284

7
-0.0434679, -0.0113013, 0.0162538
0.869231, -0.494283, -0.0110553
0.207988, 0.345292, 0.915158
-0.44853, -0.797783, 0.402944

8
-0.057447, -0.00286292, -0.0180315
-0.853227, 0.50872, -0.114922
0.297867, 0.294448, -0.908062
-0.428111, -0.809014, -0.402762

9
-0.0617019, -0.00796999, -0.00402892
0.290276, -0.220965, 0.931082
-0.944599, 0.0896142, 0.315757
-0.15321, -0.971156, -0.182711

10
-0.00975171, -0.0254987, -0.0456146
-0.72413, -0.441078, -0.530175
-0.650775, 0.691503, 0.313554
0.228316, 0.572078, -0.787781

11
-0.0648556, -0.00823066, -0.0103518
-0.00876939, -0.00541777, 0.999947
-0.856373, 0.516336, -0.00471274
-0.516283, -0.856369, -0.00916758

12
-0.0495184, 0.024266, -0.0114045
0.604487, -0.377516, 0.701482
-0.613864, 0.340471, 0.712215
-0.507707, -0.861139, -0.0259333

13
-0.0486153, -0.0251201, 0.0107392
0.8327, -0.550998, 0.0548756
-0.0498242, 0.024143, 0.998466
-0.551478, -0.834157, -0.00734914

14
-0.0463949, -0.0219453, -0.00639116
-0.848354, 0.52813, -0.0370618
0.152232, 0.176291, -0.972495
-0.50707, -0.830663, -0.229956

15
-0.0442528, -0.011826, -0.0220029
0.869231, -0.494283, -0.0110553
-0.170089, -0.319959, 0.932039
-0.464228, -0.808276, -0.36219

16
-0.00598, 0.0176077, -0.0440257
0.850507, -0.525114, 0.0298999
-0.511803, -0.839371, -0.183068
0.121229, 0.140398, -0.982645

17
-0.0163031, -0.0376898, -0.0328277
-0.837852, -0.545382, 0.0237237
-0.526446, 0.81873, 0.229207
-0.144429, 0.179552, -0.973089

18
-0.0763256, -0.00395485, 0.00420854
0.12702, -0.103013, 0.986536
-0.578567, 0.800176, 0.158046
-0.805683, -0.590853, 0.0420385

19
-0.0596268, 0.0169015, 0.00644136
0.57964, 0.334949, -0.74285
-0.617499, -0.414284, -0.668628
-0.531707, 0.846273, -0.0333051

20
-0.0583478, 0.0116614, -0.00108974
-0.190456, -0.15084, -0.970038
-0.970759, -0.118147, 0.20897
-0.146128, 0.981473, -0.123927

21
-0.0843954, 0.00423162, -0.00143766
0.267466, -0.176499, 0.947265
-0.555848, 0.774757, 0.301304
-0.78708, -0.607124, 0.109115

22
-0.0485965, 0.0149726, 0.0373138
-0.837852, -0.545382, 0.0237237
0.334897, -0.479199, 0.811303
-0.431102, 0.687696, 0.584144

23
-0.0653504, 0.0141005, -0.00160515
-0.826402, -0.515222, -0.22717
-0.200487, -0.107768, 0.973751
-0.52618, 0.850254, -0.0142354

24
-0.0569723, -0.0225077, -0.00825076
-0.793634, 0.493868, -0.355302
0.282908, -0.217445, -0.934174
-0.538617, -0.84191, 0.0328525

25
-0.0471936, 0.0230221, 0.00181795
-0.844394, 0.513087, -0.154082
0.146793, -0.0550112, -0.987636
-0.515219, -0.856572, -0.0288665

26
-0.0473632, 0.0238846, 0.00561945
-0.844394, 0.513087, -0.154082
-0.0615466, -0.37862, -0.923504
-0.532176, -0.770318, 0.351283

27
0.011715, 0.00273922, -0.0188862
-0.975144, -0.221057, -0.0150956
-0.218759, 0.949701, 0.224081
-0.0351984, 0.221814, -0.974454

28
-0.0494629, -0.0248951, -0.0227556
-0.722683, 0.452956, -0.522074
0.608164, 0.0578033, -0.791704
-0.328429, -0.889657, -0.317245

29
-0.0671839, 0.00880237, 0.0170809
-0.826402, -0.515222, -0.22717
0.0161346, -0.424943, 0.905076
-0.56285, 0.744291, 0.359487

30
-0.0742211, -0.0183375, 0.0191065
-0.621746, -0.383976, -0.682637
-0.0475954, -0.851446, 0.522279
-0.781771, 0.357215, 0.511108

31
-0.0500815, 0.019561, -0.00213669
-0.837186, -0.537783, 0.0995416
0.16699, -0.0780346, 0.982866
-0.520801, 0.839464, 0.155134

32
-0.0587347, 0.00547732, -0.00448261
-0.72413, -0.441078, -0.530175
-0.459977, -0.263905, 0.847806
-0.513865, 0.85779, -0.0117846

33
-0.0440284, 0.0172784, 0.0271145
-0.846348, -0.532619, 0.00348545
0.268952, -0.421706, 0.865927
-0.45974, 0.733813, 0.500159

34
-0.0640592, -0.0281364, -0.00412857
-0.52823, -0.317069, -0.78768
-0.136308, -0.883967, 0.447238
-0.838089, 0.343612, 0.423719

35
-0.0488606, -0.0276405, -0.0144702
-0.572298, -0.343971, -0.744419
-0.655446, -0.353668, 0.667315
-0.492814, 0.869829, -0.0230509

36
-0.0503124, 0.0204442, 0.000790559
-0.803975, 0.505531, -0.313149
0.0682668, -0.444656, -0.893096
-0.590731, -0.739405, 0.322981

37
-0.0463307, -0.017253, -0.00188173
-0.8567, 0.512524, 0.0581749
-0.101217, -0.0564456, -0.993262
-0.505786, -0.856816, 0.100233

38
-0.0598496, -0.022615, -0.0063996
-0.722683, 0.452956, -0.522074
0.436186, -0.287054, -0.852843
-0.536164, -0.844056, 0.00987557

39
0.00490637, 0.00607821, -0.0179639
0.99955, 0.0139245, -0.0265813
0.0122432, -0.997976, -0.0623984
-0.0273964, 0.0620448, -0.997697

40
-0.0200123, 0.0246342, -0.0451978
-0.842289, 0.521197, -0.137489
0.526276, 0.740013, -0.418824
-0.116546, -0.425128, -0.897598

41
-0.0437794, -0.0319914, -0.0147712
-0.852444, -0.514277, -0.0941228
-0.509818, 0.777766, 0.367648
-0.115867, 0.361385, -0.92519

42
-0.0742439, -0.0016193, 0.00972334
-0.621746, -0.383976, -0.682637
-0.343143, -0.649933, 0.678115
-0.704048, 0.655858, 0.272335

43
-0.0593162, -0.00370521, -0.0101789
-0.714777, 0.451013, -0.534492
0.638425, 0.108806, -0.761955
-0.285496, -0.88586, -0.36571

44
0.010828, 0.0169115, 0.0149388
-0.996231, -0.0835402, -0.0233264
0.0542417, -0.809917, 0.584031
-0.0676825, 0.580565, 0.811396

45
-0.0792766, 0.00490836, -0.010407
-0.00876939, -0.00541777, 0.999947
-0.593613, 0.80475, -0.000845718
-0.804703, -0.593589, -0.0102732

46
-0.0590838, -0.0316823, -0.0164723
-0.835318, 0.547033, 0.0547552
0.296783, 0.53253, -0.792674
-0.462778, -0.645884, -0.607182

47
-0.0460139, 0.00174831, -0.0233664
-0.714777, 0.451013, -0.534492
0.699082, 0.439528, -0.564003
-0.019449, -0.77679, -0.62946

48
0.0107942, 0.0169035, 0.0164133
-0.996231, -0.0835402, -0.0233264
0.0242118, -0.526093, 0.850082
-0.0832879, 0.846314, 0.526133

49
-0.0477483, 0.0230429, -0.0015974
-0.803975, 0.505531, -0.313149
0.289133, -0.12785, -0.948713
-0.51964, -0.853283, -0.0433776

50
-0.0111706, 0.0113524, 0.0399064
-0.83108, 0.548946, 0.0892393
-0.550738, -0.834661, 0.00534275
0.0774175, -0.0447072, 0.995996

51
0.0160402, -0.00869019, -0.0364605
0.437092, -0.899234, -0.018149
-0.688798, -0.347644, 0.636161
-0.578367, -0.26556, -0.771342

52
-0.0905293, -0.00688902, 0.00811332
-0.190456, -0.15084, -0.970038
-0.583102, -0.777548, 0.235394
-0.789758, 0.610464, 0.0601341

53
-0.0830252, 0.0393292, 0.00471499
0.267466, -0.176499, 0.947265
0.163506, 0.977137, 0.135898
-0.949594, 0.118535, 0.290209

54
0.0294286, 0.00228514, 0.0184473
-0.951402, 0.295868, -0.085422
-0.30758, -0.926599, 0.216351
-0.0151405, 0.232111, 0.972571

55
-0.0640109, -0.031111, -0.00121937
-0.572298, -0.343971, -0.744419
-0.114999, -0.865143, 0.488162
-0.811942, 0.364981, 0.455563

56
-0.0814522, 0.00593953, -0.00430035
-0.535359, -0.323443, -0.78024
-0.436773, -0.684652, 0.583508
-0.722925, 0.653174, 0.225264

57
-0.0554415, -0.00847087, -0.00178106
0.32747, -0.212154, 0.920736
-0.79668, 0.461921, 0.389783
-0.508001, -0.861173, -0.0177535

58
-0.00319714, -0.00590985, -0.03869
-0.979251, -0.202081, -0.015209
-0.202628, 0.97522, 0.088808
-0.00311429, 0.0900471, -0.995933

59
-0.0791929, -0.00255906, 0.00270823
0.290276, -0.220965, 0.931082
-0.814065, 0.454438, 0.361642
-0.503029, -0.862937, -0.0479678

60
-0.0529423, -0.0302578, 0.0248113
0.8327, -0.550998, 0.0548756
0.354723, 0.60691, 0.711219
-0.425185, -0.572767, 0.700826

61
0.00534465, -0.0030805, 0.0184071
0.999819, 0.0172164, 0.00810371
-0.0165126, 0.99665, -0.0801051
-0.00945568, 0.0799568, 0.996753

62
-0.0621887, -0.0170167, 0.00102446
0.12702, -0.103013, 0.986536
-0.842848, 0.513156, 0.162103
-0.522946, -0.852091, -0.0216431

63
-0.019241, -0.0151831, 0.0340344
0.912701, -0.404207, -0.0599419
0.382417, 0.793228, 0.473863
-0.143992, -0.455419, 0.878556

64
0.0048922, -0.00353134, -0.0235306
0.99955, 0.0139245, -0.0265813
0.0217953, -0.945753, 0.324154
-0.0206257, -0.324587, -0.945631

65
-0.0928548, 0.0094206, 0.00981051
0.290276, -0.220965, 0.931082
-0.559597, 0.750078, 0.35247
-0.776268, -0.623344, 0.0940778

66
0.0038337, -0.0234711, 0.0233203
-0.975849, 0.216433, 0.0295961
-0.159446, -0.613103, -0.773745
-0.149319, -0.759777, 0.632805

67
0.00530519, 0.0108452, -0.0206166
0.999672, -0.0196177, -0.0164365
-0.024125, -0.936704, -0.34929
-0.00854385, 0.349572, -0.936871

68
-0.0495091, -0.023464, -0.0262504
-0.793634, 0.493868, -0.355302
0.467493, 0.121292, -0.875636
-0.389354, -0.861036, -0.327141

69
-0.0183712, -0.0318713, -0.0218128
0.964658, -0.262906, 0.0177795
-0.186059, -0.631802, 0.752468
-0.186595, -0.729182, -0.658389

70
-0.0673216, 0.00573355, 0.017007
-0.824673, -0.508155, -0.248381
-0.00260281, -0.435724, 0.900076
-0.565604, 0.742915, 0.358008

71
0.00553275, -0.0125352, 0.015286
0.999819, 0.0172164, 0.00810371
-0.0188741, 0.951382, 0.307434
-0.00241683, -0.307531, 0.951535

72
0.00125749, -0.0394216, -0.0174093
0.820168, 0.570828, 0.0384651
0.205648, -0.356879, 0.911234
0.533885, -0.739455, -0.41009

73
-0.049655, 0.0276718, 0.00164725
-0.860544, 0.508393, -0.0316479
0.0428202, 0.0102901, -0.99903
-0.507574, -0.861064, -0.0306245

74
-0.0502099, 0.0199832, 0.00033018
-0.846293, -0.528798, 0.0644971
0.0993559, -0.0377316, 0.994336
-0.52337, 0.847908, 0.0844713

75
-0.0507604, 0.0158824, -0.0181936
-0.837852, -0.545382, 0.0237237
-0.270127, 0.451967, 0.850151
-0.47438, 0.705892, -0.526004

76
0.00499057, -0.00813771, 0.0149482
0.999635, -0.0245174, 0.0113755
0.0240681, 0.998985, 0.0380862
-0.0122977, -0.0377985, 0.99921

77
0.0130645, -0.00537905, -0.0374816
0.193563, -0.980734, -0.0263384
-0.833266, -0.17851, 0.523261
-0.517882, -0.0793371, -0.851765

78
-0.0541236, 0.0218438, 7.53531e-05
-0.837852, -0.545382, 0.0237237
-0.0680273, 0.14743, 0.98673
-0.541643, 0.82512, -0.160625

79
-0.0422621, 0.014109, -0.0283239
-0.846348, -0.532619, 0.00348545
-0.321821, 0.516575, 0.793462
-0.424414, 0.670423, -0.60861

80
0.00780709, -0.00169965, -0.0181468
-0.998371, 0.0569027, 0.00415169
0.0570525, 0.99623, 0.0653554
-0.000417134, 0.0654858, -0.997853

81
-0.0392315, -0.00262755, -0.0384582
0.869231, -0.494283, -0.0110553
-0.334794, -0.604918, 0.722487
-0.3638, -0.624307, -0.691296

82
-0.0433622, -0.0379558, 0.0140385
-0.852444, -0.514277, -0.0941228
0.515351, -0.856858, 0.014392
-0.0880514, -0.0362379, 0.995457

83
-0.0390326, 0.00623187, 0.0342482
-0.846293, -0.528798, 0.0644971
0.440334, -0.626242, 0.643372
-0.299823, 0.572881, 0.762832

84
-0.0525059, 0.0223946, -0.00560723
-0.860544, 0.508393, -0.0316479
0.389187, 0.61614, -0.684766
-0.32863, -0.601588, -0.728076

85
0.00466727, -0.0208078, -0.0216358
0.999672, -0.0196177, -0.0164365
-0.00133876, -0.681424, 0.731888
-0.0255582, -0.731626, -0.681227

86
0.0134631, -0.00538613, -0.0182473
-0.992304, 0.11947, 0.0325629
0.117641, 0.991628, -0.0532444
-0.0386513, -0.0490039, -0.99805

87
-0.0506442, -0.0249408, 0.00887682
-0.852444, -0.514277, -0.0941228
0.442426, -0.805501, 0.394241
-0.278565, 0.294426, 0.914174

88
0.00176494, 0.00807611, -0.018238
0.999514, 0.0160219, -0.0267444
0.00621977, -0.943075, -0.332523
-0.0305496, 0.332195, -0.942716

89
-0.0167217, 0.0028535, 0.0444009
-0.913116, 0.407078, 0.0225281
-0.377658, -0.823717, -0.422924
-0.153606, -0.394686, 0.905885

90
0.0102098, -0.00266324, 0.0170105
0.998928, -0.0405292, 0.022372
0.041916, 0.996974, -0.0654603
-0.0196513, 0.0663278, 0.997604

91
0.000691836, -0.0249126, -0.0365987
-0.979251, -0.202081, -0.015209
-0.188396, 0.935446, -0.299079
0.0746653, -0.290008, -0.954107

92
-0.0457426, -0.0284303, -0.0162937
-0.52823, -0.317069, -0.78768
-0.689002, -0.382089, 0.61586
-0.496234, 0.86803, -0.0166303

93
0.00524, 0.00170053, 0.0211611
0.999819, 0.0172164, 0.00810371
-0.0116371, 0.890186, -0.455449
-0.015055, 0.455272, 0.890225

94
0.0173808, -0.00210049, -0.0214268
-0.978747, 0.198311, 0.0522141
0.20428, 0.965166, 0.163476
-0.0179762, 0.170668, -0.985165

95
-0.0512945, 0.0178591, -0.0215335
-0.837186, -0.537783, 0.0995416
-0.0450232, 0.249154, 0.967417
-0.545061, 0.805426, -0.232801

96
0.00751295, -0.0143373, -0.0227352
0.516342, -0.85608, -0.022748
-0.415356, -0.273574, 0.867546
-0.748913, -0.438502, -0.496836

97
-0.0535822, -0.0197308, -0.00772103
-0.842289, 0.521197, -0.137489
0.0937227, -0.109576, -0.98955
-0.530816, -0.846373, 0.043447

98
0.0170131, -0.00559203, -0.0192863
-0.975085, 0.220247, 0.0264529
0.2213, 0.974052, 0.0474146
-0.0153235, 0.0520873, -0.998525

99
0.00687771, 0.0238652, -0.0157701
-0.975144, -0.221057, -0.0150956
-0.129797, 0.514694, 0.847492
-0.179575, 0.828386, -0.530594

100
-0.00635321, -0.0486041, 0.0134592
-0.846293, -0.528798, 0.0644971
0.52337, -0.847908, -0.0844713
0.0993559, -0.0377316, 0.994336

101
-0.0471949, -0.0288436, -0.0010373
-0.852444, -0.514277, -0.0941228
-0.0880514, -0.0362379, 0.995457
-0.515351, 0.856858, -0.014392

102
0.0157308, -0.010163, -0.029062
0.641136, -0.767046, -0.0241792
-0.560167, -0.489286, 0.66844
-0.524555, -0.415017, -0.743373

103
-0.0540977, -0.0234377, -0.0227744
-0.835318, 0.547033, 0.0547552
0.0970948, 0.244824, -0.964694
-0.541125, -0.80051, -0.25762

104
-0.0018447, -0.000837591, -0.0193557
-0.99458, -0.103772, 0.00645571
-0.100511, 0.9755, 0.195696
-0.0266054, 0.193987, -0.980643

105
-0.0533637, 0.0215243, 0.019567
-0.837852, -0.545382, 0.0237237
0.144429, -0.179552, 0.973089
-0.526446, 0.81873, 0.229207

106
-0.0483388, 0.0194015, -0.0039627
-0.844394, 0.513087, -0.154082
0.332785, 0.276972, -0.90141
-0.419825, -0.812421, -0.404621

107
-0.0304798, 0.00629098, 0.0291119
0.837736, 0.531771, -0.124174
-0.486121, 0.622632, -0.613201
-0.248768, 0.574064, 0.780106

108
-0.0622417, -0.0406348, 0.0018255
-0.535359, -0.323443, -0.78024
0.20234, -0.945986, 0.253317
-0.82003, -0.0222583, 0.571888

109
0.0143228, 0.0256302, 0.0100945
-0.975849, 0.216433, 0.0295961
-0.0769348, -0.467318, 0.880735
0.204451, 0.857188, 0.472683

110
-0.0778868, 0.000238764, 0.0199557
-0.717302, -0.453091, -0.529326
-0.232274, -0.560743, 0.794743
-0.656907, 0.693019, 0.296981

111
0.0368802, 0.024257, 0.0115554
-0.951402, 0.295868, -0.085422
-0.228198, -0.491077, 0.840695
0.206786, 0.819332, 0.534728

112
0.00492971, -0.0101337, -0.0184146
0.999672, -0.0196177, -0.0164365
-0.0110175, -0.909535, 0.415482
-0.0231004, -0.415165, -0.909453

113
0.00552155, 0.0278094, 0.00298974
-0.985239, -0.170335, 0.0170466
0.0583748, -0.240688, 0.968846
-0.160925, 0.955539, 0.247078

114
0.0164737, 0.00092445, 0.0195397
-0.981822, -0.188838, -0.0191282
0.188285, -0.981729, 0.0275037
-0.0239725, 0.0234022, 0.999439

115
-0.00931773, -0.0342616, -0.0381757
0.838407, 0.543723, 0.0379254
0.492032, -0.784961, 0.376486
0.234474, -0.296988, -0.925646

116
0.00151831, -0.00474046, 0.0177285
-0.993457, 0.113646, 0.0112649
-0.113757, -0.976032, -0.18553
-0.0100899, -0.185598, 0.982574

117
-0.0509009, 0.026023, 0.0113075
-0.803975, 0.505531, -0.313149
-0.162993, -0.693766, -0.701514
-0.571889, -0.512959, 0.640169

118
-0.0672116, 0.048955, -0.0100626
-0.00876939, -0.00541777, 0.999947
0.149263, 0.988775, 0.00666626
-0.988759, 0.149314, -0.00786228

119
-0.00684167, 0.0399844, -0.0292786
-0.848354, 0.52813, -0.0370618
0.526728, 0.834896, -0.159707
-0.0534031, -0.155009, -0.986469

120
-0.0556059, 0.00554661, 0.00110696
-0.138349, -0.105247, -0.984775
-0.8482, -0.500739, 0.172678
-0.511289, 0.859176, -0.0199931

121
-0.0325635, 0.0131148, -0.0317624
-0.714777, 0.451013, -0.534492
0.653311, 0.703335, -0.280187
0.249559, -0.54946, -0.797379

122
-0.0550014, -0.0435408, 0.0157777
-0.621746, -0.383976, -0.682637
0.255199, -0.923334, 0.28693
-0.740476, 0.00418979, 0.672069

123
0.0152175, -0.0306559, 0.00396428
-0.985285, -0.169675, 0.0205794
0.0146782, -0.203959, -0.978869
0.170287, -0.964163, 0.203449

124
-0.0374303, 0.0118578, -0.00212099
-0.138349, -0.105247, -0.984775
-0.979296, -0.13383, 0.151883
-0.147778, 0.9854, -0.0845522

125
-0.0370605, 0.0405672, 0.0349463
-0.793634, 0.493868, -0.355302
-0.389354, -0.861036, -0.327141
-0.467493, -0.121292, 0.875636

126
-0.0698895, -0.00730467, 0.0044871
-0.138349, -0.105247, -0.984775
-0.587972, -0.791415, 0.167185
-0.796962, 0.602151, 0.0476097

127
0.0161574, -0.0333519, 0.00656538
-0.985239, -0.170335, 0.0170466
0.00765224, -0.143303, -0.989649
0.171015, -0.97491, 0.142491

128
0.0511172, 0.0102882, 0.012693
-0.538243, 0.842765, 0.00640726
-0.475634, -0.310029, 0.823198
0.695749, 0.440033, 0.567719

129
-0.00720021, -0.0054525, 0.0190528
-0.988991, 0.147044, 0.0165615
-0.147146, -0.989102, -0.00508299
0.0156336, -0.00746399, 0.99985

130
0.00712993, -0.0135472, -0.0186055
-0.998371, 0.0569027, 0.00415169
0.05255, 0.945457, -0.321481
-0.0222184, -0.32074, -0.946907

131
-0.0579153, 0.012446, -0.00690667
-0.729491, -0.468651, -0.498206
-0.605847, 0.104641, 0.78867
-0.317478, 0.877164, -0.360266

132
0.0102544, 0.000248964, -0.0208438
-0.993268, 0.108349, -0.0409768
0.109763, 0.993377, -0.0339835
0.0370233, -0.0382524, -0.998582

133
-0.00414733, 0.00269477, 0.0190221
-0.989539, -0.143172, 0.0177099
0.143331, -0.989642, 0.0080735
0.0163705, 0.0105274, 0.999811

134
-0.0501181, 0.00585022, -0.0338736
-0.853227, 0.50872, -0.114922
0.439024, 0.581631, -0.684809
-0.281534, -0.634751, -0.719603

135
-0.0603355, -0.0151427, 0.00949885
-0.793634, 0.493868, -0.355302
0.0552527, -0.523078, -0.850492
-0.605882, -0.694611, 0.387845

136
-0.0639315, -0.0442331, 0.00226522
-0.52823, -0.317069, -0.78768
0.496234, -0.86803, 0.0166303
-0.689002, -0.382089, 0.61586

137
-0.0618043, 0.0311041, 0.00286264
0.604487, -0.377516, 0.701482
0.234145, 0.925882, 0.296512
-0.761428, -0.0149892, 0.648076

138
-0.051719, -0.0234298, -0.0142987
-0.52823, -0.317069, -0.78768
-0.446655, -0.685185, 0.575345
-0.72213, 0.655736, 0.220315

139
-0.0474248, 0.0225545, 0.00864214
-0.846348, -0.532619, 0.00348545
0.0725444, -0.108787, 0.991414
-0.527667, 0.839334, 0.13071

140
0.00271567, -0.0335709, 0.0213846
-0.820666, -0.561909, 0.103757
0.25987, -0.528742, -0.808022
0.508895, -0.636153, 0.579944

141
-0.0233633, -0.0114055, 0.0328608
-0.913116, 0.407078, 0.0225281
-0.290128, -0.609976, -0.737398
-0.286437, -0.679865, 0.675083

142
0.00178936, 0.00619041, -0.0184551
0.999514, 0.0160219, -0.0267444
0.0174371, -0.998413, 0.0535507
-0.0258439, -0.0539911, -0.998207

143
0.0151857, -0.0135311, -0.0191598
-0.978747, 0.198311, 0.0522141
0.181851, 0.957009, -0.225974
-0.0947825, -0.211677, -0.972733

144
-0.0694184, 0.00575355, -0.00622553
0.57964, 0.334949, -0.74285
-0.367019, -0.706603, -0.604987
-0.72754, 0.623315, -0.286643

145
-0.0114135, 0.0292926, -0.028412
-0.722683, 0.452956, -0.522074
0.536164, 0.844056, -0.00987557
0.436186, -0.287054, -0.852843

146
-0.0649985, 0.00832041, -0.00428834
-0.621746, -0.383976, -0.682637
-0.586451, -0.349474, 0.730715
-0.519141, 0.854652, -0.00789915

147
-0.00424266, -0.049547, 0.0100242
-0.837186, -0.537783, 0.0995416
0.520801, -0.839464, -0.155134
0.16699, -0.0780346, 0.982866

148
-0.0468046, 0.0214415, -0.0108252
-0.846348, -0.532619, 0.00348545
-0.134907, 0.220693, 0.965968
-0.515263, 0.817075, -0.258637

149
-0.0591868, 0.0265686, -0.00183376
0.604487, -0.377516, 0.701482
-0.0750643, 0.849667, 0.52195
-0.793071, -0.368168, 0.485274

150
-0.0372289, -0.0178844, 0.00118867
-0.0118993, -0.0168222, 0.999788
-0.989542, 0.143938, -0.0093555
-0.14375, -0.989444, -0.018359

151
-0.0449041, 0.0148729, 0.0160792
-0.837186, -0.537783, 0.0995416
0.35358, -0.393344, 0.848682
-0.417253, 0.745701, 0.519451

152
-0.0603187, -0.0451805, 0.00244319
-0.572298, -0.343971, -0.744419
0.492814, -0.869829, 0.0230509
-0.655446, -0.353668, 0.667315

153
-0.0785899, 0.00276368, 0.022477
-0.697603, -0.450545, -0.557098
-0.251296, -0.574293, 0.779126
-0.67097, 0.683518, 0.287408

154
-0.0712278, 0.0111508, 0.00647522
-0.697603, -0.450545, -0.557098
-0.488936, -0.269007, 0.829805
-0.523728, 0.85126, -0.0326279

155
-0.054238, 0.019626, -0.036744
-0.837186, -0.537783, 0.0995416
-0.417253, 0.745701, 0.519451
-0.35358, 0.393344, -0.848682

156
-0.045643, 0.0198358, -0.0107177
0.838407, 0.543723, 0.0379254
0.234474, -0.296988, -0.925646
-0.492032, 0.784961, -0.376486

157
-0.053896, -0.0250754, -0.00333527
-0.835318, 0.547033, 0.0547552
-0.117376, -0.0801536, -0.989848
-0.537091, -0.833265, 0.131162

158
0.0180114, -0.00134252, -0.0260714
-0.973321, 0.223445, 0.0521402
0.226863, 0.903158, 0.364471
0.0343487, 0.366576, -0.929754

159
0.00475232, -0.0242474, -0.0123579
0.999672, -0.0196177, -0.0164365
0.00854385, -0.349572, 0.936871
-0.024125, -0.936704, -0.34929

160
0.000336428, -0.037254, -0.0103545
0.926642, 0.375301, 0.0219817
0.0914951, -0.281848, 0.955087
0.36464, -0.883013, -0.29551

161
-0.0459492, 0.021919, -0.00867502
-0.844394, 0.513087, -0.154082
0.468113, 0.566789, -0.677953
-0.260517, -0.644587, -0.718776

162
0.0119762, 0.00192161, 0.0195849
-0.996231, -0.0835402, -0.0233264
0.0760138, -0.970438, 0.229066
-0.0417731, 0.22643, 0.973131

163
-0.0284298, -0.0263003, -0.0442862
-0.826402, -0.515222, -0.22717
-0.56285, 0.744291, 0.359487
-0.0161346, 0.424943, -0.905076

164
-0.0473778, -0.022157, 0.0130919
-0.848354, 0.52813, -0.0370618
-0.0534031, -0.155009, -0.986469
-0.526728, -0.834896, 0.159707

165
-0.045563, -0.0224072, -0.00833769
0.8327, -0.550998, 0.0548756
-0.257073, -0.296913, 0.91965
-0.490432, -0.7799, -0.388886

166
-0.0465046, -0.014851, -0.0102267
-0.00876939, -0.00541777, 0.999947
-0.988759, 0.149314, -0.00786228
-0.149263, -0.988775, -0.00666626

167
-0.04511, 0.0222201, -0.0163044
0.604487, -0.377516, 0.701482
-0.761428, -0.0149892, 0.648076
-0.234145, -0.925882, -0.296512

168
-0.0510924, 0.0247562, -0.00610549
-0.860544, 0.508393, -0.0316479
0.233801, 0.339022, -0.911264
-0.45255, -0.791582, -0.410605

169
-0.0463169, 0.0160341, 0.0190345
-0.846293, -0.528798, 0.0644971
0.292078, -0.35934, 0.886321
-0.445509, 0.768926, 0.458557

170
0.0178513, -0.00311457, -0.0214656
-0.973321, 0.223445, 0.0521402
0.222738, 0.974692, -0.0190736
-0.0550825, -0.00695114, -0.998458

171
0.00504046, 0.0126516, 0.022515
0.999819, 0.0172164, 0.00810371
-0.00498996, 0.6482, -0.761454
-0.0183623, 0.761276, 0.648168

172
-0.0866378, 0.030478, 0.0128697
0.290276, -0.220965, 0.931082
-0.219935, 0.931525, 0.289638
-0.931326, -0.288853, 0.221801

173
-0.00440167, -0.0268073, -0.00130512
-0.996179, 0.0870913, 0.00650248
0.00474433, 0.128312, -0.991723
-0.0872048, -0.987902, -0.128235

174
-0.0276252, -0.0288415, -0.0440566
-0.824673, -0.508155, -0.248381
-0.565604, 0.742915, 0.358008
0.00260281, 0.435724, -0.900076

175
-0.0397253, 0.0230337, -0.0349691
-0.853227, 0.50872, -0.114922
0.513344, 0.780266, -0.357301
-0.0920967, -0.363853, -0.926892

176
-0.0608432, -0.044238, 0.00235957
-0.535359, -0.323443, -0.78024
0.50075, -0.865459, 0.0151823
-0.680176, -0.382577, 0.625296

177
0.00982556, -0.0140148, 0.013603
0.998928, -0.0405292, 0.022372
0.0312051, 0.946467, 0.321289
-0.034196, -0.320247, 0.946717

178
-0.0317758, -0.0175026, 0.0255093
-0.83108, 0.548946, 0.0892393
-0.444173, -0.558582, -0.700498
-0.334688, -0.621807, 0.708053

179
-0.0455824, 0.0198421, -0.0123253
-0.803975, 0.505531, -0.313149
0.571889, 0.512959, -0.640169
-0.162993, -0.693766, -0.701514

180
0.0136689, -0.0048941, -0.0195865
-0.960908, 0.276806, -0.00590292
0.272897, 0.950506, 0.148546
0.0467293, 0.141128, -0.988888

181
-0.065306, -0.0406204, 0.00173278
-0.52823, -0.317069, -0.78768
0.194791, -0.948174, 0.251044
-0.826456, -0.0208237, 0.562616

182
-0.0464749, 0.0321315, -0.0131851
-0.860544, 0.508393, -0.0316479
0.507574, 0.861064, 0.0306245
0.0428202, 0.0102901, -0.99903

183
-0.0263164, -0.0179906, 0.0663943
-0.837852, -0.545382, 0.0237237
0.47438, -0.705892, 0.526004
-0.270127, 0.451967, 0.850151

184
-0.00752149, -0.00335899, 0.0155483
-0.984885, 0.171835, 0.0217759
-0.172767, -0.983558, -0.0525937
0.0123804, -0.0555609, 0.998379

185
-0.0465736, -0.0279395, -0.0116044
-0.852444, -0.514277, -0.0941228
-0.42667, 0.580266, 0.693717
-0.302146, 0.631514, -0.714071

186
0.00962003, 0.023515, 0.0247107
0.802717, 0.596288, 0.00926272
-0.371174, 0.511707, -0.774846
-0.466771, 0.618544, 0.632082

187
-0.0486778, -0.0253297, -0.006807
-0.852444, -0.514277, -0.0941228
-0.278565, 0.294426, 0.914174
-0.442426, 0.805501, -0.394241

188
-0.0749175, -0.031876, 0.006892
-0.535359, -0.323443, -0.78024
-0.126874, -0.882495, 0.452886
-0.835041, 0.341449, 0.431415

189
0.00506192, -0.0143314, -0.0213523
0.437092, -0.899234, -0.018149
-0.415034, -0.219556, 0.882917
-0.797933, -0.378383, -0.469179

190
-0.0763663, 0.00566529, 0.00338039
-0.190456, -0.15084, -0.970038
-0.840944, -0.484747, 0.240488
-0.506498, 0.86155, -0.0345246

191
0.00843738, 0.00972462, -0.0231604
-0.998371, 0.0569027, 0.00415169
0.0528692, 0.895336, 0.442242
0.0214477, 0.441742, -0.896886

192
-0.0479776, 0.00726215, -0.0206598
-0.72413, -0.441078, -0.530175
-0.621611, 0.084446, 0.778761
-0.298723, 0.893487, -0.335329

193
-0.0557635, -0.0235371, -0.0110594
-0.572298, -0.343971, -0.744419
-0.416962, -0.659616, 0.62534
-0.706129, 0.668275, 0.234074

194
0.0331705, 0.0139865, 0.0172997
-0.951402, 0.295868, -0.085422
-0.289961, -0.767241, 0.57207
0.103718, 0.569037, 0.815745

195
-0.0873361, 0.0226888, 0.00283168
0.267466, -0.176499, 0.947265
-0.212334, 0.948119, 0.236612
-0.939881, -0.264422, 0.216113

196
0.0118198, 0.00228181, 0.0179997
-0.987, 0.160446, 0.00935913
-0.160623, -0.982725, -0.0919312
-0.00555253, -0.0922394, 0.995721

197
0.00986277, -0.0242609, -0.00662037
0.998928, -0.0405292, 0.022372
-0.0196513, 0.0663278, 0.997604
-0.041916, -0.996974, 0.0654603

198
-0.044612, -0.0310346, 0.025319
-0.826402, -0.515222, -0.22717
0.409404, -0.826774, 0.38579
-0.386586, 0.225813, 0.894181

199
-0.0518014, 0.0117545, -0.0182399
-0.621746, -0.383976, -0.682637
-0.740476, 0.00418979, 0.672069
-0.255199, 0.923334, -0.28693

200
-0.077707, 0.00542104, 0.022116
-0.714777, 0.451013, -0.534492
0.249559, -0.54946, -0.797379
-0.653311, -0.703335, 0.280187

201
-0.04079, 0.0201614, 0.0130562
0.857082, 0.513428, 0.0424588
-0.0146725, 0.106709, -0.994182
-0.514971, 0.851472, 0.0989915

202
-0.0425022, -0.00670087, -0.0384667
-0.8567, 0.512524, 0.0581749
0.286074, 0.565947, -0.773218
-0.429216, -0.645773, -0.631467

203
0.0107535, 0.0043321, -0.0221459
-0.993268, 0.108349, -0.0409768
0.0872392, 0.932399, 0.350744
0.0762094, 0.344808, -0.935574

204
-0.00290349, -0.00560869, 0.021394
-0.989539, -0.143172, 0.0177099
0.126156, -0.918339, -0.375152
0.0699749, -0.368993, 0.926794

205
-0.00260068, -0.00792857, 0.019914
-0.988057, -0.151093, 0.0302433
0.13618, -0.94807, -0.287434
0.0721021, -0.279883, 0.957323

206
0.00222759, -0.0239393, -0.0201269
0.999514, 0.0160219, -0.0267444
0.0306043, -0.667807, 0.743705
-0.0059445, -0.744162, -0.667973

207
-0.0294261, -0.023015, -0.00309654
-0.913116, 0.407078, 0.0225281
-0.00260977, 0.0494193, -0.998775
-0.407693, -0.912056, -0.0440632

208
0.012574, 0.0234752, -0.00359051
-0.985823, -0.165564, -0.027237
-0.00576034, -0.128838, 0.991649
-0.167691, 0.977747, 0.126057

209
0.0144405, 0.00422499, -0.0237248
-0.992304, 0.11947, 0.0325629
0.123477, 0.934898, 0.332746
0.00931009, 0.334206, -0.942454

210
-0.042495, -0.0112101, -0.0433432
-0.842289, 0.521197, -0.137489
0.441616, 0.520994, -0.730439
-0.309072, -0.675958, -0.668996

211
0.00474218, 0.0101224, -0.0220193
0.99955, 0.0139245, -0.0265813
0.000827078, -0.898266, -0.439451
-0.0299962, 0.439231, -0.897873

212
-0.0121025, 0.0407842, -0.0237267
-0.835318, 0.547033, 0.0547552
0.537091, 0.833265, -0.131162
-0.117376, -0.0801536, -0.989848

213
0.00475517, -0.0273614, -0.00579769
0.999635, -0.0245174, 0.0113755
-0.0122977, -0.0377985, 0.99921
-0.0240681, -0.998985, -0.0380862

214
-0.0522283, 0.0248384, 0.0100781
0.825922, 0.562654, 0.0356879
0.00725712, 0.0526853, -0.998585
-0.563738, 0.825012, 0.0394306

215
0.0183181, -0.00565232, -0.0221488
0.889184, -0.457344, -0.0136941
-0.455484, -0.887615, 0.0683732
-0.0434252, -0.0545589, -0.997566

216
0.0106479, 0.0237488, -0.0018548
-0.996231, -0.0835402, -0.0233264
-0.00950409, -0.162177, 0.986716
-0.0862134, 0.983219, 0.160772

217
-0.012444, 0.0418774, -0.023797
-0.8567, 0.512524, 0.0581749
0.505786, 0.856816, -0.100233
-0.101217, -0.0564456, -0.993262

218
-0.037505, 0.0149318, 0.00203073
-0.0765684, -0.0735646, -0.994347
-0.985827, -0.143717, 0.086545
-0.149272, 0.986881, -0.0615178

219
0.00523726, -0.0203483, -0.0193645
0.99955, 0.0139245, -0.0265813
0.0280294, -0.749548, 0.661356
-0.0107149, -0.661803, -0.749601

220
0.0350264, 0.00726488, 0.0455491
-0.769731, 0.638043, 0.0203785
-0.633506, -0.759545, -0.147517
-0.0786439, -0.126458, 0.98885

221
0.0197978, -0.000202392, -0.0306853
-0.232545, -0.972235, 0.0261035
-0.692199, 0.184299, 0.697779
-0.683216, 0.144196, -0.715838

222
-0.0533552, -0.0144129, 0.0110478
-0.842289, 0.521197, -0.137489
-0.116546, -0.425128, -0.897598
-0.526276, -0.740013, 0.418824

223
0.00461718, 0.00227243, -0.0369109
0.150243, 0.988641, 0.00403629
0.475433, -0.0686706, -0.877068
-0.866828, 0.133693, -0.48035

224
-0.045248, -0.0247554, -0.0185807
-0.572298, -0.343971, -0.744419
-0.794145, 0.00612275, 0.607697
-0.204472, 0.93896, -0.276667

225
0.0134839, -0.0151063, -0.0203081
0.889184, -0.457344, -0.0136941
-0.404194, -0.79917, 0.444921
-0.214426, -0.390081, -0.895465

226
0.0157838, 0.000699267, 0.0186796
-0.985823, -0.165564, -0.027237
0.167691, -0.977747, -0.126057
-0.00576034, -0.128838, 0.991649

227
0.0186596, 0.012205, 0.0196479
-0.949487, -0.312492, -0.0287089
0.279464, -0.88364, 0.375607
-0.142742, 0.34861, 0.926334

228
-0.0415522, -0.0154106, -0.0241238
-0.848354, 0.52813, -0.0370618
0.334692, 0.480752, -0.810468
-0.410215, -0.699969, -0.584609

229
-0.0474697, -0.0214833, 0.029872
0.8327, -0.550998, 0.0548756
0.16501, 0.341523, 0.925275
-0.528566, -0.761422, 0.375307

230
-0.0548726, 0.0241674, -0.00684373
0.604487, -0.377516, 0.701482
-0.372845, 0.644098, 0.667925
-0.703976, -0.665296, 0.248594

231
-0.0432724, 0.0240154, -0.0163635
-0.844394, 0.513087, -0.154082
0.532176, 0.770318, -0.351283
-0.0615466, -0.37862, -0.923504

232
0.0121346, 2.99521e-05, 0.0195977
-0.996231, -0.0835402, -0.0233264
0.0862134, -0.983219, -0.160772
-0.00950409, -0.162177, 0.986716

233
0.0155537, 0.00555797, 0.0159765
-0.97204, -0.234816, 0.000175818
0.234799, -0.971959, 0.0128469
-0.00284577, 0.012529, 0.999917

234
0.0318112, -0.0062355, -0.046324
-0.631904, -0.774847, 0.0175779
-0.748004, 0.615638, 0.247953
-0.202947, 0.143534, -0.968613

235
-0.0357373, -0.00463458, -0.0531463
0.837736, 0.531771, -0.124174
0.415862, -0.768637, -0.486062
-0.353918, 0.355552, -0.865058

236
-0.00592598, 0.00285347, 0.0213996
-0.988991, 0.147044, 0.0165615
-0.129962, -0.916667, 0.37793
0.0707538, 0.371617, 0.925686

237
0.0103983, -0.0217355, -0.0259578
0.998928, -0.0405292, 0.022372
-0.034196, -0.320247, 0.946717
-0.0312051, -0.946467, -0.321289

238
-0.00329086, -0.0262883, -0.044667
0.926642, 0.375301, 0.0219817
0.371897, -0.923656, 0.0924801
0.0550114, -0.077521, -0.995472

239
-0.0595116, 0.0129265, -0.0201829
-0.826402, -0.515222, -0.22717
-0.386586, 0.225813, 0.894181
-0.409404, 0.826774, -0.38579

240
-0.0430961, -0.0354021, 0.0207316
-0.824673, -0.508155, -0.248381
0.398102, -0.833424, 0.383301
-0.401783, 0.217217, 0.8896

241
-0.0222168, -0.0435303, 0.0144328
0.964658, -0.262906, 0.0177795
0.000379172, 0.0688575, 0.997626
-0.263507, -0.962361, 0.0665236

242
-0.00283501, -0.027193, -0.0484365
0.926642, 0.375301, 0.0219817
0.322537, -0.823681, 0.466391
0.193143, -0.425088, -0.884305

243
-0.0693941, -0.0195134, 0.0253545
-0.717302, -0.453091, -0.529326
0.0367942, -0.783266, 0.620597
-0.69579, 0.425679, 0.57851

244
0.013046, 0.0184486, 0.0205157
-0.975849, 0.216433, 0.0295961
-0.149319, -0.759777, 0.632805
0.159446, 0.613103, 0.773745

245
0.00588118, -0.0141049, 0.022336
-0.975849, 0.216433, 0.0295961
-0.204451, -0.857188, -0.472683
-0.0769348, -0.467318, 0.880735

246
-0.0497686, -0.0186062, -0.0268206
-0.842289, 0.521197, -0.137489
0.289723, 0.222657, -0.930851
-0.454544, -0.823879, -0.338545

247
-0.0292016, 0.0191162, -0.068108
-0.835318, 0.547033, 0.0547552
0.45129, 0.739163, -0.499976
-0.313977, -0.392929, -0.864306

248
0.0204811, 0.000130468, 0.0214146
0.901139, -0.433436, -0.00902961
0.396839, 0.83308, -0.385353
0.174548, 0.343673, 0.922725

249
-0.00706986, 0.0119397, 0.0193996
-0.998095, 0.0447904, 0.0424171
-0.0251448, -0.92329, 0.38328
0.0563306, 0.381483, 0.922658

250
0.0096463, -0.0191973, 0.0122188
0.998928, -0.0405292, 0.022372
-0.00211487, 0.442805, 0.896616
-0.0462455, -0.895702, 0.442244

251
-0.0682994, 0.0111097, 0.00955505
-0.729491, -0.468651, -0.498206
-0.438236, -0.239, 0.866503
-0.525159, 0.850438, -0.0310314

252
-0.0434881, 0.0302266, 0.0248082
-0.853227, 0.50872, -0.114922
-0.428111, -0.809014, -0.402762
-0.297867, -0.294448, 0.908062

253
0.0147694, -0.0256833, 0.014891
-0.995918, -0.0881918, -0.0192396
0.0600212, -0.487807, -0.870885
0.0674197, -0.868485, 0.491109

254
0.0135154, 0.0247731, -0.00211261
-0.944249, -0.329207, 0.00411594
0.0156091, -0.0322763, 0.999357
-0.328863, 0.943706, 0.0356155

255
-0.0500802, 0.0205756, 0.0275716
0.825922, 0.562654, 0.0356879
-0.393492, 0.620626, -0.678224
-0.403755, 0.546117, 0.733988

256
-0.00175516, -0.00175478, -0.0203051
-0.99458, -0.103772, 0.00645571
-0.103042, 0.97548, -0.194476
0.0138838, -0.194087, -0.980886

257
-0.0397034, -0.0222223, -0.00388089
0.854042, -0.517871, 0.0492074
-0.165307, -0.180486, 0.969587
-0.49324, -0.836202, -0.23975

258
-0.0114705, 0.00235785, 0.0428291
0.93318, -0.356166, -0.048177
0.359228, 0.92855, 0.093543
0.0114179, -0.104599, 0.994449

259
-0.066155, -0.01391, 0.00988126
-0.722683, 0.452956, -0.522074
0.197803, -0.588209, -0.784145
-0.662272, -0.669956, 0.335493

260
-0.0104087, -0.0413809, -0.00286165
-0.998095, 0.0447904, 0.0424171
-0.0424201, 0.000883372, -0.999099
-0.0447876, -0.998996, 0.00101833

261
-0.0709422, 0.00833047, 0.00361861
-0.717302, -0.453091, -0.529326
-0.46598, -0.252852, 0.847896
-0.518015, 0.854853, -0.0297602

262
-0.0268238, 0.0219858, -0.0603124
-0.8567, 0.512524, 0.0581749
0.428552, 0.769994, -0.472708
-0.287068, -0.380038, -0.879297

263
-0.00826962, -0.0148212, 0.0194269
-0.998095, 0.0447904, 0.0424171
-0.0576118, -0.922614, -0.381398
0.0220516, -0.383115, 0.923437

264
-0.0202896, -0.0202354, -0.0405701
-0.717302, -0.453091, -0.529326
-0.656907, 0.693019, 0.296981
0.232274, 0.560743, -0.794743

265
0.0310594, 0.0223901, 0.0086061
0.901139, -0.433436, -0.00902961
0.157183, 0.346063, -0.924951
0.404032, 0.83209, 0.379979

266
-0.0651191, 0.0112432, -0.00157781
-0.824673, -0.508155, -0.248381
-0.218852, -0.118256, 0.968566
-0.521554, 0.853109, -0.0136885

267
0.022216, 0.0060825, 0.0211452
0.878316, 0.478062, -0.00419855
-0.460151, 0.84296, -0.278711
-0.129702, 0.246729, 0.960366

268
-0.00338256, -0.0140516, -0.0160213
-0.996179, 0.0870913, 0.00650248
0.0823823, 0.961806, -0.261042
-0.0289886, -0.259509, -0.965305

269
-0.0141009, -0.017007, -0.0337048
0.964658, -0.262906, 0.0177795
-0.243303, -0.862755, 0.443235
-0.10119, -0.431896, -0.896229

270
0.00241582, -0.017903, -0.00424444
0.516342, -0.85608, -0.022748
-0.0971429, -0.0849416, 0.991639
-0.850855, -0.509815, -0.127021

271
0.0204049, 0.00525345, 0.0171622
-0.944249, -0.329207, 0.00411594
0.328863, -0.943706, -0.0356155
0.0156091, -0.0322763, 0.999357

272
0.0119126, -0.0183241, -0.0180276
-0.992304, 0.11947, 0.0325629
0.0938949, 0.897392, -0.431129
-0.0807285, -0.424753, -0.901703

273
-0.0573797, -0.0397772, 0.0414342
-0.729491, -0.468651, -0.498206
0.525159, -0.850438, 0.0310314
-0.438236, -0.239, 0.866503

274
-0.0463424, -0.015072, -0.0212685
-0.8567, 0.512524, 0.0581749
0.100044, 0.27574, -0.956012
-0.50602, -0.813195, -0.287502

275
-0.0177477, -0.0168727, 0.00143755
-0.0118993, -0.0168222, 0.999788
-0.969229, -0.245662, -0.015669
0.245874, -0.96921, -0.0133813

276
-0.0532167, -0.0142691, -0.0136883
0.267466, -0.176499, 0.947265
-0.949594, 0.118535, 0.290209
-0.163506, -0.977137, -0.135898

277
-0.0078033, -0.0150327, -0.0432458
-0.621746, -0.383976, -0.682637
-0.704048, 0.655858, 0.272335
0.343143, 0.649933, -0.678115

278
0.00930148, -0.0200239, -0.0181228
-0.960908, 0.276806, -0.00590292
0.22601, 0.771902, -0.594211
-0.159925, -0.572316, -0.804287

279
-0.0499883, 0.0261931, -0.0130472
-0.860544, 0.508393, -0.0316479
0.485323, 0.799457, -0.354019
-0.154679, -0.320008, -0.934703

280
-0.0440712, -0.0235925, -0.00199487
0.12702, -0.103013, 0.986536
-0.978813, 0.148014, 0.141481
-0.160595, -0.983606, -0.0820298

281
-0.0239014, -0.0318905, -0.00251155
0.928623, -0.370257, 0.0238704
-0.100341, -0.188679, 0.976899
-0.3572, -0.909566, -0.212363

282
0.00500762, -0.0273711, 0.00689777
0.999672, -0.0196177, -0.0164365
0.0171257, 0.0354988, 0.999223
-0.019019, -0.999177, 0.0358231

283
-0.00976115, -0.0235993, 0.0272429
-0.988991, 0.147044, 0.0165615
-0.115102, -0.694123, -0.710595
-0.0929931, -0.704678, 0.703406

284
0.0098473, -0.0220609, -0.0241749
0.889184, -0.457344, -0.0136941
-0.291369, -0.589059, 0.753733
-0.352782, -0.666217, -0.657038

285
0.0139446, 0.0120963, 0.01597
-0.985823, -0.165564, -0.027237
0.152722, -0.952625, 0.263026
-0.0694943, 0.255137, 0.964404

286
0.014366, 0.0124546, 0.0138983
-0.981822, -0.188838, -0.0191282
0.164779, -0.898044, 0.407879
-0.0942012, 0.397312, 0.912836

287
0.016324, 0.0187795, 0.0195122
0.922831, 0.384542, 0.0225997
-0.264836, 0.675974, -0.687692
-0.279723, 0.628639, 0.72565

288
0.00569112, -0.0231507, 0.0182991
0.999819, 0.0172164, 0.00810371
-0.0183623, 0.761276, 0.648168
0.00498996, -0.6482, 0.761454

289
-0.0701732, -0.00460188, 0.00599146
-0.0765684, -0.0735646, -0.994347
-0.591534, -0.799454, 0.104696
-0.802636, 0.596206, 0.0176969

290
0.018707, 0.00250172, -0.0242367
-0.975085, 0.220247, 0.0264529
0.210319, 0.879974, 0.425924
0.0705308, 0.420876, -0.904372

291
0.0123598, 0.000975511, 0.0174244
-0.995918, -0.0881918, -0.0192396
0.0901143, -0.959044, -0.268542
0.00523158, -0.26918, 0.963076

292
-0.0485953, -0.0395339, 0.0191251
-0.697603, -0.450545, -0.557098
0.296754, -0.889406, 0.347697
-0.65214, 0.0772333, 0.754154

293
0.0117658, 0.014286, 0.0185235
0.70681, 0.707253, -0.0145881
-0.368479, 0.350489, -0.861035
-0.603856, 0.613963, 0.508337

294
-0.0366617, 0.00816008, -0.0300073
-0.621746, -0.383976, -0.682637
-0.781771, 0.357215, 0.511108
0.0475954, 0.851446, -0.522279

295
-0.0490631, 0.023086, 0.0122759
-0.844394, 0.513087, -0.154082
-0.260517, -0.644587, -0.718776
-0.468113, -0.566789, 0.677953

296
0.0050651, 0.0371328, 0.00581129
0.876003, -0.476925, -0.0718348
0.0328928, 0.20767, -0.977646
0.481182, 0.854058, 0.197607

297
0.0115168, -0.00567056, 0.0149543
-0.985239, -0.170335, 0.0170466
0.160925, -0.955539, -0.247078
0.0583748, -0.240688, 0.968846

298
0.0143178, 0.028077, -0.0095195
-0.949487, -0.312492, -0.0287089
-0.0249305, -0.0160804, 0.99956
-0.312816, 0.949784, 0.00747756

299
-0.0106861, 0.00320429, 0.0389889
0.876003, -0.476925, -0.0718348
0.481182, 0.854058, 0.197607
-0.0328928, -0.20767, 0.977646

300
-0.0229566, -0.023029, -0.0172782
0.910294, -0.412315, 0.0369052
-0.238572, -0.449668, 0.860745
-0.338303, -0.792335, -0.507697

301
0.00751802, 0.0206273, -0.0187072
0.764543, 0.644414, -0.0142936
0.141671, -0.189631, -0.971581
-0.628811, 0.74079, -0.236276

302
-0.0695246, 0.0434624, 0.00183649
-0.0118993, -0.0168222, 0.999788
