0
0.0119524, 0.0218664, 0.00929451
0.998646, -0.0429782, -0.0293072
-0.0149957, 0.301628, -0.953308
0.0498113, 0.952457, 0.300575

1
0.0334417, 0.0216219, -0.00629579
-0.995359, -0.0962364, -6.46784e-06
-0.000100537, 0.000972636, 1
-0.0962363, 0.995358, -0.000977797

2
0.00135784, -0.020274, -0.0093389
0.9998, 0.0151416, -0.0130743
0.0149698, -0.132724, 0.99104
0.0132706, -0.991037, -0.132925

3
-0.000375173, 0.0200698, 0.00799093
0.998717, -0.050309, 0.00577411
0.0222244, 0.332999, -0.942665
0.0455018, 0.941584, 0.33369

4
0.045801, 0.0192191, -0.024812
-0.920301, -0.382085, 0.0840004
-0.204452, 0.652809, 0.729411
-0.333533, 0.654104, -0.678899

5
0.0311846, 0.0245651, -0.0018496
-0.997304, -0.0729658, -0.00773693
-0.0068548, -0.0123323, 0.9999
-0.073054, 0.997258, 0.0117989

6
0.0372452, 0.0256424, -0.00639165
-0.988019, -0.154063, 0.00913412
-0.0216676, 0.197068, 0.98015
-0.152805, 0.968209, -0.198045

7
0.031521, 0.0212688, -0.0141309
-0.997304, -0.0729658, -0.00773693
-0.0342896, 0.370241, 0.928303
-0.0648699, 0.926066, -0.371745

8
0.0484486, 0.0124985, -0.0263749
-0.920301, -0.382085, 0.0840004
-0.316527, 0.853431, 0.414084
-0.229904, 0.354494, -0.906354

9
0.00729307, -0.0223129, -0.00557025
0.999456, 0.0055723, -0.0325108
0.032565, -0.00992027, 0.99942
0.00524656, -0.999935, -0.0100963

10
0.0128951, -0.0227818, 0.00182046
0.999941, -0.00193658, -0.0106541
0.0108086, 0.118651, 0.992877
-0.000658666, -0.992934, 0.118664

11
0.004577, -0.0227661, -0.00413254
0.999533, 0.0186582, -0.0241852
0.0252857, -0.061191, 0.997806
0.0171374, -0.997952, -0.0616342

12
-0.003222, 0.0258575, -0.000929638
-0.998572, 0.0524575, -0.0101423
-0.0208341, -0.207502, 0.978013
0.0491996, 0.976827, 0.208298

13
0.0223781, 0.0213845, -0.0112063
0.999776, -0.0183255, 0.0105578
0.00490825, -0.284531, -0.958654
0.0205719, 0.958492, -0.284377

14
0.0328134, -0.0169272, 0.0163472
-0.998344, 0.0523267, 0.0238997
-0.0518505, -0.638563, -0.767821
-0.0249161, -0.767789, 0.640218

15
0.0076042, 0.0183484, 0.0109638
0.999456, 0.0055723, -0.0325108
-0.0320939, 0.391824, -0.91948
0.0076149, 0.920023, 0.391789

16
-0.0424923, 0.0516416, 0.00236557
-0.999379, 0.0332396, -0.0116894
-0.00941379, 0.0678123, 0.997654
0.0339543, 0.997144, -0.0674573

17
-0.00520187, -0.00806478, 0.0185497
-0.998572, 0.0524575, -0.0101423
-0.0374816, -0.823063, -0.566712
-0.038076, -0.565522, 0.823854

18
0.0222854, 0.0235497, 0.00132808
0.999776, -0.0183255, 0.0105578
0.0124071, 0.103927, -0.994508
0.0171276, 0.994416, 0.104131

19
0.00105756, 0.0180431, 0.0120743
0.9998, 0.0151416, -0.0130743
-0.0189088, 0.501875, -0.864733
-0.00653178, 0.864808, 0.502061

20
-0.0233773, 0.000264757, -0.0340904
-0.99558, 0.0482051, -0.0805991
0.0700942, 0.952583, -0.296096
0.062504, -0.300437, -0.951752

21
0.00616633, -0.0226315, -0.0134534
0.998159, 0.0410614, 0.0446379
-0.0335661, -0.239006, 0.970438
0.0505163, -0.97015, -0.237188

22
-0.0116472, -0.0199128, -0.00468057
-0.999731, 0.0183886, 0.0141669
-0.0126566, 0.0797978, -0.996731
-0.019459, -0.996641, -0.0795435

23
-0.0153607, -0.0210882, -0.00489685
-0.997693, 0.0560503, 0.0383041
-0.032259, 0.10504, -0.993945
-0.0597344, -0.992887, -0.102989

24
-0.00625781, 0.0229988, -0.00613393
-0.998524, 0.0538723, -0.00691841
0.00351344, 0.191175, 0.98155
0.054201, 0.980077, -0.191082

25
-0.0108103, 0.00839047, 0.0176404
-0.999731, 0.0183886, 0.0141669
-0.019459, -0.996641, -0.0795435
0.0126566, -0.0797978, 0.996731

26
0.0367012, 0.00949184, -0.0257524
-0.798024, -0.23405, 0.555317
-0.0232556, 0.932772, 0.359717
-0.602176, 0.274149, -0.749818

27
0.00850725, 0.0230757, 0.00348897
0.998353, -0.0444404, 0.0362911
0.0449587, 0.212948, -0.976029
0.035647, 0.976052, 0.214595

28
-0.00172168, -0.0209149, -0.00127328
0.999871, 0.0151684, 0.00528704
-0.00571442, 0.0282727, 0.999584
0.0150126, -0.999485, 0.0283557

29
-0.00665688, 0.0178324, 0.0126771
-0.998703, 0.0508543, -0.00252448
-0.0390817, -0.733839, 0.678198
0.0326368, 0.677417, 0.734874

30
-0.00413404, 0.0118852, 0.0166002
-0.998572, 0.0524575, -0.0101423
-0.0534273, -0.981878, 0.181827
-0.000420313, 0.182109, 0.983278

31
-0.0300863, 0.012922, 0.0211648
-0.993266, 0.115818, 0.00287305
-0.115698, -0.990338, -0.0764446
-0.00600839, -0.0762623, 0.99707

32
0.0321006, -0.0219348, -0.00246324
-0.998344, 0.0523267, 0.0238997
-0.0190455, 0.0913768, -0.995634
-0.0542822, -0.994441, -0.0902289

33
-0.00203259, -0.00549848, 0.0132951
0.999871, 0.0151684, 0.00528704
-0.0150126, 0.999485, -0.0283557
-0.00571442, 0.0282727, 0.999584

34
-0.0377606, 0.0293721, -0.0292542
-0.473472, -0.880282, -0.0304512
-0.392369, 0.241741, -0.887473
0.788588, -0.408245, -0.459853

35
-0.00420818, 0.015718, 0.01518
-0.998538, 0.0539602, -0.00312909
-0.0524478, -0.953302, 0.297429
0.0130664, 0.297159, 0.954739

36
-0.00715932, 0.0136654, 0.012622
-0.997723, 0.0674398, 0.000887315
-0.0663244, -0.98344, 0.168661
0.0122471, 0.168218, 0.985674

37
0.00851016, 0.00202981, -0.0223629
0.998353, -0.0444404, 0.0362911
-0.0501385, -0.983246, 0.17525
0.0278949, -0.176781, -0.983855

38
0.00881556, 0.0261143, -0.00127157
0.998353, -0.0444404, 0.0362911
0.0278949, -0.176781, -0.983855
0.0501385, 0.983246, -0.17525

39
0.0364586, 0.0187277, -0.0222085
-0.798024, -0.23405, 0.555317
0.208957, 0.756856, 0.619278
-0.565238, 0.610237, -0.555083

40
0.0313559, 0.0218663, 0.00151255
-0.997304, -0.0729658, -0.00773693
0.0216235, -0.393028, 0.919272
-0.0701163, 0.916627, 0.393546

41
0.00586738, 0.0136445, -0.0199125
0.998306, -0.0157049, 0.0560294
-0.00222419, -0.972485, -0.232956
0.0581463, 0.232437, -0.970872

42
0.00808164, -0.00719252, -0.0218678
0.998353, -0.0444404, 0.0362911
-0.0569968, -0.84075, 0.538415
0.00658439, -0.539596, -0.841898

43
0.012765, -0.0208019, -0.0107442
0.999941, -0.00193658, -0.0106541
0.00973382, -0.270361, 0.96271
-0.00474482, -0.962757, -0.270326

44
0.0300975, -0.0095916, -0.0198146
0.999553, 0.0159432, -0.0252884
0.0294886, -0.664783, 0.746454
-0.00491037, -0.746866, -0.664956

45
-0.00178043, -0.020953, 0.00994533
0.999871, 0.0151684, 0.00528704
-0.0146562, 0.726735, 0.686762
0.00657478, -0.686751, 0.726863

46
-0.00172266, -0.022719, 0.00408729
0.999871, 0.0151684, 0.00528704
-0.0110245, 0.408607, 0.912644
0.011683, -0.912584, 0.408721

47
-0.0244813, 0.0136636, -0.0240498
0.996737, -0.0510455, 0.0625228
-0.0571893, -0.993264, 0.100779
0.0569573, -0.104026, -0.992942

48
0.0323099, -0.0195955, 0.00115625
-0.998344, 0.0523267, 0.0238997
-0.0383686, -0.296135, -0.954375
-0.0428618, -0.953712, 0.297652

49
-0.0431054, 0.0177314, -0.0416379
-0.999379, 0.0332396, -0.0116894
0.0277671, 0.947192, 0.319463
0.0216909, 0.31894, -0.947527

50
-0.00399276, 0.0141987, 0.0146554
-0.998572, 0.0524575, -0.0101423
-0.0495212, -0.837447, 0.54427
0.0200574, 0.543995, 0.838849

51
0.00160878, -0.0210004, 0.0090096
0.9998, 0.0151416, -0.0130743
0.0012015, 0.606919, 0.794763
0.019969, -0.79462, 0.606779

52
-0.009394, -0.0192022, -0.00203161
-0.997723, 0.0674398, 0.000887315
-0.0122471, -0.168218, -0.985674
-0.0663244, -0.98344, 0.168661

53
-0.0155621, -0.00454402, -0.0084384
-0.487063, -0.873367, -0.000861455
-0.0376043, 0.0219568, -0.999051
0.872557, -0.486568, -0.0435367

54
0.00810865, -0.0230493, 0.00183948
0.997716, 0.028296, 0.0613413
-0.0638713, 0.0994516, 0.99299
0.0219971, -0.99464, 0.101032

55
-0.017582, -0.0202828, -0.000698739
-0.997422, 0.0435326, 0.0570509
-0.0631363, -0.154415, -0.985987
-0.034113, -0.987047, 0.156765

56
0.00152716, -0.0204729, 0.00337882
0.9998, 0.0151416, -0.0130743
0.00875185, 0.256632, 0.96647
0.0179892, -0.966391, 0.256448

57
-0.0900718, 0.0389954, -0.0272807
-0.324037, -0.945058, 0.0431786
-0.601768, 0.241119, 0.761405
-0.729983, 0.22074, -0.646837

58
0.0432274, 0.0289704, 0.0024559
-0.944595, -0.328045, 0.0112321
0.0522094, -0.116375, 0.991832
-0.324058, 0.937466, 0.127055

59
-0.0149486, -0.0211116, 0.00587191
-0.997693, 0.0560503, 0.0383041
-0.0526628, -0.282918, -0.957697
-0.0428424, -0.957505, 0.285217

60
-0.00619915, 0.0254908, 0.00480449
-0.998524, 0.0538723, -0.00691841
-0.0358415, -0.557838, 0.829176
0.0408103, 0.8282, 0.558945

61
-0.0275392, 0.0292656, 0.0170784
-0.99884, 0.0398713, 0.0270084
-0.00311652, -0.613173, 0.789942
0.0480569, 0.788942, 0.612586

62
0.0304387, 0.00498469, 0.0145157
-0.997733, 0.0669431, -0.00683605
-0.0662738, -0.959967, 0.272162
0.011657, 0.271998, 0.962227

63
-0.0265193, 0.00398111, 0.0214002
-0.160732, 0.986432, -0.033432
-0.255281, -0.0088285, 0.966827
0.953413, 0.163934, 0.253236

64
-0.0036663, 0.0247153, -0.00258551
-0.998538, 0.0539602, -0.00312909
-0.00799911, -0.090274, 0.995885
0.0534557, 0.994454, 0.0905737

65
-0.0236529, 0.0163935, -0.02104
-0.99558, 0.0482051, -0.0805991
0.0408394, 0.995044, 0.0906628
0.0845701, 0.0869705, -0.992615

66
-0.00662782, 0.021522, 0.0131208
-0.997723, 0.0674398, 0.000887315
-0.0382384, -0.576449, 0.816238
0.0555584, 0.814345, 0.577715

67
0.00769663, -0.0209472, 0.00707019
0.999456, 0.0055723, -0.0325108
0.0280784, 0.373494, 0.927208
0.0173093, -0.927616, 0.373134

68
-0.00610864, 0.0238566, -0.010108
-0.998273, 0.0558738, -0.0181268
-0.00277058, 0.26346, 0.964666
0.0586752, 0.963051, -0.262851

69
-0.0111312, -0.00937304, 0.0180481
-0.999731, 0.0183886, 0.0141669
-0.0227092, -0.648306, -0.761041
-0.00480998, -0.761157, 0.648549

70
-0.0288594, -0.0123365, -0.0188782
0.752418, 0.658482, -0.016392
0.256689, -0.270207, 0.927954
0.606612, -0.702417, -0.372333

71
0.00805557, -0.0236876, 0.00299718
0.997716, 0.028296, 0.0613413
-0.0674274, 0.472514, 0.87874
-0.0041198, -0.880869, 0.473342

72
0.0339249, 0.0166229, 0.0137718
-0.995359, -0.0962364, -6.46784e-06
0.0888723, -0.919219, 0.383587
-0.0369209, 0.381806, 0.923505

73
-0.049188, 0.00164796, 0.0325459
0.122402, -0.992475, 0.00332344
0.889597, 0.108228, -0.443739
0.44004, 0.0572711, 0.89615

74
-0.00330996, 0.0253621, 0.00516837
-0.998572, 0.0524575, -0.0101423
-0.038076, -0.565522, 0.823854
0.0374816, 0.823063, 0.566712

75
-0.0068631, 0.0144164, 0.0143967
-0.998524, 0.0538723, -0.00691841
-0.0487306, -0.832313, 0.552159
0.0239878, 0.551681, 0.83371

76
0.00589095, -0.00431048, -0.0241488
0.998159, 0.0410614, 0.0446379
0.0119855, -0.855002, 0.518486
0.0594552, -0.516997, -0.85392

77
0.00888272, -0.0228226, -0.0108553
0.997716, 0.028296, 0.0613413
-0.0505915, -0.288751, 0.956067
0.0447652, -0.956986, -0.28666

78
0.028607, -0.0230944, 0.00688637
-0.997733, 0.0669431, -0.00683605
-0.011657, -0.271998, -0.962227
-0.0662738, -0.959967, 0.272162

79
0.0383985, 0.0227515, 0.00365424
-0.986533, -0.163525, 0.00362131
0.0368929, -0.200893, 0.978918
-0.15935, 0.965868, 0.204221

80
0.0129335, -0.0197337, 0.00487406
0.999941, -0.00193658, -0.0106541
0.0102379, 0.489598, 0.871888
0.00352776, -0.871946, 0.489589

81
0.0381515, 0.0243258, 0.00745362
-0.986533, -0.163525, 0.00362131
0.0950651, -0.555223, 0.826251
-0.133102, 0.815467, 0.563291

82
0.0333303, 0.0227751, -0.0104521
-0.995359, -0.0962364, -6.46784e-06
-0.0369209, 0.381806, 0.923505
-0.0888723, 0.919219, -0.383587

83
-0.017579, 0.00647484, 0.0173846
0.996278, -0.051355, -0.0692261
0.0495828, 0.998403, -0.0270801
0.0705062, 0.0235469, 0.997233

84
-0.0108428, 0.00896313, 0.0146003
-0.999731, 0.0183886, 0.0141669
-0.0131343, -0.951314, 0.307944
0.0191398, 0.307675, 0.951299

85
-0.0209858, 0.0256, 0.010772
-0.9975, 0.0297075, 0.0641258
0.0331134, -0.605138, 0.795432
0.0624353, 0.795566, 0.602641

86
-0.0261982, -0.0220106, -0.0258043
0.996737, -0.0510455, 0.0625228
-0.0807138, -0.628786, 0.773378
-0.000164018, -0.775901, -0.630855

87
0.00549735, -0.0222918, 0.0011934
0.998159, 0.0410614, 0.0446379
-0.0503428, 0.150448, 0.987335
0.0338257, -0.987765, 0.152238

88
-0.00676216, 0.0158794, 0.0149856
-0.998703, 0.0508543, -0.00252448
-0.0485963, -0.937215, 0.345349
0.0151965, 0.345024, 0.938471

89
0.0332521, 0.0235829, 0.00900963
-0.995359, -0.0962364, -6.46784e-06
0.0367352, -0.380008, 0.924253
-0.0889493, 0.919963, 0.38178

90
-0.0246532, -0.00702624, -0.0382012
0.996737, -0.0510455, 0.0625228
-0.0746326, -0.877847, 0.47309
0.0307363, -0.476213, -0.878793

91
0.0435543, 0.0263017, 0.0032238
-0.957551, -0.287733, -0.017484
0.0236056, -0.138718, 0.990051
-0.287295, 0.947611, 0.139621

92
0.0336988, -0.0024898, 0.0217245
-0.998344, 0.0523267, 0.0238997
-0.0574386, -0.883775, -0.464373
-0.00317715, -0.464977, 0.885317

93
0.0223989, 0.021794, -0.0124643
0.999776, -0.0183255, 0.0105578
-0.00333788, -0.629671, -0.776855
0.0208842, 0.776646, -0.629592

94
0.00428527, 0.0169872, 0.0144795
0.999533, 0.0186582, -0.0241852
-0.0299191, 0.438433, -0.898266
-0.00615646, 0.89857, 0.438786

95
0.0434384, 0.0277633, -0.0150594
-0.944595, -0.328045, 0.0112321
-0.0757765, 0.251236, 0.964955
-0.31937, 0.910641, -0.262174

96
0.00515434, 0.0100581, -0.0208944
0.998159, 0.0410614, 0.0446379
0.0505163, -0.97015, -0.237188
0.0335661, 0.239006, -0.970438

97
-0.0287791, 0.0247319, -0.00299753
-0.993266, 0.115818, 0.00287305
-0.00600839, -0.0762623, 0.99707
0.115698, 0.990338, 0.0764446

98
-0.0230063, 0.0124593, 0.017056
0.996037, -0.0841455, -0.0288079
0.0853901, 0.995326, 0.0451125
0.0248772, -0.0473936, 0.998566

99
-0.0124322, 0.0219421, 0.00841505
-0.997693, 0.0560503, 0.0383041
0.00694412, -0.477005, 0.878873
0.0675324, 0.877111, 0.475516

100
0.0675707, -0.0187706, -0.00403947
0.715898, 0.0711171, -0.694574
0.616701, 0.402026, 0.676798
0.327368, -0.912862, 0.243951

101
-0.0080906, -0.00780836, 0.0185009
-0.998524, 0.0538723, -0.00691841
-0.0408103, -0.8282, -0.558945
-0.0358415, -0.557838, 0.829176

102
-0.0133063, -0.000754646, 0.0188598
-0.997693, 0.0560503, 0.0383041
-0.0675324, -0.877111, -0.475516
0.00694412, -0.477005, 0.878873

103
-0.0290275, 0.0222919, 0.00948418
-0.993266, 0.115818, 0.00287305
-0.0498267, -0.449443, 0.891918
0.104592, 0.885769, 0.452188

104
0.00492846, -0.0190166, -0.0123381
0.998306, -0.0157049, 0.0560294
-0.0581463, -0.232437, 0.970872
-0.00222419, -0.972485, -0.232956

105
0.0299065, 0.00402501, -0.0187784
0.999553, 0.0159432, -0.0252884
0.0173794, -0.998187, 0.0576282
-0.0243237, -0.0580419, -0.998018

106
0.0384921, 0.0186235, 0.0100945
-0.988019, -0.154063, 0.00913412
0.0927278, -0.545279, 0.83311
-0.12337, 0.823975, 0.553032

107
-0.00641504, 0.0217112, -0.00485891
-0.998703, 0.0508543, -0.00252448
-0.00455724, -0.039896, 0.999193
0.0507126, 0.997909, 0.040076

108
-0.0199871, -0.010858, -0.0223245
-0.572418, 0.809383, 0.131287
0.239982, 0.012268, 0.9707
0.784058, 0.587152, -0.20126

109
-0.0159146, 0.0216591, -0.014978
0.996912, -0.0453518, -0.0641062
-0.0777282, -0.686, -0.723438
-0.0111677, 0.726186, -0.687407

110
-0.0140878, 0.0221678, 0.0130701
0.996912, -0.0453518, -0.0641062
-0.0400629, 0.408388, -0.911929
0.0675378, 0.911681, 0.40531

111
-0.0175446, 0.0201237, 0.00775348
0.996278, -0.051355, -0.0692261
-0.0461647, 0.360318, -0.931687
0.0727901, 0.931415, 0.356606

112
0.0118803, 0.0173655, 0.0134388
0.998646, -0.0429782, -0.0293072
0.00520775, 0.643157, -0.765716
0.0517582, 0.764527, 0.64251

113
-0.0426567, 0.0346412, -0.0319189
-0.999379, 0.0332396, -0.0116894
0.0173527, 0.753038, 0.657748
0.0306658, 0.657137, -0.753147

114
0.0297779, 0.0190518, -0.0143875
0.999553, 0.0159432, -0.0252884
-0.00491037, -0.746866, -0.664956
-0.0294886, 0.664783, -0.746454

115
0.0340895, 0.0149236, -0.0204314
-0.995359, -0.0962364, -6.46784e-06
-0.0681205, 0.704512, 0.706415
-0.0679783, 0.703137, -0.707798

116
0.00506791, 0.0238326, -0.00281214
0.998306, -0.0157049, 0.0560294
0.052869, -0.15741, -0.986117
0.0243065, 0.987408, -0.156313

117
-0.00915373, -0.0159066, 0.0176511
-0.997723, 0.0674398, 0.000887315
-0.0366961, -0.53176, -0.8461
-0.056589, -0.844206, 0.533024

118
-0.00201312, -0.00803064, 0.0168773
0.999871, 0.0151684, 0.00528704
-0.0160566, 0.934223, 0.356327
0.000465624, -0.356366, 0.934346

119
0.0267625, 0.019274, 0.00916107
0.999501, 0.0313691, -0.00359965
-0.0176413, 0.460242, -0.887618
-0.0261871, 0.887239, 0.460566

120
-0.0149141, 0.0244501, -0.00139368
0.996912, -0.0453518, -0.0641062
-0.0628589, 0.0284158, -0.997618
0.0470654, 0.998567, 0.0254773

121
-0.0256757, 0.0084858, -0.0229694
-0.359311, 0.932347, -0.0403006
0.581016, 0.25729, 0.772154
0.730285, 0.254028, -0.634156

122
-0.0256707, 0.0250905, 0.00620709
-0.995595, 0.0929965, 0.011935
-0.0324036, -0.460733, 0.886947
0.0879818, 0.882653, 0.461716

123
0.0286934, -0.0231058, -0.00583374
-0.997733, 0.0669431, -0.00683605
0.0145923, 0.11607, -0.993134
-0.06569, -0.990983, -0.116784

124
0.0214704, -0.0133402, 0.0144802
0.999776, -0.0183255, 0.0105578
0.0110758, 0.87895, 0.476786
-0.0180172, -0.476562, 0.878956

125
0.0303625, -0.0165366, -0.0137173
0.999553, 0.0159432, -0.0252884
0.029123, -0.328366, 0.944102
0.0067482, -0.944416, -0.328683

126
0.0298651, 0.00668359, -0.0198367
0.998862, 0.047014, 0.00800648
0.0476888, -0.986197, -0.158561
0.000441386, 0.158762, -0.987317

127
0.0220175, 0.015782, 0.0132155
0.999776, -0.0183255, 0.0105578
0.0180172, 0.476562, -0.878956
0.0110758, 0.87895, 0.476786

128
0.00563916, 0.000936179, -0.0194082
0.998306, -0.0157049, 0.0560294
-0.0243065, -0.987408, 0.156313
0.052869, -0.15741, -0.986117

129
0.0421383, 0.0263958, -0.00757292
-0.967826, -0.251442, 0.00949587
-0.0314298, 0.158248, 0.986899
-0.24965, 0.954848, -0.161059

130
-0.0116756, -0.020574, -0.00582621
-0.999731, 0.0183886, 0.0141669
-0.00424658, 0.455122, -0.890419
-0.0228212, -0.890239, -0.454921

131
0.00474333, -0.017324, 0.00693985
0.999533, 0.0186582, -0.0241852
0.0168027, 0.325366, 0.945439
0.0255093, -0.945404, 0.324901

132
0.0397794, 0.0147166, 0.0170196
-0.986533, -0.163525, 0.00362131
0.138765, -0.825025, 0.547794
-0.0865902, 0.540919, 0.836606

133
0.00877542, 0.00687707, -0.0228102
0.997716, 0.028296, 0.0613413
0.0447652, -0.956986, -0.28666
0.0505915, 0.288751, -0.956067

134
-0.022893, 0.00480357, 0.0150619
0.133929, -0.990722, 0.0230944
0.603623, 0.0630732, -0.794771
0.78594, 0.120383, 0.60647

135
0.0451534, 0.0203449, 0.0136769
-0.957551, -0.287733, -0.017484
0.21984, -0.768151, 0.601344
-0.186457, 0.571974, 0.798799

136
-0.000613211, 0.0126061, -0.0158677
0.998717, -0.050309, 0.00577411
-0.0455018, -0.941584, -0.33369
0.0222244, 0.332999, -0.942665

137
-0.00776016, -0.00345684, 0.0202824
-0.998703, 0.0508543, -0.00252448
-0.0451083, -0.90668, -0.4194
-0.0236172, -0.418742, 0.907798

138
-0.0140809, 0.0172244, 0.0166759
0.996912, -0.0453518, -0.0641062
-0.0111677, 0.726186, -0.687407
0.0777282, 0.686, 0.723438

139
0.0266594, 0.0221779, -0.00569997
-0.148809, -0.225005, 0.962927
-0.10743, 0.971684, 0.210449
-0.983013, -0.0721308, -0.168768

140
-0.0298275, -0.000226946, 0.000269339
0.196934, -0.979732, 0.036623
0.252855, 0.0146641, -0.967393
0.947249, 0.199773, 0.250618

141
0.0266649, 0.0201522, -0.0102975
0.999501, 0.0313691, -0.00359965
0.00604279, -0.301932, -0.95331
-0.0309914, 0.952813, -0.301972

142
0.00123944, 0.010065, 0.0167431
0.9998, 0.0151416, -0.0130743
-0.019969, 0.79462, -0.606779
0.0012015, 0.606919, 0.794763

143
0.0679788, -0.0166399, -0.00934477
0.8616, 0.4689, -0.194366
0.194702, 0.0483248, 0.979671
0.468761, -0.881928, -0.0496592

144
0.00485994, -0.018428, 0.0109075
0.999533, 0.0186582, -0.0241852
0.00576172, 0.66239, 0.749137
0.0299976, -0.748927, 0.661973

145
-0.015784, -0.00475082, 0.0188836
-0.997422, 0.0435326, 0.0570509
-0.0687657, -0.807135, -0.586348
0.0205226, -0.588759, 0.808048

146
0.0324563, 0.00386002, -0.00908439
-0.148809, -0.225005, 0.962927
-0.475435, 0.870116, 0.129844
-0.867074, -0.438488, -0.236457

147
-0.000804527, 0.0127385, 0.0183773
0.998717, -0.050309, 0.00577411
0.0379455, 0.66798, -0.743212
0.0335333, 0.742477, 0.669032

148
0.0380386, 0.0198831, -0.0177058
-0.988019, -0.154063, 0.00913412
-0.0784941, 0.552585, 0.829752
-0.132881, 0.819094, -0.558057

149
0.00565856, -0.000606674, -0.0223593
0.998159, 0.0410614, 0.0446379
0.0338257, -0.987765, 0.152238
0.0503428, -0.150448, -0.987335

150
-0.00633714, 0.0230372, -0.00896409
-0.998703, 0.0508543, -0.00252448
0.0151965, 0.345024, 0.938471
0.0485963, 0.937215, -0.345349

151
-0.0167336, -0.0168604, 0.0115232
-0.997422, 0.0435326, 0.0570509
-0.0713849, -0.520387, -0.850941
-0.00735509, -0.85282, 0.522153

152
0.0387339, 0.0173158, 0.0141992
-0.988019, -0.154063, 0.00913412
0.132881, -0.819094, 0.558057
-0.0784941, 0.552585, 0.829752

153
0.00565942, -0.0571114, -0.00287887
-0.0637472, 0.0961806, 0.99332
-0.0441702, -0.994641, 0.0934738
0.996988, -0.0379165, 0.0676539

154
0.00535869, -0.0222056, 0.00421462
0.998159, 0.0410614, 0.0446379
-0.0594552, 0.516997, 0.85392
0.0119855, -0.855002, 0.518486

155
0.0463503, 0.0185487, -0.0223139
-0.957551, -0.287733, -0.017484
-0.186457, 0.571974, 0.798799
-0.21984, 0.768151, -0.601344

156
-0.000336828, 0.0179284, -0.0172997
0.998717, -0.050309, 0.00577411
-0.0335333, -0.742477, -0.669032
0.0379455, 0.66798, -0.743212

157
0.0445543, 0.0226802, 0.00805321
-0.957551, -0.287733, -0.017484
0.131752, -0.490794, 0.861257
-0.256393, 0.822394, 0.507869

158
-0.00613319, 0.0259297, -0.00129811
-0.998524, 0.0538723, -0.00691841
-0.0174958, -0.198437, 0.979958
0.0514197, 0.978632, 0.199086

159
-0.0150854, 0.0249049, -0.00438001
0.996912, -0.0453518, -0.0641062
-0.0760852, -0.355882, -0.931428
0.0194276, 0.93343, -0.358234

160
-0.0056335, -0.010604, 0.0161071
-0.998538, 0.0539602, -0.00312909
-0.0321427, -0.639352, -0.768242
-0.0434551, -0.767019, 0.640152

161
-0.0180294, 0.00203083, -0.0217786
-0.996539, 0.0100117, -0.082521
0.0415136, 0.920002, -0.389709
0.0720179, -0.391786, -0.917234

162
0.0291845, -0.0134272, 0.0172753
-0.997733, 0.0669431, -0.00683605
-0.0361315, -0.618657, -0.78483
-0.0567681, -0.782804, 0.619673

163
-0.00669116, 0.0155737, -0.0192588
-0.998703, 0.0508543, -0.00252448
0.0326368, 0.677417, 0.734874
0.0390817, 0.733839, -0.678198

164
-0.00813465, -0.0146251, -0.0171478
-0.998273, 0.0558738, -0.0181268
0.0552691, 0.788921, -0.612004
-0.0198944, -0.611949, -0.790647

165
-0.017338, 0.012442, -0.00578121
-0.359311, 0.932347, -0.0403006
0.257321, 0.140493, 0.956059
0.897041, 0.333152, -0.290393

166
0.0419864, 0.0271638, -0.0027193
-0.967826, -0.251442, 0.00949587
0.0664996, -0.219203, 0.97341
-0.242674, 0.942723, 0.228871

167
0.00783366, 0.0170949, 0.0146954
0.998353, -0.0444404, 0.0362911
0.0551779, 0.570257, -0.819611
0.0157286, 0.820263, 0.57177

168
-0.0281136, 0.00683645, 0.0289445
-0.99884, 0.0398713, 0.0270084
-0.0455914, -0.963538, -0.263658
0.0155113, -0.264583, 0.964238

169
0.0318324, 0.0141601, 0.0127767
-0.997304, -0.0729658, -0.00773693
0.0468099, -0.713888, 0.698693
-0.056504, 0.696448, 0.715379

170
-0.0526394, -0.00367101, 0.0308016
0.196934, -0.979732, 0.036623
0.848602, 0.15163, -0.506836
0.491011, 0.130892, 0.861264

171
0.0448535, -0.01112, -0.0106689
-0.148809, -0.225005, 0.962927
-0.77106, 0.63608, 0.0294726
-0.61913, -0.738089, -0.268147

172
-0.00666927, 0.0100984, -0.0216411
-0.998273, 0.0558738, -0.0181268
0.0395306, 0.867274, 0.496258
0.0434487, 0.494685, -0.867986

173
0.0319612, 0.0120035, 0.0165116
-0.997304, -0.0729658, -0.00773693
0.0648699, -0.926066, 0.371745
-0.0342896, 0.370241, 0.928303

174
0.00908989, 0.0204144, -0.0157982
0.998353, -0.0444404, 0.0362911
0.00658439, -0.539596, -0.841898
0.0569968, 0.84075, -0.538415

175
-0.000137057, 0.0231514, -0.00634576
0.998717, -0.050309, 0.00577411
0.00311991, -0.0526777, -0.998607
0.0505431, 0.997344, -0.0524531

176
0.0300454, 0.0251496, 2.941e-05
0.999553, 0.0159432, -0.0252884
-0.0243237, -0.0580419, -0.998018
-0.0173794, 0.998187, -0.0576282

177
0.0273188, 0.00237051, 0.016318
0.999501, 0.0313691, -0.00359965
-0.0309914, 0.952813, -0.301972
-0.00604279, 0.301932, 0.95331

178
0.00782768, 0.011004, 0.0165755
0.999456, 0.0055723, -0.0325108
-0.0267368, 0.714076, -0.699558
0.0193171, 0.700046, 0.713836

179
-0.0141223, -0.0122281, 0.0143949
-0.997693, 0.0560503, 0.0383041
-0.0650492, -0.627803, -0.775649
-0.019428, -0.776351, 0.630001

180
0.0300196, -0.00478158, 0.0146291
0.999136, 0.0341927, 0.0236366
-0.0321504, 0.996117, -0.0819647
-0.0263474, 0.0811339, 0.996355

181
0.0109493, 0.0149381, -0.0147257
0.998646, -0.0429782, -0.0293072
-0.0517582, -0.764527, -0.64251
0.00520775, 0.643157, -0.765716

182
0.0341488, 0.01017, 0.0128025
-0.998344, 0.0523267, 0.0238997
-0.0428618, -0.953712, 0.297652
0.0383686, 0.296135, 0.954375

183
-0.00170363, -0.017806, -0.0136079
0.999871, 0.0151684, 0.00528704
0.000465624, -0.356366, 0.934346
0.0160566, -0.934223, -0.356327

184
0.010683, -0.0112317, 0.0145769
0.998646, -0.0429782, -0.0293072
0.0498113, 0.952457, 0.300575
0.0149957, -0.301628, 0.953308

185
-0.0805657, -0.0227644, 0.031386
0.334097, -0.941753, 0.0384769
0.685861, 0.270912, 0.675427
-0.646509, -0.199268, 0.736423

186
-0.0857594, 0.00551436, 0.0123383
-0.116328, -0.992899, 0.0249068
0.447122, -0.0299595, 0.893971
-0.886876, 0.11513, 0.447432

187
0.00448518, 0.00646453, 0.0146234
0.999533, 0.0186582, -0.0241852
-0.0255093, 0.945404, -0.324901
0.0168027, 0.325366, 0.945439

188
-0.00726687, 0.00594466, 0.0145238
-0.998703, 0.0508543, -0.00252448
-0.0507126, -0.997909, -0.040076
-0.00455724, -0.039896, 0.999193

189
-0.00645451, 0.0142771, -0.0205882
-0.998273, 0.0558738, -0.0181268
0.0198944, 0.611949, 0.790647
0.0552691, 0.788921, -0.612004

190
0.0293902, 0.0165142, -0.0183196
0.998862, 0.047014, 0.00800648
0.0442276, -0.850371, -0.524321
-0.0178419, 0.524078, -0.851483

191
0.0219268, 0.0118229, 0.0149283
0.999776, -0.0183255, 0.0105578
0.0208842, 0.776646, -0.629592
0.00333788, 0.629671, 0.776855

192
0.0271123, 0.0095274, 0.0213458
0.999501, 0.0313691, -0.00359965
-0.0263198, 0.76474, -0.643801
-0.0174427, 0.643575, 0.765184

193
0.0552132, -0.0199051, 0.00353165
0.96605, 0.258087, 0.011795
-0.145574, 0.50605, 0.85013
0.213438, -0.822985, 0.526441

194
0.0434227, 0.0282203, -0.00992551
-0.920301, -0.382085, 0.0840004
-0.0612517, 0.352802, 0.933691
-0.386385, 0.854132, -0.348088

195
0.0767662, -0.0127642, 0.00605329
0.715898, 0.0711171, -0.694574
0.444479, 0.720761, 0.531923
0.53845, -0.689526, 0.484381

196
0.0129801, -0.0187131, 0.00906607
0.999941, -0.00193658, -0.0106541
0.00810861, 0.786009, 0.618162
0.00717712, -0.618212, 0.785979

197
-0.0152959, 0.0124169, 0.014318
-0.997422, 0.0435326, 0.0570509
-0.034113, -0.987047, 0.156765
0.0631363, 0.154415, 0.985987

198
0.0443226, 0.0246289, -0.0113263
-0.957551, -0.287733, -0.017484
-0.0881343, 0.234477, 0.968118
-0.27446, 0.928564, -0.249883

199
0.0480058, 0.0224507, 0.0140428
-0.920301, -0.382085, 0.0840004
0.333533, -0.654104, 0.678899
-0.204452, 0.652809, 0.729411

200
0.0321776, 0.00942126, 0.0129719
-0.997304, -0.0729658, -0.00773693
0.073054, -0.997258, -0.0117989
-0.0068548, -0.0123323, 0.9999

201
-0.00759898, 0.00139612, 0.0192191
-0.998524, 0.0538723, -0.00691841
-0.0514197, -0.978632, -0.199086
-0.0174958, -0.198437, 0.979958

202
-0.022591, 0.0235092, 0.00804897
-0.994939, 0.0872548, 0.049834
0.00993123, -0.408127, 0.912871
0.099991, 0.908746, 0.405195

203
0.0510001, 0.00860948, -0.0210072
0.913911, 0.391778, -0.106189
0.385536, -0.919649, -0.0748894
-0.126997, 0.0275025, -0.991522

204
-0.00822596, -0.00222216, 0.0207799
-0.997723, 0.0674398, 0.000887315
-0.0555584, -0.814345, -0.577715
-0.0382384, -0.576449, 0.816238

205
0.0276575, -0.00839922, 0.0165043
0.999501, 0.0313691, -0.00359965
-0.0309448, 0.995829, 0.0858307
0.00627707, -0.0856765, 0.996303

206
-0.0437193, -0.00160621, -0.0441443
-0.999379, 0.0332396, -0.0116894
0.0339543, 0.997144, -0.0674573
0.00941379, -0.0678123, -0.997654

207
-0.00648818, 0.0172706, -0.0174892
-0.998524, 0.0538723, -0.00691841
0.0239878, 0.551681, 0.83371
0.0487306, 0.832313, -0.552159

208
-0.0438134, -0.0527202, -0.00150597
-0.993593, 0.107361, -0.0353177
0.0111668, -0.217706, -0.975951
-0.112468, -0.970092, 0.215112

209
0.0303723, 0.00430231, 0.0175324
-0.997733, 0.0669431, -0.00683605
-0.06569, -0.990983, -0.116784
-0.0145923, -0.11607, 0.993134

210
0.030499, -0.015773, 0.0102663
0.999136, 0.0341927, 0.0236366
-0.0413642, 0.761731, 0.646572
0.00410329, -0.64699, 0.762487

211
-0.0176764, -0.021192, -0.00165529
-0.997422, 0.0435326, 0.0570509
-0.0452759, 0.235065, -0.970924
-0.0556776, -0.971004, -0.232488

212
0.0375787, 0.0237317, -0.00253746
-0.988019, -0.154063, 0.00913412
0.0384575, -0.18845, 0.981329
-0.149465, 0.969923, 0.192117

213
0.0297907, 0.00727721, -0.0213051
0.999553, 0.0159432, -0.0252884
0.0067482, -0.944416, -0.328683
-0.029123, 0.328366, -0.944102

214
-0.0191115, -0.0325943, -0.0129124
-0.996539, 0.0100117, -0.082521
0.0802789, 0.373505, -0.924148
0.0215698, -0.927574, -0.373016

215
-0.0048954, 0.00302072, 0.0155207
-0.998538, 0.0539602, -0.00312909
-0.0534557, -0.994454, -0.0905737
-0.00799911, -0.090274, 0.995885

216
-0.015513, -0.0113085, 0.0145898
0.996912, -0.0453518, -0.0641062
0.0675378, 0.911681, 0.40531
0.0400629, -0.408388, 0.911929

217
0.00774581, -0.0172082, 0.00922295
0.999456, 0.0055723, -0.0325108
0.0193171, 0.700046, 0.713836
0.0267368, -0.714076, 0.699558

218
0.0427613, 0.0246624, 0.0100226
-0.967826, -0.251442, 0.00949587
0.154305, -0.563282, 0.811729
-0.198754, 0.787078, 0.583957

219
0.0497546, -0.000177956, 0.0189551
0.96605, 0.258087, 0.011795
-0.2529, 0.953996, -0.161037
-0.0528138, 0.152587, 0.986878

220
-0.0321518, -0.0132325, -0.0333339
0.997969, -0.0531877, 0.0350592
-0.0636985, -0.839765, 0.539201
0.000762661, -0.540339, -0.841447

221
0.0449111, 0.0243099, 0.00793896
-0.944595, -0.328045, 0.0112321
0.172247, -0.46627, 0.867712
-0.279411, 0.821571, 0.496941

222
-0.00795235, 0.00188596, 0.0162078
-0.997723, 0.0674398, 0.000887315
-0.0659625, -0.972955, -0.221378
-0.0140664, -0.220933, 0.975188

223
-0.0173502, 0.00643808, -0.0294463
-0.996539, 0.0100117, -0.082521
-0.0215698, 0.927574, 0.373016
0.0802789, 0.373505, -0.924148

224
0.00572002, 0.0163258, -0.0165353
0.998306, -0.0157049, 0.0560294
0.0201967, -0.809509, -0.58676
0.0545713, 0.586897, -0.80782

225
-0.0176575, -0.0219172, -0.0291755
-0.996539, 0.0100117, -0.082521
0.0659136, 0.700041, -0.711054
0.0506493, -0.714032, -0.698278

226
-0.00509887, -0.00045031, 0.0205967
-0.998538, 0.0539602, -0.00312909
-0.0463255, -0.884209, -0.464788
-0.0278468, -0.463963, 0.885417

227
-0.0246439, -0.0183208, -0.0295612
-0.99558, 0.0482051, -0.0805991
0.0886779, 0.7651, -0.637776
0.0309223, -0.642105, -0.765993

228
0.0295866, 0.0241386, -0.00890401
0.999136, 0.0341927, 0.0236366
0.0366453, -0.456155, -0.889145
-0.0196203, 0.889243, -0.457014

229
-0.0678845, -0.000640875, 0.0376257
0.122402, -0.992475, 0.00332344
0.990276, 0.121907, -0.0670193
0.0661098, 0.0114944, 0.997746

230
-0.0240007, 0.0294396, 0.0139148
-0.998179, 0.0320828, 0.0510853
0.0210183, -0.608812, 0.793036
0.0565442, 0.792665, 0.607029

231
0.0294033, 0.0129751, 0.0149933
0.999136, 0.0341927, 0.0236366
-0.00410329, 0.64699, -0.762487
-0.0413642, 0.761731, 0.646572

232
-0.0278748, 0.0214275, 0.0162365
-0.99884, 0.0398713, 0.0270084
-0.036185, -0.991445, 0.12541
0.0317776, 0.124287, 0.991737

233
-0.0522576, 0.0111662, 0.0376611
0.601284, -0.797273, -0.0530429
0.798818, 0.601344, 0.0166179
0.018648, -0.0523636, 0.998454

234
0.0495282, 0.0112781, 0.0156188
-0.944595, -0.328045, 0.0112321
0.31937, -0.910641, 0.262174
-0.0757765, 0.251236, 0.964955

235
0.0452453, 0.0223975, -0.0198094
-0.944595, -0.328045, 0.0112321
-0.192226, 0.580599, 0.791172
-0.266061, 0.745179, -0.61149

236
-0.00406499, 0.0181617, 0.0116269
-0.998538, 0.0539602, -0.00312909
-0.0434551, -0.767019, 0.640152
0.0321427, 0.639352, 0.768242

237
-0.0223524, 0.0110101, -0.0212642
-0.991667, 0.0772634, -0.103083
0.0793884, 0.996704, -0.0166678
0.101456, -0.0247125, -0.994533

238
0.0391039, 0.0150606, 0.016182
-0.988019, -0.154063, 0.00913412
0.152805, -0.968209, 0.198045
-0.0216676, 0.197068, 0.98015

239
-0.0158285, 0.0138622, 0.0136174
-0.359311, 0.932347, -0.0403006
-0.105549, 0.00230648, 0.994411
0.92723, 0.361556, 0.0975798

240
0.0429685, 0.0303242, -0.0100161
0.913911, 0.391778, -0.106189
0.0302082, -0.326525, -0.944706
-0.404788, 0.860169, -0.31025

241
-0.0234772, 0.0302549, 0.0236321
-0.998179, 0.0320828, 0.0510853
-0.00222011, -0.865809, 0.50037
0.0602834, 0.499345, 0.864303

242
-0.00332423, 0.0229712, -0.00579272
-0.998572, 0.0524575, -0.0101423
-0.000420313, 0.182109, 0.983278
0.0534273, 0.981878, -0.181827

243
-0.0450576, -0.0358675, -0.027149
-0.999379, 0.0332396, -0.0116894
0.0306658, 0.657137, -0.753147
-0.0173527, -0.753038, -0.657748

244
0.0462361, 0.0165624, 0.0166249
-0.957551, -0.287733, -0.017484
0.27446, -0.928564, 0.249883
-0.0881343, 0.234477, 0.968118

245
-0.00110112, 0.00241433, -0.0202758
0.998717, -0.050309, 0.00577411
-0.0505431, -0.997344, 0.0524531
0.00311991, -0.0526777, -0.998607

246
0.00470836, -0.0171142, 0.0140734
0.998159, 0.0410614, 0.0446379
-0.0595161, 0.804838, 0.590503
-0.0116793, -0.592073, 0.8058

247
-0.0256242, -0.0103626, -0.0140699
-0.137544, 0.170727, 0.975671
0.891654, -0.407596, 0.197023
0.431317, 0.897061, -0.096167

248
-0.0258737, 0.0236179, 0.000749933
-0.995595, 0.0929965, 0.011935
0.00373218, -0.0878846, 0.996124
0.0936849, 0.99178, 0.0871504

249
-0.0379782, 0.00286613, 0.0296711
0.0187245, -0.999732, 0.0136387
0.838723, 0.00828069, -0.544495
0.544236, 0.0216345, 0.838653

250
-0.0286508, 0.0254657, 0.0117846
-0.993266, 0.115818, 0.00287305
-0.10919, -0.944138, 0.310936
0.0387247, 0.308529, 0.950426

251
-0.0232472, 0.027512, -0.0260474
-0.991403, 0.0911893, -0.0938341
0.0498104, 0.926172, 0.373797
0.120993, 0.365909, -0.922752

252
0.0423233, -0.000583715, 0.0191482
-0.986533, -0.163525, 0.00362131
0.15935, -0.965868, -0.204221
0.0368929, -0.200893, 0.978918

253
-0.0243273, 0.0238844, -0.0181597
0.996737, -0.0510455, 0.0625228
-0.0310394, -0.957465, -0.286875
0.0745071, 0.283998, -0.955926

254
-0.00635177, 0.0257637, 0.00113166
-0.997723, 0.0674398, 0.000887315
-0.0140664, -0.220933, 0.975188
0.0659625, 0.972955, 0.221378

255
0.00923125, -0.012963, -0.0210723
0.997716, 0.028296, 0.0613413
-0.0296095, -0.632994, 0.77359
0.0607182, -0.77364, -0.63071

256
0.0456378, 0.0123157, -0.0237307
-0.967826, -0.251442, 0.00949587
-0.198754, 0.787078, 0.583957
-0.154305, 0.563282, -0.811729

257
0.0130671, -0.00610802, 0.0149337
0.999941, -0.00193658, -0.0106541
0.000658666, 0.992934, -0.118664
0.0108086, 0.118651, 0.992877

258
0.0820397, 0.00628165, 0.0134388
0.715898, 0.0711171, -0.694574
-0.0664476, 0.997223, 0.0336177
0.695036, 0.0220859, 0.718636

259
0.00540637, -0.0127154, -0.019087
0.998306, -0.0157049, 0.0560294
-0.0545713, -0.586897, 0.80782
0.0201967, -0.809509, -0.58676

260
0.0130546, -0.00695399, 0.0139165
0.999941, -0.00193658, -0.0106541
0.00474482, 0.962757, 0.270326
0.00973382, -0.270361, 0.96271

261
0.00785716, -0.0151297, 0.0130023
0.999456, 0.0055723, -0.0325108
0.0076149, 0.920023, 0.391789
0.0320939, -0.391824, 0.91948

262
0.0794072, -0.00184133, 0.00989376
0.715898, 0.0711171, -0.694574
0.204589, 0.929766, 0.306069
0.667558, -0.361216, 0.651068

263
-0.0188782, 0.0226575, -0.0133181
0.996278, -0.051355, -0.0692261
-0.0841138, -0.403827, -0.91096
0.018827, 0.913393, -0.406643

264
0.0437397, 0.0225917, 0.0133741
0.96605, 0.258087, 0.011795
-0.141482, 0.566682, -0.811698
-0.216173, 0.782472, 0.583958

265
0.0518573, 0.0139231, 0.0174505
-0.920301, -0.382085, 0.0840004
0.386385, -0.854132, 0.348088
-0.0612517, 0.352802, 0.933691

266
0.0329483, -0.00170875, 0.0185912
-0.997304, -0.0729658, -0.00773693
0.0701163, -0.916627, -0.393546
0.0216235, -0.393028, 0.919272

267
0.0216628, -0.00167967, 0.0164981
0.999776, -0.0183255, 0.0105578
0.0205719, 0.958492, -0.284377
-0.00490825, 0.284531, 0.958654

268
0.0293004, 0.0179715, -0.0156697
0.998862, 0.047014, 0.00800648
0.0340332, -0.585085, -0.810258
-0.033409, 0.809608, -0.586019

269
0.0427787, 0.0313793, -0.00261256
-0.920301, -0.382085, 0.0840004
0.091274, -0.000915495, 0.995825
-0.380413, 0.924127, 0.035717

270
-0.0225256, 0.0231235, 0.0025286
0.996037, -0.0841455, -0.0288079
-0.0248772, 0.0473936, -0.998566
0.0853901, 0.995326, 0.0451125

271
0.00163169, -0.0179387, 0.0143072
0.9998, 0.0151416, -0.0130743
-0.00653178, 0.864808, 0.502061
0.0189088, -0.501875, 0.864733

272
0.0530545, -0.0122161, 0.0120894
0.96605, 0.258087, 0.011795
-0.216173, 0.782472, 0.583958
0.141482, -0.566682, 0.811698

273
-0.0248181, 0.033815, 0.00935318
-0.995595, 0.0929965, 0.011935
-0.0636062, -0.763438, 0.642741
0.0688843, 0.639151, 0.76599

274
0.0278267, 0.0214001, -0.00375671
-0.279508, -0.950903, 0.132887
-0.0302837, 0.147066, 0.988663
-0.959666, 0.272315, -0.0699028

275
-0.0796223, 0.0119067, 0.0189151
-0.145357, -0.989248, -0.0161382
0.603912, -0.101633, 0.790544
-0.783684, 0.105165, 0.612192

276
-0.0242578, 0.000248907, -0.0418649
-0.991403, 0.0911893, -0.0938341
0.120776, 0.91364, -0.38817
0.0503336, -0.396166, -0.916798

277
0.030051, -0.00688937, 0.0163504
0.999136, 0.0341927, 0.0236366
-0.0397858, 0.95134, 0.305563
-0.0120384, -0.306239, 0.951878

278
-0.0209558, 0.0217285, 0.0130328
-0.9975, 0.0297075, 0.0641258
-0.0207337, -0.990447, 0.136324
0.0675631, 0.134653, 0.988587

279
-0.00614947, 0.027239, 0.00143646
-0.998703, 0.0508543, -0.00252448
-0.0236172, -0.418742, 0.907798
0.0451083, 0.90668, 0.4194

280
0.00619067, -0.0184091, -0.0178817
0.998159, 0.0410614, 0.0446379
-0.0116793, -0.592073, 0.8058
0.0595161, -0.804838, -0.590503

281
-0.0271308, 0.0258465, -0.0374221
-0.993645, 0.0897243, -0.0679637
0.0715787, 0.969681, 0.233656
0.0868678, 0.227306, -0.969941

282
-0.0284598, 0.0270222, 0.00447176
0.37122, 0.904415, -0.210308
0.1603, 0.160671, 0.973904
0.914604, -0.395245, -0.0853335

283
-0.0168876, -5.41589e-09, 0.032138
0.996278, -0.051355, -0.0692261
0.0727901, 0.931415, 0.356606
0.0461647, -0.360318, 0.931687

284
-0.0332083, 0.0447624, -0.00352444
-0.993593, 0.107361, -0.0353177
-0.0533563, -0.170104, 0.983981
0.0996331, 0.97956, 0.174743

285
0.043328, 0.0248372, -0.0185567
0.8616, 0.4689, -0.194366
0.193789, -0.657788, -0.727847
-0.469139, 0.589447, -0.657618

286
-0.0277419, -0.0310888, -0.00860532
0.996737, -0.0510455, 0.0625228
-0.0745071, -0.283998, 0.955926
-0.0310394, -0.957465, -0.286875

287
0.00569954, 0.0203718, -0.0150364
0.998306, -0.0157049, 0.0560294
0.0395429, -0.523293, -0.851235
0.0426884, 0.852008, -0.521785

288
-0.0333736, -0.0272442, -0.0198142
0.997969, -0.0531877, 0.0350592
-0.0591416, -0.569063, 0.820164
-0.0236718, -0.820572, -0.571053

289
0.011549, 0.022481, -0.0053531
0.998646, -0.0429782, -0.0293072
-0.0329162, -0.0858215, -0.995767
0.040281, 0.995383, -0.08712

290
0.0299047, -0.000728668, 0.0187461
0.998862, 0.047014, 0.00800648
-0.0438898, 0.971883, -0.231339
-0.0186575, 0.230724, 0.97284

291
-0.020288, 0.00599215, 0.0307098
-0.9975, 0.0297075, 0.0641258
-0.0450107, -0.966584, -0.252369
0.0544857, -0.254624, 0.965504

292
0.0298909, 0.0184281, -0.0103165
0.999553, 0.0159432, -0.0252884
-0.0158214, -0.435613, -0.899995
-0.0253648, 0.899993, -0.435166

293
0.052976, -0.00603756, 0.0194272
-0.957551, -0.287733, -0.017484
0.256393, -0.822394, -0.507869
0.131752, -0.490794, 0.861257

294
0.026635, 0.0227608, 0.00413469
0.999501, 0.0313691, -0.00359965
-0.00627707, 0.0856765, -0.996303
-0.0309448, 0.995829, 0.0858307

295
-0.026112, 0.0192248, 0.0151025
-0.995595, 0.0929965, 0.011935
-0.0851253, -0.949917, 0.300684
0.0392998, 0.298343, 0.953649

296
0.00799856, 0.000436888, 0.0200173
0.999456, 0.0055723, -0.0325108
-0.0173093, 0.927616, -0.373134
0.0280784, 0.373494, 0.927208

297
-0.0215343, -0.0224725, 0.02451
-0.9975, 0.0297075, 0.0641258
-0.0624353, -0.795566, -0.602641
0.0331134, -0.605138, 0.795432

298
-0.0406456, 0.0203474, 0.0303062
-0.995293, 0.0828412, -0.0502942
-0.0962996, -0.787082, 0.609285
0.0108882, 0.61126, 0.791355

299
-0.0126101, 0.0132719, 0.0164694
-0.997693, 0.0560503, 0.0383041
-0.0428424, -0.957505, 0.285217
0.0526628, 0.282918, 0.957697

300
0.0497723, 0.0045751, 0.0202324
-0.957551, -0.287733, -0.017484
0.287295, -0.947611, -0.139621
