0
0.0128416, -0.00761633, 0.000435643
-0.948823, -0.315726, -0.00723211
0.260686, -0.795931, 0.546385
-0.178264, 0.516538, 0.837503

1
0.0180993, -0.0126071, 0.0072309
-0.839582, -0.541479, -0.043631
0.44392, -0.730167, 0.519415
-0.31311, 0.416722, 0.853408

2
0.00747215, 0.0096759, 0.0258861
0.00666511, 0.0888365, -0.996024
-0.986161, -0.164418, -0.0212638
-0.165654, 0.982382, 0.0865113

3
0.0180411, 0.00790412, 0.0241901
0.237466, 0.00597566, -0.971377
-0.221841, 0.973889, -0.0482408
0.945725, 0.226947, 0.232591

4
0.00073492, 0.00640935, 0.0206167
-0.0531139, 0.0957246, -0.99399
-0.623023, -0.781079, -0.0419293
-0.780398, 0.617051, 0.101125

5
0.00286778, 0.000592807, 0.0246157
-0.0619238, 0.00220086, -0.998078
-0.200469, -0.979646, 0.0102775
-0.977741, 0.20072, 0.0611046

6
0.00225768, -8.05594e-05, 0.0246505
-0.0630594, -0.00588205, -0.997992
-0.126634, -0.991853, 0.0138474
-0.989943, 0.127253, 0.0618008

7
0.0111616, 0.00378928, -0.0099734
-0.906509, 0.421207, 0.0287628
-0.166113, -0.418478, 0.892907
0.388135, 0.80465, 0.449322

8
0.00286778, 0.000592807, 0.0246157
-0.0619238, 0.00220086, -0.998078
-0.200469, -0.979646, 0.0102775
-0.977741, 0.20072, 0.0611046

9
0.00851686, -0.0110328, 0.0248329
-0.0134906, 0.125806, 0.991963
-0.999602, 0.0228682, -0.0164948
-0.0247595, -0.991791, 0.125448

10
0.0184095, -0.008311, 0.0281638
0.0231577, -0.0793082, -0.996581
0.700687, 0.712324, -0.040405
0.713093, -0.697356, 0.0720661

11
0.0182036, -0.0039136, 0.0188632
-0.452496, 0.67634, -0.581216
0.0704907, 0.676846, 0.732742
0.888976, 0.290592, -0.353945

12
0.0130949, -0.00910267, 0.019641
0.0238268, -0.145427, -0.989082
0.904031, 0.425516, -0.0407866
0.426802, -0.893189, 0.141609

13
0.00792232, 0.015862, 0.0203162
-0.502664, 0.60163, -0.620782
-0.0442246, 0.69926, 0.713498
0.86335, 0.386104, -0.324886

14
0.0142515, -0.00905633, 0.00585302
-0.950843, -0.30929, -0.0153735
0.227527, -0.731433, 0.642835
-0.210067, 0.607738, 0.76585

15
0.00142677, 0.00408177, 0.0178187
-0.0879873, 0.0589684, -0.994375
-0.454167, -0.890827, -0.0126409
-0.886561, 0.4505, 0.105163

16
0.0115143, -0.00711691, -0.0118785
-0.624456, -0.770387, 0.128678
0.199355, -0.316497, -0.927409
0.75519, -0.553474, 0.351219

17
0.00648583, 0.00672985, 0.00742359
0.0072636, 0.160973, -0.986932
-0.874273, -0.47804, -0.0844047
-0.48538, 0.863461, 0.137262

18
0.0141921, -0.0204065, 0.0300454
0.0379634, 0.0341126, 0.998697
-0.819894, 0.572398, 0.0116151
-0.571255, -0.819266, 0.0496988

19
0.00798415, -0.00811085, 0.00270802
-0.950953, 0.309334, -0.000757101
-0.273465, -0.839535, 0.469466
0.144586, 0.446647, 0.88295

20
0.00460348, -0.00593226, 0.0357763
0.0198214, 0.0427333, 0.99889
-0.710887, 0.703125, -0.0159738
-0.703027, -0.709781, 0.0443155

21
-0.000527261, -0.00680233, -0.0327209
0.157749, 0.880585, -0.446861
0.0602118, -0.460262, -0.885739
-0.985642, 0.112818, -0.125627

22
-0.00629961, -0.0114679, 0.00791104
-0.0402962, 0.129358, -0.990779
-0.387261, -0.916102, -0.103857
-0.921089, 0.379505, 0.0870106

23
0.0136135, 0.0064088, -0.00334803
0.947145, -0.32048, 0.0144344
0.253058, 0.718717, -0.647617
0.197174, 0.61704, 0.761829

24
0.00794362, -0.0022336, 0.0389181
0.0487143, 0.0127306, 0.998732
-0.575678, 0.817486, 0.0176591
-0.816224, -0.575808, 0.0471519

25
0.00596367, -0.00666631, 0.0114344
0.850429, -0.526023, -0.00837603
0.524231, 0.848655, -0.0704692
0.0441767, 0.0555381, 0.997479

26
0.00114986, -0.00661935, 0.0180817
0.073342, 0.0895158, 0.993281
-0.549756, 0.834608, -0.034623
-0.8321, -0.543523, 0.110424

27
0.0287668, 0.0461185, 0.024073
0.0231577, -0.0793082, -0.996581
-0.390671, 0.916867, -0.0820427
0.920239, 0.391235, -0.00975083

28
0.0284851, -0.00753674, 0.0412872
0.00173064, -0.0693443, 0.997591
0.519276, -0.852486, -0.0601587
0.854605, 0.51813, 0.0345335

29
0.00646247, 0.00280182, -0.00437671
0.707947, 0.706265, -0.000173653
-0.523441, 0.524852, 0.671223
0.474153, -0.475099, 0.741256

30
0.0202377, 0.0125796, -0.00989848
-0.024614, -0.0341348, -0.999114
-0.141327, 0.989498, -0.0303245
0.989657, 0.140456, -0.0291797

31
-0.00807582, 0.00110955, -0.015984
0.0406498, 0.0828358, 0.995734
-0.753131, 0.657434, -0.0239466
-0.656613, -0.748945, 0.0891108

32
0.00402731, 0.00258261, 0.0178914
-0.0771459, 0.0769659, -0.994045
-0.545503, -0.837806, -0.0225333
-0.83455, 0.540516, 0.106618

33
0.0350212, -0.0110507, -0.00903566
-0.417002, -0.90857, -0.0246871
0.597023, -0.253331, -0.761175
0.685327, -0.33215, 0.648077

34
0.0293159, -0.00189794, 0.0164657
0.00874535, -0.162247, -0.986711
0.82075, 0.564838, -0.085603
0.571221, -0.809095, 0.138104

35
-0.00323413, -0.0155053, 0.0170545
-0.0771459, 0.0769659, -0.994045
-0.184611, -0.980878, -0.0616192
-0.979779, 0.178758, 0.0898795

36
0.00980951, -0.00124347, 0.00952787
-0.502349, -0.393669, -0.769851
-0.200517, 0.919113, -0.339152
0.841094, -0.0160052, -0.540653

37
-0.0199873, 0.0165395, -0.0167813
0.0406498, 0.0828358, 0.995734
-0.444528, 0.893999, -0.056225
-0.894842, -0.440346, 0.0731637

38
0.000243658, 0.014196, 0.0482832
0.358764, -0.510823, 0.781248
0.7235, -0.376648, -0.578518
0.589776, 0.772784, 0.234453

39
0.00487451, -0.00881423, 0.0363359
-0.00871621, 0.0669024, 0.997721
-0.889112, 0.45608, -0.0383499
-0.457607, -0.88742, 0.0555085

40
0.0112659, -0.00403135, -0.00734301
-0.985019, -0.172434, 0.00218841
0.084686, -0.494739, -0.864906
0.150222, -0.851763, 0.50193

41
0.0209893, -0.00493928, 0.0030622
-0.417002, -0.90857, -0.0246871
0.813841, -0.361155, -0.455226
0.404689, -0.209921, 0.890034

42
0.0114374, -0.00962621, 0.017578
0.00874535, -0.162247, -0.986711
0.976871, 0.212215, -0.0262368
0.213652, -0.96366, 0.16035

43
0.00777747, 0.00524875, 0.00844047
0.872767, 0.487923, 0.0144657
-0.487709, 0.870376, 0.0677222
0.0204527, -0.0661607, 0.997599

44
0.00329266, -0.0209917, -0.0416802
0.950975, -0.309216, -0.00565473
0.00388864, -0.00632753, 0.999972
-0.309243, -0.950971, -0.00481489

45
-0.0397827, -0.00124868, 0.0103803
-0.120657, -0.24184, -0.962785
0.712955, -0.695981, 0.0854743
-0.690751, -0.676109, 0.256396

46
-0.00678234, -0.00278786, -0.0103219
-0.583846, -0.0375086, -0.810998
0.0650231, 0.993563, -0.0927631
0.809257, -0.106893, -0.577648

47
0.00977461, -0.00351299, 0.0115605
-0.992044, 0.125887, 0.000568007
-0.125887, -0.992044, -0.00133462
0.000395476, -0.00139551, 0.999999

48
0.00277157, 0.0164039, 0.0050962
-0.502349, -0.393669, -0.769851
-0.507126, 0.855275, -0.106437
0.700335, 0.336942, -0.629286

49
-0.041724, 0.0045355, 0.0430021
-0.020116, -0.0792511, -0.996652
0.683603, -0.728519, 0.0441323
-0.729577, -0.680426, 0.0688311

50
-0.0769452, 0.0401337, -0.012599
-0.2645, -0.0144019, 0.964278
0.897063, 0.36336, 0.25149
-0.354002, 0.931538, -0.0831892

51
-0.00687061, -0.0112569, 0.0435544
-0.020116, -0.0792511, -0.996652
0.999269, -0.0340069, -0.0174647
-0.032509, -0.996274, 0.0798772

52
-0.0150927, -0.00589644, 0.0112338
0.23237, -0.969958, -0.072007
0.967153, 0.238272, -0.0885531
0.10305, -0.0490646, 0.993465

53
0.0294511, -0.00915487, 0.00234888
-0.0979842, -0.0398028, 0.994392
-0.0501172, -0.997735, -0.044875
0.993925, -0.0542332, 0.0957675

54
0.00802105, -0.00969172, 0.00614404
0.947145, -0.32048, 0.0144344
0.30925, 0.900139, -0.306781
0.0853242, 0.29503, 0.951671

55
0.004616, 0.0046165, 0.0095671
-0.0402962, 0.129358, -0.990779
-0.710268, -0.701137, -0.062654
-0.702777, 0.701194, 0.120132

56
0.0208814, -0.0166845, 0.0359133
0.0198214, 0.0427333, 0.99889
-0.925811, 0.377981, 0.00220091
-0.377468, -0.924826, 0.0470551

57
0.00207201, 0.00157502, -0.0152948
0.157749, 0.880585, -0.446861
-0.32156, -0.382053, -0.866391
-0.933656, 0.280365, 0.222893

58
-0.0176306, 0.0520756, -0.0380534
0.872767, 0.487923, 0.0144657
-0.0204527, 0.0661607, -0.997599
-0.487709, 0.870376, 0.0677222

59
0.00346046, -0.0530454, -0.0385062
-0.992044, 0.125887, 0.000568007
-0.000395476, 0.00139551, -0.999999
-0.125887, -0.992044, -0.00133462

60
0.0138146, -0.00556246, -0.0118815
-0.694142, -0.719174, 0.0309263
0.232678, -0.264822, -0.935805
0.681196, -0.642385, 0.35116

61
0.0170282, -0.0190295, 0.0235148
0.0515966, 0.0845938, 0.995079
-0.855917, 0.517113, 0.000419923
-0.514532, -0.851727, 0.0990865

62
-0.0688446, -0.0426901, -0.00911226
0.214829, 0.0182325, -0.976481
0.943584, -0.261843, 0.202703
-0.251989, -0.964938, -0.0734553

63
0.00161244, 0.00186645, 0.00036391
0.317274, 0.948282, 0.009913
-0.791181, 0.270446, -0.548536
-0.522848, 0.166193, 0.836068

64
0.000472273, -0.00365671, 0.0019905
0.0839398, 0.0294427, 0.996036
-0.24591, 0.96926, -0.00792739
-0.965651, -0.24427, 0.0885998

65
0.0180251, -0.00879683, -0.0389635
0.707947, 0.706265, -0.000173653
-0.0348519, 0.0351804, 0.998773
0.705405, -0.707072, 0.0495206

66
0.018649, 2.57933e-05, 0.00611539
0.214086, 0.176425, -0.96075
0.191382, 0.956916, 0.218367
0.957883, -0.23062, 0.171098

67
0.0213691, 0.00965826, 0.00824265
0.263531, 0.234099, -0.935815
0.153967, 0.947463, 0.280371
0.952284, -0.217971, 0.213643

68
0.00292432, 0.00121121, 0.0289971
-0.0227542, 0.0304556, -0.999277
-0.213809, -0.976558, -0.0248946
-0.97661, 0.213088, 0.0287325

69
0.0191752, -0.00688824, -0.00920718
-0.024614, -0.0341348, -0.999114
0.248156, 0.967927, -0.0391828
0.968407, -0.248901, -0.0153538

70
0.0171862, -0.0104377, 0.024396
0.358764, -0.510823, 0.781248
0.0945569, -0.812772, -0.574857
0.928627, 0.28011, -0.243291

71
-0.00388906, -0.0146781, 0.0171765
-0.0879873, 0.0589684, -0.994375
-0.0803229, -0.995416, -0.0519228
-0.992878, 0.0753025, 0.0923204

72
-0.0402253, 0.0397002, 0.0177358
-0.0134906, 0.125806, 0.991963
0.0247595, 0.991791, -0.125448
-0.999602, 0.0228682, -0.0164948

73
0.010445, -0.018769, 0.018075
-0.502349, -0.393669, -0.769851
0.136619, 0.843025, -0.520235
0.853803, -0.366516, -0.36971

74
0.0327586, 0.0588829, -0.00386204
-0.00671252, -0.174036, -0.984716
-0.474786, 0.867219, -0.150033
0.880075, 0.466523, -0.088451

75
0.022201, 0.018943, -0.0765294
-0.943985, 0.323904, -0.0630807
0.326013, 0.885821, -0.330207
-0.0510773, -0.332276, -0.941798

76
0.0246237, 0.0486177, 0.0302505
0.0159108, -0.0463959, -0.998796
-0.440975, 0.896199, -0.0486548
0.897378, 0.441219, -0.00620019

77
0.00615885, 0.00516489, -0.0691104
0.858487, 0.512734, -0.0102055
0.276488, -0.479509, -0.832842
-0.43192, 0.712162, -0.553417

78
0.00407204, -0.00295799, 0.00151936
0.0712864, 0.0376739, 0.996744
-0.292333, 0.956195, -0.0152338
-0.953656, -0.290296, 0.0791771

79
0.00643974, 0.00592605, 0.00258136
0.860656, 0.509086, 0.0101347
-0.45239, 0.755368, 0.474092
0.233698, -0.412615, 0.880417

80
0.00275328, -0.0189159, 0.0245798
-0.0619238, 0.00220086, -0.998078
0.188956, -0.981887, -0.0138886
-0.980031, -0.189453, 0.0603864

81
0.00260927, -0.00589332, 0.0231457
0.0515966, 0.0845938, 0.995079
-0.593861, 0.803692, -0.0375308
-0.802911, -0.589002, 0.0917047

82
-0.0498308, -0.0440277, -0.00495414
0.214829, 0.0182325, -0.976481
0.96819, 0.127355, 0.215383
0.128287, -0.99169, 0.00970706

83
0.0154611, -0.0270555, 0.0143225
0.358764, -0.510823, 0.781248
-0.268011, -0.858097, -0.437996
0.894125, -0.0522461, -0.44476

84
0.0287684, 0.00243872, 0.0183216
0.0238268, -0.145427, -0.989082
0.671886, 0.734934, -0.0918734
0.740271, -0.662361, 0.115221

85
0.00571606, -0.00876449, -0.011914
-0.0326756, 0.0830474, 0.99601
-0.827323, 0.556888, -0.0735749
-0.560776, -0.826426, 0.0505104

86
0.00275328, -0.0189159, 0.0245798
-0.0619238, 0.00220086, -0.998078
0.188956, -0.981887, -0.0138886
-0.980031, -0.189453, 0.0603864

87
-0.033122, -0.00559023, 0.0568709
-0.452496, 0.67634, -0.581216
-0.848283, -0.52749, 0.0465947
-0.275072, 0.514119, 0.812414

88
0.0101243, 0.00994746, 0.0173339
-0.0105689, -0.155386, 0.987797
0.999917, -0.00894244, 0.0092919
0.00738948, 0.987813, 0.155468

89
0.000310803, -0.000189661, -0.0157592
0.111369, 0.99094, -0.0750644
-0.221059, -0.0489393, -0.974032
-0.968881, 0.125071, 0.213606

90
-0.0430872, -0.0127679, 0.0371094
-0.0316794, -0.0534558, 0.998068
0.65283, 0.755031, 0.0611603
-0.756842, 0.653506, 0.0109786

91
-0.00569787, 0.0117264, 0.0220786
0.0515966, 0.0845938, 0.995079
-0.241395, 0.967916, -0.0697678
-0.969054, -0.236608, 0.0703617

92
-0.0317936, -0.0378165, -0.000869911
0.214829, 0.0182325, -0.976481
0.845397, 0.497164, 0.195273
0.489032, -0.867465, 0.0913916

93
0.040293, 0.017923, 0.0402821
-0.020116, -0.0792511, -0.996652
0.412438, 0.907424, -0.0804804
0.910764, -0.412676, 0.0144324

94
-0.00870398, 0.00513435, 0.0197411
-0.00620867, 0.144034, 0.989553
-0.614135, 0.780413, -0.117446
-0.789176, -0.608449, 0.083611

95
0.00548259, 0.00101269, 0.00790052
-0.502664, 0.60163, -0.620782
0.289531, 0.793788, 0.534857
0.814555, 0.0891179, -0.5732

96
0.00574875, -0.00127958, 0.037845
0.00326782, 0.113459, 0.993537
-0.198371, 0.973871, -0.110561
-0.980122, -0.196727, 0.0256895

97
0.0277377, -0.00769555, 0.0246711
-0.0134906, 0.125806, 0.991963
-0.932987, -0.358415, 0.0327677
0.359656, -0.925047, 0.122211

98
-0.0117676, -0.0113367, -0.00256993
-0.378826, -0.00506769, -0.925454
0.255319, 0.960605, -0.109773
0.889552, -0.27787, -0.362609

99
0.0299664, 0.0329896, -0.041963
0.850429, -0.526023, -0.00837603
-0.0441767, -0.0555381, -0.997479
0.524231, 0.848655, -0.0704692

100
0.0158263, 0.00936063, 0.00628965
0.850429, -0.526023, -0.00837603
0.467421, 0.762802, -0.446824
0.241429, 0.376077, 0.894583

101
-0.0309744, 0.0354167, 0.00569361
0.6027, -0.0182664, 0.797759
0.662086, -0.546594, -0.512715
0.445416, 0.837199, -0.317338

102
0.0180888, 0.000515648, -0.00607575
0.0595777, -0.997695, -0.0324758
0.705022, 0.0650878, -0.706192
0.706678, 0.0191772, 0.707275

103
0.00118058, -0.0188225, 0.0339699
-0.011187, 0.00799022, -0.999905
0.307491, -0.951487, -0.0110435
-0.951485, -0.307586, 0.00818736

104
-0.00185629, -0.0530552, 0.0285557
-0.326538, 0.17009, 0.929754
-0.809596, -0.557974, -0.182262
0.487778, -0.81224, 0.319904

105
-0.0177284, -0.0293117, -0.0324851
0.352467, 0.478394, -0.804305
0.907035, 0.036902, 0.419435
0.230336, -0.87737, -0.420913

106
-0.0220727, 0.0396449, 0.0328511
-0.00871621, 0.0669024, 0.997721
0.0825249, 0.994404, -0.065959
-0.996551, 0.081762, -0.0141885

107
0.0291025, 0.00797288, 0.0271164
0.0231577, -0.0793082, -0.996581
0.374462, 0.924968, -0.0649078
0.926953, -0.371678, 0.0511181

108
0.00800557, 0.00506866, -0.003159
-0.956101, -0.292103, 0.0233818
0.209379, -0.736794, -0.64288
0.205015, -0.609763, 0.76561

109
0.00360239, -0.0195432, 0.0246803
-0.0630594, -0.00588205, -0.997992
0.26184, -0.96505, -0.0108568
-0.963049, -0.261999, 0.0623956

110
0.00650588, -0.00728047, 0.0054015
-0.906509, 0.421207, 0.0287628
-0.302001, -0.694549, 0.65299
0.295021, 0.583255, 0.75682

111
-0.00108164, 0.000554085, 0.03415
-0.011187, 0.00799022, -0.999905
-0.0800326, -0.996767, -0.00706973
-0.996729, 0.0799459, 0.0117903

112
0.00551698, -0.00641, 0.00669952
-0.796235, 0.604191, 0.0310343
-0.458032, -0.635543, 0.621524
0.395243, 0.480664, 0.78278

113
0.00319495, 0.00656193, 0.0386471
0.0186508, 0.0731389, -0.997147
-0.741044, -0.668505, -0.0628942
-0.671198, 0.740103, 0.041731

114
-0.024968, -0.0105238, 0.0238674
0.00666511, 0.0888365, -0.996024
-0.580187, -0.81091, -0.0762085
-0.814456, 0.578388, 0.0461369

115
-0.000231402, -0.0016021, -0.0352095
0.111369, 0.99094, -0.0750644
0.166542, -0.0930766, -0.981631
-0.979725, 0.0968223, -0.175399

116
0.0292288, 0.00601671, 0.01692
-0.0105689, -0.155386, 0.987797
0.920975, -0.386282, -0.0509104
0.389479, 0.909198, 0.14719

117
0.00195182, -0.000835709, 0.00197706
-0.0884596, 0.0178907, -0.995919
0.00623764, -0.999809, -0.0185146
-0.99606, -0.00784998, 0.0883311

118
0.0100062, -0.000786185, -0.00651429
-0.759668, -0.649397, 0.0344804
0.354754, -0.458264, -0.81495
0.545027, -0.60686, 0.578504

119
0.00255025, -0.0182854, 0.0284114
-0.0227542, 0.0304556, -0.999277
0.176198, -0.983767, -0.033995
-0.984092, -0.176845, 0.0170186

120
0.0130173, 0.00806846, 0.00466108
0.950975, -0.309216, -0.00565473
0.287192, 0.876161, 0.387121
-0.11475, -0.369767, 0.922011

121
0.0144721, -0.0125301, 0.00641483
-0.120657, -0.24184, -0.962785
0.911007, 0.358303, -0.204169
0.394345, -0.901738, 0.177086

122
0.0142064, -0.00695686, -0.00984088
0.860656, 0.509086, 0.0101347
-0.328521, 0.539968, 0.774925
0.389031, -0.670273, 0.631972

123
-0.00842971, -0.0090462, 0.0372848
0.0186508, 0.0731389, -0.997147
-0.427779, -0.900843, -0.0740764
-0.903691, 0.42794, 0.0144859

124
0.0133026, 0.00971122, -0.0273652
-0.928585, 0.370011, 0.0286778
-0.0110789, -0.104877, 0.994424
0.370955, 0.923089, 0.101486

125
-0.0428569, -0.000774112, 0.0418841
-0.00641709, -0.0652071, 0.997851
0.77475, 0.630578, 0.046189
-0.632235, 0.773382, 0.0464727

126
0.00394716, -0.0492964, -0.019367
-0.992044, 0.125887, 0.000568007
-0.0485404, -0.378349, -0.924389
-0.116154, -0.917063, 0.38145

127
-0.0368945, 0.0206361, 0.0201989
-0.0134906, 0.125806, 0.991963
-0.359656, 0.925047, -0.122211
-0.932987, -0.358415, 0.0327677

128
0.0447183, 0.0368564, 0.0386873
-0.020116, -0.0792511, -0.996652
0.032509, 0.996274, -0.0798772
0.999269, -0.0340069, -0.0174647

129
0.0102945, 0.0282457, -0.0750591
-0.984305, 0.15886, 0.0768543
0.138625, 0.965524, -0.220334
-0.109207, -0.206222, -0.972392

130
0.0116787, 0.00419119, -0.00872396
-0.928585, 0.370011, 0.0286778
-0.152194, -0.450144, 0.87989
0.338478, 0.812688, 0.474311

131
0.00928355, 0.00790363, -0.0280902
-0.950843, -0.30929, -0.0153735
0.0123458, -0.087466, 0.996091
-0.309426, 0.946937, 0.0869849

132
0.00883381, -0.00861941, -0.0158649
0.0406498, 0.0828358, 0.995734
-0.947078, 0.320781, 0.0119775
-0.318421, -0.943524, 0.0914916

133
0.0299227, -0.00117644, 0.0259738
-0.0413442, -0.0833703, 0.995661
0.709633, -0.703954, -0.0294776
0.703357, 0.705335, 0.0882667

134
0.026972, 0.00908294, 0.0259637
0.00666511, 0.0888365, -0.996024
-0.974487, 0.224039, 0.0134613
0.224344, 0.970523, 0.0880633

135
0.0136674, 0.00960861, 0.0262019
-0.0413442, -0.0833703, 0.995661
0.924779, -0.380449, 0.00654449
0.378252, 0.921036, 0.0928284

136
0.00863947, -0.00974061, 0.00776125
-0.962907, 0.269618, -0.0108056
-0.267188, -0.947107, 0.177758
0.0376928, 0.174052, 0.984015

137
-0.0140891, 0.00383122, -0.00778631
0.6027, -0.0182664, 0.797759
0.153209, -0.978489, -0.138153
0.783122, 0.205489, -0.586936

138
0.0166348, -0.0500861, 0.02737
0.152265, -0.229241, 0.961386
-0.491263, -0.861608, -0.127643
0.857599, -0.452858, -0.24381

139
0.00747839, -0.00751506, 0.00630677
-0.928585, 0.370011, 0.0286778
-0.270139, -0.726881, 0.631402
0.254471, 0.578563, 0.774925

140
0.00557692, -0.00345244, -0.000751849
0.669199, -0.741566, -0.0474638
0.586373, 0.566227, -0.57927
0.456442, 0.359815, 0.813753

141
-0.0258671, -0.00681439, 0.0435845
-0.020116, -0.0792511, -0.996652
0.910764, -0.412676, 0.0144324
-0.412438, -0.907424, 0.0804804

142
-0.062368, -0.0521359, 0.0319772
-0.583846, -0.0375086, -0.810998
0.526252, -0.77814, -0.342866
-0.618209, -0.62697, 0.474053

143
0.00387684, 0.00277009, 0.00838507
-0.417002, -0.90857, -0.0246871
0.906758, -0.413998, -0.0799724
0.0624401, -0.0557339, 0.996491

144
-0.010455, -0.00792728, -0.00984417
-0.585799, -0.0288914, -0.809942
0.153417, 0.977343, -0.145823
0.795804, -0.209681, -0.568094

145
-0.00320769, 0.0155126, -0.0702359
0.643966, -0.726271, -0.240496
-0.610751, -0.298709, -0.733318
0.460749, 0.619116, -0.635929

146
0.0214443, -0.0129917, 0.0354534
0.152265, -0.229241, 0.961386
0.259039, -0.929468, -0.262657
0.95379, 0.28903, -0.082143

147
-0.014392, 0.0117248, 0.00413501
-0.2645, -0.0144019, 0.964278
0.354002, -0.931538, 0.0831892
0.897063, 0.36336, 0.25149

148
0.00692984, -0.0432756, 0.00763459
0.358764, -0.510823, 0.781248
-0.589776, -0.772784, -0.234453
0.7235, -0.376648, -0.578518

149
-0.0990538, 0.0116361, -0.0190889
-0.2645, -0.0144019, 0.964278
0.384003, 0.915631, 0.119007
-0.884636, 0.401763, -0.236654

150
0.0128577, 0.00369281, 0.0407917
0.152265, -0.229241, 0.961386
0.60432, -0.748109, -0.274098
0.782057, 0.62272, 0.0246242

151
0.018741, -0.00394084, 0.0076776
0.317274, 0.948282, 0.009913
-0.931041, 0.313458, -0.186832
-0.180277, 0.0500475, 0.982342

152
0.0254148, 0.0175126, 0.00744493
0.767288, -0.640365, -0.0346573
0.632347, 0.746467, 0.207182
-0.106801, -0.180884, 0.977688

153
-0.0524963, -0.0036976, -0.00612988
0.0595777, -0.997695, -0.0324758
0.706678, 0.0191772, 0.707275
-0.705022, -0.0650878, 0.706192

154
0.00269267, -0.0320993, -0.00185969
-0.452496, 0.67634, -0.581216
0.678446, 0.684082, 0.26785
0.578757, -0.273123, -0.768404

155
0.00871769, -0.0117206, -0.0322064
-0.943985, 0.323904, -0.0630807
0.0775703, 0.0320063, -0.996473
-0.320743, -0.945548, -0.0553389

156
0.0275266, 0.00442305, 0.00579869
-0.00671252, -0.174036, -0.984716
0.631391, 0.762881, -0.139133
0.775436, -0.622675, 0.104764

157
0.0172958, -0.00639988, 0.0326894
0.0159108, -0.0463959, -0.998796
0.660315, 0.750594, -0.0243476
0.75082, -0.659133, 0.0425785

158
0.0177051, 0.0178124, -0.0186392
0.947145, -0.32048, 0.0144344
0.15834, 0.427877, -0.88986
0.279006, 0.845112, 0.456006

159
0.00437622, -0.0160385, -0.0491906
0.157749, 0.880585, -0.446861
0.432817, -0.4684, -0.77024
-0.887572, -0.0719048, -0.455022

160
-0.0102039, -0.0304412, 0.00559266
-0.0402962, 0.129358, -0.990779
-0.00529746, -0.991598, -0.129249
-0.999174, 4.0365e-05, 0.0406429

161
-0.00632301, 0.0102229, 0.035302
0.0198214, 0.0427333, 0.99889
-0.387737, 0.921224, -0.0317167
-0.921557, -0.386678, 0.0348293

162
-0.00491954, -0.0148249, 0.0109308
-0.0536554, 0.431026, 0.900743
-0.698611, 0.628321, -0.34228
-0.713487, -0.647634, 0.267406

163
0.00942463, 0.00721485, 0.00157978
-0.990781, -0.134323, -0.0176394
0.12451, -0.851511, -0.509338
0.0533959, -0.506839, 0.860386

164
0.0126664, 0.006253, -0.00963535
-0.950953, 0.309334, -0.000757101
-0.197318, -0.604705, 0.77162
0.238231, 0.733924, 0.636083

165
0.0250617, 0.0125904, 0.00851619
0.0072636, 0.160973, -0.986932
-0.99347, -0.111219, -0.025452
-0.113863, 0.980672, 0.159114

166
0.00482558, 0.00104554, 0.00452991
-0.624456, -0.770387, 0.128678
0.473178, -0.50421, -0.722408
0.621415, -0.390225, 0.679388

167
0.0320543, -0.0282407, 0.029634
0.0379634, 0.0341126, 0.998697
-0.976093, 0.215307, 0.0297499
-0.214011, -0.97595, 0.0414708

168
0.0160963, 0.00563111, -0.0107113
0.575666, -0.815046, -0.0656397
0.473231, 0.397553, -0.786132
0.666829, 0.421486, 0.614563

169
0.0127767, 0.00392117, -0.00817211
-0.796235, 0.604191, 0.0310343
-0.271913, -0.403223, 0.87377
0.540438, 0.687288, 0.485348

170
3.50721e-05, 0.0155999, 0.0390765
0.0487143, 0.0127306, 0.998732
-0.219501, 0.975611, -0.00172942
-0.974395, -0.219139, 0.0503205

171
0.0072685, 0.00216775, -0.00458463
0.651369, -0.725238, -0.223041
0.355601, 0.551457, -0.754615
0.670273, 0.412219, 0.617097

172
0.0114408, -0.00209871, 0.00234452
-0.984305, 0.15886, 0.0768543
-0.153944, -0.560014, -0.814055
-0.0862815, -0.81311, 0.57568

173
0.0248682, -0.0137456, 0.0203671
-0.00828039, 0.156861, 0.987586
-0.998298, 0.0557238, -0.017221
-0.0577334, -0.986047, 0.156133

174
0.0266271, 0.0101424, 0.00284303
-0.0979842, -0.0398028, 0.994392
0.334056, -0.942541, -0.00481044
0.937446, 0.331712, 0.10565

175
0.013648, 0.0038718, -0.00423026
0.847559, -0.530354, -0.0191926
0.405692, 0.624174, 0.667698
-0.342137, -0.5737, 0.744185

176
0.00751954, -0.0107944, -0.0160561
-0.217815, 0.232004, 0.948014
-0.913091, 0.294622, -0.281892
-0.344706, -0.927023, 0.147667

177
-0.00846294, -0.0737541, -0.00325716
-0.968877, 0.247214, -0.0127554
-0.165198, -0.684099, -0.710436
-0.184355, -0.686217, 0.703647

178
0.0134714, -0.0179705, 0.00618995
-0.452496, 0.67634, -0.581216
0.405321, 0.736529, 0.541516
0.794331, 0.0094545, -0.607411

179
0.00466691, -0.00530085, 0.0124257
0.0567245, 0.114772, 0.991771
-0.645373, 0.762144, -0.0512867
-0.761759, -0.637153, 0.117303

180
0.00128046, -0.00258407, -0.0153912
-0.220497, 0.974744, 0.035436
-0.223282, -0.0150765, -0.974637
-0.949487, -0.222817, 0.220967

181
0.0140529, -0.00993698, 0.00699086
0.93797, 0.346608, 0.00871576
-0.333721, 0.909344, -0.248444
-0.0940383, 0.230125, 0.968607

182
-0.0103197, -0.0471628, 0.0344537
0.0186508, 0.0731389, -0.997147
0.336521, -0.939592, -0.062623
-0.941491, -0.334393, -0.0421368

183
0.0104301, 0.00193898, 0.0395958
-0.0316794, -0.0534558, 0.998068
0.949058, -0.314823, 0.0132621
0.313506, 0.947644, 0.0607061

184
0.00568346, 0.0181034, 0.0356317
0.00326782, 0.113459, 0.993537
0.191806, 0.975024, -0.111976
-0.981428, 0.190932, -0.018576

185
-0.0796589, -0.0381173, -0.0346117
0.506149, 0.0327454, -0.861824
0.476486, -0.843541, 0.247789
-0.71887, -0.536066, -0.44256

186
0.0416821, 0.0381226, 0.013386
0.0238268, -0.145427, -0.989082
-0.0483556, 0.988037, -0.146438
0.998546, 0.0513168, 0.0165096

187
0.0446218, 0.0372827, 0.0427629
0.00141776, 0.0643855, -0.997924
-0.996577, -0.0823984, -0.00673214
-0.0826608, 0.994517, 0.0640483

188
-0.00653569, 0.0484559, 0.0336706
0.0198214, 0.0427333, 0.99889
0.377468, 0.924826, -0.0470551
-0.925811, 0.377981, 0.00220091

189
0.0326768, -0.0315459, -0.0697591
0.157749, 0.880585, -0.446861
0.933656, -0.280365, -0.222893
-0.32156, -0.382053, -0.866391

190
0.0192173, 0.0205637, -0.0567785
0.947145, -0.32048, 0.0144344
-0.0853242, -0.29503, -0.951671
0.30925, 0.900139, -0.306781

191
0.00424141, -0.0655001, 0.00042781
-0.0402962, 0.129358, -0.990779
0.702777, -0.701194, -0.120132
-0.710268, -0.701137, -0.062654

192
0.0124464, 0.00448371, 0.0425834
-0.00641709, -0.0652071, 0.997851
0.880593, -0.4732, -0.0252594
0.47383, 0.878538, 0.0604574

193
0.0417377, -0.0428215, 0.0408152
-0.025485, -0.0570081, 0.998048
-0.00612047, -0.998345, -0.0571813
0.999656, -0.0075658, 0.0250939

194
0.0199288, 0.0165364, 0.0396917
0.0186508, 0.0731389, -0.997147
-0.941491, -0.334393, -0.0421368
-0.336521, 0.939592, 0.062623

195
-0.0109829, -0.0053141, 0.00696803
0.506149, 0.0327454, -0.861824
0.171391, 0.975529, 0.137724
0.845245, -0.217418, 0.48815

196
0.0131134, 0.00900478, -0.0381995
-0.968877, 0.247214, -0.0127554
-0.0135462, -0.00149822, 0.999907
0.247172, 0.96896, 0.0048004

197
0.0443859, -0.00592834, 0.0365453
-0.0040747, 0.0648814, 0.997885
-0.891694, -0.451907, 0.0257414
0.452621, -0.889703, 0.0596957

198
-0.0618147, -0.0432197, -0.0243257
0.506149, 0.0327454, -0.861824
0.845245, -0.217418, 0.48815
-0.171391, -0.975529, -0.137724

199
0.0146734, -0.00543255, -0.0200412
0.707947, 0.706265, -0.000173653
-0.302146, 0.303087, 0.903795
0.638372, -0.639787, 0.427965

200
0.0111652, 0.00352955, 0.0426821
-0.025485, -0.0570081, 0.998048
0.92122, -0.38904, 0.00130141
0.388207, 0.919455, 0.0624317

201
0.0327395, 0.027086, 0.0256799
0.0231577, -0.0793082, -0.996581
-0.00877216, 0.996794, -0.079529
0.999693, 0.0105839, 0.0223878

202
-0.026403, -0.00126573, 0.0417225
0.0200044, -0.0692984, -0.997395
0.797372, -0.60072, 0.0577303
-0.603156, -0.79645, 0.0432396

203
-0.00885027, -0.0097287, 0.0426625
0.0200044, -0.0692984, -0.997395
0.967494, -0.250204, 0.0367887
-0.252102, -0.96571, 0.0620406

204
-0.0850602, -0.0365006, 0.0275696
-0.378826, -0.00506769, -0.925454
0.724133, -0.624326, -0.292999
-0.576301, -0.781147, 0.240181

205
0.0510394, 0.0637655, -0.00805459
0.847559, -0.530354, -0.0191926
0.342137, 0.5737, -0.744185
0.405692, 0.624174, 0.667698

206
-0.0343181, -0.0393678, 0.0152482
-0.638131, 0.735106, 0.228927
-0.752808, -0.53337, -0.385741
-0.161458, -0.418491, 0.893754

207
0.0127587, -0.00137838, -0.00421584
0.134327, 0.990812, -0.0157434
-0.739228, 0.0896133, -0.667467
-0.659923, 0.101297, 0.744473

208
0.0128628, 0.00873399, -0.0287686
-0.906509, 0.421207, 0.0287628
-0.00493595, -0.0786971, 0.996886
0.422159, 0.903544, 0.0734186

209
0.00844847, 0.0184134, 0.0241504
-0.0630594, -0.00588205, -0.997992
-0.495829, -0.867655, 0.0364435
-0.866127, 0.497132, 0.0517973

210
0.00798913, 0.0138199, -0.0756848
-0.985019, -0.172434, 0.00218841
-0.150222, 0.851763, -0.50193
0.084686, -0.494739, -0.864906

211
-0.00660459, -0.0657986, -0.0325516
-0.962907, 0.269618, -0.0108056
-0.0376928, -0.174052, -0.984015
-0.267188, -0.947107, 0.177758

212
-0.0131754, -0.0279118, 0.0358123
0.0186508, 0.0731389, -0.997147
-0.0493886, -0.996036, -0.0739812
-0.998605, 0.0506276, -0.0149646

213
0.0150595, 0.00601239, -0.0149329
0.669199, -0.741566, -0.0474638
0.367065, 0.38543, -0.846585
0.646092, 0.549112, 0.530133

214
-0.0927625, 0.0296356, -0.0170944
-0.2645, -0.0144019, 0.964278
0.693308, 0.692184, 0.200511
-0.670346, 0.721577, -0.173098

215
-0.0690111, -0.0454735, 0.0210491
-0.378826, -0.00506769, -0.925454
0.889552, -0.27787, -0.362609
-0.255319, -0.960605, 0.109773

216
0.0106214, -0.0108406, 0.0431303
0.0200044, -0.0692984, -0.997395
0.990323, 0.138402, 0.0102464
0.137332, -0.987949, 0.0713965

217
0.0597299, -0.0222237, 0.036647
0.0487143, 0.0127306, 0.998732
-0.974395, -0.219139, 0.0503205
0.219501, -0.975611, 0.00172942

218
-0.08819, -0.027925, 0.0288038
-0.378826, -0.00506769, -0.925454
0.448471, -0.875735, -0.178782
-0.809546, -0.482766, 0.334024

219
0.0451646, -0.0401944, 0.0421593
0.00326782, 0.113459, 0.993537
-0.981428, 0.190932, -0.018576
-0.191806, -0.975024, 0.111976

220
0.0113413, -0.0174063, 0.00128592
0.214086, 0.176425, -0.96075
0.54338, 0.795821, 0.267221
0.81173, -0.579261, 0.0745082

221
0.0137218, 0.00391803, -0.000240428
0.767288, -0.640365, -0.0346573
0.543341, 0.620425, 0.565556
-0.34066, -0.452775, 0.823981

222
-0.00435394, -0.0525652, 0.020134
-0.165278, 0.00919259, 0.986204
-0.851383, -0.506075, -0.137966
0.497825, -0.862441, 0.0914696

223
0.0152965, 0.00680287, 0.0423068
0.00173064, -0.0693443, 0.997591
0.806792, -0.589315, -0.042364
0.590833, 0.804922, 0.0549265

224
0.0058622, -0.0199364, 0.00128661
-0.0884596, 0.0178907, -0.995919
0.386939, -0.920699, -0.0509082
-0.917853, -0.389863, 0.0745221

225
0.0237861, -0.0508563, 0.0232045
-0.0619238, 0.00220086, -0.998078
0.826599, -0.560336, -0.0525203
-0.559375, -0.828263, 0.0328789

226
0.0186652, 0.0192133, 0.00964247
0.214086, 0.176425, -0.96075
-0.189752, 0.97233, 0.136269
0.958207, 0.153131, 0.241639

227
0.0122503, -0.00236571, -0.0066041
0.507231, 0.861633, 0.0174887
-0.541936, 0.334677, -0.770907
-0.670091, 0.38155, 0.636708

228
0.0379207, 0.0324841, 0.00768807
0.767288, -0.640365, -0.0346573
0.625083, 0.758867, -0.182734
0.143317, 0.118546, 0.982551

229
0.00190523, 0.000395663, 0.0400894
-0.00994133, 0.00866302, -0.999913
-0.0768624, -0.997011, -0.00787369
-0.996992, 0.0767775, 0.0105775

230
0.0233081, -0.034348, 0.000973258
0.0839398, 0.0294427, 0.996036
-0.856703, 0.512645, 0.057044
-0.508934, -0.858095, 0.068255

231
-0.0883076, 0.0232987, 0.0259953
0.359798, 0.00300667, 0.933025
0.362516, 0.920978, -0.142763
-0.859725, 0.389603, 0.330276

232
0.0195051, -0.00544232, -0.0669602
-0.459068, -0.888315, 0.0123772
-0.716685, 0.378533, 0.585726
-0.524995, 0.260018, -0.810414

233
0.00210812, 0.0164429, 0.000926526
0.0712864, 0.0376739, 0.996744
0.0948675, 0.9945, -0.044374
-0.992934, 0.0977219, 0.0673204

234
-0.001074, -0.0165631, 0.0392239
0.00141776, 0.0643855, -0.997924
0.0826608, -0.994517, -0.0640483
-0.996577, -0.0823984, -0.00673214

235
0.0199871, 0.0459994, -0.0285892
-0.0858988, -0.533963, -0.841133
-0.776169, 0.565181, -0.27952
0.624646, 0.628851, -0.462994

236
0.00228836, -0.0192866, 0.0286626
0.0231577, -0.0793082, -0.996581
0.920239, 0.391235, -0.00975083
0.390671, -0.916867, 0.0820427

237
0.0136084, 0.00771905, 0.000614805
-0.962907, 0.269618, -0.0108056
-0.232426, -0.808406, 0.540794
0.137072, 0.523245, 0.841086

238
0.00726159, -0.00999047, -0.0348673
-0.984305, 0.15886, 0.0768543
-0.0478444, 0.178966, -0.982691
-0.169865, -0.970945, -0.168557

239
-0.0095815, 0.00266489, 0.0174718
-0.00828039, 0.156861, 0.987586
-0.665079, 0.736643, -0.12258
-0.746727, -0.657838, 0.0982254

240
0.0417027, 0.0571561, -0.0143515
0.10732, -0.101695, 0.98901
0.973686, 0.2119, -0.0838682
-0.201043, 0.971986, 0.121761

241
0.0123733, -0.00811578, 0.0429162
-0.020116, -0.0792511, -0.996652
0.935645, 0.349839, -0.046703
0.352369, -0.933451, 0.0671135

242
-0.0584333, 0.0435408, -0.00747028
-0.2645, -0.0144019, 0.964278
0.964249, -0.0207836, 0.264182
0.0162364, 0.99968, 0.0193843

243
0.0273963, -0.00769165, 0.0396185
-0.0316794, -0.0534558, 0.998068
0.756842, -0.653506, -0.0109786
0.65283, 0.755031, 0.0611603

244
-0.0174794, -0.0231525, 0.00247489
0.506149, 0.0327454, -0.861824
0.481806, 0.818069, 0.314047
0.715316, -0.574187, 0.398288

245
-0.0162774, 0.00473194, -0.0758099
-0.624456, -0.770387, 0.128678
-0.75519, 0.553474, -0.351219
0.199355, -0.316497, -0.927409

246
0.00671835, 0.00533387, -0.0135564
0.858487, 0.512734, -0.0102055
-0.293234, 0.474452, -0.830006
-0.42073, 0.715542, 0.557662

247
0.00767712, 0.0157609, 0.049953
-0.452496, 0.67634, -0.581216
-0.578757, 0.273123, 0.768404
0.678446, 0.684082, 0.26785

248
0.0124059, -0.0120512, -0.0371003
-0.956101, -0.292103, 0.0233818
0.00308636, -0.0898248, -0.995953
0.293021, -0.952159, 0.0867831

249
0.00307054, -0.00203823, -0.0162461
0.10732, -0.101695, 0.98901
-0.201043, 0.971986, 0.121761
-0.973686, -0.2119, 0.0838682

250
-0.0164193, -0.0258299, -0.00489179
-0.585799, -0.0288914, -0.809942
0.446279, 0.822705, -0.352123
0.676517, -0.567733, -0.469046

251
0.0521295, 0.0260466, 0.0413999
0.0200044, -0.0692984, -0.997395
0.252102, 0.96571, -0.0620406
0.967494, -0.250204, 0.0367887

252
0.0351683, -0.0258204, 0.0400047
0.00173064, -0.0693443, 0.997591
0.152706, -0.985874, -0.0687948
0.98827, 0.152457, 0.00888306

253
0.029646, 0.0297904, 0.0312051
0.0159108, -0.0463959, -0.998796
-0.0639962, 0.996827, -0.0473239
0.997823, 0.0646722, 0.0128912

254
0.0161574, 0.0032582, -0.0666267
-0.943985, 0.323904, -0.0630807
0.28165, 0.691236, -0.665482
-0.171949, -0.645972, -0.743743

255
0.0384937, 0.0405138, -0.000654638
-0.00671252, -0.174036, -0.984716
-0.101855, 0.979736, -0.172461
0.994777, 0.0991408, -0.0243029

256
0.00251239, 0.0116294, -0.0510683
0.858487, 0.512734, -0.0102055
0.0901528, -0.170476, -0.981229
-0.504849, 0.841452, -0.192576

257
-0.00535777, 0.0146527, 0.00564534
0.707947, 0.706265, -0.000173653
-0.665046, 0.666713, 0.336463
0.237748, -0.238082, 0.941697

258
-0.0510185, -0.0471342, 0.0136931
-0.378826, -0.00506769, -0.925454
0.919545, 0.110889, -0.377015
0.104533, -0.99382, -0.0373477

259
0.0290478, -0.00443227, 0.0430547
0.0200044, -0.0692984, -0.997395
0.862385, 0.505939, -0.0178558
0.505858, -0.859781, 0.0698829

260
-0.0071087, -0.0566287, 0.00535039
0.358764, -0.510823, 0.781248
-0.821754, -0.569822, 0.00478317
0.442729, -0.64371, -0.624202

261
-0.000557725, 0.015819, 0.0015016
0.0839398, 0.0294427, 0.996036
0.142347, 0.988958, -0.0412296
-0.986251, 0.145244, 0.0788218

262
0.00220133, -0.0258746, 0.00833033
-0.950953, 0.309334, -0.000757101
-0.307979, -0.946553, 0.0958395
0.0289298, 0.0913721, 0.995397

263
0.0124546, -0.0110663, -0.0309605
-0.624456, -0.770387, 0.128678
-0.104819, -0.0805999, -0.99122
0.773994, -0.632461, -0.0304201

264
0.00067829, -0.00633603, 0.0300785
0.0379634, 0.0341126, 0.998697
-0.538873, 0.842346, -0.00828794
-0.841531, -0.537856, 0.0503607

265
-0.00839529, -0.0057034, 0.00528616
0.0072636, 0.160973, -0.986932
-0.621976, -0.772084, -0.130508
-0.783003, 0.614796, 0.094513

266
0.00879345, -0.00196255, -0.0748128
0.134327, 0.990812, -0.0157434
0.659923, -0.101297, -0.744473
-0.739228, 0.0896133, -0.667467

267
0.0245662, -0.0135469, 0.0226689
-0.00620867, 0.144034, 0.989553
-0.992291, 0.121597, -0.0239248
-0.123773, -0.982074, 0.142169

268
0.0259862, -0.0479582, 0.0334595
-0.011187, 0.00799022, -0.999905
0.890231, -0.455307, -0.0135983
-0.455372, -0.890299, -0.00201962

269
0.0343289, -0.0452645, 0.0386545
0.00173064, -0.0693443, 0.997591
-0.237113, -0.969172, -0.0669575
0.971481, -0.236426, -0.0181197

270
-0.00976517, 0.0369901, -0.00377469
0.872767, 0.487923, 0.0144657
-0.359325, 0.662231, -0.657522
-0.3304, 0.568666, 0.753296

271
0.00292963, 0.0173664, -0.0142355
0.10732, -0.101695, 0.98901
0.186874, 0.979088, 0.0803971
-0.976504, 0.176192, 0.12408

272
-0.00899788, -0.0029224, 0.00575514
0.0335994, 0.171111, -0.984679
-0.737003, -0.661221, -0.140051
-0.675054, 0.730416, 0.103893

273
0.00544066, -0.00181219, 0.00548067
-0.638131, 0.735106, 0.228927
-0.437255, -0.590748, 0.678104
0.633717, 0.33262, 0.698403

274
0.0118425, 0.00404791, 0.0363214
0.358764, -0.510823, 0.781248
0.442729, -0.64371, -0.624202
0.821754, 0.569822, -0.00478317

275
-0.00315757, -0.014515, -0.000151918
-0.502664, 0.60163, -0.620782
0.579209, 0.767468, 0.27479
0.641752, -0.221435, -0.734249

276
-0.00861125, 0.0133157, -0.0762297
-0.694142, -0.719174, 0.0309263
-0.681196, 0.642385, -0.35116
0.232678, -0.264822, -0.935805

277
0.0331144, 0.0703648, -0.0220834
0.950975, -0.309216, -0.00565473
0.11475, 0.369767, -0.922011
0.287192, 0.876161, 0.387121

278
0.0403052, 0.050472, -0.012648
-0.120657, -0.24184, -0.962785
-0.394345, 0.901738, -0.177086
0.911007, 0.358303, -0.204169

279
-0.0264618, 0.00430019, 0.0224126
-0.0134906, 0.125806, 0.991963
-0.689318, 0.717473, -0.100369
-0.724333, -0.685132, 0.0770415

280
0.00676989, 0.00194961, 0.00468782
-0.694142, -0.719174, 0.0309263
0.475649, -0.490493, -0.730188
0.540301, -0.492144, 0.682546

281
0.0579219, 0.057578, -0.0131617
0.767288, -0.640365, -0.0346573
0.34066, 0.452775, -0.823981
0.543341, 0.620425, 0.565556

282
0.0327078, 0.00903097, -0.00332268
0.04296, -0.352563, -0.934802
0.00606083, 0.93574, -0.352638
0.999058, 0.00948369, 0.0423363

283
0.0170617, -0.000526306, -0.000117922
0.352467, 0.478394, -0.804305
0.134305, 0.824706, 0.549384
0.926137, -0.301662, 0.226431

284
-0.0200385, -0.0286595, 0.000910579
-0.378826, -0.00506769, -0.925454
0.576301, 0.781147, -0.240181
0.724133, -0.624326, -0.292999

285
0.0347891, -0.0732398, -0.0141202
-0.948823, -0.315726, -0.00723211
0.178264, -0.516538, -0.837503
0.260686, -0.795931, 0.546385

286
-0.00861823, 0.01663, -0.00989832
-0.583846, -0.0375086, -0.810998
-0.249616, 0.958838, 0.135355
0.772539, 0.281464, -0.569177

287
-0.0329695, -0.0282413, 0.0222336
0.00666511, 0.0888365, -0.996024
-0.224344, -0.970523, -0.0880633
-0.974487, 0.224039, 0.0134613

288
0.032666, 0.002536, -0.0414012
0.0595777, -0.997695, -0.0324758
-0.00117124, 0.0324637, -0.999472
0.998223, 0.0595843, 0.000765574

289
-0.00582738, -0.0138451, 0.0198824
0.0238268, -0.145427, -0.989082
0.998546, 0.0513168, 0.0165096
0.0483556, -0.988037, 0.146438

290
0.0158112, 0.0626741, 0.0271461
0.0379634, 0.0341126, 0.998697
0.841531, 0.537856, -0.0503607
-0.538873, 0.842346, -0.00828794

291
0.0424166, -0.0541658, 6.0784e-05
0.858487, 0.512734, -0.0102055
-0.42073, 0.715542, 0.557662
0.293234, -0.474452, 0.830006

292
0.00190911, -0.000802741, 0.00474475
0.0595777, -0.997695, -0.0324758
0.92179, 0.067472, -0.381774
0.383085, -0.00719062, 0.923685

293
0.0156741, -0.00818467, -0.0311239
-0.694142, -0.719174, 0.0309263
-0.0457157, 0.0011669, -0.998954
0.718385, -0.694829, -0.0336876

294
0.0107839, 0.0102016, -0.0167326
0.643966, -0.726271, -0.240496
0.191953, 0.457677, -0.868151
0.740582, 0.512896, 0.434138

295
-0.00365198, 0.0390127, 0.0190783
0.237466, 0.00597566, -0.971377
-0.825594, 0.528168, -0.198578
0.511864, 0.849119, 0.130355

296
0.0548246, -0.024839, 0.0220489
0.0515966, 0.0845938, 0.995079
-0.969054, -0.236608, 0.0703617
0.241395, -0.967916, 0.0697678

297
0.0417314, -0.0584255, 0.0220744
-0.0619238, 0.00220086, -0.998078
0.977741, -0.20072, -0.0611046
-0.200469, -0.979646, 0.0102775

298
0.00605062, -0.00748244, 0.0216701
-0.00620867, 0.144034, 0.989553
-0.869392, 0.488164, -0.0765092
-0.494084, -0.860785, 0.122191

299
-0.0103963, 0.00329003, 0.0353909
-0.00871621, 0.0669024, 0.997721
-0.646314, 0.760964, -0.0566729
-0.763022, -0.645335, 0.0366073

300
0.0112316, -0.00670851, -0.0183739
-0.956101, -0.292103, 0.0233818
0.114986, -0.447363, -0.88693
0.269535, -0.845306, 0.461312

301
0.0445943, -0.0418538, 0.0383347
-0.0316794, -0.0534558, 0.998068
0.0735472, -0.995986, -0.0510099
0.996788, 0.0717891, 0.0354838

302
0.0042924, -0.000507776, -0.00177357
