0
0.00611911, -0.00890599, 0.00640064
0.026962, -0.0884664, -0.995714
0.707767, 0.705106, -0.0434818
0.705931, -0.703562, 0.0816247

1
0.00790382, -0.00261738, 0.0046847
0.109334, 0.00420662, -0.993996
0.156391, 0.987464, 0.0213811
0.981625, -0.157789, 0.107306

2
0.00666907, 0.0187637, 0.0303103
-0.0794494, -0.157492, -0.984319
-0.87197, -0.467535, 0.145187
-0.48307, 0.869832, -0.100183

3
0.00580334, 0.00769713, 0.0194558
0.0043413, 0.0188573, 0.999813
0.768683, -0.639571, 0.00872516
0.639616, 0.768501, -0.0172719

4
0.00582599, 0.00450315, 0.00643013
-0.0505314, -0.0675036, 0.996439
0.647875, -0.761516, -0.0187338
0.760069, 0.644621, 0.0822144

5
0.0114937, -0.00666618, 0.0144702
-0.00962943, -0.0334535, -0.999394
0.358649, 0.932828, -0.034681
0.933423, -0.358765, 0.00301546

6
0.0120114, 0.0037206, 0.00995098
-0.01981, -0.0422525, 0.998911
0.329991, -0.943395, -0.03336
0.943776, 0.32897, 0.0326315

7
-0.00183419, -0.000758963, 0.0161579
0.856198, -0.51626, -0.0200051
0.461056, 0.746025, 0.480493
-0.233135, -0.420621, 0.87677

8
-0.00180164, -0.0102231, 0.00744916
-0.996465, -0.0836809, -0.00735429
0.0499817, -0.520251, -0.852549
0.067516, -0.849903, 0.522595

9
-0.00265806, -0.0117134, 0.0154249
-0.00299521, 0.0221392, 0.99975
-0.999949, 0.00954382, -0.00320715
-0.00961244, -0.999709, 0.0221095

10
0.00277931, 0.00760937, 0.00800146
-0.0511133, -0.0339131, 0.998117
0.886895, -0.461012, 0.0297538
0.459135, 0.886746, 0.0536412

11
-0.00735479, 0.0112179, 0.0147717
-0.032794, -0.000268059, -0.999462
-0.958397, -0.283691, 0.0315227
-0.283547, 0.958916, 0.00904646

12
-0.0022319, -0.00146157, 0.0187053
0.865498, -0.500804, -0.0103994
0.439077, 0.748502, 0.496947
-0.241089, -0.434673, 0.867718

13
0.00226472, 0.00289169, 0.0087858
0.685341, -0.727944, 0.0201186
0.45467, 0.406153, -0.792663
0.568843, 0.552392, 0.609328

14
0.00197424, -0.0192871, 0.0582707
0.436527, -0.884982, -0.162021
0.635388, 0.17575, 0.751927
-0.636966, -0.431183, 0.639027

15
-0.0155781, -0.00332504, 0.0100095
0.105777, 0.154952, -0.982243
-0.112427, -0.979587, -0.166641
-0.988014, 0.128057, -0.0861974

16
0.0133522, 0.0185978, 0.0178237
-0.574913, -0.0136377, -0.818101
-0.407696, -0.862124, 0.300876
-0.709408, 0.506514, 0.490086

17
-0.0024865, 0.01147, 0.00381018
0.999946, 0.0102356, -0.001782
-0.00835079, 0.689767, -0.723983
-0.00618126, 0.723959, 0.689816

18
0.00273579, 0.0117919, 0.0137523
-0.93973, 0.341913, 0.00176471
-0.303084, -0.835377, 0.458568
0.158265, 0.430396, 0.888657

19
-0.000735338, 0.0100744, 0.014363
0.00677023, -0.00147975, 0.999976
0.996023, -0.088834, -0.00687492
0.088842, 0.996045, 0.000872441

20
0.00214233, -0.0158014, 0.0087137
0.00350383, -0.0694646, -0.997578
0.963857, 0.265988, -0.0151362
0.266395, -0.96147, 0.0678859

21
-0.0144944, -0.00717001, 0.0109659
-0.130123, -0.0604832, -0.989651
-0.221935, -0.971034, 0.0885262
-0.96634, 0.231158, 0.11293

22
0.0073667, 0.0167916, 0.0200379
-0.0574214, -0.0421665, -0.997459
-0.232571, 0.972184, -0.0277095
0.970883, 0.230389, -0.065631

23
0.0764202, 0.0386536, 0.00904628
-0.0111178, 0.0179152, -0.999778
-0.967675, 0.251736, 0.0152717
0.251954, 0.96763, 0.0145374

24
-0.0151241, -0.0133118, 0.011837
-0.0689711, -0.0138713, -0.997522
0.19218, -0.98136, 0.000358824
-0.978933, -0.191679, 0.0703512

25
-0.00166091, -0.00115553, 0.0123862
0.670819, -0.740289, -0.044431
0.654013, 0.562265, 0.506088
-0.349669, -0.368552, 0.861336

26
0.0115911, -0.00535308, -0.00296829
-0.247286, -0.968633, 0.0244772
0.415424, -0.12881, -0.900462
0.87537, -0.212503, 0.434246

27
-0.0122996, 0.00789846, 0.00447045
0.145439, 0.350939, -0.925035
-0.716323, -0.607574, -0.343125
-0.682443, 0.712527, 0.163021

28
-0.000296857, 0.0062674, -0.00553403
-0.547014, 0.786307, 0.287224
0.484894, 0.577305, -0.656961
-0.682388, -0.220094, -0.697069

29
-0.00235068, -0.000871456, 0.0176396
-0.906784, 0.421295, 0.0159191
-0.34899, -0.77127, 0.532304
0.236535, 0.477129, 0.846404

30
0.0197213, -0.00520477, 0.00819452
-0.0407121, -0.0440168, 0.998201
0.512075, -0.858773, -0.0169833
0.857975, 0.510463, 0.0575023

31
-0.000227817, -0.00938885, 0.00670585
-0.956356, -0.286467, -0.0576201
0.193458, -0.472951, -0.859588
0.218992, -0.833219, 0.507729

32
-0.00661666, -0.0125077, 0.00535942
0.0101455, 0.1226, 0.992404
-0.963147, 0.267968, -0.0232579
-0.268784, -0.955595, 0.1208

33
0.00878327, -0.00127097, 0.0184134
-0.0382115, -0.00840867, -0.999234
0.0105323, 0.999906, -0.00881708
0.999214, -0.0108611, -0.0381194

34
0.0153297, -0.0125213, 0.00575876
-0.0505314, -0.0675036, 0.996439
0.307693, -0.950235, -0.0487698
0.950143, 0.304133, 0.0687871

35
-9.9591e-05, 0.0185837, 0.00564592
-0.0715689, -0.0133441, 0.997346
0.565616, -0.824138, 0.0295616
0.821557, 0.566231, 0.0665303

36
-0.00230319, -0.00448351, 0.0150375
0.999946, 0.0102356, -0.001782
-0.0100806, 0.914309, -0.404892
-0.00251503, 0.404888, 0.914363

37
-0.00597166, 0.00469278, 0.0191713
-0.488227, 0.347844, -0.800399
-0.170575, -0.937481, -0.303371
-0.855884, -0.0115863, 0.517037

38
0.00104912, -0.0149435, 0.00942775
-0.96089, -0.276926, -0.00149902
0.206491, -0.712864, -0.670213
0.184531, -0.644311, 0.742167

39
0.0268889, 0.0103064, -0.0255414
0.425954, -0.881137, -0.205333
-0.894054, -0.444722, 0.0537445
-0.138672, 0.160686, -0.977215

40
-0.00163235, -0.00129949, 0.00746694
0.612729, -0.789245, 0.0406883
0.587042, 0.48901, 0.645175
-0.529098, -0.371432, 0.762951

41
0.0066577, 0.00928429, 0.00830063
-0.0407121, -0.0440168, 0.998201
0.801429, -0.598057, 0.00631469
0.596703, 0.800244, 0.0596245

42
0.00513632, -0.0125747, 0.0198578
0.549909, -0.0180146, 0.83503
-0.188286, 0.971358, 0.144952
-0.813725, -0.236935, 0.530767

43
0.000146685, -0.000585097, -0.00834222
-0.531312, 0.829622, 0.171567
0.584212, 0.505461, -0.634985
-0.613517, -0.237144, -0.753232

44
0.0315101, 0.000178913, 0.0665802
-0.535714, -0.78973, 0.298894
0.827399, -0.42027, 0.372538
-0.168588, 0.446878, 0.878566

45
-0.00223735, -0.00126459, 0.0223165
0.856252, -0.516539, -0.00451862
0.516557, 0.856196, 0.00980946
-0.00119815, -0.0107335, 0.999942

46
0.000291159, -0.00398355, 0.00483205
-0.629651, -0.776406, -0.0270646
0.426445, -0.316299, -0.847407
0.649372, -0.545113, 0.530253

47
0.00786655, -0.0188463, 0.00571677
-0.0715689, -0.0133441, 0.997346
-0.180977, -0.98314, -0.0261408
0.98088, -0.182368, 0.0679472

48
-0.00819484, -0.00833409, 0.00435358
-0.754153, 0.656684, 0.00437225
-0.266148, -0.299552, -0.916206
-0.600348, -0.692124, 0.400683

49
-0.00180448, -0.00225172, 0.0111973
0.573937, -0.787619, 0.224171
0.565236, 0.579099, 0.587497
-0.592541, -0.210476, 0.777557

50
0.00688793, 0.00922274, 0.0171835
-0.0131273, 0.0132799, 0.999826
0.79891, -0.601167, 0.0184742
0.601308, 0.799013, -0.0027178

51
-0.0110786, -0.0108939, 0.00533606
0.0279733, 0.135564, 0.990374
-0.752477, 0.655056, -0.0684114
-0.658024, -0.74332, 0.120333

52
0.00188348, -0.00259474, 0.00619475
-0.27397, -0.961553, 0.0188856
0.531968, -0.167871, -0.829958
0.801218, -0.217337, 0.557507

53
0.00917683, -0.0171682, 0.0319298
0.0292157, -0.0722777, 0.996957
-0.990697, 0.130529, 0.0384954
-0.132914, -0.988806, -0.0677917

54
0.0322673, 0.00612789, 0.000171008
-0.0286995, -0.170005, -0.985025
0.587251, 0.794572, -0.154245
0.808896, -0.582884, 0.077032

55
0.0169061, 0.045618, 0.0128913
-0.0151035, -0.0377817, -0.999172
-0.387677, 0.92134, -0.0289785
0.921672, 0.386918, -0.0285626

56
-0.020877, -0.0609303, 0.0327494
-0.0256325, -0.0794781, -0.996507
0.607389, -0.792976, 0.0476216
-0.793991, -0.604047, 0.0686002

57
0.0169749, 0.0072634, 0.00525799
0.026962, -0.0884664, -0.995714
0.383744, 0.920675, -0.0714083
0.923046, -0.380174, 0.0587716

58
0.0180018, -0.0045867, 0.00836662
-0.0511133, -0.0339131, 0.998117
0.643681, -0.765263, 0.00696135
0.763585, 0.642824, 0.0609443

59
0.000284555, -0.000253672, 0.00583028
0.248004, -0.968687, -0.0118374
0.588867, 0.160442, -0.792145
0.76924, 0.189485, 0.610218

60
-0.00674775, -0.0137837, 0.00427335
0.111437, 0.257938, 0.959713
-0.955992, 0.291572, 0.0326403
-0.271406, -0.921115, 0.279079

61
0.00527022, 0.000315443, 0.00286759
-0.301145, -0.0785164, 0.95034
0.215308, -0.976467, -0.0124479
0.928953, 0.200867, 0.310964

62
0.0179846, 0.00458362, 0.0142282
0.00677023, -0.00147975, 0.999976
0.886207, -0.463242, -0.00668547
0.463241, 0.886231, -0.00182489

63
-0.00618397, 0.012172, 0.0233759
-0.0472176, -0.0696436, -0.996454
-0.978631, -0.196641, 0.0601166
-0.200131, 0.977999, -0.0588705

64
-0.00800234, -0.0154473, 0.024564
0.0361797, -0.0479604, 0.998194
-0.954348, 0.294692, 0.0487496
-0.296498, -0.954388, -0.035109

65
0.038518, 0.0333832, 0.00937332
-0.0111178, 0.0179152, -0.999778
-0.862408, -0.506213, 0.000519247
-0.506092, 0.862222, 0.0210782

66
0.0565678, -0.0443403, 0.0366686
0.739716, -0.109941, -0.663877
0.654847, 0.344713, 0.672568
0.154904, -0.932248, 0.326984

67
-0.0150755, 0.00619519, 0.0115623
-0.0689711, -0.0138713, -0.997522
-0.197071, -0.98001, 0.0272538
-0.97796, 0.198462, 0.0648588

68
-0.0306496, -0.00489851, -0.0257229
-0.143719, 0.989519, 0.0140566
0.018611, 0.0169041, -0.999684
-0.989444, -0.143412, -0.0208454

69
0.00812156, -0.00268725, 0.0208178
-0.0574214, -0.0421665, -0.997459
0.156673, 0.986348, -0.0507161
0.98598, -0.159187, -0.0500312

70
-0.0103646, -0.0125312, -0.0030034
0.573937, -0.787619, 0.224171
0.295455, 0.454472, 0.840334
-0.763743, -0.416066, 0.493544

71
0.0569456, 0.0397875, 0.00928316
-0.0111178, 0.0179152, -0.999778
-0.990434, -0.137722, 0.00854601
-0.137538, 0.990309, 0.019275

72
0.00400403, 0.016812, 0.0104154
0.145439, 0.350939, -0.925035
-0.922956, -0.288653, -0.254621
-0.356371, 0.890798, 0.28192

73
-0.00697771, -0.00394116, 0.00968943
-0.547014, 0.786307, 0.287224
0.186845, 0.449134, -0.873709
-0.816005, -0.424265, -0.3926

74
0.000310593, -0.00207962, 0.0126085
-0.247286, -0.968633, 0.0244772
0.718791, -0.200326, -0.665739
0.649761, -0.147034, 0.745783

75
0.00417685, -0.0113273, 0.0268775
-0.00688963, 0.0520824, -0.998619
0.873327, 0.48675, 0.0193609
0.487086, -0.871988, -0.0488385

76
-0.00292918, -0.00128019, 0.00736452
-0.102319, -0.994733, -0.00614997
0.757331, -0.0738879, -0.648837
0.644965, -0.0710457, 0.760902

77
-0.00800671, 0.0224347, 0.0104328
-0.213934, -0.0393518, -0.976055
-0.504338, -0.851268, 0.144863
-0.836585, 0.523253, 0.162269

78
0.0236134, -0.0261695, 0.0200172
0.0043413, 0.0188573, 0.999813
0.0912643, -0.995657, 0.0183827
0.995817, 0.0911674, -0.00604345

79
-0.00960099, 0.00700189, 0.00508004
-0.0578571, 0.100111, -0.993293
-0.820666, -0.571324, -0.00977991
-0.568471, 0.814596, 0.115213

80
0.0148035, 0.0125482, 0.0137951
-0.00962943, -0.0334535, -0.999394
-0.0258572, 0.999114, -0.033195
0.999619, 0.0255219, -0.0104859

81
0.00242056, 0.0283793, 0.0161976
0.011316, 0.0534411, -0.998507
-0.822923, -0.566767, -0.03966
-0.56804, 0.822143, 0.0375644

82
0.0113178, 0.00396554, 0.0193055
0.343266, -0.93917, -0.0112851
0.824472, 0.307056, -0.475355
0.449904, 0.153869, 0.879722

83
-0.0127963, -0.0119791, 0.016208
-0.712263, 0.701886, 0.00618367
-0.618229, -0.623149, -0.479039
-0.332377, -0.345024, 0.877772

84
-0.0097034, -0.00567497, 0.0139507
-0.357154, 0.0319751, -0.933498
0.0810861, -0.994579, -0.0650906
-0.930519, -0.0989411, 0.352625

85
0.028219, -0.0212466, 0.0279044
0.0131073, 0.0623123, 0.997971
0.250883, -0.966335, 0.0570419
0.967929, 0.249627, -0.0282992

86
0.0820674, 0.0428075, 0.00406312
-0.107843, 0.0154456, -0.994048
-0.924781, 0.365435, 0.106006
0.364897, 0.930709, -0.0251257

87
-0.0097936, -0.0197949, 0.0157683
-0.0151035, -0.0377817, -0.999172
0.921672, 0.386918, -0.0285626
0.387677, -0.92134, 0.0289785

88
-0.03754, -0.00445651, 0.00403166
-0.0286995, -0.170005, -0.985025
0.808896, -0.582884, 0.077032
-0.587251, -0.794572, 0.154245

89
-0.0127229, -0.0120148, 0.0192217
-0.714587, 0.699519, 0.00613535
-0.616331, -0.62541, -0.478538
-0.33091, -0.345739, 0.878045

90
0.0698033, 0.0409744, 0.00807143
-0.0481912, 0.00994211, -0.998789
-0.952842, 0.299492, 0.0489555
0.299616, 0.954047, -0.0049596

91
0.00103882, -0.0208444, 0.00229585
0.149065, 0.014702, -0.988718
0.514679, 0.852617, 0.0902745
0.844325, -0.522329, 0.119529

92
-0.0295227, -0.0433396, -0.00264629
0.149065, 0.014702, -0.988718
0.960961, 0.233549, 0.148353
0.233095, -0.972234, 0.020686

93
0.029485, 0.0380722, 0.0292793
-0.00688963, 0.0520824, -0.998619
-0.115801, 0.991882, 0.05253
0.993249, 0.116003, -0.000802517

94
0.00564729, -0.0307113, -0.0251367
-0.96089, -0.276926, -0.00149902
0.0155282, -0.0484744, -0.998704
0.276495, -0.959668, 0.0508787

95
0.000531745, -0.0282825, 0.000873641
-0.488227, 0.347844, -0.800399
0.484587, -0.654706, -0.580116
-0.725816, -0.671092, 0.151085

96
0.0446237, -0.0441696, 0.0139757
0.00677023, -0.00147975, 0.999976
-0.088842, -0.996045, -0.000872441
0.996023, -0.088834, -0.00687492

97
-0.0330757, -0.0326361, -0.000155404
-0.714587, 0.699519, 0.00613535
0.069861, 0.0800869, -0.994337
-0.696049, -0.710112, -0.106098

98
-0.00797072, -0.00766263, 0.00384321
-0.717518, 0.69651, 0.00642117
-0.234538, -0.232911, -0.943792
-0.655866, -0.678694, 0.330476

99
0.101882, 0.024205, 0.00850423
-0.0111178, 0.0179152, -0.999778
-0.506092, 0.862222, 0.0210782
0.862408, 0.506213, -0.000519247

100
0.00787583, 0.00129786, 0.0033671
-0.277839, -0.205347, 0.938423
0.272844, -0.953523, -0.12787
0.921065, 0.220516, 0.320954

101
-0.0338846, -0.0386836, 0.0159792
-0.00962943, -0.0334535, -0.999394
0.999619, 0.0255219, -0.0104859
0.0258572, -0.999114, 0.033195

102
0.093977, 0.030154, 0.00869873
-0.0111178, 0.0179152, -0.999778
-0.797597, 0.60287, 0.0196725
0.603088, 0.797638, 0.00758657

103
-0.00366583, -0.00583048, 0.0191443
-0.93973, 0.341913, 0.00176471
-0.340578, -0.936493, 0.0835874
0.0302322, 0.0779485, 0.996499

104
-0.0143874, -0.017322, 0.0266929
-0.00688963, 0.0520824, -0.998619
0.993249, 0.116003, -0.000802517
0.115801, -0.991882, -0.05253

105
-0.006962, 0.00340687, 0.0106241
0.735518, 0.677499, -0.00298076
-0.439405, 0.473676, -0.763253
-0.515691, 0.562696, 0.646093

106
0.000329511, 0.00126774, 0.0250362
-0.714587, 0.699519, 0.00613535
-0.696049, -0.710112, -0.106098
-0.069861, -0.0800869, 0.994337

107
-0.00147428, -0.00105664, 0.00844742
0.588632, -0.808325, 0.0111306
0.588665, 0.419155, -0.691218
0.554063, 0.413425, 0.72256

108
-0.0241271, 0.00472938, 0.0199851
-0.0339903, -0.03097, -0.998942
-0.828476, -0.558174, 0.0454949
-0.558992, 0.829146, -0.00668543

109
0.0256419, 0.0399922, 0.030997
-0.0371877, 0.0462116, -0.998239
-0.212802, 0.975652, 0.0530935
0.976387, 0.214402, -0.0264483

110
-0.0101102, -0.0197198, 0.00692196
0.026962, -0.0884664, -0.995714
0.92404, 0.382192, -0.00893549
0.381344, -0.919839, 0.0920511

111
0.0162939, 0.00670983, 0.000367355
0.0451028, -0.244162, -0.968685
0.41341, 0.887306, -0.204401
0.909427, -0.391245, 0.140959

112
-0.0183554, -0.00369899, 0.0142453
0.011316, 0.0534411, -0.998507
-0.18023, -0.982108, -0.054606
-0.983559, 0.180578, -0.00148181

113
-0.0201513, 0.00669178, 0.0210725
0.102079, -0.0867337, 0.990988
-0.262648, 0.958492, 0.110944
-0.959477, -0.271606, 0.0750614

114
-0.00927345, -0.0109072, 0.0329244
0.0292157, -0.0722777, 0.996957
-0.86442, 0.498993, 0.0615079
-0.50192, -0.863587, -0.0478998

115
0.00463068, 0.00691326, 0.0206112
0.549909, -0.0180146, 0.83503
0.137445, 0.988089, -0.0691979
-0.823838, 0.152823, 0.545836

116
0.0136602, 0.00998905, -0.0176253
-0.531312, 0.829622, 0.171567
0.774524, 0.557736, -0.2984
-0.343248, -0.0256607, -0.938894

117
0.03555, -0.0347212, -0.00486853
-0.0819671, -0.269614, 0.959474
0.0644558, -0.962132, -0.264854
0.994549, 0.0401343, 0.0962413

118
0.0384442, 0.0261622, 0.00591914
0.00350383, -0.0694646, -0.997578
0.122735, 0.990072, -0.0685108
0.992433, -0.122198, 0.0119948

119
-0.0141864, -0.00970756, -5.43031e-05
-0.527578, 0.848398, -0.0433795
-0.45056, -0.322741, -0.832366
-0.720178, -0.419593, 0.552526

120
-0.00776725, -0.0079392, 0.00378398
-0.282209, 0.065975, 0.957082
-0.120176, 0.987343, -0.103497
-0.951796, -0.144226, -0.270708

121
0.0217805, 0.0431992, 0.0328561
-0.0618748, 0.0366494, -0.997411
-0.276015, 0.959725, 0.0523873
0.95916, 0.278541, -0.049267

122
0.00533511, -0.0116947, 0.0293607
-0.0371877, 0.0462116, -0.998239
0.820628, 0.571447, -0.00411707
0.570251, -0.819337, -0.0591734

123
0.0237467, -0.00978899, -0.0122151
-0.825604, 0.266381, 0.497413
0.0554653, 0.915591, -0.398267
-0.561518, -0.301222, -0.77069

124
-0.00187548, -0.0500125, 0.00740275
-0.01981, -0.0422525, 0.998911
-0.745654, -0.66495, -0.0429139
0.666039, -0.745691, -0.0183331

125
-0.00269123, 0.0252549, -0.0318886
0.999946, 0.0102356, -0.001782
-0.00153409, -0.024177, -0.999707
-0.0102757, 0.999655, -0.0241599

126
0.0165117, -0.00809107, 0.0154021
-0.00299521, 0.0221392, 0.99975
-0.927511, -0.373755, 0.00549791
0.373783, -0.927263, 0.0216538

127
-0.0553281, 0.0131256, 0.00156493
-0.259316, -0.965766, -0.00720266
0.505377, -0.142046, 0.851127
-0.823012, 0.217071, 0.52491

128
0.025381, 0.00925518, 0.00686172
0.343266, -0.93917, -0.0112851
0.589542, 0.2248, -0.775826
0.731169, 0.259662, 0.630846

129
-0.0304528, -0.045131, 0.0304694
-0.0114049, -0.0696394, -0.997507
0.169245, -0.983314, 0.0667134
-0.985508, -0.168062, 0.0230007

130
0.00492235, -0.00877895, 0.00374191
0.0451028, -0.244162, -0.968685
0.729964, 0.670041, -0.134899
0.681996, -0.701021, 0.20845

131
-0.0111634, 0.0144055, 0.0152958
0.011316, 0.0534411, -0.998507
-0.542902, -0.838245, -0.0510164
-0.83972, 0.542669, 0.0195278

132
-0.000784541, -0.00625933, 0.0210008
-0.63598, -0.707839, -0.307397
0.442634, -0.660892, 0.60605
-0.632142, 0.249372, 0.733628

133
0.011614, 0.00947098, 0.016908
0.612729, -0.789245, 0.0406883
0.744833, 0.593927, 0.304095
-0.264172, -0.156022, 0.951772

134
0.019571, -0.00705258, 0.00816571
0.00350383, -0.0694646, -0.997578
0.788543, 0.61368, -0.0399629
0.614969, -0.786493, 0.056926

135
0.0231074, 0.0240449, 0.0372403
-0.717518, 0.69651, 0.00642117
-0.695695, -0.716163, -0.0558536
-0.034304, -0.0445431, 0.998418

136
0.0049255, -0.00973175, 0.0319567
-0.0618748, 0.0366494, -0.997411
0.780522, 0.624609, -0.0254691
0.622059, -0.780077, -0.0672532

137
0.0983735, 0.0322729, 0.00213041
-0.107843, 0.0154456, -0.994048
-0.714746, 0.693784, 0.0883219
0.691019, 0.720017, -0.06378

138
0.0121839, 0.0110057, 0.0187915
0.670819, -0.740289, -0.044431
0.738042, 0.660504, 0.137945
-0.0727726, -0.125328, 0.989443

139
0.00718046, 0.00824667, 0.0107672
-0.0481912, 0.00994211, -0.998789
-0.299616, -0.954047, 0.0049596
-0.952842, 0.299492, 0.0489555

140
0.00700936, -0.00757182, 0.0317073
-0.0661881, 0.0326998, -0.997271
0.617557, 0.786379, -0.015202
0.783736, -0.616878, -0.0722429

141
-0.00110225, -0.0169429, -0.0108527
-0.996465, -0.0836809, -0.00735429
0.0203398, -0.155406, -0.987641
0.0815038, -0.9843, 0.156558

142
-0.0173142, -0.0172315, 0.00874494
0.00350383, -0.0694646, -0.997578
0.992433, -0.122198, 0.0119948
-0.122735, -0.990072, 0.0685108

143
-0.0168175, -0.00339594, 0.00992657
-0.143719, 0.989519, 0.0140566
-0.686482, -0.0894546, -0.721623
-0.712802, -0.113361, 0.692143

144
-0.00619443, 0.0400424, 0.0307015
-0.996465, -0.0836809, -0.00735429
0.0815038, -0.9843, 0.156558
-0.0203398, 0.155406, 0.987641

145
0.0115784, 0.0181513, -0.0154514
-0.547014, 0.786307, 0.287224
0.709122, 0.617586, -0.340196
-0.444884, 0.0175848, -0.895416

146
-0.0234085, -0.00643887, -0.00271543
0.145439, 0.350939, -0.925035
-0.400636, -0.833998, -0.379392
-0.90462, 0.425781, 0.0193033

147
0.0162082, -0.00700895, -0.0218506
-0.247286, -0.968633, 0.0244772
0.0488119, -0.0376831, -0.998097
0.967712, -0.245621, 0.0565993

148
-0.00993093, -0.0143165, 0.0105293
-0.41925, 0.320177, -0.849539
0.241832, -0.862556, -0.444427
-0.87507, -0.391771, 0.284197

149
0.00187495, 0.00848472, 0.00439557
-0.0819671, -0.269614, 0.959474
0.943509, -0.331113, -0.0124399
0.321048, 0.904253, 0.281523

150
-0.0139296, -0.00875578, 0.0304923
-0.215967, -0.277344, -0.936183
-0.203099, -0.925078, 0.320907
-0.955044, 0.259443, 0.143458

151
-0.0296493, -0.0234204, 0.00663302
0.0282748, -0.088407, -0.995683
0.997186, -0.0666984, 0.0342396
-0.0694375, -0.993849, 0.0862723

152
0.0113461, 0.0477946, 0.0332349
-0.0661881, 0.0326998, -0.997271
-0.487749, 0.870855, 0.0609262
0.870471, 0.49045, -0.041691

153
-0.0296044, -0.0433471, 0.021817
-0.0414233, -0.0406109, -0.998316
0.971962, 0.22983, -0.0496791
0.231461, -0.972383, 0.0299519

154
-0.0054822, -0.0330394, 0.0121161
-0.213934, -0.0393518, -0.976055
0.579902, -0.809189, -0.0944802
-0.786095, -0.586229, 0.195933

155
0.0121476, -0.00250049, -0.0460937
-0.102319, -0.994733, -0.00614997
-0.306052, 0.037362, -0.951281
0.9465, -0.0954515, -0.308263

156
0.0075483, -0.00557139, 0.031396
-0.0969872, -0.0267739, -0.994925
0.392755, 0.917484, -0.0629764
0.914515, -0.39687, -0.0784687

157
0.00585434, -0.0191329, 0.00144588
-0.301145, -0.0785164, 0.95034
-0.156576, -0.979006, -0.130501
0.940636, -0.188101, 0.282529

158
0.000670447, -0.0369638, 0.00495798
-0.0715689, -0.0133441, 0.997346
-0.542568, -0.838514, -0.0501532
0.836958, -0.544717, 0.0527714

159
-0.0217547, -0.00772585, 0.0152794
-0.00299521, 0.0221392, 0.99975
-0.920154, 0.39139, -0.011424
-0.391545, -0.919959, 0.0191992

160
-0.00657973, -0.000136091, 0.0246801
-0.259316, -0.965766, -0.00720266
0.953764, -0.254906, -0.159242
0.151954, -0.0481636, 0.987213

161
-0.0221033, 0.00601053, 0.0293768
0.0245743, -0.0634861, 0.99768
-0.344357, 0.936368, 0.0680666
-0.938517, -0.345231, 0.00114869

162
-0.0451439, -0.0466472, 0.0222931
-0.0339903, -0.03097, -0.998942
0.199398, -0.979635, 0.0235867
-0.979329, -0.198385, 0.0394734

163
-0.000749751, 0.0474985, 0.0127751
-0.00962943, -0.0334535, -0.999394
-0.725121, 0.688434, -0.0160578
0.688554, 0.724527, -0.0308871

164
-0.0295489, -0.0433371, 0.0247049
-0.0574214, -0.0421665, -0.997459
0.970883, 0.230389, -0.065631
0.232571, -0.972184, 0.0277095

165
-0.0457087, -0.0248573, 0.0346393
-0.0661881, 0.0326998, -0.997271
0.960407, -0.268987, -0.0725613
-0.270626, -0.962589, -0.0136014

166
0.00869084, 0.0143167, -0.0459831
-0.63598, -0.707839, -0.307397
-0.632142, 0.249372, 0.733628
-0.442634, 0.660892, -0.60605

167
-0.00191627, -0.00143937, 0.0120166
-0.57783, 0.815922, 0.0195751
-0.702903, -0.485315, -0.519997
-0.414777, -0.314229, 0.853944

168
-0.0170853, -0.0105046, 0.0369105
-0.0794494, -0.157492, -0.984319
-0.274994, -0.945661, 0.173503
-0.958158, 0.284466, 0.0318228

169
-0.00511715, -0.00289363, 0.0219372
-0.570636, -0.668815, -0.476509
0.260488, -0.69771, 0.667343
-0.778794, 0.256686, 0.572357

170
0.0169442, -0.0442, 0.0272423
-0.921512, -0.380846, 0.0759762
0.361288, -0.912482, -0.191957
0.142433, -0.149441, 0.978458

171
-0.00324843, -0.0515044, -0.000615067
-0.085116, -0.0812808, 0.99305
-0.710451, -0.693837, -0.117684
0.69858, -0.715531, 0.00131055

172
0.00946604, -0.0493893, 0.0195032
0.0199134, 0.000477347, 0.999802
-0.553111, -0.83303, 0.0114142
0.83287, -0.553228, -0.0163244

173
0.000216322, -0.0658037, 0.00138272
-0.0505314, -0.0675036, 0.996439
-0.760069, -0.644621, -0.0822144
0.647875, -0.761516, -0.0187338

174
0.0168244, -0.0118354, 0.0193387
0.0199134, 0.000477347, 0.999802
0.197819, -0.980232, -0.00347204
0.980036, 0.197849, -0.0196142

175
0.00208488, -0.00975034, 0.0196998
-0.921512, -0.380846, 0.0759762
0.356184, -0.750893, 0.55614
-0.154754, 0.539551, 0.827608

176
0.0116393, -0.0164949, 0.00352651
-0.085116, -0.0812808, 0.99305
-0.00839418, -0.996573, -0.0822887
0.996336, -0.0153399, 0.0841421

177
0.00768056, 0.00539004, -0.00752855
0.588632, -0.808325, 0.0111306
0.331825, 0.229038, -0.915114
0.73716, 0.542359, 0.403041

178
0.0286389, -0.0159024, 0.0314513
0.0292157, -0.0722777, 0.996957
-0.966149, -0.257806, 0.00962237
0.256326, -0.963489, -0.077363

179
0.0082654, 0.0148333, 0.00482867
-0.0578571, 0.100111, -0.993293
-0.975741, -0.216102, 0.0350545
-0.211143, 0.971225, 0.110185

180
-0.00190996, -0.0427387, 0.0159621
0.999946, 0.0102356, -0.001782
-0.00890645, 0.932813, 0.36025
0.00534966, -0.360215, 0.932854

181
0.0133502, 0.0123212, 0.0184746
-0.0339903, -0.03097, -0.998942
-0.981088, 0.191606, 0.0274425
0.190554, 0.980983, -0.0368971

182
0.00667511, -0.00840168, -0.00787127
0.619286, 0.785013, 0.0154633
-0.31988, 0.234265, 0.91804
0.717051, -0.573475, 0.396187

183
-0.0125373, -0.0195105, 0.0296647
-0.0371877, 0.0462116, -0.998239
0.976387, 0.214402, -0.0264483
0.212802, -0.975652, -0.0530935

184
0.1003, 0.0122605, 0.00161043
-0.107843, 0.0154456, -0.994048
-0.395898, 0.916512, 0.0571913
0.91194, 0.399709, -0.0927244

185
-0.025687, 0.00146683, 0.017954
-0.0342632, -0.0165511, -0.999276
-0.703175, -0.710111, 0.0358721
-0.710191, 0.703895, 0.0126924

186
0.00716013, 0.0168775, 0.0046854
0.109334, 0.00420662, -0.993996
-0.231166, 0.972681, -0.0213106
0.966751, 0.232108, 0.10732

187
0.0456693, -0.00527503, 0.0130363
-0.032794, -0.000268059, -0.999462
-0.628726, 0.777359, 0.0204211
0.776935, 0.629058, -0.0256612

188
0.00879943, 0.00856068, -0.00870027
0.685341, -0.727944, 0.0201186
0.202373, 0.163845, -0.965505
0.699537, 0.665772, 0.259606

189
0.00541529, 0.00713947, 0.00423582
0.445121, -0.683816, 0.578154
0.634529, -0.214712, -0.742477
0.631855, 0.697348, 0.338328

190
-0.00771636, -0.0140969, 0.00381216
0.436527, -0.884982, -0.162021
-0.345328, -0.331104, 0.878134
-0.830778, -0.327379, -0.450145

191
-0.00971569, -0.0141291, 0.00589409
0.865498, -0.500804, -0.0103994
0.313394, 0.525183, 0.791181
-0.390765, -0.688025, 0.611494

192
0.0452001, -0.00893107, 0.0224159
-0.0472176, -0.0696436, -0.996454
-0.559402, 0.828302, -0.0313836
0.82755, 0.555937, -0.0780692

193
-0.00800234, -0.0154473, 0.024564
0.0361797, -0.0479604, 0.998194
-0.954348, 0.294692, 0.0487496
-0.296498, -0.954388, -0.035109

194
0.043798, -0.0444433, -0.0119177
0.508989, -0.0802932, 0.85702
-0.860552, -0.0700312, 0.504525
0.0195082, -0.994308, -0.104742

195
0.0122938, -0.0505711, 0.00302712
-0.0505314, -0.0675036, 0.996439
-0.454281, -0.886972, -0.0831253
0.889424, -0.456863, 0.0141544

196
0.00107863, -0.0231496, 0.0151223
-0.00962943, -0.0334535, -0.999394
0.688554, 0.724527, -0.0308871
0.725121, -0.688434, 0.0160578

197
0.0120625, 0.0129964, 0.0141341
-0.032794, -0.000268059, -0.999462
-0.993953, 0.104865, 0.0325851
0.1048, 0.994486, -0.00370537

198
-0.0163672, 0.0396037, 0.0308603
-0.958421, -0.27495, -0.076361
0.26581, -0.957548, 0.111568
-0.103795, 0.0866315, 0.990819

199
-0.00952931, 0.0123752, 0.0172193
-0.0342632, -0.0165511, -0.999276
-0.921427, -0.386688, 0.0379987
-0.387037, 0.922062, -0.00200144

200
-0.0388219, -0.0357039, 0.0367271
-0.0969872, -0.0267739, -0.994925
0.995202, -0.0155535, -0.0965956
-0.0128884, -0.999521, 0.0281539

201
-0.048553, 0.0195843, 0.0145943
-0.00299521, 0.0221392, 0.99975
-0.373783, 0.927263, -0.0216538
-0.927511, -0.373755, 0.00549791

202
-0.0246137, 0.00214002, 0.0153405
-0.032794, -0.000268059, -0.999462
-0.776935, -0.629058, 0.0256612
-0.628726, 0.777359, 0.0204211

203
0.0175835, 0.0145438, 0.0106197
-0.107843, 0.0154456, -0.994048
-0.364897, -0.930709, 0.0251257
-0.924781, 0.365435, 0.106006

204
-0.012844, -0.0105113, -0.000575618
0.670819, -0.740289, -0.044431
0.470416, 0.378426, 0.797184
-0.573332, -0.555667, 0.6021

205
-0.00656997, 0.0105301, 0.00884222
-0.130123, -0.0604832, -0.989651
-0.574844, -0.808658, 0.125004
-0.807851, 0.585161, 0.0704563

206
0.00687061, 0.0169495, 0.00373708
0.149065, 0.014702, -0.988718
-0.233095, 0.972234, -0.020686
0.960961, 0.233549, 0.148353

207
-0.0332104, -0.0325242, -0.00318559
-0.712263, 0.701886, 0.00618367
0.0704904, 0.0802923, -0.994276
-0.698364, -0.70775, -0.106665

208
-0.00172, 0.0165728, -0.0296391
-0.63598, -0.707839, -0.307397
-0.414634, -0.022523, 0.909709
-0.650851, 0.706015, -0.27917

209
-0.0137871, -0.00952951, -0.00118323
-0.57783, 0.815922, 0.0195751
-0.49067, -0.328123, -0.807204
-0.652193, -0.476032, 0.589947

210
0.0110914, -0.00483019, 0.0178758
-0.259316, -0.965766, -0.00720266
0.823012, -0.217071, -0.52491
0.505377, -0.142046, 0.851127

211
0.0050741, -0.0111481, 0.0106758
-0.0481912, 0.00994211, -0.998789
0.0878281, -0.996035, -0.0141524
-0.994969, -0.0884037, 0.0471269

212
-0.00482399, -0.021346, 0.0445003
0.425954, -0.881137, -0.205333
0.470256, 0.0217334, 0.882262
-0.772931, -0.472362, 0.423618

213
0.000298038, 0.00125748, 0.0220332
-0.712263, 0.701886, 0.00618367
-0.698364, -0.70775, -0.106665
-0.0704904, -0.0802923, 0.994276

214
-0.0116406, -0.0189315, 0.00552973
0.0451028, -0.244162, -0.968685
0.935387, 0.350768, -0.0448604
0.350737, -0.904072, 0.244207

215
-0.000778569, 0.0345166, 0.0197575
-0.0574214, -0.0421665, -0.997459
-0.586409, 0.810015, -0.000484311
0.807977, 0.584891, -0.0712391

216
-0.0150631, -0.0266297, 0.01223
-0.130123, -0.0604832, -0.989651
0.164761, -0.985579, 0.0385711
-0.977713, -0.158037, 0.138211

217
-0.0251513, -0.0498925, 0.0162012
-0.906784, 0.421295, 0.0159191
-0.236535, -0.477129, -0.846404
-0.34899, -0.77127, 0.532304

218
0.0147334, -0.0155825, 0.00918847
-0.01981, -0.0422525, 0.998911
-0.056296, -0.997474, -0.0433082
0.998218, -0.0570926, 0.0173813

219
-0.0428751, -0.0314847, 0.0159487
-0.032794, -0.000268059, -0.999462
-0.1048, -0.994486, 0.00370537
-0.993953, 0.104865, 0.0325851

220
-0.00614732, 0.0122538, 0.0191401
-0.0339903, -0.03097, -0.998942
-0.979329, -0.198385, 0.0394734
-0.199398, 0.979635, -0.0235867

221
-0.00157672, -0.00802259, -0.0480638
-0.996465, -0.0836809, -0.00735429
-0.0432495, 0.586117, -0.809071
0.0720143, -0.805894, -0.587664

222
-0.00210074, -0.0235191, 0.0193047
0.999946, 0.0102356, -0.001782
-0.0102757, 0.999655, -0.0241599
0.00153409, 0.024177, 0.999707

223
-0.042812, 0.0293661, 0.000556442
0.0101455, 0.1226, 0.992404
-0.120256, 0.985402, -0.120505
-0.992691, -0.11812, 0.0247407

224
-0.0215718, 0.0452539, 0.0191827
-0.0382115, -0.00840867, -0.999234
-0.919123, 0.392682, 0.0318435
0.392113, 0.919636, -0.0227336

225
0.016894, -0.0606307, 0.00563514
-0.0407121, -0.0440168, 0.998201
-0.596703, -0.800244, -0.0596245
0.801429, -0.598057, 0.00631469

226
0.00264035, -0.0152671, -0.0116741
-0.956356, -0.286467, -0.0576201
0.0949271, -0.118091, -0.988455
0.276356, -0.950784, 0.14013

227
0.00910698, -0.00242358, -0.00794646
-0.102319, -0.994733, -0.00614997
0.452865, -0.0410755, -0.890632
0.885688, -0.0939133, 0.454683

228
0.0215696, -0.0455676, 0.020392
0.0043413, 0.0188573, 0.999813
-0.296766, -0.954755, 0.0192961
0.95494, -0.296794, 0.00145133

229
-0.0144727, 0.00415492, 0.0125871
-0.213934, -0.0393518, -0.976055
-0.1458, -0.98671, 0.0717383
-0.965906, 0.157657, 0.205353

230
-0.0370868, -0.0128551, 0.0157537
-0.032794, -0.000268059, -0.999462
-0.477191, -0.878656, 0.0158931
-0.878187, 0.477456, 0.0286867

231
0.0452344, 0.000397658, 0.0233957
0.0361797, -0.0479604, 0.998194
-0.639142, -0.768966, -0.0137808
0.768238, -0.637489, -0.0584744

232
0.0187063, -0.00129245, 0.00308606
-0.0819671, -0.269614, 0.959474
0.748829, -0.651951, -0.119227
0.657675, 0.708709, 0.255333

233
-0.0225448, -0.0471253, 0.0199973
-0.0382115, -0.00840867, -0.999234
0.927184, 0.372613, -0.0385918
0.372652, -0.927949, -0.00644173

234
-0.0159238, 0.0381766, 0.0307422
-0.956356, -0.286467, -0.0576201
0.276356, -0.950784, 0.14013
-0.0949271, 0.118091, 0.988455

235
0.0461712, 0.00460904, 0.00270519
0.0101455, 0.1226, 0.992404
-0.616905, -0.780308, 0.102704
0.786972, -0.613261, 0.0677157

236
-0.0320296, -0.0198995, 0.0303729
-0.0371877, 0.0462116, -0.998239
0.9835, -0.175284, -0.0447531
-0.177044, -0.983433, -0.0389307

237
-0.0123767, -0.0187141, 0.0327
-0.0618748, 0.0366494, -0.997411
0.95916, 0.278541, -0.049267
0.276015, -0.959725, -0.0523873

238
-0.0231401, -0.00703029, 0.00445441
-0.0578571, 0.100111, -0.993293
-0.540652, -0.839567, -0.0531255
-0.839254, 0.533952, 0.1027

239
-0.00461031, -0.0243288, 0.0113631
-0.357154, 0.0319751, -0.933498
0.431008, -0.881008, -0.19508
-0.828657, -0.472019, 0.300874

240
0.0293355, -0.0406867, 0.0291036
0.0131073, 0.0623123, 0.997971
-0.138624, -0.988305, 0.0635295
0.990258, -0.139175, -0.00431607

241
-0.0150742, 0.0477895, 0.0200193
-0.0574214, -0.0421665, -0.997459
-0.850971, 0.524528, 0.0268146
0.522065, 0.850348, -0.0660016

242
-0.0178936, -0.0448492, 0.00255787
-0.93973, 0.341913, 0.00176471
-0.0302322, -0.0779485, -0.996499
-0.340578, -0.936493, 0.0835874

243
-0.0105474, 0.0052856, 0.00469251
-0.535714, -0.78973, 0.298894
-0.168588, 0.446878, 0.878566
-0.827399, 0.42027, -0.372538

244
0.0170246, 0.0453817, 0.00187263
0.026962, -0.0884664, -0.995714
-0.381344, 0.919839, -0.0920511
0.92404, 0.382192, -0.00893549

245
-0.00817678, 0.00650716, 0.0334696
-0.0794494, -0.157492, -0.984319
-0.620732, -0.764816, 0.172474
-0.779987, 0.624701, -0.0369963

246
-0.0151706, 0.0478678, 0.0023603
0.109334, 0.00420662, -0.993996
-0.847055, 0.523664, -0.0909556
0.520138, 0.851914, 0.0608178

247
-0.0401475, -0.0339477, 0.0190364
-0.0342632, -0.0165511, -0.999276
0.00496096, -0.999853, 0.0163906
-0.999401, -0.00439578, 0.0343403

248
0.0248225, -0.0261616, -0.00166132
-0.825604, 0.266381, 0.497413
-0.16364, 0.730623, -0.662881
-0.540001, -0.628674, -0.559615

249
-0.0151353, 0.00827918, 0.0187843
0.619286, 0.785013, 0.0154633
-0.733221, 0.571158, 0.369006
0.280843, -0.239858, 0.929298

250
0.0252612, -0.0430425, 0.00675197
-0.0407121, -0.0440168, 0.998201
-0.244588, -0.968196, -0.0526693
0.968772, -0.246292, 0.0286513

251
-0.0225353, 0.00629352, 0.0104092
0.0249743, 0.042626, 0.998779
-0.460792, 0.887117, -0.0263385
-0.887157, -0.459571, 0.0417968

252
-0.0289045, -0.0236916, 0.0162046
-0.0151035, -0.0377817, -0.999172
0.999871, 0.00488421, -0.0152988
0.00545818, -0.999274, 0.0377031

253
0.0229141, -0.0590674, 0.0303356
0.0131073, 0.0623123, 0.997971
-0.507027, -0.859815, 0.0603453
0.86183, -0.506789, 0.0203242

254
-0.0201315, 0.00798315, 0.0144913
0.00677023, -0.00147975, 0.999976
0.954203, 0.299098, -0.00601773
-0.299082, 0.954221, 0.00343695

255
-0.000721705, -0.0371495, -0.00212647
-0.301145, -0.0785164, 0.95034
-0.504623, -0.832501, -0.228687
0.809115, -0.548432, 0.211083

256
0.0210317, 0.0374789, 0.00275908
0.856252, -0.516539, -0.00451862
0.00119815, 0.0107335, -0.999942
0.516557, 0.856196, 0.00980946

257
-0.000707458, 0.0344946, 0.0174514
-0.0414233, -0.0406109, -0.998316
-0.585795, 0.810413, -0.00866057
0.8094, 0.58445, -0.0573596

258
-0.0108995, 0.000430097, 0.019879
-0.446894, 0.52494, -0.724378
0.0161816, -0.804859, -0.593246
-0.89444, -0.27684, 0.351192

259
0.00413632, 0.000288252, 0.00840597
0.188656, -0.981887, -0.0175395
0.588371, 0.127311, -0.798506
0.786275, 0.140323, 0.601731

260
-0.0408948, 0.0470067, 0.0287569
0.0361797, -0.0479604, 0.998194
0.296498, 0.954388, 0.035109
-0.954348, 0.294692, 0.0487496

261
-0.000205041, 0.00177053, 0.0185457
0.508989, -0.0802932, 0.85702
-0.0195082, 0.994308, 0.104742
-0.860552, -0.0700312, 0.504525

262
-0.0452318, -0.0271476, 0.0216915
-0.0339903, -0.03097, -0.998942
-0.190554, -0.980983, 0.0368971
-0.981088, 0.191606, 0.0274425

263
-0.00779, -0.0202707, 0.0322731
-0.0661881, 0.0326998, -0.997271
0.870471, 0.49045, -0.041691
0.487749, -0.870855, -0.0609262

264
-0.00253606, 0.0490606, 0.0309088
-0.0969872, -0.0267739, -0.994925
-0.694601, 0.717766, 0.0483956
0.712828, 0.69577, -0.0882112

265
-0.0240227, -0.00374331, 0.00445463
0.0101455, 0.1226, 0.992404
-0.786972, 0.613261, -0.0677157
-0.616905, -0.780308, 0.102704

266
0.00518176, 0.0179027, 0.0183898
-0.0382115, -0.00840867, -0.999234
-0.372652, 0.927949, 0.00644173
0.927184, 0.372613, -0.0385918

267
-0.0324849, 0.0193818, 0.0358005
0.0292157, -0.0722777, 0.996957
-0.256326, 0.963489, 0.077363
-0.966149, -0.257806, 0.00962237

268
-0.011162, -0.0191863, 0.0223278
0.436527, -0.884982, -0.162021
-0.00111611, -0.180618, 0.983553
-0.89969, -0.429167, -0.0798325

269
0.0854375, 0.0318276, 0.00722603
-0.0481912, 0.00994211, -0.998789
-0.461901, 0.886386, 0.0311098
0.885621, 0.462841, -0.0381237

270
0.0383082, 0.0309127, 0.025021
0.573937, -0.787619, 0.224171
0.592541, 0.210476, -0.777557
0.565236, 0.579099, 0.587497

271
-0.00282425, -0.00193519, 0.0137694
-0.527578, 0.848398, -0.0433795
-0.691864, -0.458746, -0.557564
-0.492936, -0.264146, 0.829

272
-0.00644415, 0.0115017, 0.00283399
-0.282209, 0.065975, 0.957082
0.253209, 0.967379, 0.0079773
-0.925334, 0.244593, -0.289708

273
-0.0113392, 0.0170099, 0.0193546
0.0043413, 0.0188573, 0.999813
0.95494, -0.296794, 0.00145133
0.296766, 0.954755, -0.0192961

274
0.0141212, -0.00465538, 0.010697
-0.107843, 0.0154456, -0.994048
0.0167777, -0.999709, -0.0173538
-0.994026, -0.0185494, 0.107552

275
0.00598036, 0.0617744, 0.0124455
-0.0151035, -0.0377817, -0.999172
-0.710875, 0.70314, -0.0158423
0.703156, 0.710047, -0.037478

276
0.0105042, 0.0315683, 0.0131999
-0.00962943, -0.0334535, -0.999394
-0.406427, 0.913295, -0.0266554
0.913633, 0.405924, -0.0223909

277
-0.0134768, 0.032257, 0.0106526
-0.01981, -0.0422525, 0.998911
0.900689, -0.434464, -0.000515128
0.434012, 0.899698, 0.0466631

278
-0.0198274, -0.0125853, 0.00491854
-0.0286995, -0.170005, -0.985025
0.972054, -0.234445, 0.0121413
-0.232998, -0.957149, 0.171983

279
-0.0244275, -0.00565516, 0.0284322
-0.0256325, -0.0794781, -0.996507
-0.501114, -0.861525, 0.0816023
-0.865002, 0.501455, -0.0177445

280
0.00636632, -0.0088849, 0.0151115
-0.0151035, -0.0377817, -0.999172
0.703156, 0.710047, -0.037478
0.710875, -0.70314, 0.0158423

281
-0.0240069, -0.00469891, 0.00383572
0.111437, 0.257938, 0.959713
-0.779359, 0.621873, -0.0766432
-0.616589, -0.73942, 0.270326

282
-0.0159382, 0.0130555, 0.00722799
-0.0511133, -0.0339131, 0.998117
0.995087, -0.0865769, 0.0480165
0.0847855, 0.995668, 0.0381717

283
0.0452344, 0.000397658, 0.0233957
0.0361797, -0.0479604, 0.998194
-0.639142, -0.768966, -0.0137808
0.768238, -0.637489, -0.0584744

284
0.0370154, 0.0455715, 0.00456259
0.00350383, -0.0694646, -0.997578
-0.266395, 0.96147, -0.0678859
0.963857, 0.265988, -0.0151362

285
-0.0503303, -0.0145072, 0.0352091
-0.0618748, 0.0366494, -0.997411
0.8734, -0.481669, -0.0718805
-0.483057, -0.875586, -0.00220636

286
0.0313973, 0.00492137, 0.0180899
-0.0339903, -0.03097, -0.998942
-0.833486, 0.552427, 0.0112336
0.551495, 0.832986, -0.0445903

287
-0.0017599, -0.0592163, 0.00551855
0.999946, 0.0102356, -0.001782
-0.00618126, 0.723959, 0.689816
0.00835079, -0.689767, 0.723983

288
-0.0015004, 0.00679813, -0.00497242
0.513934, 0.847529, -0.132538
0.486608, -0.415271, -0.768611
-0.706459, 0.330521, -0.625836

289
-0.0234636, -0.0633063, 0.0316584
-0.0114049, -0.0696394, -0.997507
0.533499, -0.844149, 0.0528332
-0.845724, -0.531567, 0.04678

290
0.0338786, 0.0125683, -0.0103841
0.343266, -0.93917, -0.0112851
0.264859, 0.10832, -0.958184
0.90112, 0.325923, 0.28593

291
0.0313467, 0.00480189, 0.0221126
-0.0472176, -0.0696436, -0.996454
-0.83351, 0.552503, 0.000881141
0.550483, 0.830596, -0.0841365

292
-0.00765126, 0.012139, 0.0214876
-0.558216, -0.824967, 0.0884523
0.0190748, 0.0938197, 0.995406
-0.829476, 0.557339, -0.0366356

293
-0.0483646, -0.0197616, 0.00588982
0.026962, -0.0884664, -0.995714
0.923046, -0.380174, 0.0587716
-0.383744, -0.920675, 0.0714083

294
0.013303, 0.0122123, 0.0224497
-0.0472176, -0.0696436, -0.996454
-0.980724, 0.192591, 0.0330117
0.189609, 0.978805, -0.0773948

295
-0.0485767, 0.0123308, 0.016414
-0.0131273, 0.0132799, 0.999826
0.861265, 0.508135, 0.00455884
-0.507986, 0.861175, -0.018108

296
-0.0474205, 0.0118682, 0.0273259
-0.27397, -0.961553, 0.0188856
0.943805, -0.265034, 0.197458
-0.184861, 0.0719218, 0.980129

297
0.0439917, -0.0182103, 0.00478207
0.0279733, 0.135564, 0.990374
-0.895895, -0.436059, 0.0849933
0.443384, -0.889649, 0.109253

298
0.0059793, -0.00796096, -0.0134005
-0.629651, -0.776406, -0.0270646
0.14548, -0.0836169, -0.985821
0.763135, -0.624661, 0.165601

299
-0.000884655, -0.00730323, 0.00543166
-0.958421, -0.27495, -0.076361
0.197615, -0.446475, -0.872702
0.205856, -0.851506, 0.482245

300
-0.00129958, 0.062591, 0.0345593
