0
-0.00683454, -0.0103969, -0.00544918
-0.999231, -0.000269866, 0.0392105
-0.0300785, 0.646806, -0.762061
-0.0251559, -0.762655, -0.646316

1
0.0193377, 0.00635877, -0.0120257
0.00165689, 0.00465467, -0.999988
-0.712459, -0.7017, -0.00444669
-0.701712, 0.712458, 0.00215362

2
0.00936946, -0.00893814, -0.0145071
0.032271, -0.0382239, 0.998748
-0.432459, 0.900352, 0.0484315
-0.901076, -0.433481, 0.012525

3
0.0222785, -0.0104638, 0.0125796
-0.352857, -0.230492, 0.906844
-0.731933, 0.671763, -0.114056
-0.582895, -0.703994, -0.405741

4
-0.00616327, -0.0198703, 0.0115921
-0.999231, -0.000269866, 0.0392105
-0.0374156, 0.305715, -0.951388
-0.0117305, -0.952123, -0.30549

5
-0.00755127, -0.0167196, -0.0057181
-0.998667, -0.0510429, -0.00769194
0.0473699, -0.847016, -0.529452
0.0205096, -0.52911, 0.848305

6
-0.0244098, -0.0154542, 0.00768879
0.999689, -0.00503321, -0.0244422
0.0185787, -0.503807, 0.863616
-0.0166609, -0.863801, -0.503557

7
-0.0174069, 0.0036003, -0.0150696
-0.0116488, 0.0159133, 0.999806
0.537163, -0.843249, 0.01968
0.843398, 0.537288, 0.00127477

8
-0.0211816, -0.0204265, 0.0104496
-0.998128, -0.00445564, 0.0609897
-0.0599438, 0.268576, -0.961391
-0.0120968, -0.963248, -0.268341

9
-0.011869, -0.00442732, 0.000189838
0.999955, 0.00867697, 0.00374231
-0.0074252, 0.966443, -0.256775
-0.00584476, 0.256736, 0.966464

10
-0.0230373, -0.0120651, 0.0631254
0.999689, -0.00503321, -0.0244422
0.0225025, 0.60525, 0.795718
0.0107886, -0.79602, 0.605174

11
0.018638, -0.015419, -0.000786555
0.00222873, -0.0179175, 0.999837
-0.803201, 0.595578, 0.0124634
-0.595705, -0.803097, -0.0130639

12
0.00331569, -0.00412161, -0.000810974
0.999966, -0.00683771, 0.00460531
0.00795836, 0.946425, -0.322824
-0.00215121, 0.32285, 0.946448

13
-0.0226268, -0.0137057, 0.0136863
0.028907, 0.0479331, -0.998432
0.828664, 0.557441, 0.0507536
0.559, -0.828832, -0.0236065

14
0.0238667, -0.00376547, -0.0020954
0.999936, 0.00250384, 0.0110282
0.00199528, 0.920823, -0.389976
-0.0111315, 0.389973, 0.920759

15
-0.0132974, -0.00328522, 0.0439507
0.493256, 0.858358, -0.141137
0.0863521, 0.11313, 0.989821
0.865588, -0.500422, -0.0183189

16
0.0187633, 0.0122871, -0.0129766
0.999973, -0.00682854, -0.00276709
0.00283391, 0.703134, -0.711052
0.00680108, 0.711024, 0.703134

17
0.0280564, -0.00172436, 0.00322012
0.937683, 0.169416, -0.303396
0.0104108, -0.886405, -0.462794
-0.347336, 0.430795, -0.832931

18
0.0188959, 0.0465748, -0.0130958
0.129748, -0.0951381, 0.986972
0.624037, 0.781366, -0.00671768
-0.770547, 0.616779, 0.160751

19
-0.0198597, -0.0170636, -0.00592821
-0.999246, -0.0381423, -0.00724194
0.0360776, -0.843363, -0.536132
0.0143417, -0.535989, 0.844103

20
0.010952, -0.0204627, 0.0106481
0.999565, -0.0278509, -0.00969961
0.0019872, -0.264541, 0.964372
-0.0294246, -0.963972, -0.26437

21
0.0239472, 0.0123695, -0.0130617
0.999936, 0.00250384, 0.0110282
0.00610324, 0.701493, -0.71265
-0.0095206, 0.712672, 0.701433

22
-0.0203449, 0.0133182, -0.00343008
0.99982, -0.017882, 0.00626933
0.0183732, 0.833887, -0.55163
0.00463633, 0.551646, 0.834066

23
0.016624, -0.0105503, -0.0187655
0.0851905, 0.0655589, 0.994206
-0.649021, 0.760751, 0.00544795
-0.755986, -0.645724, 0.107358

24
0.00793258, 6.88004e-05, -0.00642509
0.00507701, -0.00293728, -0.999983
-0.586665, -0.809829, -0.000599821
-0.809814, 0.586658, -0.00583471

25
0.0195504, -0.00583419, -0.00714069
-0.998267, 0.058773, -0.00279487
0.0453771, 0.73876, -0.67244
-0.0374565, -0.671401, -0.740147

26
-0.000260195, -0.0159719, 0.012039
0.999812, -0.0193286, 0.00138674
-0.0137361, -0.656411, 0.754279
-0.0136689, -0.754156, -0.656553

27
0.000352061, 0.000418659, 0.00175643
0.999987, 0.00475406, 0.00174302
-0.00485922, 0.997785, 0.0663369
-0.00142379, -0.0663445, 0.997796

28
0.00627671, 0.00243567, 6.50114e-05
0.999995, -0.0001146, 0.00300879
-0.000689881, 0.963972, 0.266003
-0.00293087, -0.266004, 0.963967

29
-0.00672418, -0.00273251, 0.04144
-0.16182, -0.979702, -0.118314
-0.0873298, -0.105207, 0.990608
-0.982949, 0.170632, -0.0685327

30
0.00687133, 0.0130525, -0.00950442
0.999913, -0.01273, 0.0034041
0.00966073, 0.532502, -0.846374
0.00896165, 0.846333, 0.532579

31
0.0187341, -0.0045694, -0.00465837
0.999948, -0.0100559, -0.00143839
0.00803321, 0.869464, -0.493931
0.00621757, 0.493894, 0.8695

32
0.0194338, -0.017779, 0.00195505
-0.887417, 0.457026, 0.0601599
0.366347, 0.778441, -0.509724
-0.279788, -0.430298, -0.858232

33
0.011026, -0.0117321, -0.00679814
0.999565, -0.0278509, -0.00969961
-0.00942437, -0.6133, 0.789794
-0.0279453, -0.789359, -0.613296

34
-0.00714261, -0.00466084, -0.0508961
-0.999018, 0.000574675, -0.0442989
0.00370097, 0.997503, -0.0705231
0.0441477, -0.0706178, -0.996526

35
-0.0267817, -0.0149047, 0.0108457
0.99989, -0.0126923, 0.00764624
-0.0142393, -0.680312, 0.732784
-0.00409885, -0.732812, -0.680418

36
0.0188247, -0.0174144, 0.0085429
-0.998267, 0.058773, -0.00279487
0.027589, 0.425591, -0.904495
-0.0519704, -0.903005, -0.426475

37
0.0252623, 0.0485063, -0.0232045
-0.996391, 0.0848797, 0.00114376
-0.0362022, -0.437082, 0.898693
0.0767807, 0.895408, 0.438577

38
0.00371793, -0.00265392, -0.00242979
0.999738, 0.0211542, 0.0087716
-0.0221293, 0.793811, 0.607761
0.00589368, -0.607796, 0.794071

39
-0.0119888, 0.0130876, -0.00840172
0.999955, 0.00867697, 0.00374231
-0.0046233, 0.794628, -0.607079
-0.00824135, 0.607035, 0.794633

40
5.46579e-05, -0.000541713, 0.000105358
0.999812, -0.0193286, 0.00138674
-0.0179214, -0.895047, 0.445611
-0.00737186, -0.445552, -0.895226

41
-0.0284155, 0.00400968, -0.00483046
0.9997, -0.0213045, -0.0121162
0.00783135, 0.746115, -0.665771
0.023224, 0.665476, 0.746058

42
0.00328094, -0.0161504, -0.00535625
0.99999, -0.00443871, 0.000640633
0.00346583, 0.855535, 0.517733
-0.00284615, -0.517725, 0.855542

43
-0.0178105, -0.00868449, -0.0186613
0.126879, -0.11277, -0.985487
0.618686, 0.785572, -0.0102392
0.775326, -0.608408, 0.169441

44
0.000450457, -0.0184206, -0.00331051
0.999987, 0.00475406, 0.00174302
-0.0050342, 0.896445, 0.443127
0.000544135, -0.44313, 0.896457

45
-0.0184795, 0.000409057, 0.00119296
-0.999548, 0.0297879, 0.0040698
0.0240389, 0.873152, -0.486855
-0.018056, -0.486537, -0.873474

46
0.0151849, -0.0239811, -0.00417948
0.999856, -0.016879, -0.0015155
-0.0162625, -0.980789, 0.194393
-0.00476755, -0.19434, -0.980923

47
-0.0175929, -0.0222627, 0.00848847
-0.999045, -7.57262e-06, 0.0437039
-0.0437027, 0.00757029, -0.999016
-0.000323286, -0.999971, -0.00756339

48
0.0230113, 0.00700951, 0.00267053
-0.0146729, -0.0193249, -0.999706
-0.725335, -0.68798, 0.0239449
-0.68824, 0.725472, -0.00392232

49
-0.0222825, -0.0116214, -0.00692452
-0.998128, -0.00445564, 0.0609897
-0.0507516, 0.616751, -0.78552
-0.0341155, -0.787145, -0.615823

50
0.00243338, 0.0657267, -0.0280781
0.999804, 0.0187766, 0.00629409
-0.000489518, 0.341163, -0.940004
-0.0197974, 0.939817, 0.341105

51
-0.0105179, 0.0262114, -0.0170191
-0.0386046, 0.0291261, 0.99883
-0.0293563, 0.999111, -0.0302689
-0.998823, -0.0304905, -0.0377152

52
0.00630106, -0.0149967, -0.00869363
0.999995, -0.0001146, 0.00300879
-0.00175896, 0.788798, 0.614649
-0.00244377, -0.614652, 0.788795

53
-0.0109285, -0.0186223, -0.00341546
-0.999094, -0.0420435, -0.00653817
0.0405255, -0.893463, -0.447304
0.0129646, -0.447164, 0.894358

54
-0.00629707, -0.0233597, -0.00429381
-0.997758, 0.0668918, 0.0022434
0.0653605, 0.981037, -0.182468
-0.0144065, -0.181913, -0.983209

55
0.00916039, 0.00201667, -0.00218683
0.999968, 0.0034839, 0.00721601
-0.00604735, 0.918939, 0.394353
-0.00525718, -0.394384, 0.918931

56
0.0121148, -0.0350434, -0.0142138
-0.0668941, -0.0421755, -0.996868
0.417591, -0.908576, 0.0104179
-0.90617, -0.415586, 0.0783904

57
-0.0207985, -0.00917098, -0.0187523
0.103898, -0.133968, -0.985524
0.690776, 0.722622, -0.0254053
0.715565, -0.678137, 0.167621

58
0.0163474, -0.018458, 0.00269487
0.147809, 1.41513e-07, -0.989016
0.91373, 0.382687, 0.136558
0.378484, -0.923878, 0.0565646

59
-0.0264936, 0.00090158, -0.000585801
0.99989, -0.0126923, 0.00764624
-0.014724, -0.908962, 0.416619
0.0016623, -0.416686, -0.909049

60
-0.0207141, -0.00473714, 0.00395042
0.99982, -0.017882, 0.00626933
0.0187489, 0.981517, -0.190456
-0.00274772, 0.19054, 0.981676

61
-0.0508649, -0.0575187, 0.0010588
-0.960934, 0.275302, -0.028531
-0.205177, -0.777741, -0.594157
-0.185762, -0.565092, 0.803843

62
0.00752821, 0.0123296, 0.00976871
-0.999632, 0.0267938, -0.00429831
0.0157483, 0.701795, 0.712205
0.0220992, 0.711875, -0.701959

63
-0.0262574, 0.0371224, -0.000560736
0.999839, 0.0140129, -0.0112448
-0.016793, 0.951371, -0.30759
0.00638778, 0.307729, 0.951452

64
0.0405729, -0.0610229, -0.015685
-0.120982, -0.0717646, -0.990057
0.933697, -0.346839, -0.088954
-0.337007, -0.935175, 0.108968

65
0.0212201, 0.000678222, 0.00477265
-0.996391, 0.0848797, 0.00114376
-0.0847901, -0.994513, -0.0612775
-0.00406374, -0.0611533, 0.99812

66
-0.0296191, -0.00253196, -0.00427602
-0.99674, 0.0644486, -0.0485379
0.0548667, 0.98252, 0.177886
0.059154, 0.174643, -0.982853

67
-0.00377525, 0.0139892, 0.00365372
-0.997758, 0.0668918, 0.0022434
0.0564038, 0.822329, 0.566209
0.03603, 0.565066, -0.824258

68
0.0222401, 0.0133314, -0.00639141
0.00507701, -0.00293728, -0.999983
-0.85191, -0.52368, -0.00278701
-0.523663, 0.85191, -0.00516102

69
0.0216677, -0.0190004, -0.0144568
-0.0386046, 0.0291261, 0.99883
-0.934027, 0.354174, -0.0464278
-0.355111, -0.934726, 0.0135318

70
0.00306706, 0.0209588, 0.00481593
0.999804, 0.0187766, 0.00629409
-0.0184778, 0.998835, -0.0445841
-0.00712389, 0.044459, 0.998986

71
0.00514742, -0.00866601, -0.0153966
-0.0386046, 0.0291261, 0.99883
-0.727033, 0.684918, -0.0480721
-0.685517, -0.728038, -0.00526534

72
0.00274061, 0.0399015, 0.000160688
0.999804, 0.0187766, 0.00629409
-0.014345, 0.905789, -0.423486
-0.0136528, 0.423312, 0.905881

73
-0.0167423, 0.0352533, 0.0132912
0.999781, -0.0150244, -0.0145946
0.0126572, 0.988519, -0.150567
0.0166892, 0.150349, 0.988492

74
0.0167431, -0.0172555, -0.0042974
-0.996742, 0.0804506, 0.00582714
-0.0733286, -0.873667, -0.480967
-0.0336032, -0.479828, 0.876719

75
-0.0302244, 0.0144378, -0.0628292
-0.992881, 0.119014, -0.00477501
0.0522291, 0.471054, 0.880557
0.107048, 0.874039, -0.473916

76
0.0125585, -0.0039125, -0.00458976
-0.999758, 0.0220098, 0.000537863
0.0218496, 0.988887, 0.147056
0.00270479, 0.147032, -0.989128

77
0.0253976, -0.00255433, 0.000892301
-0.998771, -0.0443831, 0.0220767
-0.0285656, 0.8793, 0.475411
-0.0405123, 0.474196, -0.879487

78
0.00997724, 0.0445226, -0.0218275
0.0851905, 0.0655589, 0.994206
0.45007, 0.887698, -0.0971009
-0.88892, 0.455735, 0.0461173

79
0.00344516, 0.0216793, 0.000419243
0.99999, -0.00443871, 0.000640633
0.00446325, 0.971042, -0.238867
0.000438181, 0.238868, 0.971052

80
-0.0178421, -0.0150509, -0.0102641
0.999781, -0.0150244, -0.0145946
0.0202625, 0.517194, 0.855628
-0.00530703, -0.855736, 0.517385

81
0.0217033, 0.0301174, -0.0200758
-0.998267, 0.058773, -0.00279487
0.0585722, 0.997134, 0.0478761
0.00560069, 0.0476295, -0.998849

82
0.0129663, 0.0144494, 0.00198869
-0.999758, 0.0220098, 0.000537863
0.0191513, 0.857345, 0.514385
0.0108604, 0.514271, -0.857559

83
-0.0287944, 0.0156031, 0.00286845
-0.99674, 0.0644486, -0.0485379
0.028053, 0.840897, 0.540467
0.0756477, 0.537343, -0.839964

84
0.0182741, 0.00128763, 0.0015687
-0.996742, 0.0804506, 0.00582714
-0.0806062, -0.990785, -0.10885
-0.00298363, -0.108965, 0.994041

85
-0.00370814, 0.0169295, -0.00651221
0.0198193, 8.57259e-06, -0.999804
-0.92369, -0.382703, -0.0183138
-0.382628, 0.923872, -0.007577

86
0.0343039, -0.0685039, -0.0155653
-0.689515, -0.0788873, -0.719963
0.602208, -0.614714, -0.509385
-0.402387, -0.784796, 0.471361

87
-0.0268002, -0.0154208, 0.00761885
-0.999533, -0.0114067, 0.0283424
-0.0302231, 0.504847, -0.86268
-0.00446828, -0.863134, -0.504956

88
-0.0212064, 0.00117125, -0.0019424
-0.998979, 0.045039, -0.00346189
0.0433808, 0.935182, -0.351501
-0.0125938, -0.351293, -0.936181

89
0.0196131, -0.0181182, -0.000198716
-0.996391, 0.0848797, 0.00114376
-0.0767807, -0.895408, -0.438577
-0.0362022, -0.437082, 0.898693

90
0.00983717, -0.00689349, 0.0138094
-0.190433, 0.163674, 0.96796
-0.240752, 0.948107, -0.207682
-0.951722, -0.272587, -0.141146

91
0.0277977, -0.00304248, 0.00842675
-0.820339, 0.54957, 0.158165
0.322144, 0.672596, -0.666211
-0.472511, -0.495567, -0.728798

92
-0.00564232, 0.0012628, 0.00456615
-0.999278, -0.0375958, -0.00545865
0.0379674, -0.99328, -0.109333
-0.00131149, -0.109462, 0.99399

93
-0.0132553, -0.01835, 0.0101869
-0.996245, -1.11271e-05, -0.0865808
0.0798074, -0.387861, -0.918256
-0.0335711, -0.921718, 0.386406

94
-0.0275217, 0.0206936, 0.00582069
0.0113371, 0.000453473, 0.999936
0.999091, -0.0411089, -0.0113089
0.0411012, 0.999155, -0.000919118

95
0.0077041, -0.00235431, 0.0134463
-0.0875554, 0.0170232, 0.996014
0.0594692, 0.99816, -0.0118322
-0.994383, 0.0581962, -0.0884067

96
-0.0053642, -0.042925, 0.0506758
0.999989, 0.00402269, -0.00220001
0.00171772, 0.116192, 0.993225
0.00425107, -0.993219, 0.116184

97
-0.0161618, 0.0165353, -0.0244978
-0.174529, 0.319226, 0.931469
0.464325, -0.807521, 0.363748
0.868299, 0.495988, -0.00728876

98
0.0242774, 0.0367351, -0.007678
-0.996391, 0.0848797, 0.00114376
-0.0628291, -0.746469, 0.662448
0.0570822, 0.659985, 0.749107

99
-0.00752958, 0.02364, -0.022927
-0.999231, -0.000269866, 0.0392105
-0.00348078, 0.996639, -0.0818441
-0.0390566, -0.0819176, -0.995874

100
-0.00853571, 0.00150113, 0.00118385
-0.998667, -0.0510429, -0.00769194
0.0516127, -0.985023, -0.164517
0.000820719, -0.164695, 0.986344

101
-0.00465164, -0.0164233, -0.00553238
-0.998885, -0.0466957, -0.00698203
0.0434385, -0.85094, -0.523463
0.0185022, -0.523183, 0.85202

102
-0.0199259, 0.00609048, -0.00683379
0.0198193, 8.57259e-06, -0.999804
-0.706953, -0.707122, -0.0140202
-0.706983, 0.707092, -0.0140086

103
-0.00994205, -0.0185647, -0.0279371
-0.996245, -1.11271e-05, -0.0865808
0.0801707, 0.377493, -0.922535
0.032694, -0.926012, -0.376075

104
0.0233971, -0.0237856, 0.0225264
-0.999016, -0.0157714, 0.0414474
0.0202055, -0.993854, 0.108841
0.0394761, 0.109571, 0.993195

105
-0.0463406, -0.00754801, 0.0119394
0.218128, -0.975799, 0.0153725
0.939331, 0.205651, -0.274528
0.264723, 0.0743221, 0.961456

106
-0.000949732, -0.0371544, -0.00636085
0.00507701, -0.00293728, -0.999983
0.15779, -0.987466, 0.00370162
-0.98746, -0.157806, -0.0045499

107
-0.0188708, -0.0144462, 0.013833
-0.999548, 0.0297879, 0.0040698
0.0152993, 0.620498, -0.784059
-0.0258808, -0.783642, -0.620673

108
0.046874, 0.0277361, 0.00725711
0.147809, 1.41513e-07, -0.989016
-3.80041e-06, 1, -4.24891e-07
0.989016, 3.82147e-06, 0.147809

109
-0.0235773, 0.0217115, -0.0256783
-0.998128, -0.00445564, 0.0609897
-0.0117635, 0.992705, -0.119994
-0.0600101, -0.120487, -0.990899

110
0.00344773, 0.00167775, 0.00186685
0.999804, 0.0187766, 0.00629409
-0.0197974, 0.939817, 0.341105
0.000489518, -0.341163, 0.940004

111
0.0408911, -0.0222196, -0.0136199
-0.0386046, 0.0291261, 0.99883
-0.998823, -0.0304905, -0.0377152
0.0293563, -0.999111, 0.0302689

112
-0.0369678, 0.0282007, -0.0138992
-0.155326, -0.00017896, 0.987863
0.0091565, 0.999957, 0.00162087
-0.987821, 0.00929713, -0.155318

113
-0.0203372, -0.00174191, -0.00500857
-0.999503, 0.031423, -0.00258147
0.0311627, 0.997021, 0.0705595
0.00479097, 0.070444, -0.997504

114
-0.0283098, -0.0042929, 0.000845919
-0.997153, 0.0746552, 0.0105953
-0.0710182, -0.977065, 0.200748
0.0253392, 0.199424, 0.979586

115
0.0119654, -0.022262, -0.0062144
-0.155326, -0.00017896, 0.987863
-0.987821, 0.00929713, -0.155318
-0.0091565, -0.999957, -0.00162087

116
0.024616, -0.00171671, -0.00579685
-0.997606, 0.0640242, -0.0261451
-0.0403791, -0.846171, -0.53138
-0.0561443, -0.529052, 0.84673

117
0.0110554, -0.0162394, 0.0064517
-0.999233, 0.0390454, 0.00307994
0.0280289, 0.767794, -0.640084
-0.0273571, -0.639506, -0.768299

118
-0.0148667, -0.00480038, 0.014963
-0.211348, -0.0366641, -0.976723
0.394636, 0.911022, -0.119591
0.894201, -0.410725, -0.178074

119
0.0233903, 0.013461, 0.00448527
-0.962808, -0.26388, 0.0580389
-0.180934, 0.789236, 0.58683
-0.200659, 0.554503, -0.807627

120
-0.0283541, 0.0157532, -0.020409
0.9997, -0.0213045, -0.0121162
-0.00165221, 0.434654, -0.900596
0.0244531, 0.900346, 0.434488

121
-0.0105599, -0.00312558, 0.00854357
-0.0120321, -0.027059, -0.999561
0.196968, 0.979984, -0.0289
0.980336, -0.197229, -0.00646151

122
0.0401494, -0.0610803, -0.0149935
-0.0668941, -0.0421755, -0.996868
0.93604, -0.348596, -0.0480638
-0.345478, -0.936324, 0.062797

123
0.00902357, 0.0402817, -0.00170176
0.999968, 0.0034839, 0.00721601
-0.00055873, 0.92866, -0.370932
-0.00799351, 0.370916, 0.928632

124
0.0045079, 0.00983047, -0.00326051
-0.00180278, -0.0127894, 0.999917
-0.058136, 0.998228, 0.012663
-0.998307, -0.0581083, -0.00254311

125
0.0116958, 0.000885636, -0.00287161
-0.999233, 0.0390454, 0.00307994
0.0363644, 0.954077, -0.297345
-0.0145485, -0.297005, -0.954765

126
-0.0420935, -0.0302053, 0.0323887
-0.950435, 0.0262759, -0.309812
-0.0191418, -0.999477, -0.0260451
-0.310335, -0.0188238, 0.950441

127
-7.8087e-05, 0.0368814, 0.000192409
0.00222873, -0.0179175, 0.999837
0.242988, 0.969883, 0.0168391
-0.970027, 0.242911, 0.00651533

128
0.0255591, -0.0175509, -0.0124408
-0.970173, 0.227824, -0.082834
-0.107487, -0.710557, -0.695381
-0.217283, -0.665736, 0.713851

129
0.0309014, -0.018634, -0.00323636
-0.155326, -0.00017896, 0.987863
-0.916131, -0.374077, -0.144115
0.369563, -0.927397, 0.05794

130
-0.0387823, -0.038774, -0.00149687
-0.973465, 0.186206, -0.133014
0.221904, 0.9101, -0.349967
0.0558898, -0.370197, -0.92727

131
-0.0247019, -0.0025266, -0.00691924
0.999689, -0.00503321, -0.0244422
0.0107886, -0.79602, 0.605174
-0.0225025, -0.60525, -0.795718

132
-0.00455482, -0.0306314, -0.00970167
0.0112978, 0.00265924, -0.999933
0.0273736, -0.999623, -0.00234913
-0.999561, -0.0273452, -0.0113663

133
-0.00160148, 0.0376273, 0.0167595
0.028907, 0.0479331, -0.998432
-0.199332, 0.979064, 0.0412321
0.979505, 0.197828, 0.0378564

134
0.0235539, -0.0508465, -0.0143129
-0.0668941, -0.0421755, -0.996868
0.732579, -0.680377, -0.0203738
-0.677387, -0.731648, 0.0764101

135
-0.00499162, -0.00389605, -0.00404308
-0.997758, 0.0668918, 0.0022434
0.0658984, 0.975975, 0.207679
0.0117025, 0.207361, -0.978194

136
0.00906469, 0.0211008, 0.00186132
0.999968, 0.0034839, 0.00721601
-0.00357518, 0.999913, 0.0126754
-0.00717122, -0.0127008, 0.999894

137
0.01162, -0.0117649, 0.0545104
0.999565, -0.0278509, -0.00969961
0.0294246, 0.963972, 0.26437
0.0019872, -0.264541, 0.964372

138
-0.0235089, -0.0206164, 0.0455967
0.999689, -0.00503321, -0.0244422
0.0249182, 0.254554, 0.966737
0.00135608, -0.967045, 0.2546

139
0.0117684, 0.0215113, -0.0257401
0.999565, -0.0278509, -0.00969961
-0.0264243, -0.99183, 0.124803
-0.0130962, -0.124492, -0.992134

140
0.0240571, -0.0158939, -0.019187
-0.997606, 0.0640242, -0.0261451
-0.0158199, -0.5793, -0.814961
-0.067323, -0.812596, 0.578926

141
-0.0356532, -0.00414975, 0.00369397
-0.960934, 0.275302, -0.028531
-0.25014, -0.819705, 0.51528
0.118471, 0.502287, 0.856547

142
0.0578794, 0.00817307, 0.00101036
-0.155326, -0.00017896, 0.987863
-0.386482, -0.920282, -0.0609349
0.909123, -0.391256, 0.142874

143
-0.0302567, 0.0146936, 0.0109577
-0.973465, 0.186206, -0.133014
0.0332837, 0.690298, 0.722759
0.226401, 0.699154, -0.678179

144
0.0157542, 0.0142955, 0.0018946
0.99987, -0.0160173, -0.00182683
-0.0146998, -0.859317, -0.511232
0.00661875, 0.511192, -0.859441

145
-0.00257656, -0.0222641, -0.000133337
0.147809, 1.41513e-07, -0.989016
0.989016, 3.82147e-06, 0.147809
3.80041e-06, -1, 4.24891e-07

146
-0.00959244, -0.0169915, 0.00419208
-0.999018, 0.000574675, -0.0442989
0.0393709, -0.44697, -0.893682
-0.0203139, -0.894549, 0.446509

147
-0.0796732, -0.0210606, 0.000492523
0.376986, -0.9219, 0.0893381
0.834467, 0.379914, 0.399162
-0.401928, -0.0759289, 0.912518

148
0.0155142, -0.00447489, -0.00416562
0.999856, -0.016879, -0.0015155
-0.016849, -0.980502, -0.195787
0.00181874, 0.195784, -0.980645

149
-0.0167555, -0.0186016, 0.0276326
-0.999045, -7.57262e-06, 0.0437039
-0.0404997, -0.375678, -0.925865
0.0164256, -0.92675, 0.375319

150
0.0276495, -0.00313929, -0.00220481
-0.16182, -0.979702, -0.118314
-0.941546, 0.117383, 0.315773
-0.295476, 0.162497, -0.941429

151
-0.0228252, -0.00728922, -0.011682
-0.155326, -0.00017896, 0.987863
-0.69202, 0.71365, -0.10868
-0.704969, -0.700502, -0.110972

152
0.00614846, -0.0376686, 0.0131545
0.999913, -0.01273, 0.0034041
0.0119765, 0.985689, 0.168145
-0.00549588, -0.16809, 0.985756

153
-0.0397925, -0.0481762, -0.00831699
-0.00259237, 0.0166615, 0.999858
-0.918383, -0.395671, 0.0042123
0.395685, -0.918241, 0.0163274

154
0.0207585, -0.00231059, 0.00500787
0.0767185, -0.997031, 0.0066325
-0.675569, -0.0470883, 0.735792
-0.733295, -0.0609296, -0.677175

155
-0.0297651, -0.0237472, 0.000958747
-0.997153, 0.0746552, 0.0105953
-0.0753091, -0.979007, -0.189404
-0.00376709, -0.189663, 0.981842

156
-0.0280584, 0.0345414, -0.0166459
-0.999533, -0.0114067, 0.0283424
-0.00743774, 0.990628, 0.136385
-0.0296325, 0.136111, -0.99025

157
-0.00790298, -0.019694, -0.0339433
-0.999018, 0.000574675, -0.0442989
0.0422035, 0.316486, -0.947658
0.0134754, -0.948597, -0.316199

158
0.0107583, -0.00151173, 0.00742035
-0.16182, -0.979702, -0.118314
-0.756801, 0.0462627, 0.652006
-0.633298, 0.195048, -0.748926

159
0.00639853, -0.0181685, 0.01262
0.999913, -0.01273, 0.0034041
0.013168, 0.974984, -0.221886
-0.000494325, 0.221912, 0.975067

160
0.011752, -0.00891558, 0.00314362
-0.0146729, -0.0193249, -0.999706
-0.406744, -0.913237, 0.0236233
-0.913424, 0.406971, 0.00553958

161
0.0185635, -0.0229852, 0.00186567
0.999973, -0.00682854, -0.00276709
0.00681297, 0.999961, -0.00559821
0.00280521, 0.0055792, 0.999981

162
-0.0197619, 0.0281144, -0.0410842
-0.999045, -7.57262e-06, 0.0437039
0.000323286, 0.999971, 0.00756339
-0.0437027, 0.00757029, -0.999016

163
0.0221046, 0.00974785, 0.00413327
-0.999016, -0.0157714, 0.0414474
0.0422013, -0.625282, 0.779257
0.0136264, 0.780239, 0.625333

164
0.0471505, 0.0241431, 0.00477878
0.809283, -0.587419, 0.0003245
0.586403, 0.807849, -0.0592548
0.0345453, 0.0481442, 0.998243

165
0.0089093, -0.0111698, -0.0117815
-0.00804103, -0.00316285, -0.999963
-0.241855, -0.9703, 0.00501386
-0.970279, 0.241886, 0.00703725

166
-0.0315646, -0.000386214, 0.000964128
0.990013, -0.0776394, 0.117668
-0.0143312, -0.885784, -0.463877
0.140244, 0.457558, -0.87805

167
-0.0653214, -0.0117658, 0.013533
0.218128, -0.975799, 0.0153725
0.969133, 0.218438, 0.114302
-0.114894, -0.0100344, 0.993327

168
0.0558551, 0.00931862, 0.0165292
-0.177782, 0.977272, -0.115472
-0.98357, -0.180204, -0.0107991
-0.0313621, 0.111655, 0.993252

169
0.00730913, -0.0211476, -0.0256636
-0.999685, -0.0210422, -0.0136601
0.0177612, -0.209087, -0.977736
0.0177176, -0.977671, 0.209395

170
0.0203778, -0.0313196, 0.0053012
0.0113371, 0.000453473, 0.999936
-0.0411012, -0.999155, 0.000919118
0.999091, -0.0411089, -0.0113089

171
-0.020973, 0.00438513, 0.0142056
0.23787, 0.205583, 0.949291
0.589336, -0.80743, 0.027187
0.772075, 0.552985, -0.313221

172
-0.0290325, -0.0321151, 0.00778233
0.9997, -0.0213045, -0.0121162
0.0219594, 0.998146, 0.0567715
0.0108842, -0.0570205, 0.998314

173
0.0440546, 0.020717, -0.0090159
0.0112978, 0.00265924, -0.999933
-0.999561, -0.0273452, -0.0113663
-0.0273736, 0.999623, 0.00234913

174
-0.0219886, -0.0153857, 0.00834641
-0.998979, 0.045039, -0.00346189
0.0352592, 0.729561, -0.683006
-0.0282362, -0.682431, -0.730405

175
0.0205612, 0.0108567, -0.0171903
-0.998267, 0.058773, -0.00279487
0.056257, 0.939459, -0.338011
-0.0172403, -0.337583, -0.941138

176
0.0256196, 0.0126054, -0.0133465
-0.999318, -0.0313846, -0.0194505
0.00788189, -0.695965, 0.718032
-0.0360721, 0.717389, 0.695738

177
0.0356407, 0.0170736, -0.0119488
0.00165689, 0.00465467, -0.999988
-0.92676, -0.37564, -0.00328405
-0.375651, 0.926754, 0.00369136

178
0.012447, 0.0202715, -0.00492721
-0.999233, 0.0390454, 0.00307994
0.0391638, 0.995111, 0.0906617
0.000475041, 0.0907127, -0.995877

179
0.0191544, -0.0092021, 0.0634886
-0.998267, 0.058773, -0.00279487
-0.0374565, -0.671401, -0.740147
-0.0453771, -0.73876, 0.67244

180
-0.00131207, -0.00136889, 0.0227464
-0.16182, -0.979702, -0.118314
-0.45684, -0.0319003, 0.888977
-0.874706, 0.197904, -0.442405

181
0.00665237, -0.000357611, 0.00466323
0.999913, -0.01273, 0.0034041
0.0123548, 0.815845, -0.578138
0.00458248, 0.57813, 0.815932

182
0.0323904, -0.00761932, 0.0050925
0.147809, 1.41513e-07, -0.989016
0.699337, 0.707109, 0.104517
0.699343, -0.707104, 0.104517

183
0.011102, -0.0218556, 0.0301068
0.999565, -0.0278509, -0.00969961
0.0130962, 0.124492, 0.992134
-0.0264243, -0.99183, 0.124803

184
0.0473779, -0.0539993, -0.00900795
-0.941314, -0.312894, -0.126594
0.32266, -0.724041, -0.609635
0.099092, -0.614705, 0.782508

185
0.00411893, -0.0155296, -0.0170811
0.999738, 0.0211542, 0.0087716
-0.0181893, 0.500793, 0.865376
0.0139136, -0.865309, 0.501046

186
-0.0270474, 0.0136434, -0.00672356
-0.997153, 0.0746552, 0.0105953
-0.0559153, -0.826374, 0.560338
0.0505879, 0.558151, 0.828196

187
0.00627466, 0.0218929, 0.00148588
0.999995, -0.0001146, 0.00300879
0.00048423, 0.992389, -0.123139
-0.00297178, 0.12314, 0.992385

188
0.0288082, -0.0673858, -0.00980971
-0.999206, -0.0396405, -0.00393734
0.0286285, -0.645851, -0.762927
0.0276999, -0.762434, 0.646473

189
-0.0103387, -0.0145795, -0.0146979
-0.0116488, 0.0159133, 0.999806
0.17352, -0.984671, 0.0176941
0.984761, 0.173692, 0.00870893

190
0.0556998, 0.0479286, 0.037742
-0.887417, 0.457026, 0.0601599
0.118295, 0.0996472, 0.987966
0.445531, 0.883854, -0.142493

191
0.00529958, -0.0109447, -0.0030216
-0.00449682, -0.0117118, -0.999921
-0.186348, -0.982406, 0.0123447
-0.982473, 0.186389, 0.00223523

192
0.0124971, -0.0350649, -0.0141358
-0.120982, -0.0717646, -0.990057
0.421923, -0.906521, 0.0141518
-0.898523, -0.416016, 0.139952

193
0.00664779, -0.0229077, -0.00513158
-0.999632, 0.0267938, -0.00429831
0.0267622, 0.999616, 0.00724505
0.00449078, 0.00712735, -0.999965

194
-0.0257572, -0.00102027, -0.00361948
0.999839, 0.0140129, -0.0112448
-0.00735761, 0.890318, 0.455279
0.0163913, -0.455123, 0.890278

195
-0.0317552, -0.00117569, -0.000290527
-0.973465, 0.186206, -0.133014
0.11739, 0.905307, 0.408215
0.19643, 0.381768, -0.903143

196
0.00553671, -0.000966476, -0.000498356
0.00222873, -0.0179175, 0.999837
-0.514094, 0.857575, 0.016514
-0.857731, -0.514047, -0.00729997

197
0.0279676, -0.0578091, 0.00607727
-0.998771, -0.0443831, 0.0220767
-0.04836, 0.774593, -0.630608
0.0108878, -0.6309, -0.775787

198
-0.0247538, 0.0344806, -0.0166624
0.999689, -0.00503321, -0.0244422
-0.00828293, -0.990847, -0.134734
-0.0235404, 0.134895, -0.99058

199
0.017674, -0.0165031, -0.0614967
0.809283, -0.587419, 0.0003245
-0.192491, -0.264671, 0.944932
-0.554985, -0.76478, -0.327267

200
-0.00727808, 0.0454446, -0.0174547
-0.0386046, 0.0291261, 0.99883
0.355111, 0.934726, -0.0135318
-0.934027, 0.354174, -0.0464278

201
-0.00573744, 0.0203729, -0.00323746
0.999989, 0.00402269, -0.00220001
0.00327013, -0.962079, -0.272751
-0.00321378, 0.272741, -0.962082

202
-0.0191333, -0.00735079, -0.0267213
-0.999045, -7.57262e-06, 0.0437039
-0.0306739, 0.71244, -0.701063
-0.0311311, -0.701734, -0.711759

203
0.0146797, -0.0558112, 0.0170586
0.999856, -0.016879, -0.0015155
-0.00812814, -0.556103, 0.831074
-0.0148705, -0.830942, -0.55616

204
-0.0621766, -0.0135022, 0.00465709
0.376986, -0.9219, 0.0893381
0.924758, 0.380052, 0.0195721
-0.0519966, 0.0752377, 0.995809

205
-0.0087618, -0.0221393, -0.0146072
-0.999018, 0.000574675, -0.0442989
0.0441477, -0.0706178, -0.996526
-0.00370097, -0.997503, 0.0705231

206
0.0151742, 0.00647321, 0.00850322
0.00813592, -0.000735778, -0.999967
-0.534734, -0.845012, -0.00372894
-0.844981, 0.534747, -0.0072684

207
0.00757343, -0.0160768, -0.0147115
-0.0668941, -0.0421755, -0.996868
0.0390273, -0.998452, 0.0396236
-0.996997, -0.0362545, 0.0684366

208
0.000264503, 0.019763, -0.000771902
0.999987, 0.00475406, 0.00174302
-0.00394448, 0.947223, -0.320553
-0.00317495, 0.320542, 0.947229

209
0.00642171, 0.000562338, 0.00583804
-0.999685, -0.0210422, -0.0136601
0.0250873, -0.839164, -0.543299
-3.08561e-05, -0.543471, 0.839428

210
-0.0406101, -0.0212173, 0.012805
0.028907, 0.0479331, -0.998432
0.979505, 0.197828, 0.0378564
0.199332, -0.979064, -0.0412321

211
0.0126266, 0.0165232, 0.0135564
-0.0875554, 0.0170232, 0.996014
0.435476, 0.899909, 0.0229002
-0.895932, 0.435746, -0.0862051

212
0.0100428, -0.0365152, 0.0365803
-0.998844, 0.0480622, 0.00128184
0.00670253, 0.165596, -0.986171
-0.0476098, -0.985022, -0.165726

213
-0.0105821, -0.000803685, -0.01751
-0.174529, 0.319226, 0.931469
0.0966965, -0.935859, 0.338848
0.979893, 0.149209, 0.132466

214
-0.0262049, -0.0217955, 0.0260474
-0.999533, -0.0114067, 0.0283424
-0.0296325, 0.136111, -0.99025
0.00743774, -0.990628, -0.136385

215
-0.0392933, -0.0675533, 0.0216728
0.990013, -0.0776394, 0.117668
-0.140244, -0.457558, 0.87805
-0.0143312, -0.885784, -0.463877

216
-0.00491086, -0.0173262, -0.00130901
-0.999278, -0.0375958, -0.00545865
0.0355792, -0.875782, -0.481395
0.0133178, -0.481241, 0.876487

217
-0.0295124, -0.0115612, -0.012137
-0.924596, -0.379236, -0.0360962
0.23313, -0.488339, -0.840937
0.301287, -0.785942, 0.539928

218
0.0103509, -0.0216748, 0.0140092
-0.0875554, 0.0170232, 0.996014
-0.325592, 0.94445, -0.0447633
-0.941448, -0.328213, -0.0771491

219
-0.00541324, -0.0413681, 0.0312291
0.999989, 0.00402269, -0.00220001
0.00321378, -0.272741, 0.962082
0.00327013, -0.962079, -0.272751

220
-0.0283511, 0.0300988, -0.0314301
-0.174529, 0.319226, 0.931469
0.761263, -0.556246, 0.33327
0.624514, 0.767258, -0.145934

221
0.0260124, -0.00194713, 0.00188887
0.0461618, -0.99832, 0.0350297
-0.859991, -0.0218759, 0.509841
-0.508218, -0.0536604, -0.859555

222
0.0031716, -0.0234595, 0.0017638
0.999966, -0.00683771, 0.00460531
0.00652934, 0.997932, 0.063939
-0.00503299, -0.0639068, 0.997943

223
-0.0209517, -0.0210872, -0.00256214
-0.999503, 0.031423, -0.00258147
0.030624, 0.948085, -0.31654
-0.00749916, -0.316462, -0.948576

224
0.000425626, 0.0182801, -0.00501379
0.999812, -0.0193286, 0.00138674
-0.0193783, -0.997421, 0.0691027
4.75011e-05, -0.0691165, -0.997609

225
-0.00749286, -0.0414387, 0.00293968
-0.997758, 0.0668918, 0.0022434
0.0548721, 0.836745, -0.544837
-0.0383223, -0.543492, -0.838539

226
0.00929611, -0.0140654, -0.0132299
0.999968, 0.0034839, 0.00721601
-0.00759886, 0.698065, 0.715994
-0.00254278, -0.716026, 0.698069

227
-0.030895, 0.0176902, -0.015451
-0.0116488, 0.0159133, 0.999806
0.819029, -0.573449, 0.0186697
0.573634, 0.819087, -0.00635346

228
0.00347615, 0.0127587, -0.0105902
0.999966, -0.00683771, 0.00460531
0.0081758, 0.750834, -0.660441
0.00105808, 0.660456, 0.750864

229
0.0303568, -0.00770569, -0.00547143
-0.834418, -0.545247, 0.0803213
-0.416158, 0.718887, 0.556789
-0.36133, 0.431169, -0.826761

230
0.0188003, -0.0643491, -0.0123557
0.00165689, 0.00465467, -0.999988
0.701712, -0.712458, -0.00215362
-0.712459, -0.7017, -0.00444669

231
-0.00769491, -0.00251614, -0.0537959
-0.996245, -1.11271e-05, -0.0865808
0.000474724, 0.999984, -0.00559094
0.0865795, -0.00561104, -0.996229

232
-0.0313179, 0.00962291, -0.00942552
-0.960934, 0.275302, -0.028531
-0.185762, -0.565092, 0.803843
0.205177, 0.777741, 0.594157

233
0.0405338, 0.0201092, -0.00631844
0.00507701, -0.00293728, -0.999983
-0.98746, -0.157806, -0.0045499
-0.15779, 0.987466, -0.00370162

234
-0.00889854, 0.000115014, 0.0147473
0.028907, 0.0479331, -0.998432
0.551666, 0.832188, 0.055924
0.833564, -0.552417, -0.00238695

235
-0.0273615, -0.00247587, -0.00696593
-0.999533, -0.0114067, 0.0283424
-0.0262126, 0.796724, -0.603774
-0.015694, -0.604235, -0.796652

236
0.00815852, -0.0117307, 0.00845954
0.00813592, -0.000735778, -0.999967
-0.17067, -0.985328, -0.000663593
-0.985295, 0.170669, -0.00814212

237
-0.0405461, -0.0110095, 0.0292696
-0.950435, 0.0262759, -0.309812
-0.136445, -0.9306, 0.339655
-0.279387, 0.365093, 0.88806

238
-0.0197592, 0.0170671, 0.000138055
-0.999503, 0.031423, -0.00258147
0.0269571, 0.894169, 0.446917
0.0163517, 0.446625, -0.894572

239
0.0211565, -0.0636631, 0.00406389
-0.0146729, -0.0193249, -0.999706
0.68824, -0.725472, 0.00392232
-0.725335, -0.68798, 0.0239449

240
0.0238709, -0.0228689, 0.00186203
0.999936, 0.00250384, 0.0110282
-0.00241644, 0.999966, -0.00793135
-0.0110477, 0.0079042, 0.999908

241
-0.0180599, -0.0211261, 0.00912114
-0.0120321, -0.027059, -0.999561
0.557133, 0.829911, -0.0291728
0.830336, -0.55724, 0.00508989

242
0.0362739, -0.0237583, -0.00097531
0.00222873, -0.0179175, 0.999837
-0.970027, 0.242911, 0.00651533
-0.242988, -0.969883, -0.0168391

243
-0.0256788, -0.0163236, -0.0157193
0.999839, 0.0140129, -0.0112448
-0.000524869, 0.648379, 0.761318
0.0179592, -0.761189, 0.648281

244
0.00784374, -0.016136, -0.0149392
-0.120982, -0.0717646, -0.990057
0.0459563, -0.996719, 0.0666318
-0.99159, -0.0374382, 0.123883

245
0.00611862, -0.0420617, -0.00146432
-0.999632, 0.0267938, -0.00429831
0.0264436, 0.926252, -0.375976
-0.00609252, -0.375952, -0.926619

246
-0.0327186, -0.0654265, -0.0141494
-0.0116488, 0.0159133, 0.999806
-0.843398, -0.537288, -0.00127477
0.537163, -0.843249, 0.01968

247
-0.0116005, -0.0222633, -0.00885381
-0.996245, -1.11271e-05, -0.0865808
0.0865795, -0.00561104, -0.996229
-0.000474724, -0.999984, 0.00559094

248
0.0212452, 0.0187425, -0.0131572
-0.999016, -0.0157714, 0.0414474
0.0442035, -0.279101, 0.959244
-0.00356057, 0.960132, 0.279523

249
-0.0196017, 0.00895196, -0.0374266
-0.999045, -7.57262e-06, 0.0437039
-0.0164256, 0.92675, -0.375319
-0.0404997, -0.375678, -0.925865

250
0.00284924, 0.0343125, 0.00742891
0.999738, 0.0211542, 0.0087716
-0.0198152, 0.991086, -0.131741
-0.0114803, 0.131533, 0.991245

251
-0.036872, 0.00540723, 0.0193906
-0.950435, 0.0262759, -0.309812
-0.232975, -0.720048, 0.653647
-0.205904, 0.693427, 0.69048

252
-0.0117047, -0.0238965, 0.00142463
0.999955, 0.00867697, 0.00374231
-0.00909668, 0.991125, 0.13262
-0.00255835, -0.132649, 0.99116

253
-0.00853248, -0.00781728, -0.0441577
-0.996245, -1.11271e-05, -0.0865808
0.0615567, 0.703128, -0.708394
0.0608853, -0.711063, -0.700487

254
-0.0286538, -0.0127994, 0.005069
0.9997, -0.0213045, -0.0121162
0.0161227, 0.943987, -0.329588
0.0184592, 0.329294, 0.944047

255
0.0395094, 0.0174123, 0.00222729
-0.0146729, -0.0193249, -0.999706
-0.9335, -0.357984, 0.0206212
-0.358277, 0.933528, -0.0127871

256
-0.0117533, 0.00017528, 0.00173939
-0.999094, -0.0420435, -0.00653817
0.0424021, -0.996575, -0.0709992
-0.00353073, -0.0712121, 0.997455

257
0.00719509, 0.0291519, -0.00300854
-0.00180278, -0.0127894, 0.999917
0.328325, 0.94448, 0.0126723
-0.944563, 0.32832, 0.00249638

258
0.0306865, -0.0625147, 0.00868019
0.00813592, -0.000735778, -0.999967
0.844981, -0.534747, 0.0072684
-0.534734, -0.845012, -0.00372894

259
0.0284776, -0.0691402, -0.028277
-0.999318, -0.0313846, -0.0194505
0.03031, -0.396447, -0.917557
0.0210861, -0.917521, 0.397128

260
0.0116942, 0.00112633, -0.0098248
0.208066, 0.975446, -0.0722083
-0.76092, 0.115037, -0.638567
-0.614581, 0.187809, 0.766171

261
-0.0125512, 0.0195149, -0.000698438
-0.999094, -0.0420435, -0.00653817
0.0378232, -0.947967, 0.316115
-0.0194885, 0.315581, 0.948698

262
-0.046232, -0.0404865, 0.00936805
-0.960934, 0.275302, -0.028531
-0.260647, -0.93479, -0.241312
-0.0931041, -0.224448, 0.970028

263
0.0259121, -0.00512375, -0.00774517
0.809283, -0.587419, 0.0003245
0.439077, 0.605279, 0.663965
-0.390222, -0.537193, 0.747764

264
0.0316696, 0.0195931, -0.0120618
-0.00804103, -0.00316285, -0.999963
-0.857108, -0.515066, 0.00852142
-0.515074, 0.857145, 0.00143076

265
0.05733, -0.0371755, -0.00376651
-0.00180278, -0.0127894, 0.999917
-0.998307, -0.0581083, -0.00254311
0.058136, -0.998228, -0.012663

266
-0.017007, -0.00136558, -0.0118468
0.218128, -0.975799, 0.0153725
0.477019, 0.0928634, -0.873973
0.851395, 0.197971, 0.485731

267
0.00911561, 0.00511108, -0.00945216
0.0112978, 0.00265924, -0.999933
-0.687441, -0.726176, -0.00969829
-0.726153, 0.687504, -0.00637611

268
-0.0199886, -0.0218994, 0.0298663
-0.998128, -0.00445564, 0.0609897
-0.0600101, -0.120487, -0.990899
0.0117635, -0.992705, 0.119994

269
0.00442476, -0.0288838, -0.0122144
0.00165689, 0.00465467, -0.999988
-0.00759941, -0.99996, -0.00466713
-0.99997, 0.00760705, -0.00162145

270
0.0503617, -0.0394365, -0.0130493
-0.834418, -0.545247, 0.0803213
-0.549767, 0.813212, -0.190899
0.0387691, -0.203448, -0.978318

271
0.0396948, -0.023102, -0.0129785
-0.834418, -0.545247, 0.0803213
-0.522754, 0.829166, 0.198018
-0.174569, 0.123242, -0.976902

272
0.00808526, -0.0480461, -0.0122976
0.00165689, 0.00465467, -0.999988
0.375651, -0.926754, -0.00369136
-0.92676, -0.37564, -0.00328405

273
0.0228579, 0.0199402, 0.00214627
-0.996391, 0.0848797, 0.00114376
-0.079891, -0.942212, 0.325351
0.0286934, 0.324085, 0.945593

274
-0.0226478, 0.00254552, 0.0760475
0.999689, -0.00503321, -0.0244422
0.0166609, 0.863801, 0.503557
0.0185787, -0.503807, 0.863616

275
0.00837608, -0.0097793, -0.012119
0.00165689, 0.00465467, -0.999988
-0.389693, -0.920932, -0.00493237
-0.920943, 0.389696, 0.000288011

276
0.026276, 0.021059, -0.00349078
-0.00449682, -0.0117118, -0.999921
-0.826482, -0.562869, 0.0103095
-0.562946, 0.826463, -0.00714846

277
-0.0187126, -0.0118883, -0.052288
-0.852739, -0.445302, -0.273024
0.0724938, 0.416744, -0.906129
0.517282, -0.792484, -0.323092

278
0.00702207, 0.0200204, -0.0277261
0.999913, -0.01273, 0.0034041
0.00549588, 0.16809, -0.985756
0.0119765, 0.985689, 0.168145

279
-0.00465404, -0.00539498, 0.0606553
-0.16182, -0.979702, -0.118314
0.295476, -0.162497, 0.941429
-0.941546, 0.117383, 0.315773

280
-0.0248227, 0.0150082, -0.0154702
0.999689, -0.00503321, -0.0244422
0.00135608, -0.967045, 0.2546
-0.0249182, -0.254554, -0.966737

281
0.00322546, -0.0305499, -0.0185189
0.99999, -0.00443871, 0.000640633
0.00211284, 0.592287, 0.805725
-0.00395582, -0.805715, 0.59229

282
0.0236334, -0.0432192, 0.0208288
-0.999016, -0.0157714, 0.0414474
0.00356057, -0.960132, -0.279523
0.0442035, -0.279101, 0.959244

283
-0.0375436, -0.00761959, -0.00535919
0.147809, 1.41513e-07, -0.989016
0.699343, -0.707104, 0.104517
-0.699337, -0.707109, -0.104517

284
-0.0601108, -0.0212763, 0.0122376
0.028907, 0.0479331, -0.998432
0.981226, -0.191902, 0.0191959
-0.190681, -0.980243, -0.0525805

285
0.0151375, -0.0235722, -0.00359396
0.99987, -0.0160173, -0.00182683
-0.0150745, -0.969096, 0.246221
-0.00571418, -0.246161, -0.969212

286
0.0173617, -0.0120451, 0.00532665
0.0113371, 0.000453473, 0.999936
0.344363, -0.93883, -0.00347858
0.938768, 0.34438, -0.0107998

287
0.0285126, 0.000380305, 0.00121735
0.857334, -0.514407, 0.0190615
0.505305, 0.848073, 0.159498
-0.0982127, -0.127112, 0.987014

288
-0.0259604, 0.0177474, 0.0017035
0.999839, 0.0140129, -0.0112448
-0.0130702, 0.996715, 0.0799287
0.0123279, -0.0797688, 0.996737

289
0.00714277, -0.00380806, -0.00118707
-0.999632, 0.0267938, -0.00429831
0.0230065, 0.920797, 0.389363
0.0143904, 0.389121, -0.921074

290
0.02399, -0.0508271, -0.0143976
-0.120982, -0.0717646, -0.990057
0.733656, -0.678314, -0.0404827
-0.668664, -0.731259, 0.134714

291
-0.017048, 0.0157666, 0.01241
0.999781, -0.0150244, -0.0145946
0.0180804, 0.970808, 0.239174
0.0105751, -0.239385, 0.970867

292
-0.0095819, -0.00155627, -0.00901553
-0.00259237, 0.0166615, 0.999858
0.0141156, -0.999761, 0.0166965
0.999897, 0.0141568, 0.00235656

293
-0.0333833, 0.00903201, -0.0133391
-0.155326, -0.00017896, 0.987863
-0.369563, 0.927397, -0.05794
-0.916131, -0.374077, -0.144115

294
0.0431099, 0.00860189, 0.00669455
0.147809, 1.41513e-07, -0.989016
0.378476, 0.923881, 0.0565638
0.913733, -0.38268, 0.136558

295
-0.0395817, 0.0169583, 0.00738216
0.0796109, 4.96276e-05, 0.996826
0.921513, 0.381307, -0.073615
-0.3801, 0.924449, 0.0303104

