0
0.107538, 0.00624648, -0.0464773
0.0117464, -0.999928, -0.00224139
-0.53739, -0.0044225, -0.843322
0.843252, 0.0111105, -0.537403

1
0.0565559, -0.0046871, -0.0248547
0.999461, -0.0324115, 0.00524399
-0.00979955, -0.142039, 0.989813
-0.0313364, -0.98933, -0.14228

2
-0.0743273, 0.00805457, 0.00172516
0.0412469, -0.999149, 0.000791557
0.928514, 0.0386235, 0.369284
-0.369, -0.0144968, 0.929316

3
0.0584329, -0.00743909, -0.0356593
-0.998668, -0.0324823, -0.0400774
-0.0512135, 0.717666, 0.694502
0.00620318, 0.69563, -0.718373

4
-0.059723, 0.00305932, -0.0281951
-0.990456, -0.00845219, 0.137569
-0.0158439, 0.998483, -0.0527254
-0.136914, -0.0544018, -0.989088

5
0.0484185, 0.0153152, -0.039157
0.999395, -0.0344368, 0.00489368
-0.0318038, -0.847745, 0.529449
-0.014084, -0.529285, -0.848327

6
-0.0254444, 0.0204625, 0.0017814
0.999932, -0.00410275, -0.0109189
0.00781738, 0.930472, 0.366279
0.00865695, -0.366339, 0.930441

7
-0.052095, -0.00174676, 0.0238833
-0.219176, 0.124187, -0.96775
0.640928, 0.766171, -0.0468385
0.735645, -0.630523, -0.247521

8
0.060593, 0.0538629, -0.026707
-0.996139, 0.0824627, -0.0301288
-0.0154894, 0.172718, 0.98485
0.0864172, 0.981513, -0.170774

9
-0.0443059, -0.0121608, -0.0220825
9.21246e-06, -0.999997, 0.00262136
0.453165, -0.00233258, -0.891423
0.891427, 0.00119612, 0.453164

10
-0.0372542, 0.0013528, -0.00169302
0.999896, 0.0125774, -0.00704219
-0.00724738, 0.860951, 0.508636
0.0124603, -0.508532, 0.860953

11
-0.045815, -0.0116712, -0.000649085
0.028586, -0.00451323, 0.999581
0.670625, -0.741455, -0.0225263
0.741246, 0.670988, -0.0181686

12
0.0996307, 0.00861126, -0.00899792
0.00552867, 0.999975, 0.00450096
-0.4019, -0.00189953, 0.915682
0.915667, -0.00687144, 0.401879

13
-0.0525247, 0.0199603, 0.00428445
0.999935, -0.00744325, -0.00868235
0.00900318, 0.980499, 0.196317
0.00705181, -0.196382, 0.980502

14
-0.0332612, 0.0124248, 0.0199862
-0.639119, -0.0265819, -0.768648
0.43783, 0.809084, -0.39203
0.632322, -0.587091, -0.505463

15
0.0354789, -0.00881855, -0.0356463
-0.00460073, -0.999965, -0.00695442
-0.658145, -0.00220802, 0.752888
-0.752877, 0.00804085, -0.658112

16
-0.0582917, 0.00425507, -0.0118915
-0.996435, -0.0832499, 0.0136648
0.0444385, -0.655621, -0.753781
0.0717112, -0.750487, 0.656983

17
0.0885851, 0.00917107, -0.0502881
0.0147255, -0.999886, -0.00344768
-0.950868, -0.012937, -0.309327
0.309247, 0.00783329, -0.950949

18
-0.0561116, 0.0734991, -0.0394591
0.999886, 0.00617909, -0.0138008
-0.0143762, 0.105553, -0.99431
-0.0046872, 0.994394, 0.10563

19
-0.0390487, 0.00381047, -0.0185143
-0.976235, -0.0167934, -0.216062
-0.00787323, 0.999083, -0.0420798
0.216571, -0.0393787, -0.975472

20
0.0477128, 0.00879717, -0.0212995
-0.0263263, -0.0776767, 0.996631
-0.662951, 0.747553, 0.0407517
-0.7482, -0.659645, -0.0711762

21
0.033776, 0.046736, -0.0137342
0.999867, 0.0158876, -0.00365666
-0.00419643, 0.034075, -0.99941
-0.0157536, 0.999293, 0.0341371

22
-0.00592501, 0.010841, -0.0454637
0.0412469, -0.999149, 0.000791557
-0.0144151, -0.00138723, -0.999895
0.999045, 0.0412311, -0.01446

23
-0.00592501, 0.010841, -0.0454637
0.0412469, -0.999149, 0.000791557
-0.0144151, -0.00138723, -0.999895
0.999045, 0.0412311, -0.01446

24
0.0366465, -0.0381509, -0.00350969
-0.998702, -0.0505728, 0.00607976
-0.00684914, 0.0150539, -0.999863
0.0504743, -0.998607, -0.0153807

25
-0.0641795, 0.00336675, 0.0241588
0.164893, 0.00635272, -0.986291
-0.898854, -0.410703, -0.15292
-0.406044, 0.911747, -0.0620118

26
-0.0594149, 0.0196562, 3.0995e-05
-0.996435, -0.0832499, 0.0136648
0.0684985, -0.892914, -0.444986
0.0492466, -0.442464, 0.895433

27
-0.0119848, -0.0116232, -0.0479635
0.012278, -0.999913, 0.00473548
-0.0643947, -0.0055167, -0.997909
0.997849, 0.0119474, -0.0644569

28
-0.0882381, 0.0609786, -0.0146306
-0.00704196, -0.17772, -0.984056
-0.999894, 0.0138305, 0.00465752
0.0127822, 0.983984, -0.177799

29
0.0503325, -0.0515116, -0.0142185
-0.996567, 0.0811629, -0.0163341
0.0211127, 0.0583718, -0.998072
-0.0800529, -0.99499, -0.059885

30
-0.0523081, -0.0020942, 0.00455343
0.999922, -0.0124328, -0.00130164
0.00516682, 0.505857, -0.862602
0.011383, 0.862528, 0.505882

31
-0.0380613, -0.00215851, -0.00723729
0.0458443, -0.00932898, -0.998905
0.878077, 0.477176, 0.0358425
0.476319, -0.878758, 0.0300673

32
-0.0434114, 0.0130625, -0.0210063
-0.0384067, -0.999261, 0.00147502
0.414329, -0.017268, -0.909963
0.909316, -0.0343376, 0.414686

33
0.0344036, 0.0119829, -0.0179304
0.999983, -0.00539807, -0.00197751
0.00122532, 0.536207, -0.844085
0.00561679, 0.844069, 0.536205

34
-0.0528564, -0.0383568, -0.0702673
0.999922, -0.0124328, -0.00130164
-0.0124938, -0.990455, -0.13727
0.000417436, 0.137276, -0.990533

35
-0.0371123, -0.000966188, 0.0167719
0.198977, -0.187103, -0.961977
-0.786468, -0.616144, -0.0428357
-0.584702, 0.765088, -0.269749

36
-0.0398096, -0.0117372, 0.00012341
0.012278, -0.999913, 0.00473548
0.897249, 0.00892678, -0.441434
0.441353, 0.00966882, 0.897281

37
-0.0558187, 0.0676948, -0.0208359
0.999886, 0.00617909, -0.0138008
-0.0150756, 0.478057, -0.878199
0.00117111, 0.878307, 0.478095

38
0.105602, 0.0093888, -0.0407501
0.0147255, -0.999886, -0.00344768
-0.760143, -0.00895457, -0.649694
0.649589, 0.0121878, -0.760188

39
-0.0397224, -0.0151563, -0.0139964
-0.976235, -0.0167934, -0.216062
0.0756041, 0.907963, -0.412174
0.203098, -0.418714, -0.885116

40
0.0630779, 0.00856018, 0.0472479
0.00552867, 0.999975, 0.00450096
-0.999766, 0.00562147, -0.0208716
-0.0208964, -0.00438452, 0.999772

41
-0.0420793, 0.0129549, -0.0592513
-0.0384067, -0.999261, 0.00147502
-0.350009, 0.01207, -0.936669
0.935959, -0.0364906, -0.350214

42
0.010373, 0.0407788, -0.0446839
0.999973, -0.00501126, 0.00543412
0.00543974, 0.00110838, -0.999985
0.00500516, 0.999987, 0.00113561

43
-0.0620402, 0.00954023, 0.0662493
0.999936, 0.0100146, 0.00517833
-0.00987991, 0.999628, -0.0254135
-0.00543091, 0.0253608, 0.999664

44
-0.0122014, 0.0470077, -0.00650964
0.0458443, -0.00932898, -0.998905
-0.104036, 0.994474, -0.0140623
0.993516, 0.104567, 0.0446204

45
-0.0690603, -0.00703335, 0.0207035
-0.0651272, -0.00306838, -0.997872
0.974144, 0.216602, -0.0642446
0.216338, -0.976255, -0.0111177

46
-0.0454352, 0.00775509, 0.0273208
0.164893, 0.00635272, -0.986291
-0.985819, -0.0305299, -0.16501
-0.0311596, 0.999514, 0.00122848

47
0.0425741, 0.049934, -0.0121669
0.999886, 0.0142835, -0.00492492
-0.00515731, 0.0162794, -0.999854
-0.0142012, 0.999765, 0.0163512

48
-0.0256269, 0.00405293, -0.00876832
0.999932, -0.00410275, -0.0109189
0.0105352, 0.719453, 0.694462
0.00500639, -0.69453, 0.719447

49
0.0423097, 0.00594779, -0.0109062
0.00120749, 0.999993, -0.0036629
-0.676697, -0.00187975, -0.736259
-0.736261, 0.00336769, 0.676689

50
-0.0319757, -0.0062149, -0.010048
0.999952, 0.00808839, -0.00555747
-0.00961417, 0.693809, -0.720095
-0.00196859, 0.720114, 0.693853

51
0.033932, -0.0169414, -0.0505023
0.999893, 0.0143136, 0.00286269
0.0140896, -0.895126, -0.445591
-0.00381555, 0.445583, -0.895232

52
0.00720434, 0.0317652, -0.0489297
0.999989, -0.00152635, 0.00446013
0.00442256, -0.0237869, -0.999707
0.001632, 0.999716, -0.0237799

53
-0.0604127, -0.0175904, 0.0204408
0.31875, -0.0818795, -0.944296
-0.491069, -0.866393, -0.0906372
-0.81071, 0.492605, -0.316371

54
-0.0564611, -0.0432924, -0.0414055
-0.981458, 0.191673, -0.00128535
-2.31412e-05, -0.00682429, -0.999977
-0.191677, -0.981435, 0.00670219

55
-0.0468547, 0.00511022, -0.0107499
0.999945, -0.00678501, -0.00798409
0.010468, 0.679781, 0.73334
0.000451708, -0.733384, 0.679815

56
0.0351346, 0.00776344, -0.0323523
-0.0205029, 0.999494, -0.0243111
-0.00726952, -0.0244646, -0.999674
-0.999763, -0.0203194, 0.00776743

57
0.0351636, 0.00536253, -0.0314143
0.0117464, -0.999928, -0.00224139
-0.573413, -0.00857235, 0.819221
-0.819182, -0.00833766, -0.573473

58
-0.0563697, -0.0121207, -0.00675058
9.21246e-06, -0.999997, 0.00262136
0.759804, -0.00169728, -0.65015
0.650152, 0.00199771, 0.759802

59
-0.0619522, -0.00772606, 0.0826551
0.999936, 0.0100146, 0.00517833
-0.0108264, 0.724777, 0.688899
0.00314592, -0.688911, 0.724839

60
0.0175397, 0.00895519, 0.015425
0.00552867, 0.999975, 0.00450096
-0.363288, 0.00620201, -0.931656
-0.93166, 0.00351567, 0.363313

61
-0.0624281, -0.0372916, 0.0100235
0.232591, -0.105432, -0.966843
0.0550284, -0.991088, 0.121314
-0.971017, -0.0814204, -0.224717

62
-0.0527238, 0.0019467, -0.00320373
0.999935, -0.00744325, -0.00868235
0.0110165, 0.830711, 0.556595
0.00306965, -0.556654, 0.830739

63
0.0577312, -0.030159, -0.0383468
-0.997873, 0.0530312, -0.0378976
0.0390762, 0.952075, 0.303358
0.0521687, 0.301232, -0.952123

64
0.034278, -0.019336, 0.00405998
0.999983, -0.00539807, -0.00197751
0.0048381, 0.976003, -0.217704
0.00310524, 0.217691, 0.976013

65
0.0378882, 0.00628013, 0.0388385
0.0317984, -0.999452, -0.00919826
0.831036, 0.0315509, -0.555323
0.555309, 0.0100143, 0.831584

66
0.0450978, 0.0103414, -0.0211898
-0.135878, -0.134886, 0.9815
-0.583729, 0.811368, 0.0306944
-0.800498, -0.56876, -0.188984

67
0.0336769, -0.00150983, -0.038569
0.999893, 0.0143136, 0.00286269
0.0115569, -0.656471, -0.754263
-0.00891696, 0.754215, -0.656567

68
-0.019297, -0.025074, 0.00142999
-0.987709, -0.155762, 0.0129865
0.138936, -0.912993, -0.383588
0.0716051, -0.377069, 0.923413

69
0.0232356, -0.00901437, 0.00061016
-0.00460073, -0.999965, -0.00695442
0.0669853, -0.00724705, 0.997728
-0.997743, 0.00412443, 0.0670163

70
-0.0164476, 0.0189343, 0.00202218
0.999963, 0.00119217, -0.00851868
-0.00036103, 0.995293, 0.0969097
0.00859412, -0.096903, 0.995257

71
0.0345396, -0.0616383, -0.039241
0.999893, 0.0143136, 0.00286269
0.00381555, -0.445583, 0.895232
0.0140896, -0.895126, -0.445591

72
0.109705, 0.00844353, 0.0158923
0.00552867, 0.999975, 0.00450096
-0.721718, 0.000874653, 0.692187
0.692166, -0.0070753, 0.721704

73
-0.0582109, -0.00291668, -0.0152898
-0.964875, 0.255859, 0.0595994
-0.0695765, -0.467641, 0.881176
0.253328, 0.846078, 0.469017

74
-0.0218196, 0.00622364, -0.0543921
0.00989342, -0.999942, 0.00426292
-0.19298, -0.00609229, -0.981184
0.981153, 0.00888461, -0.193029

75
0.0369857, 0.0545807, -0.00836679
0.999975, 0.00705887, 0.000646957
-0.00217828, 0.392862, -0.919595
-0.00674547, 0.91957, 0.392867

76
0.0357591, 0.0148869, -0.0371478
-0.0581821, 0.998304, -0.00209485
0.148012, 0.00655103, -0.988964
-0.987273, -0.05785, -0.148142

77
-0.0588987, -0.0158388, -0.0234217
-0.990456, -0.00845219, 0.137569
-0.0670327, 0.90166, -0.427219
-0.120429, -0.432364, -0.893621

78
0.0446595, 0.0663671, -0.01444
-0.999434, 0.0330791, 0.00609544
-0.00751088, -0.396119, 0.918168
0.0327867, 0.917603, 0.396143

79
0.00690161, -0.0170312, 0.00224471
0.999989, -0.00152635, 0.00446013
0.001632, 0.999716, -0.0237799
-0.00442256, 0.0237869, 0.999707

80
0.0374382, -0.00762208, -0.029118
0.999975, 0.00705887, 0.000646957
-0.00322949, 0.372439, 0.928051
0.00631004, -0.92803, 0.372453

81
-0.0377874, 0.0149216, 0.0185949
-0.0651272, -0.00306838, -0.997872
0.535849, 0.843478, -0.0375664
0.841798, -0.537156, -0.0532891

82
0.0126283, 0.0486492, -0.0258798
-0.926066, 0.377357, 0.0018104
-0.140793, -0.349962, 0.926123
0.350112, 0.857396, 0.377217

83
0.0574294, 0.00364526, -0.0196365
-0.998668, -0.0324823, -0.0400774
-0.0496889, 0.39683, 0.916546
-0.0138676, 0.917317, -0.397916

84
-0.0551565, 0.00884877, 0.0052541
0.0412469, -0.999149, 0.000791557
0.999045, 0.0412311, -0.01446
0.0144151, 0.00138723, 0.999895

85
0.0564877, -0.00363949, -0.0053739
0.999461, -0.0324115, 0.00524399
0.00293832, 0.247373, 0.968916
-0.0327012, -0.968378, 0.247335

86
-0.0885232, -0.0074622, 0.021975
-0.0651272, -0.00306838, -0.997872
0.982781, -0.173482, -0.0636088
-0.172918, -0.984832, 0.014314

87
-0.0164734, 0.000258965, -0.00362008
0.999963, 0.00119217, -0.00851868
0.00295528, 0.882448, 0.470401
0.00807809, -0.470409, 0.882412

88
-0.0389196, 0.0113765, 0.0042429
-0.0408435, -0.309214, -0.950115
-0.00481341, 0.950958, -0.309282
0.999154, -0.00805885, -0.0403288

89
-0.0692441, -0.0506338, 0.0109386
-0.964875, 0.255859, 0.0595994
-0.26067, -0.960633, -0.0961034
0.0326642, -0.108264, 0.993585

90
0.034618, -0.00291529, 0.0007729
0.999867, 0.0158876, -0.00365666
-0.0129486, 0.910186, 0.413996
0.00990565, -0.413894, 0.910271

91
0.00999484, 0.00891629, 0.00525899
-0.997231, -0.0743271, -0.00234748
0.0743202, -0.99723, 0.00292016
-0.00255802, 0.00273761, 0.999993

92
0.0369613, 0.0574014, -0.00133811
0.999975, 0.00705887, 0.000646957
-0.00631004, 0.92803, -0.372453
-0.00322949, 0.372439, 0.928051

93
-0.0154893, 0.0488859, 0.018046
-0.0620677, -0.0198618, -0.997874
-0.143103, 0.989649, -0.010797
0.98776, 0.142129, -0.0642676

94
0.0593012, -0.0141868, -0.0449881
0.997892, -0.0366437, 0.0535524
-0.0536975, -0.00298772, 0.998553
-0.0364307, -0.999324, -0.0049491

95
-0.0330196, -0.082322, 0.033442
0.198977, -0.187103, -0.961977
0.841162, -0.471061, 0.265608
-0.502846, -0.862029, 0.0636534

96
0.029315, 0.00648176, 0.033183
0.0277968, -0.996813, -0.0747767
0.176853, 0.0785296, -0.981099
0.983845, 0.0140469, 0.178473

97
0.0596095, 0.0518872, -0.00552014
0.997892, -0.0366437, 0.0535524
0.0635514, 0.385185, -0.920649
0.0131084, 0.922112, 0.386702

98
0.014345, 0.0147287, -0.0144337
-0.0126439, -0.997317, -0.0720988
-0.895717, 0.0433459, -0.442507
0.444445, 0.058985, -0.893862

99
-0.101751, 0.00690132, -0.0249405
0.0412469, -0.999149, 0.000791557
0.395636, 0.0170601, 0.918249
-0.917481, -0.0375617, 0.396003

100
0.00165295, 0.000188327, -0.00365914
-0.999785, -0.0207016, 0.000946495
0.0178045, -0.881451, -0.47194
0.0106042, -0.471822, 0.88163

101
-0.0842404, 0.025233, 0.012503
-0.188048, 0.00716454, 0.982134
-0.32376, 0.943629, -0.0688736
-0.927263, -0.330927, -0.175128

102
0.0343588, -0.00148956, -0.00382034
0.999983, -0.00539807, -0.00197751
0.0032815, 0.818402, -0.574637
0.00472033, 0.574621, 0.818406

103
0.0204995, -0.00434938, -0.0279849
0.998496, -0.00565808, -0.054539
0.0441874, -0.505896, 0.861462
-0.0324653, -0.862576, -0.504885

104
-0.0931682, -0.0437471, 0.0190088
0.164893, 0.00635272, -0.986291
0.0311596, -0.999514, -0.00122848
-0.985819, -0.0305299, -0.16501

105
0.0822872, 0.00846931, 0.0438422
0.00552867, 0.999975, 0.00450096
-0.93166, 0.00351567, 0.363313
0.363288, -0.00620201, 0.931656

106
-0.0374797, 0.00259774, -0.00487954
0.999958, 0.00120126, -0.00906271
0.00451289, 0.797261, 0.603618
0.00795045, -0.603634, 0.797222

107
-0.0277023, -0.0170384, -0.0149989
0.0119635, -0.999651, 0.023573
0.595184, -0.0118247, -0.803502
0.8035, 0.023643, 0.594835

108
-0.0467844, 0.0675095, 0.0473803
-0.237814, -0.302246, 0.923088
0.654, 0.652821, 0.382242
-0.718142, 0.694602, 0.0424194

109
0.0351156, 0.00833168, -0.0352253
0.0147255, -0.999886, -0.00344768
-0.649589, -0.0121878, 0.760188
-0.760143, -0.00895457, -0.649694

110
-0.0435833, 0.0164447, -0.0218745
-0.139517, -0.989099, -0.0470895
0.399899, -0.0127757, -0.91647
0.905878, -0.146694, 0.397322

111
-0.0566755, -0.0079443, -0.00803754
0.0458443, -0.00932898, -0.998905
0.993516, 0.104567, 0.0446204
0.104036, -0.994474, 0.0140623

112
0.031593, 0.0603344, -0.014403
-0.998702, -0.0505728, 0.00607976
0.0256435, -0.396058, 0.917867
-0.0440112, 0.916832, 0.396841

113
-0.0622117, 0.0300969, 0.0596143
0.999936, 0.0100146, 0.00517833
-0.00704953, 0.913831, -0.406034
-0.00879839, 0.405971, 0.913843

114
0.0102499, 0.0369516, -0.0255543
0.999973, -0.00501126, 0.00543412
0.00694106, 0.383702, -0.923431
0.00254247, 0.923443, 0.383727

115
0.0321639, 0.00589901, -0.0275694
0.00120749, 0.999993, -0.0036629
-0.343431, -0.00302543, -0.939173
-0.939177, 0.00239199, 0.343425

116
-0.0613833, -0.041202, 0.03753
0.999936, 0.0100146, 0.00517833
-0.00543091, 0.0253608, 0.999664
0.00987991, -0.999628, 0.0254135

117
0.0593892, -0.0238186, -0.0462139
-0.998668, -0.0324823, -0.0400774
-0.0449412, 0.929243, 0.366727
0.0253295, 0.36804, -0.929465

118
0.0568627, 0.00179611, -0.0432524
0.999461, -0.0324115, 0.00524399
-0.0210455, -0.509827, 0.860019
-0.025201, -0.859666, -0.510235

119
-0.0906892, 0.00737071, -0.00887779
0.0412469, -0.999149, 0.000791557
0.716625, 0.0301357, 0.696808
-0.696238, -0.0281739, 0.717257

120
-0.0426984, 0.0170036, -0.0204574
-0.111596, -0.990688, -0.0780026
0.491712, 0.013163, -0.870658
0.863577, -0.135517, 0.485664

121
0.00050318, 0.0554692, -0.00907061
-0.999785, -0.0207016, 0.000946495
0.0166105, -0.773223, 0.633917
-0.0123912, 0.633796, 0.773401

122
0.00694967, 0.00200696, -0.00201521
0.999989, -0.00152635, 0.00446013
0.00320021, 0.914514, -0.404541
-0.00346138, 0.404551, 0.914509

123
-0.0170164, -0.050961, -0.0446836
-0.954765, -0.297192, 0.0100629
-0.00926926, -0.00407952, -0.999949
0.297218, -0.954809, 0.00114024

124
-0.0401475, 0.00553463, -0.0199576
-0.00331174, 0.999802, -0.0195961
0.404355, 0.0192615, 0.914399
0.914596, -0.00489552, -0.404339

125
-0.0390278, -0.01221, -0.0408639
9.21246e-06, -0.999997, 0.00262136
0.0775359, -0.00261275, -0.996986
0.99699, 0.000212434, 0.0775356

126
-0.0794101, -0.0029927, 0.0945022
0.0526106, 0.9926, 0.10944
-0.990203, 0.0376586, 0.134459
0.129343, -0.115442, 0.984857

127
-0.0522526, 0.00430215, -0.0138771
0.999922, -0.0124328, -0.00130164
0.000417436, 0.137276, -0.990533
0.0124938, 0.990455, 0.13727

128
-0.0358914, 0.00592182, -0.000922401
-0.00331174, 0.999802, -0.0195961
0.0235744, 0.0196688, 0.999529
0.999717, 0.00284821, -0.0236349

129
-0.0276041, -0.0183369, 0.0197091
0.182104, -0.019163, 0.983092
0.466704, -0.878328, -0.103571
0.865462, 0.477674, -0.151004

130
0.045927, -0.0380286, -0.0792203
0.999826, -0.0175076, -0.00650019
-0.0182604, -0.989446, -0.143747
-0.00391491, 0.143841, -0.989593

131
0.0425286, 0.0548422, -0.00716971
0.999886, 0.0142835, -0.00492492
-0.0101993, 0.397634, -0.917487
-0.0111466, 0.917433, 0.397734

132
0.0175742, 0.0181537, 0.0321667
0.27211, 0.962204, 0.0109155
-0.669713, 0.197515, -0.715872
-0.690971, 0.187485, 0.698147

133
0.0576328, 0.0376774, 0.03175
0.999461, -0.0324115, 0.00524399
0.0313364, 0.98933, 0.14228
-0.00979955, -0.142039, 0.989813

134
0.0390788, 0.00830888, -0.0132539
-0.0205029, 0.999494, -0.0243111
-0.389309, -0.0303782, -0.920606
-0.920879, -0.00941053, 0.389735

135
0.048793, -0.0540095, 0.00549447
-0.999704, 0.0239188, 0.00449706
-0.0173894, -0.572714, -0.819571
-0.0170276, -0.819406, 0.57296

136
0.0770168, 0.00596493, 0.00521463
0.00120749, 0.999993, -0.0036629
-0.999112, 0.00105213, -0.0421223
-0.0421182, 0.0037105, 0.999106

137
-0.0900124, -0.024506, 0.0196604
0.164893, 0.00635272, -0.986291
-0.348469, -0.935113, -0.0642817
-0.922702, 0.354291, -0.15198

138
-0.00945158, 0.0107106, -0.0262765
0.0412469, -0.999149, 0.000791557
0.369, 0.0144968, -0.929316
0.928514, 0.0386235, 0.369284

139
-0.0869061, 0.0445481, 0.0118517
-0.188048, 0.00716454, 0.982134
0.0557328, 0.99844, 0.0033876
-0.980577, 0.0553741, -0.188154

140
-0.0906892, 0.00737071, -0.00887779
0.0412469, -0.999149, 0.000791557
0.716625, 0.0301357, 0.696808
-0.696238, -0.0281739, 0.717257

141
0.00195326, -0.0148817, -0.0160448
-0.999785, -0.0207016, 0.000946495
0.0123912, -0.633796, -0.773401
0.0166105, -0.773223, 0.633917

142
-0.0426107, 0.0032487, 0.0202037
0.0526106, 0.9926, 0.10944
0.498432, -0.121066, 0.858434
0.865331, 0.00938576, -0.501113

143
0.0368528, 0.0737409, -0.0119969
0.999975, 0.00705887, 0.000646957
-0.00459385, 0.714861, -0.699251
-0.00539841, 0.699231, 0.714876

144
0.0347918, 0.0132043, -0.0308347
0.0394574, -0.999219, -0.0020255
-0.561378, -0.0238447, 0.827216
-0.826618, -0.0315027, -0.561881

145
0.0434031, 0.0170387, 0.0472531
-0.999434, 0.0330791, 0.00609544
-0.0331653, -0.999343, -0.0146208
0.00560779, -0.0148147, 0.999875

146
0.0423434, 0.0163916, -0.00123239
-0.0928449, 0.995559, 0.0155426
-0.509264, -0.0340682, -0.859936
-0.855588, -0.087756, 0.510165

147
0.0582803, -0.0130883, -0.0289185
-0.997873, 0.0530312, -0.0378976
0.0161376, 0.764326, 0.644628
0.0631515, 0.642645, -0.763557

148
-0.0505438, -0.0126843, 0.00458049
-0.981458, 0.191673, -0.00128535
-0.177095, -0.909339, -0.376483
-0.0733302, -0.369274, 0.926423

149
0.0567849, -0.0495227, -0.0405275
-0.997873, 0.0530312, -0.0378976
0.0560658, 0.994879, -0.0840953
0.0332438, -0.0860412, -0.995737

150
-0.0317842, -0.0222311, 0.0010896
0.999952, 0.00808839, -0.00555747
-0.00963568, 0.916571, -0.399755
0.00186044, 0.399789, 0.916605

151
0.0440278, 0.00868443, 0.0430434
0.00552867, 0.999975, 0.00450096
-0.915667, 0.00687144, -0.401879
-0.4019, -0.00189953, 0.915682

152
-0.112887, -0.0186928, -0.00388532
0.0303363, -0.999523, 0.00584658
0.876633, 0.0294157, 0.48026
-0.480203, -0.00944399, 0.877107

153
0.059137, 0.00742849, -0.0124816
0.0317984, -0.999452, -0.00919826
-0.195015, 0.002822, -0.980796
0.980285, 0.0329816, -0.194818

154
-0.049346, -0.0822933, -0.000866971
0.028586, -0.00451323, 0.999581
-0.741246, -0.670988, 0.0181686
0.670625, -0.741455, -0.0225263

155
-0.0675487, -0.018813, 0.0118911
0.50543, 0.04857, -0.8615
-0.382556, -0.882312, -0.274184
-0.773429, 0.468152, -0.427366

156
-0.0733824, -0.0120958, 0.00279768
9.21246e-06, -0.999997, 0.00262136
0.95077, -0.000803594, -0.309896
0.309898, 0.00249517, 0.950767

157
-0.0456114, 0.0126025, 0.0273946
-0.3185, 0.015295, -0.9478
0.38702, 0.914835, -0.115292
0.865317, -0.403538, -0.297294

158
0.0496002, -0.0194433, 0.0010817
-0.999704, 0.0239188, 0.00449706
-0.0223861, -0.976201, 0.21571
0.00954955, 0.215545, 0.976447

159
-0.042409, 0.00228095, 0.00396279
0.00357918, -0.999643, -0.0264684
0.494156, 0.0247791, -0.86902
0.869366, -0.00996915, 0.494069

160
-0.0499354, -0.0156675, 0.016979
0.198977, -0.187103, -0.961977
-0.502846, -0.862029, 0.0636534
-0.841162, 0.471061, -0.265608

161
-0.0470459, 0.00338007, 0.00786148
-0.187621, -0.302158, 0.934612
-0.592558, 0.793681, 0.137642
-0.783373, -0.527987, -0.327957

162
0.044094, -0.0156842, -0.0383293
-0.0485099, -0.998548, -0.0234201
-0.711927, 0.0181205, 0.702019
-0.700576, 0.0507283, -0.711773

163
-0.061468, -3.78791e-05, -0.000148913
0.028586, -0.00451323, 0.999581
0.903239, -0.428239, -0.0277644
0.428185, 0.903654, -0.00816514

164
0.0268871, 0.00518155, 0.00594787
0.0117464, -0.999928, -0.00224139
0.173785, -0.000165951, 0.984784
-0.984714, -0.0119572, 0.17377

165
0.0336734, 0.0550108, -0.00583541
0.999867, 0.0158876, -0.00365666
-0.00990565, 0.413894, -0.910271
-0.0129486, 0.910186, 0.413996

166
-0.0227644, 0.0494602, 0.0114653
-0.616424, -0.0264677, -0.78697
-0.0899741, 0.995256, 0.0370027
0.782257, 0.0936162, -0.615881

167
0.0194197, -0.0131407, -0.00974856
-0.0310956, 0.999502, -0.005447
-0.699393, -0.0256515, -0.714277
-0.714061, -0.0184013, 0.699842

168
0.11196, 0.0324738, -0.0394559
0.241276, -0.969536, 0.0422546
-0.765295, -0.216862, -0.606048
0.596749, 0.113887, -0.794305

169
-0.0272903, 0.0301405, 0.0144088
-0.639119, -0.0265819, -0.768648
0.162523, 0.972166, -0.168756
0.75174, -0.232779, -0.61701

170
0.0430892, 0.0331571, 0.0437595
0.999886, 0.0142835, -0.00492492
-0.0150939, 0.929893, -0.367521
-0.000669844, 0.367553, 0.930002

171
-0.0362586, -0.0103608, 0.0105657
-0.134316, -0.375106, 0.917199
-0.884075, 0.463467, 0.0600778
-0.447627, -0.802804, -0.393873

172
-0.060913, 0.0384254, 0.0051374
-0.996435, -0.0832499, 0.0136648
0.0821302, -0.994268, -0.0684464
0.0192847, -0.0670801, 0.997561

173
-0.051556, 0.025341, -0.00943435
-0.975969, -0.217906, 0.00104537
0.154591, -0.688997, 0.708085
-0.153576, 0.691231, 0.706126

174
0.0344652, 0.0110267, 0.0472525
-0.998702, -0.0505728, 0.00607976
0.0504743, -0.998607, -0.0153807
0.00684914, -0.0150539, 0.999863

175
0.0478636, 0.00110874, -0.0257977
0.999395, -0.0344368, 0.00489368
-0.0239932, -0.580666, 0.813788
-0.0251827, -0.813413, -0.581141

176
-0.0253278, 0.0396606, 0.00524856
0.999932, -0.00410275, -0.0109189
0.00390944, 0.999836, -0.0176671
0.0109896, 0.0176232, 0.999784

177
-0.0425752, 0.0029046, 0.0310061
-0.0678621, -0.113914, -0.99117
-0.371271, 0.924994, -0.0808888
0.926041, 0.362504, -0.105065

178
-0.0413388, -0.0122608, -0.0602355
9.21246e-06, -0.999997, 0.00262136
-0.309898, -0.00249517, -0.950767
0.95077, -0.000803594, -0.309896

179
0.0126599, -0.0263812, -0.00928232
-0.997231, -0.0743271, -0.00234748
0.0543611, -0.707084, -0.705037
0.0507435, -0.703212, 0.709167

180
-0.0240201, 0.0300605, 0.0131013
-0.616424, -0.0264677, -0.78697
0.216232, 0.955322, -0.201502
0.757143, -0.294378, -0.58316

181
-0.0577143, -0.00543333, -0.028815
-0.996435, -0.0832499, 0.0136648
0.0136132, -0.318516, -0.94782
0.0832584, -0.944255, 0.318514

182
-0.0719249, -0.0374771, 0.00827135
0.50543, 0.04857, -0.8615
-0.0574574, -0.994304, -0.0897667
-0.860953, 0.0948703, -0.49976

183
0.00996723, 0.00986213, 0.00147434
0.999973, -0.00501126, 0.00543412
0.00670587, 0.924292, -0.381628
-0.00311027, 0.381654, 0.9243

184
-0.0463851, 0.0591485, 0.00214295
0.999945, -0.00678501, -0.00798409
0.00358859, 0.937699, -0.34743
0.00984399, 0.347382, 0.937672

185
0.114719, -0.0191266, -0.0378416
-0.0485099, -0.998548, -0.0234201
-0.700576, 0.0507283, -0.711773
0.711927, -0.0181205, -0.702019

186
-0.0609557, -0.00327389, 0.088181
0.0526106, 0.9926, 0.10944
-0.865331, -0.00938576, 0.501113
0.498432, -0.121066, 0.858434

187
-0.055488, -0.0232303, 0.00151102
0.999851, -0.0171817, -0.00136046
0.015377, 0.924907, -0.379883
0.00778535, 0.379805, 0.925034

188
-0.0360955, 0.00963241, 0.00117179
0.0412469, -0.999149, 0.000791557
0.917481, 0.0375617, -0.396003
0.395636, 0.0170601, 0.918249

189
-0.0807363, 0.00589084, 0.00427757
0.00989342, -0.999942, 0.00426292
0.980317, 0.0105397, 0.197148
-0.197181, 0.00222855, 0.980365

190
0.0418486, -0.000107742, 0.0314607
0.0683286, -0.995103, -0.0714282
0.0791684, 0.076778, -0.9939
0.994517, 0.062257, 0.0840268

191
-0.0536575, -0.0396187, 0.050868
-0.976235, -0.0167934, -0.216062
0.203098, -0.418714, -0.885116
-0.0756041, -0.907963, 0.412174

192
0.0339937, -0.0131331, -0.0318265
-0.240538, -0.969549, -0.0459955
-0.574203, 0.10393, 0.812089
-0.78258, 0.221749, -0.581718

193
0.0468914, 0.00323813, -0.0420354
0.999826, -0.0175076, -0.00650019
-0.0106049, -0.245753, -0.969274
0.0153723, 0.969174, -0.245896

194
-0.0551235, -0.000123437, -0.000830685
0.999886, 0.00617909, -0.0138008
0.00117111, 0.878307, 0.478095
0.0150756, -0.478057, 0.878199

195
0.00985075, -0.00927601, 0.00525857
0.999973, -0.00501126, 0.00543412
0.00500516, 0.999987, 0.00113561
-0.00543974, -0.00110838, 0.999985

196
-0.0374366, 0.0396252, 0.00478652
0.999958, 0.00120126, -0.00906271
-0.00243072, 0.990582, -0.136899
0.00881291, 0.136915, 0.990544

197
0.0232812, 0.00803191, 0.00116591
0.0147255, -0.999886, -0.00344768
0.0781739, -0.00228623, 0.996937
-0.996831, -0.0149499, 0.0781313

198
-0.0846985, 0.00676285, 0.0502358
-0.00331174, 0.999802, -0.0195961
-0.999717, -0.00284821, 0.0236349
0.0235744, 0.0196688, 0.999529

199
-0.0464912, 0.0398843, 0.00522192
0.999945, -0.00678501, -0.00798409
0.00708256, 0.999258, 0.0378485
0.00772137, -0.037903, 0.999252

200
0.0436327, -0.00510229, 0.0431337
0.999886, 0.0142835, -0.00492492
-0.0111466, 0.917433, 0.397734
0.0101993, -0.397634, 0.917487

201
-0.0558119, -0.0423732, 0.00525907
0.999851, -0.0171817, -0.00136046
0.0171858, 0.999848, 0.00302915
0.00130821, -0.00305208, 0.999994

202
-0.0548002, 0.0135236, -0.00517325
-0.0384067, -0.999261, 0.00147502
0.730771, -0.029094, -0.682003
0.681542, -0.0251156, 0.731348

203
0.0590424, 0.000724514, -0.0133315
-0.986842, 0.127861, -0.0989629
-0.00499951, -0.63591, -0.771747
-0.161608, -0.761098, 0.628182

204
0.00711351, 0.0284154, -0.0297106
0.999989, -0.00152635, 0.00446013
0.00471045, 0.360598, -0.932709
-0.000184672, 0.93272, 0.360602

205
-0.0260727, -0.0112124, -0.0438573
0.999932, -0.00410275, -0.0109189
0.0109896, 0.0176232, 0.999784
-0.00390944, -0.999836, 0.0176671

206
-0.0388877, 0.0086011, -0.0107343
-0.00287377, -0.999407, -0.0343272
0.0202379, 0.0342621, -0.999208
0.999791, -0.0035662, 0.0201274

207
-0.0430802, 0.00795909, 0.00830813
-0.00287377, -0.999407, -0.0343272
0.401301, 0.0302894, -0.915445
0.915942, -0.0164063, 0.400976

208
-0.0613359, -0.0274594, 0.0018144
0.999936, 0.0100146, 0.00517833
0.00314592, -0.688911, 0.724839
0.0108264, -0.724777, -0.688899

209
0.0358554, 0.0160737, -0.0196283
-0.0928449, 0.995559, 0.0155426
-0.143079, 0.00210786, -0.989709
-0.985347, -0.0941133, 0.142248

210
-0.0231336, -0.00394209, -0.0369865
-0.981894, 0.0585196, 0.180168
-0.142226, 0.400491, -0.905195
-0.125127, -0.91443, -0.384917

211
0.0571847, 0.00602044, -0.0449672
-0.996139, 0.0824627, -0.0301288
0.0857666, 0.840704, -0.53466
-0.0187601, -0.535179, -0.84453

212
-0.022228, -0.00616954, 0.0052551
-0.987709, -0.155762, 0.0129865
0.155762, -0.987794, -0.00101422
0.012986, 0.00102105, 0.999915

213
-0.0463539, 0.0757685, -0.00807363
0.999945, -0.00678501, -0.00798409
-0.000451708, 0.733384, -0.679815
0.010468, 0.679781, 0.73334

214
-0.0605063, -0.0150848, -0.00021434
-0.964875, 0.255859, 0.0595994
-0.161225, -0.755824, 0.634616
0.207419, 0.602716, 0.770526

215
0.0349308, -0.0290339, -0.0271947
0.999867, 0.0158876, -0.00365666
-0.00215166, 0.350932, 0.936399
0.0161604, -0.936266, 0.350919

216
-0.0243213, -0.0116031, -0.0117381
0.012278, -0.999913, 0.00473548
0.660052, 0.00454717, -0.751206
0.75112, 0.012349, 0.660051

217
0.0319239, 0.0574112, 0.0156415
-0.998702, -0.0505728, 0.00607976
0.0405338, -0.716766, 0.696134
-0.0308477, 0.695477, 0.717886

218
-0.0153566, -0.0467022, 0.0303738
-0.961801, -0.0525599, 0.268658
0.042617, -0.998178, -0.0427125
0.270414, -0.0296315, 0.962288

219
-0.109594, 0.0156428, 0.0037575
-0.0384067, -0.999261, 0.00147502
0.909316, -0.0343376, 0.414686
-0.414329, 0.017268, 0.909963

220
0.0337141, 0.051905, -0.00819923
0.999867, 0.0158876, -0.00365666
-0.0141068, 0.730702, -0.682551
-0.00817218, 0.682512, 0.730829

221
0.0555155, -0.0647459, -0.0284051
-0.997873, 0.0530312, -0.0378976
0.0521687, 0.301232, -0.952123
-0.0390762, -0.952075, -0.303358

222
-0.0524271, 0.0788044, -0.0349248
0.999935, -0.00744325, -0.00868235
-0.00705181, 0.196382, -0.980502
0.00900318, 0.980499, 0.196317

223
0.0389636, 0.0106548, 0.0114356
-0.0222188, -0.999743, 0.00441577
-0.0765548, -0.00270254, -0.997062
0.996818, -0.0224915, -0.0764751

224
0.0366345, 0.0107921, 0.0308046
-0.0222188, -0.999743, 0.00441577
0.310738, -0.011104, -0.950431
0.950236, -0.0197452, 0.310905

225
-0.0232695, -0.0626939, 0.0289567
0.405865, -0.700563, -0.586928
0.860526, 0.0766147, 0.503612
-0.307845, -0.709466, 0.633948

226
0.00702408, 0.0179657, -0.0132364
0.999989, -0.00152635, 0.00446013
0.00428122, 0.690086, -0.723715
-0.00197323, 0.723726, 0.690085

227
-0.0392453, 0.00628733, 0.0182927
-0.00331174, 0.999802, -0.0195961
-0.360795, 0.0170816, 0.932489
0.932639, 0.0101583, 0.360667

228
-0.0414995, 0.031643, 0.0263201
-0.3185, 0.015295, -0.9478
0.0264174, 0.999625, 0.00725401
0.947555, -0.022728, -0.318784

229
-0.0329601, -0.047712, -0.00117944
0.028586, -0.00451323, 0.999581
-0.0499367, -0.998748, -0.00308137
0.998343, -0.0498277, -0.0287756

230
-0.0388826, 0.0110879, -0.00597353
-0.00704196, -0.17772, -0.984056
0.0127822, 0.983984, -0.177799
0.999894, -0.0138305, -0.00465752

231
-0.0586575, -0.0119448, 0.0051548
0.012278, -0.999913, 0.00473548
0.997849, 0.0119474, -0.0644569
0.0643947, 0.0055167, 0.997909

232
-0.0612283, 0.00608402, 0.00431853
0.00989342, -0.999942, 0.00426292
0.981153, 0.00888461, -0.193029
0.19298, 0.00609229, 0.981184

233
0.0697735, -0.00885824, -0.052627
-0.00460073, -0.999965, -0.00695442
-0.997743, 0.00412443, 0.0670163
-0.0669853, 0.00724705, -0.997728

234
-0.0524503, -0.0150562, 0.0191332
0.999922, -0.0124328, -0.00130164
0.0091296, 0.797426, -0.603348
0.00853926, 0.603289, 0.797477

235
0.0101074, 0.0260951, -0.00934571
0.999973, -0.00501126, 0.00543412
0.00738566, 0.707881, -0.706293
-0.000307292, 0.706314, 0.707899

236
-0.0526575, -0.0326104, 0.0276425
0.999922, -0.0124328, -0.00130164
0.0117025, 0.967594, -0.252239
0.0043955, 0.252204, 0.967664

237
0.0433806, 0.0139654, 0.0472521
0.999886, 0.0142835, -0.00492492
-0.0142012, 0.999765, 0.0163512
0.00515731, -0.0162794, 0.999854

238
-0.0713768, 0.0141759, 0.00509278
-0.0384067, -0.999261, 0.00147502
0.935959, -0.0364906, -0.350214
0.350009, -0.01207, 0.936669

239
-0.0472314, -0.00818351, -0.0466331
0.999945, -0.00678501, -0.00798409
0.00772137, -0.037903, 0.999252
-0.00708256, -0.999258, -0.0378485

240
0.0854862, 0.0100026, 0.0172431
-0.0205029, 0.999494, -0.0243111
-0.999763, -0.0203194, 0.00776743
0.00726952, 0.0244646, 0.999674

241
-0.0368653, -0.0166294, 0.0359188
0.0486271, 0.436444, 0.898416
0.191747, -0.886829, 0.420437
0.980239, 0.151824, -0.126811

242
-0.0748613, -0.0175145, 0.0002495
0.0303363, -0.999523, 0.00584658
0.959428, 0.0274779, -0.280613
0.280319, 0.0141221, 0.959803

243
0.0388006, 0.00737266, -0.0515098
-0.0205029, 0.999494, -0.0243111
0.375877, -0.0148264, -0.926551
-0.926443, -0.0281349, -0.375383

244
-0.0378209, 0.0811581, -0.0321113
0.999958, 0.00120126, -0.00906271
-0.00907226, 0.252586, -0.967532
0.00112686, 0.967574, 0.252586

245
-0.020046, 0.0102862, -0.00990027
0.0412469, -0.999149, 0.000791557
0.696238, 0.0281739, -0.717257
0.716625, 0.0301357, 0.696808

246
-0.0499212, -0.0172215, -0.0790683
0.0303363, -0.999523, 0.00584658
-0.626138, -0.0235625, -0.779356
0.779122, 0.019982, -0.626554

247
-0.0165105, 0.0294088, 0.0184972
-0.0620677, -0.0198618, -0.997874
0.245789, 0.968707, -0.0345693
0.967334, -0.247412, -0.0552436

248
0.0370943, 0.0382268, 0.00225628
0.999975, 0.00705887, 0.000646957
-0.00706559, 0.999914, 0.0110484
-0.000568912, -0.0110527, 0.999939

249
0.0546045, 0.0333389, -0.0151542
0.191564, -0.981213, -0.0228851
-0.247981, -0.0258271, -0.96842
0.949636, 0.19119, -0.24827

250
0.0544272, -0.0158654, -0.0136962
-0.996139, 0.0824627, -0.0301288
0.0473807, 0.216038, -0.975235
-0.0739115, -0.972896, -0.219111

251
-0.070682, 0.00712847, 0.0348019
-0.00287377, -0.999407, -0.0343272
0.931431, 0.00981682, -0.363785
0.363906, -0.0330188, 0.93085

252
0.0556151, -0.00802883, -0.0315226
-0.996139, 0.0824627, -0.0301288
0.0720588, 0.571905, -0.817149
-0.0501535, -0.816165, -0.575639

253
-0.0358043, -0.0284121, -0.00101096
0.028586, -0.00451323, 0.999581
0.335914, -0.941791, -0.0138588
0.941459, 0.336169, -0.025406

254
0.101093, -0.0106836, -0.0251363
-0.0310956, 0.999502, -0.005447
-0.39206, -0.00718415, 0.919912
0.919414, 0.0307407, 0.392088

255
-0.0252578, 0.0127272, 0.00146881
-0.987709, -0.155762, 0.0129865
0.148875, -0.912212, 0.381714
-0.0476101, 0.378956, 0.924189

256
-0.0497051, -0.0145754, 0.0241549
0.219563, -0.211929, -0.952302
-0.590552, -0.805844, 0.0431776
-0.776557, 0.552903, -0.302088

257
-0.0536532, -0.0286783, -0.00614918
-0.981458, 0.191673, -0.00128535
-0.135552, -0.698805, -0.702351
-0.13552, -0.689154, 0.711829

258
-0.0208234, -0.0109773, 0.0177915
-0.961801, -0.0525599, 0.268658
0.221346, -0.726771, 0.650238
0.161077, 0.684866, 0.710643

259
-0.0374403, 0.0197619, 0.00476251
0.999896, 0.0125774, -0.00704219
-0.0114641, 0.990022, 0.140446
0.00873837, -0.140351, 0.990063

260
-0.0577221, -0.00770303, 0.0217992
-0.0620677, -0.0198618, -0.997874
0.98776, 0.142129, -0.0642676
0.143103, -0.989649, 0.010797

261
-0.020046, 0.0102862, -0.00990027
0.0412469, -0.999149, 0.000791557
0.696238, 0.0281739, -0.717257
0.716625, 0.0301357, 0.696808

262
-0.0595632, 0.0107034, 0.0736406
-0.976235, -0.0167934, -0.216062
0.0901519, -0.938102, -0.33442
-0.197072, -0.345951, 0.917322

263
0.0470412, -0.00226642, -0.00416536
0.999826, -0.0175076, -0.00650019
0.00337106, 0.511536, -0.859255
0.0183686, 0.859083, 0.511506

264
-0.0270417, 0.049628, 0.0135282
-0.639119, -0.0265819, -0.768648
-0.137526, 0.987245, 0.0802094
0.756712, 0.156973, -0.634623

265
0.0446091, 0.0599684, 0.01202
-0.999434, 0.0330791, 0.00609544
-0.0194861, -0.717118, 0.69668
0.0274167, 0.696167, 0.717357

266
-0.0389958, -0.0161741, 0.0329537
-0.0678621, -0.113914, -0.99117
0.0113706, 0.993308, -0.114938
0.99763, -0.0190702, -0.0661127

267
-0.0310392, 0.0129016, 0.0191764
-0.616424, -0.0264677, -0.78697
0.489518, 0.769949, -0.409329
0.616761, -0.637556, -0.461659

268
-0.0453697, -0.0411257, 0.0135383
-0.976235, -0.0167934, -0.216062
0.197072, 0.345951, -0.917322
0.0901519, -0.938102, -0.33442

269
-0.0553029, 0.0379304, 0.00321161
0.999886, 0.00617909, -0.0138008
-0.00983193, 0.959094, -0.282916
0.0114881, 0.28302, 0.959045

270
0.0251532, -0.0127061, 0.00540421
-0.240538, -0.969549, -0.0459955
0.147345, -0.0833106, 0.98557
-0.959391, 0.23029, 0.162897

271
-0.0575704, -0.0170425, -0.00877283
0.0303363, -0.999523, 0.00584658
0.779122, 0.019982, -0.626554
0.626138, 0.0235625, 0.779356

272
-0.0605122, -0.0169666, 0.00469802
0.0119635, -0.999651, 0.023573
0.989019, 0.00835681, -0.14755
0.147302, 0.0250794, 0.988774

273
-0.055018, 0.00777179, -0.0445892
0.999851, -0.0171817, -0.00136046
-0.00130821, 0.00305208, -0.999994
0.0171858, 0.999848, 0.00302915

274
0.0343646, 0.0185795, -0.0556259
0.999983, -0.00539807, -0.00197751
-0.00310524, -0.217691, -0.976013
0.0048381, 0.976003, -0.217704

275
0.0557191, 0.000409964, -0.00591552
-0.963424, 0.251402, -0.092802
-0.140703, -0.769267, -0.623242
-0.228074, -0.587389, 0.776503

276
-0.0495256, -0.0393036, 0.0426203
-0.990456, -0.00845219, 0.137569
-0.120429, -0.432364, -0.893621
0.0670327, -0.90166, 0.427219

277
0.0503396, 0.0189983, -0.0390216
-0.999704, 0.0239188, 0.00449706
0.000255843, -0.174438, 0.984668
0.0243365, 0.984378, 0.17438

278
0.0433103, -0.0766266, -0.0120467
0.0385622, -0.132613, -0.990417
0.629247, -0.766732, 0.127163
-0.776248, -0.628121, 0.0538797

279
-0.0254864, 0.085303, -0.0264267
0.999932, -0.00410275, -0.0109189
-0.00865695, 0.366339, -0.930441
0.00781738, 0.930472, 0.366279

280
0.0550511, -0.0181394, -0.0367306
-0.379772, -0.92262, -0.0674195
-0.702888, 0.240406, 0.669442
-0.601433, 0.301624, -0.739799

281
-0.0406639, -0.00814259, 0.02109
-0.188048, 0.00716454, 0.982134
-0.980577, 0.0553741, -0.188154
-0.0557328, -0.99844, -0.0033876

282
0.104793, 0.00620803, -0.0437017
0.0117464, -0.999928, -0.00224139
-0.819182, -0.00833766, -0.573473
0.573413, 0.00857235, -0.819221

283
0.00738965, 0.0212194, 0.0158119
0.27211, 0.962204, 0.0109155
-0.354311, 0.110732, -0.928548
-0.894662, 0.2488, 0.371051

284
-0.0464156, 0.0037333, -0.0514305
0.00357918, -0.999643, -0.0264684
-0.614084, 0.0186928, -0.78902
0.789233, 0.0190779, -0.613798

285
0.110063, 0.003327, -0.0472019
0.0151006, -0.999881, -0.00302967
-0.82916, -0.0108288, -0.558907
0.558808, 0.0109519, -0.829225

286
-0.0218614, 0.0063064, -0.0348833
0.00989342, -0.999942, 0.00426292
0.197181, -0.00222855, -0.980365
0.980317, 0.0105397, 0.197148

287
-0.0789385, -0.0830118, -0.00700987
-0.964875, 0.255859, 0.0595994
-0.207419, -0.602716, -0.770526
-0.161225, -0.755824, 0.634616

288
0.0340152, 0.035326, 0.00207927
0.999867, 0.0158876, -0.00365666
-0.0161604, 0.936266, -0.350919
-0.00215166, 0.350932, 0.936399

289
-0.0258415, 0.0427828, -0.0669203
-0.981894, 0.0585196, 0.180168
0.0611751, 0.998085, 0.0092133
-0.179284, 0.0200683, -0.983593

290
0.0378754, 0.0256116, -0.0202488
-0.0263263, -0.0776767, 0.996631
-0.326163, 0.943084, 0.0648876
-0.944947, -0.323356, -0.0501632

291
0.0334733, 0.0301915, 0.0437413
-0.998702, -0.0505728, 0.00607976
0.0492533, -0.928353, 0.368421
-0.0129879, 0.368242, 0.929639

292
-0.0314138, -0.00301661, 0.00525678
-0.954765, -0.297192, 0.0100629
0.297218, -0.954809, 0.00114024
0.00926926, 0.00407952, 0.999949

293
-0.0184263, -0.0178028, -0.0521182
0.0119635, -0.999651, 0.023573
-0.147302, -0.0250794, -0.988774
0.989019, 0.00835681, -0.14755

294
0.0404439, 0.0020663, 0.0218703
0.0151006, -0.999881, -0.00302967
0.552197, 0.00581339, 0.833693
-0.833577, -0.0142622, 0.55222

295
-0.037693, 0.0392393, 0.00368162
0.999896, 0.0125774, -0.00704219
-0.0139354, 0.968371, -0.249126
0.0036861, 0.249198, 0.968446

296
-0.0248952, 0.0118151, 0.0193689
-0.0620677, -0.0198618, -0.997874
0.597262, 0.800288, -0.0530787
