0
-0.0191654, -0.0187035, -0.00190302
-0.99671, 0.0760237, 0.0280893
-0.0331451, -0.0660798, -0.997264
-0.0739596, -0.994914, 0.0683822

1
-0.0124526, -0.0194584, 0.00480375
-0.985887, 0.0832975, -0.145218
0.128431, -0.180105, -0.975227
-0.107388, -0.980114, 0.166865

2
-0.0120662, -0.0201818, -0.00563998
-0.991027, 0.131363, 0.0246799
0.0128219, 0.277226, -0.960719
-0.133045, -0.951782, -0.276423

3
-0.0642303, -0.0164252, 0.0176192
-0.997695, 0.0673905, -0.00791877
-0.0245933, -0.467905, -0.883437
-0.0632405, -0.881206, 0.468484

4
0.0371179, 0.00614147, -0.00374046
0.999923, -0.00621738, -0.0107609
-0.0106252, 0.0214706, -0.999713
0.00644664, 0.99975, 0.0214029

5
-0.0117018, -0.0183514, 0.00105531
-0.986795, 0.109485, 0.119365
-0.102795, 0.146192, -0.983901
-0.125173, -0.983179, -0.133007

6
-0.0110409, -0.0149272, 0.00756163
-0.991027, 0.131363, 0.0246799
-0.0850106, -0.476983, -0.874792
-0.103144, -0.86904, 0.483871

7
-0.018616, -0.0156728, 0.00938991
-0.99671, 0.0760237, 0.0280893
-0.0589252, -0.441787, -0.895183
-0.0556457, -0.893893, 0.444813

8
-0.0107958, -0.0183036, -0.00578199
-0.985887, 0.0832975, -0.145218
0.15975, 0.208678, -0.964849
-0.0500657, -0.974431, -0.21904

9
0.0341239, 0.00680406, -0.00576517
0.999885, -0.0111051, 0.0103752
0.00564836, -0.362241, -0.932067
0.014109, 0.932018, -0.362137

10
-0.00610626, -0.0156, -0.0186519
0.949465, -0.019315, -0.313277
0.271344, -0.451156, 0.850194
-0.157758, -0.892236, -0.423116

11
0.0341078, 0.00714245, -0.00384391
0.999885, -0.0111051, 0.0103752
0.0106177, 0.0220005, -0.999702
0.0108735, 0.999696, 0.0221159

12
-0.0590462, 0.0213783, -0.0111086
-0.987063, -0.0899962, 0.132696
0.0958559, 0.332195, 0.938327
-0.128527, 0.938907, -0.319271

13
-0.0143341, -0.0201542, -0.00696335
-0.993415, 0.110434, 0.0305096
-0.00468216, 0.226939, -0.973898
-0.114475, -0.967627, -0.224928

14
0.00165957, 0.019596, -0.0111271
-0.949172, -0.0676552, 0.3074
0.304898, 0.044889, 0.951326
-0.078161, 0.996698, -0.0219794

15
0.0370723, 0.00546262, -0.00758249
0.999923, -0.00621738, -0.0107609
-0.0122834, -0.362752, -0.931805
0.00188985, 0.931865, -0.3628

16
-0.0250155, -0.0186461, -0.000830598
-0.996959, 0.0651038, 0.0428254
-0.0362842, 0.0985322, -0.994472
-0.0689636, -0.993002, -0.0958704

17
-0.0760336, -0.0182399, 3.30474e-05
-0.985882, -0.0752209, -0.149598
0.146152, 0.0494316, -0.988026
0.0817151, -0.995941, -0.03774

18
0.081551, 0.00282616, -0.00910268
-0.998951, 0.00601279, 0.0453849
0.0441105, 0.391797, 0.918994
-0.0122559, 0.920032, -0.391651

19
-0.00865321, 0.0150799, 0.00933356
0.991407, 0.130799, 0.00201766
-0.0429766, 0.340237, -0.939357
-0.123553, 0.931198, 0.342935

20
0.0881097, 0.00614373, -0.000994189
0.999907, -0.00568388, -0.0123603
-0.0123826, -0.0039001, -0.999916
0.00563519, 0.999976, -0.00397012

21
0.0341294, 0.00575621, -0.00741077
0.999885, -0.0111051, 0.0103752
-0.000180895, -0.691335, -0.722534
0.0151966, 0.722449, -0.691257

22
-0.0193538, -0.020387, -0.00403307
-0.99671, 0.0760237, 0.0280893
-0.00231899, 0.319687, -0.94752
-0.0810138, -0.944468, -0.318459

23
-0.013371, -0.0186898, -0.0124337
-0.986795, 0.109485, 0.119365
-0.0470688, 0.51131, -0.858106
-0.154982, -0.852394, -0.499405

24
-0.00300605, -0.016288, -0.00921348
0.949465, -0.019315, -0.313277
0.311061, -0.0753701, 0.947397
-0.0419107, -0.996969, -0.0655532

25
-0.010747, -0.0183428, 0.00409468
-0.967643, 0.0659788, 0.243546
-0.252077, -0.209989, -0.944649
-0.0111848, -0.975475, 0.219826

26
-0.00886446, 0.0168595, -0.00223386
0.991407, 0.130799, 0.00201766
0.00757653, -0.0420157, -0.999088
-0.130595, 0.990518, -0.0426457

27
-0.0136742, -0.0213867, 0.00351781
-0.981946, 0.0633704, 0.178232
-0.16588, 0.164403, -0.972345
-0.0909199, -0.984355, -0.150923

28
0.0371536, 0.00529829, 6.89857e-05
0.999923, -0.00621738, -0.0107609
-0.00734934, 0.402424, -0.915424
0.010022, 0.915432, 0.402347

29
-0.00582095, 0.0152051, 1.54919e-05
0.946394, 0.00547147, -0.322969
-0.321319, -0.0863779, -0.943023
-0.0330571, 0.996247, -0.0799894

30
0.0692684, 0.00419249, -0.0111415
-0.998096, 0.00533045, 0.0614566
0.0582784, 0.408079, 0.911085
-0.0202227, 0.912931, -0.407612

31
0.0526652, 0.000138511, 0.0081926
-0.997926, 0.00611291, 0.0640825
0.0200065, -0.916733, 0.399
0.0611856, 0.399454, 0.914709

32
0.056038, 0.00615512, 0.00515272
-0.994482, 0.00637463, 0.104712
0.036196, -0.916005, 0.39953
0.0984635, 0.401115, 0.91072

33
-0.011283, -0.015375, 0.00178746
-0.986795, 0.109485, 0.119365
-0.142872, -0.241183, -0.959905
-0.0763064, -0.964284, 0.25364

34
-0.000810285, -0.0183427, -0.00243197
0.949465, -0.019315, -0.313277
0.303422, 0.31189, 0.900366
0.0803175, -0.949922, 0.30199

35
0.0669209, 0.0052692, -0.00504259
-0.999074, 0.00465229, 0.0427724
0.0409327, 0.408999, 0.911616
-0.0132528, 0.912523, -0.408811

36
0.0340833, 0.00671987, -0.00193948
0.999885, -0.0111051, 0.0103752
0.0139706, 0.402893, -0.91514
0.00598261, 0.91518, 0.403002

37
-0.00609282, 0.0184758, 0.000107328
-0.990682, -0.132207, 0.0327069
0.0764164, -0.340807, 0.937022
-0.112735, 0.930791, 0.347735

38
-0.0751326, -0.0194493, -0.0157
-0.984758, 0.0344535, -0.170485
0.12795, 0.807452, -0.57589
0.117817, -0.588926, -0.799553

39
0.0251712, 0.0121428, -0.00385983
0.999833, -0.0119119, 0.0138908
0.0140019, 0.00930063, -0.999859
0.011781, 0.999886, 0.00946586

40
-0.0675468, 0.00400801, 0.0217847
0.999245, 0.0322889, -0.0215996
-0.038846, 0.835182, -0.5486
0.000325937, 0.549025, 0.835806

41
-0.0109001, -0.0190778, 0.00199647
-0.957004, 0.0526268, -0.285261
0.268889, -0.207975, -0.940449
-0.10882, -0.976717, 0.184882

42
-0.0161084, -0.0214839, -0.00985823
-0.981946, 0.0633704, 0.178232
-0.118459, 0.528585, -0.840574
-0.147478, -0.846511, -0.511535

43
-0.0290686, 0.0183669, -0.0118729
-0.991456, -0.0503238, 0.120343
0.112099, 0.143026, 0.98335
-0.066698, 0.988439, -0.136162

44
-0.0737209, 0.02319, -0.00427349
-0.995964, -0.0139533, 0.0886574
0.0895712, -0.216649, 0.972132
0.00564315, 0.97615, 0.217025

45
-0.0123975, -0.0169536, 0.00586652
-0.985887, 0.0832975, -0.145218
0.0775586, -0.541469, -0.837136
-0.148362, -0.836584, 0.527367

46
0.049327, -0.000771012, 0.0070373
-0.998489, 0.00606214, 0.0546214
-0.00512341, -0.999837, 0.0173099
0.0547174, 0.0170039, 0.998357

47
-0.00528429, -0.0167214, 0.00964644
-0.988751, 0.139225, 0.0546571
-0.0999651, -0.343309, -0.933888
-0.111256, -0.928846, 0.353364

48
-0.0151606, -0.0152284, -0.0188522
0.949644, -0.0202226, -0.312679
0.26854, -0.461637, 0.845445
-0.161441, -0.886838, -0.43296

49
-0.0658146, 0.0192595, 0.000264425
0.999302, 0.0180053, -0.0327361
-0.029509, -0.157023, -0.987154
-0.0229143, 0.987431, -0.156382

50
-0.00183758, 0.0166942, -0.00653021
-0.965517, -0.072898, -0.249926
-0.260082, 0.227289, 0.938455
-0.011606, 0.971095, -0.238411

51
-0.0724985, -0.00882265, -0.0213256
0.999143, 0.0264313, 0.0318478
-0.000983235, -0.754133, 0.65672
0.0413755, -0.656189, -0.753461

52
0.0881528, 0.00539747, 0.00283535
0.999907, -0.00568388, -0.0123603
-0.00928353, 0.379071, -0.925321
0.00994485, 0.92535, 0.378983

53
-0.0603027, 0.0196231, 0.00799709
0.994005, 0.101596, 0.0404096
-0.00975305, 0.4505, -0.892723
-0.108902, 0.886977, 0.44879

54
0.0430223, 0.00538363, 0.00287013
-0.99977, 0.00525228, -0.0208048
-0.0212317, -0.382438, 0.923737
-0.0031048, 0.923966, 0.382461

55
-0.0315221, -0.0182253, 0.000246883
-0.956065, 0.040545, 0.290338
-0.292816, -0.179729, -0.939125
0.0141054, -0.98288, 0.183705

56
-0.0523482, 0.0154397, 0.0212703
0.979929, 0.182065, 0.0811892
-0.0698683, 0.695116, -0.715494
-0.186702, 0.695461, 0.693885

57
-0.0639072, -0.0112588, 0.0208815
-0.997695, 0.0673905, -0.00791877
-0.0469223, -0.76951, -0.636908
-0.0490151, -0.635069, 0.770899

58
-0.00995417, -0.0147391, 0.0121896
-0.986795, 0.109485, 0.119365
-0.161198, -0.591839, -0.789773
-0.0158233, -0.798586, 0.601673

59
-0.0758128, 0.0125421, -0.0169001
-0.985882, -0.0752209, -0.149598
-0.161126, 0.669283, 0.725326
0.0455635, 0.73919, -0.671954

60
-0.00650713, -0.0199829, -0.004167
-0.988751, 0.139225, 0.0546571
0.00798378, 0.414038, -0.910225
-0.149356, -0.899549, -0.410492

61
-0.0707775, 0.00942871, -0.0241395
-0.999563, -0.0177742, -0.023619
-0.0267928, 0.88231, 0.469905
0.0124871, 0.470333, -0.882401

62
-0.0716771, 0.0179845, -0.0170171
0.997472, -0.00311105, 0.0709923
0.049907, -0.68051, -0.731037
0.0505853, 0.732732, -0.678635

63
-0.00595911, 0.0141186, -0.0134552
-0.990682, -0.132207, 0.0327069
-0.0256808, 0.417181, 0.90846
-0.13375, 0.899156, -0.416689

64
0.0760987, 0.00614178, -0.00415876
-0.99887, 0.00548805, 0.0472112
0.047313, 0.0201907, 0.998676
0.00452755, 0.999781, -0.0204276

65
-0.0688778, -0.0196869, 0.00367424
-0.999115, 0.0411325, -0.00877687
0.00938182, 0.0145376, -0.99985
-0.0409987, -0.999048, -0.0149106

66
-0.0290962, -0.0140635, 0.00765431
-0.956065, 0.040545, 0.290338
-0.265129, -0.54218, -0.797338
0.125088, -0.839284, 0.529109

67
-0.00201358, -0.0196138, 0.000927105
0.946436, -0.047111, 0.319437
-0.307056, 0.174704, 0.935519
-0.0998801, -0.983493, 0.15088

68
-0.0720117, -0.0278742, -0.0234765
-0.531299, -0.667111, 0.522192
-0.556583, -0.189838, -0.808812
0.638699, -0.720364, -0.270441

69
0.0371741, 0.00306145, 0.00326589
0.999923, -0.00621738, -0.0107609
-0.00295465, 0.722112, -0.69177
0.0120716, 0.691748, 0.722038

70
0.0523743, -0.00376489, 0.00403437
-0.997926, 0.00611291, 0.0640825
-0.00493112, -0.999815, 0.0185836
0.0641842, 0.0182291, 0.997772

71
0.0848572, 0.00535903, -0.00483316
-0.997905, 0.00587329, 0.064429
0.0616498, 0.388318, 0.919461
-0.0196187, 0.921507, -0.387867

72
-0.0731486, -0.0216038, 0.0096779
0.999143, 0.0264313, 0.0318478
-0.0413755, 0.656189, 0.753461
-0.000983235, -0.754133, 0.65672

73
0.00397016, -0.0186884, -0.00167623
-0.983756, 0.0980346, 0.150378
-0.147179, 0.0391221, -0.988336
-0.102774, -0.994414, -0.024058

74
0.0881893, 6.74438e-06, 0.00826834
0.999907, -0.00568388, -0.0123603
0.000467626, 0.922365, -0.386319
0.0135965, 0.386278, 0.922282

75
-0.0592394, 0.00440362, 0.0201072
0.994005, 0.101596, 0.0404096
-0.0839018, 0.945739, -0.313909
-0.0701089, 0.308636, 0.948593

76
0.0757284, 0.00744123, -0.00544113
-0.998761, 0.00550419, 0.049456
0.0440617, -0.364043, 0.930339
0.0231249, 0.931366, 0.363349

77
0.0253269, 0.012848, -0.0144592
0.999833, -0.0119119, 0.0138908
0.00157041, -0.700449, -0.7137
0.0182313, 0.713603, -0.700314

78
-0.0661693, -0.00261662, -0.0322593
-0.860696, -0.157764, -0.484059
-0.158285, 0.986579, -0.0401014
0.483889, 0.042104, -0.874116

79
0.000708811, 0.0191168, -0.00143613
0.940685, -0.00353368, -0.339263
-0.339273, -0.00270118, -0.940684
0.00240767, 0.99999, -0.00373984

80
-0.0643357, -0.0196669, 0.00331632
-0.997695, 0.0673905, -0.00791877
0.00147986, -0.0950646, -0.99547
-0.067838, -0.993187, 0.0947458

81
0.0814107, 0.00200408, -0.0120813
-0.998951, 0.00601279, 0.0453849
0.0360626, 0.714054, 0.699161
-0.0282033, 0.700065, -0.713522

82
-0.0154488, -0.0177921, 0.000412224
-0.954241, 0.0132045, -0.298747
0.292291, -0.16985, -0.941125
-0.0631693, -0.985381, 0.158218

83
0.0822337, 0.00571424, 0.00554132
-0.998951, 0.00601279, 0.0453849
0.0282033, -0.700065, 0.713522
0.0360626, 0.714054, 0.699161

84
-0.0726474, -0.0200672, -0.00732019
0.999143, 0.0264313, 0.0318478
-0.0299521, -0.0692571, 0.997149
0.0285616, -0.997249, -0.0684061

85
-0.00319327, 0.0182278, 0.00776658
0.946394, 0.00547147, -0.322969
-0.309511, 0.301445, -0.90185
0.0924228, 0.953468, 0.286979

86
0.00146503, -0.0183928, -0.00919934
0.946436, -0.047111, 0.319437
-0.321905, -0.214961, 0.922046
0.0252281, -0.975486, -0.218612

87
0.0561016, 0.00234439, 0.0059884
-0.994482, 0.00637463, 0.104712
-0.00423957, -0.999779, 0.0205997
0.10482, 0.0200421, 0.994289

88
0.0973745, 0.00538241, -0.00476867
-0.997518, 0.00569766, -0.0701828
-0.0626648, 0.382726, 0.921734
0.0321125, 0.923845, -0.381419

89
-0.0630812, 0.0195642, -0.0140751
0.99761, -0.0362369, -0.058833
-0.0673676, -0.699403, -0.711546
-0.0153637, 0.713809, -0.700172

90
-0.0658279, -0.0163898, -0.0197499
0.999302, 0.0180053, -0.0327361
0.0370689, -0.587187, 0.808602
-0.00466314, -0.809251, -0.587445

91
0.0979911, 0.00920772, -0.00328921
-0.987187, 0.00574108, -0.159462
-0.149512, -0.382393, 0.911823
-0.0557421, 0.923982, 0.378352

92
-0.00744832, 0.0150334, 0.00880728
0.940458, 0.0285327, 0.33871
0.331576, 0.142295, -0.932636
-0.0748075, 0.989413, 0.124362

93
-0.00977626, 0.0137546, 0.0135851
0.941023, 0.0114796, 0.338149
0.296208, 0.455054, -0.839754
-0.163516, 0.89039, 0.424816

94
-0.0635407, -0.0208585, 0.00303053
0.99761, -0.0362369, -0.058833
0.068119, 0.373001, 0.925327
-0.0115862, -0.927123, 0.374578

95
-0.0724463, -0.00645203, -0.0249304
0.999143, 0.0264313, 0.0318478
0.0149253, -0.947841, 0.318393
0.0386022, -0.317645, -0.947424

96
-0.00230355, -0.017466, 0.00431852
0.946099, -0.0571731, 0.31879
-0.244939, 0.517674, 0.819768
-0.211898, -0.853666, 0.475767

97
-0.0358444, -0.0206291, -0.0136502
-0.956065, 0.040545, 0.290338
-0.217026, 0.567914, -0.793961
-0.197078, -0.822089, -0.534163

98
-0.0348252, -0.0194691, -0.00705279
0.94388, -0.020705, -0.329638
0.329088, 0.143943, 0.933264
0.0281259, -0.989369, 0.142679

99
0.00206506, -0.016429, -0.0156121
-0.983756, 0.0980346, 0.150378
-0.0313992, 0.73082, -0.681847
-0.176744, -0.675493, -0.71587

100
-0.0117024, -0.0138999, 0.0117195
-0.981946, 0.0633704, 0.178232
-0.181585, -0.579794, -0.794271
0.0530045, -0.812295, 0.580833

101
-0.0132757, -0.0141966, 0.00593356
-0.993415, 0.110434, 0.0305096
-0.0842571, -0.523745, -0.847698
-0.0776356, -0.844686, 0.529601

102
-0.00642563, 0.0144855, 0.00423591
0.941023, 0.0114796, 0.338149
0.336235, 0.0796775, -0.938401
-0.0377154, 0.996755, 0.0711184

103
0.0670077, 0.00670659, -0.00299909
-0.999477, 0.00434912, 0.0320314
0.0310079, 0.408999, 0.912008
-0.00913439, 0.912524, -0.408921

104
-0.0106888, -0.0200376, 0.00111064
-0.957004, 0.0526268, -0.285261
0.290065, 0.18163, -0.939613
0.00236296, -0.981958, -0.189085

105
0.000944418, 0.0190985, 0.00144594
0.948601, -0.00443728, -0.316443
-0.316461, -0.00450871, -0.948595
0.00278243, 0.99998, -0.00568119

106
-0.0724326, -0.0216494, -0.0127461
0.999143, 0.0264313, 0.0318478
-0.0167421, -0.445616, 0.895068
0.0378497, -0.894834, -0.444791

107
-0.0660966, -0.0157551, -0.0142687
0.999281, -0.00599993, -0.0374289
0.0318967, -0.40043, 0.915772
-0.0204822, -0.916308, -0.399951

108
-0.0726522, -0.0253834, -0.00275919
0.999143, 0.0264313, 0.0318478
-0.0386022, 0.317645, 0.947424
0.0149253, -0.947841, 0.318393

109
-0.0726261, -0.0198243, -0.0101731
0.999329, 0.0244918, 0.0272184
-0.0158371, -0.381108, 0.924395
0.0330132, -0.924206, -0.380465

110
0.0759142, 0.00530348, -0.00796498
-0.99887, 0.00548805, 0.0472112
0.0454441, 0.401253, 0.914839
-0.013923, 0.915951, -0.401049

111
-0.0757521, -0.0316758, -0.0219893
-0.63231, 0.283493, -0.720982
0.588453, 0.781061, -0.208964
0.503891, -0.556395, -0.660695

112
-0.0735295, -0.0228135, -0.00907072
0.987503, 0.130637, 0.0881551
-0.0617942, -0.193616, 0.979129
0.144978, -0.972341, -0.183123

113
-0.00449038, 0.0174584, 0.000390031
0.940458, 0.0285327, 0.33871
0.334964, -0.247168, -0.909234
0.0577754, 0.968552, -0.242009

114
0.0971342, 0.0102859, 0.00205416
-0.987187, 0.00574108, -0.159462
-0.116799, -0.706877, 0.697626
-0.108715, 0.707313, 0.698491

115
0.0340543, 0.00560065, -0.000341817
0.999885, -0.0111051, 0.0103752
0.0151966, 0.722449, -0.691257
0.000180895, 0.691335, 0.722534

116
0.0759313, 0.00530274, -0.00196722
-0.999074, 0.00538477, 0.0426758
0.0412466, 0.401423, 0.914964
-0.0122042, 0.915877, -0.401273

117
0.0757508, 0.00307072, -0.0111606
-0.99887, 0.00548805, 0.0472112
0.0366568, 0.721229, 0.691726
-0.0302538, 0.692675, -0.720615

118
-0.014462, -0.0211948, -0.00989293
-0.967643, 0.0659788, 0.243546
-0.170336, 0.54128, -0.823409
-0.186154, -0.83825, -0.512527

119
0.00750226, 0.0110561, 0.00703403
0.910644, 0.0229789, -0.412553
-0.329361, 0.643266, -0.69118
0.249499, 0.765298, 0.593355

120
-0.0654697, -0.0186471, -0.0100574
0.999302, 0.0180053, -0.0327361
0.0360317, -0.232803, 0.971856
0.00987745, -0.972357, -0.233289

121
-0.0630581, 0.0184016, 0.00416376
0.998544, -0.00766139, 0.0533959
0.0539172, 0.172157, -0.983593
-0.00165679, 0.98504, 0.17232

122
-0.0718069, 0.0186423, 0.0124918
-0.999563, -0.0177742, -0.023619
-0.00128345, -0.772176, 0.635407
-0.0295319, 0.63516, 0.771816

123
-0.00601777, -0.0118726, 0.0139325
0.946436, -0.047111, 0.319437
-0.146496, 0.818969, 0.554823
-0.287747, -0.571901, 0.7682

124
-0.0670504, 0.0209803, -0.0137647
-0.999115, 0.0411325, -0.00877687
0.00702187, 0.368888, 0.929447
0.0414682, 0.928563, -0.368851

125
-0.0728186, -0.0178613, -0.00487211
0.999329, 0.0244918, 0.0272184
-0.0272652, 0.00158043, 0.999627
0.0244396, -0.999699, 0.00224715

126
-0.00225416, 0.0196686, -0.00578844
-0.965517, -0.072898, -0.249926
-0.235843, -0.161634, 0.958255
-0.110252, 0.984155, 0.138868

127
-0.00900409, 0.0141091, 0.0132049
0.940458, 0.0285327, 0.33871
0.181563, 0.800239, -0.571536
-0.287356, 0.599002, 0.74741

128
-0.0627377, -0.000944399, 0.0194029
0.0386355, -0.99629, -0.0768953
0.46555, 0.0860376, -0.880829
0.884178, -0.00176736, 0.467147

129
0.0558246, 0.00935519, 0.00293054
-0.994482, 0.00637463, 0.104712
0.0711211, -0.692778, 0.717635
0.0771168, 0.721122, 0.688502

130
-0.0724188, 8.32002e-05, 0.0207661
-0.991525, 0.00924896, 0.129586
0.00188126, -0.996336, 0.0855058
0.129902, 0.0850249, 0.987875

131
0.0251363, 0.0159472, 0.00191613
0.999833, -0.0119119, 0.0138908
0.0174445, 0.391232, -0.920127
0.00552595, 0.920215, 0.391375

132
0.0703613, -0.000717771, 0.00703411
-0.998096, 0.00533045, 0.0614566
-0.00361888, -0.999603, 0.0279277
0.0615811, 0.0276521, 0.997719

133
-0.0691165, -0.0153438, 0.0181729
-0.998706, -0.0191562, 0.0471075
-0.0255569, -0.611792, -0.790606
0.043965, -0.790787, 0.610511

134
-0.0125267, 0.00303239, 0.0260509
0.825122, -0.0122252, 0.564822
0.0226325, 0.999679, -0.0114253
-0.564501, 0.0222106, 0.825134

135
-0.0647187, -0.019196, -0.0179683
0.99761, -0.0362369, -0.058833
0.0399747, -0.391823, 0.919172
-0.0563601, -0.919327, -0.389438

136
-0.0639138, -0.0192965, 0.0147566
0.998544, -0.00766139, 0.0533959
-0.0221639, 0.844176, 0.535607
-0.049179, -0.536011, 0.842777

137
-0.0111506, -0.0213035, 0.00329326
-0.967643, 0.0659788, 0.243546
-0.228608, 0.179293, -0.956866
-0.106799, -0.981581, -0.158408

138
0.0667743, 0.00300941, -0.00822001
-0.999074, 0.00465229, 0.0427724
0.0327453, 0.727073, 0.685779
-0.0279082, 0.686544, -0.726552

139
0.0485318, 0.00397311, -0.00802461
-0.998489, 0.00606214, 0.0546214
0.0547174, 0.0170039, 0.998357
0.00512341, 0.999837, -0.0173099

140
-0.0738355, 0.0176024, 0.0122435
-0.984874, 0.0645884, 0.160785
0.0817438, -0.644985, 0.759811
0.152779, 0.761461, 0.629949

141
-0.0563923, -0.0125363, 0.0241467
0.978473, -0.11623, 0.170534
0.06847, 0.962351, 0.263044
-0.194688, -0.245705, 0.949592

142
-0.0723509, 0.00419951, 0.0230337
-0.982179, 0.0137748, 0.187442
-0.00855767, -0.999554, 0.0286139
0.187752, 0.0264999, 0.981859

143
-0.0395263, 0.0234431, -0.0129801
-0.962813, -0.0716944, 0.260484
0.236657, 0.241292, 0.941154
-0.130328, 0.967801, -0.215352

144
-0.0662677, 0.0207407, -0.0127547
0.999302, 0.0180053, -0.0327361
-0.0184938, -0.522944, -0.852167
-0.0324626, 0.852177, -0.522246

145
-0.0713512, 0.0224025, -0.00962163
-0.999563, -0.0177742, -0.023619
-0.0277751, 0.291312, 0.956225
-0.0101156, 0.956463, -0.291678

146
0.0429494, -0.00385473, 0.00404443
-0.99977, 0.00525228, -0.0208048
-0.00525656, -0.999986, 0.000150811
-0.0208037, 0.000260138, 0.999784

147
-0.0490766, 0.0223698, 0.00918671
0.979674, 0.198563, 0.0284965
0.0120573, 0.0835131, -0.996434
-0.200235, 0.976523, 0.0794214

148
-0.066302, -0.0200591, 0.0109627
-0.998419, 0.0546658, 0.0130965
-0.0362649, -0.448379, -0.893108
-0.0429503, -0.89217, 0.449652

149
0.049265, 0.00273904, 0.00551404
-0.998489, 0.00606214, 0.0546214
0.0350683, -0.694968, 0.718185
0.0423138, 0.719015, 0.693705

150
0.00504909, 0.0169936, -0.00123395
-0.949172, -0.0676552, 0.3074
0.3116, -0.339948, 0.887322
0.0444682, 0.938008, 0.343751

151
-0.0685374, 0.0214392, 0.00201322
0.999245, 0.0322889, -0.0215996
-0.0151668, -0.187622, -0.982124
-0.0357643, 0.98171, -0.186991

152
-0.0602854, 0.0234176, -0.00196943
0.994005, 0.101596, 0.0404096
0.0701089, -0.308636, -0.948593
-0.0839018, 0.945739, -0.313909

153
-0.064795, -0.0156941, -0.021418
0.99761, -0.0362369, -0.058833
0.0153637, -0.713809, 0.700172
-0.0673676, -0.699403, -0.711546

154
-0.00357155, 0.021328, -0.00393889
0.941023, 0.0114796, 0.338149
0.325074, -0.307829, -0.894186
0.0938272, 0.951372, -0.293406

155
-0.0682275, -0.00961156, -0.0231324
-0.999115, 0.0411325, -0.00877687
0.0414682, 0.928563, -0.368851
-0.00702187, -0.368888, -0.929447

156
-0.0133401, -0.0184126, 0.00430129
-0.981946, 0.0633704, 0.178232
-0.188046, -0.224808, -0.956086
-0.0205196, -0.97234, 0.232666

157
-0.0135844, -0.0166742, 0.00485056
-0.993415, 0.110434, 0.0305096
-0.0481336, -0.16063, -0.98584
-0.10397, -0.980817, 0.164888

158
0.0756475, 0.0065321, -0.00876753
-0.999074, 0.00538477, 0.0426758
0.0334365, 0.721357, 0.691755
-0.0270596, 0.692542, -0.72087

159
-0.0141347, -0.0149942, 0.0136012
-0.957004, 0.0526268, -0.285261
0.206778, -0.565918, -0.79811
-0.203436, -0.822781, 0.530703

160
-0.0651357, -0.00140835, 0.0220245
-0.998419, 0.0546658, 0.0130965
-0.0560136, -0.947911, -0.31357
-0.00472727, -0.313808, 0.949475

161
-0.0736082, -0.0148931, 0.0185264
0.999143, 0.0264313, 0.0318478
-0.0378497, 0.894834, 0.444791
-0.0167421, -0.445616, 0.895068

162
0.0483662, 0.00433288, -0.0110923
-0.998489, 0.00606214, 0.0546214
0.0525129, 0.398331, 0.915737
-0.016206, 0.917222, -0.398047

163
-0.0648848, 0.00373454, 0.0196839
-0.998419, 0.0546658, 0.0130965
-0.0535589, -0.995845, 0.0736471
0.017068, 0.0728292, 0.997198

164
-0.0664688, -0.0107101, -0.0250132
0.999281, -0.00599993, -0.0374289
0.0216305, -0.720605, 0.693008
-0.0311295, -0.69332, -0.719957

165
-0.00291855, 0.0184968, 0.000153083
-0.990156, -0.12748, 0.0577988
0.0983196, -0.339541, 0.935439
-0.0996245, 0.931913, 0.348732

166
0.0486958, 0.00746426, -0.00541403
-0.998489, 0.00606214, 0.0546214
0.0485916, -0.366911, 0.928986
0.0256729, 0.930236, 0.366062

167
-0.0654793, -0.00740619, 0.0208641
-0.998419, 0.0546658, 0.0130965
-0.0499408, -0.755667, -0.653049
-0.0258029, -0.652671, 0.757202

168
0.0670876, 0.00613975, -0.0012428
-0.999074, 0.00465229, 0.0427724
0.0428885, 0.0286582, 0.998669
0.00342032, 0.999578, -0.0288312

169
-0.0423379, -0.020011, 0.0103584
-0.977918, 0.152736, -0.142648
0.103328, -0.239942, -0.965273
-0.181659, -0.958697, 0.218862

170
-0.0714278, 0.0199426, -0.00452911
-0.999563, -0.0177742, -0.023619
-0.0217897, -0.0968853, 0.995057
-0.0199747, 0.995137, 0.0964556

171
-0.00696102, -0.00913453, 0.017131
0.946436, -0.047111, 0.319437
-0.0252281, 0.975486, 0.218612
-0.321905, -0.214961, 0.922046

172
-0.0718433, 0.010556, 0.0201176
-0.999563, -0.0177742, -0.023619
0.0101156, -0.956463, 0.291678
-0.0277751, 0.291312, 0.956225

173
-0.0658271, -0.0204661, -0.00631796
0.999281, -0.00599993, -0.0374289
0.0373069, -0.0192938, 0.999118
-0.00671678, -0.999796, -0.0190561

174
-0.074192, 0.0192855, 0.00826531
0.989586, -0.129931, -0.0619491
0.00475824, 0.459664, -0.88808
0.143865, 0.878537, 0.455495

175
-0.0730928, 0.0145185, -0.0242661
0.950678, 0.0395576, 0.307647
0.120915, -0.960633, -0.250127
0.285641, 0.27499, -0.918036

176
0.0672491, 0.00548854, 0.00260089
-0.999074, 0.00465229, 0.0427724
0.0383149, -0.356045, 0.933683
0.0195727, 0.934457, 0.355537

177
-0.0646669, -0.0250898, -0.00110501
-0.997695, 0.0673905, -0.00791877
0.0273277, 0.292248, -0.955952
-0.0621078, -0.953965, -0.293416

178
-0.0140303, -0.0148338, -0.0163301
-0.993415, 0.110434, 0.0305096
0.0394821, 0.57996, -0.813688
-0.107553, -0.807125, -0.580501

179
-0.00904901, 0.0182939, -0.00453933
0.991407, 0.130799, 0.00201766
0.0569762, -0.417872, -0.906717
-0.117754, 0.899041, -0.421734

180
-0.0693513, 0.00168826, 0.0229988
-0.997894, -0.0255897, 0.0596033
0.0149219, -0.984811, -0.172985
0.0631246, -0.171731, 0.983119

181
-0.0738466, 0.0210067, -0.012272
-0.992436, 0.00643775, -0.122592
-0.112381, 0.354247, 0.928375
0.0494046, 0.93513, -0.350844

182
-0.0635086, -0.0237875, 0.018943
-0.417623, 0.348029, 0.839325
-0.414123, -0.895121, 0.16511
0.80876, -0.27863, 0.51795

183
0.0671307, 0.00681626, 0.000824194
-0.999477, 0.00434912, 0.0320314
0.0283849, -0.356046, 0.934037
0.0154669, 0.934458, 0.355736

184
0.0696435, 0.0060167, -0.0052069
-0.998096, 0.00533045, 0.0614566
0.0461034, 0.726379, 0.685746
-0.0409855, 0.687273, -0.725242

185
0.0977164, 0.00538143, -0.0017267
-0.987187, 0.00574108, -0.159462
-0.145137, 0.382962, 0.912292
0.0663052, 0.923746, -0.377222

186
-0.003289, -0.0213181, 0.0044546
0.946436, -0.047111, 0.319437
-0.24546, 0.537772, 0.806567
-0.209782, -0.841773, 0.497403

187
-0.0560907, -0.0149383, -0.0258476
0.979644, -0.140136, -0.143737
0.0129376, -0.670456, 0.741837
-0.200327, -0.728595, -0.654995

188
-0.0710484, 0.000711375, 0.0264788
-0.943336, 0.0361128, 0.329868
-0.0225633, -0.998741, 0.0448135
0.331071, 0.0348313, 0.942963

189
-0.0689031, -0.0230088, -0.0090089
-0.999115, 0.0411325, -0.00877687
0.0243572, 0.39575, -0.918035
-0.0342876, -0.917437, -0.396402

190
-0.073643, -0.0188253, -0.0137097
0.987503, 0.130637, 0.0881551
-0.00160956, -0.550976, 0.834519
0.15759, -0.824233, -0.543881

191
0.0851081, 0.00614361, -0.00101929
-0.997905, 0.00587329, 0.064429
0.0644648, 0.00611422, 0.997901
0.00546703, 0.999964, -0.00648003

192
0.0964267, -2.87759e-05, 0.00826286
-0.997518, 0.00569766, -0.0701828
-0.0321125, -0.923845, 0.381419
-0.0626648, 0.382726, 0.921734

193
-0.0662432, -0.00511552, -0.0262252
0.999302, 0.0180053, -0.0327361
0.0324626, -0.852177, 0.522246
-0.0184938, -0.522944, -0.852167

194
-0.0423265, 0.00769272, -0.0276654
-0.962813, -0.0716944, 0.260484
0.0751857, 0.854958, 0.51322
-0.259498, 0.513719, -0.817774

195
-0.0277992, 0.0216431, -4.51025e-05
-0.991456, -0.0503238, 0.120343
0.129091, -0.246121, 0.960604
-0.0187223, 0.967932, 0.250514

196
-0.0121311, -0.00625482, 0.0144561
-0.993415, 0.110434, 0.0305096
-0.107553, -0.807125, -0.580501
-0.0394821, -0.57996, 0.813688

197
-0.0691148, -0.012554, 0.0193441
-0.998706, -0.0191562, 0.0471075
-0.0067868, -0.867843, -0.496792
0.0503985, -0.496469, 0.86659

198
-0.0514063, 0.0120649, -0.0202477
0.979644, -0.140136, -0.143737
-0.180127, -0.929706, -0.321248
-0.0886147, 0.340599, -0.936023

199
-0.072535, -0.0201038, -0.00663133
0.997472, -0.00311105, 0.0709923
-0.0710588, -0.0369262, 0.996788
-0.00047958, -0.999313, -0.0370539

200
0.0702839, 0.00277587, 0.00547424
-0.998096, 0.00533045, 0.0614566
0.0409855, -0.687273, 0.725242
0.0461034, 0.726379, 0.685746

201
-0.0435932, 0.01976, -0.000414873
-0.963485, -0.104255, -0.24663
-0.245756, -0.0213562, 0.969096
-0.106301, 0.994321, -0.005045

202
-0.0716346, 0.0244315, 0.000844178
-0.999563, -0.0177742, -0.023619
-0.0124871, -0.470333, 0.882401
-0.0267928, 0.88231, 0.469905

203
-0.0738349, -0.0237551, -0.00425506
0.987503, 0.130637, 0.0881551
-0.112571, 0.193221, 0.974676
0.110295, -0.972419, 0.205513

204
0.0149048, 0.0137207, -0.0186954
-0.997957, -0.000725691, 0.0638902
0.0444043, 0.71112, 0.701667
-0.0459428, 0.70307, -0.709635

205
0.0696328, 0.00738429, -0.00549904
-0.998096, 0.00533045, 0.0614566
0.0555087, -0.356984, 0.93246
0.0269095, 0.934095, 0.356009

206
-0.0740982, -0.00788171, -0.024828
0.987503, 0.130637, 0.0881551
0.0588201, -0.824456, 0.562861
0.14621, -0.550642, -0.821837

207
0.0371762, -0.000228516, 0.00536356
0.999923, -0.00621738, -0.0107609
0.00188985, 0.931865, -0.3628
0.0122834, 0.362752, 0.931805

208
0.049316, 0.00113562, 0.0066242
-0.998489, 0.00606214, 0.0546214
0.016206, -0.917222, 0.398047
0.0525129, 0.398331, 0.915737

209
-0.066212, -0.0172748, 0.00619889
-0.998419, 0.0546658, 0.0130965
-0.017068, -0.0728292, -0.997198
-0.0535589, -0.995845, 0.0736471

210
-0.0728307, -0.0228415, 5.36007e-05
0.999329, 0.0244918, 0.0272184
-0.0345424, 0.384028, 0.922675
0.0121453, -0.922996, 0.384617

211
-0.00802451, -0.0194818, -0.00772523
-0.957004, 0.0526268, -0.285261
0.267081, 0.543583, -0.79573
0.113186, -0.837704, -0.534267

212
-0.0640694, -0.000173595, 0.0209833
0.998573, 0.00690462, 0.0529579
-0.00599037, 0.999831, -0.017403
-0.0530691, 0.0170609, 0.998445

213
-0.078548, 0.0237251, 0.00251246
-0.943336, 0.0361128, 0.329868
0.297235, -0.350022, 0.888333
0.147541, 0.936045, 0.319454

214
0.000964789, -0.018472, 0.00295581
0.949465, -0.019315, -0.313277
0.249589, 0.651668, 0.716264
0.190318, -0.758258, 0.623557

215
-0.0375852, 0.0193649, 0.0172774
-0.963379, -0.0621151, -0.260849
-0.111529, -0.791838, 0.600461
-0.243848, 0.607564, 0.755913

216
-0.0722614, 0.0174273, -0.0189651
-0.997894, -0.0255897, 0.0596033
0.0340845, 0.574935, 0.817489
-0.0551873, 0.817799, -0.572852

217
-0.0276726, 0.0221016, 0.00118952
-0.991456, -0.0503238, 0.120343
0.126429, -0.597797, 0.791615
0.0321037, 0.800066, 0.599052

218
-0.0631278, 0.0194818, 0.000666355
0.998573, 0.00690462, 0.0529579
0.0530691, -0.0170609, -0.998445
-0.00599037, 0.999831, -0.017403

219
0.0432377, 0.0032131, -0.00802509
-0.99977, 0.00525228, -0.0208048
-0.0109935, 0.707281, 0.706847
0.0184274, 0.706913, -0.70706

220
-0.000639561, 0.00962804, 0.015104
0.946394, 0.00547147, -0.322969
-0.153504, 0.887357, -0.43478
0.28421, 0.46105, 0.840629

221
0.00563747, -0.00834034, -0.020079
0.946436, -0.047111, 0.319437
-0.209782, -0.841773, 0.497403
0.24546, -0.537772, -0.806567

222
-0.0663879, 0.0054561, -0.0248287
0.999302, 0.0180053, -0.0327361
0.00987745, -0.972357, -0.233289
-0.0360317, 0.232803, -0.971856

223
0.0879605, -6.532e-05, -0.0102077
0.999907, -0.00568388, -0.0123603
-0.00994485, -0.92535, -0.378983
-0.00928353, 0.379071, -0.925321

224
-0.0692382, -0.0211132, -0.0235488
-0.63231, 0.283493, -0.720982
0.736491, 0.508683, -0.445895
0.240343, -0.812941, -0.530436

225
0.0487027, 0.00609365, -0.00513634
-0.998489, 0.00606214, 0.0546214
0.0423138, 0.719015, 0.693705
-0.0350683, 0.694968, -0.718185

226
-0.0607112, 0.0119402, 0.00552028
-0.417623, 0.348029, 0.839325
0.279051, -0.829967, 0.482996
0.864709, 0.435925, 0.249495

227
-0.0723706, 0.0035738, -0.0251363
-0.992436, 0.00643775, -0.122592
-0.044531, 0.911727, 0.408375
0.1144, 0.410746, -0.904544

228
-0.00982942, -0.00746667, 0.0164997
-0.991027, 0.131363, 0.0246799
-0.118011, -0.773242, -0.623033
-0.06276, -0.620355, 0.781806

229
-0.0635242, -0.00562437, 0.0205697
-0.997695, 0.0673905, -0.00791877
-0.0621078, -0.953965, -0.293416
-0.0273277, -0.292248, 0.955952

230
0.0703448, 0.00118436, 0.00660094
-0.998096, 0.00533045, 0.0614566
0.0202227, -0.912931, 0.407612
0.0582784, 0.408079, 0.911085

231
-0.0725097, -0.0189834, -0.02071
0.972703, 0.153984, 0.173603
-0.00756385, -0.72668, 0.686934
0.231931, -0.669496, -0.705679

232
-0.0539378, -0.0193566, -0.00686647
0.979644, -0.140136, -0.143737
0.150801, 0.0411107, 0.987709
-0.132505, -0.989278, 0.0614065

233
-0.0735339, -0.0205693, -0.0135648
0.972703, 0.153984, 0.173603
-0.0957441, -0.41516, 0.904696
0.211382, -0.896622, -0.389084

234
-0.0729122, 0.00590291, -0.0205673
0.999143, 0.0264313, 0.0318478
0.0285616, -0.997249, -0.0684061
0.0299521, 0.0692571, -0.997149

235
-0.0724629, 0.0237822, -0.00572204
0.997472, -0.00311105, 0.0709923
0.0654662, -0.348305, -0.935092
0.0276361, 0.937376, -0.347221

236
-0.0744128, 0.0177409, -0.00785979
-0.992436, 0.00643775, -0.122592
-0.122733, -0.0305767, 0.991969
0.00263759, 0.999512, 0.0311355

237
0.0160316, 0.0161436, -0.00106718
-0.997957, -0.000725691, 0.0638902
0.063885, 0.0056927, 0.997941
-0.0010879, 0.999984, -0.00563471

238
-0.0265769, -0.0114352, 0.0155831
-0.956065, 0.040545, 0.290338
-0.197078, -0.822089, -0.534163
0.217026, -0.567914, 0.793961

239
0.00865377, -0.0201181, -0.00539171
0.825122, -0.0122252, 0.564822
-0.530192, -0.362041, 0.766696
0.195115, -0.932082, -0.305209

240
-0.0370299, -0.0116291, -0.0170563
-0.977918, 0.152736, -0.142648
0.181659, 0.958697, -0.218862
0.103328, -0.239942, -0.965273

241
0.0091114, 0.00943183, 0.00942699
0.895521, 0.00801661, -0.444947
-0.194475, 0.906364, -0.375079
0.400277, 0.422422, 0.813227

242
0.0673808, 0.0034147, 0.0059033
-0.999074, 0.00465229, 0.0427724
0.0279082, -0.686544, 0.726552
0.0327453, 0.727073, 0.685779

243
-0.0643346, -0.0216427, -0.0136438
-0.997695, 0.0673905, -0.00791877
0.0490151, 0.635069, -0.770899
-0.0469223, -0.76951, -0.636908

244
-0.0726893, 0.0144169, 0.0176733
-0.991525, 0.00924896, 0.129586
0.0514496, -0.887957, 0.45704
0.119294, 0.459834, 0.879955

245
0.0552735, 0.00680069, -0.00214716
-0.994482, 0.00637463, 0.104712
0.0952187, -0.364082, 0.926487
0.0440297, 0.931345, 0.361466

246
0.0758808, 0.00909643, -0.00362935
-0.999074, 0.00538477, 0.0426758
0.0377954, -0.363774, 0.93072
0.0205361, 0.931472, 0.363234

247
0.002909, 0.0168194, 0.00468835
0.940685, -0.00353368, -0.339263
-0.312526, 0.380184, -0.87051
0.132058, 0.924904, 0.356529

248
-0.075453, 0.00397306, 0.0202385
0.989586, -0.129931, -0.0619491
0.105092, 0.946251, -0.305884
0.0983631, 0.296188, 0.950051

249
-0.000998684, -0.0167023, 0.00878304
0.825122, -0.0122252, 0.564822
-0.51287, 0.40308, 0.757952
-0.236935, -0.915083, 0.326321

250
-0.0558177, -0.0208763, 0.00862443
0.980942, -0.0184592, 0.19342
-0.148478, 0.570875, 0.8075
-0.125324, -0.820829, 0.557255

251
0.00589455, -0.0168667, 0.00972531
-0.983756, 0.0980346, 0.150378
-0.175306, -0.344402, -0.92231
-0.0386278, -0.93369, 0.355993

252
0.0757348, 0.00607147, -0.00515922
-0.998761, 0.00550419, 0.049456
0.0382263, 0.721157, 0.691716
-0.0318582, 0.69275, -0.720474

253
-0.00293213, 0.0164155, -0.0146866
0.895521, 0.00801661, -0.444947
-0.295385, -0.737118, -0.607787
-0.33285, 0.675717, -0.657736

254
0.00138666, 0.0172535, -0.0124854
-0.949172, -0.0676552, 0.3074
0.251778, 0.422892, 0.8705
-0.188891, 0.903651, -0.384363

255
-0.0670119, -0.0154327, 0.0174686
0.999245, 0.0322889, -0.0215996
-0.0145646, 0.826843, 0.562244
0.0360137, -0.561505, 0.826689

256
-0.0641472, 0.00590726, 0.0216585
0.998573, 0.00690462, 0.0529579
0.0147743, 0.917194, -0.398167
-0.0513219, 0.398381, 0.915783

257
-0.0741336, -0.0209304, 0.000855461
-0.987128, -0.157788, 0.0260973
-0.0354987, 0.0570602, -0.997739
0.155942, -0.985823, -0.061927

258
0.0159279, 0.018439, -0.00266203
-0.997957, -0.000725691, 0.0638902
0.0594384, -0.377418, 0.924134
0.0234426, 0.926043, 0.37669

259
-0.0406386, -0.0244477, -0.00604205
-0.977918, 0.152736, -0.142648
0.201516, 0.508236, -0.83731
-0.0553882, -0.847566, -0.527792

260
-0.0710516, -0.00541448, -0.0268304
0.997472, -0.00311105, 0.0709923
-0.0276361, -0.937376, 0.347221
0.0654662, -0.348305, -0.935092

261
-0.0715288, -0.00193746, 0.021874
-0.991261, -0.00557437, 0.131799
-0.0205645, -0.980362, -0.19613
0.130304, -0.197126, 0.97168

262
0.0880057, 0.00318729, -0.00805303
0.999907, -0.00568388, -0.0123603
-0.0127405, -0.709848, -0.70424
-0.00477113, 0.704332, -0.709854

263
0.0820812, 0.00714363, 0.00199474
-0.998951, 0.00601279, 0.0453849
0.0454429, 0.0098917, 0.998918
0.00555735, 0.999933, -0.0101546

264
-0.0693292, 0.006648, 0.0226078
-0.998706, -0.0191562, 0.0471075
0.0308382, -0.964714, 0.261486
0.0404361, 0.262601, 0.964057

265
0.00406245, -0.0138609, -0.0139278
0.946099, -0.0571731, 0.31879
-0.289502, -0.590579, 0.753263
0.145204, -0.804952, -0.575298

266
-0.0750266, 0.0235836, -0.00335379
-0.991261, -0.00557437, 0.131799
0.130304, -0.197126, 0.97168
0.0205645, 0.980362, 0.19613

267
-0.0598218, 0.0100264, 0.0202958
0.994005, 0.101596, 0.0404096
-0.0506856, 0.755639, -0.653025
-0.09688, 0.647061, 0.756258

268
0.0881808, 0.00324245, 0.00608791
0.999907, -0.00568388, -0.0123603
-0.00477113, 0.704332, -0.709854
0.0127405, 0.709848, 0.70424

269
-0.00931653, -0.0139209, -0.0133106
-0.985887, 0.0832975, -0.145218
0.166749, 0.565692, -0.807581
0.014879, -0.820399, -0.571598

270
-0.0603027, 0.0196231, 0.00799709
0.994005, 0.101596, 0.0404096
-0.00975305, 0.4505, -0.892723
-0.108902, 0.886977, 0.44879

271
0.0431816, 0.00538164, -0.00478189
-0.99977, 0.00525228, -0.0208048
-0.0172085, 0.382918, 0.923622
0.0128177, 0.923767, -0.38274

272
-0.0256626, -0.0196458, -0.0143744
-0.996959, 0.0651038, 0.0428254
-0.00713101, 0.471037, -0.882084
-0.0775994, -0.879708, -0.469141

273
-0.0746896, -0.0249045, -0.00547323
-0.985882, -0.0752209, -0.149598
0.103755, 0.426799, -0.898375
0.131425, -0.901213, -0.412969

274
-0.00719021, -0.0221976, 0.00580574
0.949644, -0.0202226, -0.312679
0.251918, 0.642671, 0.723541
0.186318, -0.765875, 0.615403

275
-0.00663988, -0.0163026, -0.0159432
-0.988751, 0.139225, 0.0546571
0.064532, 0.726764, -0.683849
-0.134932, -0.67263, -0.727573

276
-0.0754329, 0.00268674, -0.0235525
0.972703, 0.153984, 0.173603
0.158651, -0.987246, -0.0132544
0.169348, 0.040435, -0.984726

277
0.0154171, 0.0191861, -0.010632
-0.997957, -0.000725691, 0.0638902
0.0586057, 0.387937, 0.919821
-0.0254528, 0.921686, -0.387101

278
-0.0674158, -0.000289247, 0.0214199
0.999245, 0.0322889, -0.0215996
-0.0357643, 0.98171, -0.186991
0.0151668, 0.187622, 0.982124

279
-0.0691385, -0.00936171, 0.0218185
-0.997894, -0.0255897, 0.0596033
-0.0103707, -0.844128, -0.536041
0.0640299, -0.53553, 0.842085

280
-0.0577214, -0.00718514, 0.0156647
-0.149312, -0.979588, -0.134586
0.350711, 0.0747959, -0.933492
0.924504, -0.186582, 0.332385

281
-0.0010688, 0.0205307, -0.0108766
0.941023, 0.0114796, 0.338149
0.264423, -0.648471, -0.713838
0.211085, 0.761152, -0.613262

282
-0.0759946, 0.0227107, 0.00520589
-0.992436, 0.00643775, -0.122592
-0.1144, -0.410746, 0.904544
-0.044531, 0.911727, 0.408375

283
-0.0137468, -0.0175563, -0.0165798
-0.986795, 0.109485, 0.119365
0.0158233, 0.798586, -0.601673
-0.161198, -0.591839, -0.789773

284
-0.0750537, 0.0148175, -0.0205641
-0.995964, -0.0139533, 0.0886574
0.0673267, 0.537048, 0.840861
-0.0593461, 0.843436, -0.533941

285
-0.0303716, 0.0110669, -0.025661
-0.991456, -0.0503238, 0.120343
0.0321037, 0.800066, 0.599052
-0.126429, 0.597797, -0.791615

286
-0.00495677, 0.0120925, 0.00871547
-0.990682, -0.132207, 0.0327069
0.113741, -0.671063, 0.732623
-0.0749099, 0.729517, 0.679848

287
-0.075704, 0.0178843, -0.00564092
-0.991525, 0.00924896, 0.129586
0.129902, 0.0850249, 0.987875
-0.00188126, 0.996336, -0.0855058

288
-0.0640611, 0.00589655, 0.021126
0.998544, -0.00766139, 0.0533959
0.0369537, 0.818262, -0.573657
-0.0392968, 0.574795, 0.817353

289
0.00299544, 0.0168129, 0.00762634
0.948601, -0.00443728, -0.316443
-0.291307, 0.37851, -0.878561
0.123675, 0.925586, 0.357763

290
-0.0485309, 0.0189532, 0.0142333
0.979674, 0.198563, 0.0284965
-0.0654872, 0.450855, -0.890191
-0.189607, 0.870231, 0.454695

291
-0.0729953, -0.00367516, -0.0248579
-0.984758, 0.0344535, -0.170485
0.00716532, 0.987388, 0.158154
0.173784, 0.154522, -0.972585

292
0.0666702, -0.000295578, -0.0102913
-0.999074, 0.00465229, 0.0427724
0.0195727, 0.934457, 0.355537
-0.0383149, 0.356045, -0.933683

293
-0.0629287, -0.0200755, -0.00377778
0.998544, -0.00766139, 0.0533959
-0.0504471, 0.217906, 0.974665
-0.0191026, -0.97594, 0.217202

294
-0.00228054, 0.0183631, -0.00971695
0.940685, -0.00353368, -0.339263
-0.314368, -0.385175, -0.867648
-0.12761, 0.922837, -0.363439

295
0.0516344, 0.00308483, -0.0081412
-0.997926, 0.00611291, 0.0640825
0.0488719, 0.719866, 0.69239
-0.0418983, 0.694086, -0.718672

296
0.043106, 0.00614383, -0.000955995
-0.99977, 0.00525228, -0.0208048
-0.0208037, 0.000260138, 0.999784
0.00525656, 0.999986, -0.000150811

297
-0.0574387, -0.0220041, -0.0160647
0.982369, -0.105096, -0.154613
0.0867095, -0.476555, 0.874858
-0.165625, -0.87284, -0.45904

298
-0.00470998, 0.0155655, 0.00489568
-0.965517, -0.072898, -0.249926
-0.175699, -0.52595, 0.83217
-0.192112, 0.847386, 0.495006

299
-0.0641033, -0.00474232, 0.0203892
0.998544, -0.00766139, 0.0533959
-0.00165679, 0.98504, 0.17232
