0
-0.0105835, -0.00455288, 0.00566078
-0.0444403, -0.998069, 0.0434051
-0.497042, 0.0597785, 0.865665
-0.866588, 0.0168963, -0.498738

1
-0.0465088, -0.010862, -0.00237853
0.0517371, -0.997138, 0.055124
0.778833, 0.0748372, 0.622751
-0.625095, 0.010713, 0.780476

2
-0.0128366, -0.00288025, -0.0102779
-0.035949, -0.0251172, -0.999038
-0.409389, -0.911583, 0.0376498
-0.911651, 0.410349, 0.0224878

3
-0.0116978, -0.0163021, -0.00202898
0.00519068, 0.00622701, 0.999967
-0.45812, 0.888885, -0.00315724
-0.888875, -0.458089, 0.00746664

4
-0.0134687, 0.00251983, -0.00514827
0.0202386, -0.0357132, 0.999157
-0.381146, 0.923617, 0.0407335
-0.924293, -0.381649, 0.00508076

5
-0.00645237, 0.0557359, 0.0115233
-0.0520139, 0.0118917, -0.998576
-0.801273, 0.596302, 0.048838
0.596034, 0.802672, -0.0214875

6
-0.0107749, -0.00201965, -0.0139894
-0.0949486, -0.0302035, -0.995024
-0.483073, -0.872566, 0.0725828
-0.870417, 0.487561, 0.0682585

7
-0.00576105, 0.00258954, -0.00788687
0.00453793, 0.0174498, -0.999837
-0.759801, -0.649987, -0.0147925
-0.65014, 0.759745, 0.0103087

8
-0.0137419, -0.00611143, -0.0111362
0.087873, 0.991141, 0.0995841
-0.357533, 0.124691, -0.925539
-0.929757, 0.0457253, 0.365323

9
-0.00313498, 0.0111454, 0.00644858
0.999836, 0.0113408, 0.0141305
0.0179615, -0.722897, -0.690722
0.00238155, 0.690863, -0.722982

10
-0.00705265, 0.00139406, -0.0124071
-0.0264276, 0.0302162, -0.999194
-0.676496, -0.736433, -0.00437758
-0.735972, 0.675835, 0.0399033

11
-0.0164864, 0.00586894, 0.00358598
0.00314249, 0.00186604, -0.999993
-0.825327, -0.564644, -0.00364726
-0.564647, 0.825333, -0.000234296

12
0.0105848, -0.00236319, 0.01075
0.0094396, 0.999849, 0.0145594
0.576877, -0.017338, 0.816647
0.816777, 0.000690137, -0.576953

13
-0.00672396, -0.013782, -0.00798431
0.031874, -0.0354817, 0.998862
-0.52679, 0.848698, 0.0469576
-0.849398, -0.527687, 0.00836003

14
-0.0187578, -0.0115347, -0.00190909
0.017254, 0.00270551, 0.999847
-0.902629, 0.430178, 0.0144123
-0.430074, -0.90274, 0.00986436

15
0.01386, -0.00472064, 0.00939388
0.0293414, 0.0299014, -0.999122
0.765908, 0.641597, 0.0416941
0.64228, -0.766459, -0.00407633

16
-0.00323959, -0.0140799, 0.00861161
0.0293414, 0.0299014, -0.999122
0.953397, 0.299447, 0.0369604
0.300289, -0.953644, -0.0197217

17
-0.00830359, 0.0151334, 0.0718498
0.239688, -0.953986, 0.180165
0.602862, 0.291713, 0.742604
-0.760991, -0.0693784, 0.645043

18
0.0414411, -0.00151182, -0.00377352
-0.0976225, 0.995062, -0.0179356
-0.750253, -0.0617402, 0.658261
0.653903, 0.0777174, 0.752576

19
-0.00607305, -0.010022, 0.00396054
-0.981702, -0.177061, 0.0700708
-0.14484, 0.455431, -0.87841
0.12362, -0.872486, -0.472743

20
-0.0190939, 0.00542016, 0.00854585
-0.0663036, -0.997799, -0.000889639
0.936918, -0.0619513, -0.344016
0.343204, -0.023643, 0.938963

21
0.010374, 0.00560537, 0.00794288
0.0485961, 0.97157, -0.231712
0.71972, 0.126793, 0.682589
0.692562, -0.199939, -0.693096

22
0.00133117, -0.0413698, -0.00496188
-0.00634298, 0.00612675, 0.999961
-0.65947, -0.751731, 0.000422684
0.751705, -0.659441, 0.00880862

23
-0.00249863, -0.0154175, -0.0482252
0.999878, 0.0156164, -0.00103584
0.0040835, -0.196418, 0.980512
0.0151086, -0.980396, -0.196458

24
-0.0238564, 0.00206755, 0.00163203
0.34212, 0.758122, 0.555161
0.937196, -0.318029, -0.143254
0.0679538, 0.569305, -0.819313

25
-0.0141862, 0.00107685, -0.00476811
0.0125386, 0.003195, 0.999916
-0.0505454, 0.998718, -0.00255735
-0.998643, -0.0505091, 0.012684

26
0.00083255, 0.00596689, -0.00506489
-0.0086986, -0.00225049, 0.99996
0.827273, -0.561768, 0.0059321
0.561732, 0.827292, 0.00674836

27
-0.0158195, -0.00550657, 0.00053747
-0.00182271, -0.0125083, -0.99992
-0.237818, -0.971228, 0.0125829
-0.971308, 0.237822, -0.00120444

28
-0.0416685, 0.0263731, 0.00144337
-0.488905, -0.871003, -0.0482209
0.735987, -0.441531, 0.513199
-0.468289, 0.215416, 0.856914

29
-0.0170805, 0.00244944, -0.00211781
0.00519068, 0.00622701, 0.999967
-0.0830901, 0.996525, -0.00577427
-0.996529, -0.0830574, 0.00569005

30
0.00988688, 0.00241979, -0.0126575
0.0632035, 0.0614213, -0.996109
0.380014, 0.921434, 0.0809288
0.922819, -0.38365, 0.0348969

31
-0.00461769, -0.00559283, -0.00513215
-0.998686, -0.0280055, -0.0429257
-0.0394442, 0.954747, 0.294792
0.0327274, 0.296097, -0.954597

32
-0.00322691, 0.0124389, 0.000410043
-0.999631, -0.0226211, -0.015033
-0.0271553, 0.84345, 0.536521
0.000542911, 0.536731, -0.843753

33
0.00145461, 0.0135317, 0.00365666
0.00314249, 0.00186604, -0.999993
-0.978583, -0.205822, -0.00345929
-0.205827, 0.978588, 0.00117928

34
-0.00265792, -0.0137002, -0.00594701
0.0202386, -0.0357132, 0.999157
-0.705845, 0.70726, 0.0395772
-0.708077, -0.706051, -0.010894

35
-0.0135708, 0.00446549, -0.00711763
0.031874, -0.0354817, 0.998862
-0.16164, 0.986031, 0.0401839
-0.986335, -0.162736, 0.0256936

36
-0.0165116, 0.00584972, -0.00200108
-0.0107758, 0.00234464, -0.999939
-0.824917, -0.565203, 0.00756439
-0.565151, 0.824948, 0.00802465

37
0.0112018, 0.00285616, -0.00235414
0.00474519, 0.0112421, -0.999926
0.314889, 0.949051, 0.0121644
0.949117, -0.314923, 0.000963416

38
-0.00270939, -0.00574265, -0.0066445
-0.999631, -0.0226211, -0.015033
-0.0248805, 0.984644, 0.172791
0.0108935, 0.173101, -0.984844

39
-0.0178248, -0.012739, -0.00820915
0.00453793, 0.0174498, -0.999837
-0.453167, -0.891252, -0.0176114
-0.891414, 0.453173, 0.00386321

40
0.00390882, -0.00673719, 0.00418302
-0.0740444, 0.995645, 0.056651
0.591012, -0.00194553, 0.806661
0.803258, 0.0932101, -0.588293

41
-0.00917387, -0.00323493, -0.00864251
-0.0238493, -0.997444, 0.0673583
-0.544539, 0.0694661, 0.835854
-0.838396, -0.0167448, -0.544804

42
-0.00022745, 0.0078755, 0.00174007
0.999928, -0.0106198, 0.00560446
0.0119961, 0.862782, -0.505433
0.000532189, 0.505464, 0.862848

43
0.000150174, -0.0163299, -0.0022224
0.017254, 0.00270551, 0.999847
-0.998502, 0.0519695, 0.0170901
-0.0519153, -0.998645, 0.00359814

44
-0.00549698, 0.0115485, 0.00414166
-0.998686, -0.0280055, -0.0429257
-0.0489659, 0.76876, 0.63766
0.0151415, 0.638924, -0.769121

45
-0.00576575, 0.00288674, -0.00682632
-0.991394, 0.1007, -0.0836546
0.110776, 0.985809, -0.12613
0.0697662, -0.134311, -0.98848

46
0.00222099, 0.00333523, -0.000976195
-0.997005, 0.0621255, 0.0460549
0.0317887, 0.872115, -0.488268
-0.070499, -0.485342, -0.871478

47
-0.0167135, -0.0107875, 0.0102276
0.0341372, -0.0359053, -0.998772
-0.493302, -0.869739, 0.014406
-0.869188, 0.492204, -0.0474026

48
-0.01322, 0.00589242, -0.00532884
-0.122528, 0.990078, 0.0687911
-0.723543, -0.0416692, -0.689021
-0.679318, -0.134198, 0.721469

49
0.00442712, -0.00541426, -0.00255321
-0.00222359, 0.0020485, -0.999995
0.720334, 0.693627, -0.000180836
0.693624, -0.720331, -0.00301795

50
0.00306267, 0.00340052, -0.00469508
-0.992831, 0.0701944, 0.0967473
0.0369791, 0.950071, -0.309835
-0.113665, -0.304036, -0.945855

51
-0.0162049, 0.00605943, 0.00935404
-0.0443477, -0.0357673, -0.998376
-0.82797, -0.557892, 0.0567651
-0.559016, 0.829143, -0.00487301

52
-0.00277634, 0.00576991, 0.00313237
0.999878, 0.0156164, -0.00103584
-0.0123958, 0.830602, 0.556729
0.00955447, -0.556648, 0.830694

53
0.00605556, 0.0110994, 0.0100157
-0.988638, -0.0206552, 0.148893
0.0982011, 0.66118, 0.743772
-0.113808, 0.749943, -0.651639

54
-0.017346, -0.00706061, 0.00402812
0.0143952, 0.000285248, 0.999896
-0.813177, 0.581903, 0.011541
-0.581839, -0.813258, 0.00860854

55
-0.00121651, -0.00189686, 0.00139992
0.999795, -0.0092048, -0.018055
0.00633895, -0.704158, 0.710015
-0.0192491, -0.709983, -0.703955

56
-0.0139163, 0.00454633, 0.0116391
0.0945877, -0.984727, 0.146173
-0.574183, 0.0659832, 0.816063
-0.813244, -0.161119, -0.559173

57
0.0135373, 0.00204077, 0.00347017
-0.00400078, -0.0157178, -0.999868
0.0911787, 0.995706, -0.0160172
0.995827, -0.0912308, -0.00255047

58
-0.0298172, -0.0643468, -0.00344493
-0.337024, 0.396662, 0.853858
-0.932653, -0.264668, -0.245173
0.128738, -0.878982, 0.459148

59
-0.00709626, -0.0280878, 0.0726708
-0.55303, -0.747836, -0.367286
0.485839, -0.647586, 0.587021
-0.676844, 0.146199, 0.721462

60
-0.00757217, 0.0121719, 0.00030129
-0.00182271, -0.0125083, -0.99992
-0.591419, -0.806287, 0.0111642
-0.806362, 0.591392, -0.00592803

61
-0.0225675, -0.0117, -0.0492066
0.0657996, 0.99525, -0.0717479
0.151473, -0.0810331, -0.985134
-0.986269, 0.0539536, -0.156085

62
0.00114688, 0.011766, -0.00215533
-0.00470087, 0.00358207, -0.999983
-0.943274, -0.331999, 0.00324502
-0.331981, 0.943273, 0.00493956

63
0.00752807, -0.0075642, -0.00856056
0.10207, -0.994396, -0.0275493
0.47205, 0.0727938, -0.878561
0.875643, 0.0766698, 0.476835

64
-0.0132612, 0.00434863, 0.010004
0.0870003, -0.984761, 0.150589
-0.666798, 0.0547443, 0.743225
-0.740142, -0.165074, -0.651874

65
-0.00590334, -0.0140828, -0.0117427
-0.983908, -0.111948, -0.139258
0.165633, -0.279143, -0.945857
0.0670143, -0.953702, 0.293193

66
-0.000896645, -0.0137509, -0.0143388
0.0632035, 0.0614213, -0.996109
0.704235, 0.704477, 0.0881229
0.707148, -0.707064, 0.00127039

67
0.00142346, 0.0135246, -0.00217636
-0.0107758, 0.00234464, -0.999939
-0.978398, -0.206486, 0.0100595
-0.20645, 0.978447, 0.00451904

68
-0.00578761, 0.00673369, 0.0443026
-0.421165, -0.827194, 0.371983
0.478212, 0.145966, 0.86603
-0.770671, 0.542628, 0.334098

69
-0.0143393, 0.00627919, -0.00962921
-0.10586, 0.991879, 0.0705012
-0.639217, -0.0135691, -0.768907
-0.761705, -0.126462, 0.635462

70
-0.00581123, 0.00127341, -0.00722924
-0.207343, 0.976429, -0.0599645
0.975842, 0.210754, 0.0575759
0.0688565, -0.0465779, -0.996539

71
-0.0164022, -0.00184202, 0.00942439
-0.0238493, -0.997444, 0.0673583
-0.182248, 0.0705863, 0.980716
-0.982963, 0.0111134, -0.183466

72
0.00278772, -0.0136211, 0.0048333
-0.992831, 0.0701944, 0.0967473
-0.00933368, 0.761402, -0.648213
-0.119164, -0.644469, -0.755288

73
-0.0258037, 0.0171049, 0.00800159
-0.488905, -0.871003, -0.0482209
0.85917, -0.490358, 0.146208
-0.150993, 0.0300519, 0.988078

74
-0.017551, 0.0145489, 0.0102986
-0.0395074, -0.0266566, 0.998864
-0.321929, 0.946681, 0.012531
-0.945939, -0.321068, -0.0459825

75
-0.0171957, -0.0152692, -0.0126428
-0.0264276, 0.0302162, -0.999194
-0.343357, -0.939006, -0.0193147
-0.938833, 0.342569, 0.0351906

76
-0.0240526, 0.0640907, 0.0125396
-0.0520139, 0.0118917, -0.998576
-0.968372, 0.243742, 0.0533433
0.24403, 0.969767, -0.0011624

77
-0.00356195, -0.00203407, -0.00267995
0.0094396, 0.999849, 0.0145594
0.845531, -0.0157541, 0.533693
0.533842, 0.00727256, -0.845553

78
0.0206344, -0.00933523, -0.00577866
-0.20721, -0.959043, -0.193132
-0.970631, 0.176874, 0.163069
-0.12223, 0.221249, -0.967527

79
0.00237956, 0.00400019, -0.0091866
-0.996947, -0.053621, -0.0567592
-0.0777376, 0.61339, 0.785945
-0.00732763, 0.787958, -0.615686

80
0.0106054, -0.00798262, -0.0127869
0.0530424, -0.997652, 0.0433253
0.573923, -0.00504841, -0.818894
0.81719, 0.0683014, 0.572308

81
0.00460972, -0.00440599, -0.00173558
-0.988638, -0.0206552, 0.148893
0.0471737, 0.897842, 0.437784
-0.142724, 0.439834, -0.886666

82
0.0121967, 0.00425851, -0.0147753
0.121293, -0.0838353, 0.98907
0.78383, -0.603263, -0.147257
0.609014, 0.793124, -0.00745887

83
-0.0137012, 0.0034713, 0.0180698
-0.291515, -0.248397, -0.923752
-0.720729, -0.57791, 0.382845
-0.628943, 0.77738, -0.0105577

84
-0.00645885, -0.0171238, 0.0531218
-0.904527, -0.402478, -0.140864
0.234869, -0.194525, -0.952364
0.355904, -0.894523, 0.270483

85
0.0245969, -0.00298897, 0.00595744
-0.0976225, 0.995062, -0.0179356
-0.943382, -0.0867817, 0.320156
0.317018, 0.0481746, 0.947195

86
0.0125986, 0.00548329, -0.00233472
-0.207343, 0.976429, -0.0599645
0.87521, 0.212536, 0.434552
0.437054, 0.0376198, -0.898648

87
0.0121645, 0.00341519, 0.00993053
-0.0520139, 0.0118917, -0.998576
0.24403, 0.969767, -0.0011624
0.968372, -0.243742, -0.0533433

88
0.000517965, -0.0109323, 0.00831502
-0.997154, 0.019822, 0.0727458
-0.0738001, -0.454176, -0.88785
0.0154405, -0.890691, 0.454347

89
-0.00102196, -0.0126681, 0.0176647
0.999795, -0.0092048, -0.018055
0.0132227, -0.378859, 0.92536
-0.015358, -0.925409, -0.378659

90
0.00380959, -0.0142128, 0.0101558
-0.0520139, 0.0118917, -0.998576
0.596034, 0.802672, -0.0214875
0.801273, -0.596302, -0.048838

91
0.00859229, -0.070026, -0.0137732
-0.0949486, -0.0302035, -0.995024
0.870417, -0.487561, -0.0682585
-0.483073, -0.872566, 0.0725828

92
0.000165469, 0.00389702, -0.00184741
0.0945877, -0.984727, 0.146173
-0.841691, -0.000697195, 0.539958
-0.531609, -0.174106, -0.828902

93
0.0372049, 0.00428083, 0.00842066
0.0529924, 0.0110405, -0.998534
-0.0173737, 0.999798, 0.0101324
0.998444, 0.0168113, 0.0531734

94
0.0122462, 0.00466491, -0.0141979
-0.231437, -0.834715, 0.499687
0.0743362, -0.527304, -0.846419
0.970006, -0.158748, 0.184087

95
0.0012554, -0.00103257, 0.000687442
0.999556, 0.0184702, -0.0234015
-0.000306275, -0.778557, -0.627574
-0.0298108, 0.627302, -0.778205

96
0.00630122, -0.00545331, 0.0016715
-0.976306, -0.201248, -0.0795348
0.135282, -0.854497, 0.501531
-0.168894, 0.478888, 0.861476

97
-0.00153353, 0.0130003, -0.0110839
-0.035949, -0.0251172, -0.999038
-0.7271, -0.685159, 0.0433896
-0.68559, 0.72796, 0.00636804

98
-0.00441188, -0.0161442, 0.00824038
0.163413, 0.0427986, -0.985629
0.981793, 0.0910158, 0.166729
0.0968436, -0.994929, -0.0271462

99
0.00121634, -0.00460016, -0.00237483
0.999472, 0.0232251, -0.0227371
0.0109776, -0.899671, -0.436431
-0.030592, 0.435951, -0.89945

100
-0.0027684, -0.00979033, 0.010588
0.177447, -0.270802, 0.946139
-0.86449, 0.416531, 0.281352
-0.470287, -0.867853, -0.160193

101
-0.00720023, 0.00170526, -0.0141168
0.37058, -0.0235802, 0.928501
-0.4737, 0.855091, 0.210777
-0.798923, -0.517941, 0.30571

102
0.0155702, 0.0105993, -0.00254518
-0.00222359, 0.0020485, -0.999995
0.400064, 0.916487, 0.000987849
0.916485, -0.40006, -0.00285743

103
-0.00280037, -0.00531604, -0.00401613
0.999836, 0.0113408, 0.0141305
0.0156829, -0.932252, -0.361471
0.00907383, 0.361633, -0.932276

104
0.0140053, -0.0106159, 0.0115339
0.163413, 0.0427986, -0.985629
0.869998, 0.464831, 0.164426
0.465188, -0.884365, 0.0387248

105
0.00112273, 0.0109551, 0.00939924
0.999472, 0.0232251, -0.0227371
-0.00156509, -0.664356, -0.747414
-0.0324643, 0.747055, -0.663969

106
0.0155628, -0.0144572, 0.0058143
0.177447, -0.270802, 0.946139
-0.978656, 0.0527114, 0.198633
-0.103662, -0.961191, -0.255668

107
-0.0133993, -0.00676266, 0.00340531
-0.0976225, 0.995062, -0.0179356
-0.891238, -0.0954285, -0.443384
-0.442906, -0.0272994, 0.896152

108
0.0315329, 0.0291878, 0.0109277
0.0293414, 0.0299014, -0.999122
0.0874179, 0.995646, 0.0323646
0.99574, -0.0882908, 0.0265998

109
0.0135428, -0.0245458, -0.00666282
0.0202386, -0.0357132, 0.999157
-0.923085, 0.383229, 0.0323956
-0.384063, -0.922963, -0.0252103

110
-0.00815089, -0.0154647, -0.00065075
-0.991394, 0.1007, -0.0836546
0.129042, 0.85937, -0.494804
0.0220634, -0.50134, -0.864969

111
-0.0148775, 0.0218332, -0.00224995
0.00519068, 0.00622701, 0.999967
0.30459, 0.952454, -0.00751222
-0.95247, 0.304619, 0.00304721

112
-0.0113148, -0.00680459, -0.00142956
0.18293, 0.98167, -0.0534828
-0.792923, 0.115159, -0.598341
-0.581214, 0.151862, 0.799455

113
0.0131725, -0.00389537, -0.0130024
0.0491323, -0.990679, -0.127047
0.1428, 0.132861, -0.980794
0.988531, 0.0300464, 0.147997

114
-0.00336214, -0.00867132, 0.00518283
0.087873, 0.991141, 0.0995841
-0.68612, 0.132698, -0.715283
-0.722162, -0.00547256, 0.691703

115
-0.010704, -0.0299999, 0.012109
-0.991394, 0.1007, -0.0836546
0.127663, 0.6021, -0.788148
-0.0289983, -0.792045, -0.609774

116
0.032667, -0.0283658, -0.00718673
0.0202386, -0.0357132, 0.999157
-0.999794, 0.000854797, 0.020282
-0.00157841, -0.999362, -0.0356885

117
-0.059032, -0.0123348, -0.0172649
0.0517371, -0.997138, 0.055124
0.480334, 0.0732403, 0.874022
-0.875558, -0.0187414, 0.482749

118
0.0136385, -0.00513475, -0.00510582
-0.00634298, 0.00612675, 0.999961
0.06522, -0.99785, 0.00652752
0.997851, 0.0652589, 0.00592975

119
-0.00276255, -0.0133466, 0.0419402
-0.981702, -0.177061, 0.0700708
-0.015005, -0.294903, -0.955409
0.18983, -0.938979, 0.28685

120
-0.0252142, 0.00405059, -0.00604011
0.0485961, 0.97157, -0.231712
0.998634, -0.0517218, -0.00743012
-0.0192034, -0.231034, -0.972756

121
-0.057245, 0.00795671, 0.00695787
-0.0663036, -0.997799, -0.000889639
0.905183, -0.0605243, 0.420691
-0.419819, 0.027088, 0.907204

122
-0.00126454, 0.0142788, -0.00950635
0.999795, -0.0092048, -0.018055
-0.00150989, -0.922256, 0.386576
-0.0202097, -0.386469, -0.922081

123
0.00231445, 0.00392942, -0.00173595
0.0870003, -0.984761, 0.150589
-0.899282, -0.0125938, 0.437189
-0.42863, -0.173458, -0.886673

124
-0.00685472, 0.00882009, 0.00281508
-0.99849, 0.0459961, 0.0300286
-0.0267326, -0.884454, 0.465862
0.0479868, 0.464356, 0.884348

125
0.0314717, -0.0132828, 0.0203422
0.087873, 0.991141, 0.0995841
-0.995806, 0.0899618, -0.0166741
-0.0254852, -0.0977012, 0.994889

126
0.00120777, -0.00137981, 0.00994524
0.442534, -0.0269619, 0.896346
0.492756, -0.827812, -0.268178
0.749237, 0.560358, -0.353049

127
0.0157001, -0.0158379, 0.00541696
0.623616, 0.768512, -0.143151
-0.729513, 0.506314, -0.459844
-0.280916, 0.391197, 0.876385

128
-0.0159698, -0.0181446, -0.00801703
-0.00642059, 0.00644114, -0.999959
-0.225102, -0.974323, -0.00483066
-0.974314, 0.225062, 0.00770565

129
-0.000952905, -0.0162326, -0.0104025
-0.997154, 0.019822, 0.0727458
-0.0740912, -0.0787515, -0.994137
-0.0139769, -0.996697, 0.079996

130
6.10591e-08, 0.0224603, -0.011215
0.999928, -0.0106198, 0.00560446
0.0108793, 0.603674, -0.797157
0.00508241, 0.79716, 0.603746

131
-0.00628185, -0.00860834, -0.013958
-0.990539, -0.135862, 0.0193291
0.0675666, -0.605435, -0.793022
0.119444, -0.784213, 0.608887

132
0.0085631, -0.00315806, 0.00775269
0.0129318, -0.99809, -0.0604144
0.443172, 0.0598821, -0.894434
0.896343, -0.0152074, 0.4431

133
-0.0217723, -0.0017603, -0.00967354
0.0094396, 0.999849, 0.0145594
0.985462, -0.0117718, 0.169489
0.169635, 0.0127478, -0.985425

134
0.0342136, 0.0265636, -0.0127112
-0.035949, -0.0251172, -0.999038
-0.998922, 0.0302653, 0.0351839
0.0293525, 0.999226, -0.0261782

135
0.00194282, -0.0104219, -0.0010945
-0.998917, -0.0458438, 0.00791388
0.043661, -0.865091, 0.499711
-0.0160624, 0.499515, 0.866156

136
-0.0299198, -0.0077711, 0.0104587
-0.0443477, -0.0357673, -0.998376
-0.551018, -0.832724, 0.0543089
-0.833314, 0.552532, 0.017221

137
0.00667776, -0.00655192, 0.00520094
0.0491323, -0.990679, -0.127047
0.510225, 0.134246, -0.849499
0.858636, -0.0230845, 0.512065

138
0.0384063, 0.0232387, -0.0194491
-0.0949486, -0.0302035, -0.995024
-0.989024, 0.116531, 0.0908388
0.113207, 0.992728, -0.0409364

139
-0.00932765, -0.0051118, 0.00523963
-0.983908, -0.111948, -0.139258
0.17867, -0.62286, -0.761658
-0.00147177, -0.774282, 0.632839

140
0.00288093, 0.00384009, -0.000375881
0.0368674, -0.950475, 0.308606
-0.908021, 0.0970948, 0.407519
-0.4173, -0.295244, -0.859471

141
-0.0148648, -0.0235182, -0.00325941
-0.0176132, -0.0857182, -0.996164
0.304924, -0.949316, 0.0762957
-0.952214, -0.30241, 0.042858

142
-0.0383272, 0.00669553, 0.0115546
-0.0663036, -0.997799, -0.000889639
0.996938, -0.0662833, 0.041496
-0.0414637, 0.00186442, 0.999138

143
-0.0167957, -0.00347337, 0.0241228
-0.0444403, -0.998069, 0.0434051
-0.127578, 0.0487622, 0.990629
-0.990832, 0.0384864, -0.129498

144
-0.0471792, 0.0362008, -0.0015478
0.017254, 0.00270551, 0.999847
0.0519153, 0.998645, -0.00359814
-0.998502, 0.0519695, 0.0170901

145
0.0136313, -0.00195439, -0.011048
0.0129318, -0.99809, -0.0604144
0.0664221, 0.0611434, -0.995916
0.997708, 0.00886611, 0.0670859

146
-0.00134847, 0.0371266, -0.00504428
0.0125386, 0.003195, 0.999916
0.670406, 0.741916, -0.0107773
-0.741888, 0.670485, 0.00716061

147
0.00828334, -0.0175138, 0.00856582
0.34212, 0.758122, 0.555161
0.614647, -0.62744, 0.478046
0.710748, 0.177679, -0.680637

148
-0.00257552, -0.00800435, -0.0106818
0.999878, 0.0156164, -0.00103584
-0.00779593, 0.554356, 0.832243
0.0135709, -0.832133, 0.55441

149
-0.00754887, -0.00987054, 0.00836311
-0.99849, 0.0459961, 0.0300286
-0.0430614, -0.99483, 0.0919749
0.0341039, 0.090543, 0.995308

150
-0.01508, 0.0527211, 0.011415
-0.0395074, -0.0266566, 0.998864
0.441242, 0.896434, 0.0413752
-0.896518, 0.442375, -0.0236538

151
-0.0119218, -9.24522e-05, 0.0058459
-0.964235, 0.227231, -0.136443
-0.256533, -0.670658, 0.695995
0.0666446, 0.706105, 0.704964

152
-0.00748078, 0.000660815, 0.00367778
-0.97231, 0.220914, -0.0762196
0.090482, 0.65659, 0.748801
0.215466, 0.72117, -0.658398

153
-0.00802929, 0.00596088, -0.0011016
-0.990539, -0.135862, 0.0193291
0.108133, -0.859454, -0.499646
0.0844954, -0.492828, 0.866014

154
-0.00748078, 0.000660815, 0.00367778
-0.97231, 0.220914, -0.0762196
0.090482, 0.65659, 0.748801
0.215466, 0.72117, -0.658398

155
0.0531444, -0.0075031, 0.00675944
-0.0443477, -0.0357673, -0.998376
-0.559016, 0.829143, -0.00487301
0.82797, 0.557892, -0.0567651

156
0.00188106, -0.0115047, 0.0116833
-0.997005, 0.0621255, 0.0460549
0.00239009, 0.619997, -0.784601
-0.0772976, -0.782141, -0.618288

157
0.00574255, 0.0175856, -0.0083035
-0.984354, 0.156576, 0.0808197
0.128963, 0.952738, -0.275061
-0.120068, -0.260335, -0.958024

158
0.0236876, -0.00765583, -0.0102647
0.0517371, -0.997138, 0.055124
0.625095, -0.010713, -0.780476
0.778833, 0.0748372, 0.622751

159
-0.0172438, 0.021645, -0.00438821
0.0202386, -0.0357132, 0.999157
0.00157841, 0.999362, 0.0356885
-0.999794, 0.000854797, 0.020282

160
0.00290713, -0.0428834, -0.00260121
-0.195679, 0.341434, 0.919311
-0.590144, -0.789692, 0.167679
0.783224, -0.509715, 0.356022

161
0.000422807, -0.0163495, -0.0318955
-0.958045, 0.282704, -0.0472017
-0.00942802, -0.19568, -0.980623
-0.286463, -0.939035, 0.190135

162
-0.0379401, -0.00234025, 0.00435949
0.0529924, 0.0110405, -0.998534
0.718291, -0.695076, 0.0304346
-0.693721, -0.718851, -0.044764

163
-0.00744993, 0.0293715, 0.0379499
-0.998686, -0.0280055, -0.0429257
-0.0453308, 0.0918077, 0.994744
-0.0239174, 0.995383, -0.0929565

164
-0.0167053, -0.0205712, -0.0128604
-0.0949486, -0.0302035, -0.995024
-0.113207, -0.992728, 0.0409364
-0.989024, 0.116531, 0.0908388

165
-0.0375753, 0.0254226, 0.00431009
0.0143952, 0.000285248, 0.999896
-0.16358, 0.986528, 0.00207358
-0.986425, -0.163593, 0.0142479

166
-0.0146851, -0.0110182, -0.0068322
-0.87243, -0.180732, 0.454094
-0.486314, 0.413449, -0.769778
-0.0486212, -0.89241, -0.448598

167
0.00259213, -0.00923102, -0.012601
-0.979299, 0.199249, -0.0356781
-0.086349, -0.570633, -0.816653
-0.183076, -0.796666, 0.576026

168
-0.00374857, 0.0265348, 0.0138873
-0.999631, -0.0226211, -0.015033
-0.025296, 0.573848, 0.818571
-0.0098903, 0.818649, -0.574208

169
-0.000106709, -0.00158421, 0.0079199
-0.707191, -0.706555, -0.0256987
-0.378693, 0.347839, 0.857671
-0.597053, 0.61627, -0.513556

170
-0.0118925, -0.0063219, 0.0141558
-0.20721, -0.959043, -0.193132
-0.59991, -0.0313778, 0.799452
-0.772769, 0.281516, -0.568838

171
-0.00599799, 0.00450816, -0.00465077
-0.0599223, -0.998179, -0.00697636
0.793875, -0.0434185, -0.606529
0.605121, -0.0418829, 0.795031

172
0.00678377, -0.000671957, -0.00129925
-0.488905, -0.871003, -0.0482209
0.714293, -0.367985, -0.595292
0.500757, -0.325485, 0.802061

173
0.00156428, -0.0141045, -0.00259056
0.00474519, 0.0112421, -0.999926
0.65413, 0.756293, 0.0116072
0.756367, -0.654137, -0.00376505

174
-0.00227478, -0.0252418, -0.00620237
-0.999631, -0.0226211, -0.015033
-0.0188178, 0.975936, -0.217246
0.0195856, -0.216883, -0.976001

175
-0.0033194, -0.0174413, 0.0338697
-0.904527, -0.402478, -0.140864
0.0807925, 0.162602, -0.983379
0.418693, -0.900873, -0.11456

176
0.00533945, -0.00483281, 0.00847831
-0.0976225, 0.995062, -0.0179356
-0.992889, -0.0986114, -0.0666904
-0.0681298, 0.0112976, 0.997612

177
0.0260704, 0.0104729, 0.0102072
0.0293414, 0.0299014, -0.999122
0.461817, 0.886069, 0.0400803
0.88649, -0.462587, 0.0121896

178
-0.00419495, 0.0343991, 0.0317354
-0.999631, -0.0226211, -0.015033
-0.0195856, 0.216883, 0.976001
-0.0188178, 0.975936, -0.217246

179
0.0309904, -0.0286851, -0.0198724
0.121293, -0.0838353, 0.98907
0.123613, -0.987395, -0.0988524
0.98489, 0.134252, -0.109401

180
0.0194533, -0.0135235, -0.0025631
0.017254, 0.00270551, 0.999847
-0.942363, -0.334151, 0.0171662
0.334147, -0.942516, -0.00321586

181
-0.000459012, -0.0105569, 0.0081271
0.999928, -0.0106198, 0.00560446
0.0112867, 0.99054, -0.136762
-0.00409905, 0.136815, 0.990588

182
-0.00795436, -0.000358336, -0.00795392
-0.00642059, 0.00644114, -0.999959
-0.580821, -0.81403, -0.00151413
-0.814006, 0.580787, 0.0089677

183
-0.0326395, -0.0312639, -0.0029458
0.00474519, 0.0112421, -0.999926
0.997372, 0.0722351, 0.00554521
0.072292, -0.997324, -0.0108698

184
-0.0361511, -0.0283032, -0.017473
0.0632035, 0.0614213, -0.996109
0.997999, -0.00182942, 0.0632106
0.00206017, -0.99811, -0.061414

185
-0.00231738, -0.0139459, -0.029729
-0.997154, 0.019822, 0.0727458
-0.0631026, 0.308663, -0.949076
-0.0412664, -0.950965, -0.306533

186
0.00768384, -0.0142194, 0.0105289
-0.0395074, -0.0266566, 0.998864
-0.896518, 0.442375, -0.0236538
-0.441242, -0.896434, -0.0413752

187
-0.0125957, 0.00654412, 0.0141929
0.08669, -0.954554, 0.285151
-0.611047, 0.175118, 0.771981
-0.786833, -0.241164, -0.568096

188
0.0197369, 0.0296582, -0.0025154
-0.00222359, 0.0020485, -0.999995
0.0188872, 0.99982, 0.00200614
0.999819, -0.0188826, -0.00226188

189
-0.015623, 0.0282487, 0.0229006
-0.983908, -0.111948, -0.139258
0.125298, -0.987929, -0.0910886
-0.127379, -0.107071, 0.986058

190
0.0396719, -0.0135617, -0.00521642
-0.20721, -0.959043, -0.193132
-0.943521, 0.248079, -0.2196
0.258518, 0.136721, -0.956282

191
0.00389489, -0.0107355, -0.0218817
-0.996947, -0.053621, -0.0567592
-0.0746243, 0.868237, 0.490506
0.022979, 0.493244, -0.869588

192
-0.0153386, 0.0125674, 0.0665956
0.0945877, -0.984727, 0.146173
0.531609, 0.174106, 0.828902
-0.841691, -0.000697195, 0.539958

193
0.00176529, 0.0135785, 0.00828644
-0.0443477, -0.0357673, -0.998376
-0.978871, -0.198126, 0.0505793
-0.199613, 0.979524, -0.0262251

194
0.00178114, 0.0128205, -0.015638
-0.0949486, -0.0302035, -0.995024
-0.779395, -0.619565, 0.0931792
-0.619296, 0.784364, 0.0352863

195
0.0252908, -0.00655464, -0.0687888
-0.071734, 0.978314, -0.194308
0.986216, 0.0404473, -0.160441
-0.149103, -0.203139, -0.967731

196
-0.0282899, 0.00562813, -0.0522524
0.480891, 0.87537, -0.0497174
0.167061, -0.147147, -0.974904
-0.860718, 0.460516, -0.217001

197
-0.0325474, -0.022935, -0.011534
-0.692422, 0.676325, 0.251269
0.713684, 0.69315, 0.100989
-0.105866, 0.249253, -0.962634

198
0.000831506, 0.0136085, -0.0226696
-0.998726, -0.0439412, 0.0248024
0.0328628, -0.193456, 0.980558
-0.0382887, 0.980124, 0.194654

199
-0.0343919, 0.000132275, -0.00167087
0.017254, 0.00270551, 0.999847
-0.669338, 0.742897, 0.00954028
-0.742758, -0.669401, 0.0146288

200
-0.0289978, -0.0338589, 0.0116307
-0.0520139, 0.0118917, -0.998576
0.988045, 0.145925, -0.0497276
0.145126, -0.989224, -0.0193397

201
0.0096922, 0.0107901, 0.001417
-0.274811, 0.915611, -0.293489
0.782356, 0.390377, 0.485309
0.558925, -0.0962448, -0.823614

202
-0.0150858, 0.00498173, -0.0139906
-0.190937, 0.971678, -0.139232
-0.219983, -0.180591, -0.958642
-0.956635, -0.152411, 0.248234

203
-0.00360907, -0.0576556, -0.00923283
-0.035949, -0.0251172, -0.999038
0.68559, -0.72796, -0.00636804
-0.7271, -0.685159, 0.0433896

204
0.00876265, -0.00773568, 0.00229881
0.0517371, -0.997138, 0.055124
0.875558, 0.0187414, -0.482749
0.480334, 0.0732403, 0.874022

205
0.0136459, 0.0215108, -0.0112418
0.0632035, 0.0614213, -0.996109
-0.00206017, 0.99811, 0.061414
0.997999, -0.00182942, 0.0632106

206
0.007132, 0.0153586, 0.00129694
-0.231437, -0.834715, 0.499687
0.439883, -0.547916, -0.711542
0.867721, 0.0551264, 0.493985

207
0.00435553, 0.00907413, -0.0112037
-0.976306, -0.201248, -0.0795348
0.0603513, -0.60619, 0.793026
-0.207808, 0.769437, 0.603973

208
0.0432005, 0.0152486, 0.00886011
0.0529924, 0.0110405, -0.998534
0.366037, 0.930126, 0.0297097
0.92909, -0.367074, 0.0452484

209
0.00373192, 0.00034655, 0.000605835
-0.984354, 0.156576, 0.0808197
0.0731984, 0.780589, -0.620743
-0.16028, -0.605115, -0.779837

210
0.00494113, 0.00471971, 0.000832578
-0.979299, 0.199249, -0.0356781
-0.149836, -0.832067, -0.534053
-0.136096, -0.517652, 0.844698

211
0.0343823, -0.00913056, -0.0469787
0.0517371, -0.997138, 0.055124
-0.108709, -0.0604932, -0.992231
0.992726, 0.0453427, -0.111528

212
-0.00659457, 0.00150047, 0.000779694
-0.904527, -0.402478, -0.140864
-0.238932, 0.75199, -0.614347
0.35319, -0.522037, -0.77636

213
0.019019, -0.00298628, 0.0480721
0.0094396, 0.999849, 0.0145594
-0.169635, -0.0127478, 0.985425
0.985462, -0.0117718, 0.169489

214
0.0285914, 0.0564286, -0.00269102
0.00519068, 0.00622701, 0.999967
0.996529, 0.0830574, -0.00569005
-0.0830901, 0.996525, -0.00577427

215
0.00625729, 0.013007, -0.00795908
-0.00642059, 0.00644114, -0.999959
-0.848115, -0.529808, 0.00203292
-0.529773, 0.848093, 0.00886451

216
0.000310274, 0.0321293, -0.0482404
0.999928, -0.0106198, 0.00560446
0.00409905, -0.136815, -0.990588
0.0112867, 0.99054, -0.136762

217
-0.00483694, -0.00924886, 0.00643514
0.10207, -0.994396, -0.0275493
0.771212, 0.0965929, -0.629208
0.628342, 0.0429767, 0.776749

218
0.0204592, 0.0145284, -0.00223622
-0.00470087, 0.00358207, -0.999983
-0.998516, 0.0542482, 0.00488829
0.0542648, 0.998521, 0.00332174

219
0.000451019, -0.0315667, -0.00199698
0.00519068, 0.00622701, 0.999967
-0.763406, 0.645919, -5.95498e-05
-0.645898, -0.76338, 0.0081065

220
0.00137472, 0.0114769, 0.0156574
0.999556, 0.0184702, -0.0234015
-0.0116911, -0.479234, -0.877609
-0.0274244, 0.877493, -0.478805

221
-0.00540615, -0.0405316, -0.00196267
-0.0176132, -0.0857182, -0.996164
0.646109, -0.761326, 0.054087
-0.763042, -0.642678, 0.0687927

222
-0.012905, 0.00682162, 0.0106928
0.0368674, -0.950475, 0.308606
-0.679208, 0.202689, 0.705403
-0.73302, -0.235614, -0.638098

223
-0.0190939, 0.00542016, 0.00854585
-0.0663036, -0.997799, -0.000889639
0.936918, -0.0619513, -0.344016
0.343204, -0.023643, 0.938963

224
-0.00348636, -0.00814598, 0.000703709
0.0530424, -0.997652, 0.0433253
0.842961, 0.0214737, -0.537546
0.535354, 0.0650342, 0.84212

225
-0.0166731, -0.0249954, 0.000782817
-0.00182271, -0.0125083, -0.99992
0.151988, -0.988308, 0.012086
-0.988381, -0.151954, 0.00370252

226
0.0121601, -0.00712917, 0.0218569
-0.0740444, 0.995645, 0.056651
0.23863, -0.0374674, 0.970387
0.968284, 0.0853704, -0.234817

227
-0.00542434, 0.0388983, -0.00240529
0.00519068, 0.00622701, 0.999967
0.645898, 0.76338, -0.0081065
-0.763406, 0.645919, -5.95498e-05

228
0.011931, -0.0177579, 0.0120617
0.117828, 0.0685154, 0.990668
0.23958, -0.970109, 0.0385984
0.9637, 0.232796, -0.130721

229
0.00402932, 0.00871164, 0.00291824
-0.994512, 0.101773, -0.0242679
-0.101429, -0.880923, 0.462262
0.0256676, 0.462187, 0.886411

230
-0.000659371, -0.0300308, 0.00697372
0.999928, -0.0106198, 0.00560446
0.00885887, 0.967496, 0.25273
-0.00810624, -0.252662, 0.967521

231
-0.00336774, -0.00442055, -0.0467221
-0.997154, 0.019822, 0.0727458
-0.0425072, 0.649086, -0.759527
-0.0622735, -0.760457, -0.646395

232
0.00551898, 0.00107561, 0.0603904
-0.0238493, -0.997444, 0.0673583
0.838396, 0.0167448, 0.544804
-0.544539, 0.0694661, 0.835854

233
0.0111942, 0.023493, 0.0458551
-0.988638, -0.0206552, 0.148893
0.149913, -0.0627646, 0.986705
-0.0110355, 0.997815, 0.0651479

234
-0.00398752, -0.0249881, -0.00713953
-0.998686, -0.0280055, -0.0429257
-0.0239174, 0.995383, -0.0929565
0.0453308, -0.0918077, -0.994744

235
-0.0051192, 0.0127828, -0.0119292
0.121293, -0.0838353, 0.98907
0.957224, -0.253827, -0.138902
0.262697, 0.96361, 0.0494618

236
0.00369799, 0.00396706, 0.000829833
-0.890896, 0.42866, -0.150181
-0.300084, -0.803695, -0.513833
-0.340959, -0.412705, 0.844643

237
0.0234979, -0.019412, 0.00778454
0.480891, 0.87537, -0.0497174
-0.859131, 0.481772, 0.172597
0.175038, -0.0402863, 0.983737

238
-0.00723564, 0.00901728, 0.00340743
-0.190937, 0.971678, -0.139232
-0.569326, -0.22517, -0.790675
-0.799632, -0.0717006, 0.596195

239
-0.0138307, -0.0260859, -0.00279832
0.00474519, 0.0112421, -0.999926
0.893787, 0.448396, 0.00928279
0.448467, -0.893764, -0.00792031

240
-0.0129096, 0.0239518, -0.00644653
0.031874, -0.0354817, 0.998862
0.228119, 0.973251, 0.0272926
-0.973111, 0.226989, 0.0391155

241
-0.00298916, -0.0157941, -0.0309567
-0.983908, -0.111948, -0.139258
0.127379, 0.107071, -0.986058
0.125298, -0.987929, -0.0910886

242
0.0315687, -0.0231873, 0.0115834
0.425389, 0.904989, 0.00620899
-0.904704, 0.425413, -0.023098
-0.0235448, 0.00420833, 0.999714

243
-0.00074617, -0.00984021, -0.0122167
-0.890896, 0.42866, -0.150181
-0.146762, -0.584582, -0.79795
-0.429842, -0.68885, 0.583713

244
-0.00150315, 0.00875855, -0.0411139
-0.889268, 0.457339, -0.00652564
0.0464798, 0.104552, 0.993433
0.455018, 0.883125, -0.114232

245
-0.00391168, 0.0222606, -0.00547753
-0.991394, 0.1007, -0.0836546
0.0756452, 0.962168, 0.261746
0.106848, 0.253165, -0.961504

246
-0.000261568, 0.0141474, 0.0276173
-0.996947, -0.053621, -0.0567592
-0.0497873, -0.123438, 0.991103
-0.0601502, 0.990903, 0.120391

247
-0.0238053, 0.000289336, -0.0198539
-0.87243, -0.180732, 0.454094
-0.430689, 0.723488, -0.539511
-0.231025, -0.666259, -0.709032

248
-0.0247452, -0.00258192, -0.00453806
-0.207343, 0.976429, -0.0599645
0.927911, 0.176887, -0.328166
-0.309823, -0.123684, -0.942715

249
-0.00519484, -0.0155327, 0.00960424
-0.87243, -0.180732, 0.454094
-0.467902, 0.0404664, -0.882853
0.141184, -0.9827, -0.119869

250
-0.0412739, -0.00158358, -0.00916602
0.0094396, 0.999849, 0.0145594
0.975364, -0.00599735, -0.220518
-0.220398, 0.0162823, -0.975274

251
0.00688905, 0.00383679, -0.0192821
-0.0599223, -0.998179, -0.00697636
0.501875, -0.0240855, -0.864605
0.862862, -0.0553103, 0.502404

252
0.0217093, -0.0455185, -0.00499916
-0.0086986, -0.00225049, 0.99996
-0.202389, -0.979297, -0.00396456
0.979267, -0.202415, 0.00806304

253
0.00606928, -0.00958606, 0.00697644
0.18293, 0.98167, -0.0534828
-0.954986, 0.164508, -0.246856
-0.233533, 0.0962327, 0.967575

254
0.00222528, -0.005761, -0.0090048
-0.0444403, -0.998069, 0.0434051
-0.790835, 0.061694, 0.608911
-0.610413, -0.00726608, -0.79205

255
-0.0161482, -0.000533711, 0.0288878
-0.0238493, -0.997444, 0.0673583
0.207788, 0.0609603, 0.976272
-0.977883, 0.0372796, 0.205803

256
-0.0413053, -0.0132933, 0.0173058
0.10207, -0.994396, -0.0275493
0.989634, 0.0986906, 0.104327
-0.101024, -0.0379124, 0.994161

257
-0.00246992, -0.0700103, 0.0245242
0.999836, 0.0113408, 0.0141305
-0.00907383, -0.361633, 0.932276
0.0156829, -0.932252, -0.361471

258
-0.00779091, -0.00234306, 0.0102338
-0.0395074, -0.0266566, 0.998864
-0.659419, 0.751752, -0.00601961
-0.750737, -0.658907, -0.0472776

259
-0.00336706, -0.0109013, 0.0154896
-0.904527, -0.402478, -0.140864
-0.0855844, 0.494973, -0.864683
0.41774, -0.770073, -0.482162

260
0.00045897, 0.00419292, -0.0722601
-0.0663036, -0.997799, -0.000889639
-0.675622, 0.0455511, -0.73584
0.734261, -0.0481877, -0.677155

261
0.0391248, -0.0078358, -0.0189338
-0.0444403, -0.998069, 0.0434051
-0.990832, 0.0384864, -0.129498
0.127578, -0.0487622, -0.990629

262
0.0410955, 0.00473102, -0.00219717
0.0368674, -0.950475, 0.308606
-0.937143, -0.140113, -0.319579
0.346992, -0.277426, -0.895897

263
-0.0117006, 0.0144739, -0.00658451
-0.0176132, -0.0857182, -0.996164
-0.457703, -0.885104, 0.0842544
-0.88893, 0.457432, -0.023644

264
-0.0172002, -0.0218844, -0.00964311
-0.035949, -0.0251172, -0.999038
-0.0293525, -0.999226, 0.0261782
-0.998922, 0.0302653, 0.0351839

265
-0.0292273, -0.00947087, 0.00656679
0.0517371, -0.997138, 0.055124
0.958761, 0.0650409, 0.276672
-0.279466, 0.0385365, 0.959382

266
0.00940646, 0.0550372, -0.00605443
0.031874, -0.0354817, 0.998862
0.849398, 0.527687, -0.00836003
-0.52679, 0.848698, 0.0469576

267
0.00997672, -0.00482042, -0.0310941
-0.231437, -0.834715, 0.499687
-0.302527, -0.426415, -0.852436
0.924616, -0.348455, -0.153836

268
0.001363, -0.0183171, -0.0083588
0.999556, 0.0184702, -0.0234015
0.0111251, -0.959351, -0.281997
-0.0276588, 0.281611, -0.95913

269
-0.052754, 0.0103608, 0.00137638
0.163413, 0.0427986, -0.985629
0.465188, -0.884365, 0.0387248
-0.869998, -0.464831, -0.164426

270
0.00953255, -0.0236261, 0.00798908
-0.976306, -0.201248, -0.0795348
0.189617, -0.972715, 0.133681
-0.104268, 0.115432, 0.987828

271
0.0145238, -0.00793077, -0.00497707
-0.0086986, -0.00225049, 0.99996
0.549335, -0.835597, 0.00289806
0.835557, 0.549338, 0.00850479

272
0.00252742, -0.00679297, 0.00102396
-0.20721, -0.959043, -0.193132
-0.84997, 0.0787421, 0.520913
-0.48437, 0.272094, -0.831475

273
0.000920004, 0.0127379, 0.00819512
-0.996947, -0.053621, -0.0567592
-0.069016, 0.26516, 0.961731
-0.0365187, 0.962712, -0.268051

274
0.0112516, 0.0121349, -0.00764307
0.00453793, 0.0174498, -0.999837
-0.950762, -0.309768, -0.00972146
-0.309888, 0.950652, 0.0151849

275
-0.0207922, -0.0508861, -0.00888838
0.00453793, 0.0174498, -0.999837
0.309888, -0.950652, -0.0151849
-0.950762, -0.309768, -0.00972146

276
-0.0170296, 0.0218136, -0.00967505
0.0937395, -0.0934203, 0.991204
0.0130214, 0.995618, 0.0926049
-0.995512, 0.00422612, 0.0945451

277
0.00367892, -8.16792e-05, 0.0118206
0.117828, 0.0685154, 0.990668
0.590135, -0.807177, -0.0143643
0.79866, 0.58632, -0.135541

278
0.00587239, 0.0238083, -0.00930047
-0.994512, 0.101773, -0.0242679
-0.0838855, -0.636996, 0.76629
0.062529, 0.76412, 0.642037

279
0.00347624, 0.0106497, 0.0207032
-0.973624, -0.224779, 0.0391323
-0.0354159, 0.318324, 0.94732
-0.225394, 0.920947, -0.317889

280
0.011105, -0.000818204, -0.0303594
0.0129318, -0.99809, -0.0604144
-0.32044, 0.0530962, -0.945779
0.94718, 0.0315898, -0.319141

281
-0.00845051, 0.000490826, 0.0467847
-0.0238493, -0.997444, 0.0673583
0.566191, 0.0420537, 0.823201
-0.823929, 0.0577704, 0.563741

282
0.0469138, 0.0145526, -0.0134366
-0.0264276, 0.0302162, -0.999194
-0.938833, 0.342569, 0.0351906
0.343357, 0.939006, 0.0193147

283
-0.00253482, -0.0245303, -0.0073843
0.999836, 0.0113408, 0.0141305
0.0110167, -0.999679, 0.0228113
0.0143847, -0.0226519, -0.99964

284
-0.0311984, -0.0193887, -0.00250262
-0.00222359, 0.0020485, -0.999995
0.999819, -0.0188826, -0.00226188
-0.0188872, -0.99982, -0.00200614

285
-0.00348772, 0.022348, 0.0224167
0.999836, 0.0113408, 0.0141305
0.0175056, -0.403488, -0.914817
-0.0046733, 0.914915, -0.403621

286
0.02434, -0.0360602, -0.00976694
0.031874, -0.0354817, 0.998862
-0.973111, 0.226989, 0.0391155
-0.228119, -0.973251, -0.0272926

287
-0.0175198, 0.00148271, 0.0165812
0.177447, -0.270802, 0.946139
-0.618714, 0.716937, 0.321239
-0.765314, -0.642392, -0.0403301

288
0.00154282, -0.0234739, -0.00730224
0.999472, 0.0232251, -0.0227371
0.0218491, -0.998019, -0.0590047
-0.0240624, 0.0584767, -0.997999

289
0.0131482, 0.0228986, 0.0101113
-0.0520139, 0.0118917, -0.998576
-0.145126, 0.989224, 0.0193397
0.988045, 0.145925, -0.0497276

290
-0.00560629, -0.00969044, -0.00565554
0.190365, -0.980704, 0.0445007
0.766842, 0.120244, -0.630472
0.612955, 0.154145, 0.774935

291
0.032684, -0.00814565, -0.0275687
0.0517371, -0.997138, 0.055124
0.279466, -0.0385365, -0.959382
0.958761, 0.0650409, 0.276672

292
0.0458424, -0.0167317, 0.0119711
-0.0395074, -0.0266566, 0.998864
-0.945939, -0.321068, -0.0459825
0.321929, -0.946681, -0.012531

293
-0.0100031, -0.0433275, 0.000999981
-0.00182271, -0.0125083, -0.99992
0.518655, -0.854928, 0.00974913
-0.854981, -0.518596, 0.0080458

294
0.00529778, -0.0170346, 0.0533508
-0.984354, 0.156576, 0.0808197
-0.120068, -0.260335, -0.958024
-0.128963, -0.952738, 0.275061

295
0.00805132, -0.0557437, 0.0560889
-0.0115307, 0.679424, 0.733655
-0.563394, -0.610573, 0.556585
0.826108, -0.406919, 0.389824

296
0.019925, -0.0157241, 0.00349401
0.0143952, 0.000285248, 0.999896
-0.986425, -0.163593, 0.0142479
0.16358, -0.986528, -0.00207358

297
0.0167386, 0.0161311, -0.0570553
-0.307544, -0.890743, -0.334655
