0
0.0506978, 0.00513152, -0.100202
-0.147896, 0.989001, 0.00199979
-0.394211, -0.060805, 0.917006
0.907041, 0.134833, 0.398868

1
0.0640363, 0.0197043, -0.0868176
-0.00220876, 0.0987601, 0.995109
-0.657086, -0.750272, 0.0730027
0.753812, -0.653711, 0.0665511

2
0.0214634, -0.000879808, 0.0174247
0.051611, -0.00354322, 0.998661
-0.0451504, 0.998963, 0.00587767
-0.997646, -0.0453933, 0.0513975

3
0.00947027, -0.0122268, 0.0270996
-0.00387145, -0.0650087, 0.997877
0.989788, -0.14244, -0.00543947
0.142491, 0.987666, 0.0648963

4
0.0234158, -0.0602659, -0.0764754
-0.0461755, -0.0404955, 0.998112
-0.271247, -0.961129, -0.0515437
0.961402, -0.273115, 0.0333964

5
0.0552369, -0.0412946, -0.0709669
0.000504902, -0.0692551, 0.997599
0.347111, -0.93556, -0.0651239
0.937824, 0.346311, 0.0235669

6
-0.0370836, -0.037777, -0.0706759
0.000504902, -0.0692551, 0.997599
0.417697, 0.90642, 0.0627139
-0.908586, 0.416662, 0.0293853

7
-0.0490549, -0.00297304, -0.0775036
-0.0461755, -0.0404955, 0.998112
0.871614, 0.486499, 0.0600617
-0.488013, 0.872742, 0.0128321

8
0.0277036, -0.0635564, 0.0486609
-0.0248673, -0.0531978, 0.998274
-0.157794, -0.985856, -0.0564668
0.987159, -0.158926, 0.0161213

9
0.0177976, -0.0656767, -0.0622908
-0.99109, -0.125671, 0.0441324
0.113906, -0.971428, -0.208213
0.0690378, -0.201331, 0.977087

10
0.00985637, 0.0125431, 0.0678462
-0.00413453, 0.0416211, 0.999125
-0.977738, 0.209438, -0.0127707
-0.209787, -0.976936, 0.0398286

11
0.00505706, 0.0589452, -0.0682143
0.0438431, -0.032635, -0.998505
-0.549675, 0.833796, -0.0513872
0.834227, 0.551107, 0.0186176

12
-0.0276978, 0.0817405, 0.0722091
0.916522, 0.399586, 0.0178535
0.319326, -0.704092, -0.634259
-0.240871, 0.587014, -0.772914

13
-0.0235371, 0.0489759, -0.0899171
-0.00220876, 0.0987601, 0.995109
-0.0683954, 0.992766, -0.0986794
-0.997656, -0.0682789, 0.00456196

14
0.0309457, -0.0619041, 0.0303358
-0.0175493, -0.0620383, 0.997919
-0.125021, -0.990104, -0.063751
0.991999, -0.125879, 0.00961955

15
0.0102023, -0.00934819, -0.0657491
-0.00766819, -0.0675568, 0.997686
0.987548, -0.15729, -0.00306037
0.157133, 0.985239, 0.0679216

16
-0.0486167, 0.00428289, -0.0359696
0.0477344, -0.0347279, -0.998256
0.840793, -0.538141, 0.058926
-0.539248, -0.842139, 0.00351121

17
0.00470803, -0.00837319, -0.0453411
-0.034117, -0.045213, 0.998395
0.706143, -0.708024, -0.00793314
0.707246, 0.704739, 0.0560825

18
0.0102557, -0.00876654, -0.0686859
0.000504902, -0.0692551, 0.997599
0.99927, -0.0380738, -0.0031489
0.0382005, 0.996872, 0.0691853

19
0.0313072, 0.0525859, -0.0716115
0.0490379, 0.025237, 0.998478
0.782458, 0.620348, -0.0541081
-0.620769, 0.783921, 0.0106737

20
0.00946758, -0.0093099, -0.051421
-0.0208332, 0.0518418, -0.998438
-0.987289, -0.158451, 0.0123733
-0.157562, 0.986005, 0.0544839

21
0.0403421, -0.0525573, -0.0835507
-0.0117941, -0.0661731, 0.997738
0.00184221, -0.997808, -0.0661559
0.999929, 0.0010578, 0.0118902

22
0.012332, 0.00807241, 0.00237111
0.00610717, 0.0535253, 0.998548
-0.887755, 0.459914, -0.0192232
-0.460275, -0.886349, 0.0503261

23
0.0599377, -0.0324243, -0.0536743
-0.0208332, 0.0518418, -0.998438
-0.523388, 0.850313, 0.0550716
0.85184, 0.523718, 0.00941867

24
0.017567, -0.0117316, 0.0706907
-0.0242868, 0.0276867, -0.999322
-0.698114, -0.715981, -0.00287016
-0.715575, 0.69757, 0.0367173

25
0.0506309, -0.0417627, -0.0582665
-0.70693, -0.706637, 0.0302333
0.704225, -0.707201, -0.0627241
0.0657041, -0.0230505, 0.997573

26
0.0370107, -0.00673153, 0.0691178
0.94029, 0.34026, -0.00876646
0.327336, -0.896916, 0.29731
0.0933002, -0.282428, -0.954741

27
0.00937305, -0.0118762, 0.0240672
-0.000830813, -0.0643907, 0.997924
0.99675, -0.0804331, -0.00436008
0.0805469, 0.994678, 0.0642483

28
0.00886426, -0.0224351, 0.0774317
0.999936, -0.00747225, 0.00844708
0.00443036, -0.428523, -0.90352
0.0103711, 0.9035, -0.428463

29
0.0331806, 0.0814853, 0.0655839
-0.959492, 0.281018, -0.0201204
0.246352, 0.871492, 0.424042
0.136698, 0.401908, -0.905419

30
0.0402453, -0.0590853, 0.0767662
-0.0362648, -0.0392226, 0.998572
0.0519249, -0.997954, -0.0373126
0.997992, 0.0504976, 0.0382273

31
0.0515827, -0.0414214, -0.0858713
0.0624364, 0.0122788, 0.997973
-0.974559, 0.216415, 0.0583088
-0.21526, -0.976224, 0.0254786

32
-0.00175226, -0.00788671, 0.0269869
-0.060433, -0.0199212, 0.997973
0.474755, -0.880047, 0.0111819
0.878041, 0.474469, 0.0626416

33
0.0444472, -0.0190742, 0.0647802
-0.202039, -0.978791, -0.0338886
-0.963071, 0.192268, 0.188484
-0.177971, 0.0707184, -0.981491

34
0.00526438, -0.00965419, -0.0482479
-0.0222932, -0.0556889, 0.998199
0.800907, -0.598588, -0.0155078
0.598373, 0.799119, 0.0579461

35
0.029291, 0.0539047, -0.0812918
0.0417542, 0.0406911, 0.998299
0.749139, 0.659848, -0.0582288
-0.661095, 0.750296, -0.00293187

36
-0.0114055, 0.00673973, -0.123793
0.347693, 0.937602, 0.00334587
0.0695686, -0.0222393, -0.997329
-0.935024, 0.346998, -0.0729601

37
-0.133409, -0.0319728, 0.048815
0.125845, 0.0136669, -0.991956
0.749203, -0.656733, 0.0859995
-0.650275, -0.753999, -0.0928856

38
0.0174572, 0.0171571, -0.0792734
0.900408, -0.43471, -0.0171069
0.364323, 0.731959, 0.575764
-0.237769, -0.524655, 0.817437

39
0.0677165, 0.00892561, 0.0179104
0.0392855, 0.0298868, 0.998781
-0.808332, -0.586656, 0.0493491
0.587415, -0.809285, 0.00111138

40
0.00794582, -0.0160354, 0.0772903
-0.0251842, -0.044061, 0.998711
0.972389, -0.23293, 0.014244
0.232002, 0.971495, 0.0487106

41
0.0035637, -0.010276, -0.0121521
-0.0416846, -0.0429722, 0.998206
0.727952, -0.685628, 0.000883013
0.68436, 0.726683, 0.0598618

42
0.0150905, 0.000265149, -0.0785115
0.0417542, 0.0406911, 0.998299
-0.324089, 0.945696, -0.0249919
-0.945105, -0.322494, 0.0526744

43
0.00452331, -0.0131104, 0.0507717
-0.0248673, -0.0531978, 0.998274
0.851631, -0.524099, -0.00671474
0.523552, 0.849994, 0.0583378

44
-0.014735, 0.00204681, -0.0570179
0.234244, -0.927023, 0.292845
0.83471, 0.0373571, -0.549421
0.498386, 0.373139, 0.782546

45
0.00740512, -0.0663367, 0.0694248
-0.0242868, 0.0276867, -0.999322
0.393948, -0.918465, -0.0350207
-0.918812, -0.394532, 0.0113994

46
0.00867394, 0.00428103, -0.0749359
0.00794862, -0.0672248, -0.997706
0.904422, 0.426096, -0.0215047
0.426565, -0.902177, 0.0641865

47
0.00389147, 0.00448874, 0.00265345
0.0617323, -0.014444, -0.997988
0.657507, 0.75286, 0.029775
0.750915, -0.658022, 0.0559728

48
-0.0184474, -0.0112051, 0.0780134
0.579133, -0.809692, 0.0948913
-0.547378, -0.472466, -0.690763
0.604138, 0.348102, -0.716828

49
0.0261244, -0.0198214, 0.0171166
0.051611, -0.00354322, 0.998661
-0.423496, 0.90555, 0.0250992
-0.904427, -0.424224, 0.0452358

50
0.0193005, -0.010134, 0.119385
0.320089, -0.929714, -0.18214
0.222443, -0.113127, 0.96836
-0.920903, -0.350477, 0.170597

51
0.0143229, -0.000266803, -0.0694415
0.0490379, 0.025237, 0.998478
-0.274082, 0.961645, -0.0108451
-0.960455, -0.273133, 0.054074

52
0.0297351, 0.0567121, 0.0671944
0.0990504, -0.108749, 0.989122
0.69494, 0.719005, 0.00946005
-0.712213, 0.686444, 0.146792

53
0.0218314, 0.102576, 0.0788912
-0.992476, 0.122248, 0.00676757
0.0833184, 0.633855, 0.768952
0.0897134, 0.76373, -0.639271

54
-0.00244709, 0.0734019, -0.0941787
-0.983598, -0.180344, -0.0034025
0.0907991, -0.511342, 0.854567
-0.155856, 0.840241, 0.51933

55
0.0301997, -0.0611735, 0.0328324
-0.0362336, 0.0364363, -0.998679
0.710345, -0.701976, -0.0513837
-0.702921, -0.711268, -0.000447222

56
-0.0303951, -0.05008, 0.000467045
-0.354173, 0.509861, 0.783966
-0.883982, -0.456094, -0.102732
0.305183, -0.729397, 0.612245

57
-0.0441336, -0.0352614, 0.0751289
-0.0251842, -0.044061, 0.998711
0.586459, 0.808406, 0.0504537
-0.809587, 0.586974, 0.00548097

58
0.0192831, -0.0450347, 0.0338173
-0.0362336, 0.0364363, -0.998679
0.387277, -0.920732, -0.0476435
-0.921251, -0.388491, 0.0192505

59
-0.0314372, -0.0124818, -0.11961
-0.517535, 0.855347, -0.0232331
0.00287269, -0.0254152, -0.999673
-0.855657, -0.517432, 0.0106961

60
0.00704284, -0.0145445, 0.0773099
-0.0362648, -0.0392226, 0.998572
0.941895, -0.335247, 0.0210385
0.333943, 0.941314, 0.0491013

61
0.0272593, 0.0577395, 0.0996995
0.231101, -0.322452, 0.917942
0.605279, 0.786322, 0.123832
-0.761728, 0.526993, 0.376893

62
-0.0122003, 0.0530447, -0.0809167
0.0498099, -0.0325019, -0.99823
-0.791544, 0.608229, -0.0593003
0.609079, 0.793096, 0.00456918

63
0.00527556, -0.0617242, -0.0485537
-0.0654766, -0.00588397, 0.997837
-0.540803, -0.840177, -0.040441
0.838597, -0.542281, 0.0518298

64
0.0374405, -0.0783725, 0.0759067
-0.0362648, -0.0392226, 0.998572
-0.333943, -0.941314, -0.0491013
0.941895, -0.335247, 0.0210385

65
-0.0709152, -0.0354425, 0.0581555
-0.076387, -0.00634604, -0.997058
0.853912, 0.515863, -0.0687036
0.514781, -0.856648, -0.0339863

66
0.0338201, 0.0507192, -0.0708881
0.900408, -0.43471, -0.0171069
0.425744, 0.88856, -0.170888
0.0894873, 0.146586, 0.985142

67
-0.0931567, -0.0544871, 0.0536113
0.125845, 0.0136669, -0.991956
0.989581, 0.0687773, 0.126491
0.0699528, -0.997538, -0.00486923

68
0.0592329, -0.0334663, -0.0789828
0.0417542, 0.0406911, 0.998299
-0.997186, 0.0639566, 0.0391008
-0.0622568, -0.997123, 0.0432471

69
-0.0942803, 0.028902, 0.0859419
0.0677658, 0.0755112, 0.99484
0.787544, 0.608122, -0.0998037
-0.612521, 0.790244, -0.0182585

70
-0.0462712, 0.0124444, -0.0759237
0.00794862, -0.0672248, -0.997706
0.740202, -0.670442, 0.0510711
-0.672338, -0.73891, 0.0444308

71
0.0087488, -0.0701176, 0.0489193
0.999936, -0.00747225, 0.00844708
-0.00788622, -0.998714, 0.0500856
0.00806196, -0.050149, -0.998709

72
0.0529308, -0.0462933, 0.0218827
-0.000830813, -0.0643907, 0.997924
0.307024, -0.949743, -0.0610262
0.951701, 0.306336, 0.0205586

73
0.00556448, 0.000468585, -0.0783184
0.0498099, -0.0325019, -0.99823
0.259805, 0.965484, -0.0184719
0.964376, -0.258425, 0.0565349

74
0.00311102, 0.00661429, -0.00941358
0.0563213, -0.0224302, -0.998161
0.735384, 0.677141, 0.0262777
0.675306, -0.735511, 0.0546322

75
0.0110867, 0.0595767, 0.00230123
0.0617323, -0.014444, -0.997988
-0.442138, 0.89604, -0.0403177
0.89482, 0.443738, 0.0489284

76
0.0372865, 0.0518105, -0.0779104
0.00794862, -0.0672248, -0.997706
-0.047987, 0.996563, -0.06753
0.998816, 0.0484137, 0.00469538

77
0.0650832, 0.0243556, 0.0346873
-0.0362336, 0.0364363, -0.998679
-0.99933, -0.00657042, 0.0360175
-0.00524939, 0.999314, 0.03665

78
0.0683807, -0.0177847, -0.0026603
0.0439532, 0.0179253, 0.998873
-0.982556, -0.18007, 0.0464666
0.1807, -0.98349, 0.00969791

79
-0.0222318, -0.0418916, 0.0426622
-0.862415, 0.323147, 0.389636
0.439276, 0.86026, 0.258823
-0.251551, 0.394371, -0.883852

80
-0.0655507, -0.0479692, -0.0223002
0.137027, 0.00125794, -0.990567
0.977897, -0.159604, 0.135072
-0.157929, -0.98718, -0.0231002

81
0.00880487, 0.0795997, 0.0671093
0.999951, -0.0075932, 0.00629341
-0.00359613, -0.874926, -0.484243
0.00918322, 0.484197, -0.874911

82
0.0365745, -0.00628797, 0.104712
-0.327566, 0.9424, 0.0677037
-0.132971, 0.0249624, -0.990806
-0.935425, -0.333557, 0.117135

83
0.00686719, 0.00541737, -0.033356
0.0477344, -0.0347279, -0.998256
0.819958, 0.572098, 0.0193061
0.57043, -0.81945, 0.0557842

84
-0.0235164, 0.0519122, 0.0251491
0.0235108, 0.0347596, 0.999119
-0.0703913, 0.996973, -0.0330285
-0.997242, -0.0695527, 0.0258864

85
0.0659564, -0.0273003, 0.0543305
0.0990504, -0.108749, 0.989122
-0.995007, -0.0230242, 0.0971084
0.0122133, -0.993803, -0.110487

86
-0.0497413, 0.00258092, -0.0467056
-0.034117, -0.045213, 0.998395
0.92364, 0.380145, 0.0487776
-0.38174, 0.923821, 0.0287911

87
-0.0517032, -0.00196338, -0.0123137
0.0563213, -0.0224302, -0.998161
0.905321, -0.420393, 0.0605297
-0.420978, -0.907065, -0.0033706

88
-0.0228499, 0.0595088, 0.0386405
-0.917981, -0.312705, 0.243981
-0.296077, 0.949587, 0.10307
-0.263912, 0.0223794, -0.964287

89
0.0509711, -0.0470243, -0.0679869
-0.00766819, -0.0675568, 0.997686
0.232747, -0.970434, -0.0639226
0.972507, 0.231718, 0.0231651

90
0.00224719, 0.00764474, 0.131757
0.89086, 0.453907, 0.0183282
-0.177817, 0.311298, 0.933528
0.41803, -0.834902, 0.358035

91
0.0111386, -0.0627397, 0.0138252
-0.0579752, -0.0284967, 0.997911
-0.440543, -0.896271, -0.0511883
0.895857, -0.442591, 0.0394075

92
0.0249878, -0.0129773, -0.0812891
0.607671, 0.794032, 0.0158055
-0.611169, 0.48025, -0.629153
-0.507158, 0.372658, 0.777121

93
0.0457034, -0.0567814, 0.0764448
-0.0251842, -0.044061, 0.998711
0.157775, -0.986683, -0.0395518
0.987154, 0.156576, 0.0318005

94
0.0214458, 0.0360662, -0.0849392
0.0624364, 0.0122788, 0.997973
0.571822, 0.819095, -0.045853
-0.817998, 0.573526, 0.0441201

95
0.00796665, -0.000461081, -0.131101
0.900408, -0.43471, -0.0171069
-0.0802496, -0.20461, 0.975549
-0.427581, -0.877019, -0.219117

96
-0.050202, -0.00666851, -0.0493201
-0.0222932, -0.0556889, 0.998199
0.859319, 0.50922, 0.0476006
-0.510954, 0.858833, 0.0365024

97
-0.0424531, 0.0280063, -0.022413
-0.00437523, -0.0564777, -0.998394
0.548748, -0.834785, 0.0448178
-0.835976, -0.547671, 0.0346444

98
0.0583092, -0.0605138, -0.0723026
0.000504902, -0.0692551, 0.997599
-0.0382005, -0.996872, -0.0691853
0.99927, -0.0380738, -0.0031489

99
0.0678609, 0.0146165, 0.022912
-0.03201, 0.04726, -0.99837
-0.984872, 0.168708, 0.0395634
0.170303, 0.984532, 0.0411447

100
0.00988566, 0.00582277, -0.0774168
-0.983598, -0.180344, -0.0034025
0.155856, -0.840241, -0.51933
0.0907991, -0.511342, 0.854567

101
0.0687131, -0.0159002, 0.0128266
-0.0293066, 0.0468472, -0.998472
-0.793896, 0.60585, 0.0517278
0.607347, 0.794199, 0.0194364

102
-0.0496822, -0.00173865, -0.0289963
-0.0383885, -0.0444046, 0.998276
0.896903, 0.438917, 0.0540138
-0.440558, 0.89743, 0.0229773

103
-0.0210678, 0.0712532, 0.0244186
0.0235108, 0.0347596, 0.999119
0.316595, 0.947699, -0.0404206
-0.948269, 0.317267, 0.0112765

104
0.0203853, 0.0194828, -0.0331989
0.0477344, -0.0347279, -0.998256
0.539248, 0.842139, -0.00351121
0.840793, -0.538141, 0.058926

105
0.0675477, 0.0141851, 0.00170575
0.00610717, 0.0535253, 0.998548
-0.764968, -0.642878, 0.0391388
0.64404, -0.764096, 0.0370189

106
-0.0383197, 0.0360335, -0.0598954
-0.342929, 0.351461, 0.871134
0.916339, -0.0788912, 0.392553
0.206692, 0.932873, -0.295004

107
0.0171092, -0.00797862, 0.0234697
-0.03201, 0.04726, -0.99837
-0.534234, -0.845027, -0.0228725
-0.844731, 0.53263, 0.0522972

108
0.0566291, -0.0362585, -0.0706096
0.0490379, 0.025237, 0.998478
-0.992232, 0.115664, 0.0458077
-0.114331, -0.992968, 0.0307128

109
-0.049344, -0.0300504, -0.00757393
0.0965345, 0.146578, -0.984478
0.995234, -0.0279235, 0.0934318
-0.013795, -0.988805, -0.148575

110
0.0374495, 0.00590955, 0.0693866
0.320089, -0.929714, -0.18214
-0.765678, -0.36709, 0.528187
-0.557925, -0.0296061, -0.829363

111
-0.0511866, -0.0010338, -0.0140406
-0.0416846, -0.0429722, 0.998206
0.910841, 0.408989, 0.055643
-0.410647, 0.911527, 0.0220923

112
0.0546652, -0.0938361, 0.0762837
0.900109, 0.435242, 0.019183
0.288572, -0.628617, 0.722196
0.326389, -0.64452, -0.691422

113
0.0105, 0.04189, -0.00118427
0.0439532, 0.0179253, 0.998873
0.209063, 0.977536, -0.0267417
-0.976914, 0.210003, 0.0392184

114
0.0154508, -0.0294173, 0.115723
-0.862415, 0.323147, 0.389636
0.064299, -0.693558, 0.717525
0.502102, 0.643858, 0.577357

115
-0.112358, -0.0520064, 0.0512096
0.125845, 0.0136669, -0.991956
0.941023, -0.3182, 0.114999
-0.314068, -0.947925, -0.0529045

116
0.0543422, -0.0456248, 0.0155667
0.051611, -0.00354322, 0.998661
-0.938983, 0.340349, 0.0497343
-0.340069, -0.940293, 0.0142387

117
0.024904, -0.0617342, -0.00818757
-0.0471738, 0.0244535, -0.998587
0.661077, -0.748679, -0.0495633
-0.748834, -0.662481, 0.0191524

118
0.00797381, -0.0209509, -0.0701646
-0.994921, 0.100551, -0.00470577
-0.100386, -0.994571, -0.0274264
-0.00743796, -0.0268147, 0.999613

119
-0.00142943, -0.00682093, -0.0189186
-0.304523, -0.112703, 0.945814
-0.12325, -0.979965, -0.156455
0.944497, -0.164216, 0.284532

120
-0.00833462, -0.00358259, -0.0791357
0.142456, -0.9898, -0.00116671
0.811729, 0.117502, -0.572091
0.566393, 0.0805511, 0.820189

121
-0.00967296, 0.0223248, -0.00962021
0.111961, -0.0464412, 0.992627
0.531499, -0.841217, -0.0993067
0.839627, 0.538699, -0.0695004

122
0.0127594, -0.0283831, -0.0692385
-0.99109, -0.125671, 0.0441324
0.129361, -0.829266, 0.543676
-0.0317267, 0.544541, 0.838134

123
-0.0115474, -0.00741216, 0.00187069
0.0617323, -0.014444, -0.997988
0.89482, 0.443738, 0.0489284
0.442138, -0.89604, 0.0403177

124
-0.0102549, -0.00043827, -0.0747687
0.00794862, -0.0672248, -0.997706
0.998816, 0.0484137, 0.00469538
0.047987, -0.996563, 0.06753

125
-0.0144702, 0.0566756, -7.02417e-05
0.00610717, 0.0535253, 0.998548
0.0855092, 0.994881, -0.0538517
-0.996319, 0.085714, 0.001499

126
0.00703511, -0.00597116, -0.0820011
0.793517, -0.608548, -0.000559204
0.463963, 0.605579, -0.646538
0.393788, 0.51278, 0.762881

127
-0.00974641, -0.00271976, -0.0808374
-0.0117941, -0.0661731, 0.997738
0.999929, 0.0010578, 0.0118902
-0.00184221, 0.997808, 0.0661559

128
0.04174, 0.0707794, 0.100634
0.231101, -0.322452, 0.917942
0.850706, 0.524796, -0.0298249
-0.472115, 0.787791, 0.395592

129
0.0654484, 0.0212819, -0.00807
-0.0471738, 0.0244535, -0.998587
-0.996957, 0.0609514, 0.0485893
0.0620535, 0.997841, 0.0215038

130
-0.0467147, -0.0175739, -0.0679866
0.0438431, -0.032635, -0.998505
0.978567, -0.199892, 0.0495009
-0.201209, -0.979274, 0.0231716

131
-0.134274, -0.0268909, 0.0629551
-0.076387, -0.00634604, -0.997058
0.802374, -0.594027, -0.0576909
-0.591914, -0.80442, 0.0504679

132
0.0475619, 0.0799878, -0.091357
0.900408, -0.43471, -0.0171069
0.237769, 0.524655, -0.817437
0.364323, 0.731959, 0.575764

133
0.0673771, 0.0181124, -0.0256108
-0.0411492, 0.0349782, -0.998541
-0.994073, 0.099218, 0.0444406
0.100628, 0.994451, 0.0306882

134
0.00414046, -0.00584757, -0.0272293
-0.0478964, -0.0332732, 0.998298
0.576213, -0.8173, 0.000405057
0.815895, 0.575251, 0.0583182

135
-0.00371716, 0.00283921, 0.0374532
-0.102901, 0.0267985, 0.994331
0.264997, -0.962771, 0.053372
0.958743, 0.268987, 0.0919688

136
-0.00948885, -0.024734, -0.00712231
-0.391438, 0.54886, 0.738599
-0.482911, -0.805764, 0.342841
0.783309, -0.222477, 0.580458

137
0.0627979, 0.0326375, 0.0281225
-0.0409493, 0.0186084, -0.998988
-0.984427, -0.171822, 0.0371519
-0.170957, 0.984952, 0.0253546

138
-0.0312759, -0.0470633, -0.0525311
-0.0208332, 0.0518418, -0.998438
-0.232251, -0.971586, -0.0456015
-0.972433, 0.230938, 0.0322815

139
0.0043734, -0.00617514, -0.0482853
-0.0654766, -0.00588397, 0.997837
0.567806, -0.822524, 0.0324084
0.820554, 0.5687, 0.057197

140
0.0122368, 0.0608955, 0.0792284
0.0343404, 0.00603858, 0.999392
0.469662, 0.882585, -0.021471
-0.882178, 0.470113, 0.0274723

141
-0.011543, -0.015276, 0.0768324
-0.0251842, -0.044061, 0.998711
0.987154, 0.156576, 0.0318005
-0.157775, 0.986683, 0.0395518

142
0.0111024, 0.0326188, 0.132799
-0.983746, -0.134945, 0.118462
0.0396398, -0.806647, -0.589703
0.175134, -0.575422, 0.798885

143
-0.0271257, 0.0447505, -0.0634286
-0.132406, -0.0051623, 0.991182
0.919318, -0.374498, 0.120855
0.370572, 0.927213, 0.0543314

144
0.019616, 0.00231069, 0.0622266
0.0990504, -0.108749, 0.989122
-0.392057, 0.909343, 0.139238
-0.914593, -0.401583, 0.0474349

145
-0.0402665, -0.0324926, -0.0677042
-0.00766819, -0.0675568, 0.997686
0.52309, 0.85005, 0.0615803
-0.852243, 0.522351, 0.0288199

146
-0.0591941, -0.0374468, 0.0581548
0.125845, 0.0136669, -0.991956
0.650275, 0.753999, 0.0928856
0.749203, -0.656733, 0.0859995

147
-0.0212954, -0.039182, 0.0620699
0.774997, -0.626801, -0.0806248
-0.628385, -0.750747, -0.203742
0.0671772, 0.208563, -0.975699

148
0.0121345, -0.0052501, -0.105009
-0.70693, -0.706637, 0.0302333
0.0657041, -0.0230505, 0.997573
-0.704225, 0.707201, 0.0627241

149
-0.0285412, 0.0718618, 0.0652163
-0.00413453, 0.0416211, 0.999125
0.209787, 0.976936, -0.0398286
-0.977738, 0.209438, -0.0127707

150
0.0177469, -0.0198092, 0.128976
0.900109, 0.435242, 0.019183
-0.141702, 0.334119, -0.931818
-0.411976, 0.83602, 0.362418

151
-0.049659, -0.00997845, -0.000449627
0.0617323, -0.014444, -0.997988
0.945372, -0.319826, 0.0631065
-0.320094, -0.947366, -0.0060887

152
0.0132081, -0.00129234, -0.0839642
0.0624364, 0.0122788, 0.997973
-0.174073, 0.984732, -0.00122533
-0.982751, -0.173644, 0.0636206

153
0.0162374, 0.0605963, -0.00988598
0.0563213, -0.0224302, -0.998161
-0.342482, 0.938654, -0.0404176
0.937835, 0.344129, 0.0451843

154
0.00557474, -0.0613575, -0.0290106
-0.0478964, -0.0332732, 0.998298
-0.533282, -0.84423, -0.053724
0.844581, -0.534947, 0.0226916

155
0.0709304, -0.0104353, 0.0776426
0.0343404, 0.00603858, 0.999392
-0.955895, -0.291662, 0.0346081
0.291693, -0.956502, -0.00424354

156
0.0185041, -0.0634539, 0.0207989
-0.03201, 0.04726, -0.99837
0.575987, -0.815464, -0.0570692
-0.816832, -0.576875, -0.00111815

157
-0.00237005, 0.0035953, -0.0326562
-0.342929, 0.351461, 0.871134
0.159709, -0.892052, 0.422772
0.925685, 0.284109, 0.249779

158
0.0482048, 0.0111265, 0.066064
0.2311, -0.896896, -0.377055
-0.752117, 0.0811527, -0.654014
0.617182, 0.434732, -0.655816

159
-0.0497521, 0.00672576, 0.0122713
-0.0579752, -0.0284967, 0.997911
0.944978, 0.3208, 0.0640609
-0.321956, 0.946718, 0.00833029

160
-0.0128805, 0.0482505, 0.0611037
0.916522, 0.399586, 0.0178535
0.396119, -0.91295, 0.0980437
0.0554763, -0.0827871, -0.995022

161
0.0083553, 0.0242382, 0.071745
0.999951, -0.0075932, 0.00629341
-0.00986037, -0.782159, 0.623
0.000191877, -0.623032, -0.782196

162
0.0373741, 0.0966309, 0.0771436
-0.959492, 0.281018, -0.0201204
0.175288, 0.65135, 0.738253
0.220568, 0.70482, -0.674224

163
0.0507944, -0.0492918, 0.0248453
-0.00387145, -0.0650087, 0.997877
0.247131, -0.966994, -0.0620379
0.968974, 0.246366, 0.0198093

164
0.0397027, 0.00345489, -0.0841737
-0.147896, 0.989001, 0.00199979
-0.711313, -0.107775, 0.694563
0.687139, 0.101301, 0.719429

165
0.0140496, -0.00549358, -0.0752704
0.631678, 0.775218, 0.00437511
-0.647745, 0.530891, -0.546426
-0.425922, 0.342331, 0.837496

166
0.0237942, -0.0245418, 0.0775255
-0.0362648, -0.0392226, 0.998572
0.742404, -0.669953, 0.000646767
0.668971, 0.741367, 0.0534147

167
-0.0440971, -0.00900209, -0.121024
-0.147896, 0.989001, 0.00199979
0.0170939, 0.00457796, -0.999843
-0.988855, -0.147839, -0.017583

168
-0.0380336, -0.049964, -0.00350165
-0.391438, 0.54886, 0.738599
-0.895353, -0.412447, -0.16802
0.212413, -0.727077, 0.652871

169
0.0184896, 0.00605437, 0.0855531
-0.681375, 0.723985, -0.107581
0.223042, 0.0653893, -0.972613
-0.697122, -0.68671, -0.206034

170
-0.00207087, 0.0200571, 0.0203223
0.0392855, 0.0298868, 0.998781
-0.587415, 0.809285, -0.00111138
-0.808332, -0.586656, 0.0493491

171
0.00610198, -0.0122819, 0.0329838
-0.0175493, -0.0620383, 0.997919
0.868644, -0.495194, -0.0155092
0.495125, 0.866565, 0.0625795

172
0.010516, 0.0080049, 0.0258758
0.0235108, 0.0347596, 0.999119
-0.948269, 0.317267, 0.0112765
-0.316595, -0.947699, 0.0404206

173
0.0426128, -0.0432712, 0.0444178
-0.823696, -0.543955, -0.160116
-0.566465, 0.802005, 0.189486
0.025342, 0.246779, -0.96874

174
0.0160674, -0.0643775, -0.013959
-0.0416846, -0.0429722, 0.998206
-0.353691, -0.933746, -0.0549672
0.934433, -0.355348, 0.0237239

175
0.0256687, -0.0241899, 0.0773775
-0.0251842, -0.044061, 0.998711
0.809587, -0.586974, -0.00548097
0.586459, 0.808406, 0.0504537

176
0.0479013, -0.079355, 0.0650966
0.900109, 0.435242, 0.019183
0.39151, -0.827413, 0.402626
0.191112, -0.354897, -0.915163

177
0.0102179, 0.0223864, -0.000821859
0.0439532, 0.0179253, 0.998873
-0.1807, 0.98349, -0.00969791
-0.982556, -0.18007, 0.0464666

178
0.0123095, -0.0185971, 0.099796
-0.862415, 0.323147, 0.389636
0.251551, -0.394371, 0.883852
0.439276, 0.86026, 0.258823

179
-0.0509768, -0.015136, 0.0492812
-0.0248673, -0.0531978, 0.998274
0.809604, 0.584728, 0.0513275
-0.586449, 0.809483, 0.0285285

180
-0.0210487, 0.0682315, -0.0918226
-0.00220876, 0.0987601, 0.995109
0.318597, 0.943325, -0.0929137
-0.947888, 0.316834, -0.0335483

181
-0.0115201, 0.000636841, -0.0274231
-0.0383885, -0.0444046, 0.998276
0.945728, -0.324218, 0.0219461
0.322684, 0.94494, 0.0544409

182
0.0193166, -0.0437263, -0.0464429
-0.034117, -0.045213, 0.998395
-0.000780029, -0.998975, -0.0452659
0.999418, -0.00232311, 0.0340468

183
0.000983925, 0.0170777, 0.0881287
0.929469, 0.368762, 0.0101361
0.159236, -0.425837, 0.890678
0.332764, -0.826243, -0.454523

184
0.0131798, 0.0326971, 0.0724072
-0.992476, 0.122248, 0.00676757
0.0897134, 0.76373, -0.639271
-0.0833184, -0.633855, -0.768952

185
0.00332642, -0.0693387, -0.121517
-0.994921, 0.100551, -0.00470577
0.00743796, 0.0268147, -0.999613
-0.100386, -0.994571, -0.0274264

186
-0.0548168, -0.0476084, -0.0409679
-0.304523, -0.112703, 0.945814
-0.944497, 0.164216, -0.284532
-0.12325, -0.979965, -0.156455

187
-0.0406501, -0.0361321, 0.0253478
-0.00387145, -0.0650087, 0.997877
0.51042, 0.857975, 0.0578748
-0.859916, 0.509561, 0.0298601

188
-0.0086356, 0.0728017, -0.0692684
0.0438431, -0.032635, -0.998505
-0.827079, 0.559428, -0.0546002
0.560374, 0.828236, -0.00246462

189
0.00398994, -0.0265315, 0.0269624
-0.060433, -0.0199212, 0.997973
0.102605, -0.994629, -0.0136412
0.992885, 0.101573, 0.0621525

190
0.00222031, 0.0192305, -0.0671456
0.910661, 0.41314, 0.00360057
-0.413148, 0.910662, 0.00186606
-0.00250796, -0.00318691, 0.999992

191
-0.00490062, -0.0807049, 0.0119467
-0.0293066, 0.0468472, -0.998472
0.501042, -0.863659, -0.0552282
-0.864926, -0.501895, 0.00183848

192
-0.020671, 0.0660341, 0.0630148
0.916522, 0.399586, 0.0178535
0.387196, -0.875137, -0.290198
-0.100335, 0.272885, -0.9568

193
0.0228104, 0.00515008, 0.0823461
0.231101, -0.322452, 0.917942
-0.472115, 0.787791, 0.395592
-0.850706, -0.524796, 0.0298249

194
-0.0579009, -0.0515854, 0.097302
0.816291, -0.0219639, 0.577223
-0.57762, -0.0225032, 0.815996
-0.00493304, -0.999505, -0.0310559

195
0.0136143, 0.0213985, 0.00301013
0.0617323, -0.014444, -0.997988
0.320094, 0.947366, 0.0060887
0.945372, -0.319826, 0.0631065

196
0.0243558, 0.0158677, -0.0755916
0.00794862, -0.0672248, -0.997706
0.672338, 0.73891, -0.0444308
0.740202, -0.670442, 0.0510711

197
-0.00294443, -0.000820003, 0.00132794
0.0965345, 0.146578, -0.984478
0.393605, 0.902851, 0.17302
0.914197, -0.404197, 0.0294626

198
-0.0123144, 0.0373131, 0.00095446
0.00610717, 0.0535253, 0.998548
-0.302274, 0.951951, -0.0491788
-0.953201, -0.301535, 0.021993

199
0.00390323, -0.00116823, -0.0595228
-0.132406, -0.0051623, 0.991182
0.00944412, -0.999948, -0.00394638
0.991151, 0.00883832, 0.132447

200
0.00383763, -0.00767643, 0.0149734
-0.0579752, -0.0284967, 0.997911
0.659076, -0.751888, 0.0168189
0.749839, 0.658674, 0.0623724

201
0.0298285, 0.00948865, 0.035424
-0.0362336, 0.0364363, -0.998679
-0.702921, -0.711268, -0.000447222
-0.710345, 0.701976, 0.0513837

202
-0.00386338, -0.0600765, 0.000589236
-0.0162805, -0.0917566, 0.995648
-0.630746, -0.771704, -0.0814322
0.775818, -0.629327, -0.0453114

203
0.0337488, -0.00301448, 0.0900333
-0.124284, 0.025317, -0.991924
0.0247315, -0.999285, -0.0286037
-0.991938, -0.0280868, 0.123569

204
-0.00882369, -0.0160945, -0.0513916
-0.0208332, 0.0518418, -0.998438
-0.85184, -0.523718, -0.00941867
-0.523388, 0.850313, 0.0550716

205
-0.0033412, -0.0195101, -0.0725337
0.793517, -0.608548, -0.000559204
0.579342, 0.755715, -0.305381
0.186262, 0.242001, 0.95223

206
0.0213844, 0.0264704, 0.0996113
-0.870089, 0.329612, 0.36647
0.31298, -0.204911, 0.927392
0.380773, 0.921611, 0.0751289

207
-0.0310663, -0.0231111, 0.0989185
0.2311, -0.896896, -0.377055
0.0954137, -0.364786, 0.92619
-0.96824, -0.250019, 0.0012742

208
-0.011809, -0.000124427, 0.132048
0.579133, -0.809692, 0.0948913
0.348678, 0.140799, -0.926606
0.736905, 0.569714, 0.363863

209
0.0247706, -0.0164218, -0.070658
-0.70693, -0.706637, 0.0302333
0.544422, -0.516366, 0.661038
-0.451502, 0.483767, 0.749743

210
0.0527284, 0.00336645, 0.0702544
-0.0242868, 0.0276867, -0.999322
-0.999629, -0.0130183, 0.0239336
-0.0123469, 0.999532, 0.0279926

211
0.068874, -0.0466643, -0.0762126
0.607671, 0.794032, 0.0158055
-0.702437, 0.528074, 0.4772
0.370565, -0.301083, 0.878653

212
0.0365716, -0.0716535, -0.0848618
-0.0117941, -0.0661731, 0.997738
-0.380954, -0.922259, -0.0656703
0.924519, -0.380867, -0.0143317

213
0.0140663, -0.0163958, -0.108293
-0.983598, -0.180344, -0.0034025
0.0460022, -0.232567, -0.971492
0.174411, -0.955714, 0.237049

214
-0.0298309, -0.0220273, 0.0760734
-0.0251842, -0.044061, 0.998711
0.851633, 0.522244, 0.0445156
-0.523533, 0.851657, 0.0243715

215
-0.0129697, 7.71481e-05, -0.0123968
-0.0416846, -0.0429722, 0.998206
0.934433, -0.355348, 0.0237239
0.353691, 0.933746, 0.0549672

216
-0.021573, 0.0309734, -0.0512614
-0.342929, 0.351461, 0.871134
0.76749, -0.429881, 0.475565
0.541627, 0.831671, -0.122324

217
0.0101021, -0.0261747, 0.022833
-0.03201, 0.04726, -0.99837
-0.170303, -0.984532, -0.0411447
-0.984872, 0.168708, 0.0395634

218
0.00132703, -0.00500371, 0.00574949
-0.0162805, -0.0917566, 0.995648
0.475386, -0.876741, -0.0730251
0.879626, 0.472129, 0.0578936

219
0.0285002, -0.0161076, -0.0660662
-0.00766819, -0.0675568, 0.997686
0.852243, -0.522351, -0.0288199
0.52309, 0.85005, 0.0615803

220
0.0120605, -0.0236753, -0.0274435
-0.0478964, -0.0332732, 0.998298
0.220122, -0.975226, -0.0219432
0.974296, 0.218696, 0.054034

221
0.0501709, 0.0466674, 0.0161098
0.051611, -0.00354322, 0.998661
0.904427, 0.424224, -0.0452358
-0.423496, 0.90555, 0.0250992

222
-0.0122505, -0.0117125, 0.0767204
-0.0362648, -0.0392226, 0.998572
0.997992, 0.0504976, 0.0382273
-0.0519249, 0.997954, 0.0373126

223
-0.00685842, 0.0115893, 0.0918846
-0.600155, 0.775029, -0.197851
0.194335, 0.381217, 0.903829
0.775918, 0.503988, -0.379405

224
-0.00272586, 0.00846407, -0.126362
0.631678, 0.775218, 0.00437511
0.14562, -0.11311, -0.982854
-0.761431, 0.621484, -0.184336

225
0.016072, -0.00838278, -0.08616
-0.70693, -0.706637, 0.0302333
0.330198, -0.29193, 0.897634
-0.625475, 0.644547, 0.439704

226
0.00869887, 0.00634857, -0.021412
-0.00437523, -0.0564777, -0.998394
0.982338, 0.186524, -0.0148562
0.187063, -0.980826, 0.0546641

227
0.0719024, -0.000188696, 0.0696899
-0.0242868, 0.0276867, -0.999322
-0.928262, 0.370477, 0.032824
0.371134, 0.928429, 0.0167028

228
0.0159789, 0.0522356, 0.101989
0.94029, 0.34026, -0.00876646
0.0933002, -0.282428, -0.954741
-0.327336, 0.896916, -0.29731

229
0.0644978, 0.0436593, 0.0472242
-0.681375, 0.723985, -0.107581
0.697122, 0.68671, 0.206034
0.223042, 0.0653893, -0.972613

230
-0.0183117, 0.064923, -0.117052
0.910661, 0.41314, 0.00360057
0.00250796, 0.00318691, -0.999992
-0.413148, 0.910662, 0.00186606

231
0.0239171, -0.0301793, 0.074745
0.900109, 0.435242, 0.019183
0.326389, -0.64452, -0.691422
-0.288572, 0.628617, -0.722196

232
0.0145666, -0.0776168, -0.0775887
-0.0461755, -0.0404955, 0.998112
-0.618512, -0.783451, -0.0604004
0.784418, -0.620133, 0.0111293

233
-0.00929163, -0.0100884, -0.0659491
-0.00766819, -0.0675568, 0.997686
0.972507, 0.231718, 0.0231651
-0.232747, 0.970434, 0.0639226

234
0.0310702, 0.00264581, 0.00254739
0.00610717, 0.0535253, 0.998548
-0.996319, 0.085714, 0.001499
-0.0855092, -0.994881, 0.0538517

235
0.0317502, -0.00611096, 0.0143708
-0.0293066, 0.0468472, -0.998472
-0.990828, -0.133183, 0.0228335
-0.13191, 0.989984, 0.0503207

236
-0.0111957, -0.0622693, 0.0129965
-0.0293066, 0.0468472, -0.998472
0.13191, -0.989984, -0.0503207
-0.990828, -0.133183, 0.0228335

237
-0.0114952, 0.00249202, -0.0454027
-0.034117, -0.045213, 0.998395
0.923043, -0.384437, 0.0141326
0.383181, 0.922043, 0.0548494

238
-0.029664, 0.0616641, -0.0820688
0.0498099, -0.0325019, -0.99823
-0.964376, 0.258425, -0.0565349
0.259805, 0.965484, -0.0184719

239
0.0197143, -0.0834979, -0.0699936
-0.99109, -0.125671, 0.0441324
0.078816, -0.820436, -0.566279
0.107373, -0.557755, 0.823031

240
0.0188259, -0.0263737, 0.0504212
-0.0248673, -0.0531978, 0.998274
0.586449, -0.809483, -0.0285285
0.809604, 0.584728, 0.0513275

241
-0.00805339, 0.0202687, 0.0674503
-0.00413453, 0.0416211, 0.999125
-0.823031, 0.567353, -0.0270404
-0.567982, -0.822422, 0.0319097

242
-0.0108093, 0.00651264, -0.0213358
-0.00437523, -0.0564777, -0.998394
0.979148, -0.20302, 0.00719366
-0.203101, -0.977544, 0.0561883

243
0.016141, 0.0407429, 0.00288645
0.0617323, -0.014444, -0.997988
-0.0660496, 0.997644, -0.0185246
0.995905, 0.0670602, 0.0606329

244
0.0344032, 0.0325579, -0.0766362
0.00794862, -0.0672248, -0.997706
0.337896, 0.939231, -0.0605928
0.94115, -0.33664, 0.0301806

245
0.0461413, 0.0636747, -0.0823948
0.0417542, 0.0406911, 0.998299
0.945105, 0.322494, -0.0526744
-0.324089, 0.945696, -0.0249919

246
-0.042172, -0.0364481, 0.0490307
-0.603028, 0.795414, 0.060607
0.797662, 0.600323, 0.0578682
0.00964546, 0.08324, -0.996483

247
-0.0892134, -0.0420527, 0.0595994
-0.076387, -0.00634604, -0.997058
0.98591, 0.14877, -0.0764798
0.148818, -0.988851, -0.00510749

248
-0.0272249, -0.0176715, -0.0671276
0.0438431, -0.032635, -0.998505
0.981077, 0.190076, 0.0368654
0.188589, -0.981227, 0.0403509

249
-0.00567539, 0.0366674, -0.0709159
0.910661, 0.41314, 0.00360057
-0.380739, 0.842562, -0.380956
-0.160422, 0.345551, 0.924586

250
0.00856674, -0.00648548, -0.0755931
0.840409, -0.541949, 0.00210809
0.483706, 0.748325, -0.453914
0.244421, 0.382493, 0.891043

251
0.0635521, -0.0230223, 0.0649093
-0.202039, -0.978791, -0.0338886
-0.957869, 0.204696, -0.201464
0.204128, -0.0082427, -0.97891

252
-0.0123377, -0.00124217, -0.0481717
-0.0222932, -0.0556889, 0.998199
0.968929, -0.247213, 0.00784766
0.246331, 0.967359, 0.0594698

253
0.0128028, 0.0163683, 0.127874
-0.959492, 0.281018, -0.0201204
-0.0775371, -0.332046, -0.940071
-0.270858, -0.90043, 0.340385

254
0.0104158, 0.00522359, -0.0854995
-0.00220876, 0.0987601, 0.995109
-0.947888, 0.316834, -0.0335483
-0.318597, -0.943325, 0.0929137

255
-0.066774, 0.0444991, -0.0264073
-0.256991, -0.00320853, 0.966408
0.949046, 0.187895, 0.252998
-0.182395, 0.982184, -0.0452422

256
-0.00945952, 0.012906, -0.0144637
0.137027, 0.00125794, -0.990567
-0.228318, 0.973114, -0.0303479
0.963895, 0.230323, 0.13363

257
-0.0137646, -0.00631733, 0.0506781
-0.0248673, -0.0531978, 0.998274
0.987159, -0.158926, 0.0161213
0.157794, 0.985856, 0.0564668

258
0.031897, -0.0451196, 0.058124
0.910876, 0.412574, 0.00931889
0.409513, -0.906448, 0.103202
0.0510256, -0.0901881, -0.994617

259
0.0571179, -0.0405839, -0.0758788
0.631678, 0.775218, 0.00437511
-0.641382, 0.519436, 0.564637
0.435445, -0.359475, 0.825328

260
0.0729064, -0.00800259, 0.0759424
-0.018312, 0.0336245, -0.999267
-0.892228, 0.450484, 0.0315089
0.451213, 0.892151, 0.0217514

261
0.0065579, 0.0238463, -0.0707324
-0.983598, -0.180344, -0.0034025
0.178739, -0.971964, -0.152769
0.0242439, -0.150872, 0.988256

262
0.0449652, -0.0762567, 0.075567
-0.0251842, -0.044061, 0.998711
-0.232002, -0.971495, -0.0487106
0.972389, -0.23293, 0.014244

263
0.0113912, 0.00514852, -0.0934013
0.900408, -0.43471, -0.0171069
0.245601, 0.475465, 0.844756
-0.359091, -0.764827, 0.534878

264
-0.011092, 0.00144629, -0.075568
-0.0461755, -0.0404955, 0.998112
0.961402, -0.273115, 0.0333964
0.271247, 0.961129, 0.0515437

265
-0.0523965, -0.0802995, 0.0827739
0.774997, -0.626801, -0.0806248
-0.302536, -0.479986, 0.82346
-0.554844, -0.613786, -0.561617

266
0.0267831, 0.0136506, -0.0219043
-0.00437523, -0.0564777, -0.998394
0.835976, 0.547671, -0.0346444
0.548748, -0.834785, 0.0448178

267
-0.07688, 0.0375303, 0.0841017
0.0677658, 0.0755112, 0.99484
0.961998, 0.259419, -0.0852193
-0.264515, 0.962808, -0.0550618

268
-0.00290269, 0.0202459, 0.00181175
0.00610717, 0.0535253, 0.998548
-0.64404, 0.764096, -0.0370189
-0.764968, -0.642878, 0.0391388

269
0.0116073, 0.0169818, 0.125672
-0.992476, 0.122248, 0.00676757
-0.0426444, -0.293338, -0.955057
-0.114769, -0.94816, 0.296345

270
0.0278667, -0.0187114, 0.0267485
-0.00387145, -0.0650087, 0.997877
0.859916, -0.509561, -0.0298601
0.51042, 0.857975, 0.0578748

271
0.00870111, 0.0610159, 0.0611736
0.999951, -0.0075932, 0.00629341
-0.00683666, -0.99362, -0.112568
0.00710801, 0.11252, -0.993624

272
0.0081659, 0.0116436, 0.0866427
0.999951, -0.0075932, 0.00629341
-0.00918322, -0.484197, 0.874911
-0.00359613, -0.874926, -0.484243

273
-0.0320188, -0.0665327, -0.0535265
-0.0208332, 0.0518418, -0.998438
0.157562, -0.986005, -0.0544839
-0.987289, -0.158451, 0.0123733

274
0.070877, -0.0150429, 0.0631515
0.231101, -0.322452, 0.917942
-0.96662, -0.183373, 0.178941
0.110626, -0.928654, -0.354066

275
0.0354534, -0.0401824, 0.0773346
-0.0362648, -0.0392226, 0.998572
0.429887, -0.902664, -0.0198434
0.902154, 0.428554, 0.0495963

276
-0.0141545, -0.0170491, 0.0839718
0.0677658, 0.0755112, 0.99484
-0.123761, -0.988794, 0.0834825
0.989996, -0.128779, -0.0576612

277
0.011405, -0.000463368, 0.0840563
0.910876, 0.412574, 0.00931889
0.203855, -0.430206, -0.879412
-0.358814, 0.802936, -0.47597

278
0.0281385, -0.017201, 0.0237393
-0.000830813, -0.0643907, 0.997924
0.890053, -0.454957, -0.0286149
0.455856, 0.888182, 0.0576892

279
0.00890956, -0.0340733, 0.0617743
0.999936, -0.00747225, 0.00844708
0.000124268, -0.741658, -0.670778
0.0112771, 0.670737, -0.74161

280
0.0515299, -0.0123755, 0.078321
0.0343404, 0.00603858, 0.999392
-0.994758, 0.0965773, 0.0335977
-0.0963157, -0.995307, 0.00932343

281
0.0196321, -0.062821, -0.0290479
-0.0383885, -0.0444046, 0.998276
-0.322684, -0.94494, -0.0544409
0.945728, -0.324218, 0.0219461

282
0.0166713, -0.011751, 0.069041
0.910876, 0.412574, 0.00931889
0.32565, -0.704728, -0.630325
-0.253489, 0.577183, -0.776275

283
0.0146117, 0.0223702, -0.00911871
0.0563213, -0.0224302, -0.998161
0.420978, 0.907065, 0.0033706
0.905321, -0.420393, 0.0605297

284
-0.0216396, 0.0342547, 0.0668115
-0.00413453, 0.0416211, 0.999125
-0.543024, 0.838893, -0.0371933
-0.839707, -0.542702, 0.0191328

285
-0.00976344, 0.033825, 0.0671784
0.89086, 0.453907, 0.0183282
0.41803, -0.834902, 0.358035
0.177817, -0.311298, -0.933528

286
0.000496541, -0.0488711, 0.0758941
-0.018312, 0.0336245, -0.999267
-0.0754258, -0.996633, -0.0321537
-0.996983, 0.0747817, 0.0207865

287
0.0135946, -0.0245701, 0.0150579
-0.0579752, -0.0284967, 0.997911
0.321956, -0.946718, -0.00833029
0.944978, 0.3208, 0.0640609

288
-0.00562258, -0.0112861, 0.0824611
-0.603028, 0.795414, 0.060607
0.296341, 0.15283, 0.942775
0.740634, 0.58648, -0.327874

289
0.0233668, 0.0162767, -0.124064
0.840409, -0.541949, 0.00210809
-0.0407091, -0.0670062, -0.996922
0.540422, 0.837736, -0.0783748

290
-0.0100108, -0.0132604, 0.0269567
-0.00387145, -0.0650087, 0.997877
0.968974, 0.246366, 0.0198093
-0.247131, 0.966994, 0.0620379

291
-0.00900987, -0.0118321, -0.068889
0.000504902, -0.0692551, 0.997599
0.937824, 0.346311, 0.0235669
-0.347111, 0.93556, 0.0651239

292
-0.00650861, 0.0148763, -0.0864951
-0.00220876, 0.0987601, 0.995109
-0.753812, 0.653711, -0.0665511
-0.657086, -0.750272, 0.0730027

293
0.0101443, 0.0240257, 0.117303
-0.917981, -0.312705, 0.243981
0.022744, -0.655635, -0.754736
0.395972, -0.687284, 0.608972

294
0.0144139, 0.00366445, -0.0972756
0.793517, -0.608548, -0.000559204
0.27795, 0.36325, -0.889266
0.541364, 0.705492, 0.457391

295
0.0275033, 0.0376446, -0.0334904
0.0477344, -0.0347279, -0.998256
0.176443, 0.983973, -0.0257939
0.983153, -0.174904, 0.0530968

296
-0.0507845, 0.0181213, 0.0245369
-0.060433, -0.0199212, 0.997973
0.992885, 0.101573, 0.0621525
-0.102605, 0.994629, 0.0136412

297
-0.0288722, -0.00653768, -0.0813167
-0.0117941, -0.0661731, 0.997738
0.923109, 0.382822, 0.0363018
-0.384358, 0.921449, 0.0565699

298
0.0243965, 0.0184073, 0.0173415
0.051611, -0.00354322, 0.998661
0.340069, 0.940293, -0.0142387
-0.938983, 0.340349, 0.0497343

299
-0.0305199, 0.00301404, -0.0764032
-0.0461755, -0.0404955, 0.998112
0.992021, 0.115483, 0.0505791
-0.117313, 0.992484, 0.0348399

300
0.0174729, 0.0384234, -0.0801665
0.0417542, 0.0406911, 0.998299
0.439124, 0.896746, -0.0549183
-0.897455, 0.440671, 0.0195745

301
-0.0633138, -0.0114968, -0.0780244
0.142456, -0.9898, -0.00116671
0.833915, 0.119386, 0.538826
-0.533191, -0.0777322, 0.842416

302
