0
0.010339, -0.0086309, 0.0376339
0.0192763, 0.11492, -0.993188
0.309343, 0.943944, 0.115226
0.950755, -0.309456, -0.017354

1
0.00602717, -0.0161684, 0.0371332
0.123961, -0.026708, -0.991928
0.816059, 0.571444, 0.0865966
0.564518, -0.820206, 0.0926321

2
-0.0122534, -0.00932342, 0.0365477
-0.0929211, -0.0344671, 0.995077
-0.32513, 0.945666, 0.00239468
-0.941093, -0.323307, -0.0990787

3
-0.00974698, -0.000455325, 0.0356974
-0.0369002, -0.0638068, -0.99728
-0.45257, -0.888686, 0.0736044
-0.890965, 0.454055, 0.00391562

4
-0.0101092, -0.0142753, 0.0371639
0.186944, 0.111524, 0.97602
-0.670244, 0.740852, 0.0437239
-0.71821, -0.662345, 0.213246

5
0.00571914, 0.00748068, 0.0371969
-0.193949, -0.0844032, 0.977374
0.905113, -0.399647, 0.145098
0.378357, 0.912775, 0.153906

6
0.0131617, -0.000898163, 0.0385109
-0.176142, -0.0391582, 0.983586
0.267901, -0.963398, 0.00962173
0.947208, 0.265198, 0.180186

7
0.0120216, -0.00246301, 0.039204
-0.128978, -0.0508075, 0.990345
0.119612, -0.992192, -0.0353245
0.984407, 0.113902, 0.134048

8
0.0072054, -0.0029746, 0.0160243
0.0602417, -0.99464, -0.0840318
-0.868555, -0.0937197, 0.48665
-0.491917, 0.0436697, -0.869546

9
0.00553077, -0.0018658, 0.0412467
-0.605616, 0.795746, -0.00419077
-0.570665, -0.430632, 0.699212
0.55459, 0.425846, 0.714902

10
-0.00934807, 0.000892625, 0.0351614
-0.184021, 0.0345373, -0.982315
-0.537428, -0.840304, 0.0711342
-0.822987, 0.541014, 0.173195

11
-0.0103993, -0.00974203, 0.0359356
-0.0820372, -0.234356, 0.968683
-0.419563, 0.889756, 0.179728
-0.904012, -0.391679, -0.17132

12
-0.00308464, -0.0110341, 0.04268
-0.757869, 0.649262, 0.0639796
-0.51716, -0.538081, -0.665593
-0.397718, -0.537521, 0.743567

13
0.00607176, 0.00572581, 0.0388828
-0.340835, -0.304504, 0.889443
0.857491, -0.488549, 0.161334
0.38541, 0.817678, 0.427624

14
0.000900199, -0.007034, 0.0247684
0.641558, 0.766018, 0.0402472
0.562087, -0.505168, 0.654876
0.521979, -0.397518, -0.754664

15
-0.00490126, -0.0138374, 0.0351478
0.0697935, -0.321288, 0.944406
-0.866627, 0.44934, 0.216912
-0.494051, -0.833587, -0.247076

16
-0.00461283, -0.00873767, 0.0405699
-0.500024, 0.865652, 0.0249705
-0.616416, -0.33551, -0.712365
-0.608282, -0.371592, 0.701365

17
-0.00441153, -0.0176769, 0.0375233
0.169211, 0.238057, 0.956398
-0.937441, 0.338442, 0.081615
-0.304256, -0.910377, 0.280433

18
-0.00475427, -0.00958627, 0.0424237
-0.582285, 0.812957, -0.00679512
-0.59768, -0.433728, -0.674284
-0.551111, -0.388564, 0.738441

19
0.0067309, -0.0130282, 0.0399451
-0.74872, -0.66254, 0.0214195
0.323494, -0.393395, -0.860577
0.578593, -0.637402, 0.50887

20
-0.00678598, 0.004007, 0.0314743
-0.76659, -0.632179, -0.112646
-0.359982, 0.27782, 0.890634
-0.531745, 0.723302, -0.440547

21
-0.00604083, -0.00653878, 0.0410943
-0.00368219, 0.992935, 0.118604
-0.717215, 0.0800273, -0.692241
-0.696842, -0.0876138, 0.711853

22
-0.00621802, 0.00133371, 0.0411696
-0.701991, -0.7111, 0.0393078
0.486217, -0.438198, 0.756026
-0.520386, 0.549836, 0.65336

23
0.00101892, -0.00225459, 0.0425124
0.99899, -0.0323169, -0.0312173
0.00719041, 0.800792, -0.598899
0.0443532, 0.59807, 0.800216

24
0.00310793, -0.00200441, 0.0431303
0.773784, -0.630199, 0.0640873
0.543043, 0.607856, -0.579324
0.326133, 0.483073, 0.812574

25
0.00281864, -0.00451211, 0.0422797
0.295966, -0.954878, -0.0247371
0.813668, 0.265594, -0.517111
0.500348, 0.132919, 0.855561

26
-0.00495849, -0.0159997, 0.0394113
-0.902168, 0.430358, 0.0297607
-0.21289, -0.384158, -0.898388
-0.375195, -0.816832, 0.438194

27
-0.00797255, 0.00281717, 0.0351661
-0.352055, -0.0279444, -0.935562
-0.647911, -0.714081, 0.26514
-0.675476, 0.699505, 0.23329

28
0.00468234, 0.00544732, 0.0372
-0.381326, -0.190075, 0.904689
0.852465, -0.450887, 0.264583
0.357622, 0.872108, 0.333968

29
-0.001637, 0.00252307, 0.0399826
-0.960677, -0.274665, 0.040741
0.203637, -0.59717, 0.775835
-0.188765, 0.753623, 0.629619

30
-0.00621802, 0.00133371, 0.0411696
-0.701991, -0.7111, 0.0393078
0.486217, -0.438198, 0.756026
-0.520386, 0.549836, 0.65336

31
-0.0161616, 0.00763603, 0.0322726
-0.244175, 0.0785371, 0.966546
0.953019, 0.20368, 0.224208
-0.179258, 0.975882, -0.124581

32
0.000303526, -0.00185311, 0.0254812
-0.993447, 0.00752609, -0.114048
-0.070395, 0.745825, 0.662412
0.0900453, 0.666099, -0.740408

33
0.0102459, -0.00749737, 0.0400704
-0.535156, -0.0552326, 0.842946
-0.162923, -0.972377, -0.167148
0.828893, -0.226786, 0.511375

34
-0.0050133, -0.00745648, 0.0405576
-0.220556, 0.970239, 0.0999588
-0.702841, -0.0870347, -0.706003
-0.676291, -0.225968, 0.70112

35
0.00791157, -0.00614228, 0.0423729
0.28885, -0.828998, -0.478882
0.628477, 0.541526, -0.55836
0.722206, -0.139684, 0.677426

36
0.00729073, -0.0133416, 0.0371202
0.309131, 0.269868, -0.911926
0.632959, 0.657282, 0.409076
0.709789, -0.70367, 0.0323713

37
-0.00823343, -0.00688438, 0.0417596
-0.0447171, 0.994794, 0.0915753
-0.670353, 0.0380852, -0.741064
-0.740694, -0.094526, 0.66516

38
-0.00919309, -0.00823909, 0.0305495
0.302894, -0.952377, -0.0351137
-0.48584, -0.186004, 0.854027
-0.819887, -0.24162, -0.519042

39
-0.00188708, -0.00654197, 0.0445316
-0.0377597, 0.999208, 0.0125215
-0.900234, -0.028575, -0.434469
-0.433767, -0.0276777, 0.9006

40
-0.000118137, 0.00296136, 0.0408006
-0.990653, -0.113713, 0.0753343
0.13089, -0.63705, 0.759628
-0.038388, 0.762389, 0.645979

41
0.00194717, -0.0142982, 0.0312572
-0.951865, -0.290507, -0.0977716
-0.0468413, 0.453091, -0.890233
0.302918, -0.842801, -0.444889

42
-0.000440059, -0.00493266, 0.0240076
0.0563661, 0.997988, -0.0290246
0.829822, -0.0306635, 0.557185
0.555174, -0.0554916, -0.829881

43
0.000574019, -0.0117465, 0.0290121
0.999369, 0.0293749, 0.0199652
0.00210475, -0.610114, 0.792311
0.0354551, -0.791769, -0.609791

44
0.00154208, -0.00553053, 0.0539748
-0.832114, -0.552266, 0.0508731
0.463087, -0.641398, 0.611686
-0.305184, 0.532551, 0.789463

45
-0.00444706, 0.00638254, 0.0357855
-0.000945731, -0.0573422, -0.998354
-0.952363, -0.304413, 0.0183867
-0.304967, 0.950813, -0.0543227

46
0.000877603, -0.00662507, 0.0455505
-0.524932, -0.846671, -0.0871462
0.803236, -0.458917, -0.379746
0.281527, -0.26934, 0.920977

47
-0.0012532, -0.00869988, 0.0433803
-0.856845, 0.515538, -0.00604519
-0.418523, -0.702354, -0.575794
-0.301089, -0.490836, 0.817573

48
-0.00482115, 0.00215943, 0.0409313
-0.751432, -0.647922, 0.124686
0.498335, -0.433454, 0.750853
-0.432448, 0.62635, 0.648594

49
-0.000694614, -0.0199358, 0.0380359
-0.996788, 0.0352464, -0.0719083
0.0794447, 0.548276, -0.832516
0.0100825, -0.835555, -0.549315

50
0.00145891, -0.0157246, 0.029628
-0.989319, -0.0543595, -0.135252
0.0918944, 0.487676, -0.868175
0.113153, -0.871331, -0.477472

51
0.00506594, -0.00914353, 0.0531489
-0.701991, -0.7111, 0.0393078
0.648349, -0.615255, 0.448447
-0.294706, 0.340291, 0.892945

52
0.00275587, 0.00781905, 0.0370368
-0.244175, 0.0785371, 0.966546
0.949074, -0.185278, 0.254816
0.199092, 0.979543, -0.0292972

53
0.00875703, -0.00881018, 0.0413225
-0.652302, -0.111858, 0.74966
-0.167961, -0.943129, -0.286874
0.739115, -0.313042, 0.596417

54
-0.00832209, -0.0207913, 0.0311734
-0.871232, 0.490847, -0.00480203
-0.30769, -0.553706, -0.773781
-0.382467, -0.672665, 0.633435

55
0.00366038, -0.0170079, 0.0332094
0.941439, 0.320905, 0.103504
-0.00111389, -0.304005, 0.95267
0.337182, -0.896995, -0.285845

56
-0.00754143, -0.00493406, 0.0286455
0.0602417, -0.99464, -0.0840318
-0.614192, -0.103297, 0.782367
-0.786854, 0.00448055, -0.617123

57
0.00247825, 0.00943624, 0.0277645
-0.995164, 0.0973865, -0.0128508
0.0651245, 0.752037, 0.655896
0.0735396, 0.651886, -0.754742

58
0.00239837, -0.00777699, 0.0160688
0.941439, 0.320905, 0.103504
0.128005, -0.624129, 0.770764
0.311942, -0.712378, -0.628657

59
-0.000979023, -0.00763646, 0.0435682
-0.871232, 0.490847, -0.00480203
-0.430632, -0.768975, -0.472475
-0.235606, -0.409568, 0.881331

60
0.00751055, -0.00168845, 0.033027
-0.399176, 0.91677, 0.0138251
0.380517, 0.151926, 0.912209
0.834186, 0.369393, -0.409492

61
-0.000963537, -0.00723788, 0.044907
-0.422949, 0.904469, 0.0552296
-0.833594, -0.36446, -0.415078
-0.355296, -0.221596, 0.908108

62
-0.006312, 0.00134104, 0.0383758
-0.681603, -0.726622, 0.0862417
0.443153, -0.316135, 0.838853
-0.582265, 0.609983, 0.537483

63
0.00297788, -0.0117716, 0.0524312
-0.960677, -0.274665, 0.040741
0.260374, -0.840112, 0.475833
-0.0964677, 0.46773, 0.878591

64
0.00176387, 0.00302123, 0.0307886
-0.968344, 0.241228, -0.0641815
0.0711952, 0.513337, 0.855229
0.239252, 0.823586, -0.514261

65
0.00355991, -0.000250114, 0.0401575
-0.850668, 0.521217, -0.068529
-0.404997, -0.566644, 0.71756
0.335173, 0.638159, 0.693117

66
-0.00220246, -0.0122957, 0.0313451
-0.891546, 0.43486, -0.126655
0.320464, 0.408026, -0.854879
-0.320074, -0.802752, -0.503131

67
-0.00527048, -0.00390213, 0.0266343
-0.202842, -0.979196, -0.00540339
-0.703208, 0.141826, 0.696695
-0.681435, 0.145119, -0.717347

68
0.00078712, -0.00626487, 0.0241971
-0.996788, 0.0352464, -0.0719083
0.0695389, 0.826294, -0.55893
0.0397171, -0.562136, -0.826091

69
0.01078, 0.00299959, 0.0379247
-0.287482, 0.00909726, 0.957743
0.556433, -0.812311, 0.174738
0.779575, 0.583154, 0.228462

70
0.0133249, -0.00530818, 0.0378274
0.0563661, 0.997988, -0.0290246
0.5542, -0.00709366, 0.832353
0.830473, -0.063002, -0.553485

71
0.0011353, -0.0146869, 0.0409638
-0.861704, -0.407261, -0.302662
0.479253, -0.457305, -0.749125
0.166681, -0.790576, 0.589243

72
-0.0140923, -0.0137431, 0.0242699
-0.500024, 0.865652, 0.0249705
-0.336715, -0.167769, -0.92654
-0.797872, -0.4717, 0.375366

73
-0.0101994, -0.00932744, 0.0317187
0.301131, -0.945817, 0.12145
-0.451328, -0.0291708, 0.891881
-0.840014, -0.323387, -0.435658

74
0.0105636, -0.0218813, 0.0380179
-0.128978, -0.0508075, 0.990345
-0.266209, -0.960254, -0.0839335
0.955247, -0.274464, 0.110326

75
-0.00693752, -0.0124413, 0.0346008
-0.695572, 0.711265, -0.101394
0.295716, 0.154813, -0.942648
-0.654776, -0.685664, -0.318016

76
-0.0174614, -0.00698338, 0.0327907
-0.0377597, 0.999208, 0.0125215
-0.665712, -0.015808, -0.746041
-0.745253, -0.036506, 0.665782

77
0.00367135, 0.00983994, 0.0317703
-0.976323, 0.215772, -0.0153467
0.148383, 0.719649, 0.678298
0.157402, 0.659961, -0.734627

78
0.001474, -0.00606782, 0.0431591
-0.422758, -0.903758, -0.067061
0.806431, -0.341404, -0.482817
0.413455, -0.258195, 0.87315

79
-0.0103852, -0.00620405, 0.0324822
0.0728728, -0.99672, 0.0351976
-0.421858, 0.00117418, 0.906661
-0.903728, -0.0809194, -0.420389

80
0.012916, -0.0120243, 0.0294031
0.410732, 0.910845, 0.0407606
0.647115, -0.322717, 0.690722
0.642294, -0.257325, -0.721971

81
0.000911622, -0.00979032, 0.0538093
-0.554564, 0.808368, 0.197482
-0.594553, -0.550949, 0.58563
0.582207, 0.207355, 0.786154

82
0.00178252, -0.00567628, 0.0415515
-0.434264, -0.900554, -0.0204311
0.762479, -0.355416, -0.540652
0.479625, -0.250364, 0.840998

83
-0.00186708, 0.0110003, 0.0224482
-0.980264, -0.19531, -0.0306072
-0.183576, 0.841829, 0.507566
-0.0733669, 0.503167, -0.861069

84
-0.0150155, -0.0191877, 0.0370909
-0.0369002, -0.0638068, -0.99728
-0.0771629, -0.994798, 0.0665032
-0.996335, 0.079407, 0.0317847

85
0.0106565, -0.0160901, 0.0268738
0.629987, 0.770085, 0.100429
0.560924, -0.540641, 0.626954
0.537104, -0.33864, -0.772556

86
0.00387237, -0.00415296, 0.0518362
-0.595876, -0.783788, 0.174954
0.672742, -0.368204, 0.641751
-0.438578, 0.500103, 0.746691

87
-0.0148927, 0.0100016, 0.0369706
-0.0929211, -0.0344671, 0.995077
0.0597598, 0.997406, 0.0401282
-0.993878, 0.0631944, -0.0906204

88
0.0134676, -0.00390423, 0.037891
-0.054116, 0.997873, -0.0363495
0.550126, 0.0601745, 0.832911
0.833326, 0.025077, -0.552212

89
-0.00107529, -0.00388644, 0.0169523
-0.927556, -0.354613, -0.117858
-0.326107, 0.922149, -0.208075
0.182469, -0.154567, -0.970986

90
-0.00351735, 0.00262012, 0.0308119
-0.808208, -0.559542, -0.183608
-0.426217, 0.34064, 0.838036
-0.406372, 0.755564, -0.513794

91
-7.16853e-05, -0.00570361, 0.0475672
-0.550444, 0.792086, -0.26384
-0.806054, -0.586522, -0.079172
-0.217459, 0.169089, 0.961312

92
-0.014286, -0.00628412, 0.0359335
-0.18882, 0.314663, 0.930234
-0.0228422, 0.94561, -0.324501
-0.981746, -0.0825206, -0.171362

93
-0.0137934, -0.00770641, 0.0293458
0.161448, -0.986786, 0.0136776
-0.774287, -0.118064, 0.621723
-0.611893, -0.110966, -0.783117

94
-0.021509, -0.00306097, 0.0363441
-0.000945731, -0.0573422, -0.998354
-0.763163, -0.645101, 0.0377755
-0.646206, 0.761942, -0.0431514

95
0.00438348, -0.00702954, 0.0523809
-0.681603, -0.726622, 0.0862417
0.632244, -0.5255, 0.569313
-0.368356, 0.442571, 0.817585

96
-0.00615716, 0.00471519, 0.039266
-0.832114, -0.552266, 0.0508731
0.311047, -0.388776, 0.867239
-0.459169, 0.737465, 0.495287

97
0.0126394, 0.0106085, 0.0399047
0.0192763, 0.11492, -0.993188
-0.078043, 0.990514, 0.113096
0.996764, 0.0753312, 0.0280622

98
-0.015126, -0.0196502, 0.0381485
-0.0537099, -0.104427, -0.993081
-0.00455931, -0.994481, 0.104821
-0.998546, 0.0101577, 0.0529374

99
-0.0119387, -0.00317023, 0.0701874
-0.443056, -0.888679, -0.118114
0.196028, -0.224597, 0.954531
-0.8748, 0.399757, 0.273715

100
-0.0118142, 0.0299312, 0.0167736
-0.944418, -0.325941, -0.0428653
-0.327156, 0.919007, 0.21999
-0.0323102, 0.221786, -0.97456

101
-0.0070202, 0.0337869, 0.0420824
-0.980264, -0.19531, -0.0306072
-0.00246944, -0.142712, 0.989761
-0.197679, 0.970303, 0.139413

102
-0.0235301, 0.0503089, 0.0583472
0.0697935, -0.321288, 0.944406
0.494051, 0.833587, 0.247076
-0.866627, 0.44934, 0.216912

103
-0.000571435, -0.00495306, 0.0216629
0.662575, -0.748676, 0.0218609
-0.649772, -0.589073, -0.480406
0.372546, 0.304101, -0.876774

104
0.00506594, -0.00914353, 0.0531489
-0.701991, -0.7111, 0.0393078
0.648349, -0.615255, 0.448447
-0.294706, 0.340291, 0.892945

105
0.00201557, -0.00307504, 0.0211033
-0.986079, 0.156233, -0.0569233
0.166224, 0.935014, -0.313238
0.00428609, -0.318339, -0.947967

106
-0.00463786, -0.0154167, 0.0344995
-0.866676, 0.475183, -0.151899
0.254987, 0.160241, -0.953575
-0.428782, -0.865173, -0.260042

107
0.00635999, -0.00851825, 0.0528297
-0.751432, -0.647922, 0.124686
0.625893, -0.640153, 0.445491
-0.208826, 0.412797, 0.886561

108
0.00196653, 0.0116851, 0.0166465
-0.996788, 0.0352464, -0.0719083
0.0490465, 0.978516, -0.200253
0.0633052, -0.203137, -0.977102

109
-0.0174984, -0.0151579, 0.00511271
-0.500024, 0.865652, 0.0249705
-0.00575199, 0.0255136, -0.999658
-0.865992, -0.499997, -0.00777819

110
0.0184598, -0.0147628, 0.0403987
-0.287482, 0.00909726, 0.957743
0.215747, -0.973641, 0.074008
0.933171, 0.227906, 0.277941

111
-0.0156381, -0.00865478, 0.0504422
0.301131, -0.945817, 0.12145
-0.0955136, 0.0968046, 0.99071
-0.948787, -0.309934, -0.0611875

112
0.0194932, -0.00211258, 0.0384376
0.123961, -0.026708, -0.991928
0.537909, 0.841825, 0.044556
0.833839, -0.53909, 0.11872

113
0.0146826, -0.0203413, 0.0380092
-0.176142, -0.0391582, 0.983586
-0.114972, -0.991551, -0.0600648
0.977627, -0.123665, 0.170152

114
-0.000578851, -0.00125848, 0.0258253
-0.976425, -0.186373, -0.108898
-0.210541, 0.71105, 0.67088
-0.0476023, 0.677992, -0.733526

115
0.00273014, -0.0256647, 0.0335634
-0.652302, -0.111858, 0.74966
-0.438023, -0.751542, -0.493276
0.618578, -0.650133, 0.441236

116
0.00387329, -0.00774618, 0.0269879
0.420248, 0.906206, 0.0467224
0.57565, -0.306049, 0.758262
0.70144, -0.291762, -0.650274

117
0.00127651, -0.00453178, 0.0478287
-0.598756, -0.758862, 0.256164
0.78279, -0.622143, -0.0133548
0.169505, 0.192526, 0.966541

118
0.00445568, -0.00244303, 0.0723533
-0.597078, -0.785178, 0.164298
0.367428, -0.449751, -0.814076
0.713088, -0.425699, 0.557033

119
-0.00546505, -0.0135212, 0.0512494
-0.850668, 0.521217, -0.068529
-0.502434, -0.767724, 0.397694
0.154674, 0.372737, 0.914955

120
-0.0125753, 0.00506841, 0.0202794
-0.681603, -0.726622, 0.0862417
0.186597, -0.05864, 0.980685
-0.707531, 0.68453, 0.175555

121
0.000987694, 0.0107916, 0.0280073
0.99899, -0.0323169, -0.0312173
-0.0103302, 0.510964, -0.85954
0.0437286, 0.858994, 0.510114

122
0.0152166, -0.0196541, 0.037109
-0.15088, -0.0795534, 0.985346
0.0220368, -0.99678, -0.0771021
0.988306, 0.0100807, 0.152147

123
0.0114003, 0.0122726, 0.0357673
-0.0340732, -0.0931607, -0.995068
-0.23258, 0.96905, -0.0827607
0.97198, 0.228613, -0.054686

124
0.00278657, -0.00307703, 0.0148335
-0.989319, -0.0543595, -0.135252
0.0415976, 0.783998, -0.619368
0.139706, -0.618379, -0.773363

125
0.00579806, -0.00793661, 0.0303893
0.281955, 0.953365, -0.10769
0.529721, -0.0611046, 0.845968
0.799936, -0.29557, -0.522246

126
0.0372872, 0.0198287, 0.0352084
-0.600714, 0.798703, -0.0348808
-0.0160885, 0.0315441, 0.999373
0.799302, 0.600898, -0.00609903

127
-0.00633861, 0.00345834, 0.0348668
-0.788107, -0.612995, -0.0559031
-0.198078, 0.166572, 0.965929
-0.582797, 0.772329, -0.252697

128
-0.00904567, -0.0139766, 0.0368514
-0.128139, 0.0791165, 0.988595
-0.70559, 0.69322, -0.146935
-0.696939, -0.716371, -0.0330049

129
0.00821156, -0.00976971, 0.0327041
0.335587, 0.917895, -0.211777
0.409791, 0.0601785, 0.910192
0.848206, -0.392233, -0.35595

130
-0.0202003, 0.00242116, 0.0371889
0.186944, 0.111524, 0.97602
-0.344377, 0.937926, -0.04121
-0.920031, -0.328415, 0.213746

131
-0.0155614, -0.0133681, 0.0335086
-0.422949, 0.904469, 0.0552296
-0.634175, -0.251916, -0.731
-0.647253, -0.344201, 0.680139

132
0.000453193, -0.0078923, 0.0268341
0.761609, 0.648033, -0.00203962
0.463365, -0.54237, 0.700805
0.453039, -0.534684, -0.71335

133
-0.0114672, -0.00786389, 0.0373373
0.210133, 0.503674, 0.837948
-0.315494, 0.846166, -0.429497
-0.925369, -0.174116, 0.336713

134
0.000596128, -0.00296727, 0.028126
-0.903913, 0.425537, -0.0431327
0.264792, 0.635939, 0.72489
0.335897, 0.643816, -0.687513

135
0.0215977, -0.00364027, 0.0393875
-0.193949, -0.0844032, 0.977374
0.691424, -0.718529, 0.0751555
0.695928, 0.690356, 0.197717

136
-0.016499, -0.017245, 0.0358633
-0.184021, 0.0345373, -0.982315
-0.181576, -0.983377, -0.000559386
-0.966005, 0.178261, 0.187233

137
-0.00415982, -0.00111974, 0.0309327
-0.671411, -0.740733, -0.022847
-0.436051, 0.36994, 0.820368
-0.599222, 0.560767, -0.571379

138
0.0151754, -0.0143809, 0.0347791
-0.524932, -0.846671, -0.0871462
0.634358, -0.320912, -0.703282
0.567482, -0.424457, 0.705549

139
0.010072, -3.75762e-05, 0.0396117
-0.554564, 0.808368, 0.197482
-0.326495, -0.429659, 0.841899
0.765415, 0.40241, 0.502201

140
-0.00191061, -0.00487002, 0.0189345
0.410732, 0.910845, 0.0407606
0.843651, -0.396625, 0.361857
0.345763, -0.114239, -0.931342

141
0.000233077, -0.00644177, 0.0215876
-0.976323, 0.215772, -0.0153467
0.197323, 0.917425, 0.345536
0.0886363, 0.334326, -0.93828

142
0.00397373, -0.0252398, 0.0349258
-0.535156, -0.0552326, 0.842946
-0.467725, -0.811572, -0.350119
0.703449, -0.581635, 0.408484

143
-0.00138614, 0.00988244, 0.040974
-0.993447, 0.00752609, -0.114048
-0.0994953, 0.434147, 0.895331
0.056252, 0.90081, -0.430553

144
-0.00783817, -0.0131206, 0.0354181
-0.646278, 0.714468, -0.268065
0.360111, -0.0241647, -0.932597
-0.672789, -0.69925, -0.241671

145
-0.019894, 0.00201409, 0.0341655
-0.128139, 0.0791165, 0.988595
-0.385173, 0.914595, -0.123119
-0.913905, -0.396557, -0.086722

146
-0.0177989, -0.0135085, 0.0393515
-0.352055, -0.0279444, -0.935562
-0.340098, -0.927414, 0.155681
-0.872004, 0.372992, 0.316997

147
0.00294194, -0.0041248, 0.042396
0.532432, -0.846288, -0.0176828
0.72141, 0.464596, -0.513535
0.442814, 0.260666, 0.857887

148
0.00192474, -0.00702249, 0.0160136
-0.980264, -0.19531, -0.0306072
-0.197679, 0.970303, 0.139413
0.00246944, 0.142712, -0.989761

149
-0.0196031, -0.00206704, 0.0402386
0.0697935, -0.321288, 0.944406
-0.611594, 0.734136, 0.294952
-0.788087, -0.598179, -0.14526

150
0.00569776, -0.0261316, 0.0171131
-0.980264, -0.19531, -0.0306072
-0.181686, 0.951056, -0.249964
0.0779298, -0.23947, -0.967771

151
-0.0149866, 0.00877344, 0.0400266
-0.0820372, -0.234356, 0.968683
-0.0416751, 0.971916, 0.231608
-0.995758, -0.0213695, -0.0895

152
-0.00546505, -0.0135212, 0.0512494
-0.850668, 0.521217, -0.068529
-0.502434, -0.767724, 0.397694
0.154674, 0.372737, 0.914955

153
-0.00904372, -0.0108299, 0.0369738
-0.230545, 0.791584, 0.565901
-0.5287, 0.386332, -0.755793
-0.8169, -0.473436, 0.329444

154
-0.0104507, -0.0109647, 0.0372902
-0.0892813, 0.728951, 0.678719
-0.527199, 0.543566, -0.653145
-0.845039, -0.416133, 0.335772

155
0.00789839, -0.0121051, 0.0337038
-0.509106, -0.828091, 0.234683
-0.35969, -0.043018, -0.93208
0.781943, -0.55894, -0.275956

156
-0.00811533, -0.0202707, 0.0292512
-0.856845, 0.515538, -0.00604519
-0.271443, -0.461055, -0.844835
-0.438332, -0.722252, 0.534992

157
-0.000102016, -0.00242091, 0.0159166
-0.951865, -0.290507, -0.0977716
-0.159197, 0.741128, -0.652216
0.261934, -0.605257, -0.751701

158
0.00253245, -0.0121297, 0.0528768
-0.990653, -0.113713, 0.0753343
0.135617, -0.880311, 0.454599
0.0146237, 0.460567, 0.887504

159
-0.0158876, -0.00826178, 0.0243803
-0.220556, 0.970239, 0.0999588
-0.390535, 0.00606467, -0.920568
-0.893777, -0.242074, 0.377575

160
-0.0211907, -0.00773621, 0.0380176
0.169211, 0.238057, 0.956398
-0.749649, 0.661065, -0.0319146
-0.639839, -0.711562, 0.290319

161
-0.0021206, -0.00445648, 0.0178179
0.629987, 0.770085, 0.100429
0.723767, -0.629079, 0.283586
0.281563, -0.105968, -0.953674

162
-0.00118131, -0.0197542, 0.0307048
-0.986079, 0.156233, -0.0569233
0.155211, 0.742017, -0.652165
-0.0596515, -0.651921, -0.755937

163
-0.00749922, -0.0117264, 0.0519046
-0.605616, 0.795746, -0.00419077
-0.739458, -0.560816, 0.372406
0.29399, 0.228634, 0.92806

164
0.000398803, 0.00294098, 0.0161727
0.999369, 0.0293749, 0.0199652
0.0155126, -0.866669, 0.498643
0.0319508, -0.498019, -0.866578

165
0.00525154, 0.00614789, 0.0357343
-0.821589, 0.463454, 0.331966
0.375426, 0.00164795, 0.926851
0.429006, 0.886119, -0.175347

166
0.0153308, -0.0116176, 0.0305976
-0.422758, -0.903758, -0.067061
0.586823, -0.21661, -0.780205
0.69059, -0.369191, 0.621919

167
0.00101223, -0.00634432, 0.0241713
-0.947959, -0.308727, -0.0778557
-0.309243, 0.834566, 0.455926
-0.0757807, 0.456275, -0.886606

168
0.000764061, -0.00313615, 0.0270162
-0.824374, 0.566044, -0.000820538
0.40125, 0.585393, 0.704495
0.399256, 0.580439, -0.709708

169
0.0196324, -0.00649929, 0.0409915
-0.381326, -0.190075, 0.904689
0.650719, -0.750306, 0.116639
0.656624, 0.633176, 0.409797

170
0.00741232, -0.00725334, 0.0534077
-0.0447171, 0.994794, 0.0915753
-0.902777, -0.000987396, -0.430109
-0.427779, -0.101905, 0.898121

171
-0.000230279, -0.00515106, 0.0240557
-0.054116, 0.997873, -0.0363495
0.82715, 0.0651906, 0.558187
0.559369, 0.000140371, -0.828919

172
0.0164832, 6.39176e-05, 0.0291289
0.295966, -0.954878, -0.0247371
0.560257, 0.194511, -0.805157
0.773638, 0.22444, 0.592546

173
0.00112911, -0.00586532, 0.0252788
0.795651, -0.601816, 0.0689715
-0.550187, -0.670325, 0.497954
-0.253443, -0.434145, -0.864456

174
0.00538891, -0.0253365, 0.0394942
-0.0340732, -0.0931607, -0.995068
0.522834, 0.846876, -0.0971895
0.851753, -0.523567, 0.0198518

175
-0.00245048, -0.0261874, 0.036879
-0.0929211, -0.0344671, 0.995077
-0.660522, 0.749958, -0.0357034
-0.745035, -0.660587, -0.0924532

176
0.00187305, -0.00905777, 0.0172434
-0.866676, 0.475183, -0.151899
0.399665, 0.47913, -0.781474
-0.298564, -0.737994, -0.605165

177
0.00121285, -0.00686939, 0.0177744
-0.695572, 0.711265, -0.101394
0.523778, 0.405421, -0.749194
-0.491768, -0.574226, -0.654544

178
0.00966861, -0.015187, 0.0401712
0.641558, 0.766018, 0.0402472
0.319548, -0.314591, 0.893824
0.697347, -0.560579, -0.446608

179
0.0210123, -0.00673428, 0.0403423
-0.340835, -0.304504, 0.889443
0.644728, -0.764272, -0.0145912
0.68422, 0.568476, 0.456813

180
-0.00442621, 0.00976642, 0.0414539
-0.976425, -0.186373, -0.108898
-0.176298, 0.397468, 0.900521
-0.124549, 0.89849, -0.420955

181
-0.0161322, -0.00174073, 0.0426952
-0.202842, -0.979196, -0.00540339
-0.388906, 0.0754959, 0.918179
-0.89867, 0.188347, -0.396129

182
0.00071253, -0.0198534, 0.0509262
0.99899, -0.0323169, -0.0312173
0.0236163, 0.968707, -0.247081
0.0382253, 0.246095, 0.968492

183
0.00335082, -0.00502502, 0.0204302
0.161448, -0.986786, 0.0136776
-0.94951, -0.151542, 0.274712
-0.269009, -0.0573387, -0.961429

184
-0.011736, -0.0239808, 0.0351237
0.123961, -0.026708, -0.991928
0.969972, 0.214066, 0.115454
0.209254, -0.976454, 0.0524419

185
0.00759503, -0.0162351, 0.0429585
0.761609, 0.648033, -0.00203962
0.254723, -0.29647, 0.920446
0.595875, -0.70154, -0.390863

186
-0.0139819, 0.00898948, 0.0278377
0.210133, 0.503674, 0.837948
0.062645, 0.848386, -0.525658
-0.975664, 0.162951, 0.146721

187
0.0104435, 0.00516095, 0.0341921
0.662575, -0.748676, 0.0218609
-0.457743, -0.427858, -0.779364
0.592845, 0.506381, -0.62619

188
-0.0140928, -0.0164064, 0.0267113
-0.582285, 0.812957, -0.00679512
-0.341284, -0.252015, -0.905546
-0.737882, -0.524967, 0.424193

189
0.000801414, -0.0255147, 0.0354952
0.0192763, 0.11492, -0.993188
0.649634, 0.753667, 0.0998141
0.760003, -0.647132, -0.0601282

190
0.0322048, -0.0392135, 0.0173787
-0.598756, -0.758862, 0.256164
0.142958, -0.415955, -0.898078
0.78807, -0.501109, 0.357541

191
-0.00058141, -0.0100793, 0.0175546
-0.597078, -0.785178, 0.164298
-0.518199, 0.221182, -0.826165
0.612347, -0.578424, -0.538941

192
-0.0114663, -0.019284, 0.0271144
-0.757869, 0.649262, 0.0639796
-0.325593, -0.291422, -0.899479
-0.565352, -0.702519, 0.432255

193
0.0044305, 0.0165263, 0.037641
-0.176142, -0.0391582, 0.983586
0.609989, -0.788577, 0.0778434
0.772585, 0.613688, 0.162788

194
-3.59478e-05, 0.0154398, 0.0376068
-0.15088, -0.0795534, 0.985346
0.714421, -0.697702, 0.053065
0.683256, 0.711958, 0.162104

195
0.00355991, -0.000250114, 0.0401575
-0.850668, 0.521217, -0.068529
-0.404997, -0.566644, 0.71756
0.335173, 0.638159, 0.693117

196
-0.00196008, -0.0108009, 0.0169196
-0.509106, -0.828091, 0.234683
-0.631547, 0.174154, -0.755526
0.584773, -0.532856, -0.611641

197
-0.0130395, 0.0116535, 0.0338348
-0.193949, -0.0844032, 0.977374
0.981006, -0.0199213, 0.19295
0.00318502, 0.996233, 0.0866638

198
0.0145465, -0.011524, 0.0280057
-0.434264, -0.900554, -0.0204311
0.520895, -0.232551, -0.821334
0.734904, -0.367318, 0.570082

199
0.000479349, -0.0204071, 0.0464932
0.999369, 0.0293749, 0.0199652
-0.0116235, -0.260675, 0.965357
0.0335617, -0.96498, -0.260169

200
-0.00461645, 0.00788782, 0.0362695
-0.947959, -0.308727, -0.0778557
-0.256703, 0.59643, 0.76051
-0.188354, 0.740918, -0.644642

201
-0.018241, -0.00579589, 0.0250483
-0.0447171, 0.994794, 0.0915753
-0.335874, 0.0713597, -0.9392
-0.940845, -0.0727561, 0.330934

202
0.0107185, -0.0181295, 0.0215419
-0.74872, -0.66254, 0.0214195
0.0774515, -0.119526, -0.989805
0.658346, -0.739429, 0.140806

203
0.00406748, 0.014912, 0.0331411
-0.184021, 0.0345373, -0.982315
-0.811462, -0.569303, 0.131998
-0.554676, 0.821402, 0.132789

204
0.0150602, 0.00377277, 0.0293048
0.532432, -0.846288, -0.0176828
0.497038, 0.329479, -0.802743
0.685178, 0.418617, 0.596063

205
0.0110334, -0.000619866, 0.0380052
-0.15088, -0.0795534, 0.985346
0.398568, -0.917047, -0.0130088
0.904643, 0.390764, 0.170072

206
0.000952249, -0.00743446, 0.0180871
-0.995164, 0.0973865, -0.0128508
0.0883096, 0.944258, 0.317141
0.0430197, 0.314472, -0.948291

207
0.0122182, -0.0124917, 0.0439716
0.420248, 0.906206, 0.0467224
0.263402, -0.1711, 0.949392
0.868338, -0.386673, -0.310601

208
0.0149363, 0.00858842, 0.0356404
-0.000945731, -0.0573422, -0.998354
-0.996574, 0.0826191, -0.00380133
0.0827011, 0.99493, -0.0572239

209
0.00228392, -0.00910441, -0.0244796
-0.600714, 0.798703, -0.0348808
0.799302, 0.600898, -0.00609903
0.0160885, -0.0315441, -0.999373

210
-0.0146672, -0.0175698, 0.0423935
-0.550444, 0.792086, -0.26384
-0.661479, -0.606584, -0.441024
-0.509369, -0.0682341, 0.857838

211
0.00544885, -0.02593, 0.0355157
0.186944, 0.111524, 0.97602
-0.894071, 0.43099, 0.122001
-0.407048, -0.895439, 0.180281

212
-0.00760396, -0.0202414, 0.0205536
-0.902168, 0.430358, 0.0297607
-0.0531034, -0.0423281, -0.997692
-0.428104, -0.901665, 0.0610404

213
-0.00166103, -0.00307495, 0.0544748
-0.74872, -0.66254, 0.0214195
0.520287, -0.607373, -0.600333
0.410754, -0.438337, 0.799463

214
0.00429566, -0.019367, 0.036692
-0.944418, -0.325941, -0.0428653
-0.155048, 0.556592, -0.816189
0.289888, -0.764178, -0.576192

215
0.00598626, 0.0160883, 0.0393697
-0.128978, -0.0508075, 0.990345
0.487224, -0.873078, 0.0186623
0.8637, 0.484927, 0.137362

216
-0.000522027, -0.00106266, 0.0263192
-0.967628, -0.238543, -0.0824235
-0.228827, 0.691446, 0.68523
-0.106466, 0.681908, -0.723648

217
0.0141359, -0.0296328, 0.0181985
-0.850145, -0.526523, -0.00515476
0.200956, -0.315392, -0.92744
0.486693, -0.789494, 0.373937

218
-0.0109866, 0.0121234, 0.0303767
-0.18882, 0.314663, 0.930234
0.354595, 0.905209, -0.234222
-0.915756, 0.28563, -0.282499

219
0.00692207, 0.0058557, 0.0431973
-0.824374, 0.566044, -0.000820538
0.217918, 0.318708, 0.922462
0.522416, 0.760276, -0.386086

220
0.0235577, 0.00655069, -0.0323838
-0.600714, 0.798703, -0.0348808
0.732302, 0.567229, 0.376809
0.320744, 0.200811, -0.925634

221
0.00514757, -0.00143316, 0.0169026
-0.891546, 0.43486, -0.126655
0.418557, 0.684167, -0.597265
-0.173074, -0.585501, -0.791981

222
-0.0132544, 0.0126417, 0.0951351
0.941439, 0.320905, 0.103504
-0.337182, 0.896995, 0.285845
-0.00111389, -0.304005, 0.95267

223
0.00949692, -0.000903676, 0.051531
-0.500024, 0.865652, 0.0249705
-0.802274, -0.452173, -0.389739
-0.326087, -0.214912, 0.920587

224
0.0126211, 0.00861317, 0.019041
0.795651, -0.601816, 0.0689715
-0.605295, -0.78544, 0.129236
-0.0236033, -0.144575, -0.989212

225
0.00230361, 0.0148208, 0.0342741
-0.0369002, -0.0638068, -0.99728
-0.759078, -0.647279, 0.0695
-0.649953, 0.759578, -0.0245496

226
-0.01299, 0.0107554, 0.0308663
-0.381326, -0.190075, 0.904689
0.924431, -0.0828238, 0.372246
0.00417488, 0.97827, 0.207294

227
0.0102085, 0.0119714, 0.0413223
-0.535156, -0.0552326, 0.842946
0.166682, -0.985147, 0.0412705
0.828146, 0.16259, 0.536414

228
0.00487444, -0.00568656, 0.0174911
-0.0159504, 0.998887, -0.0443892
0.540078, 0.0459685, 0.840358
0.841464, -0.0105696, -0.540211

229
0.0146836, -0.0206878, 0.0348943
0.169211, 0.238057, 0.956398
-0.982516, -0.0357068, 0.182719
0.0776476, -0.970594, 0.227853

230
0.0016129, -0.0109216, 0.0184934
-0.646278, 0.714468, -0.268065
0.590164, 0.245266, -0.769124
-0.483767, -0.65527, -0.580164

231
1.64542e-05, -0.00456155, 0.0240243
-0.889515, 0.456733, -0.0125629
0.372701, 0.741215, 0.558296
0.264304, 0.491931, -0.829547

232
-0.000730078, -0.0217396, 0.0480571
-0.989319, -0.0543595, -0.135252
0.128201, 0.11711, -0.984809
0.0693732, -0.99163, -0.10889

233
0.000542974, -0.00554025, 0.0549335
-0.902168, 0.430358, 0.0297607
-0.340265, -0.667504, -0.662312
-0.265166, -0.607643, 0.748637

234
0.00383028, -0.00158539, 0.0539357
-0.949345, 0.276024, 0.150181
-0.313635, -0.802776, -0.507133
-0.0194196, -0.528546, 0.848682

235
-0.000341479, 0.0153612, 0.0336673
-0.0537099, -0.104427, -0.993081
-0.709303, -0.696021, 0.111552
-0.702855, 0.710387, -0.036687

236
-0.0060582, -0.00108382, 0.0324311
-0.443056, -0.888679, -0.118114
-0.479964, 0.123857, 0.868501
-0.757189, 0.441485, -0.48141

237
0.000225628, -0.00580856, 0.0232679
-0.944418, -0.325941, -0.0428653
-0.254181, 0.806662, -0.533561
0.208487, -0.493009, -0.844674

238
0.00106935, -0.025276, 0.0331487
-0.0820372, -0.234356, 0.968683
-0.733576, 0.672138, 0.100486
-0.674638, -0.702359, -0.227058

239
-0.00283396, 0.016323, 0.0337117
-0.287482, 0.00909726, 0.957743
0.812407, -0.527314, 0.248866
0.507296, 0.849622, 0.144202

240
-0.0101037, -0.0127938, 0.053848
-0.695572, 0.711265, -0.101394
0.0226341, -0.119363, -0.992593
-0.718099, -0.692715, 0.0669271

241
0.0167004, 0.00191316, 0.0448243
0.309131, 0.269868, -0.911926
0.313153, 0.876532, 0.365549
0.897983, -0.398575, 0.186454

242
0.0171882, 0.00475101, 0.0291109
0.28885, -0.828998, -0.478882
0.304261, 0.55376, -0.775097
0.907739, 0.0781819, 0.412185

243
-0.00843366, -0.0170391, 0.0380969
0.795651, -0.601816, 0.0689715
-0.411318, -0.45316, 0.790862
-0.444698, -0.65762, -0.608095

244
-0.0248784, -0.0143811, -0.0212523
-0.422949, 0.904469, 0.0552296
0.355296, 0.221596, -0.908108
-0.833594, -0.36446, -0.415078

245
-0.00697398, -0.0222274, 0.0235772
-0.949345, 0.276024, 0.150181
-0.208041, -0.19391, -0.958706
-0.235505, -0.941387, 0.241512

246
-0.0283511, -0.00283238, 0.0936576
-0.0159504, 0.998887, -0.0443892
-0.98409, -0.00782636, 0.177498
0.176953, 0.0465142, 0.98312

247
0.0251534, -0.0189058, 0.018637
-0.524932, -0.846671, -0.0871462
0.368904, -0.134051, -0.91975
0.767043, -0.514955, 0.382708

248
-0.00247651, 0.0122491, 0.0238071
-0.990653, -0.113713, 0.0753343
0.106237, -0.296804, 0.949011
-0.0855555, 0.948144, 0.30611

249
-0.018431, -0.00413474, 0.0165048
0.0563661, 0.997988, -0.0290246
0.979112, -0.0495651, 0.19719
0.195354, -0.0395331, -0.979936

250
0.00169052, -0.01976, 0.0499843
-0.951865, -0.290507, -0.0977716
0.072646, 0.0960754, -0.99272
0.297785, -0.952037, -0.0703467

251
-0.00752189, -0.0232399, 0.0291696
0.309131, 0.269868, -0.911926
0.856402, 0.337967, 0.390325
0.413537, -0.901637, -0.126639

252
-0.0101124, -0.0240635, 0.0427948
-0.18882, 0.314663, 0.930234
-0.396801, 0.84205, -0.365377
-0.898274, -0.438108, -0.034137

253
-0.0084331, -0.0165463, 0.0162375
-0.824374, 0.566044, -0.000820538
0.523495, 0.762957, 0.379275
0.215313, 0.312235, -0.925283

254
0.0135613, -0.0192625, 0.0319378
0.0697935, -0.321288, 0.944406
-0.989724, 0.096136, 0.105848
-0.124799, -0.942089, -0.311277

255
-0.0118025, 0.0119617, 0.0341683
-0.340835, -0.304504, 0.889443
0.939708, -0.138449, 0.312698
0.0279248, 0.942395, 0.333333

256
0.0169891, -0.00588987, 0.0494171
-0.0377597, 0.999208, 0.0125215
-0.997703, -0.0369916, -0.056752
-0.0562439, -0.0146357, 0.99831

257
0.0225428, -0.00190716, 0.018833
0.161448, -0.986786, 0.0136776
-0.980178, -0.161949, -0.114123
0.11483, 0.00501841, -0.993373

258
-0.00481499, 0.0110811, 0.0227413
-0.960677, -0.274665, 0.040741
0.115899, -0.263314, 0.957723
-0.252325, 0.924784, 0.284793

259
-0.00510043, 0.0251929, 0.0354373
-0.980264, -0.19531, -0.0306072
-0.141526, 0.585195, 0.798447
-0.138034, 0.78702, -0.601287

260
-0.00905673, -0.0110621, -0.027778
-0.757869, 0.649262, 0.0639796
0.397718, 0.537521, -0.743567
-0.51716, -0.538081, -0.665593

261
0.00915773, 0.0104273, 0.0445416
-0.652302, -0.111858, 0.74966
0.127672, -0.991134, -0.036798
0.747129, 0.0717068, 0.660799

262
-0.0162987, -0.00692762, 0.0459642
0.0602417, -0.99464, -0.0840318
-0.266323, -0.0971489, 0.958975
-0.961999, -0.0353907, -0.270748

263
0.00130776, -0.018659, 0.0156245
-0.993447, 0.00752609, -0.114048
-0.0305776, 0.943958, 0.328647
0.11013, 0.329981, -0.937542

264
-0.0228646, -0.0454154, 0.0165651
-0.535156, -0.0552326, 0.842946
-0.828146, -0.16259, -0.536414
0.166682, -0.985147, 0.0412705

265
0.00877208, -0.00942842, 0.0546565
-0.597078, -0.785178, 0.164298
0.0665724, -0.252608, -0.965276
0.799416, -0.565407, 0.203098

266
0.0156094, -0.0171687, 0.0438945
-0.598756, -0.758862, 0.256164
0.658337, -0.648462, -0.382218
0.456163, -0.060213, 0.887857

267
0.0128892, -0.00798084, 0.0485639
0.281955, 0.953365, -0.10769
0.183276, 0.0566566, 0.981428
0.94176, -0.296455, -0.158754

268
-0.0137092, 0.0128508, 0.0960112
0.335587, 0.917895, -0.211777
-0.848206, 0.392233, 0.35595
0.409791, 0.0601785, 0.910192

269
-0.00213543, 0.00977604, 0.0458333
-0.994634, -0.0940043, -0.0431981
-0.0671108, 0.268498, 0.96094
-0.0787339, 0.958683, -0.273366

270
-0.0181861, -0.00639897, 0.0165301
-0.054116, 0.997873, -0.0363495
0.978249, 0.060282, 0.198484
0.200253, -0.0248177, -0.97943

271
-0.00574889, -0.0175858, 0.0168725
-0.903913, 0.425537, -0.0431327
0.373179, 0.833909, 0.406612
0.208997, 0.351445, -0.912582

272
-0.00733075, 0.00098892, 0.0367149
-0.595876, -0.783788, 0.174954
0.453696, -0.148795, 0.878647
-0.66264, 0.60294, 0.444265

273
0.0118047, -0.00915465, 0.0525887
-0.509106, -0.828091, 0.234683
-0.0330741, -0.253641, -0.966733
0.860068, -0.499931, 0.101742

274
0.00600739, -0.00513402, 0.0176454
-0.443056, -0.888679, -0.118114
-0.733193, 0.283378, 0.618163
-0.515877, 0.360481, -0.777125

275
-0.0065943, -0.0678621, 0.0367586
-0.352055, -0.0279444, -0.935562
0.675476, -0.699505, -0.23329
-0.647911, -0.714081, 0.26514

276
0.0100335, 0.0081633, 0.0237896
-0.850668, 0.521217, -0.068529
-0.245903, -0.279298, 0.928183
0.464645, 0.806428, 0.365759

277
0.00835944, 0.00111724, 0.0371941
-0.494621, 0.716308, 0.492191
0.359736, -0.346792, 0.866213
0.791164, 0.605507, -0.0861512

278
0.00832451, 0.00130744, 0.0525855
-0.757869, 0.649262, 0.0639796
-0.629993, -0.702822, -0.330377
-0.169535, -0.29069, 0.941678

279
0.0133345, -0.054051, 0.0170017
-0.967628, -0.238543, -0.0824235
-0.18593, 0.894606, -0.406337
0.170666, -0.377858, -0.909998

280
-0.0101692, 0.00930481, 0.0494987
-0.850145, -0.526523, -0.00515476
0.526548, -0.850093, -0.00944291
0.000589886, -0.0107421, 0.999942

281
-0.0146546, -0.0100999, 0.0489179
0.295966, -0.954878, -0.0247371
0.943206, 0.296243, -0.150339
0.150883, 0.021163, 0.988325

282
0.00790084, 0.0066072, 0.0512859
-0.856845, 0.515538, -0.00604519
-0.501886, -0.836725, -0.219092
-0.118009, -0.184694, 0.975685

283
-0.0135408, 0.00762557, 0.024217
-0.701991, -0.7111, 0.0393078
0.250063, -0.194429, 0.948507
-0.666841, 0.675673, 0.314307

284
-0.0160508, -0.00163584, 0.0212584
-0.230545, 0.791584, 0.565901
-0.175841, 0.538101, -0.824335
-0.957042, -0.289555, 0.0151365

285
-0.00294525, -0.00600136, 0.0171312
-0.399176, 0.91677, 0.0138251
0.67078, 0.281722, 0.686066
0.62507, 0.283135, -0.727408

286
0.00447002, -0.0209427, 0.0246293
-0.927556, -0.354613, -0.117858
-0.231456, 0.792804, -0.563817
0.293375, -0.495693, -0.817447

287
-0.00852401, -0.0154738, 0.0511225
0.773784, -0.630199, 0.0640873
0.626512, 0.74645, -0.224266
0.0934945, 0.213685, 0.972418

288
0.00354009, -0.00778128, 0.0281546
0.503457, 0.860848, 0.073966
0.51363, -0.367028, 0.775548
0.694776, -0.352464, -0.626941

289
-0.0135408, 0.00762557, 0.024217
-0.701991, -0.7111, 0.0393078
0.250063, -0.194429, 0.948507
-0.666841, 0.675673, 0.314307

290
-0.0337146, 2.45498e-05, 0.0284567
-0.244175, 0.0785371, 0.966546
0.811876, 0.56163, 0.159466
-0.530317, 0.823653, -0.200898

291
0.0128243, -0.0071254, 0.0514747
0.335587, 0.917895, -0.211777
0.0540028, 0.205699, 0.977124
0.94046, -0.339346, 0.0194608

292
0.00967102, -0.0204281, 0.0243872
-0.861704, -0.407261, -0.302662
0.378986, -0.119955, -0.917595
0.337395, -0.9054, 0.257712

293
0.00699558, 0.0138182, 0.029205
-0.352055, -0.0279444, -0.935562
-0.857086, -0.392036, 0.334234
-0.376114, 0.919525, 0.114067

294
0.0107784, -0.00716819, 0.0160338
-0.202842, -0.979196, -0.00540339
-0.910453, 0.186565, 0.369145
-0.360458, 0.0797979, -0.929356

295
-0.000330419, -0.00266838, 0.0173463
-0.788107, -0.612995, -0.0559031
-0.406027, 0.44945, 0.795699
-0.462634, 0.649794, -0.603107

296
-0.0112383, -0.000660296, 0.0359414
-0.0537099, -0.104427, -0.993081
-0.386339, -0.914893, 0.1171
-0.920792, 0.389956, 0.00879463

297
-0.01236, -0.00039423, 0.0508815
-0.443056, -0.888679, -0.118114
-0.153665, -0.0545204, 0.986618
-0.883226, 0.455277, -0.112403

298
-0.00543142, 0.0115027, 0.0162735
-0.944418, -0.325941, -0.0428653
-0.314617, 0.933925, -0.169704
0.0953463, -0.146785, -0.984562

299
-0.00866921, -0.00292777, 0.053055
-0.861704, -0.407261, -0.302662
0.506558, -0.725035, -0.466608
-0.0294094, -0.555394, 0.831067

300
0.0164564, 0.0269583, 0.0673862
-0.902168, 0.430358, 0.0297607
-0.428104, -0.901665, 0.0610404
0.0531034, 0.0423281, 0.997692

301
-0.0101372, 0.00452053, 0.0161398
0.761609, 0.648033, -0.00203962
0.601464, -0.705699, 0.374472
0.241231, -0.286428, -0.927236

302
-0.0019085, -0.0233919, 0.0442738
0.210133, 0.503674, 0.837948
-0.645602, 0.715124, -0.267949
-0.734195, -0.484676, 0.475444

303
-0.00050899, -0.00993562, 0.0163818
-0.968344, 0.241228, -0.0641815
0.157334, 0.789434, 0.59333
0.193795, 0.564449, -0.802397

304
