0
0.00934368, 0.000374081, 0.00549854
0.454118, 0.849804, 0.2676
0.486933, -0.488262, 0.724221
0.746105, -0.198579, -0.635526

1
-0.0259136, -0.00261211, 0.0146197
-0.730678, 0.0116739, 0.682623
-0.374966, 0.828693, -0.415534
-0.570536, -0.559582, -0.60113

2
-0.0285735, 0.0193155, 0.0333482
-0.761045, -0.60471, 0.23481
0.408733, -0.165923, 0.897445
-0.503734, 0.77897, 0.37344

3
-0.0128325, 0.0117621, 0.0428613
0.144327, -0.89369, 0.424839
0.962169, 0.0264808, -0.271164
0.231086, 0.447903, 0.863703

4
-0.0346241, 0.0178886, 0.0214617
-0.580168, -0.814372, 0.0142578
-0.125659, 0.106789, 0.986309
-0.804745, 0.570433, -0.164289

5
-0.0189237, 0.011819, 0.0456012
0.288409, 0.889456, -0.354527
-0.954891, 0.239826, -0.175119
-0.0707364, 0.38904, 0.918501

6
-0.0100853, 0.0172413, 0.0140106
-0.245124, 0.727269, 0.641088
0.880371, -0.109964, 0.461362
0.40603, 0.677487, -0.613312

7
-0.00676715, -0.0168822, 0.0355937
-0.930631, -0.256968, 0.260564
-0.2827, 0.0526567, -0.957762
0.232394, -0.964984, -0.121649

8
-0.0263988, -0.00726856, 0.0141389
-0.75724, 0.0543604, 0.650871
-0.394892, 0.755654, -0.522539
-0.520239, -0.652711, -0.550745

9
-0.00301255, -0.0029569, 0.0404998
-0.699309, -0.0317317, 0.714115
-0.255793, -0.921753, -0.291447
0.667486, -0.386477, 0.636473

10
-0.030631, 0.00975446, 0.0572561
-0.582615, -0.803626, -0.121426
0.753901, -0.59018, 0.288654
-0.303633, 0.0766312, 0.949703

11
-0.0355273, 0.0172651, 0.0211856
-0.447253, -0.894208, 0.0189009
-0.143569, 0.0926346, 0.985295
-0.882809, 0.437963, -0.169811

12
-0.0339656, 0.0177609, 0.0409592
-0.580168, -0.814372, 0.0142578
0.191869, -0.119635, 0.974102
-0.791576, 0.567878, 0.225661

13
-0.0350819, 0.018876, 0.0182435
-0.582615, -0.803626, -0.121426
-0.303633, 0.0766312, 0.949703
-0.753901, 0.59018, -0.288654

14
-0.00209382, 0.0182336, 0.0310831
-0.724561, 0.68102, 0.105938
-0.0678722, -0.223467, 0.972346
0.685861, 0.697333, 0.208138

15
-0.025315, -0.0274887, 0.0175697
-0.699309, -0.0317317, 0.714115
-0.667486, 0.386477, -0.636473
-0.255793, -0.921753, -0.291447

16
-0.0320381, 0.01508, 0.000369669
-0.447253, -0.894208, 0.0189009
-0.725759, 0.375189, 0.576634
-0.522722, 0.244184, -0.816784

17
-0.0328608, 0.0151698, 0.045869
0.568958, 0.818761, 0.0769224
-0.744414, 0.552519, -0.374929
-0.349478, 0.156057, 0.923857

18
-0.0289318, 0.0173211, 0.00988696
-0.805924, -0.590058, 0.0481462
-0.383635, 0.582458, 0.716635
-0.450899, 0.559083, -0.695784

19
0.0137171, 0.000743134, 0.0414944
-0.431832, 0.0115454, 0.90188
-0.131699, -0.990008, -0.0503858
0.892287, -0.140535, 0.429037

20
-0.0172869, 0.00400388, 0.0495267
0.568958, 0.818761, 0.0769224
-0.821488, 0.570181, 0.00715539
-0.0380011, -0.0672619, 0.997011

21
-0.0337868, 0.00675167, 0.0580949
-0.28971, -0.936769, -0.196297
0.835679, -0.347558, 0.425257
-0.466592, -0.0408407, 0.883529

22
-0.0300931, 0.00461735, 0.0398012
-0.544085, -0.381787, -0.747135
0.323578, -0.917069, 0.232985
-0.774125, -0.114992, 0.622501

23
-0.0368293, -0.015562, 0.0447736
0.0741498, -0.659121, -0.748373
0.852588, -0.347372, 0.390419
-0.517297, -0.667003, 0.536201

24
-0.0300931, 0.00461735, 0.0398012
-0.544085, -0.381787, -0.747135
0.323578, -0.917069, 0.232985
-0.774125, -0.114992, 0.622501

25
-0.0160088, 0.0164837, 0.0141293
-0.258738, 0.688924, 0.67708
0.951303, 0.0601447, 0.302332
0.167561, 0.722334, -0.670938

26
-0.0138323, -0.00937744, 0.041151
-0.972022, -0.209198, -0.106818
0.216509, -0.621595, -0.752824
0.0910915, -0.754888, 0.649497

27
-0.0278547, 0.0193204, 0.0295605
-0.793597, -0.541458, 0.277538
0.361571, -0.0528124, 0.930848
-0.489357, 0.839068, 0.237687

28
-0.0276123, -0.00746705, 0.0220935
-0.559345, 0.289202, 0.77685
-0.495542, 0.634611, -0.593049
-0.664508, -0.716681, -0.211654

29
-0.00722484, 0.0173378, 0.0159559
-0.35576, 0.722666, 0.592611
0.774373, -0.127073, 0.619837
0.52324, 0.679416, -0.514406

30
-0.0102541, 0.0182187, 0.0159484
-0.365543, 0.648357, 0.667841
0.839195, -0.0808166, 0.537793
0.402654, 0.757035, -0.514556

31
-0.0382821, 0.00973718, 0.0540855
-0.592893, -0.706964, -0.385591
0.617699, -0.706463, 0.345482
-0.516649, -0.0333452, 0.855548

32
-0.0144599, 0.0182132, 0.0135454
-0.21316, 0.653402, 0.72638
0.956632, -0.0114979, 0.291071
0.198538, 0.756924, -0.622615

33
0.0016151, 0.00226403, 0.0206709
0.34101, 0.430413, 0.835737
-0.00626903, -0.887965, 0.459869
0.940039, -0.162059, -0.300106

34
-0.0359731, -0.00304711, 0.0532888
0.315782, -0.947758, -0.0451285
0.727489, 0.211309, 0.652769
-0.609131, -0.238963, 0.756211

35
-0.0368293, -0.015562, 0.0447736
0.0741498, -0.659121, -0.748373
0.852588, -0.347372, 0.390419
-0.517297, -0.667003, 0.536201

36
-0.0307283, 0.00754598, 0.0584389
0.528391, -0.779881, 0.335542
0.70289, 0.623509, 0.342318
-0.476181, 0.0549717, 0.877627

37
0.00934876, -0.00301406, 0.00565326
0.490679, 0.842758, 0.221344
0.448381, -0.462026, 0.765171
0.747121, -0.276207, -0.604583

38
-0.022563, -0.00496893, 0.011371
0.767602, 0.280419, -0.576327
0.553281, -0.743813, 0.374996
-0.323524, -0.606718, -0.726103

39
-0.0201066, -0.0129167, 0.018084
0.80967, 0.0746887, -0.582113
0.546322, -0.458261, 0.701091
-0.214396, -0.885674, -0.411844

40
-0.0109285, 0.00882482, 0.0466816
-0.0220316, -0.974541, 0.223126
0.962841, -0.0807701, -0.257706
0.269167, 0.209157, 0.940108

41
-0.00807541, 0.0176207, 0.0364625
-0.696216, 0.637065, -0.330805
-0.562284, -0.197518, 0.803009
0.446229, 0.745074, 0.495727

42
-0.0315168, 0.0103404, 0.0600203
-0.807681, 0.337797, -0.483265
-0.362063, -0.931034, -0.0456657
-0.465362, 0.138089, 0.874282

43
-0.0335054, 0.0137381, 0.0180333
-0.29351, -0.952363, 0.0828054
-0.315561, 0.178289, 0.932006
-0.902371, 0.247423, -0.352858

44
-0.0238019, 0.0268674, 0.0231955
-0.431832, 0.0115454, 0.90188
0.892287, -0.140535, 0.429037
0.131699, 0.990008, 0.0503858

45
-0.00695125, -0.00580039, 0.013656
0.0466868, 0.784974, -0.617767
0.882116, 0.257789, 0.394228
0.468712, -0.563347, -0.680403

46
-0.0414236, 0.00937693, 0.0508724
-0.564051, -0.754145, -0.33632
0.56102, -0.648853, 0.514049
-0.605889, 0.101268, 0.789077

47
0.00160932, 0.0097342, 0.0298926
-0.33123, 0.89832, 0.288632
-0.0826497, -0.332347, 0.939529
0.939923, 0.287344, 0.184329

48
-0.00169327, -0.0248356, 0.0401174
-0.665178, -0.546253, -0.509064
0.275826, 0.453784, -0.847349
0.693872, -0.704051, -0.151176

49
-0.0314291, 0.00921106, 0.0428785
-0.28971, -0.936769, -0.196297
0.260984, -0.274639, 0.925452
-0.920845, 0.216882, 0.324047

50
-0.00996567, 0.0020732, 0.0458033
-0.860712, 0.333129, 0.384968
-0.371183, -0.928176, -0.026701
0.348424, -0.165875, 0.922543

51
0.0133053, -0.00898515, 0.0227735
0.433965, 0.900187, -0.0365874
0.171228, -0.0425395, 0.984313
0.884509, -0.433422, -0.172598

52
0.0108835, -0.0174032, 0.0243652
0.639827, 0.765171, 0.0716491
-0.154083, 0.0363854, 0.987388
0.752914, -0.642798, 0.14118

53
0.0154546, -0.00415818, 0.0265584
0.314207, 0.945504, 0.0854196
-0.0207318, -0.0831213, 0.996324
0.949128, -0.314823, -0.00651526

54
0.015532, -0.00266733, 0.00977168
0.314207, 0.945504, 0.0854196
0.344062, -0.197271, 0.91799
0.884814, -0.259049, -0.387296

55
-0.0210223, -0.0206292, 0.0508027
0.0741498, -0.659121, -0.748373
0.985649, -0.0656789, 0.155505
-0.151649, -0.749164, 0.644792

56
-0.0210223, -0.0206292, 0.0508027
0.0741498, -0.659121, -0.748373
0.985649, -0.0656789, 0.155505
-0.151649, -0.749164, 0.644792

57
-0.0382817, 0.0233391, 0.00467009
0.573797, 0.815329, 0.077426
0.58858, -0.344781, -0.731231
-0.569499, 0.46515, -0.677721

58
-0.0183396, 0.0243442, 0.0251669
0.605339, -0.0245982, -0.795588
-0.795968, -0.01752, -0.605086
0.000945331, 0.999544, -0.0301849

59
0.00909649, -0.00752618, 0.00874813
0.433965, 0.900187, -0.0365874
0.496681, -0.205165, 0.843336
0.751653, -0.384151, -0.53614

60
-0.0422375, 0.00382769, 0.00761805
0.605339, -0.0245982, -0.795588
-0.000945331, -0.999544, 0.0301849
-0.795968, -0.01752, -0.605086

61
-0.0450029, -0.00666457, 0.00968222
0.0466868, 0.784974, -0.617767
0.95518, -0.216063, -0.202357
-0.292321, -0.580631, -0.759879

62
-0.0355556, 0.0353578, 0.0174589
-0.431832, 0.0115454, 0.90188
0.724068, 0.600668, 0.339003
-0.537817, 0.799415, -0.267747

63
-0.0299086, 0.0174561, 0.0314175
-0.694262, -0.712452, 0.102037
0.308115, -0.166089, 0.936739
-0.650434, 0.681782, 0.334827

64
-0.0346693, 0.0106509, 0.0219009
0.0741498, -0.659121, -0.748373
-0.151649, -0.749164, 0.644792
-0.985649, 0.0656789, -0.155505

65
-0.0303761, 0.00957423, 0.0480345
-0.0220316, -0.974541, 0.223126
0.992555, 0.005419, 0.121674
-0.119785, 0.224145, 0.967166

66
-0.00371438, 0.00941933, 0.0114773
0.30321, 0.799902, 0.517901
0.69359, -0.557939, 0.455671
0.653449, 0.221047, -0.723977

67
-0.0353933, 0.0346547, 0.0313907
0.828131, 0.523784, 0.199621
0.13105, 0.165337, -0.977491
-0.545, 0.835652, 0.0682789

68
-0.0188355, 0.0131759, 0.0490987
-0.761045, -0.60471, 0.23481
0.570391, -0.451392, 0.686221
-0.308974, 0.656179, 0.688451

69
-0.0245279, -0.00286143, 0.0434002
-0.705262, -0.313328, -0.635949
0.519122, -0.839157, -0.162256
-0.482822, -0.444568, 0.754481

70
-0.028427, 0.0172163, 0.0572253
-0.630074, -0.77346, 0.0690404
0.759712, -0.595576, 0.261013
-0.160764, 0.216908, 0.962863

71
0.00175574, 0.0138688, -0.00136958
-0.165611, -0.907236, -0.386647
-0.80222, 0.351966, -0.482249
0.5736, 0.23031, -0.786092

72
-0.0349144, 0.0173707, 0.0406847
-0.447253, -0.894208, 0.0189009
0.205196, -0.0820181, 0.975278
-0.870551, 0.440075, 0.220171

73
-0.0366742, 0.0348536, 0.0310303
-0.778781, -0.526398, -0.341182
0.163007, -0.69503, 0.700259
-0.605747, 0.489733, 0.627083

74
-0.0427214, 0.0168196, 0.00217327
-0.559345, 0.289202, 0.77685
0.42429, 0.904982, -0.0314068
-0.712118, 0.312042, -0.628902

75
-0.0314379, 0.0188096, 0.0129737
-0.564051, -0.754145, -0.33632
-0.605889, 0.101268, 0.789077
-0.56102, 0.648853, -0.514049

76
-0.0380223, 0.018096, 0.0375139
-0.582615, -0.803626, -0.121426
0.00798544, -0.155054, 0.987874
-0.812709, 0.57458, 0.0967541

77
-0.0511165, 0.0139945, 0.0210238
-0.128982, -0.73232, -0.668634
-0.248876, -0.62878, 0.736679
-0.959909, 0.261425, -0.101155

78
-0.0168322, 0.01978, 0.0155919
-0.154048, 0.529561, 0.834167
0.983855, 0.0043788, 0.178912
0.0910921, 0.848261, -0.521686

79
-0.0326233, 0.0148872, 0.0436333
-0.705262, -0.313328, -0.635949
0.294839, -0.945409, 0.138823
-0.644729, -0.0895958, 0.759142

80
-0.00660337, -0.0285777, 0.0129723
-0.972022, -0.209198, -0.106818
-0.00130312, 0.459552, -0.88815
0.234888, -0.863162, -0.446967

81
0.0160131, -0.00608717, 0.0146991
0.454118, 0.849804, 0.2676
0.164346, -0.375102, 0.912299
0.875652, -0.370312, -0.310002

82
0.0074923, -0.0145295, 0.0419054
0.30321, 0.799902, 0.517901
-0.653449, -0.221047, 0.723977
0.69359, -0.557939, 0.455671

83
-0.0137621, 0.0148445, 0.0611249
-0.793597, -0.541458, 0.277538
0.590474, -0.795408, 0.136626
0.146779, 0.272305, 0.95095

84
-0.027256, 0.00790434, 0.0581185
-0.696216, 0.637065, -0.330805
-0.627439, -0.763945, -0.150694
-0.348719, 0.102645, 0.93159

85
-0.00702888, 0.0162212, 0.0412819
0.528391, -0.779881, 0.335542
0.708918, 0.187819, -0.679823
0.467159, 0.597084, 0.652114

86
0.0189875, -0.00138947, 0.0226582
0.193519, 0.929039, 0.315337
-0.0107483, -0.319386, 0.947564
0.981038, -0.186761, -0.0518217

87
-0.0105591, 0.0201365, 0.0386424
0.265124, -0.602581, 0.752732
0.923703, -0.0651838, -0.377524
0.276555, 0.795391, 0.539324

88
0.00284345, 0.0102779, 0.0293302
-0.228966, 0.969362, -0.0889458
-0.130804, 0.0599063, 0.989597
0.964606, 0.238219, 0.11308

89
-0.019564, 0.0343542, 0.0465779
0.457563, 0.526355, -0.716649
-0.888851, 0.248934, -0.384676
-0.024078, 0.813008, 0.581754

90
0.00972103, -0.0117895, 0.018845
0.573797, 0.815329, 0.077426
-0.0134923, -0.0851142, 0.99628
0.818886, -0.572707, -0.0378376

91
-0.0202343, 0.00870271, 0.0509722
-0.979886, -0.052461, -0.192539
0.123248, -0.917919, -0.377141
-0.15695, -0.393285, 0.905921

92
-0.0329181, 0.0136406, 0.0239375
-0.28971, -0.936769, -0.196297
-0.111274, -0.170736, 0.979013
-0.950624, 0.305472, -0.0547744

93
-0.023882, 0.0128144, 0.00720968
-0.594349, -0.797836, -0.101031
-0.770646, 0.529119, 0.35516
-0.229902, 0.288948, -0.92933

94
-0.0103458, -0.00294903, 0.0440476
-0.769415, -0.638165, -0.0273045
0.540223, -0.62733, -0.560906
0.340822, -0.44632, 0.827429

95
0.00939279, -0.0150753, 0.0128157
0.639827, 0.765171, 0.0716491
0.145774, -0.212372, 0.966255
0.754567, -0.607792, -0.247423

96
-0.0412172, 0.0272537, 0.0127149
0.639827, 0.765171, 0.0716491
0.430482, -0.279604, -0.8582
-0.636637, 0.579943, -0.508291

97
-0.0188977, -0.012492, 0.0442975
0.976389, -0.211656, -0.0432012
0.102381, 0.277305, 0.955312
-0.190218, -0.937179, 0.292427

98
0.000985081, 0.0185642, 0.0192108
-0.696216, 0.637065, -0.330805
-0.348719, 0.102645, 0.93159
0.627439, 0.763945, 0.150694

99
-0.0229273, 0.0102176, 0.0592683
-0.580168, -0.814372, 0.0142578
0.804745, -0.570433, 0.164289
-0.125659, 0.106789, 0.986309

100
0.00908537, 0.0297317, 0.0130746
0.0875135, -0.56754, -0.818682
-0.777222, 0.475166, -0.412484
0.623111, 0.672395, -0.399521

101
-0.00239899, 0.0143775, 0.0384959
0.510485, -0.847797, 0.143685
0.526627, 0.176151, -0.831646
0.679757, 0.500211, 0.536395

102
-0.0116355, 0.0223683, 0.0294448
0.744707, -0.118907, -0.656714
-0.616744, 0.253399, -0.745262
0.255028, 0.960026, 0.115373

103
-0.033418, 0.0182972, -0.00111462
-0.540252, 0.588934, 0.60107
0.699617, 0.711267, -0.0680782
-0.467615, 0.383739, -0.796292

104
-0.00807628, -0.0160355, 0.00181223
-0.972022, -0.209198, -0.106818
-0.0910915, 0.754888, -0.649497
0.216509, -0.621595, -0.752824

105
-0.0150716, 0.00162254, 0.0616212
0.976389, -0.211656, -0.0432012
0.214918, 0.97196, 0.0954149
0.0217947, -0.102447, 0.9945

106
-0.0368434, 0.029396, 0.0254387
-0.805924, -0.590058, 0.0481462
0.0475629, 0.0165288, 0.998731
-0.590105, 0.807192, 0.0147439

107
-0.0418164, 0.0215035, 0.0446943
0.568958, 0.818761, 0.0769224
-0.279261, 0.280341, -0.91838
-0.773498, 0.501038, 0.38815

108
-0.0208479, -0.0100544, 0.0176939
-0.868716, 0.0166722, 0.49503
-0.4021, 0.559848, -0.72449
-0.289221, -0.828427, -0.479645

109
-0.0264528, 0.0184589, 0.0202965
-0.828901, -0.464674, -0.31145
-0.389698, 0.0802393, 0.91744
-0.40132, 0.881839, -0.247593

110
-0.022896, 0.0117481, 0.0590672
-0.447253, -0.894208, 0.0189009
0.882809, -0.437963, 0.169811
-0.143569, 0.0926346, 0.985295

111
-0.0316661, 0.0290779, 0.00556984
-0.559345, 0.289202, 0.77685
0.664508, 0.716681, 0.211654
-0.495542, 0.634611, -0.593049

112
-0.0261111, -0.00715885, 0.0183579
0.630412, -0.0674269, -0.773327
0.522062, -0.700443, 0.486654
-0.574485, -0.710517, -0.406366

113
-0.013839, -0.00810367, 0.0137762
0.766467, 0.485952, -0.419976
0.635811, -0.481464, 0.603272
0.0909577, -0.729413, -0.678

114
0.00560812, -0.0145189, 0.0123058
-0.630074, -0.77346, 0.0690404
-0.42352, 0.267758, -0.865411
0.650875, -0.574513, -0.496283

115
-0.0352721, -0.0224671, 0.0310513
-0.298506, 0.362247, 0.88299
-0.802927, 0.404827, -0.43752
-0.515949, -0.839578, 0.170014

116
-0.0424033, 0.022909, 0.0364511
-0.594349, -0.797836, -0.101031
0.229902, -0.288948, 0.92933
-0.770646, 0.529119, 0.35516

117
-0.0208091, 0.0131508, 0.0605182
-0.972022, -0.209198, -0.106818
0.167012, -0.9353, 0.311963
-0.165169, 0.285395, 0.94407

118
-0.0243501, -0.0232953, 0.0477885
-0.540252, 0.588934, 0.60107
-0.825358, -0.231597, -0.514925
-0.164051, -0.774286, 0.611202

119
-0.0109329, -0.0293275, 0.0139968
-0.979886, -0.052461, -0.192539
0.15695, 0.393285, -0.905921
0.123248, -0.917919, -0.377141

120
-0.0152987, -0.0221184, 0.0500731
-0.249354, 0.601299, 0.759119
-0.96749, -0.188884, -0.168184
0.0422567, -0.776378, 0.62885

121
-0.0289944, 0.0169473, 0.007058
-0.542424, -0.821731, -0.174739
-0.742963, 0.372121, 0.556356
-0.392151, 0.431606, -0.812363

122
-0.0265026, 0.0150298, 0.0577106
-0.29351, -0.952363, 0.0828054
0.902371, -0.247423, 0.352858
-0.315561, 0.178289, 0.932006

123
-0.0220401, 0.00310862, 0.0466048
-0.778781, -0.526398, -0.341182
0.543591, -0.837754, 0.0517431
-0.313064, -0.145167, 0.938572

124
-0.0434403, 0.0194788, 0.0399959
-0.542424, -0.821731, -0.174739
0.392151, -0.431606, 0.812363
-0.742963, 0.372121, 0.556356

125
-0.0335449, 0.0247137, 0.0512405
-0.769415, -0.638165, -0.0273045
0.521613, -0.652415, 0.549795
-0.368674, 0.408779, 0.834853

126
0.0150749, -0.00951951, 0.0306154
0.433965, 0.900187, -0.0365874
-0.180293, 0.126562, 0.975437
0.882705, -0.416709, 0.217221

127
-0.0123097, -0.0182652, 0.0276362
-0.84471, -0.0857615, 0.528308
-0.52195, 0.350458, -0.777655
-0.118457, -0.932644, -0.340799

128
0.000877452, 0.00750778, 0.0543163
0.596476, 0.62378, -0.505089
-0.543616, 0.776946, 0.317547
0.590506, 0.085165, 0.802527

129
-0.029137, 0.0261088, 0.00192967
-0.868716, 0.0166722, 0.49503
0.289221, 0.828427, 0.479645
-0.4021, 0.559848, -0.72449

130
-0.0218518, 0.0137524, 0.0445089
0.660557, 0.7174, -0.221364
-0.708177, 0.497472, -0.501007
-0.2493, 0.487708, 0.836654

131
-0.0116164, 0.0347023, 0.0093637
0.34101, 0.430413, 0.835737
0.866084, -0.489532, -0.101278
0.365529, 0.758355, -0.539709

132
-0.00446609, -0.00464396, 0.0341668
-0.421856, -0.785238, -0.453253
0.578147, 0.152114, -0.801628
0.698415, -0.600219, 0.389813

133
-0.0383535, 0.0150206, 0.000676959
0.433965, 0.900187, -0.0365874
0.751653, -0.384151, -0.53614
-0.496681, 0.205165, -0.843336

134
-0.00611008, 0.0155757, -0.00437526
-0.392356, -0.827788, -0.401028
-0.895759, 0.442923, -0.0378759
0.208978, 0.344364, -0.915282

135
-0.0109542, 0.00353208, 0.0069509
0.674679, 0.726389, 0.131021
0.660905, -0.673552, 0.330958
0.328654, -0.136698, -0.934505

136
-0.0214422, 0.0133422, 0.00869427
-0.351958, -0.865574, -0.356242
-0.928148, 0.273491, 0.252475
-0.121107, 0.419505, -0.899638

137
-0.00180208, -0.009641, -0.000674284
-0.630074, -0.77346, 0.0690404
-0.64036, 0.467233, -0.609616
0.439256, -0.428314, -0.789684

138
-0.0168628, -0.0192432, 0.0262334
-0.75724, 0.0543604, 0.650871
-0.563919, 0.448352, -0.693524
-0.32952, -0.892203, -0.308855

139
-0.0172787, -0.00736405, 0.040308
-0.979886, -0.052461, -0.192539
0.173928, -0.697542, -0.695114
-0.0978375, -0.714621, 0.692637

140
-0.0018821, -0.0237219, 0.0391691
-0.665178, -0.546253, -0.509064
0.520363, 0.149813, -0.840701
0.5355, -0.824114, 0.184598

141
-0.0404026, 0.0181941, 0.0482853
-0.582615, -0.803626, -0.121426
0.580319, -0.51593, 0.630117
-0.569025, 0.29665, 0.766948

142
-0.0217072, 0.0132956, 0.00743098
-0.464641, -0.845179, -0.264161
-0.87643, 0.396356, 0.273445
-0.126408, 0.358572, -0.924904

143
-0.0218459, -0.00800981, 0.0140535
-0.84471, -0.0857615, 0.528308
-0.436888, 0.680688, -0.588041
-0.309182, -0.727536, -0.612453

144
0.0170339, 0.0172605, 0.0234456
-0.154048, 0.529561, 0.834167
0.292347, -0.782015, 0.550441
0.943823, 0.328661, -0.0343475

145
-0.0320659, 0.00363052, 0.0573588
-0.828901, -0.464674, -0.31145
0.40132, -0.881839, 0.247593
-0.389698, 0.0802393, 0.91744

146
0.0067263, -0.0120679, 0.0383112
-0.431832, 0.0115454, 0.90188
-0.463138, -0.860868, -0.210736
0.773967, -0.508698, 0.377097

147
0.0144172, 0.00787783, 0.00461476
-0.204431, -0.893173, -0.400562
-0.583362, 0.439763, -0.68286
0.786064, 0.0940748, -0.610944

148
-0.0202869, 0.000445086, 0.00807408
0.727584, 0.579827, -0.366636
0.667576, -0.721516, 0.183732
-0.158001, -0.378438, -0.912042

149
-0.00831745, -0.0272395, 0.0433468
-0.559345, 0.289202, 0.77685
-0.803562, -0.419271, -0.422493
0.203525, -0.860566, 0.466909

150
-0.0219797, 0.0107531, 0.0516309
-0.769415, -0.638165, -0.0273045
0.629528, -0.750377, -0.201566
0.108144, -0.172277, 0.979094

151
-0.0220176, 0.0172459, 0.0577201
-0.979886, -0.052461, -0.192539
-0.0238305, -0.927161, 0.373904
-0.19813, 0.370972, 0.907262

152
0.0191966, 0.0112904, 0.0319577
-0.245124, 0.727269, 0.641088
-0.0382198, -0.667997, 0.743182
0.968738, 0.15767, 0.191539

153
-0.0201327, -0.014231, 0.0249054
0.976389, -0.211656, -0.0432012
0.0217947, -0.102447, 0.9945
-0.214918, -0.97196, -0.0954149

154
0.0173876, 0.00181473, 0.0188597
-0.0220316, -0.974541, 0.223126
-0.269167, -0.209157, -0.940108
0.962841, -0.0807701, -0.257706

155
-0.0109343, -0.0220566, 0.00656913
-0.758791, -0.492738, 0.425965
-0.621658, 0.352719, -0.699379
0.194364, -0.795487, -0.573954

156
-0.021621, -0.0181494, 0.0527454
-0.275053, 0.713464, 0.644449
-0.948785, -0.0930766, -0.301901
-0.155412, -0.694482, 0.702525

157
-0.0434403, 0.0194788, 0.0399959
-0.542424, -0.821731, -0.174739
0.392151, -0.431606, 0.812363
-0.742963, 0.372121, 0.556356

158
-0.0468645, 0.0131569, 0.0342613
-0.351958, -0.865574, -0.356242
0.121107, -0.419505, 0.899638
-0.928148, 0.273491, 0.252475

159
-0.0241365, 0.004787, -0.00507258
-0.930631, -0.256968, 0.260564
-0.232394, 0.964984, 0.121649
-0.2827, 0.0526567, -0.957762

160
-0.0289944, 0.0169473, 0.007058
-0.542424, -0.821731, -0.174739
-0.742963, 0.372121, 0.556356
-0.392151, 0.431606, -0.812363

161
-0.00873851, -0.00790539, 0.0410056
-0.592893, -0.706964, -0.385591
0.713704, -0.239545, -0.658213
0.372967, -0.665447, 0.646588

162
-0.0346771, 0.0280853, 0.0456566
0.828131, 0.523784, 0.199621
-0.0874875, 0.472542, -0.876955
-0.553665, 0.708769, 0.437151

163
-0.0343093, 0.0251597, 0.00515798
-0.730678, 0.0116739, 0.682623
0.383613, 0.834113, 0.396354
-0.564758, 0.55147, -0.613946

164
-0.0381941, 0.0320191, 0.0349761
-0.805924, -0.590058, 0.0481462
0.269766, -0.293628, 0.917065
-0.526984, 0.752073, 0.39582

165
-0.033848, 0.0281411, 0.00321082
0.744707, -0.118907, -0.656714
-0.471632, -0.789977, -0.39179
-0.472202, 0.601496, -0.644381

166
-0.0314844, 0.0109879, -0.00168056
-0.868716, 0.0166722, 0.49503
0.113328, 0.979612, 0.165884
-0.482172, 0.200207, -0.852894

167
-0.0445579, 0.0246242, 0.0192683
-0.542424, -0.821731, -0.174739
-0.248062, -0.0420618, 0.967831
-0.802647, 0.568321, -0.181025

168
0.0134038, 0.0025268, 0.00511182
-0.421856, -0.785238, -0.453253
-0.424004, 0.612741, -0.66691
0.80141, -0.0891589, -0.591433

169
-0.0419016, 0.0262541, 0.0251957
0.660557, 0.7174, -0.221364
-0.0406843, -0.260209, -0.964695
-0.749673, 0.646242, -0.142696

170
-0.00616903, 0.0266473, 0.0494698
0.457563, 0.526355, -0.716649
-0.830406, 0.54111, -0.132767
0.317903, 0.655859, 0.68468

171
0.00727122, -0.0160458, 0.021642
0.674679, 0.726389, 0.131021
-0.0507192, -0.131465, 0.990023
0.736367, -0.674593, -0.0518546

172
-0.045279, 0.0253054, 0.029837
0.568958, 0.818761, 0.0769224
0.0380011, 0.0672619, -0.997011
-0.821488, 0.570181, 0.00715539

173
-0.0181866, -0.00353437, 0.0609524
-0.724561, 0.68102, 0.105938
-0.685861, -0.697333, -0.208138
-0.0678722, -0.223467, 0.972346

174
-0.0140898, -0.0287395, 0.0285066
-0.699309, -0.0317317, 0.714115
-0.714564, 0.00431912, -0.699556
0.0191138, -0.999487, -0.0256948

175
-0.00947359, -2.6295e-05, 0.0113218
0.639162, 0.768861, 0.0180104
0.645388, -0.54896, 0.531147
0.418265, -0.327865, -0.847088

176
-0.0324329, 0.0225052, 0.0534529
-0.52906, -0.836227, 0.144292
0.375624, -0.0783034, 0.923458
-0.760922, 0.542764, 0.355534

177
0.00174561, -0.0159792, 0.00786734
-0.769415, -0.638165, -0.0273045
-0.340822, 0.44632, -0.827429
0.540223, -0.62733, -0.560906

178
0.0140685, -0.0120911, 0.0297507
0.490679, 0.842758, 0.221344
-0.211241, -0.131394, 0.968562
0.845347, -0.52201, 0.113553

179
0.00783115, -0.0148868, 0.0315948
0.639162, 0.768861, 0.0180104
-0.139447, 0.0928302, 0.985869
0.756324, -0.632642, 0.166549

180
-0.0107775, -0.0219644, 0.046789
0.0875135, -0.56754, -0.818682
0.990185, 0.139462, 0.00916645
0.108972, -0.811448, 0.574175

181
0.0129016, -0.00652982, 0.0388705
0.494042, 0.750407, -0.439104
-0.161483, 0.575453, 0.801734
0.85431, -0.325183, 0.405476

182
-0.0473812, 0.025941, 0.0259637
-0.519767, -0.830186, 0.201574
0.0734799, 0.191633, 0.978712
-0.851142, 0.523514, -0.0386024

183
0.0112057, -0.00700455, 0.0167303
0.490679, 0.842758, 0.221344
0.128339, -0.321157, 0.93829
0.861837, -0.431992, -0.265743

184
-0.038322, 0.0120367, 0.00105318
0.744707, -0.118907, -0.656714
-0.255028, -0.960026, -0.115373
-0.616744, 0.253399, -0.745262

185
0.0181228, 0.0154301, 0.0256104
-0.21316, 0.653402, 0.72638
0.182662, -0.703706, 0.686609
0.95979, 0.279039, 0.0306505

186
-0.0309168, 0.015374, 0.00895667
-0.730678, 0.0116739, 0.682623
-0.128089, 0.979755, -0.153861
-0.670599, -0.199859, -0.71439

187
-0.0215375, 0.0116832, 0.0480669
-0.694262, -0.712452, 0.102037
0.533572, -0.414353, 0.737301
-0.483013, 0.566324, 0.667814

188
-0.0103542, -0.00762505, 0.0128249
0.538697, 0.709333, -0.454589
0.79438, -0.247904, 0.55453
0.280652, -0.659841, -0.697026

189
0.019632, 0.0151021, 0.0246704
0.265095, -0.659738, 0.703186
0.12597, -0.699331, -0.70361
0.955958, 0.275104, -0.102282

190
-0.00409619, -0.0213678, 0.0434101
-0.778781, -0.526398, -0.341182
0.497257, -0.186478, -0.847326
0.382408, -0.829537, 0.40698

191
-0.0341883, 0.0157714, 0.0568229
-0.844795, -0.49463, -0.204114
0.34496, -0.795045, 0.498905
-0.409053, 0.351061, 0.842278

192
-0.0181866, -0.00527008, 0.0480217
-0.421856, -0.785238, -0.453253
0.80141, -0.0891589, -0.591433
0.424004, -0.612741, 0.66691

193
-0.00848219, 0.0368662, 0.0157664
-0.298506, 0.362247, 0.88299
0.939253, -0.052719, 0.339154
0.169408, 0.93059, -0.324504

194
0.00563369, 0.00988198, 0.0512887
0.744707, -0.118907, -0.656714
-0.000402704, 0.98392, -0.178609
0.667392, 0.133276, 0.732684

195
-0.0445579, 0.0246242, 0.0192683
-0.542424, -0.821731, -0.174739
-0.248062, -0.0420618, 0.967831
-0.802647, 0.568321, -0.181025

196
-0.0120532, -0.0176136, 0.033382
-0.868716, 0.0166722, 0.49503
-0.482172, 0.200207, -0.852894
-0.113328, -0.979612, -0.165884

197
-0.0164225, -0.0268551, 0.0459284
-0.544085, -0.381787, -0.747135
0.839026, -0.244708, -0.485956
0.00270243, -0.891267, 0.453471

198
-0.0238142, -0.000789193, 0.051139
-0.592893, -0.706964, -0.385591
0.802105, -0.475966, -0.360671
0.0714535, -0.523123, 0.849256

199
-0.0230163, -0.00899898, 0.0322954
-0.807681, 0.337797, -0.483265
0.291383, -0.483869, -0.825207
-0.512589, -0.807319, 0.292384

200
-0.0164225, -0.0268551, 0.0459284
-0.544085, -0.381787, -0.747135
0.839026, -0.244708, -0.485956
0.00270243, -0.891267, 0.453471

201
-0.0397572, 0.0180712, 0.0472731
0.265124, -0.602581, 0.752732
0.608989, 0.709901, 0.353798
-0.747557, 0.364605, 0.555177

202
-0.0107202, -0.0144949, 0.053352
-0.275053, 0.713464, 0.644449
-0.817089, 0.179775, -0.547765
-0.506666, -0.677237, 0.533516

203
0.00554703, -0.00926624, 0.00845327
-0.594349, -0.797836, -0.101031
-0.507315, 0.469438, -0.722675
0.624004, -0.378266, -0.683764

204
0.00941343, -0.000698092, 0.0479383
-0.35576, 0.722666, 0.592611
-0.52324, -0.679416, 0.514406
0.774373, -0.127073, 0.619837

205
-0.0297441, -0.000777401, 0.00623664
0.80967, 0.0746887, -0.582113
0.42269, -0.76231, 0.490118
-0.407144, -0.642888, -0.64879

206
-0.0358879, 0.0190026, 0.00153204
-0.694262, -0.712452, 0.102037
-0.483013, 0.566324, 0.667814
-0.533572, 0.414353, -0.737301

207
-0.0235994, -0.00638033, 0.0570038
-0.165611, -0.907236, -0.386647
0.960661, -0.237038, 0.144715
-0.222941, -0.34747, 0.910803

208
-0.0367241, 0.0219377, 0.0344301
-0.52906, -0.836227, 0.144292
0.0558389, 0.135364, 0.989221
-0.846745, 0.531414, -0.0249217

209
0.00418622, -0.0195683, 0.0229785
-0.769415, -0.638165, -0.0273045
-0.108144, 0.172277, -0.979094
0.629528, -0.750377, -0.201566

210
-0.0402223, 0.0172859, 0.00397367
0.193519, 0.929039, 0.315337
0.701299, 0.0937805, -0.706672
-0.686098, 0.3579, -0.633385

211
-0.0429581, 0.00869753, 0.0466489
0.144327, -0.89369, 0.424839
0.581702, 0.423942, 0.694187
-0.800495, 0.14694, 0.581048

212
-0.0290419, 0.0307935, 0.00364725
-0.249354, 0.601299, 0.759119
0.877673, 0.471613, -0.0852689
-0.409283, 0.644997, -0.645342

213
-0.0412069, 0.0145367, 0.0470756
0.265095, -0.659738, 0.703186
0.58689, 0.68903, 0.425203
-0.765039, 0.299974, 0.569852

214
-0.0442541, 0.014727, 0.00793812
-0.21316, 0.653402, 0.72638
0.549513, 0.694906, -0.463833
-0.807836, 0.300285, -0.507179

215
0.00878181, -0.00298051, 0.00503635
-0.592893, -0.706964, -0.385591
-0.372967, 0.665447, -0.646588
0.713704, -0.239545, -0.658213

216
-0.011119, 0.00954719, 0.00891287
0.193519, 0.929039, 0.315337
0.902247, -0.294768, 0.31474
0.385357, 0.223604, -0.895266

217
0.00324691, -0.0233094, 0.0296443
-0.778781, -0.526398, -0.341182
0.313064, 0.145167, -0.938572
0.543591, -0.837754, 0.0517431

218
-0.0274453, 0.0198532, -0.00203171
-0.930631, -0.256968, 0.260564
-0.106519, 0.871378, 0.478909
-0.350114, 0.417932, -0.838304

219
-0.0197005, -0.00622709, -0.00454005
0.976389, -0.211656, -0.0432012
-0.190218, -0.937179, 0.292427
-0.102381, -0.277305, -0.955312

220
-0.029286, 0.0183565, 0.0438133
0.265124, -0.602581, 0.752732
0.959223, 0.244161, -0.142397
-0.0979822, 0.75979, 0.642743

221
-0.0111877, 0.00370349, -0.00666375
-0.978326, -0.172195, -0.115011
-0.175772, 0.984193, 0.0216378
0.109467, 0.0413845, -0.993128

222
0.000158585, -0.00805769, 0.0488739
0.568958, 0.818761, 0.0769224
-0.607751, 0.355617, 0.710053
0.554009, -0.45074, 0.699934

223
-0.0164225, -0.0268551, 0.0459284
-0.544085, -0.381787, -0.747135
0.839026, -0.244708, -0.485956
0.00270243, -0.891267, 0.453471

224
-0.0344534, 0.0214149, 0.0317382
0.660557, 0.7174, -0.221364
-0.558867, 0.272966, -0.783044
-0.501331, 0.640958, 0.581241

225
-0.040606, 0.0325383, 0.0213231
-0.53803, -0.296161, 0.789185
0.539206, 0.598711, 0.592286
-0.647906, 0.7442, -0.162432

226
0.0150263, -0.0100148, 0.0288467
0.454118, 0.849804, 0.2676
-0.183262, -0.204837, 0.961487
0.87189, -0.485669, 0.0627166

227
-0.0257519, 0.0334403, 0.0141762
-0.730678, 0.0116739, 0.682623
0.570536, 0.559582, 0.60113
-0.374966, 0.828693, -0.415534

228
-0.00103873, -0.00131691, -0.0034426
-0.592733, -0.778855, -0.205066
-0.650644, 0.613126, -0.448039
0.474689, -0.132142, -0.870177

229
-0.0338196, -0.00393368, 0.0348303
0.0741498, -0.659121, -0.748373
0.237086, -0.717271, 0.655219
-0.968655, -0.226013, 0.103083

230
0.0110809, 0.00122496, 0.0448097
-0.53803, -0.296161, 0.789185
0.0768625, -0.949581, -0.303953
0.839414, -0.102877, 0.533667

231
-0.0065808, -0.00743758, 0.0153993
0.494042, 0.750407, -0.439104
0.727483, -0.0802132, 0.681421
0.476121, -0.656091, -0.585537

232
0.0151092, 0.00787204, 0.00698182
-0.165611, -0.907236, -0.386647
-0.521647, 0.41331, -0.746364
0.836933, 0.0780872, -0.541706

233
-0.0119144, 0.0179357, 0.0392216
0.265095, -0.659738, 0.703186
0.931397, -0.0134596, -0.363757
0.249449, 0.751375, 0.610909

234
0.0135191, 0.0042749, 0.0424977
-0.365543, 0.648357, 0.667841
0.308681, -0.59245, 0.744123
0.87812, 0.478158, 0.0164307

235
-0.000514741, -0.0277722, 0.0185185
-0.758791, -0.492738, 0.425965
-0.499958, 0.0214499, -0.865784
0.417468, -0.869913, -0.262624

236
0.0164865, 0.0162965, 0.0267374
-0.258738, 0.688924, 0.67708
0.209242, -0.644333, 0.735563
0.943012, 0.331992, 0.0225619

237
-0.0509301, 0.0124321, 0.021102
0.288409, 0.889456, -0.354527
0.0707364, -0.38904, -0.918501
-0.954891, 0.239826, -0.175119

238
-0.0469016, 0.0153536, 0.0128489
-0.154048, 0.529561, 0.834167
0.460663, 0.785366, -0.413508
-0.874104, 0.32057, -0.364934

239
-0.0185891, 0.00272853, 0.00867889
-0.532082, -0.804455, 0.264085
-0.844267, 0.527683, -0.0936148
-0.0640441, -0.272769, -0.959946

240
-0.00686625, 0.00865194, 0.0116537
0.203182, 0.897955, 0.390377
0.781109, -0.389057, 0.488369
0.590412, 0.205699, -0.78045

241
0.0206348, 0.0153687, 0.0238386
0.265124, -0.602581, 0.752732
0.0979822, -0.75979, -0.642743
0.959223, 0.244161, -0.142397

242
-0.0334283, 0.0161583, -0.000542261
-0.84471, -0.0857615, 0.528308
0.118457, 0.932644, 0.340799
-0.52195, 0.350458, -0.777655

243
-0.0346693, 0.0106509, 0.0219009
0.0741498, -0.659121, -0.748373
-0.151649, -0.749164, 0.644792
-0.985649, 0.0656789, -0.155505

244
0.00681497, 0.0150982, -0.00142063
-0.724138, -0.194792, -0.661574
-0.340491, 0.935196, 0.097333
0.599742, 0.295742, -0.743536

245
-0.0190608, 0.00378535, 0.00774056
-0.519767, -0.830186, 0.201574
-0.851142, 0.523514, -0.0386024
-0.0734799, -0.191633, -0.978712

246
0.00427065, 0.0137911, 0.028197
-0.365543, 0.648357, 0.667841
0.621226, -0.364369, 0.693768
0.69315, 0.668482, -0.269584

247
-0.0150627, 0.0091032, 0.0523672
0.510485, -0.847797, 0.143685
0.746671, 0.354165, -0.563071
0.426482, 0.394725, 0.813821

248
-0.0451854, 0.0234159, 0.0268983
-0.542424, -0.821731, -0.174739
0.0779805, -0.256347, 0.963434
-0.836478, 0.508963, 0.203128

249
-0.0210268, 0.00761026, 0.0617044
-0.228966, 0.969362, -0.0889458
-0.964606, -0.238219, -0.11308
-0.130804, 0.0599063, 0.989597

250
0.0162394, 0.00194728, 0.0146425
0.265124, -0.602581, 0.752732
-0.276555, -0.795391, -0.539324
0.923703, -0.0651838, -0.377524

251
-0.0309534, 0.030365, 0.00572115
-0.84471, -0.0857615, 0.528308
0.309182, 0.727536, 0.612453
-0.436888, 0.680688, -0.588041

252
-0.003113, 0.0208751, 0.0368596
0.605339, -0.0245982, -0.795588
-0.735016, 0.366323, -0.570578
0.305477, 0.930163, 0.203669

253
-0.0291338, -0.0204923, 0.0484069
-0.724138, -0.194792, -0.661574
0.68439, -0.0846539, -0.724186
0.085061, -0.977185, 0.194615

254
-0.012992, -0.0157004, 0.018939
-0.835502, -0.259043, 0.484596
-0.533372, 0.594346, -0.601887
-0.132103, -0.761348, -0.634743

255
-0.0310136, 0.0181541, -0.000373932
0.639162, 0.768861, 0.0180104
0.633406, -0.512986, -0.579346
-0.436198, 0.381704, -0.814882

256
-0.0454857, 0.0110166, 0.00842774
-0.258738, 0.688924, 0.67708
0.518854, 0.690366, -0.504168
-0.814767, 0.220859, -0.536075

257
0.0167455, -0.00189887, 0.0196823
-0.0685407, -0.912827, 0.402553
-0.241885, -0.376257, -0.894384
0.967881, -0.158673, -0.19501

258
-0.0343517, 0.0262721, 0.00454897
-0.835502, -0.259043, 0.484596
0.132103, 0.761348, 0.634743
-0.533372, 0.594346, -0.601887

259
0.0161088, 0.0208606, 0.0156291
0.528391, -0.779881, 0.335542
-0.160308, -0.479758, -0.862632
0.833729, 0.402017, -0.378521

260
-0.0274409, 0.00381085, 0.00565694
-0.868716, 0.0166722, 0.49503
-0.260812, 0.834258, -0.485789
-0.421082, -0.551123, -0.720385

261
-0.0202404, -0.0101999, 0.0096537
-0.779349, -0.321006, 0.538117
-0.484716, 0.853087, -0.193113
-0.39707, -0.411337, -0.820449

262
-0.0247565, 0.0172322, -0.00524773
-0.28971, -0.936769, -0.196297
-0.920845, 0.216882, 0.324047
-0.260984, 0.274639, -0.925452

263
0.0108515, -0.0117452, 0.0179237
-0.592893, -0.706964, -0.385591
-0.0714535, 0.523123, -0.849256
0.802105, -0.475966, -0.360671

264
-0.0451854, 0.0234159, 0.0268983
-0.542424, -0.821731, -0.174739
0.0779805, -0.256347, 0.963434
-0.836478, 0.508963, 0.203128

265
-0.0060029, 0.0113037, 0.0488959
-0.724561, 0.68102, 0.105938
-0.325173, -0.473315, 0.818679
0.607679, 0.558735, 0.564395

266
-0.0384333, 0.0178509, 0.0478676
-0.29351, -0.952363, 0.0828054
0.712922, -0.160361, 0.682661
-0.636863, 0.259402, 0.726028

267
-0.0334336, 0.0100785, -0.000946108
0.766467, 0.485952, -0.419976
0.327348, -0.858138, -0.395528
-0.552604, 0.165681, -0.81681

268
-0.00521808, 0.017551, -0.00389018
-0.518769, -0.716033, -0.467092
-0.805816, 0.592033, -0.0125938
0.285551, 0.369857, -0.884119

269
0.00724848, -0.00955445, 0.0136333
0.573797, 0.815329, 0.077426
0.300909, -0.297801, 0.905963
0.761715, -0.496541, -0.416217

270
-0.00975844, -0.0280899, 0.0141625
-0.779349, -0.321006, 0.538117
-0.623517, 0.312365, -0.716697
0.0619751, -0.894082, -0.443594

271
-0.0343589, 0.0218373, 0.00196067
0.261485, 0.871581, 0.414695
0.792992, 0.0509474, -0.607098
-0.550263, 0.487597, -0.677835

272
-0.049842, 0.0180133, 0.0213301
0.314207, 0.945504, 0.0854196
0.382369, -0.0436833, -0.922976
-0.868946, 0.322667, -0.375257

273
-0.00843644, 0.0065558, 0.0442997
0.315782, -0.947758, -0.0451285
0.841162, 0.301638, -0.448844
0.439008, 0.103776, 0.89247

274
-0.0322705, -0.00121367, 0.0279396
-0.249354, 0.601299, 0.759119
-0.409283, 0.644997, -0.645342
-0.877673, -0.471613, 0.0852689

275
0.0157809, 0.00296805, 0.0322875
-0.154048, 0.529561, 0.834167
-0.0910921, -0.848261, 0.521686
0.983855, 0.0043788, 0.178912

276
-0.0366799, -0.00419394, 0.0546533
-0.696216, 0.637065, -0.330805
-0.446229, -0.745074, -0.495727
-0.562284, -0.197518, 0.803009

277
-0.0115393, 0.0128528, 0.0604161
-0.254829, 0.949178, -0.184727
-0.955594, -0.217952, 0.198334
0.147992, 0.227065, 0.962569

278
-0.00722995, 0.0204104, 0.031213
-0.431832, 0.0115454, 0.90188
0.773967, -0.508698, 0.377097
0.463138, 0.860868, 0.210736

279
0.00152275, -0.00993779, 0.0441979
0.639162, 0.768861, 0.0180104
-0.418265, 0.327865, 0.847088
0.645388, -0.54896, 0.531147

280
-0.00923448, -0.0174856, 0.00212627
-0.979886, -0.052461, -0.192539
0.0978375, 0.714621, -0.692637
0.173928, -0.697542, -0.695114

281
-0.00386657, -0.0136885, 0.0213145
0.457563, 0.526355, -0.716649
0.317903, 0.655859, 0.68468
0.830406, -0.54111, 0.132767

282
-0.0261348, 0.0157648, -0.00558893
0.573797, 0.815329, 0.077426
0.761715, -0.496541, -0.416217
-0.300909, 0.297801, -0.905963

283
-0.000865019, -0.003015, 0.00158587
0.433965, 0.900187, -0.0365874
0.746518, -0.336556, 0.573969
0.504366, -0.276396, -0.818059

284
-0.0312497, 0.0196909, 0.0420425
-0.778781, -0.526398, -0.341182
0.382408, -0.829537, 0.40698
-0.497257, 0.186478, 0.847326

285
-0.00235785, 0.0359301, 0.0335152
-0.860712, 0.333129, 0.384968
0.179856, -0.508446, 0.842101
0.476264, 0.794045, 0.377711

286
0.00299045, -0.000504275, 0.0199126
-0.392356, -0.827788, -0.401028
-0.149722, 0.48765, -0.860105
0.907546, -0.277425, -0.315271

287
-0.0436723, 0.0199896, 0.0107217
-0.532082, -0.804455, 0.264085
-0.263918, 0.453941, 0.851049
-0.80451, 0.383131, -0.453844

288
-0.04191, 0.0242777, 0.0227405
-0.594349, -0.797836, -0.101031
-0.0825114, -0.0644684, 0.994503
-0.799963, 0.599418, -0.0275139

289
-0.0137227, 0.0103784, 0.0584653
-0.761045, -0.60471, 0.23481
0.621805, -0.783171, -0.00157648
0.18485, 0.144806, 0.97204

290
-0.0460348, 0.0203286, 0.0444049
-0.592733, -0.778855, -0.205066
0.419461, -0.515886, 0.746937
-0.687546, 0.356716, 0.632482

291
0.0122241, 0.0150376, 0.0107407
0.315782, -0.947758, -0.0451285
-0.439008, -0.103776, -0.89247
0.841162, 0.301638, -0.448844

292
-0.0345649, 0.00740341, 0.0115515
-0.559345, 0.289202, 0.77685
-0.203525, 0.860566, -0.466909
-0.803562, -0.419271, -0.422493

293
-0.0314785, 0.00539259, 0.0365432
0.291101, 0.70596, 0.645663
-0.415338, 0.70123, -0.579458
-0.861832, -0.0994876, 0.49734

294
0.00142175, -0.0238814, 0.0322549
0.828131, 0.523784, 0.199621
-0.329637, 0.167038, 0.929213
0.453363, -0.835313, 0.310988

295
-0.0333411, 0.0265255, 0.0488849
-0.805924, -0.590058, 0.0481462
0.450899, -0.559083, 0.695784
-0.383635, 0.582458, 0.716635

296
-0.0338196, -0.00393368, 0.0348303
0.0741498, -0.659121, -0.748373
0.237086, -0.717271, 0.655219
-0.968655, -0.226013, 0.103083

297
0.00365077, -0.017464, 0.0435181
0.630412, -0.0674269, -0.773327
0.574485, 0.710517, 0.406366
0.522062, -0.700443, 0.486654

298
-0.00328536, -0.0251802, 0.0355057
-0.544085, -0.381787, -0.747135
0.774125, 0.114992, -0.622501
0.323578, -0.917069, 0.232985

299
-0.0165675, -0.0163387, 0.0248585
-0.730678, 0.0116739, 0.682623
-0.564758, 0.55147, -0.613946
-0.383613, -0.834113, -0.396354

300
0.000774104, 0.00665479, 9.58055e-05
0.454118, 0.849804, 0.2676
0.73539, -0.527088, 0.425888
0.50297, 0.00338689, -0.864297

301
-0.00328536, -0.0251802, 0.0355057
-0.544085, -0.381787, -0.747135
0.774125, 0.114992, -0.622501
0.323578, -0.917069, 0.232985

302
-0.0152109, 0.00597906, 0.0519467
-0.630074, -0.77346, 0.0690404
0.650875, -0.574513, -0.496283
0.42352, -0.267758, 0.865411

303
-0.00638943, -0.00118765, 0.0124273
0.564371, 0.825289, 0.0195804
0.624453, -0.442303, 0.64376
0.539948, -0.351092, -0.764977

304
0.00243883, 0.00128287, 0.032086
0.0875135, -0.56754, -0.818682
0.27825, 0.80305, -0.52696
0.956514, -0.181682, 0.228196

305
-0.0172314, -0.00208078, 0.0611714
0.378049, 0.905561, 0.192455
-0.925721, 0.367301, 0.0901715
0.0109668, -0.212249, 0.977154

306
-0.00617921, -0.0292359, 0.0365311
0.630412, -0.0674269, -0.773327
0.730539, 0.388384, 0.561668
0.262476, -0.919028, 0.2941

307
0.0111222, -0.0143752, 0.0350251
0.568958, 0.818761, 0.0769224
