0
0.00206606, 0.00114524, 0.046173
-0.81774, 0.0665017, 0.571733
-0.369731, -0.821964, -0.433213
0.441134, -0.565643, 0.696741

1
-0.0215498, 0.0325298, 0.0318023
-0.684788, -0.728618, 0.0134707
0.301849, -0.26677, 0.915271
-0.66329, 0.630832, 0.402613

2
-0.0109657, 0.0391635, 0.0311636
0.999495, 0.0309078, 0.00736822
-0.00324263, 0.329906, -0.944008
-0.031608, 0.943508, 0.32984

3
-0.00532794, 0.0456634, 0.0336246
-0.458905, -0.317289, 0.8299
0.880866, -0.284542, 0.3783
0.116111, 0.904635, 0.410066

4
-0.0199271, 0.0433107, 0.0402137
-0.910274, -0.40591, 0.0814708
0.313565, -0.547462, 0.775863
-0.270328, 0.731794, 0.625619

5
-0.0284322, 0.021234, 0.0453409
-0.30423, 0.86988, -0.38827
-0.707415, -0.479278, -0.519477
-0.637972, 0.116628, 0.761176

6
-0.00887073, 0.0372934, 0.0325303
-0.955364, 0.181451, -0.233141
-0.286947, -0.382165, 0.878414
0.070291, 0.906105, 0.417173

7
-0.00326094, 0.0290772, -0.00745509
-0.907807, -0.348463, -0.233368
-0.396429, 0.894576, 0.206346
0.136861, 0.279836, -0.950243

8
-0.0129623, 0.0420539, 0.00447537
-0.850901, -0.397843, -0.343059
-0.502672, 0.426908, 0.751712
-0.152609, 0.812078, -0.56324

9
-0.019861, 0.0147608, 0.0401507
-0.658799, 0.651991, -0.375356
-0.411943, -0.730115, -0.545192
-0.629513, -0.204547, 0.749582

10
-0.00231562, 0.00137505, -0.00145482
-0.947276, -0.317297, -0.0446244
-0.238542, 0.791325, -0.562941
0.213932, -0.522615, -0.825292

11
-0.0222609, 0.033663, 0.026602
-0.69073, -0.700655, 0.178815
0.252726, -0.00221937, 0.967535
-0.677512, 0.713496, 0.178607

12
-0.00376844, -0.0116827, 0.0142756
0.00901754, -0.23442, 0.972094
-0.999159, -0.0409997, -0.000618458
0.0400005, -0.97127, -0.234593

13
0.00110013, 0.0216219, 0.0405415
0.340344, -0.937754, -0.0691704
0.698308, 0.301332, -0.64928
0.629708, 0.172676, 0.757397

14
-0.0232371, 0.0162877, 0.0378391
-0.230419, 0.967981, -0.0995993
-0.611395, -0.223641, -0.759066
-0.757036, -0.114009, 0.64335

15
-0.010881, 0.031691, 0.0510233
0.999495, 0.0309078, 0.00736822
-0.0246431, 0.900439, -0.434283
-0.0200574, 0.433882, 0.900746

16
-0.0240871, 0.0305074, 0.0182356
-0.597307, -0.561109, 0.573046
0.209981, 0.580175, 0.786959
-0.774037, 0.590385, -0.22872

17
-0.000649189, 0.0364725, 0.0293565
-0.820491, 0.537935, -0.193443
-0.318487, -0.149144, 0.936121
0.474722, 0.829688, 0.293696

18
-0.0104714, 0.0230217, 0.00257352
0.29312, -0.916218, -0.273178
-0.952577, -0.304295, -0.00153258
-0.0817225, 0.260672, -0.961962

19
-0.00638528, -0.00201187, 0.00267164
-0.992476, -0.115115, -0.0417012
-0.0542864, 0.719027, -0.692858
0.109743, -0.685382, -0.719867

20
-0.0064946, 0.00524418, 0.0408504
-0.990598, -0.128982, 0.0455985
0.0695382, -0.761769, -0.644106
0.117814, -0.634879, 0.763576

21
-0.0232371, 0.0162877, 0.0378391
-0.230419, 0.967981, -0.0995993
-0.611395, -0.223641, -0.759066
-0.757036, -0.114009, 0.64335

22
-0.017185, 0.0148725, 0.0477988
-0.678631, 0.716409, -0.161921
-0.455731, -0.583605, -0.672097
-0.575994, -0.382313, 0.722543

23
-0.010502, 0.00876012, 0.00170059
-0.0259851, -0.921411, 0.387719
-0.996266, 0.0558136, 0.0658703
-0.0823337, -0.38456, -0.919421

24
-0.0181216, 0.019245, 0.0398672
-0.801086, 0.0802229, -0.593149
-0.06754, -0.996764, -0.0435944
-0.594726, 0.00513832, 0.803912

25
-0.0229513, 0.00436147, 0.0389793
-0.775503, 0.582759, -0.242873
-0.00535893, -0.390754, -0.92048
-0.631321, -0.712533, 0.306154

26
-0.0103581, 0.0141977, 0.0534761
0.999495, 0.0309078, 0.00736822
-0.0304429, 0.997937, -0.0565243
-0.00910006, 0.0562714, 0.998374

27
-0.0233597, 0.00233187, 0.0368017
-0.82478, 0.396848, -0.402803
0.223316, -0.425839, -0.876807
-0.519489, -0.813125, 0.2626

28
-0.0264045, 0.0354036, 0.0126416
0.377564, 0.723998, 0.577298
0.861153, -0.0453654, -0.506318
-0.340384, 0.688309, -0.640601

29
-0.017756, 0.00102422, -0.00830222
-0.30423, 0.86988, -0.38827
0.637972, -0.116628, -0.761176
-0.707415, -0.479278, -0.519477

30
-0.0276551, 0.0223866, 0.0136372
-0.417318, -0.229042, 0.879423
0.0781117, 0.955095, 0.285817
-0.905397, 0.18797, -0.380688

31
0.000292965, -0.00238495, 0.0384648
-0.910274, -0.40591, 0.0814708
0.270328, -0.731794, -0.625619
0.313565, -0.547462, 0.775863

32
-0.0222768, 0.00869763, -0.00715251
-0.748833, -0.432115, 0.50252
-0.450187, 0.888097, 0.0928212
-0.486396, -0.156721, -0.859568

33
-0.011816, 0.0015538, 0.0443572
-0.971951, 0.229848, 0.049816
-0.163955, -0.510341, -0.844198
-0.168614, -0.828687, 0.533711

34
-0.01561, 0.0427424, 0.0438603
-0.922466, 0.0134219, -0.385846
-0.21324, -0.850839, 0.480209
-0.321847, 0.525254, 0.787732

35
-0.0128143, -0.00947049, 0.0155744
-0.597331, -0.080014, 0.797993
-0.677875, 0.582098, -0.449052
-0.42858, -0.809172, -0.401945

36
-0.00196048, 0.000421282, 0.0411238
-0.942031, -0.326644, 0.0766896
0.0683226, -0.410523, -0.909287
0.328496, -0.851337, 0.409042

37
-0.0005466, 0.0140163, 0.0422314
-0.815065, -0.472981, 0.334602
0.329175, -0.853309, -0.40436
0.476774, -0.219437, 0.851196

38
-0.00880314, 0.0345172, 0.0360792
-0.97112, -0.0838309, 0.223381
0.227582, -0.606591, 0.761744
0.0716429, 0.790582, 0.608151

39
-0.0163496, 0.0103349, 0.0512493
-0.763028, 0.644642, -0.0471651
-0.59038, -0.724786, -0.355158
-0.263134, -0.24315, 0.933616

40
-0.00346939, 0.00678367, 0.0418818
-0.923564, -0.371925, 0.0932863
0.240908, -0.75209, -0.613453
0.298318, -0.544089, 0.784202

41
-0.0240369, 0.00507791, 0.0128433
-0.584775, 0.17839, 0.791337
-0.386811, 0.796151, -0.465318
-0.713032, -0.578204, -0.396566

42
-0.0203696, 0.0458852, 0.00886281
0.889533, 0.445494, 0.101325
0.309848, -0.42527, -0.850376
-0.335747, 0.787833, -0.516327

43
-0.0285404, 0.0241608, 0.0303202
0.0471628, 0.873493, -0.484546
-0.381652, -0.432525, -0.816862
-0.923102, 0.223454, 0.312972

44
-0.0245, 0.0261588, 0.0352901
0.224518, 0.943604, -0.243319
-0.581038, -0.0708207, -0.810789
-0.782295, 0.323414, 0.532369

45
-0.00626685, 0.0100485, 0.0532914
-0.848986, 0.450202, 0.276661
-0.503273, -0.848487, -0.163668
0.16106, -0.278188, 0.946927

46
-0.0194998, 0.00474831, 0.0345592
-0.763622, 0.645145, -0.0258622
-0.317349, -0.409909, -0.85514
-0.56229, -0.644796, 0.517752

47
-0.0170332, 0.00477471, 0.00616759
-0.609178, -0.413042, 0.676977
-0.68883, 0.698589, -0.193616
-0.392957, -0.584268, -0.710081

48
0.00420855, 0.036636, 0.0208133
-0.757477, 0.600228, -0.256816
-0.164194, 0.205579, 0.964768
0.631877, 0.772958, -0.0571676

49
-0.026345, 0.0414745, 0.0271837
0.0306345, -0.207791, 0.977693
0.8657, 0.494454, 0.0779621
-0.499625, 0.844001, 0.195032

50
-0.0195848, 0.0353564, 0.0463689
-0.948056, -0.0594129, -0.312507
-0.0728761, -0.915709, 0.395178
-0.309644, 0.397425, 0.863814

51
-0.00051778, -0.0101636, 0.0147282
0.83764, 0.127064, 0.531238
-0.498818, -0.218357, 0.83875
0.222574, -0.967561, -0.119523

52
-0.0241537, 0.0047472, 0.00851197
-0.597331, -0.080014, 0.797993
-0.462265, 0.847445, -0.261052
-0.655367, -0.524819, -0.543193

53
-0.00190344, -0.00419352, 0.0221685
-0.942031, -0.326644, 0.0766896
-0.0625882, -0.0534811, -0.996605
0.329637, -0.943633, 0.0299368

54
0.0103208, 0.0104525, 0.0203482
-0.351969, -0.873949, -0.335157
0.0594539, 0.336472, -0.939815
0.934121, -0.350712, -0.0664679

55
-0.00543927, 0.0301982, 0.0026623
0.508738, 0.690127, 0.514695
0.849639, -0.498936, -0.170809
0.13892, 0.524202, -0.840187

56
-0.0234684, 0.0211777, 0.0376521
0.0940825, 0.994342, -0.0493192
-0.641109, 0.0226114, -0.767117
-0.761661, 0.103791, 0.639609

57
-0.0285865, 0.0264379, 0.0274111
0.120848, 0.73467, -0.667574
-0.362734, -0.593314, -0.718611
-0.924023, 0.328995, 0.194789

58
-0.0224678, 0.00774157, -0.00825918
-0.748833, -0.432115, 0.50252
-0.229783, 0.880469, 0.414698
-0.62165, 0.195069, -0.758616

59
-0.0143114, -0.00505716, 0.0261728
-0.971951, 0.229848, 0.049816
-0.0869483, -0.154369, -0.98418
-0.218522, -0.960906, 0.170024

60
-0.0163329, 0.0329716, 0.0452485
-0.922466, 0.0134219, -0.385846
-0.0738423, -0.987079, 0.142203
-0.378951, 0.159669, 0.911538

61
-0.0251986, 0.0421505, 0.0274562
0.00901754, -0.23442, 0.972094
0.907795, 0.409568, 0.0903462
-0.419317, 0.881647, 0.216499

62
-0.00238922, 0.0332111, 0.0491807
0.0471628, 0.873493, -0.484546
-0.998887, 0.0409243, -0.0234514
-0.000654933, 0.485113, 0.874451

63
-0.0154915, 0.00324185, 0.00525092
-0.847097, -0.177269, 0.501001
-0.437204, 0.768402, -0.467345
-0.302124, -0.614926, -0.728414

64
0.00450474, 0.0337244, 0.0213045
-0.521889, 0.462033, -0.717048
-0.490619, 0.525065, 0.695414
0.6978, 0.714726, -0.0473433

65
0.0067257, 0.0113867, -0.0068365
-0.388976, -0.921028, -0.0201081
-0.796031, 0.347013, -0.4959
0.463716, -0.176887, -0.868147

66
-0.0299385, 0.0294739, 0.0341868
-0.130506, 0.5983, -0.790573
-0.280083, -0.787161, -0.549482
-0.951063, 0.149716, 0.270303

67
-0.00931641, 0.0440988, 0.0179239
0.521775, 0.128498, 0.84335
0.772759, -0.489974, -0.403446
0.361377, 0.862214, -0.354954

68
-0.0124692, 0.0425022, 0.0399414
-0.980391, -0.0886465, -0.175995
-0.0436078, -0.773369, 0.632455
-0.192174, 0.627728, 0.754338

69
-0.0306363, 0.0132431, 0.0169064
-0.10174, -0.436737, 0.893817
-0.241627, 0.882423, 0.403666
-0.965021, -0.174901, -0.195305

70
-0.0272256, 0.0449042, 0.010239
-0.597331, -0.080014, 0.797993
0.655367, 0.524819, 0.543193
-0.462265, 0.847445, -0.261052

71
-0.0100609, 0.0133421, -0.0033454
-0.942031, -0.326644, 0.0766896
-0.329637, 0.943633, -0.0299368
-0.0625882, -0.0534811, -0.996605

72
-0.0151801, -0.0142324, 0.0114382
-0.920385, 0.295575, -0.255982
0.161955, -0.307698, -0.937599
-0.355896, -0.90441, 0.235331

73
-0.0259426, 0.0131488, 0.0354098
-0.46507, 0.815574, -0.344309
-0.354612, -0.527988, -0.771673
-0.811147, -0.236786, 0.534764

74
-0.0156941, 0.00989118, 0.041141
-0.920385, 0.295575, -0.255982
-0.137137, -0.85709, -0.496579
-0.366176, -0.421939, 0.829387

75
-0.0180126, 0.0244681, 0.0515107
-0.46507, 0.815574, -0.344309
-0.824316, -0.540777, -0.16752
-0.322819, 0.205911, 0.92379

76
-0.00780635, 0.0480722, 0.020922
-0.945756, 0.049009, 0.321161
0.31727, -0.0733684, 0.945493
0.0699007, 0.9961, 0.0538395

77
-0.0162488, 0.0196565, 0.000396984
-0.945756, 0.049009, 0.321161
0.0699007, 0.9961, 0.0538395
-0.31727, 0.0733684, -0.945493

78
-0.0148369, 0.0118879, 0.0480034
-0.763028, 0.644642, -0.0471651
-0.444743, -0.576565, -0.685402
-0.469033, -0.502005, 0.726636

79
0.0134647, 0.0181872, -0.00521366
-0.757034, 0.0283676, -0.652759
-0.0911976, 0.984689, 0.148559
0.646979, 0.171994, -0.742856

80
-0.0122716, 0.0194566, 0.0539691
0.889533, 0.445494, 0.101325
-0.428763, 0.890607, -0.151599
-0.157777, 0.091408, 0.983235

81
-0.0244985, 0.0238462, 0.00256303
-0.748833, -0.432115, 0.50252
0.0256033, 0.738797, 0.673441
-0.662264, 0.517161, -0.542172

82
-0.0151434, -0.00435365, 0.00669426
-0.971951, 0.229848, 0.049816
0.00329506, 0.225104, -0.974329
-0.235162, -0.946836, -0.219547

83
-0.0163035, 0.013477, 0.0445001
-0.922466, 0.0134219, -0.385846
0.0767971, -0.973045, -0.217452
-0.378364, -0.230224, 0.89657

84
-0.00988699, 0.0210891, 0.053618
-0.230419, 0.967981, -0.0995993
-0.967627, -0.238754, -0.0818236
-0.102983, 0.0775212, 0.991658

85
-0.00374511, 0.0299618, 0.0394051
-0.916589, 0.371892, 0.146833
-0.188132, -0.725194, 0.662344
0.352803, 0.579473, 0.73467

86
-0.013394, -0.00426523, 0.036927
-0.922466, 0.0134219, -0.385846
0.215745, -0.810874, -0.544002
-0.320174, -0.585067, 0.745108

87
-0.021488, 0.0360141, 0.0175123
-0.748833, -0.432115, 0.50252
0.277092, 0.484651, 0.829659
-0.602055, 0.76052, -0.243187

88
-0.016046, -0.00784894, 0.00520979
-0.971951, 0.229848, 0.049816
0.0930368, 0.570307, -0.816146
-0.216, -0.788618, -0.575695

89
-0.00148813, 0.0416323, 0.0239356
-0.916589, 0.371892, 0.146833
-0.0387995, -0.448237, 0.893072
0.397943, 0.812883, 0.425279

90
-0.020079, 0.0214474, 0.0508636
-0.388976, -0.921028, -0.0201081
0.912893, -0.38829, 0.125927
-0.12379, 0.0306259, 0.991836

91
-0.0168302, -0.0014135, 0.00819657
0.121099, -0.61137, 0.782024
-0.936569, 0.190662, 0.294087
-0.328899, -0.768033, -0.549501

92
0.0127342, 0.0222017, 0.0222171
-0.16817, 0.944104, -0.283524
-0.0814277, 0.273332, 0.958467
0.982389, 0.184272, 0.0309099

93
-0.026827, 0.0252462, 0.00673853
-0.55839, -0.748589, 0.357513
-0.0351515, 0.451921, 0.891365
-0.828834, 0.485162, -0.278662

94
-0.00567174, -0.00824164, 0.0135459
-0.55669, 0.152447, -0.816613
0.70817, 0.600974, -0.370573
0.434271, -0.784595, -0.442514

95
-0.0113806, 0.038601, -0.00451376
0.966223, -0.203132, -0.15859
-0.256924, -0.80725, -0.531355
-0.0200863, 0.554153, -0.832173

96
-0.00924645, 0.0344647, 0.0482079
-0.534261, 0.728492, -0.428794
-0.839267, -0.517722, 0.16612
-0.100979, 0.448624, 0.887997

97
-0.015178, 0.0117, 0.00179572
-0.858068, -0.348132, 0.377523
-0.419749, 0.898985, -0.125046
-0.295855, -0.265763, -0.917518

98
-0.0320543, 0.0124424, 0.0208664
-0.230419, 0.967981, -0.0995993
-0.27515, -0.162988, -0.947485
-0.93338, -0.190914, 0.303896

99
-0.0306363, 0.0132431, 0.0169064
-0.10174, -0.436737, 0.893817
-0.241627, 0.882423, 0.403666
-0.965021, -0.174901, -0.195305

100
-0.00290144, -0.00232923, 0.0290448
-0.935331, -0.344754, -0.079371
0.171042, -0.244294, -0.954497
0.309677, -0.906347, 0.287463

101
-0.0119436, 0.0418928, 0.0219452
-0.948056, -0.0594129, -0.312507
-0.313962, 0.0167458, 0.949288
-0.0511668, 0.998093, -0.0345294

102
0.00291587, 0.0135614, 0.00363948
0.83764, 0.127064, 0.531238
0.0147424, -0.977472, 0.210551
0.546023, -0.168534, -0.820643

103
-0.0199804, 0.0332238, 0.0474912
0.0471628, 0.873493, -0.484546
-0.922601, -0.147836, -0.356304
-0.382863, 0.463847, 0.798913

104
-0.0104425, 0.0378598, 0.0473423
-0.990598, -0.128982, 0.0455985
0.135457, -0.878068, 0.458964
-0.0191595, 0.460825, 0.887284

105
-0.00371586, -0.00978938, 0.031258
-0.980149, -0.195004, 0.0357923
-0.0271156, -0.0469848, -0.998528
0.196399, -0.979676, 0.0407644

106
-0.0206511, -0.000403361, 0.0202015
-0.775503, 0.582759, -0.242873
0.236645, -0.0883349, -0.967572
-0.585315, -0.80783, -0.0694031

107
-0.0104714, 0.0230217, 0.00257352
0.29312, -0.916218, -0.273178
-0.952577, -0.304295, -0.00153258
-0.0817225, 0.260672, -0.961962

108
0.00921766, 0.0299688, 0.0136525
0.342426, 0.0562955, 0.937857
0.505359, -0.852545, -0.13334
0.792059, 0.519613, -0.320383

109
-0.00500881, -0.0104683, 0.00506682
-0.990589, -0.135297, -0.0206853
-0.0661477, 0.605556, -0.793049
0.119823, -0.784218, -0.608806

110
-0.0270063, 0.0374802, 0.0402503
-0.521302, -0.759328, 0.389443
0.794072, -0.264472, 0.54727
-0.312561, 0.594539, 0.74083

111
-0.0320543, 0.0124424, 0.0208664
-0.230419, 0.967981, -0.0995993
-0.27515, -0.162988, -0.947485
-0.93338, -0.190914, 0.303896

112
-0.0179229, 0.0425777, 0.0402776
-0.815065, -0.472981, 0.334602
0.566451, -0.52928, 0.631661
-0.121665, 0.70438, 0.699318

113
-0.0156941, 0.00989118, 0.041141
-0.920385, 0.295575, -0.255982
-0.137137, -0.85709, -0.496579
-0.366176, -0.421939, 0.829387

114
6.84867e-05, 0.0450543, 0.0249855
-0.916589, 0.371892, 0.146833
0.11644, -0.10304, 0.987838
0.382499, 0.922539, 0.0511422

115
-0.0313129, 0.0198901, 0.0171394
-0.16276, -0.860185, 0.483313
-0.126271, 0.503976, 0.854438
-0.978552, 0.0780398, -0.190644

116
-0.0107833, 0.02926, 0.0479711
0.999495, 0.0309078, 0.00736822
-0.0150917, 0.665858, -0.745926
-0.0279611, 0.745438, 0.665988

117
-0.0120962, 0.0475386, 0.0353268
-0.980391, -0.0886465, -0.175995
-0.11383, -0.474278, 0.872985
-0.160858, 0.875901, 0.454888

118
-0.0010834, 0.0272147, 0.0512207
-0.763622, 0.645145, -0.0258622
-0.640933, -0.75258, 0.151093
0.0780134, 0.131954, 0.988181

119
0.00194462, 0.0408602, 0.0283508
-0.848986, 0.450202, 0.276661
-0.0437945, -0.581714, 0.812214
0.526598, 0.677442, 0.513583

120
-0.0169566, 0.0155374, 0.0472318
-0.526557, 0.844153, -0.100711
-0.569243, -0.438081, -0.695735
-0.631427, -0.309015, 0.711203

121
-0.0087895, 0.0162737, -0.00307272
-0.965774, -0.258984, -0.0144289
-0.257205, 0.963369, -0.075931
0.0335652, -0.069621, -0.997009

122
-0.00850894, 0.0179684, -0.00194114
-0.992476, -0.115115, -0.0417012
-0.115986, 0.993067, 0.019098
0.0392136, 0.0237911, -0.998948

123
-0.0140297, 0.0151429, 0.0539342
0.340344, -0.937754, -0.0691704
0.939049, 0.335175, 0.0764501
-0.0485072, -0.0909737, 0.994671

124
-0.0237128, 0.00516077, 0.0321887
-0.678631, 0.716409, -0.161921
-0.200617, -0.392876, -0.897441
-0.70655, -0.576547, 0.410342

125
-0.0383493, 0.019667, 0.0280092
0.121099, -0.61137, 0.782024
0.328899, 0.768033, 0.549501
-0.936569, 0.190662, 0.294087

126
-0.00976358, 0.0280829, 0.0551453
-0.16817, 0.944104, -0.283524
-0.982389, -0.184272, -0.0309099
-0.0814277, 0.273332, 0.958467

127
0.0122594, 0.00857365, 0.014968
-0.388976, -0.921028, -0.0201081
0.12379, -0.0306259, -0.991836
0.912893, -0.38829, 0.125927

128
-0.0109074, 0.041885, 0.0118454
0.999495, 0.0309078, 0.00736822
0.00910006, -0.0562714, -0.998374
-0.0304429, 0.997937, -0.0565243

129
-0.00114088, -0.00887489, 0.0329082
-0.584775, 0.17839, 0.791337
-0.806782, -0.229517, -0.544449
0.0845011, -0.956817, 0.278138

130
-0.0200388, 0.0383588, 0.0390499
0.889533, 0.445494, 0.101325
-0.191616, 0.565119, -0.802449
-0.414746, 0.694389, 0.588055

131
-0.0193953, 0.000335646, 0.00570846
-0.804398, 0.589777, -0.0714601
0.197784, 0.152431, -0.968321
-0.560201, -0.79305, -0.239263

132
-0.0175056, 0.0146412, 0.0427807
-0.879979, -0.0121162, -0.474859
0.108713, -0.978279, -0.176499
-0.462406, -0.206939, 0.862182

133
-0.0138254, -0.00924634, 0.0252437
-0.757034, 0.0283676, -0.652759
0.646979, 0.171994, -0.742856
0.0911976, -0.984689, -0.148559

134
-0.0218534, 0.0439848, 0.0163947
-0.858068, -0.348132, 0.377523
0.295855, 0.265763, 0.917518
-0.419749, 0.898985, -0.125046

135
-0.000551625, 0.0402522, 0.0434226
-0.89986, 0.426012, -0.0936276
-0.391779, -0.695066, 0.60282
0.191731, 0.579135, 0.792364

136
-0.00641704, -0.00872016, 0.00303523
-0.990598, -0.128982, 0.0455985
-0.117814, 0.634879, -0.763576
0.0695382, -0.761769, -0.644106

137
-0.0124683, 0.0282941, 0.0509059
-0.908959, -0.409418, 0.0785483
0.416628, -0.898734, 0.136739
0.0146105, 0.157016, 0.987488

138
0.00276232, 0.0395713, 0.029429
-0.797698, 0.437658, 0.41489
0.011264, -0.677045, 0.735855
0.602952, 0.591663, 0.535148

139
-0.018885, 0.00770632, 0.0505393
-0.955364, 0.181451, -0.233141
-0.070291, -0.906105, -0.417173
-0.286947, -0.382165, 0.878414

140
-0.00448738, 0.0484299, 0.0312997
-0.81774, 0.0665017, 0.571733
0.441134, -0.565643, 0.696741
0.369731, 0.821964, 0.433213

141
0.00167526, 0.0317237, 0.00511741
-0.851739, 0.461471, -0.248162
-0.0536604, 0.394307, 0.917411
0.521211, 0.794711, -0.311084

142
-0.0124286, 0.00199291, -0.00182265
-0.993847, 0.0482568, 0.0996975
-0.00895702, 0.862139, -0.506592
-0.1104, -0.504368, -0.856402

143
-0.00773142, 0.0271655, 0.0528827
-0.89986, 0.426012, -0.0936276
-0.435329, -0.863783, 0.253709
0.027209, 0.269061, 0.962739

144
-0.017999, -0.00237454, 0.00664055
-0.409275, -0.418344, 0.810853
-0.63799, 0.766533, 0.0734545
-0.652275, -0.487253, -0.580622

145
-0.00499839, -0.0144663, 0.0176008
-0.990598, -0.128982, 0.0455985
-0.0822345, 0.295035, -0.951941
0.10933, -0.946741, -0.302868

146
-0.0353523, 0.0100131, 0.00415298
0.0471628, 0.873493, -0.484546
0.706783, -0.371964, -0.601748
-0.705857, -0.314089, -0.634913

147
-0.0185847, 0.0432138, 0.0329225
-0.10174, -0.436737, 0.893817
0.965021, 0.174901, 0.195305
-0.241627, 0.882423, 0.403666

148
0.0163412, 0.00707112, 0.0048299
-0.388976, -0.921028, -0.0201081
-0.55798, 0.252906, -0.790377
0.733045, -0.296218, -0.61229

149
-0.0334139, 0.0305668, 0.0355876
-0.130506, 0.5983, -0.790573
-0.622719, -0.669948, -0.404215
-0.771485, 0.439553, 0.460005

150
-0.00843334, 0.0477381, 0.0168231
0.521775, 0.128498, 0.84335
0.85223, -0.122722, -0.50857
0.038147, 0.984087, -0.173543

151
-0.0110186, 0.0456877, 0.0109724
0.999495, 0.0309078, 0.00736822
0.0200574, -0.433882, -0.900746
-0.0246431, 0.900439, -0.434283

152
0.000718265, 0.0211542, -0.0112525
-0.851739, 0.461471, -0.248162
0.149883, 0.668415, 0.72853
0.502071, 0.583322, -0.638482

153
-0.0123052, -0.0109324, 0.00566382
-0.993847, 0.0482568, 0.0996975
-0.0505233, 0.603499, -0.795761
-0.0985683, -0.795902, -0.597348

154
-0.0116994, -0.00996981, 0.0059016
-0.409275, -0.418344, 0.810853
-0.839041, 0.52172, -0.154331
-0.358475, -0.743503, -0.564534

155
-0.0248009, 0.0352332, 0.012757
-0.684788, -0.728618, 0.0134707
0.0250421, -0.00505375, 0.999674
-0.728312, 0.684902, 0.0217069

156
6.69665e-05, 0.00258641, 0.043146
-0.81774, 0.0665017, 0.571733
-0.172772, -0.975858, -0.133606
0.549045, -0.208034, 0.809488

157
-0.00988699, 0.0210891, 0.053618
-0.230419, 0.967981, -0.0995993
-0.967627, -0.238754, -0.0818236
-0.102983, 0.0775212, 0.991658

158
-0.0325076, -0.00154168, 0.00947961
-0.46507, 0.815574, -0.344309
0.613698, 0.0167097, -0.789364
-0.638031, -0.578412, -0.508288

159
-0.0019125, -0.0108868, 0.0241304
-0.965774, -0.258984, -0.0144289
0.0335652, -0.069621, -0.997009
0.257205, -0.963369, 0.075931

160
-0.0020959, 0.00348491, -0.000912682
-0.939168, -0.34226, -0.0286694
-0.274366, 0.797832, -0.53683
0.206609, -0.496308, -0.843203

161
-0.0231961, -0.012016, 0.0232367
-0.89986, 0.426012, -0.0936276
0.141455, 0.0819752, -0.986545
-0.412604, -0.900996, -0.134028

162
-0.0286703, 0.00626541, 0.0197735
0.0306345, -0.207791, 0.977693
-0.499625, 0.844001, 0.195032
-0.8657, -0.494454, -0.0779621

163
-0.000233824, 0.0392847, 0.0171622
-0.826795, 0.291518, -0.481068
-0.37075, 0.360753, 0.855805
0.423029, 0.885931, -0.190189

164
-0.0124852, 0.0137678, 0.0524393
-0.763622, 0.645145, -0.0258622
-0.621999, -0.745789, -0.238569
-0.173199, -0.16609, 0.970781

165
-0.000897591, 0.0271512, 0.0419371
-0.848986, 0.450202, 0.276661
-0.241981, -0.796679, 0.553848
0.469754, 0.403262, 0.785309

166
-0.012634, 0.0196575, 0.0521406
-0.434175, 0.89173, -0.127709
-0.865949, -0.452216, -0.213619
-0.248242, 0.0178414, 0.968534

167
-0.0160771, 0.01253, 0.0466419
-0.925219, 0.297717, -0.235231
-0.064932, -0.735042, -0.674906
-0.373835, -0.609162, 0.699406

168
0.00931831, 0.00576454, 0.0270351
-0.521302, -0.759328, 0.389443
0.312561, -0.594539, -0.74083
0.794072, -0.264472, 0.54727

169
-0.0400668, 0.0123868, 0.0083378
-0.0259851, -0.921411, 0.387719
-0.305188, 0.376646, 0.874642
-0.951938, -0.0955997, -0.290991

170
-0.027703, 0.0321843, 0.0402359
-0.16276, -0.860185, 0.483313
0.855742, 0.120764, 0.503111
-0.491135, 0.495478, 0.716441

171
-0.00690372, 0.00546367, -0.00562581
-0.992476, -0.115115, -0.0417012
-0.0921509, 0.926579, -0.364636
0.0806147, -0.35805, -0.930216

172
-0.012565, 0.0319546, 0.0488073
-0.521302, -0.759328, 0.389443
0.853239, -0.47186, 0.222108
0.0151097, 0.448073, 0.893869

173
-0.00661463, 0.00241751, -0.00231583
-0.990589, -0.135297, -0.0206853
-0.106967, 0.859568, -0.499702
0.0853884, -0.492786, -0.865951

174
0.00295421, -0.0070892, 0.00851833
0.83764, 0.127064, 0.531238
-0.375672, -0.572005, 0.729164
0.396521, -0.810349, -0.4314

175
-0.0185781, 0.0417464, 0.0421
-0.948056, -0.0594129, -0.312507
-0.185824, -0.693917, 0.695664
-0.258185, 0.717599, 0.646832

176
-0.0202105, 0.0408778, 0.0294821
0.889533, 0.445494, 0.101325
-0.0183135, 0.25637, -0.966405
-0.456504, 0.857793, 0.236208

177
-0.0154731, -0.0115204, 0.0229135
-0.584775, 0.17839, 0.791337
-0.777707, 0.154112, -0.609444
-0.230673, -0.971816, 0.0486146

178
-0.00641704, -0.00872016, 0.00303523
-0.990598, -0.128982, 0.0455985
-0.117814, 0.634879, -0.763576
0.0695382, -0.761769, -0.644106

179
-0.0387433, 0.0181257, 0.0220651
-0.0259851, -0.921411, 0.387719
0.0823337, 0.38456, 0.919421
-0.996266, 0.0558136, 0.0658703

180
-0.01553, 0.0334486, 0.0465854
-0.16276, -0.860185, 0.483313
0.978552, -0.0780398, 0.190644
-0.126271, 0.503976, 0.854438

181
-0.00561245, -0.00691528, 0.0256198
-0.990598, -0.128982, 0.0455985
0.0191595, -0.460825, -0.887284
0.135457, -0.878068, 0.458964

182
0.00903922, 0.0128112, 0.0014335
0.70905, 0.524628, 0.471184
0.508553, -0.843328, 0.173699
0.48849, 0.116461, -0.864763

183
-0.0258516, 0.033347, 0.0124023
-0.585833, -0.80518, -0.0921137
-0.0423205, -0.0831112, 0.995641
-0.809326, 0.587177, 0.0146136

184
-0.00499839, -0.0144663, 0.0176008
-0.990598, -0.128982, 0.0455985
-0.0822345, 0.295035, -0.951941
0.10933, -0.946741, -0.302868

185
-0.00827356, 0.0222364, 0.0502687
-0.990598, -0.128982, 0.0455985
0.10933, -0.946741, -0.302868
0.0822345, -0.295035, 0.951941

186
-0.0100874, 0.0509259, 0.0123039
-0.572932, -0.243998, -0.782441
-0.805296, -0.0100059, 0.592788
-0.152468, 0.969724, -0.190758

187
0.0128438, 0.0298488, -0.00268541
0.774892, -0.150354, 0.613952
0.00711306, -0.969162, -0.246321
0.632054, 0.195239, -0.749926

188
-0.030775, 0.00750974, 0.0191543
0.00901754, -0.23442, 0.972094
-0.419317, 0.881647, 0.216499
-0.907795, -0.409568, -0.0903462

189
-0.0365326, 0.00301702, 0.0147112
0.121099, -0.61137, 0.782024
-0.429687, 0.6779, 0.596507
-0.89482, -0.408262, -0.180605

190
-0.00548627, 0.0153428, 0.0481905
-0.388976, -0.921028, -0.0201081
0.733045, -0.296218, -0.61229
0.55798, -0.252906, 0.790377

191
0.0180355, 0.0272776, 0.0359749
-0.16817, 0.944104, -0.283524
-0.752232, 0.062975, 0.655882
0.637076, 0.323575, 0.699595

192
0.000254679, -0.00961067, 0.0138804
-0.908051, -0.193556, -0.371455
0.223479, 0.526173, -0.820487
0.35426, -0.828057, -0.434537

193
-0.0057382, 0.041847, 0.0422429
-0.920385, 0.295575, -0.255982
-0.390782, -0.717815, 0.576221
-0.0134317, 0.630379, 0.776172

194
-0.00814553, 0.0205542, -0.00651222
-0.939168, -0.34226, -0.0286694
-0.340101, 0.915095, 0.216638
-0.0479115, 0.21321, -0.975831

195
-0.0162351, 0.02713, 0.0550272
0.889533, 0.445494, 0.101325
-0.335747, 0.787833, -0.516327
-0.309848, 0.42527, 0.850376

196
0.0112691, 0.0334211, -0.0020053
-0.757034, 0.0283676, -0.652759
-0.331844, 0.843915, 0.421529
0.562831, 0.535726, -0.629459

197
-0.00995824, 0.0244701, -0.00343445
-0.947276, -0.317297, -0.0446244
-0.319947, 0.929096, 0.18551
-0.0174016, 0.190007, -0.981629

198
-0.0231371, 0.0383182, 0.0414582
-0.69073, -0.700655, 0.178815
0.657777, -0.506088, 0.557857
-0.300369, 0.502949, 0.810445

199
-0.0204274, 0.0388586, 0.0425573
0.120848, 0.73467, -0.667574
-0.909875, -0.186902, -0.370398
-0.396891, 0.652171, 0.645872

200
-0.00948563, 0.0206459, 0.0536037
0.0940825, 0.994342, -0.0493192
-0.991908, 0.0893802, -0.0901619
-0.0852436, 0.0574028, 0.994705

201
-0.0225081, 0.0327232, -0.00645356
-0.684788, -0.728618, 0.0134707
-0.255577, 0.257431, 0.931885
-0.682456, 0.6347, -0.362504

202
0.00128315, 0.0220504, 0.0426216
-0.81774, 0.0665017, 0.571733
0.0504895, -0.981187, 0.186342
0.573369, 0.181246, 0.798998

203
-0.01639, 0.040387, 0.040388
-0.801086, 0.0802229, -0.593149
-0.468293, -0.701185, 0.537626
-0.372777, 0.708452, 0.599277

204
-0.0202869, 0.0451608, 0.0215701
-0.572932, -0.243998, -0.782441
-0.68565, -0.380342, 0.620664
-0.449036, 0.892079, 0.0506127

205
0.0122071, 0.0144236, -0.00565942
0.774892, -0.150354, 0.613952
-0.235305, -0.970104, 0.0594134
0.586664, -0.190505, -0.787104

206
-0.035124, 0.0328267, 0.0252998
0.00901754, -0.23442, 0.972094
0.678227, 0.715783, 0.166319
-0.734797, 0.657801, 0.165445

207
-0.000555461, -0.0052511, 0.00829557
-0.947276, -0.317297, -0.0446244
-0.138515, 0.531093, -0.835915
0.288933, -0.785661, -0.547042

208
-0.024518, 0.0309898, 0.00740919
-0.69073, -0.700655, 0.178815
-0.0257846, 0.270993, 0.962236
-0.722653, 0.660034, -0.205249

209
-0.010806, 0.0303517, 0.0513393
-0.658799, 0.651991, -0.375356
-0.736421, -0.660906, 0.144526
-0.153845, 0.371633, 0.915544

210
0.00689722, 0.0260052, 0.00763841
-0.572932, -0.243998, -0.782441
-0.449036, 0.892079, 0.0506127
0.68565, 0.380342, -0.620664

211
-0.00362003, 0.0404933, 0.020701
0.774892, -0.150354, 0.613952
0.586664, -0.190505, -0.787104
0.235305, 0.970104, -0.0594134

212
-0.0353587, 0.0312155, 0.0252858
0.0306345, -0.207791, 0.977693
0.608605, 0.779802, 0.146663
-0.792882, 0.590536, 0.150352

213
-0.00231697, 0.0122598, 0.0559242
-0.97112, -0.0838309, 0.223381
0.0209026, -0.962535, -0.270351
0.237675, -0.257874, 0.936489

214
-0.0209043, 0.000748837, -0.00608625
-0.763028, 0.644642, -0.0471651
0.263134, 0.24315, -0.933616
-0.59038, -0.724786, -0.355158

215
0.0215197, 0.00225141, 0.0134877
0.508738, 0.690127, 0.514695
-0.13892, -0.524202, 0.840187
0.849639, -0.498936, -0.170809

216
-0.00657802, 0.0275609, -0.00651685
-0.351969, -0.873949, -0.335157
-0.934121, 0.350712, 0.0664679
0.0594539, 0.336472, -0.939815

217
-0.00100397, -0.00865769, 0.00472686
-0.923564, -0.371925, 0.0932863
-0.298318, 0.544089, -0.784202
0.240908, -0.75209, -0.613453

218
0.00806639, 0.027852, 0.00626409
0.29312, -0.916218, -0.273178
-0.91134, -0.181377, -0.369543
0.289034, 0.357278, -0.888151

219
-0.00346656, 0.0443039, 0.0174232
0.342426, 0.0562955, 0.937857
0.769998, -0.588802, -0.245795
0.538374, 0.806315, -0.244968

220
0.00016222, -0.00910297, 0.0204491
-0.947276, -0.317297, -0.0446244
-0.0174016, 0.190007, -0.981629
0.319947, -0.929096, -0.18551

221
-0.0212741, 0.0232925, -0.0102212
-0.69073, -0.700655, 0.178815
-0.300369, 0.502949, 0.810445
-0.657777, 0.506088, -0.557857

222
-0.0236921, -0.00114508, 0.0131295
-0.763028, 0.644642, -0.0471651
0.0171757, -0.0527222, -0.998461
-0.646137, -0.762664, 0.0291564

223
0.00738067, 0.0223539, -0.00759811
-0.351969, -0.873949, -0.335157
-0.840264, 0.452778, -0.298243
0.412401, 0.176647, -0.893712

224
0.0194265, 0.0125292, 0.00177572
0.508738, 0.690127, 0.514695
0.196797, -0.675234, 0.710866
0.838127, -0.260354, -0.479332

225
0.000586514, -0.00857986, 0.0207834
-0.923564, -0.371925, 0.0932863
-0.183418, 0.214861, -0.959267
0.336731, -0.903054, -0.266655

226
-0.0164934, -0.010391, 0.00696814
-0.10174, -0.436737, 0.893817
-0.853229, 0.500293, 0.147334
-0.511517, -0.747641, -0.423537

227
0.0130061, 0.0244962, 0.00692465
-0.55669, 0.152447, -0.816613
0.193676, 0.979746, 0.0508703
0.807828, -0.12984, -0.57494

228
-0.000685438, 0.0226177, 0.0400153
-0.807523, -0.130385, 0.575244
0.250506, -0.958748, 0.134348
0.533997, 0.252591, 0.806874

229
-0.0159318, 0.034119, 0.042334
-0.55839, -0.748589, 0.357513
0.561218, -0.0235049, 0.827334
-0.61093, 0.662618, 0.433246

230
0.00209044, -0.00632985, 0.0296554
-0.918548, -0.394236, -0.0291148
0.0706832, -0.0913308, -0.993309
0.388939, -0.91446, 0.111758

231
-0.034747, 0.0329074, 0.00340596
-0.597331, -0.080014, 0.797993
0.42858, 0.809172, 0.401945
-0.677875, 0.582098, -0.449052

232
-0.0057975, 0.00102711, -0.00342858
-0.942031, -0.326644, 0.0766896
-0.328496, 0.851337, -0.409042
0.0683226, -0.410523, -0.909287

233
-0.0251724, 0.00994993, 0.00151607
-0.16276, -0.860185, 0.483313
-0.491135, 0.495478, 0.716441
-0.855742, -0.120764, -0.503111

234
-0.0202262, 0.0189499, 0.0412223
-0.703875, 0.408712, -0.580959
-0.314678, -0.912663, -0.260814
-0.636818, -0.000765176, 0.771014

235
-0.00890206, 0.0108953, 0.0517752
-0.990589, -0.135297, -0.0206853
0.136016, -0.956259, -0.258977
0.0152583, -0.259353, 0.965662

236
-0.00949349, 0.0478618, 0.0242056
-0.81774, 0.0665017, 0.571733
0.549045, -0.208034, 0.809488
0.172772, 0.975858, 0.133606

237
-0.00524211, 0.0231896, 0.0526254
0.966223, -0.203132, -0.15859
0.167469, 0.962657, -0.21271
0.195876, 0.178967, 0.96416

238
-0.0204901, -0.00966427, 0.00792878
-0.89986, 0.426012, -0.0936276
0.288585, 0.420532, -0.860158
-0.327064, -0.801041, -0.50136

239
0.00363799, 0.0361684, 0.0103267
-0.820491, 0.537935, -0.193443
-0.112575, 0.179717, 0.977256
0.560465, 0.823606, -0.0868979

240
0.00806639, 0.027852, 0.00626409
0.29312, -0.916218, -0.273178
-0.91134, -0.181377, -0.369543
0.289034, 0.357278, -0.888151

241
-0.0251589, 0.0171592, 0.00404834
-0.597307, -0.561109, 0.573046
-0.102214, 0.761942, 0.639528
-0.795473, 0.323421, -0.512466

242
-0.00561132, -0.0145939, 0.018984
-0.992476, -0.115115, -0.0417012
-0.00815733, 0.40201, -0.915599
0.122164, -0.90837, -0.399925

243
-0.016671, 0.0212366, 0.0519973
-0.955364, 0.181451, -0.233141
-0.17475, -0.98338, -0.0492635
-0.238205, -0.00632309, 0.971194

244
-0.00626782, 0.0428289, 0.0367599
-0.807523, -0.130385, 0.575244
0.554727, -0.499328, 0.665544
0.200458, 0.856546, 0.475547

245
-0.00827356, 0.0222364, 0.0502687
-0.990598, -0.128982, 0.0455985
0.10933, -0.946741, -0.302868
0.0822345, -0.295035, 0.951941

246
-0.0160946, 0.0409218, 0.00795647
0.70905, 0.524628, 0.471184
0.705016, -0.513973, -0.488656
-0.0141867, 0.678673, -0.734303

247
-0.0218354, 0.0324452, -0.00525731
-0.585833, -0.80518, -0.0921137
-0.602205, 0.356429, 0.714358
-0.542355, 0.473966, -0.693691

248
-0.0223026, 0.0325569, -0.00500257
-0.684788, -0.728618, 0.0134707
-0.497287, 0.480725, 0.722225
-0.532702, 0.487872, -0.691527

249
-0.00186518, 0.0401348, 0.036015
-0.81774, 0.0665017, 0.571733
0.266065, -0.837138, 0.477921
0.510402, 0.542933, 0.666868

250
-0.00336259, -0.0108472, 0.0252719
-0.288871, -0.181102, -0.940083
0.875244, 0.347947, -0.335978
0.387946, -0.919856, 0.0579966

251
-0.0140824, -0.0151814, 0.0120928
-0.945756, 0.049009, 0.321161
-0.266369, 0.448975, -0.852918
-0.185994, -0.8922, -0.411566

252
0.0114687, 0.0174605, 0.0152612
-0.288871, -0.181102, -0.940083
-0.0234736, 0.98299, -0.182155
0.95708, -0.0305522, -0.288209

253
-0.0123571, -0.00129961, 0.046965
-0.971951, 0.229848, 0.049816
-0.216, -0.788618, -0.575695
-0.0930368, -0.570307, 0.816146

254
-0.0124185, 0.0457217, 0.0363339
-0.922466, 0.0134219, -0.385846
-0.320174, -0.585067, 0.745108
-0.215745, 0.810874, 0.544002

255
0.0257015, 0.0165427, 0.0157232
-0.135297, 0.315825, -0.939121
-0.0137316, 0.947148, 0.320503
0.99071, 0.0562587, -0.123809

256
-0.0203391, 0.0224333, 0.0511144
-0.948056, -0.0594129, -0.312507
0.0511668, -0.998093, 0.0345294
-0.313962, 0.0167458, 0.949288

257
-0.00756232, -0.0123921, 0.0263689
0.83764, 0.127064, 0.531238
-0.546023, 0.168534, 0.820643
0.0147424, -0.977472, 0.210551

258
-0.0030087, 0.0236059, 0.00118104
-0.850901, -0.397843, -0.343059
-0.463353, 0.876095, 0.133269
0.247532, 0.272356, -0.929812

259
0.00450018, 0.00481469, -0.00141752
-0.907807, -0.348463, -0.233368
-0.183542, 0.830434, -0.526015
0.377093, -0.434687, -0.817831

260
0.000244986, 0.0375353, -0.00463569
-0.955364, 0.181451, -0.233141
-0.153199, 0.370481, 0.916119
0.252605, 0.910944, -0.326146

261
-0.0153773, 0.0470567, 0.0225662
-0.908051, -0.193556, -0.371455
-0.342037, -0.169237, 0.924321
-0.241772, 0.966382, 0.087473

262
-0.0198169, 0.0323887, 0.0466401
-0.826795, 0.291518, -0.481068
-0.423029, -0.885931, 0.190189
-0.37075, 0.360753, 0.855805

263
-0.00553909, 0.0353506, 0.0352394
0.966223, -0.203132, -0.15859
-0.0200863, 0.554153, -0.832173
0.256924, 0.80725, 0.531355

264
0.00827833, 0.0193462, -0.00836182
-0.864768, 0.069553, -0.497332
-0.0376494, 0.978595, 0.202324
0.500759, 0.193688, -0.843639

265
-0.00617736, 0.0149966, -0.00463864
-0.939168, -0.34226, -0.0286694
-0.332547, 0.92703, -0.173287
0.0858866, -0.153211, -0.984454

266
-0.0159375, 0.0218427, 0.000984112
0.949889, 0.0899919, -0.299353
0.031017, -0.980071, -0.196209
-0.311044, 0.177092, -0.93375

267
0.00622567, 0.0062437, 0.00813953
-0.55669, 0.152447, -0.816613
0.488076, 0.85548, -0.173022
0.672219, -0.494889, -0.550642

268
0.0104476, 0.0070091, 0.0225908
-0.403446, -0.776257, -0.484413
0.262111, 0.409178, -0.873997
0.876658, -0.479581, 0.0383838

269
-0.0111637, 0.0335733, 0.0526226
-0.851739, 0.461471, -0.248162
-0.521211, -0.794711, 0.311084
-0.0536604, 0.394307, 0.917411

270
-0.0304731, 0.0380318, 0.0211912
-0.409275, -0.418344, 0.810853
0.652275, 0.487253, 0.580622
-0.63799, 0.766533, 0.0734545

271
-0.0148466, 0.0309049, 0.0444352
-0.69073, -0.700655, 0.178815
0.492761, -0.275094, 0.825536
-0.529226, 0.658335, 0.535271

272
-0.00587599, 0.0123989, -0.0042605
-0.947276, -0.317297, -0.0446244
-0.302252, 0.931085, -0.204264
0.106362, -0.180007, -0.977898

273
-0.00449475, 0.0111161, 0.0555461
-0.942031, -0.326644, 0.0766896
0.280593, -0.89227, -0.353726
0.18397, -0.311703, 0.9322

274
1.82249e-05, -0.0115743, 0.0249691
-0.597331, -0.080014, 0.797993
-0.782382, -0.160566, -0.601745
0.176278, -0.983777, 0.0333096

275
-0.000206809, -0.00719425, 0.0130767
-0.815065, -0.472981, 0.334602
-0.476774, 0.219437, -0.851196
0.329175, -0.853309, -0.40436

276
0.00709786, 0.00924746, 0.0359444
-0.506538, -0.855376, 0.108399
0.42594, -0.357556, -0.831101
0.749663, -0.374813, 0.545454

277
-0.00584779, 0.0286396, 0.0508807
-0.993847, 0.0482568, 0.0996975
-0.0339729, -0.989526, 0.1403
0.105424, 0.136049, 0.985077

278
0.00409429, 0.031442, 0.0115553
0.521775, 0.128498, 0.84335
0.575643, -0.782632, -0.2369
0.629591, 0.609077, -0.482327

279
-0.0316778, 0.0138424, 0.0226441
-0.130506, 0.5983, -0.790573
0.105193, -0.784536, -0.611096
-0.985851, -0.162914, 0.0394493

280
-0.019349, 0.045406, 0.0235741
-0.417318, -0.229042, 0.879423
0.86637, 0.191838, 0.461087
-0.274315, 0.954326, 0.118377

281
-0.0114896, 0.0172677, 0.0564608
-0.804398, 0.589777, -0.0714601
-0.560201, -0.79305, -0.239263
-0.197784, -0.152431, 0.968321

282
0.00129451, -0.00835199, 0.0199256
-0.910274, -0.40591, 0.0814708
-0.186246, 0.225743, -0.956218
0.369747, -0.885594, -0.281087

283
-0.013097, 0.0361876, 0.046619
-0.980391, -0.0886465, -0.175995
0.0332535, -0.954721, 0.295639
-0.194234, 0.28399, 0.938948

284
-0.0145657, 0.0382977, 0.0376417
-0.801086, 0.0802229, -0.593149
-0.289991, -0.918923, 0.267368
-0.523609, 0.386192, 0.759401

285
-0.0220836, 0.0299128, 0.00289516
-0.858068, -0.348132, 0.377523
-0.274579, 0.932257, 0.235592
-0.433965, 0.0984937, -0.895529

286
-0.0330221, 0.0406843, 0.0300431
-0.10174, -0.436737, 0.893817
0.799097, 0.499276, 0.334915
-0.592532, 0.748321, 0.298199

287
4.77774e-06, -0.00553613, 0.0271592
-0.923564, -0.371925, 0.0932863
0.108409, -0.486626, -0.866858
0.367801, -0.790485, 0.48975

288
-0.00913982, 0.0165949, -0.00520306
-0.82213, -0.563699, 0.079656
-0.567919, 0.821806, -0.0458509
-0.0396158, -0.0829336, -0.995767

289
-0.0126297, 0.0422943, 0.0402903
-0.826795, 0.291518, -0.481068
-0.532708, -0.68044, 0.503214
-0.180642, 0.672324, 0.717878

290
-0.00753869, 0.0410508, 0.0347908
-0.521889, 0.462033, -0.717048
-0.720309, 0.211583, 0.660596
0.456932, 0.861254, 0.222384

291
-0.0227071, 0.020285, -0.000918969
-0.847097, -0.177269, 0.501001
-0.288306, 0.945233, -0.153018
-0.446437, -0.274062, -0.851812

292
-0.00239917, 0.0324592, 0.0493498
-0.46507, 0.815574, -0.344309
-0.885106, -0.420814, 0.198751
0.0172059, 0.397183, 0.917578

293
-0.0116764, 0.0278968, 0.0474859
-0.920385, 0.295575, -0.255982
-0.266827, -0.953317, -0.141386
-0.285823, -0.0618267, 0.956286

294
0.012065, 0.0267305, 0.0252354
0.340344, -0.937754, -0.0691704
0.404173, 0.212315, -0.8897
0.849005, 0.274847, 0.451275

295
-0.00602045, -0.00448985, 0.00768047
-0.858068, -0.348132, 0.377523
-0.501016, 0.728851, -0.466647
-0.112703, -0.58956, -0.799823

296
-0.0235811, 0.0295219, 0.0313975
-0.585833, -0.80518, -0.0921137
0.270617, -0.301488, 0.91426
-0.763915, 0.510676, 0.394517

297
0.0112527, 0.0127055, -0.00177975
0.70905, 0.524628, 0.471184
0.282905, -0.823701, 0.491407
0.645921, -0.215132, -0.732465

298
-0.00507868, -0.0105963, 0.0268032
-0.990598, -0.128982, 0.0455985
-0.0341359, -0.089725, -0.995381
0.132478, -0.987579, 0.0844785

299
0.0129467, 0.028715, 0.00266874
0.340344, -0.937754, -0.0691704
-0.629708, -0.172676, -0.757397
0.698308, 0.301332, -0.64928

300
-0.0185847, 0.0432138, 0.0329225
-0.10174, -0.436737, 0.893817
0.965021, 0.174901, 0.195305
-0.241627, 0.882423, 0.403666

301
-0.00396373, 0.0084689, -0.00533939
-0.935331, -0.344754, -0.079371
-0.309677, 0.906347, -0.287463
0.171042, -0.244294, -0.954497

302
-0.0066, 0.0110137, 0.0519137
-0.993847, 0.0482568, 0.0996975
-0.0717308, -0.966267, -0.247353
0.0843979, -0.252982, 0.963783

303
-0.0117214, 0.016839, 0.0487022
-0.980391, -0.0886465, -0.175995
0.105052, -0.990725, -0.0861846
-0.166723, -0.102983, 0.980611

304
-0.0259129, -0.000548974, 0.0108011
-0.130506, 0.5983, -0.790573
0.474455, -0.662472, -0.579675
-0.870552, -0.450742, -0.19741

305
0.0127125, 0.0141488, 0.00885815
0.521775, 0.128498, 0.84335
0.290891, -0.956142, -0.0342884
