0
-0.0483163, 0.014076, 0.0281547
-0.709192, -0.697517, 0.102553
-0.0664469, 0.210944, 0.975237
-0.701877, 0.684816, -0.195947

1
-0.0467671, 0.0137958, 0.0236123
-0.694682, -0.706323, -0.136104
-0.379772, 0.199449, 0.903324
-0.610893, 0.679211, -0.406795

2
-0.0394324, 0.0293819, 0.0413068
-0.0661446, 0.890606, 0.449941
-0.956481, 0.0718418, -0.282812
-0.284199, -0.449066, 0.847095

3
-0.0702688, -0.0111757, 0.0623932
0.669503, -0.309594, 0.675216
0.509082, 0.853191, -0.113578
-0.540926, 0.419781, 0.728823

4
-0.0694169, 0.00151107, -0.0348761
-0.0721362, 0.995816, -0.0560905
0.916204, 0.0439346, -0.398296
-0.394166, -0.0801219, -0.91554

5
-0.0447582, 0.0141871, 0.0211087
-0.694625, -0.683991, -0.222829
-0.506624, 0.245226, 0.826557
-0.510714, 0.687037, -0.516866

6
-0.0342813, 0.00789231, 0.0170802
0.00531914, -0.897422, -0.441142
-0.999985, -0.00529229, -0.00129129
-0.00117582, 0.441142, -0.897437

7
-0.0143293, -0.0169029, 0.00745583
0.109206, 0.820606, -0.560963
0.783397, 0.276318, 0.556721
0.611853, -0.500254, -0.612684

8
-0.0461307, 0.0078494, 0.0188845
-0.69847, -0.597536, 0.393816
-0.280998, 0.735098, 0.616985
-0.658164, 0.320284, -0.681351

9
-0.039629, 0.0150909, 0.0226535
-0.676428, -0.53459, -0.506614
-0.67781, 0.182753, 0.712162
-0.28813, 0.825115, -0.48597

10
0.0345064, -0.0205458, 0.0548842
-0.367868, -0.908591, 0.197829
0.133957, -0.26231, -0.955641
0.920179, -0.325049, 0.218208

11
-0.0308169, 0.0169292, 0.0423071
0.333791, -0.595237, 0.730942
0.923687, 0.0517946, -0.379631
0.188112, 0.801879, 0.567101

12
-0.0371268, -0.000394757, 0.0116105
0.0182391, -0.720486, 0.69323
-0.983846, 0.110563, 0.140796
-0.178087, -0.684599, -0.70683

13
-0.0202142, 0.00905291, 0.0475757
-0.350645, -0.882092, 0.314582
0.319934, -0.428528, -0.844989
0.880165, -0.195646, 0.432472

14
-0.0330991, 0.014983, 0.0430105
0.229444, -0.640612, 0.732783
0.969822, 0.0866815, -0.227885
0.0824674, 0.762956, 0.641169

15
-0.0329511, 0.00829348, 0.0487454
-0.107314, -0.993991, -0.0215709
0.990548, -0.105028, -0.0882226
0.0854269, -0.0308345, 0.995867

16
-0.0240268, 0.00592001, 0.0184827
-0.215273, 0.970574, 0.107902
0.751258, 0.0940011, 0.65328
0.623914, 0.221696, -0.749388

17
-0.0275056, 0.00399379, 0.0170254
-0.785948, 0.513904, -0.343786
0.440041, 0.855519, 0.272858
0.434338, 0.0631717, -0.898532

18
-0.0321881, 0.00882484, 0.0470631
0.0194048, -0.975405, 0.219564
0.986814, -0.0166095, -0.161001
0.160688, 0.219793, 0.962222

19
0.0115905, -0.00701982, 0.0440582
0.30968, 0.690927, -0.653237
-0.668409, 0.646805, 0.367251
0.67626, 0.3229, 0.662124

20
-0.037598, -0.00274344, -0.00487816
-0.350645, -0.882092, 0.314582
-0.9356, 0.344744, -0.0761889
-0.0412445, -0.321038, -0.946168

21
-0.000826962, 0.00785776, 0.0465814
-0.00507424, 0.996732, -0.0806216
-0.408246, 0.0715331, 0.910065
0.912858, 0.0375313, 0.406549

22
0.000812629, 0.00357788, 0.0351189
-0.0262074, 0.997796, 0.0609542
-0.00157259, -0.0610163, 0.998136
0.999655, 0.0260626, 0.0031682

23
0.012352, -0.01243, 0.0296389
-0.181737, -0.58853, -0.787784
-0.455499, 0.760378, -0.462975
0.871489, 0.274695, -0.406263

24
-0.0282214, 0.00790666, 0.044643
0.174276, -0.975779, 0.132222
0.859772, 0.0853308, -0.503499
0.480021, 0.201429, 0.853819

25
0.000552701, 0.00459857, 0.0182988
-0.0262074, 0.997796, 0.0609542
0.381099, -0.0463979, 0.923369
0.924163, 0.0474287, -0.379043

26
-0.000631434, -0.00655189, 0.0184359
0.267296, 0.963361, -0.0220948
0.365981, -0.0802815, 0.927153
0.891409, -0.255911, -0.374031

27
-0.0356142, 0.00785773, 0.0487705
-0.00507424, 0.996732, -0.0806216
-0.9996, -0.00729987, -0.0273352
-0.0278344, 0.0804506, 0.99637

28
0.0345064, -0.0205458, 0.0548842
-0.367868, -0.908591, 0.197829
0.133957, -0.26231, -0.955641
0.920179, -0.325049, 0.218208

29
-0.0401593, 0.0128921, 0.040586
0.30968, 0.690927, -0.653237
-0.880572, -0.0507989, -0.471182
-0.358736, 0.721138, 0.592679

30
-0.048305, -0.000706716, 0.0206801
0.252094, -0.867857, 0.428103
-0.596941, 0.208731, 0.774657
-0.76165, -0.450838, -0.46544

31
-0.0341439, 0.0112265, 0.0170344
0.125534, -0.77232, -0.622706
-0.992088, -0.0967302, -0.0800278
0.00157253, 0.627826, -0.778352

32
-0.00366953, 0.0214267, 0.0262514
0.525174, 0.619838, -0.58309
0.313717, 0.495914, 0.809723
0.791059, -0.60817, 0.0659874

33
-0.0176819, 0.00254799, 0.023187
-0.168002, 0.762947, -0.62425
0.324601, 0.64075, 0.695754
0.930811, -0.0857442, -0.355301

34
-0.0477252, 0.0126614, 0.0329508
-0.622342, -0.741535, 0.250633
0.223851, 0.138216, 0.964773
-0.750054, 0.656523, 0.0799756

35
-0.0315503, 0.0139067, 0.0205905
0.0193053, 0.589158, 0.807787
0.993357, -0.102975, 0.0513646
0.113444, 0.801429, -0.587232

36
-0.0669499, 0.00870919, 0.0496216
0.0194048, -0.975405, 0.219564
0.526094, 0.196706, 0.827364
-0.850205, 0.0994563, 0.516972

37
0.00286886, 0.00206773, 0.0270752
-0.00851635, 0.929386, -0.369012
0.107944, 0.367723, 0.923649
0.99412, -0.0319666, -0.103454

38
-0.0358855, 0.0109155, 0.0170641
-0.0859898, -0.783274, -0.615701
-0.991922, 0.00945931, 0.1265
-0.0932596, 0.621605, -0.77776

39
0.0294129, 0.00468166, 0.0148915
-0.035557, 0.983871, -0.175311
0.158252, 0.178752, 0.971084
0.986758, 0.00678554, -0.162056

40
-0.00119606, 0.000363966, 0.0150886
-0.0690972, -0.997222, 0.027813
-0.46773, 0.00775818, -0.883837
0.881166, -0.0740797, -0.466967

41
-0.0295843, 0.0088442, 0.0158543
-0.0874387, 0.887581, 0.452278
0.973183, -0.0208605, 0.229083
0.212764, 0.46018, -0.861955

42
-0.0297596, 0.00664439, 0.0153557
-0.00548389, 0.953366, 0.301766
0.977845, -0.0580363, 0.201123
0.209258, 0.296184, -0.931926

43
-0.0369611, 0.0165342, 0.0281811
-0.967736, -0.154043, -0.199393
-0.224308, 0.166229, 0.960236
-0.114773, 0.973981, -0.195419

44
-0.068828, 0.0056991, 0.0383559
-0.0690972, -0.997222, 0.027813
0.0949184, 0.0211814, 0.99526
-0.993084, 0.0714096, 0.0931911

45
-0.0670247, 0.0095711, 0.0489018
0.229444, -0.640612, 0.732783
0.447325, 0.738051, 0.505155
-0.86444, 0.211887, 0.455903

46
-0.0676056, 0.0120365, 0.0486715
-0.107314, -0.993991, -0.0215709
0.457991, -0.0686798, 0.8863
-0.882456, 0.0852331, 0.462609

47
-0.0208164, 0.00752806, 0.0335669
0.257539, -0.966, 0.0227623
0.268818, 0.0490012, -0.961944
0.928122, 0.253857, 0.272298

48
-0.0283788, 0.0145371, 0.0312194
-0.809925, 0.301561, -0.503074
-0.465471, 0.191403, 0.864119
0.356874, 0.934037, -0.0146538

49
0.00353405, 0.00450407, 0.0329789
0.0110849, 0.97591, -0.217891
-0.0725358, 0.218115, 0.973224
0.997304, 0.00501678, 0.0732063

50
-0.0227007, 0.00868373, 0.0440086
-0.333982, -0.94255, 0.0074627
0.734739, -0.265289, -0.624324
0.590436, -0.203029, 0.78113

51
-0.0229644, 0.000120146, 0.0198583
-0.386258, 0.645029, -0.65935
0.594601, 0.720603, 0.356624
0.705162, -0.254301, -0.661874

52
-0.0225258, 0.0106426, 0.0495712
-0.430787, -0.871752, 0.233392
0.464166, -0.435821, -0.77111
0.773933, -0.223851, 0.592383

53
-0.0336259, 0.0124755, 0.051834
-0.492151, 0.793485, -0.358006
-0.718186, -0.137701, 0.682091
0.491931, 0.592806, 0.637639

54
-0.0702261, 0.00735095, 0.0446836
-0.00507424, 0.996732, -0.0806216
-0.356815, -0.0771202, -0.930986
-0.934161, 0.0240429, 0.35604

55
0.00121549, -0.0236693, -0.0213667
-0.367868, -0.908591, 0.197829
-0.798871, 0.199925, -0.567306
0.475898, -0.366733, -0.799392

56
-0.00559162, -0.0183469, -0.00111972
-0.694625, -0.683991, -0.222829
-0.665715, 0.728584, -0.161212
0.272617, 0.0363585, -0.961435

57
0.00535886, 0.00248811, -0.0330876
-0.212096, 0.955304, -0.205936
0.758199, 0.293813, 0.582072
0.616563, -0.0326855, -0.786627

58
-0.0209536, 0.0116761, 0.0280937
-0.661872, 0.671615, -0.332956
-0.0796115, 0.378678, 0.922098
0.745378, 0.636818, -0.197168

59
-0.0181669, 0.014079, 0.00185347
-0.572536, -0.717843, 0.396112
-0.535185, -0.0387878, -0.843844
0.621111, -0.695124, -0.361972

60
-0.000914464, 0.00701712, 0.0205801
0.333791, -0.595237, 0.730942
0.52013, -0.53039, -0.669441
0.78616, 0.603638, 0.132561

61
0.0125797, -0.0231809, 0.00200837
-0.367868, -0.908591, 0.197829
-0.555942, 0.0443635, -0.830036
0.745387, -0.415325, -0.521444

62
-0.0517087, 0.015027, 0.0424449
-0.694682, -0.706323, -0.136104
-0.117085, -0.0756563, 0.990236
-0.709724, 0.703835, -0.0301428

63
0.00404442, 0.00319115, 0.0210717
0.229444, -0.640612, 0.732783
-0.0824674, -0.762956, -0.641169
0.969822, 0.0866815, -0.227885

64
-0.0218209, -0.00846058, -0.00332323
-0.350645, -0.882092, 0.314582
-0.880165, 0.195646, -0.432472
0.319934, -0.428528, -0.844989

65
9.51582e-06, 0.0052342, 0.0257403
-0.107314, -0.993991, -0.0215709
-0.0854269, 0.0308345, -0.995867
0.990548, -0.105028, -0.0882226

66
0.0028095, 0.00117833, 0.032095
0.122026, 0.860631, -0.494393
0.019493, 0.495941, 0.868137
0.992335, -0.115573, 0.0437417

67
-0.0701429, 0.00532172, 0.0215586
-0.0690972, -0.997222, 0.027813
-0.292344, 0.0468964, 0.955163
-0.953814, 0.0578681, -0.294772

68
-0.0151671, 0.0106878, 0.0215281
0.125534, -0.77232, -0.622706
-0.915968, 0.150891, -0.371799
0.381109, 0.617052, -0.688479

69
-0.0217563, 0.0128541, 0.0363559
-0.492151, 0.793485, -0.358006
-0.475263, 0.0996383, 0.874184
0.729323, 0.600378, 0.328077

70
-0.0359684, 0.00277613, 0.0151891
-0.0690972, -0.997222, 0.027813
-0.993084, 0.0714096, 0.0931911
-0.0949184, -0.0211814, -0.99526

71
-0.0197652, 0.0276571, 0.0573692
-0.349204, 0.908284, -0.230383
-0.766851, -0.135712, 0.627314
0.538514, 0.395729, 0.74391

72
-0.0658856, 0.0152438, 0.0499136
0.291796, -0.81616, 0.498737
0.542362, 0.570682, 0.616575
-0.787844, 0.0905819, 0.609177

73
-0.0254987, -0.0157812, 0.0252159
-0.324127, 0.0589788, -0.944173
0.445638, 0.889899, -0.0973954
0.834475, -0.452328, -0.314724

74
-0.0328309, 0.0158351, 0.036246
0.23724, -0.279389, 0.930408
0.967472, -0.0186419, -0.252289
0.0878314, 0.959997, 0.265878

75
-0.0677263, 0.0163821, 0.0128147
0.0476821, 0.995128, 0.0862986
0.492731, 0.0517202, -0.868643
-0.868874, 0.0839408, -0.487864

76
-0.00676439, 0.0181611, 0.0521027
-0.212096, 0.955304, -0.205936
-0.616563, 0.0326855, 0.786627
0.758199, 0.293813, 0.582072

77
-0.0643788, 0.0169439, 0.0520109
-0.192079, -0.97909, -0.0669908
0.549725, -0.163891, 0.81911
-0.812962, 0.120508, 0.569711

78
-0.0446278, -0.00137179, 0.0187248
0.0674541, -0.832082, 0.550536
-0.775198, 0.303667, 0.553945
-0.628107, -0.46414, -0.624544

79
0.000336488, -0.0131806, 0.0285619
-0.385855, -0.906156, 0.173196
-0.140525, -0.127814, -0.981792
0.911794, -0.403168, -0.0780203

80
-0.0304869, 0.0165842, 0.0343141
0.727532, -0.216888, 0.650889
0.657864, -0.0487154, -0.75156
0.194712, 0.97498, 0.10724

81
-0.0400014, -0.00597663, -0.00364521
-0.281717, -0.880974, 0.380159
-0.95151, 0.307525, 0.00753645
-0.123548, -0.359602, -0.92489

82
-0.0300561, 0.0152797, 0.0346509
0.669503, -0.309594, 0.675216
0.694568, -0.0613253, -0.716809
0.263327, 0.948889, 0.173976

83
-0.0139178, 0.0076705, 0.0403203
0.0194048, -0.975405, 0.219564
0.850205, -0.0994563, -0.516972
0.526094, 0.196706, 0.827364

84
-0.0355886, 0.0142162, 0.0207919
-0.181737, -0.58853, -0.787784
-0.979462, 0.0371991, 0.198165
-0.0873215, 0.807619, -0.583204

85
-0.0403243, -0.000622619, -0.00693384
-0.204844, 0.961519, -0.183088
0.964499, 0.166437, -0.205035
-0.166673, -0.218588, -0.961478

86
-0.00136045, 0.0130671, 0.022907
-0.212096, 0.955304, -0.205936
0.100152, 0.230869, 0.967817
0.972103, 0.184645, -0.144642

87
0.0023717, 0.00485992, 0.037231
-0.192079, -0.97909, -0.0669908
0.186137, 0.0306764, -0.982045
0.963566, -0.2011, 0.176352

88
-0.0503511, 0.00320632, 0.0211261
0.291796, -0.81616, 0.498737
-0.52032, 0.302077, 0.798759
-0.802572, -0.492578, -0.336519

89
0.00030705, 0.0155891, 0.0330805
0.229444, -0.640612, 0.732783
0.294945, -0.671708, -0.67957
0.927558, 0.372054, 0.034826

90
0.00116519, 0.00474471, 0.0425465
-0.107314, -0.993991, -0.0215709
0.300142, -0.011705, -0.953823
0.947839, -0.108833, 0.299595

91
-0.0326023, -0.00470373, -0.00480635
-0.350645, -0.882092, 0.314582
-0.690733, 0.0167625, -0.722915
0.632405, -0.470779, -0.615168

92
-0.0303838, 0.0105703, 0.047691
-0.192079, -0.97909, -0.0669908
0.96145, -0.174053, -0.212884
0.196773, -0.105299, 0.974778

93
-0.0539974, 0.0118541, 0.0268033
-0.181737, -0.58853, -0.787784
-0.871489, -0.274695, 0.406263
-0.455499, 0.760378, -0.462975

94
-0.0259582, -0.00914809, -0.00563795
-0.395503, -0.846918, 0.355398
-0.903895, 0.290258, -0.314204
0.162948, -0.445511, -0.880323

95
0.00102178, 0.00582707, 0.030115
0.0422698, 0.799019, -0.599818
-0.00923453, 0.600641, 0.799465
0.999064, -0.0282542, 0.0327676

96
-0.0274045, -0.00541569, 0.0105026
0.0674541, -0.832082, 0.550536
-0.956555, 0.102933, 0.272775
-0.28364, -0.545018, -0.788989

97
-0.00193266, -0.0100589, 0.0398394
-0.385855, -0.906156, 0.173196
0.2191, -0.27237, -0.936915
0.896165, -0.323566, 0.303634

98
-0.0509891, 0.0128268, 0.0218427
0.0193053, 0.589158, 0.807787
0.961155, 0.211557, -0.177269
-0.275333, 0.779831, -0.562188

99
-0.0491537, 0.00751798, 0.0141863
-0.622342, -0.741535, 0.250633
-0.080222, 0.378935, 0.921939
-0.778624, 0.553656, -0.295315

100
-0.00328558, 0.0186487, 0.0440023
-0.0991574, 0.805033, -0.584884
-0.46497, 0.48218, 0.742499
0.879756, 0.345578, 0.326505

101
-0.0666281, 0.00795894, 0.049037
0.252094, -0.867857, 0.428103
0.475233, 0.496398, 0.726459
-0.842972, 0.0203135, 0.537573

102
8.70234e-05, 0.00848489, 0.0435205
-0.215273, 0.970574, 0.107902
-0.288928, -0.168848, 0.942343
0.932834, 0.171685, 0.316774

103
-0.0178334, 0.0074549, 0.022548
0.49637, -0.48167, 0.722226
-0.0239078, -0.839221, -0.543265
0.867782, 0.252394, -0.42808

104
-0.0143204, 0.01918, 0.0240077
0.81599, 0.545502, -0.191281
0.00544252, 0.323634, 0.946167
0.578041, -0.773103, 0.261113

105
-0.0183463, 0.0117368, 0.0346633
0.357998, -0.858273, 0.367702
0.369448, -0.231461, -0.899964
0.857523, 0.458032, 0.234224

106
-0.0251843, -0.00653259, -0.0047451
0.252094, -0.867857, 0.428103
-0.932112, -0.336643, -0.133562
0.260031, -0.36537, -0.893806

107
-0.05707, 0.00620516, 0.0317011
0.0674541, -0.832082, 0.550536
-0.475823, 0.458171, 0.750781
-0.876951, -0.312601, -0.365018

108
-0.005067, -0.0129097, 0.0179411
-0.385855, -0.906156, 0.173196
-0.478757, 0.0362007, -0.877201
0.788611, -0.421391, -0.447797

109
0.000112435, 0.0102344, 0.0244757
0.174276, -0.975779, 0.132222
-0.114461, -0.153442, -0.981506
0.978022, 0.155919, -0.13843

110
-0.037974, -0.00827379, 0.0128271
-0.0991574, 0.805033, -0.584884
0.879756, 0.345578, 0.326505
0.46497, -0.48218, -0.742499

111
-0.0311464, -0.00714988, -0.00641962
-0.407344, -0.832782, 0.374894
-0.911645, 0.346267, -0.221363
0.054534, -0.431941, -0.900252

112
-0.00755526, 0.00750443, 0.0049767
-0.492151, 0.793485, -0.358006
0.491931, 0.592806, 0.637639
0.718186, 0.137701, -0.682091

113
-0.0201251, 0.065085, 0.0634906
0.530466, 0.643504, -0.551822
-0.667964, 0.718108, 0.195304
0.521947, 0.264995, 0.81077

114
0.00332042, -0.00198963, 0.0249441
0.122707, 0.805094, -0.580317
0.176326, 0.557747, 0.811066
0.976654, -0.201849, -0.0735191

115
-0.0292507, 0.0125073, -0.0113419
-0.524875, -0.778275, 0.344666
-0.838237, 0.542965, -0.0504655
-0.147866, -0.3154, -0.937368

116
-0.0576902, 0.0106284, 0.0593803
-0.0295527, -0.985549, 0.166794
0.834576, 0.0675049, 0.546741
-0.5501, 0.15536, 0.82052

117
-0.0297613, -0.00572849, -0.00554177
0.291796, -0.81616, 0.498737
-0.940598, -0.339482, -0.00523153
0.173582, -0.467584, -0.866738

118
-0.0446762, 0.0296885, 0.0423158
-0.274604, 0.918926, 0.283139
-0.85025, -0.0945302, -0.517822
-0.449075, -0.382934, 0.807275

119
-0.0729189, 0.0177198, 0.031379
0.0182391, -0.720486, 0.69323
0.178087, 0.684599, 0.70683
-0.983846, 0.110563, 0.140796

120
-0.0458259, -0.0240936, 0.00956321
-0.386258, 0.645029, -0.65935
0.879029, 0.0408191, -0.475018
-0.279486, -0.763067, -0.582766

121
-0.0265805, 0.029427, 0.0639769
-0.353561, 0.911082, -0.211952
-0.897363, -0.266391, 0.351817
0.264072, 0.314587, 0.911757

122
-0.063163, -0.00906513, 0.00941456
0.109206, 0.820606, -0.560963
0.611853, -0.500254, -0.612684
-0.783397, -0.276318, -0.556721

123
-0.014867, 0.0206499, 0.0845118
-0.559992, 0.824613, -0.0801399
-0.462913, -0.231199, 0.855721
0.68711, 0.516294, 0.511194

124
-0.00241326, -0.00207669, 0.00894915
0.0182391, -0.720486, 0.69323
-0.541032, -0.590176, -0.599146
0.840804, -0.364132, -0.40057

125
0.0041387, 0.00571413, 0.01968
-0.192079, -0.97909, -0.0669908
-0.196773, 0.105299, -0.974778
0.96145, -0.174053, -0.212884

126
0.00123442, 0.016572, 0.036493
-0.212096, 0.955304, -0.205936
-0.279479, 0.142635, 0.949498
0.936433, 0.258939, 0.236736

127
-0.00124885, 0.0274991, 0.0134339
-0.353561, 0.911082, -0.211952
0.264072, 0.314587, 0.911757
0.897363, 0.266391, -0.351817

128
-0.0490024, 0.0206959, 0.0332833
-0.69847, -0.597536, 0.393816
-0.00774034, 0.556575, 0.830762
-0.715597, 0.577214, -0.393376

129
-0.0299993, 0.0332025, 0.0585943
-0.5093, -0.840438, 0.185143
0.73693, -0.537015, -0.410548
0.444464, -0.0726547, 0.892845

130
-0.0306089, 0.0162347, -0.00599405
0.0476821, 0.995128, 0.0862986
0.991295, -0.0577587, 0.118313
0.122721, 0.079906, -0.989219

131
0.000826723, 0.0123878, 0.0209966
0.0476821, 0.995128, 0.0862986
0.265973, -0.0959268, 0.959196
0.9628, -0.0227834, -0.269251

132
-0.00967632, 0.0106382, 0.0120711
-0.5093, -0.840438, 0.185143
-0.128621, -0.138383, -0.981991
0.850923, -0.523941, -0.0376195

133
-0.0469164, 0.0155058, 0.0475608
-0.709192, -0.697517, 0.102553
0.207208, -0.0671813, 0.975988
-0.673878, 0.713412, 0.192175

134
-0.0305812, 0.0268631, 0.0403906
-0.169982, -0.817995, -0.549537
0.985364, -0.133829, -0.105586
0.012825, -0.559441, 0.828771

135
-0.0504335, -0.0405675, -0.0256313
0.351608, 0.702314, -0.618973
0.927385, -0.351569, 0.127895
-0.127789, -0.618995, -0.774929

136
-0.0582195, -0.000270356, 0.000688109
-0.0350288, 0.986742, -0.158471
0.741943, -0.0805577, -0.665606
-0.669547, -0.140892, -0.729285

137
-0.0515017, 0.0154474, 0.0381298
-0.676428, -0.53459, -0.506614
-0.515952, -0.146916, 0.843925
-0.525584, 0.832243, -0.176445

138
-0.0572524, 0.0108611, 0.0376905
0.291796, -0.81616, 0.498737
-0.173582, 0.467584, 0.866738
-0.940598, -0.339482, -0.00523153

139
-0.0615345, -0.00237764, -0.00115383
0.0110849, 0.97591, -0.217891
0.756491, -0.150683, -0.636408
-0.65391, -0.157778, -0.739938

140
-0.0152948, 0.00914192, 0.040786
-0.435996, -0.897406, 0.0676099
0.514243, -0.310083, -0.799626
0.738554, -0.313866, 0.59668

141
-0.0341439, 0.00388602, 0.0150453
-0.0262074, 0.997796, 0.0609542
0.999655, 0.0260626, 0.0031682
0.00157259, 0.0610163, -0.998136

142
-0.0414735, 0.0169902, 0.00856396
0.199711, -0.383573, 0.901658
-0.901041, 0.289687, 0.32281
-0.38502, -0.876899, -0.287762

143
0.00160007, 0.0100832, 0.0472979
0.122026, 0.860631, -0.494393
-0.361741, 0.502418, 0.785315
0.924258, 0.0830131, 0.372634

144
0.00474658, 0.00684169, 0.0390554
-0.00851635, 0.929386, -0.369012
-0.280706, 0.351965, 0.89293
0.959756, 0.111188, 0.257887

145
-0.0520705, 0.00195868, -0.00183481
-0.215273, 0.970574, 0.107902
0.863916, 0.240793, -0.442344
-0.45531, -0.00200628, -0.890331

146
-0.0111635, -0.00861687, 0.000488995
-0.00851635, 0.929386, -0.369012
0.779277, 0.237416, 0.579966
0.626621, -0.282623, -0.726271

147
-0.0330711, 0.00502755, 0.0661018
0.257539, -0.966, 0.0227623
0.960345, 0.253285, -0.11655
0.106821, 0.0518757, 0.992924

148
-0.0115966, 0.00779321, 0.00229462
-0.0721362, 0.995816, -0.0560905
0.714778, 0.090836, 0.693428
0.695622, 0.009929, -0.71834

149
-0.0523975, 0.00430906, 0.0752442
-0.694625, -0.683991, -0.222829
0.277962, -0.540896, 0.793832
-0.663501, 0.489477, 0.565843

150
0.0015616, 0.00755604, 0.0384438
0.0194048, -0.975405, 0.219564
0.229181, -0.209418, -0.950589
0.97319, 0.0687659, 0.219481

151
-0.0411367, -0.00184264, -0.00512024
-0.395503, -0.846918, 0.355398
-0.897447, 0.438653, 0.0465978
-0.195361, -0.300521, -0.933553

152
-0.00292358, 0.0102464, 0.0114321
-0.212096, 0.955304, -0.205936
0.464536, 0.283956, 0.838794
0.85978, 0.0822397, -0.503999

153
-0.0208906, 0.00924572, 0.0342963
0.247713, -0.851149, 0.4628
0.433102, -0.330014, -0.838757
0.866638, 0.40821, 0.286886

154
-0.0386545, 0.019416, 0.062509
0.247713, -0.851149, 0.4628
0.96641, 0.250846, -0.0559302
-0.0684866, 0.461109, 0.884697

155
-0.0284789, -0.00797107, -0.0044852
-0.367868, -0.908591, 0.197829
-0.920179, 0.325049, -0.218208
0.133957, -0.26231, -0.955641

156
0.00596186, -0.0205751, -0.00502952
0.333791, -0.595237, 0.730942
-0.188112, -0.801879, -0.567101
0.923687, 0.0517946, -0.379631

157
-0.0229103, 0.000173747, 0.0219004
-0.0991574, 0.805033, -0.584884
0.634852, 0.503794, 0.585793
0.766244, -0.313229, -0.561032

158
-0.0403519, 0.00760816, -0.00538981
-0.590975, -0.805176, -0.0493941
-0.797046, 0.573375, 0.189627
-0.124361, 0.151434, -0.980613

159
-0.0110389, 0.00437182, 0.0583105
0.639555, 0.446503, -0.625783
-0.735486, 0.592244, -0.3291
0.223672, 0.670732, 0.70717

160
-0.0473614, -0.0163282, 0.00333246
-0.0991574, 0.805033, -0.584884
0.950865, -0.0965922, -0.294153
-0.293298, -0.585313, -0.7559

161
-0.0379042, -0.00393276, -0.0266069
-0.0350288, 0.986742, -0.158471
0.998074, 0.0426625, 0.0450277
0.0511915, -0.156588, -0.986336

162
-0.0116862, 0.0225727, 0.0508275
-0.0991574, 0.805033, -0.584884
-0.0929083, 0.577723, 0.810928
0.990725, 0.13475, 0.0175088

163
-0.00308599, 0.0101858, 0.0081652
-0.204844, 0.961519, -0.183088
0.523083, 0.265642, 0.809826
0.827299, 0.0701177, -0.557369

164
-0.023819, -0.00992462, -0.0025126
-0.00851635, 0.929386, -0.369012
0.959756, 0.111188, 0.257887
0.280706, -0.351965, -0.89293

165
-0.0572488, 0.0258707, 0.0158359
0.199711, -0.383573, 0.901658
-0.685113, 0.603211, 0.408359
-0.700526, -0.699291, -0.142323

166
-0.00826612, 0.00440332, 0.0232149
-0.435996, -0.897406, 0.0676099
0.192466, -0.166368, -0.967098
0.879127, -0.408638, 0.245256

167
-0.068939, 0.00370403, 0.0363389
-0.181737, -0.58853, -0.787784
-0.630839, -0.544769, 0.552511
-0.75433, 0.597377, -0.272263

168
-0.0553533, 0.00483206, 0.0647617
-0.492151, 0.793485, -0.358006
-0.729323, -0.600378, -0.328077
-0.475263, 0.0996383, 0.874184

169
-0.0159119, 0.000571907, 0.064316
-0.385855, -0.906156, 0.173196
0.788611, -0.421391, -0.447797
0.478757, -0.0362007, 0.877201

170
-0.0157398, -0.0104514, 0.00146246
0.0674541, -0.832082, 0.550536
-0.876951, -0.312601, -0.365018
0.475823, -0.458171, -0.750781

171
-0.0545101, 0.0087306, 0.0224447
-0.0859898, -0.783274, -0.615701
-0.880727, -0.229139, 0.414506
-0.465753, 0.577908, -0.670147

172
0.00414037, 0.00757851, 0.0362749
-0.035557, 0.983871, -0.175311
-0.23141, 0.162548, 0.959181
0.972206, 0.0746744, 0.221898

173
0.00326491, 0.00477195, 0.0363144
0.214601, 0.767188, -0.604457
-0.138097, 0.636492, 0.758819
0.96689, -0.0793697, 0.242538

174
-0.0569496, 0.0166593, 0.0609751
0.252094, -0.867857, 0.428103
0.76165, 0.450838, 0.46544
-0.596941, 0.208731, 0.774657

175
-0.0386359, -0.00199319, 0.0165636
0.0432032, -0.903186, 0.42707
-0.943596, 0.103567, 0.314485
-0.328269, -0.416568, -0.847768

176
-0.0340722, 0.00264708, 0.0149664
0.267296, 0.963361, -0.0220948
0.96361, -0.267153, 0.00924697
0.00300548, -0.0237624, -0.999713

177
-0.01659, 0.00315555, 0.032562
-0.430787, -0.871752, 0.233392
0.132662, -0.316982, -0.939108
0.89265, -0.373593, 0.2522

178
-0.00858554, -0.00349587, 0.00427666
0.247713, -0.851149, 0.4628
-0.634928, -0.503428, -0.586026
0.731782, -0.148678, -0.665124

179
-0.0126855, 0.000185876, 0.0623463
-0.367868, -0.908591, 0.197829
0.745387, -0.415325, -0.521444
0.555942, -0.0443635, 0.830036

180
-0.066229, 0.00335469, 0.0474241
0.333791, -0.595237, 0.730942
0.78616, 0.603638, 0.132561
-0.52013, 0.53039, 0.669441

181
-0.0256299, -0.00826708, -0.00357985
-0.385855, -0.906156, 0.173196
-0.896165, 0.323566, -0.303634
0.2191, -0.27237, -0.936915

182
-0.0695595, 0.0106313, 0.0399211
0.0674541, -0.832082, 0.550536
0.28364, 0.545018, 0.788989
-0.956555, 0.102933, 0.272775

183
-0.0541067, 0.0111368, 0.0212737
0.341769, -0.817546, 0.463478
-0.335953, 0.354303, 0.8727
-0.877684, -0.453968, -0.153567

184
0.00407074, 0.00376461, 0.0213787
0.0194048, -0.975405, 0.219564
-0.160688, -0.219793, -0.962222
0.986814, -0.0166095, -0.161001

185
-0.0123949, 0.0117162, 0.0591758
-0.395503, -0.846918, 0.355398
0.754372, -0.520267, -0.400306
0.523928, 0.10978, 0.844658

186
-0.0635031, -0.00562149, 0.00924104
-0.00851635, 0.929386, -0.369012
0.626621, -0.282623, -0.726271
-0.779277, -0.237416, -0.579966

187
-0.00732931, -0.0346006, -0.00862595
0.727532, -0.216888, 0.650889
-0.194712, -0.97498, -0.10724
0.657864, -0.0487154, -0.75156

188
0.00206654, 0.0124696, 0.0460454
0.155639, 0.793612, -0.588181
-0.413491, 0.593102, 0.690837
0.897108, 0.135686, 0.420461

189
-0.0695972, 0.00885751, 0.022363
0.30968, 0.690927, -0.653237
-0.00555147, -0.685684, -0.727878
-0.950825, 0.229035, -0.208507

190
-0.00246218, -0.00416864, 0.0114914
-0.00851635, 0.929386, -0.369012
0.480161, 0.327499, 0.813751
0.877139, -0.170255, -0.449044

191
-0.0398759, 0.0532995, 0.0615919
-0.433402, 0.797179, -0.420319
-0.726636, -0.584995, -0.360251
-0.533069, 0.149286, 0.832797

192
-0.0646648, 0.00930356, 0.0503166
-0.0295527, -0.985549, 0.166794
0.981562, 0.00291262, 0.191124
-0.188847, 0.169367, 0.967291

193
0.00489436, 0.00813742, 0.0393265
0.122707, 0.805094, -0.580317
-0.210845, 0.592535, 0.777462
0.969787, 0.0269568, 0.242459

194
-0.00415046, 0.0177478, 0.0490697
-0.204844, 0.961519, -0.183088
-0.564149, 0.0368765, 0.824849
0.799859, 0.272254, 0.534886

195
-0.0170763, 0.00019349, -0.00551808
-0.0350288, 0.986742, -0.158471
0.90251, 0.0993388, 0.419055
0.429241, -0.128343, -0.894025

196
0.000891125, -0.00428598, 0.0166341
0.0422698, 0.799019, -0.599818
0.373793, 0.544108, 0.751149
0.926548, -0.255959, -0.275669

197
0.00846124, 0.0458748, 0.0413188
-0.274604, 0.918926, 0.283139
-0.740268, -0.38996, 0.547663
0.613675, -0.0592081, 0.787336

198
-0.0239325, -0.0110556, -0.00350719
-0.281717, -0.880974, 0.380159
-0.92636, 0.146502, -0.346977
0.249984, -0.449914, -0.857371

199
-0.045776, 0.00094974, -0.00432316
-0.407344, -0.832782, 0.374894
-0.86312, 0.485206, 0.139998
-0.298489, -0.266551, -0.916436

200
-0.0104233, 0.0113559, 0.0572057
-0.407344, -0.832782, 0.374894
0.683192, -0.550277, -0.480046
0.606069, 0.0605807, 0.793102

201
-0.0522831, -0.0142476, 0.00318171
0.351608, 0.702314, -0.618973
0.807889, -0.561687, -0.178393
-0.472956, -0.437337, -0.764885

202
-0.0494842, 0.0315531, 0.0392566
-0.169982, -0.817995, -0.549537
0.915265, -0.33773, 0.219608
-0.365234, -0.465642, 0.80609

203
-0.0405513, 0.014422, 0.0656686
-0.492151, 0.793485, -0.358006
-0.855682, -0.516547, 0.0314318
-0.159986, 0.321808, 0.93319

204
-0.0074111, 0.00716588, -0.00406614
-0.52189, -0.828294, 0.203862
-0.712812, 0.292202, -0.637586
0.46854, -0.478065, -0.742916

205
-0.0546348, 0.00741186, 0.0444553
-0.00507424, 0.996732, -0.0806216
-0.912858, -0.0375313, -0.406549
-0.408246, 0.0715331, 0.910065

206
0.000284504, -0.0131682, 0.0251315
-0.367868, -0.908591, 0.197829
-0.228377, -0.117952, -0.966401
0.901397, -0.400688, -0.16411

207
0.00390191, 0.00479974, 0.0286154
0.186162, 0.722579, -0.665751
0.063315, 0.667364, 0.742035
0.980477, -0.180291, 0.0784876

208
-0.00481766, 0.0253456, 0.0548557
-0.524875, -0.778275, 0.344666
0.717845, -0.622333, -0.312091
0.45739, 0.0836077, 0.885327

209
-0.0132836, 0.0340303, 0.0473608
-0.386258, 0.645029, -0.65935
-0.705162, 0.254301, 0.661874
0.594601, 0.720603, 0.356624

210
-0.000685114, -0.00117051, 0.0473298
0.351608, 0.702314, -0.618973
-0.236833, 0.706417, 0.666998
0.905694, -0.0879282, 0.414712

211
-0.0588243, 0.026864, 0.0572063
-0.243694, -0.964786, -0.0989998
0.621229, -0.233668, 0.74798
-0.744774, 0.120777, 0.656296

212
-0.0495293, 0.0143014, 0.0480543
-0.192079, -0.97909, -0.0669908
0.963566, -0.2011, 0.176352
-0.186137, -0.0306764, 0.982045

213
-0.0192756, 0.00653066, 0.0456533
-0.24212, -0.93014, 0.276077
0.147699, -0.31656, -0.937003
0.958938, -0.186091, 0.214026

214
-0.0329118, -0.0035651, -0.00483889
-0.48733, -0.865652, 0.114701
-0.87316, 0.481554, -0.0754847
0.0101085, -0.136939, -0.990528

215
0.00311645, 0.0103328, 0.0284598
-0.0721362, 0.995816, -0.0560905
0.0135454, 0.0572099, 0.99827
0.997303, 0.0712516, -0.0176157

216
-0.00593076, 0.0104344, 0.0539991
0.42014, 0.805835, -0.417267
-0.580339, 0.592096, 0.559133
0.697631, 0.00724211, 0.71642

217
0.00306276, 0.00734711, 0.0456887
0.0110849, 0.97591, -0.217891
-0.448666, 0.199592, 0.871127
0.893631, 0.0881038, 0.44007

218
-0.0153549, 0.0139105, 0.0607051
-0.281717, -0.880974, 0.380159
0.831801, -0.42173, -0.360903
0.478271, 0.214544, 0.851603

219
-0.0293297, 0.0294792, 0.0476225
-0.164814, -0.96797, -0.189394
0.981458, -0.141899, -0.128857
0.0978549, -0.20712, 0.973409

220
-0.0212502, 0.0186873, 0.0210378
-0.91874, -0.34198, 0.197401
-0.109262, -0.260227, -0.959346
0.379445, -0.902957, 0.201715

221
-0.0218106, -0.00107167, 0.0215243
0.305319, 0.831264, -0.464522
0.613554, 0.20133, 0.763556
0.728238, -0.518138, -0.448556

222
-0.0522296, 0.0104205, 0.0466432
-0.107314, -0.993991, -0.0215709
0.947839, -0.108833, 0.299595
-0.300142, 0.011705, 0.953823

223
-0.0519697, 0.0104206, 0.0449306
0.229444, -0.640612, 0.732783
0.927558, 0.372054, 0.034826
-0.294945, 0.671708, 0.67957

224
-0.0296858, 0.0179971, 0.0620978
-0.350645, -0.882092, 0.314582
0.632405, -0.470779, -0.615168
0.690733, -0.0167625, 0.722915

225
-0.0257761, 0.0193521, 0.0490619
-0.243694, -0.964786, -0.0989998
0.925815, -0.201004, -0.320099
0.288928, -0.169662, 0.942197

226
-0.0143585, 0.0317896, 0.0548772
-0.524875, -0.778275, 0.344666
0.488167, -0.606956, -0.627135
0.69728, -0.160913, 0.698504

227
-0.0366298, -0.00989915, -0.0335749
0.0110849, 0.97591, -0.217891
0.997304, 0.00501678, 0.0732063
0.0725358, -0.218115, -0.973224

228
-0.0640089, -0.00386116, 0.00811096
0.122707, 0.805094, -0.580317
0.565917, -0.537115, -0.625496
-0.81528, -0.251658, -0.521524

229
-0.00934543, 0.0250607, 0.0484581
-0.168002, 0.762947, -0.62425
-0.735738, 0.324422, 0.594509
0.656098, 0.559163, 0.506825

230
-0.0135944, 0.0631066, 0.061619
0.525174, 0.619838, -0.58309
-0.610789, 0.751654, 0.248903
0.592562, 0.225428, 0.773339

231
-0.0240065, 0.0153357, 0.0643674
-0.430787, -0.871752, 0.233392
0.875468, -0.466459, -0.126379
0.219039, 0.149885, 0.964135

232
-0.0543136, -0.0216329, 0.0169427
-0.386258, 0.645029, -0.65935
0.919072, 0.329725, -0.215844
0.0781783, -0.689361, -0.720187

233
-0.0700435, 0.00599323, 0.0278864
-0.00507424, 0.996732, -0.0806216
0.0278344, -0.0804506, -0.99637
-0.9996, -0.00729987, -0.0273352

234
-0.0193671, -0.00454441, -0.000545134
-0.694625, -0.683991, -0.222829
-0.719367, 0.65921, 0.218985
-0.00289255, 0.312408, -0.949944

235
-0.0284789, -0.00797107, -0.0044852
-0.367868, -0.908591, 0.197829
-0.920179, 0.325049, -0.218208
0.133957, -0.26231, -0.955641

236
-0.00645473, 0.00524613, 0.0596016
-0.215273, 0.970574, 0.107902
-0.623914, -0.221696, 0.749388
0.751258, 0.0940011, 0.65328

237
-0.0202637, 0.0280361, 0.061923
-0.5093, -0.840438, 0.185143
0.850923, -0.523941, -0.0376195
0.128621, 0.138383, 0.981991

238
-0.0421804, 0.0165427, -0.00315142
0.0476821, 0.995128, 0.0862986
0.9628, -0.0227834, -0.269251
-0.265973, 0.0959268, -0.959196

239
-0.0133302, 0.00871857, 0.00434749
-0.524875, -0.778275, 0.344666
-0.45739, -0.0836077, -0.885327
0.717845, -0.622333, -0.312091

240
0.00130747, 0.000721325, 0.0159231
0.0110849, 0.97591, -0.217891
0.314637, 0.203432, 0.927156
0.949147, -0.078834, -0.304803

241
-0.0568281, 0.00500307, 0.0372739
0.252094, -0.867857, 0.428103
-0.260031, 0.36537, 0.893806
-0.932112, -0.336643, -0.133562

242
-0.0296802, -0.00479155, 0.014079
0.122707, 0.805094, -0.580317
0.969787, 0.0269568, 0.242459
0.210845, -0.592535, -0.777462

243
-0.0517506, 0.0415379, 0.0515292
-0.433402, 0.797179, -0.420319
-0.467328, -0.597594, -0.651526
-0.770563, -0.0859458, 0.631542

244
-0.0451647, 0.00871467, 0.050292
-0.0295527, -0.985549, 0.166794
0.979113, -0.0621231, -0.193591
0.201155, 0.157589, 0.9668

245
-0.0684708, -0.00232437, 0.0143592
0.0422698, 0.799019, -0.599818
0.390857, -0.565733, -0.72607
-0.91948, -0.203752, -0.336215

246
-0.021234, 0.0043816, 0.0194965
-0.669202, -0.02599, -0.742626
-0.0700631, 0.997143, 0.0282385
0.73977, 0.0709279, -0.669111

247
-0.000676869, 0.0160926, 0.0492833
0.214601, 0.767188, -0.604457
-0.497598, 0.618416, 0.608242
0.840442, 0.170247, 0.514464

248
-0.0630046, 0.0248656, 0.0520518
0.341769, -0.817546, 0.463478
0.682311, 0.554998, 0.475845
-0.646255, 0.153607, 0.747502

249
-0.0120504, 0.0117807, 0.0424778
-0.488378, -0.795579, 0.358527
0.126319, -0.470983, -0.873051
0.863441, -0.38109, 0.330515

250
-0.0508805, 0.0129129, 0.0431778
-0.48733, -0.865652, 0.114701
-0.0101085, 0.136939, 0.990528
-0.87316, 0.481554, -0.0754847

251
-0.0144344, 0.0187262, 0.0626238
-0.212096, 0.955304, -0.205936
-0.85978, -0.0822397, 0.503999
0.464536, 0.283956, 0.838794

252
-0.0855631, 0.0202326, -0.0217304
0.0476821, 0.995128, 0.0862986
0.787728, 0.0156605, -0.615824
-0.614175, 0.0973437, -0.783143

253
-0.0579919, -0.00766208, 0.00299029
0.155639, 0.793612, -0.588181
0.725324, -0.49603, -0.477347
-0.670583, -0.352328, -0.652827

254
-0.052493, -0.00096446, -0.00489963
-0.0350288, 0.986742, -0.158471
0.941691, -0.0205088, -0.335854
-0.334652, -0.160995, -0.928487

255
-0.0088173, 0.00184133, 0.00291686
-0.0350288, 0.986742, -0.158471
0.669547, 0.140892, 0.729285
0.741943, -0.0805577, -0.665606

256
-0.00372884, 0.00220194, 0.00769685
-0.035557, 0.983871, -0.175311
0.523822, 0.167742, 0.835149
0.851085, -0.0621363, -0.521338

257
-0.0165509, 0.00836861, 0.0176038
-0.0859898, -0.783274, -0.615701
-0.952105, 0.246617, -0.180765
0.293431, 0.570668, -0.766965

258
0.00065504, 0.0162017, 0.0273427
0.333791, -0.595237, 0.730942
0.179687, -0.721019, -0.669212
0.925363, 0.354718, -0.133713

259
0.00121549, -0.0236693, -0.0213667
-0.367868, -0.908591, 0.197829
-0.798871, 0.199925, -0.567306
0.475898, -0.366733, -0.799392

260
-0.0352596, -0.0057612, -0.00680902
0.42014, 0.805835, -0.417267
0.903661, -0.413554, 0.111219
-0.0829386, -0.423796, -0.901953

261
-0.0445905, 0.0238439, 0.0516007
-0.243694, -0.964786, -0.0989998
0.96591, -0.25063, 0.0648304
-0.0873598, -0.079826, 0.992973

262
0.00398996, 0.00671589, 0.0319832
0.236184, 0.723557, -0.6486
-0.0570255, 0.676655, 0.734089
0.970034, -0.136393, 0.201076

263
-0.00484656, -0.00427641, 0.00831678
0.0432032, -0.903186, 0.42707
-0.664379, -0.345225, -0.662888
0.746146, -0.255097, -0.614973

264
-0.0296304, 0.0157293, 0.0335789
0.781911, -0.275905, 0.559009
0.560997, -0.0796054, -0.823981
0.271841, 0.957883, 0.0925377

265
-0.0198424, 0.000766601, 0.0256502
0.287584, 0.822459, -0.490771
0.359804, 0.382108, 0.851196
0.887601, -0.421372, -0.186036

266
-0.0501717, 0.00726783, -0.00434082
-0.21353, 0.975633, -0.0504535
0.882585, 0.170507, -0.438144
-0.418865, -0.138086, -0.897488

267
-0.0322323, 0.00964661, 0.0105516
-0.967736, -0.154043, -0.199393
-0.251155, 0.526302, 0.812359
-0.0201972, 0.836228, -0.54801

268
-0.0444078, -0.00115588, -0.00289712
-0.035557, 0.983871, -0.175311
0.986758, 0.00678554, -0.162056
-0.158252, -0.178752, -0.971084

269
-0.0838269, -0.0250013, 0.0519507
0.125534, -0.77232, -0.622706
-0.00157253, -0.627826, 0.778352
-0.992088, -0.0967302, -0.0800278

270
-0.0470165, -0.000700579, -0.00303856
-0.24212, -0.93014, 0.276077
-0.942465, 0.293068, 0.160841
-0.230514, -0.22125, -0.947582

271
-0.0180665, 0.000574903, 0.0249521
-0.407344, -0.832782, 0.374894
-0.298489, -0.266551, -0.916436
0.86312, -0.485206, -0.139998

272
0.0128139, -0.00870786, 0.0352267
-0.0859898, -0.783274, -0.615701
-0.465753, 0.577908, -0.670147
0.880727, 0.229139, -0.414506

273
-0.0257243, -0.00553474, -0.0312613
-0.035557, 0.983871, -0.175311
0.972206, 0.0746744, 0.221898
0.23141, -0.162548, -0.959181

274
-0.0443483, 0.0128416, 0.0477042
0.669503, -0.309594, 0.675216
0.742468, 0.306467, -0.595667
-0.0225168, 0.900128, 0.435044

275
-0.00857212, 0.0109709, 0.0191572
-0.503575, -0.762583, 0.406054
-0.292287, -0.291905, -0.910692
0.813007, -0.577286, -0.0758966

276
-0.0126857, 0.0194877, 0.037348
-0.47293, -0.878358, 0.0694654
0.492302, -0.328806, -0.805931
0.730736, -0.346951, 0.587919

277
-0.00564969, 0.0232193, 0.0184776
-0.349204, 0.908284, -0.230383
0.204061, 0.313672, 0.927345
0.914558, 0.27682, -0.29488

278
-0.0550844, -0.00704778, 0.000596739
0.214601, 0.767188, -0.604457
0.781344, -0.506191, -0.365066
-0.586045, -0.393945, -0.708067

279
-0.00333965, 0.00798793, 0.0562134
0.351608, 0.702314, -0.618973
-0.565399, 0.686292, 0.457522
0.74612, 0.189099, 0.638393

280
-0.0627399, 0.0289433, 0.046581
-0.243694, -0.964786, -0.0989998
0.858953, -0.2621, 0.43989
-0.450348, 0.0221623, 0.892578

281
-0.0516815, 0.00830612, 0.0464815
0.0194048, -0.975405, 0.219564
0.97319, 0.0687659, 0.219481
-0.229181, 0.209418, 0.950589

282
-0.03564, 0.00912276, -0.00818898
-0.353561, 0.911082, -0.211952
0.930111, 0.366501, 0.0238773
0.0994348, -0.188697, -0.976988

283
-0.0342339, 0.00774689, 0.0156665
0.0582734, 0.924142, 0.377579
0.998301, -0.0538581, -0.022252
-0.00022831, 0.378234, -0.92571

284
-0.00462091, 0.0180686, 0.0117362
-0.21353, 0.975633, -0.0504535
0.418865, 0.138086, 0.897488
0.882585, 0.170507, -0.438144

285
-0.0255479, -0.00481988, 0.0154102
0.155639, 0.793612, -0.588181
0.897108, 0.135686, 0.420461
0.413491, -0.593102, -0.690837

286
-0.0200493, 0.0297164, 0.0434941
-0.0661446, 0.890606, 0.449941
-0.992431, -0.105477, 0.0628849
0.103464, -0.442376, 0.890842

287
-0.0351279, -0.0111706, -0.00331182
0.287584, 0.822459, -0.490771
0.957728, -0.243071, 0.153864
0.00725466, -0.514273, -0.857596

288
-0.0134937, 0.00421045, 0.0292891
-0.0295527, -0.985549, 0.166794
0.5501, -0.15536, -0.82052
0.834576, 0.0675049, 0.546741

289
-0.0529122, -0.00237018, 0.0153946
0.0422698, 0.799019, -0.599818
0.926548, -0.255959, -0.275669
-0.373793, -0.544108, -0.751149

290
-0.0569885, 0.0216684, 0.0192455
-0.433402, 0.797179, -0.420319
0.21442, -0.36179, -0.907266
-0.875321, -0.483336, -0.0141307

291
-0.0519177, 0.0110272, 0.0212807
0.639555, 0.446503, -0.625783
-0.488104, -0.393034, -0.779281
-0.593905, 0.80384, -0.0334264

292
-0.0494208, 0.0122193, 0.0279484
-0.590975, -0.805176, -0.0493941
-0.190121, 0.0795145, 0.978535
-0.783966, 0.587681, -0.200072

293
0.000230346, -0.000633639, 0.011149
-0.435996, -0.897406, 0.0676099
-0.485542, 0.17131, -0.857264
0.757731, -0.406591, -0.510419

294
-0.0712122, 0.0574383, 0.0323578
0.199711, -0.383573, 0.901658
0.0108987, 0.921008, 0.389391
-0.979794, -0.0679387, 0.188116

295
-0.00073326, 0.0128533, 0.0195416
-0.204844, 0.961519, -0.183088
0.166673, 0.218588, 0.961478
0.964499, 0.166437, -0.205035

296
-0.0180657, 0.000622529, 0.0228316
0.42014, 0.805835, -0.417267
0.422441, 0.233276, 0.875857
0.803135, -0.544253, -0.24241

297
-0.0414989, 0.0117389, 0.0509272
0.446309, -0.737478, 0.506886
0.868798, 0.221334, -0.442947
0.214472, 0.638073, 0.739503

298
-0.0464994, 0.00550728, 0.0510274
0.174276, -0.975779, 0.132222
0.978022, 0.155919, -0.13843
0.114461, 0.153442, 0.981506

299
-0.0243426, -0.00308558, 0.0165399
0.214601, 0.767188, -0.604457
0.840442, 0.170247, 0.514464
0.497598, -0.618416, -0.608242

300
-0.0618556, -0.0089542, -0.0306259
0.0110849, 0.97591, -0.217891
0.949147, -0.078834, -0.304803
-0.314637, -0.203432, -0.927156

301
-0.0163501, -9.74682e-05, 0.0266222
-0.395503, -0.846918, 0.355398
-0.195361, -0.300521, -0.933553
0.897447, -0.438653, -0.0465978

302
-0.0556429, 0.00917543, 0.0293146
0.30968, 0.690927, -0.653237
-0.67626, -0.3229, -0.662124
-0.668409, 0.646805, 0.367251

303
-0.0532774, 0.0031551, 0.0187836
-0.0262074, 0.997796, 0.0609542
0.924163, 0.0474287, -0.379043
-0.381099, 0.0463979, -0.923369

304
-0.0227674, 0.0147848, 0.00348249
0.199711, -0.383573, 0.901658
-0.979794, -0.0679387, 0.188116
-0.0108987, -0.921008, -0.389391

305
-0.0279454, 0.0162697, 0.0538152
-0.435996, -0.897406, 0.0676099
0.757731, -0.406591, -0.510419
0.485542, -0.17131, 0.857264

306
