0
0.0429269, 0.00111957, -0.00557144
-0.957133, -0.282859, 0.0623459
0.0344213, 0.102644, 0.994122
-0.287596, 0.953653, -0.0885072

1
-0.012889, -0.0374777, 0.0209186
0.999972, -0.00447212, 0.00598926
0.00450122, 0.999978, -0.00485369
-0.00596742, 0.00488052, 0.99997

2
0.0625931, -0.0355844, 0.00346112
0.904658, 0.31954, -0.281936
0.10227, 0.479472, 0.871578
0.413684, -0.817313, 0.401079

3
0.00774862, -0.056894, 0.0067396
-0.993356, -0.114119, 0.0148842
0.0220123, -0.315346, -0.948721
0.112961, -0.94209, 0.315763

4
-0.0129246, -0.0427753, 0.0228995
0.999972, -0.00447212, 0.00598926
0.00187495, 0.925727, 0.378188
-0.00723572, -0.378166, 0.92571

5
0.0423587, 0.000171334, -0.0185967
-0.957133, -0.282859, 0.0623459
-0.0782572, 0.459778, 0.884579
-0.278877, 0.841781, -0.462204

6
-0.00993394, -0.0122338, 0.00684859
-0.999619, -0.0188082, 0.0201912
0.0269764, -0.512141, 0.858478
-0.0058057, 0.858695, 0.512454

7
-0.0628165, 0.00824217, 0.00404058
0.438409, -0.889058, 0.131808
0.462797, 0.0975882, -0.881076
0.770465, 0.447272, 0.454237

8
-0.0368719, -0.0567042, 0.00461577
-0.987417, 0.158133, -0.000993865
-0.0317954, -0.204686, -0.978311
-0.154907, -0.96597, 0.207138

9
-0.0784099, 0.0142664, -0.000356144
0.438195, -0.803962, 0.402032
0.655543, -0.020192, -0.754888
0.615019, 0.594338, 0.518184

10
0.0458971, 0.00305915, -0.0226029
-0.556976, -0.618171, 0.554655
-0.18634, 0.74382, 0.641879
-0.809355, 0.254157, -0.52948

11
0.0448516, -0.0021971, 0.00893011
-0.957133, -0.282859, 0.0623459
0.227701, -0.601755, 0.765535
-0.179022, 0.746915, 0.640367

12
-0.0128143, -0.0204052, 0.0211911
0.999972, -0.00447212, 0.00598926
0.00740244, 0.70364, -0.710518
-0.00103676, 0.710542, 0.703654

13
-0.0227453, -0.014442, -0.0158799
-0.998139, 0.0609073, 0.0030309
0.030417, 0.45416, 0.890401
0.0528554, 0.888836, -0.455167

14
-0.0128074, -0.0525993, -0.00400786
0.999972, -0.00447212, 0.00598926
-0.00596742, 0.00488052, 0.99997
-0.00450122, -0.999978, 0.00485369

15
-0.0686396, -0.0171016, 0.0213587
-0.942282, 0.266691, -0.202438
-0.253436, -0.963223, -0.0892846
-0.218804, -0.0328262, 0.975216

16
-0.0321669, -0.0110285, 0.0105914
-0.989866, 0.137253, -0.0364197
-0.107642, -0.55797, 0.82285
0.0926172, 0.818432, 0.56709

17
0.00535475, -0.0576245, -0.00014748
-0.994612, -0.103036, 0.0114427
-0.0231926, 0.113573, -0.993259
0.101042, -0.988172, -0.11535

18
-0.00961035, -0.018662, 0.016881
-0.999619, -0.0188082, 0.0201912
0.0271447, -0.801765, 0.597022
0.00495965, 0.597343, 0.80197

19
-0.0594055, 0.00918416, -0.000951051
0.438409, -0.889058, 0.131808
0.132724, -0.0810038, -0.987837
0.888922, 0.450571, 0.0824869

20
0.0259951, -0.001832, -0.004011
0.941866, 0.335977, -0.00291367
0.0334222, -0.102316, -0.99419
-0.334324, 0.936296, -0.107597

21
-0.00668337, -0.0436658, -0.0223191
0.998832, 0.0419216, -0.0240236
0.0483022, -0.878756, 0.474822
-0.00120554, -0.475427, -0.879754

22
-0.0471613, -0.0051518, -0.0097431
-0.953791, 0.297512, -0.0420554
0.058225, 0.320318, 0.945519
0.294775, 0.899379, -0.32284

23
-0.0372273, -0.00763548, -0.00282786
-0.961918, 0.250526, -0.109315
-0.117357, -0.0173445, 0.992938
0.246861, 0.967955, 0.046085

24
0.00126646, -0.042011, 0.0188563
-0.994866, -0.101128, 0.00378036
0.0893371, -0.895191, -0.436636
0.0475404, -0.434057, 0.89963

25
0.0108522, -0.0312189, 0.0202279
-0.987765, -0.154693, 0.0197649
0.153829, -0.987304, -0.0396048
0.0256406, -0.0360798, 0.99902

26
-0.01002, -0.010572, -0.00534486
-0.999552, -0.0290718, -0.00712922
-0.0104207, 0.11469, 0.993347
-0.0280607, 0.992976, -0.114942

27
-0.0418924, -0.00276528, -0.00997519
-0.881652, 0.465971, -0.0745631
-0.08787, -0.00686269, 0.996108
0.463646, 0.884773, 0.0469954

28
0.00429569, -0.00691142, -0.00222353
-0.989721, -0.1387, 0.0348416
0.0282084, 0.0495061, 0.998375
-0.1402, 0.989096, -0.0450848

29
-0.0443258, -0.00584313, -0.0141169
0.940297, -0.297807, 0.164782
-0.0898021, -0.684071, -0.723866
0.328295, 0.665851, -0.669973

30
-0.0187846, -0.0286019, -0.0223089
-0.999249, 0.0383487, 0.00553259
0.0383032, 0.956192, 0.290224
0.00583951, 0.290218, -0.956943

31
0.02925, -0.00363381, -0.00368717
-0.950161, -0.31142, -0.0145728
0.000278509, -0.0475915, 0.998867
-0.311761, 0.94908, 0.0453063

32
-0.0224399, -0.0100301, -0.00395304
-0.998139, 0.0609073, 0.0030309
0.00787473, 0.079446, 0.996808
0.0604721, 0.994977, -0.0797778

33
-0.0641954, -0.0407132, -0.0202359
0.863419, -0.332223, 0.379651
-0.500397, -0.468356, 0.728179
-0.0641054, -0.8187, -0.570631

34
-0.0357905, -0.0498967, 0.0133352
-0.987417, 0.158133, -0.000993865
-0.0886555, -0.558765, -0.824573
-0.130948, -0.81411, 0.565754

35
-0.0201946, -0.010262, -0.00938265
-0.999257, 0.0382825, -0.00440505
-0.00521197, -0.0210039, 0.999766
0.038181, 0.999046, 0.0211878

36
0.0136874, -0.0390235, 0.0223981
-0.984376, -0.173013, 0.0327052
0.149716, -0.920197, -0.361695
0.0926733, -0.351148, 0.931723

37
-0.0368719, -0.0567042, 0.00461577
-0.987417, 0.158133, -0.000993865
-0.0317954, -0.204686, -0.978311
-0.154907, -0.96597, 0.207138

38
-0.0507221, -0.0446296, -0.0218487
-0.955924, 0.293259, 0.0144279
0.2494, 0.836927, -0.487188
-0.154947, -0.462117, -0.873178

39
0.0484689, 0.00705146, 0.0157738
-0.660475, -0.676979, -0.324764
0.276912, -0.62166, 0.732706
-0.69792, 0.394003, 0.598055

40
-0.0087891, -0.0488378, -0.0218772
-0.999552, -0.0290718, -0.00712922
-0.0219369, 0.8735, -0.48633
0.0203658, -0.485956, -0.873746

41
-0.00900613, -0.0476663, 0.019777
-0.999619, -0.0188082, 0.0201912
-0.00495965, -0.597343, -0.80197
0.0271447, -0.801765, 0.597022

42
0.0236319, -0.00484099, -0.012004
-0.943367, -0.322428, 0.0780931
-0.0175051, 0.283448, 0.958828
-0.331288, 0.90316, -0.27304

43
-0.0073725, -0.0282549, 0.0222292
-0.999264, -0.0383017, -0.00194169
0.0383417, -0.99663, -0.0725159
0.000842343, -0.072537, 0.997365

44
0.049468, 0.0102017, 0.00717521
-0.660475, -0.676979, -0.324764
-0.0112486, -0.42356, 0.905798
-0.750763, 0.60191, 0.272136

45
-0.0387194, -0.00821052, 0.00898389
-0.961918, 0.250526, -0.109315
-0.202893, -0.386444, 0.899719
0.183159, 0.887636, 0.422558

46
-0.00639119, -0.0493704, -0.0201256
0.998832, 0.0419216, -0.0240236
0.0450867, -0.629926, 0.775345
0.0173707, -0.775523, -0.63108

47
0.00184579, -0.0477829, 0.0169101
-0.994866, -0.101128, 0.00378036
0.0643438, -0.660943, -0.747673
0.0781094, -0.743591, 0.664056

48
-0.0471621, -0.00488121, -0.00781105
-0.953791, 0.297512, -0.0420554
-0.0590125, -0.0482418, 0.997091
0.294618, 0.953498, 0.0635695

49
-0.0107128, -0.00999047, 0.00885434
-0.999436, -0.0310646, 0.0127834
0.023558, -0.376886, 0.92596
-0.0239467, 0.925738, 0.377405

50
0.0377811, -0.00840376, 0.0179331
0.907361, 0.419696, 0.0234668
-0.313844, 0.713537, -0.626392
-0.279639, 0.560999, 0.779155

51
-0.0230979, -0.033682, 0.0227129
-0.996107, 0.0867853, -0.0154852
-0.0736849, -0.916076, -0.394177
-0.0483944, -0.391501, 0.918904

52
-0.0355169, -0.0487832, 0.0167711
-0.988311, 0.152452, -0.000289308
-0.0902337, -0.586492, -0.804913
-0.12288, -0.795478, 0.593393

53
-0.0489065, -0.0387166, -0.0217413
-0.955924, 0.293259, 0.0144279
0.289711, 0.950064, -0.115953
-0.0477116, -0.106662, -0.99315

54
-0.0395205, -0.00485004, -0.00761882
-0.9409, 0.335478, -0.0465006
0.0434989, 0.25586, 0.965735
0.33588, 0.906637, -0.255331

55
0.0689279, -0.0387246, 0.00690095
-0.989333, -0.121252, -0.0807292
0.122271, -0.389998, -0.912662
0.0791783, -0.912798, 0.400663

56
-0.0600226, 0.00987356, -0.00564263
0.371186, -0.800306, 0.470883
0.347594, -0.350483, -0.869678
0.861045, 0.486488, 0.148087

57
0.0616818, -0.0235459, 0.0152428
-0.95555, -0.237045, 0.175313
0.192737, -0.952205, -0.236979
0.223108, -0.192656, 0.955566

58
0.00666951, -0.0111166, 0.00992505
-0.988959, -0.143988, 0.0350494
0.108226, -0.540186, 0.834558
-0.101233, 0.829136, 0.549804

59
0.0271346, -0.00275689, -0.00175336
0.951998, 0.305867, 0.0120611
0.0308287, -0.0566026, -0.997921
-0.304549, 0.95039, -0.063315

60
-0.0215563, -0.0472257, -0.0217122
-0.999257, 0.0382825, -0.00440505
0.0372691, 0.931036, -0.363019
-0.00979599, -0.362913, -0.931771

61
-0.0292364, -0.0213616, 0.0197085
-0.986683, 0.153094, -0.0549404
-0.162634, -0.923367, 0.347769
0.00251103, 0.352073, 0.935969

62
0.0396904, -0.000248016, -0.00724149
0.882432, 0.46779, 0.0498547
0.18477, -0.247174, -0.951192
-0.432636, 0.848574, -0.304547

63
-0.0655468, 0.00926563, -0.00941351
0.44992, -0.716679, 0.532864
0.523351, -0.271895, -0.807575
0.723655, 0.642219, 0.252743

64
-0.0109815, -0.0109239, -0.0144282
-0.999436, -0.0310646, 0.0127834
-0.000274845, 0.388097, 0.921618
-0.0335909, 0.921095, -0.387887

65
0.0470148, -0.0284115, 0.0187368
0.907361, 0.419696, 0.0234668
-0.419655, 0.901233, 0.10802
0.0241865, -0.107861, 0.993872

66
-0.0566522, -0.00817461, 0.0118752
0.921065, -0.308689, 0.237384
0.336143, 0.322512, -0.884869
0.196591, 0.894817, 0.400818

67
0.0250168, -0.00483521, -0.00201435
-0.960969, -0.270501, 0.0580276
0.0620601, -0.00637075, 0.998052
-0.269604, 0.962699, 0.0229094

68
-0.00784646, -0.0140492, -0.0140773
-0.999264, -0.0383017, -0.00194169
-0.0138945, 0.314378, 0.949196
-0.0357454, 0.948525, -0.314679

69
-0.0466892, -0.0142803, -0.0252171
-0.881652, 0.465971, -0.0745631
0.394727, 0.814798, 0.424612
0.258611, 0.344928, -0.9023

70
-0.00934158, -0.0298913, -0.0216769
-0.999552, -0.0290718, -0.00712922
-0.0299125, 0.96128, 0.273945
-0.00111088, 0.274035, -0.961719

71
0.00689814, -0.00782658, 0.00570522
-0.987765, -0.154693, 0.0197649
0.0825564, -0.411158, 0.907818
-0.132307, 0.898342, 0.418898

72
0.0385973, -0.0311544, -0.0250237
-0.950161, -0.31142, -0.0145728
-0.311761, 0.94908, 0.0453063
-0.000278509, 0.0475915, -0.998867

73
0.0177612, -0.0293876, -0.0240241
-0.976054, -0.209911, 0.0570643
-0.207562, 0.977212, 0.0444369
-0.0650917, 0.0315285, -0.997381

74
0.0176192, -0.00569311, 0.00134086
-0.961286, -0.270647, 0.0517656
0.0883254, -0.124695, 0.988256
-0.261013, 0.954569, 0.143773

75
-0.0285192, -0.00797096, -0.0125047
-0.992104, 0.125315, 0.00501758
0.0477989, 0.340825, 0.938911
0.11595, 0.931737, -0.344123

76
0.0196676, -0.035883, 0.0238256
-0.97668, -0.206389, 0.0591542
0.152529, -0.860914, -0.485347
0.151097, -0.465006, 0.872318

77
0.0782461, -0.032848, -0.0103509
0.921902, 0.168802, 0.348716
-0.249952, -0.428561, 0.868251
0.296009, -0.887604, -0.352899

78
-0.044924, -0.00734856, -0.0110794
0.923017, -0.340762, 0.178665
0.0673227, -0.314155, -0.946982
0.378824, 0.886108, -0.26703

79
0.0011918, -0.033429, -0.0226081
-0.993954, -0.109538, 0.00753585
-0.107629, 0.985605, 0.130382
-0.0217092, 0.128783, -0.991435

80
0.00762763, -0.00723985, 0.00814738
-0.984376, -0.173013, 0.0327052
0.0926733, -0.351148, 0.931723
-0.149716, 0.920197, 0.361695

81
-0.0286185, -0.00899906, -0.00647382
-0.992104, 0.125315, 0.00501758
-0.000211544, -0.0416796, 0.999131
0.125415, 0.991241, 0.0413771

82
-0.0192865, -0.0357157, -0.0238416
-0.998901, 0.0467509, 0.00335456
0.0466426, 0.998541, -0.0272274
-0.00462257, -0.027041, -0.999624

83
0.0505007, -0.0142815, -0.0295451
0.749894, 0.496872, -0.436781
0.514392, -0.853098, -0.0873221
-0.416004, -0.159194, -0.89532

84
0.0431022, 0.000953006, -0.00363558
-0.957133, -0.282859, 0.0623459
0.141859, -0.270117, 0.95232
-0.252532, 0.920341, 0.298664

85
-0.0128322, -0.0233172, 0.0220125
0.999972, -0.00447212, 0.00598926
0.00644222, 0.921992, -0.387156
-0.00379064, 0.387184, 0.921995

86
-0.010246, -0.00886454, -0.00546445
-0.999619, -0.0188082, 0.0201912
0.0227012, -0.144548, 0.989237
-0.0156872, 0.989319, 0.14492

87
-0.0722467, 0.0053865, 0.0161444
0.438409, -0.889058, 0.131808
0.722413, 0.261323, -0.640179
0.534712, 0.37588, 0.756834

88
0.0679051, -0.0365134, 0.0151929
0.907277, 0.288355, 0.306104
-0.412567, 0.46932, 0.780722
0.0814644, -0.83462, 0.544769

89
-0.0509659, -0.0174171, -0.0293135
-0.650528, 0.69962, -0.295542
0.650147, 0.714133, 0.259465
0.392584, -0.0233566, -0.91942

90
0.00248713, -0.0461253, -0.0221331
-0.994582, -0.0996764, 0.0295231
-0.103912, 0.944867, -0.310529
0.00305697, -0.311914, -0.950105

91
0.0458458, 0.0098462, -0.0144237
-0.700986, -0.711445, -0.0496446
-0.134265, 0.0632841, 0.988923
-0.700422, 0.699887, -0.139883

92
-0.0202423, -0.0120364, -0.0139674
-0.999257, 0.0382825, -0.00440505
0.00979599, 0.362913, 0.931771
0.0372691, 0.931036, -0.363019

93
-0.024449, -0.0503858, 0.0160075
-0.996107, 0.0867853, -0.0154852
-0.0495562, -0.696523, -0.715821
-0.0729086, -0.712267, 0.698112

94
-0.0366098, -0.0558842, 0.00829051
-0.988311, 0.152452, -0.000289308
-0.0363409, -0.237432, -0.970724
-0.148057, -0.959367, 0.240197

95
-0.0598719, -0.0466544, 0.0129854
0.938158, -0.344921, -0.0298076
0.278311, 0.700161, 0.657509
-0.205919, -0.625143, 0.752857

96
-0.0619371, 0.0108261, 0.00587302
0.403294, -0.875526, 0.266096
0.663242, 0.0793312, -0.744188
0.630447, 0.476613, 0.61268

97
-0.0027793, -0.0307042, -0.0228228
-0.996679, -0.0799241, 0.0155943
-0.0702446, 0.940718, 0.331836
-0.0411916, 0.329639, -0.943208

98
0.0289383, -0.0216172, -0.0268712
0.953881, 0.281853, -0.103296
0.287703, -0.956583, 0.046644
-0.0856646, -0.0742114, -0.993556

99
0.0566964, 0.000503536, 0.00985894
-0.977974, -0.206375, 0.0312432
0.183196, -0.776947, 0.602323
-0.10003, 0.59478, 0.797641

100
-0.0404887, -0.00536929, 0.00533531
-0.96076, 0.259797, -0.0971868
-0.156268, -0.217471, 0.963476
0.229173, 0.940857, 0.249536

101
0.0670504, -0.0337793, -0.0245257
0.736419, 0.350729, -0.578512
0.671998, -0.280459, 0.685391
0.0781375, -0.893494, -0.442225

102
0.0366774, -0.0101372, 0.0175926
0.93709, 0.346608, 0.0415408
-0.197452, 0.624405, -0.755732
-0.287881, 0.699987, 0.653562

103
-0.0253559, -0.0160956, -0.0167641
-0.997168, 0.0733237, -0.016723
0.0150047, 0.411858, 0.911125
0.0736945, 0.908293, -0.411792

104
0.070084, -0.0372896, -0.0185005
-0.997023, -0.0566134, 0.0523477
-0.0769752, 0.691244, -0.71851
0.00449227, -0.7204, -0.693544

105
0.11674, -0.0359431, -0.0118633
0.0706879, -0.114733, 0.990878
-0.833807, -0.552039, -0.00443755
0.547512, -0.825887, -0.134688

106
-0.0438123, -0.00633028, 0.0041848
0.939604, -0.315922, 0.131671
0.105381, -0.0989825, -0.989493
0.325635, 0.943608, -0.0597122

107
-0.0101907, -0.00827815, 0.00923603
-0.999552, -0.0290718, -0.00712922
0.0124733, -0.621042, 0.783678
-0.0272105, 0.783238, 0.621126

108
-0.045207, -0.005208, 0.013952
-0.881652, 0.465971, -0.0745631
-0.389981, -0.630482, 0.671124
0.265714, 0.620776, 0.737586

109
0.0133591, -0.0479056, 0.0149117
-0.987765, -0.154693, 0.0197649
0.0906426, -0.672617, -0.734419
0.126904, -0.723641, 0.678409

110
0.0705712, -0.0401322, -0.0122972
-0.997023, -0.0566134, 0.0523477
-0.0693967, 0.362941, -0.929224
0.0336074, -0.930091, -0.365789

111
-0.0255621, -0.019668, -0.0201355
-0.997168, 0.0733237, -0.016723
0.0420642, 0.728096, 0.684183
0.0623428, 0.681542, -0.729118

112
0.0544773, -0.0429676, 0.00800042
0.931086, 0.32122, -0.172909
-0.0547968, 0.591754, 0.804254
0.360662, -0.739354, 0.568576

113
-0.000691366, -0.011541, -0.0124469
-0.994582, -0.0996764, 0.0295231
-0.00305697, 0.311914, 0.950105
-0.103912, 0.944867, -0.310529

114
0.0372336, -0.00150783, 0.000947725
0.909862, 0.410953, 0.0571712
0.0366273, 0.0576993, -0.997662
-0.413291, 0.909829, 0.0374463

115
-0.0383815, -0.00593199, 0.00922044
-0.955924, 0.293259, 0.0144279
-0.171119, -0.596376, 0.784254
0.238594, 0.747219, 0.620272

116
-0.0108807, -0.0116687, -0.0083558
-0.999436, -0.0310646, 0.0127834
0.0126008, 0.00606722, 0.999902
-0.0311391, 0.999499, -0.00567236

117
0.0448349, -0.0238392, 0.0212533
0.907361, 0.419696, 0.0234668
-0.396967, 0.873907, -0.280541
-0.13825, 0.245236, 0.959555

118
-0.0671485, -0.0213063, 0.0220873
-0.698405, 0.715093, -0.0295286
-0.707705, -0.696163, -0.120462
-0.106698, -0.0632337, 0.992279

119
0.0175706, -0.0268843, 0.0206001
-0.97668, -0.206389, 0.0591542
0.198741, -0.973331, -0.11458
0.0812248, -0.100152, 0.991651

120
0.0572243, 0.00777921, 0.00804884
0.758029, 0.400069, 0.515108
0.469609, 0.213284, -0.856725
-0.452614, 0.891322, -0.0262003

121
0.0142963, -0.00589936, -0.00682559
-0.975642, -0.211512, 0.0581778
0.0321833, 0.124328, 0.991719
-0.216993, 0.969436, -0.114492

122
-0.0270513, -0.0111393, 0.0089507
-0.986683, 0.153094, -0.0549404
-0.113224, -0.403966, 0.90774
0.116775, 0.901872, 0.415921

123
0.0384718, -3.47761e-05, 0.0123266
0.882432, 0.46779, 0.0498547
-0.175268, 0.425254, -0.887942
-0.436571, 0.77481, 0.457246

124
0.0487883, -0.0412684, -0.0194776
0.931086, 0.32122, -0.172909
0.312238, -0.45662, 0.83307
0.188645, -0.829648, -0.525449

125
0.0569009, 0.0116271, -0.0109124
-0.660475, -0.676979, -0.324764
-0.538824, 0.126112, 0.832925
-0.522916, 0.725117, -0.448067

126
0.0373295, -0.000185003, -0.0100877
0.909862, 0.410953, 0.0571712
0.191999, -0.294869, -0.936049
-0.367815, 0.862653, -0.347193

127
-0.0769522, 0.00932513, 0.000296594
0.44992, -0.716679, 0.532864
0.760444, -0.00543204, -0.649381
0.468292, 0.697382, 0.54255

128
0.0019823, -0.0101861, 0.0019874
-0.993728, -0.110852, 0.0147197
0.0342849, -0.176727, 0.983663
-0.10644, 0.977998, 0.179419

129
-0.0591564, -0.0182114, -0.0242449
-0.942282, 0.266691, -0.202438
0.150412, 0.87734, 0.455687
0.299135, 0.398937, -0.866815

130
0.0268861, -0.0526181, -0.00659993
-0.972843, -0.222209, 0.0648016
-0.157295, 0.429284, -0.889367
0.169807, -0.875407, -0.452579

131
-0.00466489, -0.0158712, -0.0149528
-0.996545, -0.076306, 0.0328008
-0.0103228, 0.505645, 0.86268
-0.0824132, 0.85936, -0.504686

132
0.00219034, -0.00851478, 0.00671512
-0.993356, -0.114119, 0.0148842
0.0643102, -0.443175, 0.894125
-0.0954402, 0.889142, 0.447569

133
-0.00117387, -0.0108494, -0.00642364
-0.993954, -0.109538, 0.00753585
-0.0211314, 0.258195, 0.965862
-0.107744, 0.959863, -0.258948

134
0.044226, 0.000688091, -0.0298438
0.715213, 0.41451, -0.562718
0.221803, -0.898137, -0.379675
-0.662777, 0.146736, -0.734299

135
-0.0483126, -0.0254501, -0.0280977
0.923017, -0.340762, 0.178665
-0.324224, -0.938879, -0.115691
0.207168, 0.0488571, -0.977085

136
0.0684825, -0.0344292, 0.0162266
0.921902, 0.168802, 0.348716
-0.369129, 0.656036, 0.658302
-0.117648, -0.735611, 0.66711

137
-0.0245984, -0.0466385, 0.0208714
-0.998139, 0.0609073, 0.0030309
-0.0483285, -0.759732, -0.648438
-0.0371919, -0.647378, 0.761261

138
0.0709571, -0.0395669, -0.00433449
-0.997023, -0.0566134, 0.0523477
-0.0512532, -0.0206166, -0.998473
0.0576062, -0.998183, 0.0176536

139
-0.0259752, -0.0256074, -0.0215466
-0.997168, 0.0733237, -0.016723
0.0627198, 0.933488, 0.353082
0.0415, 0.351033, -0.935443

140
-0.0262799, -0.0104288, -0.00292257
-0.986683, 0.153094, -0.0549404
-0.0599175, -0.0280846, 0.997808
0.151215, 0.987813, 0.0368836

141
-0.00796869, -0.011492, -0.00161719
-0.999264, -0.0383017, -0.00194169
0.000842343, -0.072537, 0.997365
-0.0383417, 0.99663, 0.0725159

142
0.0322642, -0.033089, -0.0243545
-0.943367, -0.322428, 0.0780931
-0.331288, 0.90316, -0.27304
0.0175051, -0.283448, -0.958828

143
-0.0222799, -0.00766305, 0.00118137
-0.998139, 0.0609073, 0.0030309
-0.0158664, -0.307363, 0.95146
0.0588824, 0.949641, 0.307757

144
0.0465616, 0.00314573, -0.0163168
0.937456, 0.263785, -0.227141
0.015213, -0.682935, -0.730321
-0.34777, 0.681189, -0.644234

145
-0.00952514, -0.0425561, 0.0225682
-0.999436, -0.0310646, 0.0127834
0.0239467, -0.925738, -0.377405
0.023558, -0.376886, 0.92596

146
0.036926, -0.00459029, -0.0172056
0.907361, 0.419696, 0.0234668
0.279639, -0.560999, -0.779155
-0.313844, 0.713537, -0.626392

147
-0.0516619, -0.0532076, 0.00271566
0.964376, -0.247062, 0.0945459
-0.0275354, 0.261711, 0.964753
-0.263098, -0.932988, 0.245585

148
-0.0293452, -0.00881043, -0.00275438
-0.988311, 0.152452, -0.000289308
-0.0230845, -0.147775, 0.988752
0.150694, 0.977201, 0.149567

149
-0.020698, -0.0121984, -0.0112642
-0.996107, 0.0867853, -0.0154852
0.0178831, 0.370931, 0.928488
0.0863231, 0.924597, -0.371039

150
-0.00896973, -0.0426551, -0.0217635
-0.999552, -0.0290718, -0.00712922
-0.0280607, 0.992976, -0.114942
0.0104207, -0.11469, -0.993347

151
0.0070064, -0.0103904, -0.00895056
-0.987765, -0.154693, 0.0197649
0.0256406, -0.0360798, 0.99902
-0.153829, 0.987304, 0.0396048

152
0.0468019, 0.00713671, 0.0109055
-0.700986, -0.711445, -0.0496446
0.400334, -0.450146, 0.798186
-0.590213, 0.539643, 0.600361

153
-0.0447691, -0.00622605, -0.0164618
-0.650528, 0.69962, -0.295542
0.182125, 0.521484, 0.833597
0.737322, 0.488453, -0.466658

154
0.0613226, -0.0244927, 0.0233795
0.907277, 0.288355, 0.306104
-0.349333, 0.922025, 0.166844
-0.234125, -0.258306, 0.937264

155
0.0690623, -0.024966, -0.0246321
-0.997023, -0.0566134, 0.0523477
-0.0728349, 0.914311, -0.398409
-0.0253068, -0.401035, -0.915713

156
-0.0251336, -0.0104041, -0.00506921
-0.997168, 0.0733237, -0.016723
-0.0143391, 0.0329182, 0.999355
0.0738269, 0.996765, -0.0317736

157
0.0458247, 0.00327296, 0.0132867
-0.777449, -0.604067, -0.175149
0.271018, -0.573056, 0.773406
-0.567559, 0.553815, 0.609235

158
0.0379727, -0.0236228, 0.0177999
-0.923059, -0.378996, 0.0657536
0.379903, -0.925025, 0.0013961
0.0602946, 0.0262687, 0.997835

159
-0.0607478, 0.0111061, -0.00297627
0.371186, -0.800306, 0.470883
0.650643, -0.137633, -0.746807
0.662484, 0.583581, 0.469626

160
0.0155725, -0.0079302, 0.000584859
-0.972175, -0.234188, 0.00555753
0.0496884, -0.182968, 0.981862
-0.228924, 0.954818, 0.189514

161
0.0162362, -0.00777785, -0.00209573
-0.973095, -0.225786, 0.0458999
0.0462122, 0.00390473, 0.998924
-0.225722, 0.974169, 0.0066344

162
-0.0666559, 0.00173644, -0.0270711
0.438409, -0.889058, 0.131808
-0.770465, -0.447272, -0.454237
0.462797, 0.0975882, -0.881076

163
-0.00903757, -0.0404785, 0.0249161
-0.999619, -0.0188082, 0.0201912
0.0058057, -0.858695, -0.512454
0.0269764, -0.512141, 0.858478

164
0.0152615, -0.0431427, 0.0211243
-0.983491, -0.180412, 0.0140646
0.1525, -0.86815, -0.472292
0.0974174, -0.462349, 0.88133

165
0.027598, -0.000441569, 0.00577239
-0.923059, -0.378996, 0.0657536
0.201088, -0.329723, 0.922414
-0.327911, 0.864664, 0.380565

166
-0.0646224, 3.76512e-05, -0.0255539
0.403294, -0.875526, 0.266096
-0.836269, -0.470692, -0.281254
0.371494, -0.109099, -0.922003

167
-0.0449118, -0.00568862, 0.00979826
0.938158, -0.344921, -0.0298076
0.0837392, 0.309617, -0.947167
0.335927, 0.886096, 0.319353

168
0.0404486, -0.0487255, 0.00545234
0.953881, 0.281853, -0.103296
-0.0309552, 0.434631, 0.900077
0.298585, -0.855368, 0.423311

169
-0.00340793, -0.0160689, 0.0120084
-0.996679, -0.0799241, 0.0155943
0.0649375, -0.664544, 0.744423
-0.0491342, 0.742963, 0.667527

170
0.00221019, -0.0106088, -0.0080155
-0.993356, -0.114119, 0.0148842
0.0228915, -0.0691804, 0.997341
-0.112786, 0.991055, 0.0713331

171
-0.0348473, -0.0393622, -0.0233367
-0.989866, 0.137253, -0.0364197
0.141604, 0.973263, -0.18085
0.0106239, -0.184174, -0.982836

172
0.00131665, -0.016794, 0.0165155
-0.994612, -0.103036, 0.0114427
0.0878472, -0.779051, 0.620775
-0.0550478, 0.618436, 0.783905

173
0.0182195, -0.00630524, 0.00928679
-0.961286, -0.270647, 0.0517656
0.181488, -0.480501, 0.85801
-0.207344, 0.834188, 0.511018

174
0.0164507, -0.0234327, -0.0245344
-0.976054, -0.209911, 0.0570643
-0.166853, 0.890761, 0.422736
-0.139567, 0.403091, -0.904455

175
0.0137195, -0.00852416, -0.0121208
-0.977575, -0.203063, 0.0557972
0.0174736, 0.185829, 0.982427
-0.209863, 0.96137, -0.178113

176
-0.0377952, -0.0465389, 0.0182431
-0.985157, 0.17165, 0.00112831
-0.122447, -0.698129, -0.705424
-0.120298, -0.695091, 0.708785

177
0.0585241, 0.0375931, 0.00638859
0.546343, 0.0629709, 0.835191
0.56661, 0.70657, -0.423924
-0.616816, 0.704836, 0.35035

178
0.0517073, -0.0103943, 0.0170154
-0.950855, -0.275945, 0.140459
0.295497, -0.944213, 0.145407
0.0924993, 0.179766, 0.979351

179
0.0351638, -0.00248314, 0.013246
0.907361, 0.419696, 0.0234668
-0.182941, 0.444538, -0.87688
-0.378455, 0.791354, 0.480136

180
-0.0461088, -0.0409837, -0.0219831
0.964376, -0.247062, 0.0945459
-0.253608, -0.761816, 0.596086
-0.0752437, -0.598829, -0.797334

181
-0.0104688, -0.0161824, 0.0128817
-0.999436, -0.0310646, 0.0127834
0.0309288, -0.702462, 0.711049
-0.0131086, 0.711043, 0.703027

182
0.0526291, 0.000809447, 0.00601205
0.937456, 0.263785, -0.227141
-0.315476, 0.367988, -0.874677
-0.147141, 0.891629, 0.428191

183
0.0550237, -0.0379412, -0.0234984
0.904658, 0.31954, -0.281936
0.421331, -0.571613, 0.704087
0.0638253, -0.755746, -0.651747

184
0.0169923, -0.00681556, -0.0161701
-0.961286, -0.270647, 0.0517656
-0.0182834, 0.250094, 0.968049
-0.274946, 0.929625, -0.245361

185
0.0211366, -0.0444421, -0.0216675
-0.976054, -0.209911, 0.0570643
-0.216672, 0.914892, -0.340627
0.0192936, -0.344834, -0.938465

186
-0.0518517, 0.0105413, -0.0109488
0.371186, -0.800306, 0.470883
-0.00837282, -0.509975, -0.860148
0.928521, 0.315333, -0.195997

187
-0.0210709, -0.0349231, -0.0249088
-0.999257, 0.0382825, -0.00440505
0.038181, 0.999046, 0.0211878
0.00521197, 0.0210039, -0.999766

188
-0.0530116, -0.0288982, 0.0234365
0.938158, -0.344921, -0.0298076
0.342402, 0.937131, -0.0674216
0.0511888, 0.0530459, 0.997279

189
0.0354392, -0.0415647, -0.021267
0.953881, 0.281853, -0.103296
0.264011, -0.623931, 0.735533
0.142862, -0.728882, -0.669568

190
-0.0540441, 0.00907578, -0.0118485
0.403294, -0.875526, 0.266096
0.0231899, -0.280921, -0.959451
0.914776, 0.393112, -0.0929904

191
-0.00418103, -0.0112262, -0.0125826
-0.996679, -0.0799241, 0.0155943
-0.0205436, 0.432098, 0.901592
-0.0787973, 0.898278, -0.432305

192
0.0274395, -0.00575705, 0.010307
0.941866, 0.335977, -0.00291367
-0.097062, 0.263777, -0.959688
-0.321665, 0.90418, 0.281053

193
0.00518413, -0.01106, 8.20098e-05
-0.988681, -0.149834, 0.00770275
0.0303551, -0.149491, 0.988297
-0.146929, 0.977344, 0.152347

194
-0.0700256, 0.00328718, 0.0101559
-0.872695, 0.466639, 0.143708
-0.262476, -0.696533, 0.667794
0.411716, 0.54506, 0.730342

195
0.0342717, -0.00268741, 0.00970251
0.93709, 0.346608, 0.0415408
-0.0722542, 0.309002, -0.948313
-0.341529, 0.885653, 0.314606

196
0.0600693, -0.0145134, 0.0162442
-0.977974, -0.206375, 0.0312432
0.207531, -0.945418, 0.25123
-0.0223097, 0.25218, 0.967423

197
0.0754265, -0.0332892, -0.0135662
0.736419, 0.350729, -0.578512
0.590943, 0.0828147, 0.802451
0.329352, -0.932808, -0.146274

198
-0.0431955, -0.011779, 0.0149594
-0.96076, 0.259797, -0.0971868
-0.232073, -0.560967, 0.794643
0.151928, 0.786016, 0.599247

199
0.00193053, -0.0114033, -0.0106745
-0.993728, -0.110852, 0.0147197
-0.00905767, 0.210989, 0.977447
-0.111458, 0.971183, -0.210669

200
0.0288036, -0.0129425, 0.0170213
-0.943367, -0.322428, 0.0780931
0.299371, -0.72594, 0.619183
-0.142951, 0.607496, 0.781353

201
0.0741623, -0.0364756, -0.00338895
0.907277, 0.288355, 0.306104
-0.234125, -0.258306, 0.937264
0.349333, -0.922025, -0.166844

202
0.00392085, -0.0558334, -0.00661039
-0.994582, -0.0996764, 0.0295231
-0.0713151, 0.447565, -0.891403
0.0756383, -0.888679, -0.452249

203
0.0535506, 0.00264855, -0.0200673
-0.700986, -0.711445, -0.0496446
-0.590213, 0.539643, 0.600361
-0.400334, 0.450146, -0.798186

204
0.0376126, -0.00488419, 0.0127857
-0.894152, -0.425241, 0.140221
0.408545, -0.646634, 0.64417
-0.183256, 0.633273, 0.751919

205
-0.0184961, -0.0207338, -0.0247371
-0.999249, 0.0383487, 0.00553259
0.0331528, 0.772344, 0.634338
0.020053, 0.634045, -0.773036

206
0.0406046, -0.0242677, -0.0269185
-0.894152, -0.425241, 0.140221
-0.418466, 0.905031, 0.0761898
-0.159304, 0.00944735, -0.987184

207
-0.0767072, 0.00544724, 0.014853
0.508979, -0.857921, 0.0700857
0.802156, 0.443207, -0.400142
0.312228, 0.259884, 0.913769

208
-0.0417742, -0.0420377, -0.0232298
-0.9764, 0.205752, -0.0656425
0.214894, 0.955867, -0.200346
0.0215238, -0.209725, -0.977524

209
-0.040929, 0.00330724, -0.00310458
-0.670656, 0.741436, 0.0222271
0.0878991, 0.0496827, 0.99489
0.736542, 0.669182, -0.0984915

210
0.0701715, -0.0308297, 0.00736936
0.902378, 0.252775, -0.349024
0.0388548, 0.758884, 0.650066
0.429189, -0.600167, 0.674979

211
0.0219629, -0.0469203, -0.0166509
-0.976054, -0.209911, 0.0570643
-0.192795, 0.713287, -0.673833
0.100742, -0.668699, -0.736677

212
0.018263, -0.0122544, -0.0210098
-0.961286, -0.270647, 0.0517656
-0.122109, 0.586809, 0.800465
-0.24702, 0.763155, -0.59714

213
0.0069717, -0.0491024, 0.014628
-0.993356, -0.114119, 0.0148842
0.0635648, -0.651864, -0.755667
0.0959383, -0.7497, 0.654787

214
0.0365496, -0.000871701, 0.0016512
-0.950816, -0.309718, 0.00494906
0.108577, -0.318277, 0.941759
-0.290105, 0.895977, 0.336251

215
-0.0435786, 0.00190238, 0.00673602
-0.493682, 0.824488, -0.276584
-0.564616, -0.0619852, 0.823023
0.661428, 0.562475, 0.49612

216
-0.0500062, 0.00607489, 0.00100732
0.563047, -0.821374, -0.0912269
-0.0879924, 0.0501767, -0.994857
0.821727, 0.568178, -0.0440229

217
0.00134794, -0.0131756, -0.0143355
-0.993896, -0.105407, 0.032555
0.00833749, 0.222483, 0.974901
-0.110005, 0.969222, -0.220246

218
0.0488998, -0.0299567, 0.0197776
0.909862, 0.410953, 0.0571712
-0.413291, 0.909829, 0.0374463
-0.0366273, -0.0576993, 0.997662

219
-0.0551765, 0.000678959, -0.0250898
0.371186, -0.800306, 0.470883
-0.363065, -0.591828, -0.719669
0.854637, 0.0961702, -0.510242

220
0.0340624, 0.000243402, 0.00706933
0.907361, 0.419696, 0.0234668
-0.0241865, 0.107861, -0.993872
-0.419655, 0.901233, 0.10802

221
-0.010318, -0.0177029, 0.0209781
-0.999436, -0.0310646, 0.0127834
0.0335909, -0.921095, 0.387887
-0.000274845, 0.388097, 0.921618

222
-0.0494099, -0.0494694, -0.0104858
0.964376, -0.247062, 0.0945459
-0.205509, -0.474665, 0.855839
-0.166568, -0.84478, -0.508529

223
0.0507982, 0.00599711, 0.00447982
0.937456, 0.263785, -0.227141
-0.235153, -0.00123472, -0.971957
-0.256668, 0.964581, 0.0608723

224
0.0388874, -0.0401049, 0.0177186
0.951998, 0.305867, 0.0120611
-0.293164, 0.899707, 0.323392
0.0880637, -0.311405, 0.946188

225
-0.0592343, -0.0346106, 0.0189649
0.940297, -0.297807, 0.164782
0.295639, 0.954539, 0.038108
-0.16864, 0.0128833, 0.985593

226
0.0103416, -0.0533809, -0.0154704
-0.989721, -0.1387, 0.0348416
-0.119083, 0.664391, -0.737838
0.0791898, -0.734403, -0.674078

227
0.0252951, -0.00451761, 0.00942224
-0.943367, -0.322428, 0.0780931
0.221878, -0.438202, 0.871062
-0.246634, 0.839059, 0.484925

228
-0.00647279, -0.0514804, 0.0173507
-0.999264, -0.0383017, -0.00194169
0.026516, -0.653432, -0.75652
0.0277073, -0.756015, 0.653967

229
-0.0455002, -0.000639746, -0.00936844
-0.670656, 0.741436, 0.0222271
0.363071, 0.301986, 0.881467
0.646839, 0.599231, -0.471722

230
0.046278, -0.0353795, -0.0244387
-0.894152, -0.425241, 0.140221
-0.447575, 0.839755, -0.307389
0.0129627, -0.337612, -0.941196

231
-0.0427497, -0.0452046, -0.0186462
-0.9764, 0.205752, -0.0656425
0.206773, 0.802848, -0.559178
-0.0623512, -0.559555, -0.826445

232
-0.0881905, -0.00153389, 0.0127913
0.508979, -0.857921, 0.0700857
0.86058, 0.508923, -0.0199991
-0.0185106, 0.0704935, 0.99734

233
0.0485143, 0.00610387, -0.00841519
-0.777449, -0.604067, -0.175149
-0.209686, -0.0136056, 0.977674
-0.592963, 0.796818, -0.116086

234
-0.0477005, -0.0113308, 0.0152125
0.952016, -0.276836, 0.130492
0.242328, 0.421423, -0.873888
0.186931, 0.863577, 0.468287

235
-0.0649926, 0.00107294, 0.000781625
0.888846, -0.302698, 0.343985
0.319418, -0.128911, -0.938805
0.328518, 0.944328, -0.0178947

236
0.0395472, -0.0396519, 0.0157819
0.941866, 0.335977, -0.00291367
-0.260036, 0.73441, 0.626916
0.212769, -0.589713, 0.779082

237
-0.0469924, -0.00623214, 0.000396244
0.940297, -0.297807, 0.164782
0.16864, -0.0128833, -0.985593
0.295639, 0.954539, 0.038108

238
0.00518534, -0.0187611, -0.024124
-0.989721, -0.1387, 0.0348416
-0.0791898, 0.734403, 0.674078
-0.119083, 0.664391, -0.737838

239
-0.0231501, -0.0229686, 0.0221638
-0.998139, 0.0609073, 0.0030309
-0.0604721, -0.994977, 0.0797778
0.00787473, 0.079446, 0.996808

240
0.0021613, -0.0510245, 0.0132273
-0.994866, -0.101128, 0.00378036
0.0295547, -0.326071, -0.944883
0.096787, -0.939921, 0.327386

241
-0.0391773, -0.00928778, 0.0105446
-0.961918, 0.250526, -0.109315
-0.257541, -0.696712, 0.669526
0.0915728, 0.672183, 0.7347

242
-0.0478117, -0.00511871, 0.00524275
-0.953791, 0.297512, -0.0420554
-0.167266, -0.409458, 0.896865
0.249609, 0.862456, 0.440301

243
0.0060916, -0.00983104, -0.00110009
-0.988959, -0.143988, 0.0350494
0.0612475, -0.18177, 0.981432
-0.134943, 0.972742, 0.188582

244
0.0283312, -0.00688559, 0.00849663
0.951998, 0.305867, 0.0120611
-0.0880637, 0.311405, -0.946188
-0.293164, 0.899707, 0.323392

245
0.0579848, -0.00738715, 0.0169412
-0.95555, -0.237045, 0.175313
0.263446, -0.953448, 0.14674
0.132368, 0.186402, 0.973516

246
0.0641649, -0.0304025, 0.0191537
0.869231, 0.376412, 0.320548
-0.494131, 0.639811, 0.588622
0.0164739, -0.670042, 0.742141

247
0.00534846, -0.0518392, -0.0173867
-0.993896, -0.105407, 0.032555
-0.104822, 0.810304, -0.576559
0.0343941, -0.576452, -0.816407

248
-0.058694, -0.0193105, -0.029519
-0.493682, 0.824488, -0.276584
0.827149, 0.54338, 0.143397
0.268519, -0.157983, -0.950231

249
0.0447169, -0.0263726, -0.0251153
-0.950816, -0.309718, 0.00494906
-0.309572, 0.949574, -0.0497401
0.0107059, -0.0488258, -0.99875

250
-0.076939, -0.0147668, 0.0224311
0.563047, -0.821374, -0.0912269
0.79285, 0.505726, 0.340043
-0.233167, -0.26379, 0.935974

251
-0.0208581, -0.0295798, -0.0267511
-0.999257, 0.0382825, -0.00440505
0.0332801, 0.91496, 0.402169
0.0194265, 0.401723, -0.915555

252
-0.0791116, 0.0069834, 0.013577
-0.812598, 0.551253, 0.18922
-0.250205, -0.623172, 0.740982
0.526385, 0.554777, 0.644315

253
0.023642, -0.00325839, -0.00534863
-0.943367, -0.322428, 0.0780931
0.110606, -0.0837522, 0.990329
-0.312769, 0.942882, 0.114671

254
-0.00687364, -0.0412408, 0.0216554
-0.999264, -0.0383017, -0.00194169
0.0351007, -0.893007, -0.448671
0.0154509, -0.448409, 0.893695

255
-0.0204389, -0.0084644, -0.00699971
-0.996107, 0.0867853, -0.0154852
-0.0165126, -0.0111325, 0.999802
0.0865957, 0.996165, 0.0125222

256
-0.0298615, -0.0121343, 0.00951323
-0.988311, 0.152452, -0.000289308
-0.0789954, -0.510485, 0.856251
0.130389, 0.846265, 0.516561

257
-0.0434389, -0.00944928, -0.0227585
0.923017, -0.340762, 0.178665
-0.220265, -0.848714, -0.480799
0.315473, 0.404432, -0.858436

258
-0.000942166, -0.0138274, -0.0191499
-0.993954, -0.109538, 0.00753585
-0.0607548, 0.605865, 0.793245
-0.0914562, 0.787991, -0.608856

259
0.0489894, 0.00478586, -0.020771
0.715213, 0.41451, -0.562718
-0.0487143, -0.773617, -0.631778
-0.697207, 0.479268, -0.533108

260
0.0721327, -0.0409363, 0.00972635
0.921902, 0.168802, 0.348716
-0.386052, 0.324592, 0.863483
0.0325671, -0.93067, 0.364408

261
0.0465567, -0.0363189, -0.0222991
0.931086, 0.32122, -0.172909
0.360662, -0.739354, 0.568576
0.0547968, -0.591754, -0.804254

262
-0.0773003, 0.00285827, 0.0159002
0.438409, -0.889058, 0.131808
0.872048, 0.385274, -0.301821
0.217554, 0.247264, 0.944209

263
0.0675332, -0.0345101, 0.0148432
0.869231, 0.376412, 0.320548
-0.450213, 0.334695, 0.827821
0.204316, -0.863883, 0.460393

264
-0.00581964, -0.0553111, -0.00672877
0.998832, 0.0419216, -0.0240236
0.0350073, -0.285196, 0.95783
0.0333024, -0.957552, -0.28633

265
0.0277864, -0.00694528, -0.0145789
0.941866, 0.335977, -0.00291367
0.158818, -0.452833, -0.877336
-0.296085, 0.82587, -0.479867

266
-0.0252372, -0.00929084, 0.00598928
-0.997168, 0.0733237, -0.016723
-0.0415, -0.351033, 0.935443
0.0627198, 0.933488, 0.353082

267
0.0684919, -0.0150247, -0.0247453
-0.997023, -0.0566134, 0.0523477
-0.0576062, 0.998183, -0.0176536
-0.0512532, -0.0206166, -0.998473

268
0.044255, -0.0310088, 0.0208036
0.93709, 0.346608, 0.0415408
-0.341529, 0.885653, 0.314606
0.0722542, -0.309002, 0.948313

269
0.0553272, 0.00407839, -0.00938505
-0.977974, -0.206375, 0.0312432
-0.0223097, 0.25218, 0.967423
-0.207531, 0.945418, -0.25123

270
0.0478177, -0.00778943, -0.0332515
0.736419, 0.350729, -0.578512
0.329352, -0.932808, -0.146274
-0.590943, -0.0828147, -0.802451

271
-0.0411919, -0.0174052, -0.0198878
-0.96076, 0.259797, -0.0971868
0.151928, 0.786016, 0.599247
0.232073, 0.560967, -0.794643

272
-0.0444573, -0.0054689, 0.00398756
0.952016, -0.276836, 0.130492
0.152347, 0.0588679, -0.986572
0.265436, 0.959112, 0.0982182

273
-0.0606838, -0.000222334, -0.0114918
0.888846, -0.302698, 0.343985
0.169385, -0.480477, -0.860494
0.425747, 0.823113, -0.375798

274
0.00488902, -0.0517311, 0.0124373
-0.994612, -0.103036, 0.0114427
0.0550478, -0.618436, -0.783905
0.0878472, -0.779051, 0.620775

275
-0.0314665, -0.012268, -0.0131154
-0.989866, 0.137253, -0.0364197
-0.0106239, 0.184174, 0.982836
0.141604, 0.973263, -0.18085

276
-0.00261424, -0.0271403, 0.0211339
-0.996545, -0.076306, 0.0328008
0.0800902, -0.987448, 0.136136
0.0220012, 0.138292, 0.990147

277
0.00583274, -0.0420564, 0.0219187
-0.993728, -0.110852, 0.0147197
0.0852174, -0.835921, -0.542193
0.0724079, -0.537538, 0.840125

278
0.017938, -0.0179321, -0.021995
-0.972843, -0.222209, 0.0648016
-0.0966871, 0.644491, 0.758474
-0.210304, 0.731611, -0.648474

279
-0.0637295, -0.00711293, 0.0116627
-0.942282, 0.266691, -0.202438
-0.333924, -0.704313, 0.626448
0.0244884, 0.65789, 0.752716

280
0.00683211, -0.0517299, 0.0165367
-0.993728, -0.110852, 0.0147197
0.0510213, -0.566584, -0.822423
0.0995075, -0.816514, 0.568686

281
-0.0653914, -0.0105991, 0.0148055
-0.942282, 0.266691, -0.202438
-0.317877, -0.902464, 0.290711
-0.105163, 0.338282, 0.93515

282
0.0287909, -0.00949738, 0.0158731
0.941866, 0.335977, -0.00291367
-0.212769, 0.589713, -0.779082
-0.260036, 0.73441, 0.626916

283
-0.0239335, -0.0358767, 0.02357
-0.998139, 0.0609073, 0.0030309
-0.0588824, -0.949641, -0.307757
-0.0158664, -0.307363, 0.95146

284
-0.054905, -0.0288515, -0.0284075
0.83064, -0.39372, 0.393727
-0.45043, -0.89083, 0.0594504
0.327337, -0.226728, -0.917303

285
-0.0692722, 0.00655386, 0.00412352
-0.872695, 0.466639, 0.143708
-0.0849397, -0.434927, 0.896451
0.480821, 0.770121, 0.419194

286
0.00473359, -0.00844167, -0.00681436
-0.988681, -0.149834, 0.00770275
-0.028183, 0.235902, 0.971368
-0.147361, 0.960156, -0.237455

287
-0.0372902, -0.0258871, 0.0213248
-0.978524, 0.206123, 0.00198663
-0.19762, -0.940814, 0.275346
0.0586242, 0.26904, 0.961343

288
-0.0780316, -0.0327029, -0.0253777
-0.548085, 0.587729, -0.595128
0.814875, 0.21474, -0.538391
-0.188631, -0.780039, -0.596622

289
0.0699356, -0.0422039, -0.000223048
-0.989333, -0.121252, -0.0807292
0.0826633, -0.0109983, -0.996517
0.119942, -0.992561, 0.0209041

290
-0.0406733, -0.00712153, -0.000681232
-0.9409, 0.335478, -0.0465006
-0.0883481, -0.110571, 0.989934
0.326959, 0.935537, 0.133675

291
-0.00942541, -0.0263759, -0.0242586
-0.999552, -0.0290718, -0.00712922
-0.0272105, 0.783238, 0.621126
-0.0124733, 0.621042, -0.783678

292
0.00728593, -0.00938094, 0.0129199
-0.987765, -0.154693, 0.0197649
0.126904, -0.723641, 0.678409
-0.0906426, 0.672617, 0.734419

293
-0.0453788, -0.0112217, -0.021598
-0.881652, 0.465971, -0.0745631
0.265714, 0.620776, 0.737586
0.389981, 0.630482, -0.671124

294
-0.0325241, -0.0410979, 0.0229637
-0.992104, 0.125315, 0.00501758
-0.115788, -0.899837, -0.420578
-0.0481898, -0.417839, 0.907242

295
0.0513894, 0.00309295, 0.00176253
0.856634, 0.442834, 0.264719
0.244421, 0.103524, -0.964127
-0.454354, 0.890607, -0.0195555

296
-0.0421794, 0.00179967, -0.00892227
-0.698405, 0.715093, -0.0295286
0.172251, 0.20799, 0.962845
0.694665, 0.667369, -0.268436

297
0.0224971, -0.0470827, -0.0190255
-0.975642, -0.211512, 0.0581778
-0.212792, 0.848064, -0.485291
0.0533063, -0.485851, -0.872415

298
0.0673321, -0.0305558, 0.0229479
0.758029, 0.400069, 0.515108
-0.597872, 0.741854, 0.303648
-0.260654, -0.538143, 0.801537

299
0.0122381, -0.011872, -0.0150655
-0.97668, -0.206389, 0.0591542
-0.00101302, 0.279949, 0.960014
-0.214696, 0.937567, -0.27363

300
-0.0471009, -0.00321874, -0.0140511
-0.698405, 0.715093, -0.0295286
0.424976, 0.447549, 0.786826
0.57587, 0.536975, -0.616468

301
0.0667819, -0.0292081, 0.022711
0.758029, 0.400069, 0.515108
-0.65211, 0.479445, 0.58727
-0.0120174, -0.781074, 0.624322

302
0.0130573, -0.0166113, -0.0180761
