0
0.00636436, 0.00944019, 0.0194921
-0.398532, -0.915865, -0.048611
-0.222524, 0.147976, -0.963632
0.88975, -0.373221, -0.262775

1
-0.0132173, 0.0397643, 0.0322248
0.996819, -0.079326, -0.00771084
0.0158032, 0.291553, -0.956424
0.0781175, 0.95326, 0.291879

2
-0.0151414, 0.00256252, 0.020824
-0.553721, 0.0331319, 0.832043
-0.768609, 0.364089, -0.526004
-0.320365, -0.930775, -0.176138

3
-0.0296156, 0.0412602, 0.0374206
-0.675168, -0.71484, 0.182078
0.52358, -0.290522, 0.800912
-0.519626, 0.636083, 0.570427

4
-0.0252755, 0.009952, 0.0292678
0.0881684, 0.259613, 0.961679
-0.6403, 0.754327, -0.144933
-0.763048, -0.602985, 0.232738

5
-0.0315207, 0.0276094, 0.0345412
-0.420059, -0.758454, -0.498295
0.187331, -0.609732, 0.770152
-0.887951, 0.230163, 0.398206

6
-0.0227683, 0.0221997, 0.0427752
0.491568, 0.817569, 0.299905
-0.637829, 0.572487, -0.515201
-0.592904, 0.0619684, 0.802885

7
-0.00996361, -0.00369269, 0.0181309
-0.658623, -0.152578, 0.736841
-0.672885, 0.557729, -0.485967
-0.33681, -0.815879, -0.470001

8
-0.0197206, 0.00929981, 0.0125819
-0.596397, -0.214497, 0.7735
-0.601117, 0.757957, -0.253296
-0.531949, -0.616029, -0.580981

9
-0.0319681, 0.0319437, 0.0231904
-0.435772, -0.899531, -0.0307513
-0.0753311, 0.00240499, 0.997156
-0.896899, 0.43685, -0.0688107

10
-0.0163609, 0.0499181, 0.015365
-0.213255, 0.254773, 0.943193
0.963965, 0.21202, 0.160682
-0.159038, 0.943471, -0.290807

11
-0.0294497, 0.0264103, 0.0361704
-0.440439, -0.789095, -0.428184
0.298997, -0.578635, 0.758804
-0.846531, 0.206181, 0.49079

12
-0.0331154, 0.0317752, 0.0443778
-0.435772, -0.899531, -0.0307513
0.580936, -0.307199, 0.753752
-0.68747, 0.3106, 0.656439

13
-0.000706284, 0.0116071, 0.0473053
-0.771257, -0.620256, 0.142987
0.286628, -0.538996, -0.79204
0.568337, -0.569882, 0.593487

14
-0.0198834, 0.0160898, 0.0465028
0.569316, 0.683676, 0.456581
-0.709567, 0.689113, -0.1471
-0.415204, -0.240228, 0.877437

15
-0.0154292, 0.00497325, 0.0381132
0.309906, 0.511544, 0.801424
-0.912764, 0.396011, 0.100189
-0.266121, -0.76256, 0.589645

16
-0.0249101, 0.0349139, 0.0527865
0.676675, 0.727775, -0.111601
-0.593679, 0.449659, -0.667347
-0.435497, 0.517832, 0.736338

17
-0.00403162, 0.014238, 0.0445475
0.676675, 0.727775, -0.111601
-0.629537, 0.650491, 0.424905
0.38183, -0.217265, 0.898333

18
-0.00652758, 0.0198327, 0.0476021
0.704031, 0.664258, -0.251199
-0.656052, 0.743768, 0.128079
0.271911, 0.074628, 0.959424

19
-0.0276301, 0.0289574, 0.0490726
-0.435772, -0.899531, -0.0307513
0.799799, -0.402676, 0.445168
-0.412825, 0.169397, 0.894919

20
-0.0260311, 0.00951525, 0.027749
-0.224646, 0.482756, 0.846452
-0.586517, 0.626693, -0.513082
-0.778159, -0.61172, 0.142361

21
-0.00226357, 0.0094114, -0.00513391
-0.765796, -0.642475, -0.0279703
-0.553092, 0.680199, -0.481059
0.328094, -0.352923, -0.876242

22
-0.0215568, 0.0100842, 0.0106211
-0.658623, -0.152578, 0.736841
-0.492774, 0.827498, -0.269113
-0.568674, -0.54034, -0.620196

23
-0.0366383, 0.0337543, 0.0452371
0.60379, 0.744358, 0.285251
-0.204996, 0.490798, -0.846814
-0.770334, 0.452823, 0.448929

24
-0.0060939, 0.030953, 0.011791
0.645712, 0.213314, 0.73318
0.60903, -0.723051, -0.326006
0.460585, 0.657034, -0.596798

25
-0.0283268, 0.0327255, 0.0460524
-0.254145, -0.931791, 0.259184
0.844207, -0.0829565, 0.529559
-0.471937, 0.35339, 0.807707

26
-0.00271384, -0.00711239, 0.0363132
-0.917091, -0.318096, 0.240332
-0.0746513, -0.455147, -0.887281
0.391627, -0.831659, 0.393665

27
-0.0035081, -0.000934138, 0.0382764
0.734033, 0.469858, 0.490336
-0.678549, 0.536881, 0.501328
-0.0276994, -0.700708, 0.71291

28
0.00252317, 0.0183486, 0.0129893
0.183972, 0.886979, 0.423583
0.552545, -0.449727, 0.701741
0.812926, 0.104948, -0.572833

29
-0.0152207, 0.0170993, -0.00172083
0.693866, 0.706215, -0.140746
0.702545, -0.620993, 0.347559
0.158049, -0.34004, -0.927035

30
0.0108204, 0.00132488, 0.0274944
-0.375556, -0.54927, 0.746499
-0.454537, -0.59278, -0.664837
0.807685, -0.588994, -0.0270415

31
0.0057309, 0.00537108, 0.0259813
-0.575804, -0.817416, 0.0167748
0.0287856, -0.0407734, -0.998754
0.817081, -0.574604, 0.0470073

32
-0.0173787, 0.00337805, 0.0331096
-0.878315, 0.184548, -0.441028
0.308638, -0.485627, -0.817869
-0.36511, -0.854464, 0.369575

33
-0.0406816, 0.0357056, 0.0237279
0.0881684, 0.259613, 0.961679
0.459932, 0.845754, -0.270486
-0.883566, 0.466155, -0.0448355

34
0.000325786, -0.00628292, 0.0238002
0.909204, 0.312152, 0.275516
-0.253416, -0.110145, 0.961066
0.330345, -0.943626, -0.0210397

35
-0.0135918, 0.0331005, 0.052367
0.996819, -0.079326, -0.00771084
0.0664119, 0.880215, -0.469905
0.0440629, 0.467898, 0.882684

36
0.00260207, 0.00749583, 0.0392298
-0.632432, -0.772294, 0.0599273
0.444335, -0.425059, -0.7886
0.634504, -0.472109, 0.611979

37
-0.0115445, 0.0384028, 0.0105783
0.473843, 0.414071, 0.777186
0.743701, -0.660781, -0.101376
0.471573, 0.62603, -0.621051

38
0.00509378, 0.0163977, 0.0165545
-0.27251, -0.689628, -0.670933
-0.26709, 0.724139, -0.635835
0.924338, 0.00592787, -0.381528

39
-0.0321505, 0.0266952, 0.0206233
-0.254145, -0.931791, 0.259184
-0.112949, 0.294743, 0.948878
-0.960548, 0.211878, -0.180152

40
-0.0201155, 0.03378, 0.0464012
0.704031, 0.664258, -0.251199
-0.710169, 0.658593, -0.248826
0.000152737, 0.353575, 0.935406

41
-0.00843595, 0.00243439, 0.00885917
0.623821, 0.537864, -0.567054
0.779717, -0.378398, 0.498854
0.0537436, -0.753337, -0.655435

42
-0.0244441, 0.0180756, 0.0405817
0.186268, 0.880688, 0.435536
-0.702946, 0.429165, -0.567172
-0.686419, -0.200512, 0.699016

43
-0.0233738, 0.00444527, -0.00452998
0.704526, 0.536146, -0.464962
0.657175, -0.740191, 0.142263
-0.267887, -0.405789, -0.873826

44
-0.0158785, 0.0251035, 0.0538289
-0.960371, -0.179912, -0.212884
0.182892, -0.983116, 0.00577892
-0.210329, -0.0333849, 0.97706

45
-0.0132122, 0.0417147, 0.0128136
0.996819, -0.079326, -0.00771084
-0.015294, -0.0954372, -0.995318
0.0782187, 0.99227, -0.0963469

46
-0.0151978, 0.00162001, 0.0333518
-0.817122, -0.00243305, -0.576459
0.513743, -0.456685, -0.726296
-0.261493, -0.889625, 0.374418

47
-0.00627873, 0.00515431, 0.040519
0.712686, 0.56923, 0.409947
-0.683714, 0.432969, 0.587429
0.156888, -0.698939, 0.697761

48
-0.0315408, 0.0375086, 0.0409251
-0.356211, -0.870589, 0.339394
0.764794, -0.0629587, 0.641192
-0.536847, 0.487966, 0.688248

49
-0.0362311, 0.0281694, 0.00314789
-0.101074, 0.924317, 0.367997
0.740778, 0.316831, -0.592339
-0.664102, 0.212734, -0.716737

50
-0.021071, 0.0305566, 0.0511923
0.886228, 0.399028, 0.235323
-0.215304, 0.804575, -0.553447
-0.410176, 0.439814, 0.798949

51
-0.00906418, 0.0235458, 0.0540116
-0.771257, -0.620256, 0.142987
0.604552, -0.784095, -0.140398
0.199198, -0.0218399, 0.979716

52
0.00186386, 0.0265795, 0.0253561
-0.329139, 0.501132, 0.800334
0.390531, -0.699436, 0.598561
0.85974, 0.509565, 0.0345041

53
0.00615528, 0.0107257, 0.0220089
-0.308232, -0.941515, -0.136172
-0.104374, 0.175747, -0.978887
0.945568, -0.287511, -0.15244

54
-0.0286134, 0.0346127, 0.0454942
-0.588879, -0.784407, 0.194749
0.696275, -0.370011, 0.615055
-0.410394, 0.497792, 0.764055

55
0.010928, -0.00420116, 0.0176176
-0.757485, -0.61921, -0.206868
-0.013014, 0.331126, -0.943497
0.652722, -0.711993, -0.258882

56
-0.0265956, 0.0475559, 0.0148783
0.473843, 0.414071, 0.777186
0.859329, -0.0245723, -0.510833
-0.192424, 0.909913, -0.367466

57
-0.0301963, 0.0255158, 0.0254174
-0.189527, -0.925876, -0.326855
-0.0284618, -0.327568, 0.944399
-0.981463, 0.188292, 0.0357307

58
-0.0248485, 0.0244761, 0.0447649
-0.00646661, 0.993963, -0.109525
-0.484968, -0.0989016, -0.868922
-0.874508, 0.047497, 0.48268

59
-0.0276888, 0.021905, 0.0378608
0.402324, 0.721763, 0.563199
-0.424151, 0.692129, -0.583998
-0.811314, -0.00392537, 0.584597

60
-0.00181199, 0.0145338, 0.0456623
-0.588879, -0.784407, 0.194749
0.645608, -0.601497, -0.470523
0.486223, -0.151349, 0.860628

61
-0.0172785, 0.0216593, 0.0537736
-0.862017, -0.468327, -0.193899
0.478229, -0.878221, -0.00488291
-0.168, -0.0969375, 0.981009

62
-0.00902575, 0.00835024, 0.0434841
0.886228, 0.399028, 0.235323
-0.461346, 0.714233, 0.526337
0.0419476, -0.57502, 0.817063

63
-0.0360589, 0.030174, 0.00222942
-0.664457, -0.429072, 0.611877
-0.49632, 0.865478, 0.0679372
-0.558716, -0.258545, -0.78803

64
-0.00915486, 0.00862419, 0.0491422
-0.862017, -0.468327, -0.193899
0.456953, -0.552451, -0.697131
0.219366, -0.689541, 0.690226

65
0.000503913, -0.0100112, 0.0241382
0.830324, 0.445847, -0.334339
0.218836, 0.290897, 0.931391
0.512516, -0.846522, 0.143972

66
-0.0106281, 0.00370572, 0.0393183
0.407761, 0.544834, 0.732726
-0.911713, 0.286971, 0.293984
-0.0500986, -0.787911, 0.613748

67
-0.0291905, 0.0137519, 0.0280358
-0.425104, 0.765999, -0.482216
0.0828125, -0.497602, -0.863443
-0.901348, -0.406987, 0.148099

68
-0.0182135, 0.00905861, 0.0423619
-0.889666, 0.00765067, -0.456548
0.250436, -0.82788, -0.501893
-0.381807, -0.560853, 0.734621

69
-0.00822196, 0.000447126, 0.0154496
0.679182, 0.332424, -0.654375
0.731673, -0.236166, 0.639438
0.0580234, -0.913083, -0.403625

70
-0.00813375, 0.0377468, 0.0403689
-0.518638, -0.375501, 0.768123
0.663056, -0.743834, 0.0840695
0.539788, 0.552911, 0.634759

71
-0.00237961, 0.00651126, 0.00845773
0.693866, 0.706215, -0.140746
0.588585, -0.443595, 0.675863
0.41487, -0.5518, -0.723463

72
-0.0311022, 0.0393884, 0.0389687
0.828747, 0.368001, 0.421609
0.197944, 0.511915, -0.835919
-0.523447, 0.77622, 0.351404

73
-0.0139889, 0.0380015, 0.0131409
0.898405, 0.173959, 0.403245
0.434671, -0.483285, -0.759932
0.062685, 0.858006, -0.509801

74
0.00432314, 0.000708376, 0.037238
-0.793143, -0.603048, 0.0851863
-0.011549, -0.124954, -0.992095
0.608925, -0.787858, 0.0921415

75
-0.0103292, 0.00336105, 0.0113679
-0.664457, -0.429072, 0.611877
-0.746023, 0.429166, -0.509182
-0.044121, -0.794804, -0.60526

76
-0.0118197, 0.000415398, 0.0204199
0.262169, -0.214086, 0.940975
-0.955683, 0.0777291, 0.283951
-0.133931, -0.973717, -0.18422

77
-0.0257663, 0.0283032, 0.0500508
0.71454, 0.673667, 0.188691
-0.44867, 0.648216, -0.615232
-0.536775, 0.354948, 0.765431

78
0.0002829, -0.00916065, 0.0324926
0.855092, 0.357411, -0.375599
0.110434, 0.582253, 0.805472
0.506578, -0.730232, 0.45841

79
-0.0261891, 0.0152409, 0.0394155
-0.555032, -0.267003, -0.787813
0.414291, -0.909994, 0.0165349
-0.72132, -0.317206, 0.615693

80
-0.0219917, 0.0367506, 0.0479863
-0.675168, -0.71484, 0.182078
0.682578, -0.511825, 0.521654
-0.279707, 0.476486, 0.833502

81
-0.0322517, 0.0171087, 0.0285561
-0.0944365, 0.820229, 0.564186
-0.254047, 0.5281, -0.810291
-0.962571, -0.219851, 0.158505

82
-0.00798814, 0.0104315, -0.00341599
-0.675168, -0.71484, 0.182078
-0.737659, 0.655208, -0.162978
-0.00279582, -0.244349, -0.969683

83
-0.0173189, 0.00450573, 0.0125675
-0.510315, -0.302935, 0.804866
-0.779195, 0.558914, -0.283674
-0.363916, -0.771911, -0.521267

84
-0.00888082, 0.0380232, 0.0137718
-0.329139, 0.501132, 0.800334
0.689812, -0.451192, 0.566202
0.644846, 0.738439, -0.197182

85
-0.0287085, 0.036464, 0.0424825
-0.159697, -0.845937, 0.50881
0.776013, 0.211004, 0.594374
-0.610164, 0.489763, 0.622761

86
-0.0188762, 0.00676187, 0.0551945
-0.521817, 0.813442, 0.256943
-0.840606, -0.439045, -0.317207
-0.14522, -0.381512, 0.912885

87
-0.0279497, 0.0197964, 0.0408956
-0.469641, -0.598522, -0.649005
0.455081, -0.794049, 0.402973
-0.75653, -0.106098, 0.645295

88
-0.0301018, 0.0270934, 0.048783
0.60379, 0.744358, 0.285251
-0.484186, 0.626726, -0.610556
-0.633247, 0.230533, 0.738818

89
-0.00171224, 0.0181313, 0.0443984
-0.517687, -0.767995, 0.377072
0.656854, -0.639167, -0.40001
0.548218, 0.0406015, 0.835349

90
-0.0288883, 0.0326944, 0.0431702
-0.618691, 0.162503, -0.768645
-0.126996, -0.986193, -0.106276
-0.775302, 0.0318623, 0.630786

91
-0.0230781, 0.0114347, 0.00863201
-0.603679, -0.285736, 0.744263
-0.525977, 0.844302, -0.102481
-0.5991, -0.453331, -0.659978

92
-0.0200559, 0.0338977, 3.72791e-05
0.880335, 0.474351, -0.00104961
0.429608, -0.798233, -0.422209
-0.201113, 0.371235, -0.906498

93
-0.0333465, 0.034287, 0.0471238
0.712686, 0.56923, 0.409947
-0.156888, 0.698939, -0.697761
-0.683714, 0.432969, 0.587429

94
-0.00225528, 0.0256946, 0.043478
-0.59119, -0.473996, 0.652551
0.60145, -0.798149, -0.0348613
0.537357, 0.371867, 0.756943

95
0.00702903, -0.00185571, 0.0156911
-0.517687, -0.767995, 0.377072
-0.548218, -0.0406015, -0.835349
0.656854, -0.639167, -0.40001

96
0.0013281, 0.0232142, 0.038825
-0.375556, -0.54927, 0.746499
0.57226, -0.771007, -0.279405
0.729025, 0.322259, 0.603881

97
-0.0298484, 0.0362015, 0.042574
-0.517687, -0.767995, 0.377072
0.757855, -0.207088, 0.618685
-0.39706, 0.606051, 0.689235

98
-0.0251372, 0.0382593, 0.0441717
0.704031, 0.664258, -0.251199
-0.502273, 0.215681, -0.837379
-0.502057, 0.715711, 0.485485

99
-0.0299959, 0.0303271, 0.042532
-0.435772, -0.899531, -0.0307513
0.273632, -0.164953, 0.947584
-0.857454, 0.404517, 0.318022

100
-0.0291203, 0.019408, 0.0121011
-0.202315, -0.841549, 0.500863
-0.503553, 0.528044, 0.683816
-0.839942, -0.113865, -0.530595

101
-0.0143308, 0.0189958, -0.00559139
-0.00646661, 0.993963, -0.109525
0.993529, -0.00603351, -0.113416
-0.113392, -0.10955, -0.987492

102
-0.0192983, 0.0260568, 0.0519197
0.909204, 0.312152, 0.275516
-0.208221, 0.913947, -0.348346
-0.360544, 0.25935, 0.895961

103
0.00324205, 0.00418622, 0.00333226
-0.632432, -0.772294, 0.0599273
-0.634504, 0.472109, -0.611979
0.444335, -0.425059, -0.7886

104
-0.00831733, 0.0114674, -0.00428867
-0.793143, -0.603048, 0.0851863
-0.608925, 0.787858, -0.0921415
-0.011549, -0.124954, -0.992095

105
0.00246951, 0.00480854, 0.0132569
-0.680787, -0.732478, -0.00203346
-0.370527, 0.346771, -0.861661
0.631853, -0.585854, -0.507481

106
0.00336319, 0.0289478, 0.0254891
-0.213255, 0.254773, 0.943193
0.515826, -0.790517, 0.330161
0.829727, 0.556932, 0.0371635

107
-0.00220245, 0.00634288, 0.00053892
0.898405, 0.173959, 0.403245
-0.062685, -0.858006, 0.509801
0.434671, -0.483285, -0.759932

108
-0.0174938, 0.0182548, 0.0545996
0.71454, 0.673667, 0.188691
-0.619932, 0.734707, -0.275482
-0.324216, 0.0798674, 0.942605

109
-0.0110628, 0.00962903, -0.000489317
-0.762182, -0.589123, 0.268351
-0.601711, 0.797608, 0.0420178
-0.238793, -0.129445, -0.962404

110
0.00432314, 0.000708376, 0.037238
-0.793143, -0.603048, 0.0851863
-0.011549, -0.124954, -0.992095
0.608925, -0.787858, 0.0921415

111
-0.0300961, 0.0345553, 0.0440713
0.734033, 0.469858, 0.490336
0.0276994, 0.700708, -0.71291
-0.678549, 0.536881, 0.501328

112
-0.017771, 0.0214411, 0.00231366
0.818796, 0.542406, -0.188067
0.51535, -0.838812, -0.175523
-0.252958, 0.0467977, -0.966345

113
-0.0417839, 0.0306801, 0.0356841
0.397857, 0.648545, 0.648922
0.0534901, 0.689712, -0.722106
-0.915887, 0.322005, 0.239716

114
-0.0162883, 0.00973771, 0.00103634
-0.202315, -0.841549, 0.500863
-0.786654, 0.444274, 0.428714
-0.583304, -0.307271, -0.751891

115
-0.00274246, 0.00238065, 0.0487686
-0.917091, -0.318096, 0.240332
0.0809004, -0.738763, -0.669092
0.390384, -0.594175, 0.703247

116
-0.0111433, 0.0265544, 0.00174225
0.183972, 0.886979, 0.423583
0.821578, -0.375331, 0.429111
0.539596, 0.269062, -0.797773

117
0.00320582, -0.00626136, 0.0333304
0.734033, 0.469858, 0.490336
-0.637498, 0.227864, 0.735985
0.234079, -0.852825, 0.466793

118
-0.03665, 0.0182318, 0.00588617
-0.553721, 0.0331319, 0.832043
0.00184494, 0.999254, -0.0385624
-0.8327, -0.0198178, -0.553369

119
-0.0205812, 0.0355729, 0.0498369
0.704031, 0.664258, -0.251199
-0.656169, 0.473154, -0.58785
-0.271629, 0.578694, 0.768981

120
0.00261501, 0.00346289, 0.0298914
-0.771257, -0.620256, 0.142987
0.047317, -0.279883, -0.958867
0.634763, -0.732767, 0.24521

121
-0.0244584, 0.0386064, 0.0178844
-0.825505, -0.55455, -0.104952
-0.248575, 0.190287, 0.949738
-0.506706, 0.810102, -0.29493

122
-0.0189063, 0.00178024, 0.0225599
-0.866401, 0.462635, -0.187932
0.204255, -0.0150921, -0.978801
-0.455664, -0.88642, -0.0814195

123
-0.0260283, 0.0391024, 0.00754169
0.829429, 0.5544, -0.0684708
0.377764, -0.646972, -0.66236
-0.411511, 0.523515, -0.74605

124
0.000538342, -0.00394811, 0.00265415
-0.762182, -0.589123, 0.268351
-0.594326, 0.472463, -0.650812
0.256622, -0.655525, -0.710234

125
-0.0265853, 0.0452634, 0.0336524
-0.762182, -0.589123, 0.268351
0.45088, -0.18564, 0.873066
-0.464526, 0.78643, 0.407116

126
-0.027428, 0.0375266, 0.0432275
-0.202315, -0.841549, 0.500863
0.839942, 0.113865, 0.530595
-0.503553, 0.528044, 0.683816

127
-0.0084033, 0.00584485, 0.0388659
0.909204, 0.312152, 0.275516
-0.412782, 0.58936, 0.694454
0.0543967, -0.745128, 0.664699

128
-0.00346637, 0.00199681, 0.0072073
-0.566892, -0.638454, 0.520587
-0.8192, 0.503537, -0.274522
-0.0868648, -0.582089, -0.808472

129
-0.0218946, 0.0159222, 0.0473523
-0.878315, 0.184548, -0.441028
0.145423, -0.77565, -0.614182
-0.455429, -0.603581, 0.654427

130
-0.0261861, 0.0371785, 0.0117308
0.631844, 0.677458, 0.376596
0.753604, -0.423314, -0.502878
-0.18126, 0.601545, -0.778003

131
-0.0237051, 0.0412776, 0.0429329
0.886228, 0.399028, 0.235323
-0.0419476, 0.57502, -0.817063
-0.461346, 0.714233, 0.526337

132
0.00249884, 0.0214098, 0.0395616
-0.518638, -0.375501, 0.768123
0.406016, -0.898802, -0.165242
0.752439, 0.22617, 0.618613

133
-0.0224961, 0.00158587, 0.0296275
0.849573, -0.516329, 0.107841
0.00336272, 0.209746, 0.97775
-0.52746, -0.830308, 0.179931

134
0.00822337, -0.00129942, 0.0175307
0.676675, 0.727775, -0.111601
0.111852, 0.0482052, 0.992555
0.727737, -0.684119, -0.0487836

135
-0.0354709, 0.0386092, 0.0247348
0.631844, 0.677458, 0.376596
0.404708, 0.126028, -0.90572
-0.661049, 0.724685, -0.194543

136
-0.0420535, 0.0340848, 0.0298269
0.309906, 0.511544, 0.801424
0.266121, 0.76256, -0.589645
-0.912764, 0.396011, 0.100189

137
-0.00759897, 0.00349897, 0.0389499
0.784308, 0.419614, 0.45693
-0.616354, 0.443382, 0.650784
0.0704832, -0.792046, 0.606379

138
0.00448508, -0.00462404, 0.0231211
0.829429, 0.5544, -0.0684708
0.0238625, 0.0872973, 0.995896
0.558102, -0.827659, 0.0591776

139
-0.0307996, 0.0224029, 0.0263017
-0.00646661, 0.993963, -0.109525
-0.113392, -0.10955, -0.987492
-0.993529, 0.00603351, 0.113416

140
-0.0272559, 0.0378023, 0.0441362
-0.825505, -0.55455, -0.104952
0.37301, -0.675617, 0.635929
-0.423561, 0.485815, 0.764578

141
-0.000607884, 0.00144495, 0.00375392
-0.771257, -0.620256, 0.142987
-0.568337, 0.569882, -0.593487
0.286628, -0.538996, -0.79204

142
-0.0380896, 0.0187981, 0.0452943
0.397857, 0.648545, 0.648922
-0.301076, 0.760437, -0.575404
-0.866639, 0.0335531, 0.497806

143
-0.00918742, 0.00907244, 0.052262
0.186268, 0.880688, 0.435536
-0.982429, 0.161682, 0.0932276
0.011686, -0.445249, 0.89533

144
-0.0211621, 0.0122597, 0.0472479
-0.101074, 0.924317, 0.367997
-0.664102, 0.212734, -0.716737
-0.740778, -0.316831, 0.592339

145
-0.0281188, 0.014402, 0.0435746
0.397857, 0.648545, 0.648922
-0.825699, 0.561435, -0.0548696
-0.399913, -0.513984, 0.758874

146
-0.00966466, 0.041954, 0.0190303
-0.213255, 0.254773, 0.943193
0.794083, -0.517214, 0.319251
0.569169, 0.817056, -0.0920126

147
0.00322879, 0.0224704, 0.035164
-0.231417, -0.576858, 0.783378
0.512302, -0.756803, -0.40595
0.827039, 0.307383, 0.470662

148
-0.0195002, 0.0422873, 0.0203003
0.645712, 0.213314, 0.73318
0.738928, -0.416576, -0.529575
0.192459, 0.88372, -0.426612

149
-0.0281735, 0.0163925, 0.0171049
0.0570265, -0.843496, 0.5341
-0.469652, 0.449417, 0.759902
-0.881008, -0.294176, -0.370521

150
-0.00384975, 0.030587, 0.0401245
-0.533006, -0.360658, 0.765396
0.678533, -0.722609, 0.13202
0.505468, 0.589714, 0.629873

151
-0.0323452, 0.0267755, 0.0284218
-0.21504, -0.97658, 0.00700228
0.153663, -0.0267538, 0.987761
-0.96444, 0.213485, 0.155818

152
-0.00748062, 0.0314523, 0.0477535
0.894772, 0.166207, -0.414438
-0.426303, 0.594116, -0.682123
0.13285, 0.787021, 0.602453

153
-0.0300098, 0.047595, 0.0316273
-0.496739, -0.386685, 0.776998
0.809557, 0.116263, 0.575414
-0.31284, 0.914854, 0.255291

154
-0.00326184, 0.00616452, 0.0067464
0.712228, 0.677733, -0.182781
0.615638, -0.478009, 0.626496
0.337226, -0.558735, -0.75769

155
-0.0237642, 0.010756, 0.00651292
0.731186, 0.103784, -0.674238
0.571289, -0.633312, 0.522058
-0.372822, -0.766906, -0.52236

156
0.0118689, 0.00902178, 0.0450745
-0.494899, 0.374269, 0.784218
-0.490961, -0.865069, 0.103023
0.716961, -0.334034, 0.611873

157
-0.0276488, 0.0217227, 0.0546644
0.712686, 0.56923, 0.409947
-0.406592, 0.811425, -0.419848
-0.571631, 0.132539, 0.809735

158
-0.0397421, 0.0314721, 0.0115875
-0.224646, 0.482756, 0.846452
0.494475, 0.804981, -0.327872
-0.83966, 0.344894, -0.419546

159
0.00701006, 0.0121246, 0.0165662
-0.327955, -0.892634, -0.309273
-0.278645, 0.404217, -0.871186
0.902664, -0.199533, -0.381293

160
0.00393683, 0.0103795, 0.0399829
-0.5636, -0.775695, 0.283994
0.402774, -0.558216, -0.725375
0.721199, -0.294436, 0.62704

161
0.00110446, 0.000896495, 0.010611
-0.771257, -0.620256, 0.142987
-0.199198, 0.0218399, -0.979716
0.604552, -0.784095, -0.140398

162
-0.0272862, 0.0391641, 0.0371794
-0.825505, -0.55455, -0.104952
-0.0357452, -0.134211, 0.990308
-0.563261, 0.821256, 0.090969

163
-0.00174813, 0.00854163, 0.0501537
0.186268, 0.880688, 0.435536
-0.903174, -0.0210148, 0.428759
0.386756, -0.47323, 0.791501

164
-0.027252, 0.0326925, 0.0125482
-0.675168, -0.71484, 0.182078
-0.279707, 0.476486, 0.833502
-0.682578, 0.511825, -0.521654

165
-0.0257015, 0.0138761, 0.0140819
0.0174092, -0.784938, 0.61933
-0.63591, 0.469307, 0.612674
-0.771567, -0.404504, -0.490979

166
-0.0217816, 0.0281129, 0.0522751
-0.825505, -0.55455, -0.104952
0.506706, -0.810102, 0.29493
-0.248575, 0.190287, 0.949738

167
-0.00866074, 0.00972175, -0.00377881
-0.771257, -0.620256, 0.142987
-0.634763, 0.732767, -0.24521
0.047317, -0.279883, -0.958867

168
-0.0175306, 0.0275115, 0.0492587
0.676675, 0.727775, -0.111601
-0.727737, 0.684119, 0.0487836
0.111852, 0.0482052, 0.992555

169
-0.0152106, 0.00516245, 0.0118087
0.744703, 0.234323, -0.624909
0.613926, -0.607743, 0.503729
-0.261749, -0.758776, -0.596445

170
-0.0132484, 0.0177568, 0.0570185
-0.728428, -0.68005, -0.0832132
0.674048, -0.689598, -0.264789
0.122686, -0.248969, 0.960709

171
-0.0389256, 0.0252338, 0.00666973
-0.510315, -0.302935, 0.804866
0.0380293, 0.927039, 0.37303
-0.859147, 0.220971, -0.461561

172
-0.0287327, 0.00952009, 0.0264451
-0.521817, 0.813442, 0.256943
-0.18752, 0.184455, -0.964786
-0.832192, -0.551623, 0.0562846

173
-0.0274993, 0.0326414, 0.0463458
0.784308, 0.419614, 0.45693
-0.0704832, 0.792046, -0.606379
-0.616354, 0.443382, 0.650784

174
-0.0286288, 0.0130716, 0.0114297
-0.553721, 0.0331319, 0.832043
-0.587504, 0.692566, -0.418559
-0.590113, -0.720593, -0.364023

175
-0.0120932, 0.0101625, 0.0493795
-0.960371, -0.179912, -0.212884
0.27805, -0.671561, -0.6868
-0.0194009, -0.718775, 0.694972

176
-0.0185133, 0.0238088, 0.0536476
-0.728428, -0.68005, -0.0832132
0.669689, -0.732382, 0.123015
-0.1446, 0.0338804, 0.98891

177
-0.00766972, 0.0300292, 0.0480304
-0.409463, -0.732268, 0.544172
0.728604, -0.62144, -0.288006
0.549068, 0.278558, 0.787991

178
0.00715439, 0.000403131, 0.0316755
-0.680787, -0.732478, -0.00203346
-0.100523, 0.0961781, -0.990275
0.725551, -0.673963, -0.139108

179
-0.0227462, 0.00672224, 0.0524283
-0.866401, 0.462635, -0.187932
-0.342814, -0.824721, -0.449793
-0.363082, -0.325275, 0.873137

180
-0.0347269, 0.0308289, 0.0429414
0.569316, 0.683676, 0.456581
-0.208146, 0.657144, -0.724457
-0.795333, 0.31741, 0.516426

181
-0.00868839, 0.0065181, -0.00391413
-0.785963, -0.582355, 0.207665
-0.616848, 0.715803, -0.327298
0.0419557, -0.385342, -0.92182

182
0.0112594, -0.00803306, 0.0303268
-0.496739, -0.386685, 0.776998
-0.0207776, -0.889707, -0.456059
0.867651, -0.242686, 0.433918

183
-0.0145615, 0.0405568, 0.0380007
-0.496739, -0.386685, 0.776998
0.793654, -0.564689, 0.226361
0.351232, 0.72911, 0.587397

184
-0.0253628, 0.0192492, 0.000571323
-0.356211, -0.870589, 0.339394
-0.536847, 0.487966, 0.688248
-0.764794, 0.0629587, -0.641192

185
0.0081462, -0.0036791, 0.0277071
0.712686, 0.56923, 0.409947
-0.372522, -0.188069, 0.908767
0.594396, -0.800379, 0.0780164

186
-0.0112953, 0.00898292, 0.00225838
-0.159697, -0.845937, 0.50881
-0.860685, 0.371735, 0.347899
-0.483443, -0.382367, -0.787451

187
-0.0259238, 0.017551, 0.0119122
-0.159697, -0.845937, 0.50881
-0.610164, 0.489763, 0.622761
-0.776013, -0.211004, -0.594374

188
-0.0415506, 0.0207516, 0.038143
0.309906, 0.511544, 0.801424
-0.103435, 0.85606, -0.50642
-0.945124, 0.0740471, 0.31821

189
-0.000712428, 0.0269769, 0.0400963
-0.496739, -0.386685, 0.776998
0.59883, -0.800723, -0.0156565
0.628214, 0.457513, 0.629309

190
0.00178458, 0.0013161, 0.0179044
-0.793143, -0.603048, 0.0851863
-0.243696, 0.186058, -0.951838
0.558154, -0.775703, -0.294531

191
0.00935511, 0.0203901, 0.0324644
-0.294886, 0.036874, 0.954821
0.474199, -0.861876, 0.179735
0.829565, 0.505776, 0.236669

192
-0.0133932, 0.0140937, 0.0473385
0.60379, 0.744358, 0.285251
-0.790144, 0.606174, 0.090695
-0.105402, -0.28015, 0.954152

193
-0.0161754, 0.0113378, 0.00538926
0.71388, 0.489168, -0.501089
0.641395, -0.743939, 0.18753
-0.281046, -0.45527, -0.844833

194
0.00178458, 0.0013161, 0.0179044
-0.793143, -0.603048, 0.0851863
-0.243696, 0.186058, -0.951838
0.558154, -0.775703, -0.294531

195
-0.0232287, 0.0239163, -0.00523514
0.712228, 0.677733, -0.182781
0.673776, -0.733089, -0.0927684
-0.196867, -0.0570814, -0.978767

196
-0.0301428, 0.034934, 0.00809219
-0.658623, -0.152578, 0.736841
0.33681, 0.815879, 0.470001
-0.672885, 0.557729, -0.485967

197
-0.00754661, 0.0112321, 0.0057588
0.829429, 0.5544, -0.0684708
0.524751, -0.73125, 0.435786
0.19153, -0.397384, -0.897442

198
-0.00669909, 4.84279e-05, 0.0335931
-0.960371, -0.179912, -0.212884
0.264309, -0.345379, -0.900475
0.0884809, -0.921057, 0.379244

199
0.0112426, 0.000266704, 0.0276719
-0.588879, -0.784407, 0.194749
-0.202148, -0.0903544, -0.975178
0.782533, -0.61363, -0.105359

200
-0.0236544, 0.0238609, -0.000228719
0.700623, 0.655197, -0.282568
0.668068, -0.74145, -0.0627538
-0.250626, -0.144808, -0.957192

201
-0.023778, 0.0408561, 0.0433009
-0.955908, -0.260738, -0.135116
0.0693256, -0.64745, 0.758948
-0.285367, 0.716117, 0.636978

202
-0.0355971, 0.0465857, 0.0233437
-0.438276, -0.240618, 0.866035
0.896151, -0.0424974, 0.441709
-0.0694788, 0.969689, 0.234255

203
-0.0110767, 0.0267892, 0.00506969
0.631844, 0.677458, 0.376596
0.765604, -0.621293, -0.16687
0.120929, 0.393759, -0.911224

204
-0.0145615, 0.0405568, 0.0380007
-0.496739, -0.386685, 0.776998
0.793654, -0.564689, 0.226361
0.351232, 0.72911, 0.587397

205
-0.0100695, -0.0105385, 0.036796
-0.555032, -0.267003, -0.787813
0.824955, -0.0551795, -0.562498
0.106717, -0.962115, 0.250892

206
0.00648524, 0.00466198, 0.0073558
-0.757485, -0.61921, -0.206868
-0.261809, 0.578389, -0.772608
0.598057, -0.531079, -0.600236

207
0.00127474, 0.0316708, 0.0275796
-0.494899, 0.374269, 0.784218
0.474503, -0.639655, 0.604722
0.727957, 0.67139, 0.138973

208
0.00149518, 0.0115752, 0.0462684
-0.3871, -0.92203, 0.00385228
0.471497, -0.201538, -0.85853
0.792366, -0.33052, 0.512749

209
-0.0105751, 0.0413547, 0.0154798
-0.494899, 0.374269, 0.784218
0.716961, -0.334034, 0.611873
0.490961, 0.865069, -0.103023

210
-0.000978264, -0.0122868, 0.0309835
-0.555032, -0.267003, -0.787813
0.802998, -0.419165, -0.423668
-0.217103, -0.867762, 0.447052

211
0.010928, -0.00420116, 0.0176176
-0.757485, -0.61921, -0.206868
-0.013014, 0.331126, -0.943497
0.652722, -0.711993, -0.258882

212
-0.00836158, 0.015883, 0.054484
-0.575804, -0.817416, 0.0167748
0.7659, -0.546468, -0.338777
0.286089, -0.182222, 0.940717

213
0.00134959, 0.0102516, -0.00148805
-0.862017, -0.468327, -0.193899
-0.377536, 0.848467, -0.370905
0.338222, -0.246522, -0.908203

214
-0.0287698, 0.0452608, 0.0231261
0.818796, 0.542406, -0.188067
-0.0364864, -0.277764, -0.959956
-0.572924, 0.79287, -0.207642

215
-0.00831486, 0.0174258, 0.0519899
-0.632432, -0.772294, 0.0599273
0.653327, -0.573372, -0.494378
0.416165, -0.273508, 0.867179

216
0.000764027, 0.00834098, 0.000210402
-0.575804, -0.817416, 0.0167748
-0.743868, 0.515261, -0.425636
0.339278, -0.257561, -0.904739

217
0.00760726, 0.00374701, 0.0352917
-0.605906, -0.793672, 0.0544325
-0.0384289, -0.0391425, -0.998494
0.794608, -0.607085, -0.00678325

218
0.0023505, -0.00373463, 0.0101357
-0.409463, -0.732268, 0.544172
-0.786098, -0.0195392, -0.617793
0.463023, -0.680736, -0.567634

219
-0.00444068, -0.00624746, 0.0424689
-0.224646, 0.482756, 0.846452
-0.943376, -0.325331, -0.0648232
0.244083, -0.813084, 0.528505

220
-0.0188105, 0.013847, 0.00503161
-0.566892, -0.638454, 0.520587
-0.7236, 0.687963, 0.0557634
-0.393747, -0.345085, -0.851986

221
-0.0107338, -0.00299491, 0.0131048
-0.603679, -0.285736, 0.744263
-0.715205, 0.606551, -0.347243
-0.352213, -0.741923, -0.570522

222
-0.0230324, 0.0394317, 0.00457424
0.880335, 0.474351, -0.00104961
0.319943, -0.595406, -0.736972
-0.350208, 0.648447, -0.675922

223
-0.031788, 0.0334645, 0.045667
-0.618691, 0.162503, -0.768645
-0.414024, -0.898931, 0.143205
-0.667687, 0.406837, 0.62344

224
0.00506959, -0.00434735, 0.0234306
-0.510315, -0.302935, 0.804866
-0.634399, -0.499265, -0.590146
0.580618, -0.811766, 0.0626007

225
-0.00651481, 0.0221811, 0.0514758
-0.5636, -0.775695, 0.283994
0.648105, -0.6284, -0.430201
0.512166, -0.0584036, 0.856898

226
-0.0213876, 0.00809482, 0.0557021
-0.420059, -0.758454, -0.498295
0.892048, -0.445977, -0.0731697
-0.166733, -0.475239, 0.863914

227
-0.0263532, 0.0284568, 0.000384925
0.693866, 0.706215, -0.140746
0.608532, -0.679553, -0.409751
-0.385017, 0.198664, -0.901274

228
-0.017578, 0.0281462, 0.0531097
0.676675, 0.727775, -0.111601
-0.715145, 0.613597, -0.334764
-0.175155, 0.306337, 0.93567

229
-0.0183163, 0.0267364, 0.000836078
0.829429, 0.5544, -0.0684708
0.558102, -0.827659, 0.0591776
-0.0238625, -0.0872973, -0.995896

230
-0.0300451, 0.0381349, 0.0112614
0.491568, 0.817569, 0.299905
0.592904, -0.0619684, -0.802885
-0.637829, 0.572487, -0.515201

231
-0.0268754, 0.0458304, 0.0187571
-0.603679, -0.285736, 0.744263
0.5991, 0.453331, 0.659978
-0.525977, 0.844302, -0.102481

232
-0.019097, -0.0123216, 0.0257721
-0.618691, 0.162503, -0.768645
0.775302, -0.0318623, -0.630786
-0.126996, -0.986193, -0.106276

233
-0.0195593, 0.0315103, 0.05107
-0.5636, -0.775695, 0.283994
0.820436, -0.485643, 0.30172
-0.0961234, 0.403048, 0.910117

234
0.00617432, -0.000337747, 0.0331118
-0.785963, -0.582355, 0.207665
-0.197296, -0.0820833, -0.976902
0.585949, -0.80878, -0.0503816

235
-0.026669, 0.037313, 0.00935008
0.818796, 0.542406, -0.188067
0.379319, -0.757053, -0.531967
-0.430918, 0.364235, -0.825616

236
-0.0378116, 0.0163309, 0.0450582
0.407761, 0.544834, 0.732726
-0.302612, 0.837754, -0.454526
-0.861485, -0.0363936, 0.506477

237
-0.00762383, 0.0381599, -0.000648727
-0.27251, -0.689628, -0.670933
-0.956188, 0.271639, 0.109162
0.10697, 0.671286, -0.733439

238
-0.000712428, 0.0269769, 0.0400963
-0.496739, -0.386685, 0.776998
0.59883, -0.800723, -0.0156565
0.628214, 0.457513, 0.629309

239
0.000169099, 0.00116989, 0.0146114
-0.785963, -0.582355, 0.207665
-0.40651, 0.233672, -0.883259
0.465845, -0.778627, -0.420391

240
-0.0291879, 0.0202838, 0.00697518
-0.00646661, 0.993963, -0.109525
0.275447, -0.103519, -0.955726
-0.961295, -0.0363485, -0.273114

241
-0.00366547, 0.0056528, -0.00213916
-0.793143, -0.603048, 0.0851863
-0.566993, 0.680068, -0.464786
0.222356, -0.416942, -0.881316

242
-0.0256314, 0.0436437, 0.0245007
0.828747, 0.368001, 0.421609
0.510101, -0.186892, -0.839565
-0.230166, 0.910849, -0.342604

243
-0.00124635, 0.000677902, 0.0331761
-0.862017, -0.468327, -0.193899
0.338222, -0.246522, -0.908203
0.377536, -0.848467, 0.370905

244
-0.0107976, 0.00561568, 0.0417362
0.397857, 0.648545, 0.648922
-0.915887, 0.322005, 0.239716
-0.0534901, -0.689712, 0.722106

245
0.00972014, -0.000939685, 0.0307222
0.693866, 0.706215, -0.140746
-0.158049, 0.34004, 0.927035
0.702545, -0.620993, 0.347559

246
-0.0102169, 0.0338079, -0.00325933
-0.658794, -0.681065, -0.319596
-0.74416, 0.527509, 0.409829
-0.110531, 0.507823, -0.854341

247
-0.0250121, 0.0292674, 0.0489986
-0.425104, 0.765999, -0.482216
-0.801046, -0.566431, -0.1936
-0.42144, 0.303977, 0.854392

248
-0.0338708, 0.0215167, -0.000468159
0.679182, 0.332424, -0.654375
0.333606, -0.933955, -0.128199
-0.653773, -0.131233, -0.745224

249
-0.0303421, 0.0474502, 0.033835
-0.59119, -0.473996, 0.652551
0.726618, 0.0381217, 0.685983
-0.35003, 0.879701, 0.321877

250
-0.0318813, 0.0154529, 0.037786
0.309906, 0.511544, 0.801424
-0.741443, 0.657685, -0.133085
-0.595164, -0.552967, 0.583102

251
-0.0276006, 0.0396518, 0.0436047
-0.618691, 0.162503, -0.768645
-0.638021, -0.674814, 0.370884
-0.458422, 0.719874, 0.521182

252
-0.00831733, 0.0114674, -0.00428867
-0.793143, -0.603048, 0.0851863
-0.608925, 0.787858, -0.0921415
-0.011549, -0.124954, -0.992095

253
-0.000689617, 0.00469044, 0.0393925
0.71454, 0.673667, 0.188691
-0.536775, 0.354948, 0.765431
0.44867, -0.648216, 0.615232

254
-0.0349895, 0.037882, 0.0309763
0.60379, 0.744358, 0.285251
0.105402, 0.28015, -0.954152
-0.790144, 0.606174, 0.090695

255
-0.00287793, -0.000253803, 0.00458374
0.818796, 0.542406, -0.188067
0.430918, -0.364235, 0.825616
0.379319, -0.757053, -0.531967

256
-0.0227669, 0.03989, 0.0499398
-0.409463, -0.732268, 0.544172
0.903451, -0.242454, 0.353542
-0.126951, 0.636395, 0.760845

257
-0.0146528, 0.0211611, 0.0615611
0.849573, -0.516329, 0.107841
0.375348, 0.735429, 0.564143
-0.370593, -0.438803, 0.818604

258
-0.0199582, 0.016099, 0.0491032
0.712686, 0.56923, 0.409947
-0.691708, 0.667483, 0.275692
-0.1167, -0.480045, 0.869447

259
-0.023755, 0.032693, 0.0524527
-0.588879, -0.784407, 0.194749
0.800325, -0.532343, 0.275846
-0.112702, 0.318302, 0.941266

260
0.00078462, -0.000861465, 0.031559
-0.553721, 0.0331319, 0.832043
-0.8327, -0.0198178, -0.553369
-0.00184494, -0.999254, 0.0385624

261
-0.0178734, 0.038395, 0.0391106
-0.499492, -0.489952, 0.714461
0.818099, -0.538074, 0.202955
0.284995, 0.685874, 0.669593

262
0.0150358, 0.0042832, 0.0370077
0.183972, 0.886979, 0.423583
-0.539596, -0.269062, 0.797773
0.821578, -0.375331, 0.429111

263
-0.0116225, -0.0056508, 0.00425297
-0.917091, -0.318096, 0.240332
-0.390384, 0.594175, -0.703247
0.0809004, -0.738763, -0.669092

264
-0.0293165, 0.028438, 0.048766
0.734033, 0.469858, 0.490336
-0.234079, 0.852825, -0.466793
-0.637498, 0.227864, 0.735985

265
0.0096797, 0.000204838, 0.0314473
0.309906, 0.511544, 0.801424
-0.595164, -0.552967, 0.583102
0.741443, -0.657685, 0.133085

266
-0.0113775, 0.0177295, -0.00515333
-0.680787, -0.732478, -0.00203346
-0.725551, 0.673963, 0.139108
-0.100523, 0.0961781, -0.990275

267
-0.00482928, -0.00936662, 0.0076428
0.704526, 0.536146, -0.464962
0.654118, -0.236458, 0.718483
0.275268, -0.81033, -0.517293

268
0.00916608, -0.00178684, 0.0171298
-0.5636, -0.775695, 0.283994
-0.512166, 0.0584036, -0.856898
0.648105, -0.6284, -0.430201

269
-0.00551151, 0.0158135, -0.00322288
-0.398532, -0.915865, -0.048611
-0.907178, 0.40144, -0.125993
0.134907, -0.00611346, -0.990839

270
-0.0193606, 0.042411, 0.0451562
-0.889666, 0.00765067, -0.456548
-0.256906, -0.834977, 0.486635
-0.377484, 0.550232, 0.744816

271
-0.0166894, 0.0224119, -0.00476015
-0.793143, -0.603048, 0.0851863
-0.558154, 0.775703, 0.294531
-0.243696, 0.186058, -0.951838

272
-0.000125286, 0.0084424, 0.0505705
-0.793143, -0.603048, 0.0851863
0.422409, -0.645455, -0.636364
0.438742, -0.468744, 0.766671

273
-0.0202302, 0.0224835, 0.0536556
-0.955908, -0.260738, -0.135116
0.250806, -0.964188, 0.0862457
-0.152765, 0.0485551, 0.987069

274
-0.00289585, 0.0308824, 0.0355299
-0.438276, -0.240618, 0.866035
0.682804, -0.715724, 0.146692
0.584546, 0.655624, 0.477979

275
-0.014947, 0.0157641, 0.0555167
0.996819, -0.079326, -0.00771084
0.0782187, 0.99227, -0.0963469
0.015294, 0.0954372, 0.995318

276
-0.0015427, 0.0111561, 0.0519889
-0.398532, -0.915865, -0.048611
0.736865, -0.288184, -0.611539
0.546078, -0.279538, 0.78972

277
0.0114683, 0.000874597, 0.0292094
0.60379, 0.744358, 0.285251
-0.399754, -0.0268525, 0.916229
0.689662, -0.66724, 0.281347

278
-0.0233341, 0.0269024, 0.0526395
-0.889666, 0.00765067, -0.456548
-0.0928931, -0.981983, 0.164563
-0.447063, 0.188817, 0.874347

279
-0.0245567, 0.0150667, 0.0477618
-0.420059, -0.758454, -0.498295
0.512876, -0.651398, 0.559141
-0.748671, -0.0206912, 0.662618

280
-0.00982205, 0.014323, -0.00451237
-0.605906, -0.793672, 0.0544325
-0.794608, 0.607085, 0.00678325
-0.0384289, -0.0391425, -0.998494

281
-0.0260838, 0.0147047, 0.0536573
-0.189527, -0.925876, -0.326855
0.895862, -0.299313, 0.328395
-0.401885, -0.230577, 0.886184

282
-0.0278823, 0.0121955, 0.0426075
0.407761, 0.544834, 0.732726
-0.823141, 0.566647, 0.0367345
-0.395183, -0.618116, 0.679532

283
-0.00671167, 0.00362373, -0.000924144
0.818796, 0.542406, -0.188067
0.543275, -0.626221, 0.559195
0.185539, -0.560039, -0.807423

284
-0.0224428, 0.00844118, 0.00475073
0.679182, 0.332424, -0.654375
0.698182, -0.56761, 0.436303
-0.226392, -0.753202, -0.617603

285
-0.0215522, 0.027034, 0.0491693
-0.889666, 0.00765067, -0.456548
0.0852615, -0.979491, -0.182561
-0.448581, -0.201345, 0.870767

286
-0.0273445, 0.0248221, 0.0439934
-0.425104, 0.765999, -0.482216
-0.268422, -0.615471, -0.741043
-0.864428, -0.185583, 0.467251

287
0.000890813, 0.0233766, 0.0110023
0.473843, 0.414071, 0.777186
0.506627, -0.850053, 0.144007
0.720279, 0.325507, -0.612571

288
0.00783178, -0.000484131, 0.0143341
-0.588879, -0.784407, 0.194749
-0.486223, 0.151349, -0.860628
0.645608, -0.601497, -0.470523

289
0.00835469, 0.00991441, 0.0374016
-0.496739, -0.386685, 0.776998
0.31284, -0.914854, -0.255291
0.809557, 0.116263, 0.575414

290
-0.00938216, 0.00860448, -0.000689045
-0.785963, -0.582355, 0.207665
-0.553838, 0.513852, -0.655149
0.27482, -0.629936, -0.726399

291
-0.00371759, 0.00975916, -0.00310651
-0.605906, -0.793672, 0.0544325
-0.748828, 0.545894, -0.37584
0.26858, -0.268484, -0.925084

292
-0.0150739, 0.0161986, -0.00551594
0.693866, 0.706215, -0.140746
0.70955, -0.703851, -0.0336583
-0.122835, -0.0765122, -0.989473

293
-0.0244358, 0.0145978, 0.00392875
-0.664457, -0.429072, 0.611877
-0.672351, 0.700656, -0.2388
-0.326253, -0.570069, -0.754043

294
-0.00991762, 0.010225, 0.00221364
0.700623, 0.655197, -0.282568
0.713124, -0.629595, 0.308325
0.0241102, -0.417525, -0.908345

295
-0.0320083, 0.0320956, 0.00680847
-0.0944365, 0.820229, 0.564186
0.79208, 0.40521, -0.456524
-0.603068, 0.403767, -0.687954

296
0.00329977, -0.00210609, 0.00942754
-0.771257, -0.620256, 0.142987
-0.415387, 0.320238, -0.851411
0.482303, -0.716052, -0.504632

297
-0.0294769, 0.0422358, 0.0381796
-0.825505, -0.55455, -0.104952
0.182526, -0.438275, 0.880113
-0.534065, 0.707382, 0.463019

298
0.00204568, 0.00391789, 0.0362354
-0.728428, -0.68005, -0.0832132
0.389872, -0.311572, -0.866558
0.563376, -0.663667, 0.49209

299
-0.00570808, 0.0124591, -0.00476669
-0.680787, -0.732478, -0.00203346
-0.70879, 0.659466, -0.250443
0.184785, -0.169057, -0.968129

300
-0.000125286, 0.0084424, 0.0505705
-0.793143, -0.603048, 0.0851863
0.422409, -0.645455, -0.636364
0.438742, -0.468744, 0.766671

301
-0.0226116, 0.0417434, 0.00551763
-0.420059, -0.758454, -0.498295
-0.748671, -0.0206912, 0.662618
-0.512876, 0.651398, -0.559141

302
-0.0313709, 0.0338602, 0.0367558
-0.555032, -0.267003, -0.787813
0.106717, -0.962115, 0.250892
-0.824955, 0.0551795, 0.562498

303
-0.00269027, -0.0116784, 0.0233281
0.855092, 0.357411, -0.375599
0.295887, 0.258484, 0.919585
0.425756, -0.897465, 0.115274

304
-0.00895855, 0.0198948, -0.00516204
-0.825505, -0.55455, -0.104952
-0.563261, 0.821256, 0.090969
0.0357452, 0.134211, -0.990308

305
0.00348878, -0.0040804, 0.0154542
0.829429, 0.5544, -0.0684708
0.235622, -0.236079, 0.942735
0.506487, -0.798065, -0.32644

306
-0.0265044, 0.0208522, 0.0554646
0.784308, 0.419614, 0.45693
-0.300987, 0.90143, -0.311177
-0.542464, 0.106529, 0.833297

307
-0.0316474, 0.0406532, 0.032256
