0
-0.01485, 0.033849, 0.0273398
-0.877055, -0.463386, -0.126678
0.0180764, -0.295347, 0.955219
-0.480049, 0.83549, 0.267412

1
-0.00799248, 0.00815036, 0.0455218
-0.695429, -0.661765, -0.28008
0.687533, -0.726103, 0.00849316
-0.208988, -0.186658, 0.959939

2
-0.0042013, 0.0229665, -0.00404338
-0.509954, -0.811348, -0.285763
-0.859757, 0.470064, 0.199643
-0.0276532, 0.347496, -0.937274

3
-0.030176, 0.0180758, 0.0145601
0.0933948, 0.987654, 0.125768
0.304663, 0.0919106, -0.948015
-0.94787, 0.126857, -0.292318

4
-0.0165573, 0.0310686, 0.0328863
-0.573683, -0.690916, 0.439913
0.683479, -0.107829, 0.721962
-0.45138, 0.714848, 0.534086

5
-0.00678846, 0.0128373, 0.0466524
-0.00651012, -0.99895, 0.045355
0.984887, 0.00144487, 0.173191
-0.173075, 0.045797, 0.983843

6
-0.0220128, 0.0313181, 0.0207754
-0.657554, -0.743607, -0.121123
-0.0953634, -0.0773263, 0.992435
-0.747347, 0.66413, -0.0200667

7
-0.0297637, 0.0106213, 0.0223201
0.0942844, -0.000742837, 0.995545
-0.112392, 0.993599, 0.0113856
-0.989181, -0.112964, 0.0935974

8
0.0130905, -0.00072681, 0.0180246
0.636417, 0.649249, 0.416472
-0.293829, -0.295164, 0.909144
0.713188, -0.700966, 0.00292103

9
-0.0123719, 0.0370767, 0.0189738
0.0927329, 0.0234904, -0.995414
-0.972823, -0.210892, -0.0956051
-0.212171, 0.977227, 0.00329539

10
-0.0275523, 0.0248237, 0.013384
0.348601, 0.924383, 0.154896
0.348748, 0.0254691, -0.93687
-0.869972, 0.380614, -0.313499

11
-0.0219109, 0.0269175, 0.020819
-0.5002, -0.799833, 0.331765
0.236667, 0.242272, 0.9409
-0.83294, 0.549156, 0.0681095

12
-0.01767, 0.036181, 0.0227941
-0.789985, -0.590604, 0.164654
0.194546, 0.0132159, 0.980804
-0.581443, 0.806853, 0.104459

13
-0.0251985, 0.0180163, 0.0218932
0.0942844, -0.000742837, 0.995545
0.274707, 0.961195, -0.0252993
-0.956894, 0.275868, 0.0908298

14
-0.0297637, 0.0106213, 0.0223201
0.0942844, -0.000742837, 0.995545
-0.112392, 0.993599, 0.0113856
-0.989181, -0.112964, 0.0935974

15
-0.0256113, 0.0168002, 0.0156203
-0.161546, 0.245511, 0.955839
0.0994917, 0.967677, -0.231737
-0.981837, 0.0576619, -0.18075

16
-0.0198102, 0.0318027, 0.0313269
-0.59135, -0.761936, 0.264118
0.460127, -0.0498309, 0.886454
-0.66226, 0.645732, 0.380055

17
-0.006822, -0.0106277, 0.0286641
-0.0345577, 0.349052, 0.936466
-0.99174, 0.103838, -0.0753014
-0.123525, -0.931333, 0.34258

18
0.0137456, -9.92212e-05, -0.000589491
-0.844714, -0.264357, -0.465374
-0.0627812, 0.912443, -0.40436
0.531523, -0.312352, -0.78735

19
0.00517249, -0.000866485, -0.000498228
-0.789985, -0.590604, 0.164654
-0.548707, 0.561186, -0.619669
0.273578, -0.579876, -0.767397

20
-0.0209174, 0.0321913, 0.0287962
-0.733399, -0.515818, -0.442784
-0.116299, -0.54654, 0.829318
-0.669776, 0.659717, 0.340843

21
0.00804296, 0.0241774, -0.00127192
0.54581, 0.591287, 0.593692
0.662341, -0.738441, 0.126528
0.513221, 0.324167, -0.794682

22
0.00256191, 0.0270035, -0.00270187
0.114256, 0.799518, 0.589675
0.97611, -0.200765, 0.0830774
0.184808, 0.566095, -0.803357

23
-0.0251985, 0.0180163, 0.0218932
0.0942844, -0.000742837, 0.995545
0.274707, 0.961195, -0.0252993
-0.956894, 0.275868, 0.0908298

24
-0.00931481, 0.03897, 0.0167
0.70959, 0.219127, 0.669676
0.621115, 0.254254, -0.74133
-0.332713, 0.941986, 0.0443133

25
-0.0225943, 0.0296884, 0.025119
-0.623223, -0.774898, -0.10548
0.0315249, -0.15966, 0.986669
-0.781409, 0.611589, 0.123932

26
0.00194152, -0.00704976, 0.0219868
-0.979773, -0.149184, 0.133375
-0.130627, -0.0281164, -0.991033
0.151596, -0.98841, 0.00806038

27
-0.0225588, 0.0231404, 0.0408529
-0.374043, -0.920689, 0.111462
0.74886, -0.228942, 0.621928
-0.547084, 0.316097, 0.775101

28
-0.0253483, 0.020172, 0.00767537
-0.396968, -0.846592, 0.35454
-0.473724, 0.519837, 0.710884
-0.786131, 0.114244, -0.607409

29
-0.010497, 0.0347949, 0.00519833
0.54581, 0.591287, 0.593692
0.727621, 0.0169021, -0.685771
-0.415522, 0.806284, -0.421008

30
-0.0256178, 0.0121352, 0.0172826
-0.127318, 0.106667, 0.98611
0.0826349, 0.991885, -0.096623
-0.988414, 0.0691853, -0.135099

31
0.0132892, -0.00084009, 0.0237381
0.353899, 0.63186, 0.689571
-0.531213, -0.471028, 0.704234
0.769784, -0.615537, 0.168955

32
-0.019732, 0.0309566, 0.0192379
0.708565, 0.627857, -0.322073
-0.256532, -0.195996, -0.946455
-0.657363, 0.753247, 0.0221897

33
-0.0209327, 0.0215921, 0.0357553
-0.498855, -0.837285, -0.223825
0.447233, -0.469903, 0.761034
-0.742379, 0.279544, 0.608875

34
0.00342291, -0.0083658, 0.0168117
0.127055, 0.181194, -0.975206
0.972197, 0.172221, 0.158662
0.1967, -0.96825, -0.154274

35
-0.000902098, 0.0129724, 0.0504745
-0.00651012, -0.99895, 0.045355
0.97615, -0.0161909, -0.216493
0.217, 0.0428639, 0.97523

36
0.00449089, -0.00772741, 0.0216084
-0.954558, -0.292415, -0.0575568
0.0799586, -0.0652345, -0.994661
0.287099, -0.954064, 0.0856512

37
-0.0171838, 0.0315111, 0.0280484
-0.801493, -0.493281, -0.338057
-0.0640767, -0.491212, 0.86868
-0.594561, 0.717903, 0.362095

38
0.0169401, -0.0035702, 0.022167
-0.573683, -0.690916, 0.439913
-0.164119, -0.429228, -0.88816
0.802467, -0.581721, 0.132848

39
0.0147759, 0.000812379, 0.0233241
0.215545, 0.602346, 0.768583
-0.530147, -0.588803, 0.610128
0.820052, -0.538971, 0.192419

40
0.0128216, 0.0239244, 0.0387554
0.651237, 0.223279, -0.725284
-0.423511, 0.899992, -0.10321
0.629706, 0.37438, 0.680669

41
0.0104864, -0.0068524, 0.0232792
0.320871, 0.31993, 0.891452
-0.724447, -0.523391, 0.448596
0.610098, -0.789751, 0.063831

42
-0.0272801, 0.018097, 0.0163401
0.0982565, -0.177046, -0.979286
0.00225899, -0.984005, 0.178126
-0.995159, -0.0197143, -0.0962849

43
-0.02026, 0.0292301, 0.0258387
0.67595, 0.72774, 0.116131
0.0181217, 0.141122, -0.989826
-0.736725, 0.671177, 0.0822033

44
-0.0129194, 0.0369034, 0.0139187
-0.830909, -0.212401, 0.514273
0.418684, 0.370068, 0.829309
-0.366462, 0.904398, -0.218564

45
0.0210856, 0.00773987, 0.0242273
-0.0961418, 0.585155, 0.805202
-0.444975, -0.748881, 0.491095
0.890367, -0.31108, 0.332378

46
0.00325234, -0.00955663, 0.0167595
-0.683907, -0.256374, 0.68304
-0.655706, -0.194486, -0.729537
0.319876, -0.946809, -0.0350954

47
0.000202517, 0.00912188, 0.0446253
0.348601, 0.924383, 0.154896
-0.93721, 0.341894, 0.0688898
0.0107226, -0.169185, 0.985526

48
0.00439804, 0.0180053, 0.0470768
0.708565, 0.627857, -0.322073
-0.657363, 0.753247, 0.0221897
0.256532, 0.195996, 0.946455

49
0.0114474, 0.0283914, -0.00150926
-0.272221, 0.823289, 0.498087
0.744525, -0.147705, 0.651049
0.609572, 0.548067, -0.572752

50
-0.0143094, 0.0341344, 0.0333845
-0.852357, -0.520034, 0.055246
0.249364, -0.311298, 0.917012
-0.459679, 0.795398, 0.395015

51
-0.0182738, 0.0124167, -0.002922
-0.396968, -0.846592, 0.35454
-0.738503, 0.523986, 0.424325
-0.545004, -0.0933851, -0.833216

52
-0.0234992, 0.0226821, 0.0339116
-0.374043, -0.920689, 0.111462
0.482496, -0.0905494, 0.871205
-0.792016, 0.379648, 0.478098

53
0.010582, 0.0195641, -0.000388785
-0.472866, -0.700327, -0.534733
-0.628218, 0.693494, -0.352717
0.617851, 0.169141, -0.767888

54
-0.0147857, 0.0355394, 0.0207113
-0.877055, -0.463386, -0.126678
-0.167006, 0.0468632, 0.984841
-0.450425, 0.884917, -0.11849

55
-0.0191662, 0.029889, 0.0150224
0.0982565, -0.177046, -0.979286
-0.702086, -0.709737, 0.0578706
-0.705281, 0.681857, -0.194038

56
0.00808054, 0.0117248, -0.00283239
-0.695429, -0.661765, -0.28008
-0.555222, 0.742263, -0.375199
0.456187, -0.105418, -0.883618

57
-0.000687631, 0.0144933, -0.00539944
-0.954558, -0.292415, -0.0575568
-0.287099, 0.954064, -0.0856512
0.0799586, -0.0652345, -0.994661

58
-0.018556, 0.0343714, 0.02184
0.729191, 0.528263, -0.434993
-0.428013, -0.143898, -0.892243
-0.533934, 0.836798, 0.121174

59
-0.0028927, 0.0374338, 0.0314081
-0.947864, -0.0430878, 0.315747
0.298822, -0.464419, 0.833679
0.110718, 0.884567, 0.453082

60
0.00836358, 0.0109272, 0.0437393
-0.374043, -0.920689, 0.111462
0.792016, -0.379648, -0.478098
0.482496, -0.0905494, 0.871205

61
-0.0231113, 0.027851, 0.0285165
-0.396968, -0.846592, 0.35454
0.545004, 0.0933851, 0.833216
-0.738503, 0.523986, 0.424325

62
0.025198, 0.0127631, 0.0122202
0.114256, 0.799518, 0.589675
0.202801, -0.599833, 0.773997
0.972531, 0.0311526, -0.230678

63
0.00769049, -0.00511793, 0.0205752
0.741178, 0.351777, 0.57176
-0.540749, -0.191849, 0.819014
0.397802, -0.916213, 0.0480284

64
0.0161933, -0.000107362, 0.0154215
0.54581, 0.591287, 0.593692
-0.220687, -0.58208, 0.782611
0.808325, -0.558177, -0.187215

65
-0.01577, 0.0143632, 0.0423496
0.80762, 0.323939, 0.492761
-0.259565, 0.945584, -0.196204
-0.529505, 0.0305552, 0.847756

66
-0.00795721, 0.0373023, 0.0161867
-0.947864, -0.0430878, 0.315747
0.289588, 0.29709, 0.909877
-0.13301, 0.953877, -0.269123

67
0.00488279, -0.0061946, 0.0073213
-0.954558, -0.292415, -0.0575568
-0.146471, 0.628497, -0.763896
0.259549, -0.720753, -0.642767

68
-0.00537144, 0.0319788, 0.0410361
0.729191, 0.528263, -0.434993
-0.680199, 0.489954, -0.545228
-0.0748971, 0.693457, 0.716594

69
0.00325869, 0.0158885, -0.00439536
-0.622048, -0.747579, -0.23277
-0.748946, 0.654804, -0.101549
0.228334, 0.111164, -0.967216

70
-0.0225959, 0.0285239, 0.0175964
0.618172, 0.783604, -0.0618692
0.026368, -0.0993378, -0.994704
-0.7856, 0.613267, -0.08207

71
0.00769049, -0.00511793, 0.0205752
0.741178, 0.351777, 0.57176
-0.540749, -0.191849, 0.819014
0.397802, -0.916213, 0.0480284

72
0.0175372, 0.0120542, 0.0328969
-0.00651012, -0.99895, 0.045355
0.5368, -0.041758, -0.842675
0.843684, 0.0188606, 0.536508

73
-0.0222959, -0.00341689, 0.0193937
-0.127318, 0.106667, 0.98611
-0.640482, 0.75029, -0.163852
-0.757346, -0.652447, -0.0272065

74
-0.0090352, 0.0352163, 0.00106455
-0.655445, -0.600489, -0.458045
-0.726933, 0.337109, 0.598269
-0.204843, 0.725101, -0.657471

75
-0.016911, 0.0357201, 0.0212599
-0.801493, -0.493281, -0.338057
-0.286728, -0.179092, 0.941123
-0.524782, 0.851234, 0.00210319

76
0.0146297, 0.0056616, 0.0336531
-0.573683, -0.690916, 0.439913
0.155464, -0.61917, -0.769714
0.804188, -0.373181, 0.46262

77
-0.0091745, 0.00115427, 0.0402234
0.80762, 0.323939, 0.492761
-0.44244, 0.885299, 0.143153
-0.389868, -0.33363, 0.858309

78
0.0215111, 0.00930545, 0.0147791
0.215545, 0.602346, 0.768583
-0.175971, -0.750238, 0.63732
0.960507, -0.272619, -0.0557141

79
-0.0281818, 0.0236083, 0.0220538
0.348601, 0.924383, 0.154896
-0.0107226, 0.169185, -0.985526
-0.93721, 0.341894, 0.0688898

80
0.00125927, -0.00655396, 0.0334936
-0.937595, -0.280295, -0.205792
0.34017, -0.616611, -0.709982
0.0721112, -0.73568, 0.67348

81
-0.0195378, 0.00451739, -0.000777004
-0.683907, -0.256374, 0.68304
-0.319876, 0.946809, 0.0350954
-0.655706, -0.194486, -0.729537

82
0.00846031, -0.00578402, 0.0191426
-0.824177, -0.515796, 0.233854
-0.199267, -0.122408, -0.97227
0.530118, -0.847922, -0.00189514

83
-0.0223792, 0.0288099, 0.0169415
-0.59135, -0.761936, 0.264118
0.171666, 0.201073, 0.964417
-0.787931, 0.615648, 0.0118941

84
-0.0182666, 0.0203304, -0.00156564
-0.830909, -0.212401, 0.514273
0.0369267, 0.901184, 0.431862
-0.555182, 0.377828, -0.740958

85
0.0189181, 0.00335002, 0.00284061
-0.655445, -0.600489, -0.458045
-0.204843, 0.725101, -0.657471
0.726933, -0.337109, -0.598269

86
-0.00622665, -0.00892053, 0.0259902
0.132022, -0.268679, -0.954139
0.966884, -0.177191, 0.183682
-0.218416, -0.946792, 0.236389

87
0.0043938, 0.00107196, -0.00204581
-0.875418, -0.482012, -0.0361598
-0.454523, 0.846328, -0.277738
0.164476, -0.226701, -0.959976

88
-0.00320302, 0.0384352, 0.018477
-0.408992, 0.0474337, 0.911304
0.817983, -0.423626, 0.38916
0.404511, 0.904595, 0.13446

89
0.0102675, 0.0248, 0.0291406
-0.528361, -0.0694339, 0.846176
0.516396, -0.817386, 0.255372
0.673921, 0.571891, 0.467731

90
-0.0245169, 0.0253818, 0.0210466
-0.396968, -0.846592, 0.35454
0.220905, 0.286797, 0.932174
-0.890852, 0.448363, 0.0731673

91
0.00170526, 0.0142869, 0.0491465
-0.374043, -0.920689, 0.111462
0.916371, -0.3854, -0.108309
0.142677, 0.0616281, 0.987849

92
0.00846541, 0.0110916, 0.0425473
0.708565, 0.627857, -0.322073
-0.509154, 0.770914, 0.382693
0.488567, -0.107178, 0.865919

93
-0.0189947, 0.0343852, 0.0279619
-0.454309, -0.62819, 0.63165
0.635129, 0.26879, 0.724129
-0.624672, 0.730157, 0.276868

94
-0.019341, 0.0266699, 0.0401121
0.80762, 0.323939, 0.492761
-0.0371739, 0.861913, -0.505691
-0.58853, 0.390089, 0.70814

95
-0.0267644, 0.0201017, 0.0172324
0.0927329, 0.0234904, -0.995414
-0.176263, -0.983545, -0.039631
-0.979965, 0.17913, -0.0870665

96
0.00156944, 0.0111749, 0.0451786
0.0933948, 0.987654, 0.125768
-0.992307, 0.0820275, 0.0927231
0.0812619, -0.13346, 0.987717

97
-0.00235546, -0.000841749, 0.0418069
0.636417, 0.649249, 0.416472
-0.771344, 0.534654, 0.345216
0.0014624, -0.540944, 0.841057

98
-0.0116459, 0.00674188, 0.0430866
-0.733399, -0.515818, -0.442784
0.574286, -0.818651, 0.00246864
-0.363759, -0.252474, 0.896625

99
-0.00708669, 0.0378259, 0.0172437
0.921762, 0.125101, 0.367021
0.373683, -0.033914, -0.926936
-0.103514, 0.991564, -0.0780089

100
0.00272151, -0.0108298, 0.0192275
0.0942844, -0.000742837, 0.995545
-0.989181, -0.112964, 0.0935974
0.112392, -0.993599, -0.0113856

101
-0.0214688, 0.030883, 0.0375956
-0.396968, -0.846592, 0.35454
0.786131, -0.114244, 0.607409
-0.473724, 0.519837, 0.710884

102
-0.0249723, 0.0019755, 0.0218598
0.0942844, -0.000742837, 0.995545
-0.482379, 0.874736, 0.0463371
-0.870873, -0.484599, 0.0821157

103
-0.0130043, 0.0239577, 0.04115
-0.791258, -0.599241, -0.12174
0.387335, -0.645233, 0.658518
-0.473162, 0.473904, 0.742653

104
-0.0169604, 0.018947, 0.0408112
0.80631, 0.140552, 0.574552
-0.00841919, 0.973987, -0.226449
-0.591434, 0.177751, 0.786518

105
-0.0249384, 0.019179, 0.0154884
0.132022, -0.268679, -0.954139
-0.218416, -0.946792, 0.236389
-0.966884, 0.177191, -0.183682

106
0.00709974, -0.00595543, 0.0261197
-0.875418, -0.482012, -0.0361598
0.164476, -0.226701, -0.959976
0.454523, -0.846328, 0.277738

107
0.0120907, -0.00166812, 0.00827068
0.723462, 0.280729, 0.630709
-0.200027, -0.789162, 0.5807
0.660751, -0.546273, -0.514776

108
0.0168532, -0.000621301, 0.0195151
0.548612, 0.75891, 0.350828
-0.0729817, -0.374542, 0.924333
0.832886, -0.532704, -0.150092

109
0.00580716, -0.0107327, 0.0151429
0.57658, 0.360149, -0.733381
0.739527, 0.151565, 0.655842
0.347356, -0.9205, -0.17895

110
-0.0111725, 0.0361004, 0.0195748
-0.944047, -0.308313, -0.117127
-0.155672, 0.103463, 0.982375
-0.290761, 0.945642, -0.14567

111
0.00272151, -0.0108298, 0.0192275
0.0942844, -0.000742837, 0.995545
-0.989181, -0.112964, 0.0935974
0.112392, -0.993599, -0.0113856

112
0.00261995, 0.00887528, 0.0447832
-0.979773, -0.149184, 0.133375
0.0900677, -0.923931, -0.371805
0.178696, -0.352272, 0.91868

113
-0.00924905, 0.0197741, 0.0470476
-0.944047, -0.308313, -0.117127
0.290761, -0.945642, 0.14567
-0.155672, 0.103463, 0.982375

114
-0.0108374, 0.037087, 0.0267124
-0.623271, -0.439777, 0.646629
0.673334, 0.118709, 0.729746
-0.397686, 0.890227, 0.222129

115
-0.0163685, 0.0331974, 0.0254094
-0.830511, -0.549895, -0.0887017
-0.0352192, -0.107087, 0.993626
-0.555888, 0.828341, 0.0695698

116
0.00396916, 0.0041174, 0.0467161
-0.657554, -0.743607, -0.121123
0.726953, -0.583985, -0.361249
0.197893, -0.325592, 0.924569

117
0.0024505, -0.00842758, 0.0268419
0.879037, 0.287378, 0.380405
-0.405972, 0.0328549, 0.913295
0.249963, -0.957253, 0.145548

118
-0.0109597, 0.00996194, 0.0447355
-0.801493, -0.493281, -0.338057
0.524782, -0.851234, -0.00210319
-0.286728, -0.179092, 0.941123

119
-0.00294604, 0.0106319, -0.00669744
-0.926622, -0.375716, 0.0144749
-0.373475, 0.915279, -0.150931
0.0434588, -0.145262, -0.988438

120
-0.021494, 0.0312057, 0.0288687
-0.597523, -0.77732, 0.196824
0.464139, -0.135125, 0.875395
-0.653866, 0.614422, 0.441525

121
-0.0228039, 0.014653, 0.0393311
-0.691192, -0.22077, -0.688124
0.219768, -0.97131, 0.0908765
-0.688444, -0.0884143, 0.71988

122
0.00713801, -0.00365288, 0.0358417
-0.695429, -0.661765, -0.28008
0.633936, -0.381445, -0.672774
0.338383, -0.64542, 0.684785

123
-0.0171741, 0.00245843, -0.00294647
-0.623271, -0.439777, 0.646629
-0.625088, 0.777035, -0.074041
-0.469892, -0.450348, -0.759202

124
-0.0132841, 0.0262986, 0.0441171
-0.877055, -0.463386, -0.126678
0.352228, -0.799622, 0.486353
-0.326664, 0.381939, 0.864531

125
0.0248364, 0.00859665, 0.0227532
0.127055, 0.181194, -0.975206
0.190317, 0.960453, 0.203248
0.973466, -0.211422, 0.0875465

126
-0.00447571, 0.00519876, 0.0437637
-0.695429, -0.661765, -0.28008
0.715174, -0.599401, -0.359506
0.0700282, -0.450317, 0.890118

127
-0.0152581, 0.0321489, 0.0363842
-0.877055, -0.463386, -0.126678
0.200407, -0.592593, 0.780173
-0.43659, 0.658868, 0.612603

128
-0.0185284, 0.0317285, 0.0375174
-0.5002, -0.799833, 0.331765
0.756326, -0.217, 0.617156
-0.421629, 0.559624, 0.713478

129
0.002072, -0.0106794, 0.0213492
0.80631, 0.140552, 0.574552
-0.543191, -0.208508, 0.813306
0.23411, -0.967869, -0.0917757

130
-0.0286494, 0.00399393, 0.0177718
-0.127318, 0.106667, 0.98611
-0.301905, 0.942858, -0.140968
-0.944798, -0.315659, -0.087839

131
-0.0180344, 0.030842, 0.0160646
0.54581, 0.591287, 0.593692
0.513221, 0.324167, -0.794682
-0.662341, 0.738441, -0.126528

132
-0.0104999, 0.0236365, 0.0429301
-0.856801, -0.509899, -0.0767777
0.419986, -0.776457, 0.469815
-0.299173, 0.370292, 0.87942

133
0.00244656, -0.00854329, 0.0224497
-0.827527, -0.211277, -0.520155
0.527932, 0.0223884, -0.848992
0.191018, -0.97717, 0.093013

134
-0.0237974, 0.0256532, 0.0174254
0.0843434, 0.312259, 0.946246
0.312858, 0.893309, -0.322676
-0.946048, 0.323256, -0.0223479

135
-0.0260061, 0.0270817, 0.0265271
-0.498855, -0.837285, -0.223825
0.129094, -0.327157, 0.93611
-0.857017, 0.438089, 0.271292

136
-0.0250533, 0.0244976, 0.0154064
0.0982565, -0.177046, -0.979286
-0.378744, -0.916646, 0.127721
-0.920271, 0.358349, -0.157122

137
0.021286, 0.000963006, 0.0165871
0.320871, 0.31993, 0.891452
-0.435827, -0.785775, 0.438876
0.84089, -0.529342, -0.112698

138
0.00312344, -0.00840307, 0.0291555
-0.979773, -0.149184, 0.133375
-0.06267, -0.404224, -0.91251
0.190045, -0.902412, 0.386699

139
0.00937495, 0.0272621, -0.00437265
0.114256, 0.799518, 0.589675
0.831085, -0.402118, 0.384185
0.544282, 0.446175, -0.710412

140
-0.0199819, 0.0313281, 0.0110733
0.67595, 0.72774, 0.116131
0.298675, -0.126469, -0.945938
-0.67371, 0.674092, -0.302844

141
0.0160039, 0.0190917, -0.00352578
0.54581, 0.591287, 0.593692
0.415522, -0.806284, 0.421008
0.727621, 0.0169021, -0.685771

142
0.0155934, -0.00229254, 0.0209197
-0.00793394, 0.0963937, 0.995312
-0.7434, -0.666275, 0.0586013
0.6688, -0.73945, 0.0769452

143
-0.0130418, 0.032899, 0.0332268
-0.789985, -0.590604, 0.164654
0.402246, -0.296559, 0.86617
-0.462734, 0.750493, 0.471846

144
-0.0126981, 0.0115389, 0.0467633
0.879037, 0.287378, 0.380405
-0.249963, 0.957253, -0.145548
-0.405972, 0.0328549, 0.913295

145
0.0139823, -0.00546921, 0.0293899
-0.472866, -0.700327, -0.534733
0.617851, 0.169141, -0.767888
0.628218, -0.693494, 0.352717

146
-0.00584735, 0.0420478, 0.023168
-0.947864, -0.0430878, 0.315747
0.318445, -0.0905578, 0.943606
-0.0120645, 0.994959, 0.0995576

147
-0.0112607, 0.0357274, 0.035716
0.729191, 0.528263, -0.434993
-0.59976, 0.187284, -0.777954
-0.329497, 0.828168, 0.453397

148
0.00269525, 0.00318788, -0.00406644
-0.954558, -0.292415, -0.0575568
-0.234646, 0.856476, -0.459772
0.18374, -0.425373, -0.88617

149
0.00524436, -0.00863109, 0.0137034
-0.954558, -0.292415, -0.0575568
-0.035996, 0.304836, -0.951725
0.295844, -0.906404, -0.301509

150
0.00112668, 0.0248641, 0.0432889
0.729191, 0.528263, -0.434993
-0.657084, 0.718033, -0.229496
0.191105, 0.453174, 0.870697

151
-0.0122754, 0.0328608, 0.0026175
-0.947864, -0.0430878, 0.315747
0.216644, 0.639508, 0.737628
-0.233706, 0.767576, -0.596832

152
0.00148679, -0.000216874, -0.00452313
-0.926622, -0.375716, 0.0144749
-0.328415, 0.790018, -0.517701
0.183073, -0.484467, -0.855439

153
-0.0226056, 0.0300768, 0.0210353
-0.597523, -0.77732, 0.196824
0.178585, 0.11029, 0.977724
-0.781712, 0.619362, 0.0729165

154
-0.0221348, 0.0265901, 0.0178168
0.0927329, 0.0234904, -0.995414
-0.537862, -0.840127, -0.0699332
-0.837917, 0.541881, -0.0652728

155
-0.00787792, 0.0204066, -0.00453373
0.348601, 0.924383, 0.154896
0.861766, -0.251125, -0.44079
-0.368561, 0.287144, -0.884144

156
0.00379465, -0.00262176, 0.0351838
0.636417, 0.649249, 0.416472
-0.712069, 0.286946, 0.640796
0.296532, -0.704371, 0.644927

157
-0.0148606, 0.0350392, 0.0162586
-0.59074, -0.174054, 0.787865
0.729971, 0.300722, 0.613767
-0.343757, 0.937695, -0.0505939

158
0.0102358, -0.00405062, 0.00807106
0.829437, 0.554557, 0.0670844
0.274738, -0.509557, 0.815396
0.486367, -0.657889, -0.575004

159
-0.0140958, 0.0126066, 0.0455684
0.0933948, 0.987654, 0.125768
-0.94787, 0.126857, -0.292318
-0.304663, -0.0919106, 0.948015

160
-0.032449, 0.0122599, 0.0165177
0.0927329, 0.0234904, -0.995414
0.212171, -0.977227, -0.00329539
-0.972823, -0.210892, -0.0956051

161
-0.00998817, 0.0044376, 0.0452405
0.636417, 0.649249, 0.416472
-0.713188, 0.700966, -0.00292103
-0.293829, -0.295164, 0.909144

162
-0.00392172, 0.0012832, 0.040713
-0.801493, -0.493281, -0.338057
0.594561, -0.717903, -0.362095
-0.0640767, -0.491212, 0.86868

163
0.00850348, -0.00890756, 0.0132173
0.879037, 0.287378, 0.380405
-0.279412, -0.335971, 0.899473
0.386294, -0.89696, -0.215034

164
-0.00571325, 0.0127816, 0.0460879
-0.657554, -0.743607, -0.121123
0.747347, -0.66413, 0.0200667
-0.0953634, -0.0773263, 0.992435

165
-0.0164594, 0.034177, 0.0221231
0.829437, 0.554557, 0.0670844
0.149644, -0.104886, -0.983161
-0.538183, 0.825509, -0.169983

166
-0.0106929, 0.021171, 0.046825
-0.830511, -0.549895, -0.0887017
0.500096, -0.806267, 0.31597
-0.245268, 0.218057, 0.944614

167
-0.00319443, 0.00405162, -0.00332472
-0.979773, -0.149184, 0.133375
-0.190045, 0.902412, -0.386699
-0.06267, -0.404224, -0.91251

168
-0.0144301, 0.0185477, 0.000322711
-0.597523, -0.77732, 0.196824
-0.653866, 0.614422, 0.441525
-0.464139, 0.135125, -0.875395

169
0.00530437, -0.00861848, 0.0217868
-0.926622, -0.375716, 0.0144749
0.0434588, -0.145262, -0.988438
0.373475, -0.915279, 0.150931

170
0.0200743, 0.00608294, 0.0139122
0.353899, 0.63186, 0.689571
-0.196193, -0.670729, 0.715284
0.914474, -0.388427, -0.113404

171
0.00396791, -0.00758969, 0.0295821
-0.954558, -0.292415, -0.0575568
0.18374, -0.425373, -0.88617
0.234646, -0.856476, 0.459772

172
0.016274, -0.0032607, 0.0223238
-0.622048, -0.747579, -0.23277
0.228334, 0.111164, -0.967216
0.748946, -0.654804, 0.101549

173
-0.00374698, 0.0161724, 0.0494893
0.618172, 0.783604, -0.0618692
-0.7856, 0.613267, -0.08207
-0.026368, 0.0993378, 0.994704

174
-0.0110978, 0.0332325, 0.00880627
-0.790878, -0.507121, -0.34255
-0.517926, 0.256494, 0.816066
-0.325982, 0.822824, -0.465507

175
0.00193951, -0.0105278, 0.0203752
0.733538, 0.104487, 0.671568
-0.656393, -0.147355, 0.739889
0.176267, -0.983549, -0.039506

176
0.0147181, 0.0111617, 0.00033394
0.70959, 0.219127, 0.669676
0.0696965, -0.967581, 0.242755
0.701159, -0.125582, -0.701858

177
-0.0105125, 0.018567, -0.00389917
0.0933948, 0.987654, 0.125768
0.885675, -0.0247106, -0.463648
-0.454816, 0.154692, -0.877048

178
0.00407306, -0.00548915, 0.0289727
-0.725296, -0.478222, -0.495227
0.616994, -0.132437, -0.775744
0.305392, -0.868196, 0.391116

179
0.00180205, 0.0238496, 0.0454906
-0.573683, -0.690916, 0.439913
0.802467, -0.581721, 0.132848
0.164119, 0.429228, 0.88816

180
0.0221606, 0.0117285, 0.0263861
-0.00651012, -0.99895, 0.045355
0.173075, -0.045797, -0.983843
0.984887, 0.00144487, 0.173191

181
-0.0297295, 0.00261241, 0.0194905
0.132022, -0.268679, -0.954139
0.529247, -0.794776, 0.297035
-0.838134, -0.54419, 0.0372695

182
-0.0178346, 0.0375751, 0.0119552
-0.408992, 0.0474337, 0.911304
0.864434, 0.340096, 0.370255
-0.292369, 0.939194, -0.1801

183
0.00781085, -0.00596969, 0.00909395
-0.875418, -0.482012, -0.0361598
-0.205094, 0.438142, -0.875196
0.437698, -0.758746, -0.482415

184
0.0163095, -0.00435133, 0.0166697
-0.655445, -0.600489, -0.458045
0.369174, 0.274352, -0.887943
0.658865, -0.751096, 0.0418621

185
0.0159458, -0.00139042, 0.0252545
0.569189, 0.786198, 0.240659
-0.233144, -0.126355, 0.964198
0.788459, -0.604919, 0.111378

186
-0.0195487, 0.0156095, 0.0431331
0.741178, 0.351777, 0.57176
-0.160585, 0.919888, -0.357796
-0.651819, 0.173374, 0.738291

187
-0.000503335, 0.0360311, 0.0336189
-0.830909, -0.212401, 0.514273
0.555182, -0.377828, 0.740958
0.0369267, 0.901184, 0.431862

188
0.00439071, 0.0140961, 0.0448352
-0.562231, -0.788481, 0.249389
0.790623, -0.600923, -0.117503
0.242512, 0.131109, 0.961248

189
-0.0124278, -0.0129175, 0.0206607
0.0942844, -0.000742837, 0.995545
-0.778929, 0.622703, 0.0742342
-0.619984, -0.782458, 0.0581325

190
-0.00666588, 0.0144746, -0.00233641
-0.962392, 0.200003, 0.183852
0.200922, 0.97951, -0.0138088
-0.182846, 0.0236504, -0.982857

191
-0.00413196, 0.00515023, 0.0442982
-0.944047, -0.308313, -0.117127
0.328201, -0.913253, -0.241357
-0.0325531, -0.266294, 0.963342

192
-0.000533073, -0.0132162, 0.00893865
0.57658, 0.360149, -0.733381
0.816161, -0.212232, 0.537438
0.0379101, -0.908433, -0.416308

193
0.0174548, 0.00399442, 0.00858959
0.548612, 0.75891, 0.350828
0.251305, -0.549889, 0.796535
0.797415, -0.348823, -0.492394

194
-0.00884733, 0.0345471, 0.00492288
-0.944047, -0.308313, -0.117127
-0.255092, 0.457469, 0.851851
-0.209055, 0.834065, -0.51052

195
0.000659308, 0.0233054, 0.0465208
-0.979773, -0.149184, 0.133375
0.151596, -0.98841, 0.00806038
0.130627, 0.0281164, 0.991033

196
0.00951243, -0.00612173, 0.0302345
0.215545, 0.602346, 0.768583
-0.803612, -0.337728, 0.490049
0.554751, -0.72327, 0.411257

197
-0.00999684, -0.0105893, 0.00749304
-0.962392, 0.200003, 0.183852
0.0127816, 0.709341, -0.704749
-0.271365, -0.675895, -0.685221

198
0.00229733, -0.00597124, 0.0312896
-0.917713, -0.322574, -0.23184
0.358228, -0.419777, -0.833943
0.171687, -0.848371, 0.500789

199
0.019752, 0.0220918, 0.00525162
0.215545, 0.602346, 0.768583
0.554751, -0.72327, 0.411257
0.803612, 0.337728, -0.490049

200
-0.0148606, 0.0350392, 0.0162586
-0.59074, -0.174054, 0.787865
0.729971, 0.300722, 0.613767
-0.343757, 0.937695, -0.0505939

201
0.00438155, 0.0227766, 0.0471826
-0.396968, -0.846592, 0.35454
0.890852, -0.448363, -0.0731673
0.220905, 0.286797, 0.932174

202
-0.00972889, 0.0249545, 0.047334
-0.562231, -0.788481, 0.249389
0.823246, -0.505007, 0.259295
-0.0785059, 0.351092, 0.933044

203
0.00237732, 0.0135726, -0.0040313
-0.623223, -0.774898, -0.10548
-0.733992, 0.626134, -0.263083
0.269907, -0.0865382, -0.95899

204
-0.0153009, 0.0237832, 0.0446869
-0.756968, -0.640693, -0.128499
0.522034, -0.711202, 0.47082
-0.39304, 0.289315, 0.872821

205
-0.0186339, 0.0310585, 0.0280466
-0.756968, -0.640693, -0.128499
0.0912129, -0.29832, 0.950098
-0.647055, 0.707473, 0.284258

206
-0.0241902, 0.0265191, 0.0164021
-0.454309, -0.62819, 0.63165
0.347731, 0.527749, 0.774961
-0.820175, 0.571716, -0.0213196

207
0.00233707, 0.00213413, 0.0428423
-0.830511, -0.549895, -0.0887017
0.527052, -0.724307, -0.444518
0.180191, -0.415927, 0.891367

208
-0.012811, -0.00937671, 0.0325709
0.320871, 0.31993, 0.891452
-0.84089, 0.529342, 0.112698
-0.435827, -0.785775, 0.438876

209
-0.0135279, 0.0362627, 0.0124663
0.174287, 0.325817, 0.929229
0.926867, 0.264344, -0.266532
-0.332476, 0.907726, -0.255917

210
-0.0245891, 0.0218225, 0.0114442
-0.454309, -0.62819, 0.63165
0.00739466, 0.706362, 0.707812
-0.890814, 0.326236, -0.316261

211
-0.0163013, 0.0365721, 0.0146721
0.356379, 0.340445, 0.87011
0.824746, 0.323003, -0.464179
-0.439076, 0.883044, -0.165669

212
-0.0120725, 0.0262533, 0.0459657
-0.908932, 0.0683259, -0.411308
-0.192426, -0.943882, 0.268437
-0.369885, 0.323138, 0.871072

213
0.0135841, 0.00836973, 0.0401332
-0.374043, -0.920689, 0.111462
0.547084, -0.316097, -0.775101
0.74886, -0.228942, 0.621928

214
-0.0147371, 0.0349745, 0.0249813
0.741178, 0.351777, 0.57176
0.347355, 0.527865, -0.77505
-0.574457, 0.773053, 0.269051

215
0.0184629, 0.000301895, 0.0137726
0.569189, 0.786198, 0.240659
0.0863333, -0.348229, 0.933425
0.817662, -0.510518, -0.266083

216
-0.0164776, 0.0330439, 0.0304667
0.708565, 0.627857, -0.322073
-0.488567, 0.107178, -0.865919
-0.509154, 0.770914, 0.382693

217
-0.00217831, 0.0382634, 0.0224741
-0.528361, -0.0694339, 0.846176
0.734986, -0.536313, 0.414926
0.425005, 0.841158, 0.3344

218
-0.0249723, 0.0019755, 0.0218598
0.0942844, -0.000742837, 0.995545
-0.482379, 0.874736, 0.0463371
-0.870873, -0.484599, 0.0821157

219
-0.0161166, 0.0281606, 0.00544699
0.433499, 0.818345, 0.377346
0.634453, 0.02021, -0.772697
-0.639959, 0.574372, -0.510441

220
-0.0120994, 0.0182698, 0.0470225
0.67595, 0.72774, 0.116131
-0.67371, 0.674092, -0.302844
-0.298675, 0.126469, 0.945938

221
-0.00590484, 0.0337214, 0.00214792
-0.733399, -0.515818, -0.442784
-0.663298, 0.400347, 0.632264
-0.148866, 0.7574, -0.635755

222
0.0052256, -0.00966243, 0.0248341
-0.917713, -0.322574, -0.23184
0.265257, -0.0631659, -0.962106
0.295706, -0.944434, 0.143533

223
0.0252582, 0.0149418, 0.00931097
0.215545, 0.602346, 0.768583
0.204994, -0.797457, 0.567486
0.954735, 0.0352362, -0.295365

224
0.00661069, -0.000664123, 0.0375031
-0.756968, -0.640693, -0.128499
0.562895, -0.539457, -0.626207
0.331887, -0.546349, 0.768995

225
-0.0171895, 0.0346839, 0.0269585
0.829437, 0.554557, 0.0670844
-0.0677005, 0.219006, -0.973372
-0.554482, 0.802809, 0.219196

226
-0.0187045, 0.0353947, 0.0179786
-0.623271, -0.439777, 0.646629
0.469892, 0.450348, 0.759202
-0.625088, 0.777035, -0.074041

227
-0.0158373, 0.034786, 0.0105874
-0.830511, -0.549895, -0.0887017
-0.245268, 0.218057, 0.944614
-0.500096, 0.806267, -0.31597

228
0.0116078, -0.0056191, 0.00668717
-0.827527, -0.211277, -0.520155
0.238234, 0.706794, -0.666098
0.508374, -0.675132, -0.534558

229
-0.0213971, 0.00439959, -0.00163991
0.750931, -0.403607, -0.522689
-0.0899816, -0.84665, 0.524488
-0.654221, -0.346822, -0.672093

230
0.000928008, 0.00373661, 0.0475604
-0.856801, -0.509899, -0.0767777
0.508522, -0.810874, -0.289634
0.0854274, -0.287202, 0.954053

231
-0.0010833, 0.0399005, 0.0167004
-0.00793394, 0.0963937, 0.995312
0.998576, -0.0517425, 0.0129711
0.0527502, 0.993997, -0.0958459

232
0.00194269, 0.025652, 0.0443161
-0.947864, -0.0430878, 0.315747
0.13301, -0.953877, 0.269123
0.289588, 0.29709, 0.909877

233
-0.0204711, 0.0204965, 0.0370553
-0.578048, -0.763284, -0.288543
0.444928, -0.591238, 0.672664
-0.684031, 0.260451, 0.681371

234
-0.00250366, -0.0039925, 0.00165543
-0.454309, -0.62819, 0.63165
-0.890814, 0.326236, -0.316261
-0.00739466, -0.706362, -0.707812

235
0.00791974, 0.00663571, 0.0446308
-0.824177, -0.515796, 0.233854
0.413509, -0.830221, -0.373822
0.386966, -0.211395, 0.897535

236
0.0172102, -0.000887483, 0.0108397
-0.655445, -0.600489, -0.458045
0.0889353, 0.5409, -0.836372
0.749988, -0.588932, -0.301125

237
-0.00218367, 0.0421939, 0.0187389
-0.408992, 0.0474337, 0.911304
0.910517, -0.0452058, 0.410992
0.0606912, 0.997851, -0.0247004

238
0.010172, -0.00755906, 0.00921859
0.80631, 0.140552, 0.574552
-0.412253, -0.563024, 0.716276
0.42416, -0.814401, -0.396029

239
-0.00871945, 0.00555586, -0.00338379
-0.962392, 0.200003, 0.183852
0.115656, 0.914, -0.388881
-0.245817, -0.352992, -0.902757

240
-0.0175834, 0.0347423, 0.0215452
-0.790878, -0.507121, -0.34255
-0.135725, -0.400456, 0.906208
-0.596733, 0.763193, 0.247883

241
-0.0227201, 0.0313894, 0.0133664
-0.623223, -0.774898, -0.10548
-0.269907, 0.0865382, 0.95899
-0.733992, 0.626134, -0.263083

242
-0.0159462, 0.0327056, 0.0124611
-0.669234, -0.60088, -0.437114
-0.504236, -0.0648378, 0.861128
-0.545777, 0.796705, -0.259594

243
-0.00461369, -0.00393085, 0.0357949
0.741178, 0.351777, 0.57176
-0.663656, 0.512203, 0.545169
-0.101079, -0.783519, 0.613092

244
-0.00520975, -0.0149314, 0.0144671
0.127055, 0.181194, -0.975206
0.973466, -0.211422, 0.0875465
-0.190317, -0.960453, -0.203248

245
0.0207005, 0.00404423, 0.0249132
0.114256, 0.799518, 0.589675
-0.544282, -0.446175, 0.710412
0.831085, -0.402118, 0.384185

246
-0.00303287, 0.00531365, -0.00752576
-0.59135, -0.761936, 0.264118
-0.787931, 0.615648, 0.0118941
-0.171666, -0.201073, -0.964417

247
0.00763275, 0.0177684, 0.045578
0.729191, 0.528263, -0.434993
-0.533934, 0.836798, 0.121174
0.428013, 0.143898, 0.892243

248
-0.0172887, 0.0316775, 0.0381577
0.80631, 0.140552, 0.574552
0.218554, 0.831824, -0.510199
-0.549635, 0.536949, 0.63999

249
-0.0191765, 0.0319511, 0.0184439
-0.669234, -0.60088, -0.437114
-0.256993, -0.364788, 0.894921
-0.697195, 0.711247, 0.0897062

250
-0.0204946, -0.0105506, 0.0244749
0.132022, -0.268679, -0.954139
0.8097, -0.526024, 0.260162
-0.5718, -0.806914, 0.148103

251
0.00369996, -0.00553881, 0.0365944
-0.979773, -0.149184, 0.133375
0.0148276, -0.718793, -0.695067
0.199561, -0.67903, 0.706466

252
0.00681966, 0.00220772, -0.00142614
0.829437, 0.554557, 0.0670844
0.43995, -0.722533, 0.533283
0.344207, -0.412811, -0.843273

253
-0.00125184, 0.00640813, 0.0450342
-0.954558, -0.292415, -0.0575568
0.295844, -0.906404, -0.301509
0.035996, -0.304836, 0.951725

254
0.0120772, 0.00807964, -0.00288236
-0.622048, -0.747579, -0.23277
-0.604556, 0.6475, -0.463956
0.497562, -0.14788, -0.85473

255
-0.0226592, 0.0295082, 0.0294311
0.618172, 0.783604, -0.0618692
-0.276275, 0.142911, -0.950394
-0.73589, 0.6046, 0.304834

256
0.0223677, 0.000321166, 0.0143912
-0.472866, -0.700327, -0.534733
-0.00733029, 0.609974, -0.792387
0.881104, -0.370774, -0.29357

257
-0.0132303, 0.0336353, 0.0313003
0.879037, 0.287378, 0.380405
0.110315, 0.653649, -0.748715
-0.463816, 0.700112, 0.542879

258
0.00520089, -0.00046114, -0.00114902
-0.875418, -0.482012, -0.0361598
-0.356982, 0.69515, -0.623963
0.325894, -0.53332, -0.780617

259
-0.00347142, -0.0112211, 0.0298711
0.320871, 0.31993, 0.891452
-0.943665, 0.188345, 0.27207
-0.0808569, -0.928532, 0.362341

260
-0.0225968, -0.00844951, 0.0216094
0.0982565, -0.177046, -0.979286
0.705281, -0.681857, 0.194038
-0.702086, -0.709737, 0.0578706

261
-0.00613121, 0.0139534, 0.0488586
-0.830511, -0.549895, -0.0887017
0.555888, -0.828341, -0.0695698
-0.0352192, -0.107087, 0.993626

262
0.00986511, 0.0105387, -0.00158265
-0.00651012, -0.99895, 0.045355
-0.843684, -0.0188606, -0.536508
0.5368, -0.041758, -0.842675

263
-0.016488, 0.00745086, 0.0441851
0.741178, 0.351777, 0.57176
-0.397802, 0.916213, -0.0480284
-0.540749, -0.191849, 0.819014

264
-0.013807, 0.0270611, 0.0018702
0.67595, 0.72774, 0.116131
0.533757, -0.374806, -0.758039
-0.508129, 0.574382, -0.641786

265
0.0028498, -0.00243201, 0.0375105
-0.877055, -0.463386, -0.126678
0.43659, -0.658868, -0.612603
0.200407, -0.592593, 0.780173

266
-0.0216199, 0.0247588, 0.00793495
-0.623271, -0.439777, 0.646629
0.194913, 0.713425, 0.673077
-0.757326, 0.545546, -0.358939

267
-0.00896678, 0.0345821, 0.00827715
0.792863, 0.435574, 0.426196
0.57135, -0.288069, -0.768489
-0.21196, 0.852814, -0.477265

268
-0.0214119, 0.0231115, 0.0406475
0.733538, 0.104487, 0.671568
0.0883411, 0.965071, -0.246644
-0.673882, 0.24025, 0.698686

269
-0.0024355, 0.0383944, 0.0107901
-0.921859, 0.125898, 0.366505
0.385765, 0.388193, 0.836954
-0.0369038, 0.912938, -0.406426

270
0.0185562, 0.00698025, 0.00619021
0.54581, 0.591287, 0.593692
0.105444, -0.751377, 0.651394
0.831248, -0.292936, -0.472457

271
0.0232114, 0.0186993, 0.00455638
0.114256, 0.799518, 0.589675
0.559535, -0.542252, 0.626804
0.820893, 0.258328, -0.509314

272
-0.00735626, -0.00938573, 0.034264
0.80631, 0.140552, 0.574552
-0.549635, 0.536949, 0.63999
-0.218554, -0.831824, 0.510199

273
-0.0166574, 0.0351928, 0.0157551
0.651237, 0.223279, -0.725284
-0.629706, -0.37438, -0.680669
-0.423511, 0.899992, -0.10321

274
0.0132829, -0.00400689, 0.0254666
-0.764308, -0.643499, 0.0417262
-0.0854881, 0.0369767, -0.995653
0.639159, -0.764553, -0.0832732

275
-0.0162727, 0.0378485, 0.025329
-0.691192, -0.22077, -0.688124
-0.551938, -0.453389, 0.699859
-0.466495, 0.863539, 0.191527

276
-0.00972455, 0.0402203, 0.0204504
-0.830909, -0.212401, 0.514273
0.527053, -0.00419934, 0.849822
-0.178343, 0.977174, 0.115436

277
-0.0296242, 0.0127268, 0.0162275
-0.132363, -0.249727, 0.959227
0.0306452, 0.966248, 0.255783
-0.990728, 0.0632519, -0.120242

278
-0.0190869, 0.00390042, 0.0392961
0.374978, 0.605191, 0.702236
-0.67712, 0.696182, -0.238408
-0.633166, -0.386101, 0.67084

279
-0.00101904, -0.0113643, 0.0276108
0.0843434, 0.312259, 0.946246
-0.99376, -0.0432051, 0.102836
0.072994, -0.949014, 0.306666

280
-0.0126562, 0.00292803, 0.0419488
-0.472866, -0.700327, -0.534733
0.816839, -0.575977, 0.0320102
-0.330411, -0.421654, 0.844415

281
-0.0169826, -0.00287478, 0.0262322
0.0843434, 0.312259, 0.946246
-0.754309, 0.640504, -0.14413
-0.65108, -0.701605, 0.289562

282
-0.0238675, 0.0166701, 0.0308438
0.374978, 0.605191, 0.702236
-0.0310802, 0.76529, -0.642935
-0.926513, 0.219261, 0.305776

283
-0.0144207, 0.011272, 0.046014
0.562458, 0.74919, 0.349794
-0.726635, 0.649747, -0.223225
-0.394515, -0.128618, 0.909843

284
0.00260579, 0.0313095, -0.00337647
0.54581, 0.591287, 0.593692
0.808325, -0.558177, -0.187215
0.220687, 0.58208, -0.782611

285
-0.023161, 0.0283893, 0.0158416
-0.127318, 0.106667, 0.98611
0.757346, 0.652447, 0.0272065
-0.640482, 0.75029, -0.163852

286
0.0118599, 0.00886985, 0.000656495
-0.668114, -0.648895, -0.364087
-0.55472, 0.760515, -0.337495
0.495892, -0.0235189, -0.868066

287
0.0145699, 0.00443231, 0.0372298
-0.562231, -0.788481, 0.249389
0.387573, -0.517625, -0.762792
0.730537, -0.332209, 0.596618

288
0.00880271, 0.0253955, 0.044262
-0.830909, -0.212401, 0.514273
0.366462, -0.904398, 0.218564
0.418684, 0.370068, 0.829309

289
0.00624363, -0.0111277, 0.016785
-0.926622, -0.375716, 0.0144749
-0.102772, 0.216057, -0.970957
0.361677, -0.901197, -0.238817

290
-0.0188546, 0.0217636, -0.000408599
-0.597523, -0.77732, 0.196824
-0.426475, 0.515942, 0.742915
-0.679032, 0.359968, -0.639795

291
-0.0315254, 0.00751423, 0.0170059
-0.161546, 0.245511, 0.955839
-0.283815, 0.916084, -0.283267
-0.945173, -0.317041, -0.0783099

292
0.023709, 0.0128346, 0.0195193
-0.00793394, 0.0963937, 0.995312
0.333404, -0.938135, 0.0935139
0.942751, 0.332583, -0.0246949

293
0.000202517, 0.00912188, 0.0446253
0.348601, 0.924383, 0.154896
-0.93721, 0.341894, 0.0688898
0.0107226, -0.169185, 0.985526

294
0.00203606, 0.00087737, 0.0438646
-0.578048, -0.763284, -0.288543
0.802229, -0.466883, -0.372087
0.149293, -0.446562, 0.88221

295
0.0185439, 0.0102586, 0.032341
-0.272221, 0.823289, 0.498087
-0.609572, -0.548067, 0.572752
0.744525, -0.147705, 0.651049

296
0.0044327, -0.00845455, 0.0260332
0.320871, 0.31993, 0.891452
-0.902776, -0.181326, 0.390022
0.286423, -0.929928, 0.230643

297
-0.0318286, 0.00144558, 0.0188942
0.0982565, -0.177046, -0.979286
0.382918, -0.901558, 0.201414
-0.918542, -0.394776, -0.0207897

298
-0.0147475, 0.0366103, 0.0148315
-0.801493, -0.493281, -0.338057
-0.465727, 0.160294, 0.87029
-0.375109, 0.854973, -0.358209

299
0.0152316, 0.00996251, 0.041193
-0.573683, -0.690916, 0.439913
0.45138, -0.714848, -0.534086
0.683479, -0.107829, 0.721962

300
-0.0289376, 0.012051, 0.0223723
0.0843434, 0.312259, 0.946246
-0.447733, 0.860241, -0.243969
-0.890181, -0.403088, 0.212364

301
-0.0243213, 0.0280831, 0.0212504
0.374978, 0.605191, 0.702236
0.325847, 0.623128, -0.71101
-0.86788, 0.495434, 0.0364595

302
0.00910422, -0.0062834, 0.0330192
0.374978, 0.605191, 0.702236
-0.844092, -0.0902932, 0.528541
0.383275, -0.790943, 0.476979

303
-0.00480095, -0.0142191, 0.0126377
-0.132363, -0.249727, 0.959227
-0.903585, 0.428204, -0.0132054
-0.407448, -0.868492, -0.282328

304
0.00691981, 0.0124532, 0.0420503
-0.869369, 0.0559228, 0.49099
-0.05877, -0.998225, 0.00963501
0.490657, -0.0204791, 0.871112

305
0.00301103, -0.00793033, 0.00695471
-0.908932, 0.0683259, -0.411308
0.397614, 0.438933, -0.805755
0.125483, -0.895918, -0.426127

306
0.0193036, 0.00240125, 0.0134589
0.356379, 0.340445, 0.87011
-0.27271, -0.852804, 0.44537
0.893657, -0.396008, -0.211079

307
-0.0186781, 0.0284622, 0.0340968
0.741178, 0.351777, 0.57176
0.101079, 0.783519, -0.613092
