0
-0.0168227, -0.0233063, 0.0429981
-0.565479, 0.804387, -0.182196
-0.553953, -0.534085, -0.638662
-0.611039, -0.260222, 0.747607

1
-0.0442382, -0.0223895, 0.0324313
0.0830863, -0.849397, -0.521173
-0.668175, -0.435491, 0.603233
-0.73935, 0.298114, -0.603729

2
-0.0283364, -0.0284393, 0.0278813
-0.00766674, -0.365763, 0.930677
-0.906883, 0.394673, 0.147639
-0.421314, -0.842882, -0.33473

3
-0.000454557, -0.0244795, 0.0404431
-0.61767, -0.786024, 0.0254768
0.488497, -0.408854, -0.77085
0.616323, -0.463686, 0.636507

4
-0.0158722, -0.0110152, 0.0380202
-0.796386, -0.604754, 0.00643829
0.287598, -0.369323, 0.883678
-0.532031, 0.705601, 0.46805

5
0.0151787, 0.0230256, 0.0704086
0.5382, 0.388542, -0.747914
-0.386466, 0.902377, 0.190684
0.748989, 0.186417, 0.635818

6
-0.0211828, -0.0243479, 0.0369632
-0.34612, 0.931867, -0.10874
-0.329986, -0.229418, -0.915684
-0.878243, -0.281054, 0.386909

7
-0.0168367, -0.0178031, 0.0444712
0.477112, 0.85318, 0.210826
-0.631389, 0.499631, -0.593057
-0.61132, 0.149842, 0.777068

8
-0.0207027, -0.0181784, 0.0383457
0.246324, 0.955143, 0.164396
-0.429873, 0.259696, -0.864736
-0.868639, 0.142336, 0.474559

9
-0.0135049, -0.0164952, 0.0442383
0.538576, 0.838401, -0.0837894
-0.727723, 0.412732, -0.547788
-0.424683, 0.356001, 0.832411

10
0.00161879, -0.0269892, 0.0373306
-0.684066, -0.686775, 0.24575
0.129735, -0.446095, -0.885533
0.71779, -0.573881, 0.394257

11
-0.0055104, -0.0291418, 0.0398394
0.976566, 0.174312, -0.12623
0.00220944, 0.578372, 0.81577
0.215206, -0.796933, 0.564433

12
-0.0127961, -0.0200989, 0.0437302
-0.114378, 0.99251, -0.0429171
-0.874951, -0.121103, -0.468822
-0.470508, -0.0160728, 0.882249

13
-0.00955654, -0.0198886, 0.0186735
0.697386, -0.716314, -0.0234078
-0.715237, -0.697677, 0.0410233
-0.0457167, -0.011867, -0.998884

14
-0.0227545, -0.0154178, 0.0246113
-0.474407, 0.00755581, 0.880273
0.230189, 0.966236, 0.115763
-0.849677, 0.257548, -0.460129

15
-0.00599594, -0.0324329, 0.0267743
0.167845, 0.378501, -0.910255
0.975017, 0.0725389, 0.20995
0.145495, -0.922754, -0.35687

16
-0.00938042, -0.0327831, 0.0263303
-0.00766674, -0.365763, 0.930677
-0.99908, 0.0420733, 0.00830489
-0.0421943, -0.929757, -0.365749

17
-0.0143371, -0.0206959, 0.0437628
-0.417752, 0.888487, -0.189934
-0.71442, -0.450383, -0.535499
-0.561327, -0.0880134, 0.822901

18
-0.00768841, -0.031551, 0.0265169
0.219938, 0.422514, -0.879266
0.974146, -0.0474071, 0.22089
0.0516459, -0.905116, -0.422017

19
-0.0232448, -0.0232534, 0.0310768
0.0403698, -0.343716, 0.938205
-0.19745, 0.917711, 0.344704
-0.979481, -0.199164, -0.0308189

20
-0.0216544, -0.0247463, 0.0256439
-0.531796, 0.237564, 0.81287
-0.179306, 0.906502, -0.382234
-0.827673, -0.349022, -0.439477

21
-0.0203849, -0.0247488, 0.0388298
-0.525911, 0.797106, -0.296715
-0.282418, -0.492717, -0.823086
-0.802283, -0.349072, 0.484242

22
-0.0114083, -0.0322405, 0.0339264
-0.268502, 0.180449, 0.946227
-0.952643, 0.0958274, -0.288598
-0.142752, -0.978905, 0.146174

23
-0.0218778, -0.0175465, 0.0264007
-0.420191, 0.0602714, 0.905432
0.165893, 0.986078, 0.0113478
-0.892143, 0.154973, -0.42434

24
-0.00571036, -0.0208366, 0.0482784
-0.0139915, -0.995852, -0.0899034
0.977341, 0.00537155, -0.211602
0.211207, -0.0908269, 0.973212

25
-0.00734066, -0.00782466, 0.0360437
-0.00884866, -0.308544, 0.951169
0.998242, -0.0584693, -0.00967995
0.0586008, 0.949411, 0.308519

26
0.00234063, -0.0177752, 0.0654806
-0.774633, 0.599211, 0.202214
-0.158502, -0.493499, 0.855182
0.612227, 0.6304, 0.477257

27
-0.0159662, -0.0291077, 0.0387707
-0.633219, 0.666142, 0.394066
-0.611917, -0.11913, -0.781899
-0.473911, -0.736249, 0.483059

28
-0.0184856, -0.0240752, 0.0214523
-0.648905, -0.406183, 0.64338
-0.487358, 0.871241, 0.0584941
-0.584298, -0.275599, -0.763309

29
-0.0122608, 0.000892378, 0.0311691
-0.12445, -0.00658713, -0.992204
-0.638134, -0.765206, 0.0851198
-0.759801, 0.643752, 0.0910263

30
-0.00243051, -0.0304939, 0.027855
-0.0438889, 0.35554, -0.93363
0.888484, 0.4412, 0.126249
0.456804, -0.823975, -0.335255

31
-0.0211115, -0.0115482, 0.0319916
-0.575114, -0.817995, 0.011302
0.0453334, -0.0180726, 0.998808
-0.816816, 0.574941, 0.0474763

32
0.00243682, -0.0189804, 0.0276219
-0.404356, 0.0792096, -0.911165
-0.0287305, 0.994651, 0.0992171
0.91415, 0.0662972, -0.399917

33
-0.00834436, -0.0207674, 0.0531473
-0.796386, -0.604754, 0.00643829
0.469305, -0.611232, 0.637297
-0.381473, 0.510556, 0.770591

34
-0.0207085, -0.02065, 0.0258929
-0.493635, 0.127684, 0.860245
0.0398306, 0.991445, -0.124301
-0.868756, -0.0270955, -0.494498

35
-0.00372621, -0.0125156, -0.00529099
0.0112753, 0.987363, 0.158073
0.993989, -0.0282834, 0.105764
0.108898, 0.155931, -0.981747

36
-0.0141282, -0.020567, 0.0457901
-0.589965, 0.762984, -0.264191
-0.636226, -0.640746, -0.429722
-0.49715, -0.0854354, 0.863448

37
-0.00945951, -0.035062, -0.000652332
0.655806, 0.682927, -0.321761
0.54367, -0.72295, -0.42634
-0.523776, 0.104665, -0.845402

38
-0.00978712, -0.0113584, 0.0199452
0.0830863, -0.849397, -0.521173
-0.995271, -0.0971398, -0.000351211
-0.0503283, 0.518737, -0.853451

39
0.00422006, -0.0237011, 0.0364739
-0.432379, -0.828404, 0.356085
0.145868, -0.453967, -0.878997
0.889815, -0.328118, 0.317123

40
-0.0253405, -0.030065, 0.0618194
-0.693684, 0.69329, -0.195324
-0.717891, -0.643414, 0.265803
0.0586042, 0.324604, 0.944033

41
-0.0175919, -0.0304801, 0.0313059
-0.548711, 0.353192, 0.757741
-0.614882, 0.443598, -0.652028
-0.566423, -0.823697, -0.0262363

42
-0.00602676, -0.0262679, 0.0408445
0.978406, 0.162263, -0.128034
-0.0273269, 0.715552, 0.698025
0.204879, -0.679453, 0.704534

43
-0.0186386, -0.013928, 0.0332856
-0.559125, -0.806032, -0.194144
0.053471, -0.268737, 0.961728
-0.827357, 0.527345, 0.193357

44
-0.00537386, -0.0232555, 0.0423334
-0.472187, -0.836957, -0.276664
0.836535, -0.3265, -0.440008
0.277937, -0.439205, 0.854313

45
-0.0184942, -0.0108595, 0.031519
-0.701941, -0.703651, 0.110249
0.104892, 0.0509756, 0.993176
-0.704469, 0.708715, 0.0380254

46
-0.0116128, -0.0292836, 0.0397952
-0.97085, 0.239083, -0.0170371
-0.121109, -0.550645, -0.825907
-0.206842, -0.799768, 0.563549

47
-0.0219662, -0.0217637, 0.0258828
0.44815, -0.197931, -0.871771
0.00930558, -0.974095, 0.225947
-0.89391, -0.109371, -0.434699

48
-0.0129308, -0.0182053, 0.0201687
-0.659244, -0.745814, 0.0956996
-0.714852, 0.661113, 0.227851
-0.233203, 0.0817984, -0.968982

49
-0.00339569, -0.0188784, 0.0435814
-0.733196, -0.491385, 0.470069
0.520594, -0.850335, -0.0768929
0.4375, 0.188337, 0.879274

50
-0.0209271, -0.0167309, 0.0278537
-0.346763, -0.376592, 0.859031
0.0950129, 0.897042, 0.43161
-0.933128, 0.231285, -0.27528

51
-0.0229638, 0.0246775, 0.0477145
-0.648905, -0.406183, 0.64338
0.353318, 0.58803, 0.72759
-0.673861, 0.699454, -0.238064

52
-0.0156492, -0.00856512, 0.0330304
0.883199, 0.456227, 0.108702
0.0365587, 0.164098, -0.985766
-0.467571, 0.874602, 0.128252

53
-0.0138626, -0.0238857, 0.0200964
-0.943782, -0.0220148, 0.329836
-0.109696, 0.962099, -0.249665
-0.311839, -0.27181, -0.910426

54
0.00453462, -0.0314228, 0.0618264
-0.734449, 0.433073, 0.522524
-0.667259, -0.320241, -0.672466
-0.123893, -0.842552, 0.524173

55
-0.00130541, -0.0116771, 0.0260744
-0.0493638, 0.64121, 0.765776
0.798997, -0.434703, 0.415497
0.599306, 0.632363, -0.490866

56
0.00438147, -0.00256102, 0.00381288
0.281146, -0.864391, -0.416877
-0.351327, 0.311534, -0.882902
0.893043, 0.394684, -0.216097

57
-0.0156492, -0.00856512, 0.0330304
0.883199, 0.456227, 0.108702
0.0365587, 0.164098, -0.985766
-0.467571, 0.874602, 0.128252

58
-0.0297542, -0.0202503, 0.0359228
0.172685, -0.524164, 0.833926
-0.638887, 0.584778, 0.499859
-0.749669, -0.619102, -0.233899

59
-0.0208827, -0.0196462, 0.0322423
-0.122782, -0.27462, -0.953682
-0.0196337, -0.960092, 0.278994
-0.992239, 0.0529797, 0.11249

60
-0.0052227, -0.0138173, 0.0409425
-0.703035, 0.640411, -0.309217
-0.653302, -0.409813, 0.636593
0.28096, 0.649559, 0.706495

61
0.0034544, -0.0255381, 0.0319883
-0.0575155, -0.0778946, -0.995301
0.481599, 0.871117, -0.0960058
0.874502, -0.484858, -0.0125887

62
-0.00822616, -0.0299509, 0.0698212
-0.559125, -0.806032, -0.194144
0.827357, -0.527345, -0.193357
0.053471, -0.268737, 0.961728

63
-0.0144665, -0.0210771, 0.0509515
-0.559125, -0.806032, -0.194144
0.366017, -0.450087, 0.814527
-0.743916, 0.384362, 0.546676

64
-0.0216566, -0.0370042, 0.0277987
-0.420191, 0.0602714, 0.905432
-0.188143, 0.970323, -0.151904
-0.887717, -0.234179, -0.396382

65
-0.00554543, 0.000302342, 0.0226144
-0.85166, -0.147084, -0.503033
-0.345023, 0.879833, 0.326883
0.394505, 0.451951, -0.800066

66
-0.017596, -0.0111613, 0.0248285
0.122887, -0.553025, -0.824052
-0.814843, -0.530214, 0.234315
-0.566506, 0.642679, -0.515785

67
-0.0350878, -0.0247899, 0.0093965
0.5382, 0.388542, -0.747914
0.802888, -0.50626, 0.314757
-0.256343, -0.769894, -0.584425

68
-0.0116003, -0.0418074, 0.060287
-0.590452, 0.684485, 0.427606
-0.622718, -0.72342, 0.298137
0.513409, -0.0902429, 0.853386

69
-0.0210936, -0.0247437, 0.0396124
-0.514523, 0.757003, -0.402755
-0.262037, -0.586039, -0.766743
-0.816457, -0.28897, 0.499894

70
0.00224339, -0.0205939, 0.0273696
0.413975, 0.197194, 0.888673
0.00345408, -0.976587, 0.215093
0.910282, -0.0859736, -0.404964

71
-0.0221717, -0.0262167, 0.0307867
-0.330937, 0.618304, 0.712868
-0.2899, 0.652289, -0.700341
-0.898019, -0.438429, -0.0366199

72
-0.0177711, -0.0182248, 0.0217379
-0.814243, 0.0772539, 0.575361
0.110001, 0.993682, 0.0222502
-0.570008, 0.0814076, -0.817597

73
-0.0162003, -0.0179791, 0.0514518
-0.683002, -0.712724, -0.159791
0.315854, -0.485452, 0.815213
-0.658593, 0.506322, 0.556681

74
0.0100385, -0.0116942, 0.0303279
0.450984, -0.719794, 0.527741
0.720932, -0.054811, -0.690834
0.526184, 0.692021, 0.494204

75
-0.0120314, -0.00770639, 0.0345499
-0.876861, -0.28689, 0.385758
0.429882, -0.108699, 0.896318
-0.215213, 0.951777, 0.218642

76
-0.0156777, -0.00816401, 0.0304854
0.158289, 0.0362788, -0.986726
-0.869361, -0.468677, -0.156693
-0.468141, 0.882624, -0.0426468

77
-0.0241634, -0.0277266, 0.000897593
-0.815129, 0.526804, 0.240919
-0.0406201, 0.36289, -0.930946
-0.577853, -0.768628, -0.274403

78
-0.0191409, -0.0220955, 0.022983
-0.72781, -0.103605, 0.677908
-0.195226, 0.978922, -0.0599878
-0.657404, -0.176005, -0.732696

79
0.00338106, -0.0200213, 0.0262457
0.487294, 0.0645386, 0.87085
0.0188135, -0.99781, 0.0634203
0.873035, -0.0145206, -0.487441

80
0.00392677, -0.024304, 0.0285777
-0.414028, -0.888263, -0.198921
-0.217288, 0.308657, -0.926022
0.883949, -0.340176, -0.320801

81
0.0121864, -0.0203881, 0.0405255
-0.0139915, -0.995852, -0.0899034
0.82212, 0.0397206, -0.567927
0.569142, -0.0818575, 0.818154

82
-0.0261821, -0.0276725, 0.0368172
0.304479, -0.806553, -0.506719
0.897788, 0.0652767, 0.435563
-0.318228, -0.587546, 0.743989

83
-0.0435821, -0.0206219, 0.0394713
0.182599, -0.572581, 0.799255
-0.662759, 0.528779, 0.530229
-0.726229, -0.626533, -0.282929

84
-0.000932326, -0.0302922, 0.0301408
-0.688, -0.555374, 0.467136
-0.477181, -0.138772, -0.867779
0.546768, -0.81994, -0.169539

85
-0.0436129, -0.0217915, 0.0339209
0.0840134, -0.367163, 0.926355
0.740446, 0.645128, 0.188545
-0.666844, 0.670075, 0.326064

86
-0.0174819, -0.0382184, 0.0371524
-0.122782, -0.27462, -0.953682
0.361574, -0.907284, 0.214708
-0.924223, -0.318465, 0.210694

87
-0.0391255, -0.00670478, 0.0463774
0.172685, -0.524164, 0.833926
-0.303368, 0.777184, 0.551319
-0.937095, -0.348191, -0.0248065

88
0.0281225, -0.0171032, 0.0210928
0.0112753, 0.987363, 0.158073
0.279774, -0.154885, 0.94749
0.96, 0.0335416, -0.277985

89
-0.000445197, -0.0182527, 0.0194049
-0.85166, -0.147084, -0.503033
-0.167789, 0.985814, -0.00417111
0.49651, 0.080851, -0.864257

90
0.00156379, -0.0120341, 0.0331034
-0.690656, 0.671594, 0.268245
0.0966934, -0.281836, 0.954578
0.71669, 0.685223, 0.129713

91
0.0035428, -0.0205499, 0.040474
-0.445373, 0.60892, 0.656399
-0.367895, -0.792835, 0.485867
0.81627, -0.025094, 0.577125

92
-0.0184275, -0.0121849, 0.0274088
-0.60448, -0.777949, -0.171461
-0.374437, 0.0874888, 0.923116
-0.703136, 0.622206, -0.344178

93
-0.00105518, -0.0384383, 0.041702
0.118394, -0.394911, -0.911059
0.522611, 0.804934, -0.280995
0.84431, -0.442861, 0.301685

94
-0.000487932, -0.015983, 0.0233141
0.52842, 0.523092, 0.668691
0.584586, -0.795355, 0.160219
0.615655, 0.306244, -0.726074

95
0.00324903, -0.0209899, 0.0264518
-0.490662, -0.084086, -0.867283
0.0407924, 0.992025, -0.119258
0.870395, -0.0938941, -0.483319

96
-0.0210505, -0.0138443, 0.0298398
-0.473894, -0.787721, 0.393598
0.0935771, 0.399395, 0.911991
-0.875596, 0.469019, -0.115558

97
-0.0327338, -0.0243038, 0.00613459
-0.639318, 0.632289, 0.437589
-0.172856, 0.436337, -0.883023
-0.749262, -0.640172, -0.169663

98
0.00348792, -0.0211126, 0.0275759
0.354182, 0.247048, 0.901955
-0.002698, -0.964202, 0.265157
0.935173, -0.0963473, -0.340836

99
-0.0190422, -0.0132145, 0.0253093
0.435072, -0.259772, -0.862108
-0.546693, -0.836998, -0.0236889
-0.71543, 0.481615, -0.50617

100
0.0195094, -0.0018272, 0.0240977
0.122887, -0.553025, -0.824052
-0.976762, 0.0795252, -0.199029
0.175601, 0.82936, -0.530401

101
-0.00848157, 0.0291712, -0.00668985
-0.734449, 0.433073, 0.522524
0.559429, 0.822219, 0.104859
-0.384217, 0.369329, -0.846152

102
0.00289746, -0.014909, 0.0372488
-0.590452, 0.684485, 0.427606
-0.0772932, -0.575347, 0.814249
0.803363, 0.447724, 0.39262

103
-0.0542092, -0.0318569, 0.0462714
0.0830863, -0.849397, -0.521173
-0.334376, -0.516425, 0.788352
-0.93877, 0.108767, -0.326926

104
-0.0440853, -0.0176796, 0.0319802
-0.00766674, -0.365763, 0.930677
-0.67662, 0.687188, 0.264496
-0.736292, -0.627687, -0.252751

105
0.00654669, -0.0305378, 0.023271
-0.61767, -0.786024, 0.0254768
0.215456, -0.200287, -0.955753
0.756348, -0.584851, 0.293065

106
0.00573109, -0.021351, 0.0351772
0.118394, -0.394911, -0.911059
0.159726, 0.913138, -0.375056
0.980036, -0.101116, 0.171188

107
-0.0229159, -0.012879, 0.0463818
-0.60448, -0.777949, -0.171461
-0.0768562, -0.157279, 0.984559
-0.792904, 0.608324, 0.0352817

108
0.00292749, -0.011744, 0.0346093
0.66814, -0.707564, -0.230092
0.0103503, 0.318057, -0.948015
0.743964, 0.631025, 0.21983

109
-0.0131429, -0.0367758, 0.0218472
-0.97085, 0.239083, -0.0170371
-0.0327353, -0.202671, -0.978699
-0.237443, -0.949612, 0.20459

110
-0.0138059, -0.0125815, 0.0503779
-0.701941, -0.703651, 0.110249
0.366496, -0.224118, 0.903024
-0.610704, 0.674275, 0.415203

111
-0.0419604, -0.0171772, 0.0435595
-0.2341, -0.702339, -0.672248
0.825356, -0.508995, 0.244361
-0.513795, -0.497639, 0.698835

112
-0.00368191, -0.013232, 0.0200345
0.489232, 0.697217, 0.523966
0.814523, -0.580022, 0.0112792
0.311776, 0.421264, -0.851664

113
0.00226877, -0.0174604, 0.023399
-0.653441, -0.120857, -0.747268
-0.197388, 0.980224, 0.0140708
0.730789, 0.156696, -0.664374

114
-0.04015, -0.0045563, 0.0425814
-0.0587721, -0.624374, 0.778911
-0.282088, 0.758848, 0.587007
-0.957587, -0.185222, -0.220727

115
-0.000356227, -0.0298808, 0.0505665
0.573329, 0.795845, 0.19474
-0.769372, 0.604669, -0.206016
-0.28171, -0.0317125, 0.958975

116
-0.00462314, -0.00890157, 0.0649236
-0.87037, 0.491762, -0.0250428
-0.425938, -0.777436, -0.462785
-0.247049, -0.392127, 0.886117

117
-0.0183848, -0.0305851, 0.0279703
-0.773469, 0.625224, -0.104117
0.250387, 0.150492, -0.956378
-0.582281, -0.765799, -0.272949

118
-0.00102134, -0.00955937, 0.0282561
-0.774633, 0.599211, 0.202214
0.320832, 0.0968037, 0.942176
0.544987, 0.794717, -0.267233

119
-0.043492, -0.0196613, 0.0318678
-0.00884866, -0.308544, 0.951169
0.747301, 0.629991, 0.211311
-0.664427, 0.712679, 0.225001

120
-0.00714763, 0.000976518, -0.00483468
0.0693194, 0.887834, 0.454912
0.997291, -0.0729253, -0.00964154
0.0246145, 0.454348, -0.890484

121
0.00534649, -0.000488703, -0.00974073
-0.821229, 0.570593, 0.0026943
0.143178, 0.201494, 0.968969
0.552344, 0.79613, -0.247169

122
0.000770886, -0.01739, 0.0260577
0.41598, 0.558979, 0.717288
0.498092, -0.799983, 0.334562
0.760832, 0.218105, -0.6112

123
-0.00806099, -0.0416161, 0.00584788
0.978406, 0.162263, -0.128034
0.125548, 0.0255259, 0.991759
0.164194, -0.986417, 0.00460281

124
-0.00917134, -0.0236892, 0.0530855
0.246324, 0.955143, 0.164396
-0.729564, 0.294398, -0.617305
-0.638013, 0.0321201, 0.769356

125
0.00930574, -0.0128209, -0.00431356
0.0112753, 0.987363, 0.158073
0.876652, -0.0858026, 0.473411
0.480992, 0.133238, -0.866542

126
-0.00248166, -0.0144842, 0.0198886
-0.754737, -0.411069, -0.511267
-0.523192, 0.847336, 0.0910645
0.395781, 0.33622, -0.854584

127
-0.0149584, -0.0100825, 0.0264605
0.347349, -0.28163, -0.894446
-0.820644, -0.552838, -0.144619
-0.453754, 0.784255, -0.423145

128
-0.0277468, -0.0223549, 0.0314018
-0.114378, 0.99251, -0.0429171
-0.628294, -0.105734, -0.770758
-0.769522, -0.0611934, 0.635681

129
-0.0223287, -0.0266777, -0.0147381
0.611075, 0.731259, -0.303064
0.732995, -0.378199, 0.565406
0.29884, -0.56765, -0.767117

130
-0.00325726, -0.0350449, 0.0464347
-0.974899, -0.18855, 0.118407
-0.0972807, -0.117635, -0.988281
0.200269, -0.974993, 0.0963401

131
-0.0062872, -0.015042, 0.0533002
0.976566, 0.174312, -0.12623
-0.0803146, 0.839319, 0.537674
0.19967, -0.514936, 0.83365

132
-0.0210106, -0.0110346, 0.0268017
0.655806, 0.682927, -0.321761
0.0140671, -0.437194, -0.899257
-0.754799, 0.585212, -0.296321

133
-0.0139682, -0.0028458, 0.062907
-0.432379, -0.828404, 0.356085
0.732339, -0.553018, -0.397305
0.52605, 0.0889884, 0.845785

134
-0.0187924, -0.0241309, 0.0504342
-0.703035, 0.640411, -0.309217
-0.711091, -0.627193, 0.317771
0.00956545, 0.443286, 0.896329

135
-0.00358313, -0.0169179, 0.0206585
0.653258, 0.623631, 0.429346
0.658455, -0.747868, 0.084436
0.373751, 0.227547, -0.899184

136
0.00055352, -0.00898522, 0.0332712
-0.778643, 0.492635, 0.388621
0.247752, -0.327646, 0.911738
0.576484, 0.8062, 0.133068

137
-0.000122989, -0.0391951, 0.0339467
0.354182, 0.247048, 0.901955
-0.360368, -0.853936, 0.375405
0.862954, -0.457997, -0.213421

138
0.000418248, -0.0390582, 0.0293144
0.487294, 0.0645386, 0.87085
-0.316715, -0.916299, 0.245128
0.813779, -0.39526, -0.426067

139
-0.045, -0.0147183, 0.0114117
0.0112753, 0.987363, 0.158073
0.480992, 0.133238, -0.866542
-0.876652, 0.0858026, -0.473411

140
-0.00908898, -0.0403609, 0.0338732
-0.0575155, -0.0778946, -0.995301
0.779597, 0.61926, -0.0935153
0.623635, -0.781313, 0.0251094

141
0.00944898, -0.0257098, 0.0237107
0.182599, -0.572581, 0.799255
-0.924575, -0.376486, -0.058482
0.334394, -0.728292, -0.59814

142
-0.0244097, -0.032502, 0.0342815
-0.589965, 0.762984, -0.264191
-0.397545, -0.559278, -0.727438
-0.70278, -0.324135, 0.633275

143
-0.0265911, -0.00881339, 0.030166
0.477112, 0.85318, 0.210826
-0.349385, 0.404257, -0.845285
-0.806408, 0.329637, 0.490964

144
-0.023068, -0.0331929, 0.0232603
0.697386, -0.716314, -0.0234078
-0.643297, -0.640029, 0.420157
-0.315946, -0.277953, -0.907149

145
-0.0183859, -0.039986, 0.0318606
0.44815, -0.197931, -0.871771
0.350682, -0.858092, 0.3751
-0.822304, -0.473815, -0.315143

146
-0.000620954, -0.0172052, 0.051888
0.611075, 0.731259, -0.303064
-0.29884, 0.56765, 0.767117
0.732995, -0.378199, 0.565406

147
-0.0181347, 0.00782303, -0.00779628
-0.974899, -0.18855, 0.118407
-0.200269, 0.974993, -0.0963401
-0.0972807, -0.117635, -0.988281

148
0.00876204, -0.0315939, 0.0324194
-0.57668, -0.813305, 0.0772986
0.451829, -0.396334, -0.799231
0.680655, -0.425974, 0.596033

149
0.0362443, -0.0543799, 0.058352
-0.0151666, 0.598256, 0.801162
-0.138118, -0.794826, 0.59091
0.9903, -0.101693, 0.0946846

150
-0.025587, -0.00635578, 0.0254767
-0.648905, -0.406183, 0.64338
-0.226659, 0.910389, 0.346147
-0.726325, 0.0787888, -0.682821

151
-0.0258129, -0.00995285, 0.0305886
0.538576, 0.838401, -0.0837894
-0.509809, 0.245079, -0.82464
-0.670844, 0.486847, 0.559418

152
-0.00660331, -0.0356247, 0.0475741
-0.445373, 0.60892, 0.656399
-0.652263, -0.722881, 0.228026
0.613348, -0.326589, 0.719127

153
0.00957471, -0.0278311, 0.0306627
-0.472187, -0.836957, -0.276664
0.666496, -0.13357, -0.733446
0.576908, -0.530718, 0.620898

154
-0.0256219, -0.0137511, 0.0199935
0.246324, 0.955143, 0.164396
-0.0647367, 0.185458, -0.980517
-0.967023, 0.230883, 0.107516

155
-0.0305305, -0.020491, 0.0276495
0.158289, 0.0362788, -0.986726
-0.624036, -0.770767, -0.128445
-0.765196, 0.636084, -0.0993643

156
-0.0227413, -0.0178576, -0.0158709
-0.815129, 0.526804, 0.240919
0.183607, 0.629407, -0.755073
-0.549412, -0.571247, -0.609773

157
-0.029093, -0.0266812, 0.027848
-0.268502, 0.180449, 0.946227
-0.825499, 0.463144, -0.322568
-0.496446, -0.867719, 0.0246057

158
-0.0153081, 0.000731411, 0.0282329
-0.420191, 0.0602714, 0.905432
0.494674, 0.851712, 0.172872
-0.760748, 0.520533, -0.387697

159
-0.00628366, -0.0373733, 0.0248069
0.978406, 0.162263, -0.128034
0.053157, 0.401068, 0.914505
0.199741, -0.901562, 0.383782

160
0.0049003, -0.0358656, 0.0387636
-0.733196, -0.491385, 0.470069
0.313542, -0.857681, -0.407523
0.60342, -0.151408, 0.782918

161
0.0130863, -0.0515703, 0.0455522
0.41598, 0.558979, 0.717288
-0.760832, -0.218105, 0.6112
0.498092, -0.799983, 0.334562

162
-0.00298683, -0.0134087, 0.050868
-0.876861, -0.28689, 0.385758
0.479517, -0.464654, 0.744419
-0.0343225, 0.83773, 0.545005

163
0.0218303, -0.0153768, 0.0152284
0.450984, -0.719794, 0.527741
0.464693, -0.315464, -0.827371
0.76202, 0.618369, 0.192214

164
-0.0331896, -0.0135184, -0.0101156
-0.639318, 0.632289, 0.437589
0.127032, 0.648107, -0.75088
-0.758377, -0.424463, -0.494667

165
-0.0159274, -0.00798729, 0.0477298
-0.473894, -0.787721, 0.393598
0.42153, 0.189507, 0.886792
-0.773134, 0.586159, 0.242242

166
-0.0250965, -0.0325352, 0.0279324
-0.565479, 0.804387, -0.182196
-0.277951, -0.393847, -0.876143
-0.776515, -0.444799, 0.446293

167
-0.0193503, -0.00663402, 0.0193304
-0.796386, -0.604754, 0.00643829
0.0621068, -0.0711884, 0.995527
-0.601591, 0.793224, 0.0942528

168
0.00472006, -0.0289152, 0.0475173
-0.414028, -0.888263, -0.198921
0.137525, 0.154982, -0.978298
0.899815, -0.4324, 0.0579915

169
0.00835443, -0.032367, 0.0291432
0.52842, 0.523092, 0.668691
0.304486, -0.852007, 0.425879
0.792503, -0.0214364, -0.609491

170
0.0107545, -0.0290132, 0.0323497
0.219938, 0.422514, -0.879266
0.880229, 0.302574, 0.365575
0.420504, -0.85436, -0.305362

171
0.000936602, -0.0190226, -0.0171429
-0.683002, -0.712724, -0.159791
-0.658593, 0.506322, 0.556681
-0.315854, 0.485452, -0.815213

172
-0.0274971, -0.0119111, 0.0266993
-0.0874798, 0.350406, 0.932504
0.934691, 0.352623, -0.0448198
-0.344528, 0.867682, -0.358369

173
0.0121064, -0.0275329, 0.0321497
0.167845, 0.378501, -0.910255
0.84512, 0.42014, 0.330537
0.507543, -0.824754, -0.24936

174
0.00736306, -0.0303483, 0.0388922
-0.268502, 0.180449, 0.946227
-0.934756, -0.286078, -0.210691
0.232675, -0.941062, 0.245489

175
-0.0136386, 0.0332668, 0.0625424
-0.648905, -0.406183, 0.64338
0.584298, 0.275599, 0.763309
-0.487358, 0.871241, 0.0584941

176
-0.0131701, -0.00875399, 0.0136804
0.883199, 0.456227, 0.108702
0.212707, -0.183089, -0.959809
-0.417989, 0.870825, -0.258747

177
-0.0188101, -0.0231888, 0.0513946
0.667255, -0.684396, 0.293892
0.744772, 0.608189, -0.274627
0.00921201, 0.402129, 0.915537

178
-0.00637175, -0.0371754, 0.0220821
0.976566, 0.174312, -0.12623
0.0843971, 0.229373, 0.969673
0.197979, -0.957603, 0.209287

179
-0.0274971, -0.0119111, 0.0266993
-0.0874798, 0.350406, 0.932504
0.934691, 0.352623, -0.0448198
-0.344528, 0.867682, -0.358369

180
-0.0292592, -0.0149125, 0.026907
0.0189864, -0.747946, -0.663488
-0.86595, -0.344013, 0.363024
-0.49977, 0.567655, -0.654215

181
-0.0151162, 0.00209008, 0.0285776
-0.474407, 0.00755581, 0.880273
0.537825, 0.794126, 0.283034
-0.696909, 0.607706, -0.380803

182
0.0117018, -0.0224016, 0.0358929
-0.0493638, 0.64121, 0.765776
0.508832, -0.643608, 0.571716
0.859449, 0.417873, -0.294498

183
-0.00776128, -0.0343436, 0.0469643
-0.734449, 0.433073, 0.522524
-0.569055, 0.0265662, -0.82187
-0.369812, -0.900967, 0.226931

184
-0.00573983, 0.00189775, -0.0122582
0.281146, -0.864391, -0.416877
-0.666337, 0.136781, -0.732998
0.690618, 0.483859, -0.53752

185
-0.0145692, -0.0150338, 0.0514041
0.883199, 0.456227, 0.108702
-0.145156, 0.486303, -0.861649
-0.44597, 0.745229, 0.495726

186
0.00934103, -0.00702465, 0.0301992
-0.0575155, -0.0778946, -0.995301
0.110282, 0.990354, -0.0838803
0.992235, -0.114589, -0.0483703

187
-0.0209595, -0.03055, 0.0473087
-0.773469, 0.625224, -0.104117
0.00849775, -0.154022, -0.988031
-0.633777, -0.765096, 0.113818

188
-0.0311079, -0.0183713, 0.0321896
-0.0587721, -0.624374, 0.778911
-0.627068, 0.630202, 0.457855
-0.776745, -0.461521, -0.428563

189
0.00446711, 0.00746647, 0.070406
-0.87037, 0.491762, -0.0250428
-0.488057, -0.868318, -0.0884549
-0.0652438, -0.0647661, 0.995765

190
0.0154373, -0.04133, 0.0508586
0.573329, 0.795845, 0.19474
-0.818613, 0.546506, 0.17665
0.0341592, -0.260695, 0.964817

191
0.00136923, -0.0333407, 0.0188861
-0.684066, -0.686775, 0.24575
-0.154827, -0.192524, -0.969001
0.712799, -0.70091, 0.0253675

192
-0.025871, -0.0285849, 0.0219712
-0.633219, 0.666142, 0.394066
-0.38398, 0.171688, -0.907239
-0.672007, -0.725795, 0.147069

193
-0.0219351, -0.00607278, 0.0200028
-0.531796, 0.237564, 0.81287
0.15108, 0.971064, -0.184957
-0.833288, 0.0244488, -0.552299

194
-0.0227352, -0.032848, 0.0212377
-0.525911, 0.797106, -0.296715
0.0461007, -0.321627, -0.945743
-0.84929, -0.511055, 0.1324

195
-0.0232949, -0.00493577, 0.0377897
0.0403698, -0.343716, 0.938205
0.192412, 0.924071, 0.330259
-0.980484, 0.167189, 0.10344

196
-0.0257214, -0.00586678, 0.0282164
-0.659244, -0.745814, 0.0956996
-0.571195, 0.579486, 0.58132
-0.489013, 0.328569, -0.808028

197
-0.0166482, -0.0092077, -0.000912404
-0.778643, 0.492635, 0.388621
0.582823, 0.338389, 0.73879
0.232449, 0.80175, -0.550603

198
0.0115944, -0.0225986, 0.0266862
-0.0730229, 0.801927, -0.592942
0.864499, 0.347347, 0.363305
0.497301, -0.486068, -0.71863

199
-0.0215791, -0.0161993, 0.0324513
-0.12445, -0.00658713, -0.992204
-0.298795, -0.953311, 0.0438061
-0.946168, 0.301918, 0.116671

200
0.0128313, -0.0189159, 0.0315466
-0.0438889, 0.35554, -0.93363
0.646041, 0.722937, 0.244935
0.76204, -0.592413, -0.261422

201
-0.0145827, -0.018059, 0.0525539
0.548773, -0.781052, 0.298005
0.789876, 0.367711, -0.4908
0.273761, 0.504724, 0.818724

202
-0.0280877, -0.0282575, 0.0278945
0.478829, -0.772374, -0.417326
-0.583045, -0.635167, 0.506578
-0.65634, 0.000755391, -0.754465

203
0.000293994, -0.00805991, 0.0156331
0.66814, -0.707564, -0.230092
-0.27514, 0.0523641, -0.959977
0.691294, 0.704706, -0.159693

204
-0.0243008, -0.012067, 0.0175257
-0.330937, 0.618304, 0.712868
0.0758245, 0.770416, -0.633017
-0.940602, -0.155436, -0.301841

205
-0.023, -0.0348573, 0.0230388
-0.514523, 0.757003, -0.402755
0.0703541, -0.430846, -0.899679
-0.854585, -0.491241, 0.168422

206
-0.00115508, -0.0389529, 0.0330265
0.413975, 0.197194, 0.888673
-0.345159, -0.869348, 0.353693
0.842313, -0.453153, -0.291825

207
0.000686197, -0.0200348, 0.0508748
-0.690656, 0.671594, 0.268245
-0.184932, -0.522606, 0.832276
0.699138, 0.525209, 0.48514

208
-0.0105768, -0.0412602, 0.0283387
-0.943782, -0.0220148, 0.329836
-0.220681, 0.784846, -0.579065
-0.246123, -0.619299, -0.745582

209
-0.0211695, -0.0357999, 0.0267153
-0.0438889, 0.35554, -0.93363
0.995664, 0.0922942, -0.0116581
0.0820237, -0.930093, -0.358049

210
0.00284123, 0.0130838, 0.0291939
-0.12445, -0.00658713, -0.992204
-0.880322, -0.460605, 0.113475
-0.457761, 0.887581, 0.0515234

211
-0.0239251, -0.0348862, 0.0241476
-0.474407, 0.00755581, 0.880273
-0.11249, 0.991245, -0.0691327
-0.873089, -0.131819, -0.469404

212
0.00598385, 0.000336635, 0.00974041
-0.821229, 0.570593, 0.0026943
-0.0790934, -0.118509, 0.989798
0.565091, 0.812637, 0.142453

213
0.00740572, -0.0335271, 0.0347856
0.41598, 0.558979, 0.717288
0.169019, -0.822553, 0.542991
0.893529, -0.104638, -0.436644

214
-0.0367457, -0.0404137, 0.0404589
0.478829, -0.772374, -0.417326
-0.287493, -0.587107, 0.756739
-0.8295, -0.24237, -0.503176

215
-0.00051098, -0.0129441, 0.0400468
0.548773, -0.781052, 0.298005
0.624986, 0.146571, -0.766752
0.555194, 0.607022, 0.568581

216
-0.0155576, -0.00044706, 0.03716
-0.346763, -0.376592, 0.859031
0.444873, 0.74025, 0.504101
-0.825738, 0.556963, -0.0891557

217
-0.0267514, -0.00323383, 0.0583753
-0.61767, -0.786024, 0.0254768
0.781226, -0.616978, -0.0949944
0.0903866, -0.0387721, 0.995152

218
-0.0147747, -0.00444226, 0.0187844
-0.943782, -0.0220148, 0.329836
0.0179899, 0.992881, 0.117745
-0.33008, 0.117059, -0.936667

219
-0.0166399, -0.00157639, 0.0253965
-0.493635, 0.127684, 0.860245
0.369257, 0.926345, 0.0743967
-0.787384, 0.354377, -0.504424

220
-0.0134968, 0.000478606, 0.0252754
-0.814243, 0.0772539, 0.575361
0.31976, 0.886889, 0.333437
-0.484523, 0.455477, -0.746846

221
-0.0523173, -0.0435547, 0.0401595
0.450984, -0.719794, 0.527741
0.526184, 0.692021, 0.494204
-0.720932, 0.054811, 0.690834

222
-0.0121473, -0.0148916, 0.0527701
-0.61767, -0.786024, 0.0254768
0.687169, -0.555176, -0.468592
0.382468, -0.271928, 0.883048

223
0.000716813, -0.00165099, 0.0260094
-0.490662, -0.084086, -0.867283
-0.295398, 0.952443, 0.0747778
0.81975, 0.292885, -0.492167

224
-0.0131701, -0.00875399, 0.0136804
0.883199, 0.456227, 0.108702
0.212707, -0.183089, -0.959809
-0.417989, 0.870825, -0.258747

225
0.04334, -0.0118387, -0.0128761
0.0112753, 0.987363, 0.158073
0.625854, -0.130259, 0.768986
0.779859, 0.0902603, -0.619413

226
0.00933453, -0.01245, 0.0232116
0.548773, -0.781052, 0.298005
0.364948, -0.0968831, -0.925973
0.752105, 0.616905, 0.231877

227
-0.0289338, -0.0236455, 0.0253038
0.347349, -0.28163, -0.894446
-0.584531, -0.810877, 0.02832
-0.733261, 0.512995, -0.446278

228
-0.0162862, -0.0373948, 0.0410626
-0.364639, 0.549947, 0.751397
-0.401145, 0.635455, -0.659757
-0.840311, -0.541992, -0.0111031

229
0.00186167, -0.00717427, 0.0195606
-0.689923, -0.182963, -0.700379
-0.0422725, 0.976063, -0.21334
0.722647, -0.117581, -0.681143

230
0.0113317, -0.00185214, 0.011871
-0.760196, 0.636503, -0.130256
-0.217943, -0.0609625, 0.974056
0.612048, 0.768862, 0.185065

231
0.0183218, -0.00757337, 0.0704223
-0.383401, 0.923134, -0.0287742
-0.919366, -0.384439, -0.0835077
-0.0881507, -0.00556288, 0.996092

232
-0.00159219, -0.000200867, 0.0310424
-0.404356, 0.0792096, -0.911165
-0.376374, 0.893567, 0.244706
0.83357, 0.441887, -0.331506

233
-0.0171353, -0.0140822, 0.0509222
-0.575114, -0.817995, 0.011302
0.354465, -0.236717, 0.90461
-0.737292, 0.52426, 0.42609

234
-0.025839, -0.0106332, 0.0245095
-0.0151666, 0.598256, 0.801162
0.967773, 0.210215, -0.138654
-0.251367, 0.77324, -0.582164

235
-0.00721941, -0.0177051, -0.0177152
-0.87037, 0.491762, -0.0250428
0.391243, 0.65979, -0.641565
-0.298974, -0.568197, -0.766659

236
-0.0164207, 0.000243642, -0.0252482
0.573329, 0.795845, 0.19474
0.554692, -0.202098, -0.807139
-0.603001, 0.570777, -0.557318

237
-0.0326633, -0.0385607, -0.00701841
-0.774633, 0.599211, 0.202214
0.62628, 0.771268, 0.113664
-0.0878524, 0.21469, -0.972723

238
-0.0119275, -0.0139925, 0.0527359
-0.525911, 0.797106, -0.296715
-0.56794, -0.588795, -0.575121
-0.633137, -0.133946, 0.762363

239
-0.0035955, -0.0162694, 0.052774
-0.684066, -0.686775, 0.24575
0.394546, -0.631753, -0.66725
0.613504, -0.359483, 0.703125

240
-0.0024289, -0.0279334, 0.0528613
0.477112, 0.85318, 0.210826
-0.817269, 0.518941, -0.250542
-0.323164, -0.0527645, 0.944871

241
-0.0150734, -0.0407631, 0.0346303
-0.531796, 0.237564, 0.81287
-0.482394, 0.703934, -0.521319
-0.696053, -0.669358, -0.25975

242
0.00759336, -0.0320938, 0.0256965
0.653258, 0.623631, 0.429346
0.465305, -0.778019, 0.422112
0.597281, -0.075971, -0.798426

243
-0.0157388, -0.040055, 0.0245985
0.0403698, -0.343716, 0.938205
-0.557251, 0.771637, 0.306671
-0.829362, -0.535196, -0.160385

244
0.0348762, -0.00319975, 0.0500551
-0.0730229, 0.801927, -0.592942
0.259648, 0.589314, 0.765044
0.962938, -0.0980906, -0.251252

245
-0.0118328, -0.0222847, 0.052696
-0.87037, 0.491762, -0.0250428
-0.298974, -0.568197, -0.766659
-0.391243, -0.65979, 0.641565

246
-0.041903, 0.0106686, 0.0546534
-0.0587721, -0.624374, 0.778911
0.105838, 0.771965, 0.626792
-0.992645, 0.119276, 0.0207123

247
-0.0113777, -0.024791, 0.0107097
-0.773469, 0.625224, -0.104117
0.454157, 0.432095, -0.779125
-0.442139, -0.649915, -0.618162

248
-0.0140053, -0.0181903, 0.0429747
0.573329, 0.795845, 0.19474
-0.603001, 0.570777, -0.557318
-0.554692, 0.202098, 0.807139

249
-0.00367079, -0.0358329, 0.0438818
-0.548711, 0.353192, 0.757741
-0.784838, 0.0946164, -0.612435
-0.288002, -0.930754, 0.225281

250
-0.0118273, -0.0189893, 0.0531404
-0.693684, 0.69329, -0.195324
-0.640818, -0.470216, 0.606835
0.328868, 0.546119, 0.770454

251
-0.018249, -0.00829092, -7.6939e-05
-0.796386, -0.604754, 0.00643829
-0.17284, 0.237784, 0.955816
-0.579565, 0.760086, -0.293894

252
-0.0151118, -0.0302205, 0.0510662
-0.821229, 0.570593, 0.0026943
-0.552344, -0.79613, 0.247169
0.143178, 0.201494, 0.968969

253
-0.0254695, -0.0553059, 0.0627436
-0.590452, 0.684485, 0.427606
-0.77179, -0.633819, -0.0511342
0.236024, -0.360214, 0.902518

254
-0.0187496, -0.0315465, 0.0176435
0.5382, 0.388542, -0.747914
0.83987, -0.173098, 0.514447
0.0704222, -0.905026, -0.419486

255
-0.0310312, -0.0237525, 0.031275
0.122887, -0.553025, -0.824052
-0.536025, -0.735796, 0.413862
-0.83521, 0.390854, -0.386855

256
0.00573611, -0.0177205, 0.0493429
-0.114378, 0.99251, -0.0429171
-0.988405, -0.118035, -0.0955134
-0.0998637, 0.0314948, 0.994503

257
-0.0177064, -0.037548, 0.024424
-0.814243, 0.0772539, 0.575361
-0.116504, 0.949196, -0.292324
-0.568714, -0.305055, -0.763876

258
-0.0102158, 0.0290567, 0.021993
-0.689923, -0.182963, -0.700379
-0.54088, 0.773323, 0.330787
0.481098, 0.607038, -0.632494

259
-0.0128918, -0.0210839, 0.0528825
-0.383401, 0.923134, -0.0287742
-0.587758, -0.267906, -0.763392
-0.712422, -0.275773, 0.645294

260
-0.00533699, -0.0152672, 0.0435988
-0.760196, 0.636503, -0.130256
-0.586892, -0.586774, 0.557901
0.278674, 0.50056, 0.819622

261
-0.0181628, -0.00699079, 0.0178992
-0.364639, 0.549947, 0.751397
0.310537, 0.832581, -0.458668
-0.877841, 0.0660886, -0.47437

262
-0.0258705, -0.0289786, 0.0303845
-0.417752, 0.888487, -0.189934
-0.445227, -0.382418, -0.809647
-0.791995, -0.253668, 0.555334

263
0.00505728, -0.00349402, 0.0273492
0.118394, -0.394911, -0.911059
-0.227476, 0.882325, -0.412017
0.96656, 0.256024, 0.0146297

264
-0.000102095, -0.0202314, 0.0519121
0.66814, -0.707564, -0.230092
0.294265, 0.53533, -0.791726
0.683372, 0.461276, 0.565886

265
-0.0252148, -0.0205937, 0.0486231
-0.0139915, -0.995852, -0.0899034
0.983771, -0.0297953, 0.176938
-0.178883, -0.0859687, 0.980107

266
0.00163484, -0.0311665, 0.0194969
-0.659244, -0.745814, 0.0956996
-0.74968, 0.642091, -0.160306
0.0581109, -0.177425, -0.982417

267
-0.0511606, -0.00858747, -0.0264433
0.0112753, 0.987363, 0.158073
0.779859, 0.0902603, -0.619413
-0.625854, 0.130259, -0.768986

268
-0.0265244, -0.027199, 0.0238965
0.219938, 0.422514, -0.879266
0.919757, -0.390171, 0.0425772
-0.325075, -0.818076, -0.474424

269
0.00304328, -0.0107318, 0.0473009
-0.774633, 0.599211, 0.202214
0.0878524, -0.21469, 0.972723
0.62628, 0.771268, 0.113664

270
-0.0266642, -0.0103194, 0.0350547
-0.00884866, -0.308544, 0.951169
0.944681, 0.309305, 0.109122
-0.327871, 0.899517, 0.288739

271
0.00430292, -0.00649392, 0.0216904
0.697386, -0.716314, -0.0234078
-0.678287, -0.649111, -0.344356
0.231472, 0.256026, -0.938547

272
0.00309993, -0.0183229, 0.0502101
-0.778643, 0.492635, 0.388621
0.00828178, -0.611225, 0.791413
0.627413, 0.619447, 0.471846

273
-0.00850822, -0.0157036, 0.0534533
-0.97085, 0.239083, -0.0170371
-0.191045, -0.814788, -0.547378
-0.14475, -0.528167, 0.836712

274
-0.0178199, -0.0145322, 0.0123707
-0.701941, -0.703651, 0.110249
-0.172681, 0.318309, 0.932127
-0.690985, 0.63526, -0.344941

275
-0.00693658, -0.0396967, 0.0232382
-0.648905, -0.406183, 0.64338
-0.673861, 0.699454, -0.238064
-0.353318, -0.58803, -0.72759

276
-0.0267797, -0.0310628, 0.0267825
0.435072, -0.259772, -0.862108
-0.231295, -0.957591, 0.171817
-0.870181, 0.124649, -0.476705

277
-0.059899, 0.00739131, -0.00931595
0.0693194, 0.887834, 0.454912
0.722596, 0.269706, -0.636485
-0.687786, 0.372838, -0.62285

278
-0.0139988, 0.000449202, 0.0248836
-0.754737, -0.411069, -0.511267
-0.634825, 0.65417, 0.411168
0.165437, 0.634888, -0.754683

279
-0.03933, -0.0691857, 0.0537888
0.487294, 0.0645386, 0.87085
-0.873035, 0.0145206, 0.487441
0.0188135, -0.99781, 0.0634203

280
-0.015022, -0.00332471, 0.0417062
-0.733196, -0.491385, 0.470069
0.64839, -0.713534, 0.265444
0.204975, 0.49941, 0.841769

281
0.00611713, -0.0245162, 0.0473903
-0.688, -0.555374, 0.467136
-0.231619, -0.441986, -0.866603
0.687757, -0.70442, 0.175451

282
0.00203587, -0.0257474, 0.0515516
0.538576, 0.838401, -0.0837894
-0.834847, 0.51755, -0.18754
-0.113869, 0.170956, 0.978677

283
-0.002454, -0.024026, 0.0518932
-0.633219, 0.666142, 0.394066
-0.746695, -0.391812, -0.537522
-0.203666, -0.634616, 0.745508

284
-0.000844246, -0.0396141, 0.0305732
-0.490662, -0.084086, -0.867283
0.370773, 0.88058, -0.295138
0.788529, -0.466378, -0.40089

285
0.0016528, -0.0467706, -0.00872185
-0.473894, -0.787721, 0.393598
-0.773134, 0.586159, 0.242242
-0.42153, -0.189507, -0.886792

286
-0.00162229, -0.0247005, 0.0521617
-0.639318, 0.632289, 0.437589
-0.758377, -0.424463, -0.494667
-0.127032, -0.648107, 0.75088

287
0.0107167, -0.0259336, 0.0234918
0.489232, 0.697217, 0.523966
0.63321, -0.697081, 0.336338
0.599748, 0.167233, -0.782519

288
-0.0242124, -0.0250223, 0.0455753
-0.2341, -0.702339, -0.672248
0.95915, -0.279812, -0.0416729
-0.158835, -0.654542, 0.739152

289
0.00326422, -0.0368126, 0.0256584
-0.653441, -0.120857, -0.747268
0.0972984, 0.965574, -0.241245
0.750698, -0.230347, -0.619186

290
-0.0038976, -0.0120966, 0.0523729
-0.565479, 0.804387, -0.182196
-0.745621, -0.593013, -0.30395
-0.352538, -0.0360285, 0.935104

291
0.0276269, 0.00939715, 0.0494249
-0.565479, 0.804387, -0.182196
-0.776515, -0.444799, 0.446293
0.277951, 0.393847, 0.876143

292
-0.00428949, 0.000698974, 0.0261969
-0.653441, -0.120857, -0.747268
-0.462024, 0.845644, 0.267245
0.599624, 0.519884, -0.608417

293
-0.0252059, -0.0303089, 0.0241153
0.167845, 0.378501, -0.910255
0.956477, -0.286106, 0.0574004
-0.238703, -0.880273, -0.410049

294
-0.0110882, -0.0383502, -0.0131461
0.978406, 0.162263, -0.128034
0.178826, -0.353903, 0.918027
0.10365, -0.921099, -0.375277

295
-0.018742, -0.00270898, 0.023214
0.44815, -0.197931, -0.871771
-0.333487, -0.941801, 0.0423957
-0.829426, 0.271725, -0.488076

296
-0.00195766, -0.013766, 0.0520858
-0.432379, -0.828404, 0.356085
0.475282, -0.544976, -0.69073
0.766261, -0.129416, 0.629361

297
-0.0178687, -0.0216273, 0.010723
0.655806, 0.682927, -0.321761
0.301845, -0.627865, -0.717408
-0.69196, 0.373359, -0.617896

298
-0.0224381, -0.0153365, 0.047501
-0.472187, -0.836957, -0.276664
0.879219, -0.469723, -0.0795828
-0.063348, -0.280826, 0.957666

299
0.0253082, -0.0319234, 0.0161899
-0.472187, -0.836957, -0.276664
-0.277937, 0.439205, -0.854313
0.836535, -0.3265, -0.440008

300
-0.00565751, 0.0135223, 0.020731
-0.122782, -0.27462, -0.953682
-0.715502, -0.641425, 0.276821
-0.687736, 0.71635, -0.117736

301
0.00381254, -0.0318588, 0.0216755
0.172685, -0.524164, 0.833926
-0.981857, -0.0242712, 0.188062
-0.078335, -0.851272, -0.518845

302
-0.000301712, -0.000873727, 0.0268874
0.487294, 0.0645386, 0.87085
0.351478, -0.927413, -0.127943
0.79938, 0.36843, -0.474606

303
-0.00359519, -0.0171034, 0.01208
-0.414028, -0.888263, -0.198921
-0.539021, 0.415341, -0.732768
0.73351, -0.196164, -0.650755

304
0.00273853, -0.00255555, 0.0336459
0.158289, 0.0362788, -0.986726
-0.982335, -0.0952354, -0.161086
-0.0998153, 0.994793, 0.0205633

305
-0.0211868, -0.0317448, 0.0197549
-0.815129, 0.526804, 0.240919
-0.258663, 0.0411252, -0.965092
-0.518322, -0.848991, 0.102742

306
-0.0129722, -0.0124305, 0.0523808
