0
-0.0277738, -0.0541488, -0.00573322
-0.996682, 0.0805748, -0.0115097
0.0114596, -0.0010837, -0.999934
-0.080582, -0.996748, 0.000156745

1
0.0149166, 0.0779074, -0.00436961
0.805004, -0.593082, 0.0149262
-0.00731091, -0.0350743, -0.999358
0.593225, 0.804378, -0.0325709

2
0.0708025, 0.0351999, -0.00142597
0.490999, -0.870925, 0.0202446
-0.0194242, -0.0341777, -0.999227
0.870944, 0.490226, -0.0336982

3
0.0338583, 0.0613484, -0.00433278
0.833767, -0.551992, 0.0116811
-0.00783963, -0.0329911, -0.999425
0.55206, 0.833196, -0.0318343

4
0.0279273, 0.039684, -0.0027909
0.999789, -0.0134541, -0.015551
-0.015563, -0.000787583, -0.999879
0.0134403, 0.999909, -0.000996803

5
-0.0626375, -0.092156, 0.00381648
-0.696033, -0.553938, 0.456828
-0.391101, -0.241076, -0.888213
0.602145, -0.796891, -0.0488492

6
-0.0369957, -0.106098, 0.00601037
-0.582472, -0.674079, 0.45425
-0.301216, -0.340054, -0.89086
0.75498, -0.655729, -0.00497146

7
-0.00133127, -0.00398773, -0.00382821
0.126655, 0.991921, -0.00712384
0.0206663, -0.00981878, -0.999738
-0.991732, 0.126474, -0.0217429

8
0.0318404, 0.0566258, -0.00408067
0.859148, -0.511628, 0.0100686
-0.00506122, -0.0281705, -0.99959
0.511702, 0.858745, -0.0267921

9
-0.0251892, -0.0754864, -0.000399367
-0.943479, -0.330823, -0.0200698
0.0145802, 0.0190673, -0.999712
0.331111, -0.9435, -0.0131661

10
0.0112193, 0.0493541, -0.00596945
-0.931306, 0.363596, -0.0215849
0.172647, 0.38848, -0.905139
-0.32072, -0.846688, -0.424568

11
-0.0129753, 0.00879839, -0.000724447
0.923078, 0.384195, 0.0179344
0.00104361, 0.0441276, -0.999025
-0.384612, 0.922197, 0.0403323

12
-0.0572593, 0.0302663, 0.000169689
0.871458, 0.490267, 0.0141305
0.0131906, 0.00537252, -0.999899
-0.490293, 0.871556, -0.001785

13
-0.0812434, -0.00445573, -0.00636362
-0.242746, 0.970019, -0.0117323
0.0149274, -0.00835755, -0.999854
-0.969975, -0.242886, -0.0124511

14
-0.032049, 0.0506501, -0.00934224
-0.972816, -0.229469, 0.0311741
-0.126593, 0.414235, -0.901323
0.193913, -0.880769, -0.432023

15
-0.078994, -0.0153573, 0.00658612
0.206798, -0.978372, -0.00483051
-0.288071, -0.0561696, -0.95596
0.935013, 0.199082, -0.293456

16
-0.0348829, -0.00674041, -0.0110685
0.13466, -0.990858, 0.00825591
-0.163942, -0.0304955, -0.985999
0.977236, 0.131421, -0.16655

17
0.00627725, -0.0984371, -0.00203701
-0.983585, -0.180178, -0.00979416
0.0013493, 0.0469325, -0.998897
0.180439, -0.982514, -0.045919

18
0.00035384, -0.00513093, -0.00482968
0.283739, 0.958897, 0.00293966
0.0408892, -0.00903618, -0.999123
-0.958029, 0.28361, -0.0417724

19
-0.0199236, 0.0113273, -0.0053101
-0.948135, -0.317526, 0.0147505
-0.0302868, 0.0440485, -0.99857
0.316423, -0.947226, -0.0513808

20
0.00456403, -0.00431429, -0.00740945
0.0611905, 0.99807, -0.010554
0.0925551, -0.0162021, -0.995576
-0.993826, 0.059943, -0.0933679

21
-0.0587423, 0.12744, 0.014834
-0.0070672, 0.963312, 0.268292
0.00685309, 0.268339, -0.9633
-0.999952, -0.0049692, -0.00849807

22
-0.0666618, 0.0260341, -0.00437754
-0.450668, -0.892683, -0.00391467
-0.348966, 0.180207, -0.919646
0.821657, -0.413089, -0.39273

23
0.00401218, 0.0513499, -0.0129976
-0.965567, 0.259557, -0.0176506
0.130836, 0.425834, -0.895292
-0.224863, -0.866773, -0.445131

24
0.0665623, -0.105565, 0.0313858
-0.792445, -0.609804, -0.0130565
0.279635, -0.344197, -0.896288
0.542066, -0.71391, 0.44328

25
-0.0210181, 0.0758984, 0.00460634
-0.954127, -0.297889, -0.0300796
-0.0537922, 0.269385, -0.961529
0.294532, -0.915802, -0.273052

26
-0.0175089, 0.0602235, -0.00292151
-0.997483, -0.0708193, 0.00346603
-0.0289715, 0.36247, -0.931545
0.0647151, -0.929301, -0.363609

27
-0.0864695, 0.0287788, 0.000453236
-0.2982, 0.954195, -0.0242704
0.00352937, -0.0243248, -0.999698
-0.954497, -0.298196, 0.00388595

28
-0.0566633, 0.0326659, -0.0135654
-0.588367, -0.808552, -0.00825765
-0.364796, 0.274541, -0.889692
0.721629, -0.520453, -0.456487

29
0.0658097, 0.0116243, 0.00835893
-0.46309, 0.884439, -0.0575795
0.254746, 0.0705974, -0.964428
-0.848912, -0.461285, -0.258

30
0.0946364, 0.0125248, -6.15692e-05
0.156826, -0.987403, 0.0209749
-0.00304214, -0.0217205, -0.999759
0.987622, 0.156725, -0.00641016

31
-0.0230687, -0.0197494, -0.00940227
0.898489, -0.438833, -0.0119593
-0.0691218, -0.114516, -0.991014
0.43352, 0.891242, -0.133224

32
0.0435067, 0.0808026, -0.00462439
0.863001, -0.505158, 0.0066671
-0.0132786, -0.0358733, -0.999268
0.505027, 0.862281, -0.0376665

33
-0.0694842, 0.0253837, -0.00327959
-0.457378, -0.889263, 0.00399344
-0.331414, 0.166287, -0.928716
0.825209, -0.426098, -0.370771

34
0.0506487, 0.0284272, 0.00300668
-0.443007, 0.896436, -0.0120929
0.278596, 0.124833, -0.952261
-0.852132, -0.425228, -0.305045

35
0.0831711, -0.0182639, 0.0115955
-0.741462, 0.649842, -0.167152
0.252471, 0.0393857, -0.966803
-0.621685, -0.759049, -0.193269

36
0.0875631, -0.00837265, 0.00907137
-0.844096, 0.503662, -0.18392
0.250945, 0.0679542, -0.965613
-0.473844, -0.861224, -0.183751

37
-0.075374, -0.0166253, -0.00550504
0.307187, -0.951453, -0.0193125
-0.343704, -0.0919991, -0.934561
0.887414, 0.293723, -0.355279

38
0.0491733, 0.0821469, -0.00407958
0.829561, -0.558352, 0.00842708
-0.00795978, -0.0269129, -0.999606
0.558359, 0.829167, -0.0267703

39
0.0390942, -0.121719, 0.0246719
-0.920456, -0.390168, -0.0230121
0.16661, -0.338432, -0.926124
0.353556, -0.85629, 0.376518

40
-0.00385835, -0.0167542, -0.0108047
0.894883, 0.445998, 0.016454
0.0598302, -0.0833499, -0.994723
-0.442273, 0.891144, -0.101273

41
0.0492006, -0.0366803, 0.0038431
0.511229, 0.859355, 0.0123825
0.253867, -0.137229, -0.957455
-0.821095, 0.492622, -0.288317

42
-0.0204861, 0.0142911, -0.00728643
-0.951366, -0.307701, 0.0149071
-0.0421035, 0.081937, -0.995748
0.305171, -0.947948, -0.0909074

43
-0.0684377, -0.0450858, 0.000879675
0.648303, -0.761212, -0.0160952
-0.228965, -0.174755, -0.95762
0.726139, 0.624513, -0.287585

44
-0.0986277, -0.10001, 0.0245783
-0.754645, 0.656097, 0.00689219
-0.274179, -0.305784, -0.911768
-0.596101, -0.689951, 0.410647

45
-0.0384743, 0.0575448, -0.01073
-0.252857, -0.937908, -0.237469
-0.341028, 0.316093, -0.885316
0.905408, -0.142875, -0.399779

46
0.0522818, -0.00237348, -0.0017626
0.0404724, 0.999179, 0.00207021
0.340231, -0.0118331, -0.940267
-0.93947, 0.0387592, -0.340431

47
-0.0809691, 0.0182747, 0.000234604
-0.342132, -0.939626, 0.00689933
-0.28461, 0.0966278, -0.953761
0.895512, -0.328276, -0.300487

48
0.0465683, -0.0435239, 0.0073885
0.615652, 0.787788, 0.019044
0.229885, -0.156433, -0.960563
-0.753741, 0.595751, -0.277409

49
-0.0955031, 0.0783713, 0.0124014
-0.74748, 0.617875, 0.243937
-0.109676, 0.247388, -0.962689
-0.655168, -0.746345, -0.117151

50
-0.0739489, -0.0479546, 0.00549912
0.644937, -0.764029, -0.0177578
-0.206114, -0.151517, -0.966726
0.735916, 0.627138, -0.255196

51
0.0542861, -0.112946, 0.0160105
-0.853155, -0.521578, -0.00909446
0.202817, -0.315589, -0.926968
0.480616, -0.792692, 0.375031

52
-0.0760047, -0.114691, 0.0143543
-0.877904, 0.478593, 0.0153047
-0.1763, -0.293348, -0.939609
-0.445201, -0.827584, 0.341907

53
-0.0632189, -0.12645, 0.0241033
-0.920961, 0.389543, -0.00926992
-0.157498, -0.393907, -0.905556
-0.356405, -0.832522, 0.424125

54
0.0883358, -0.0225688, 0.00889641
-0.845526, -0.22555, -0.483955
0.465453, 0.132738, -0.875063
0.261609, -0.965147, -0.00725061

55
-0.0790356, 0.00705269, -0.00130092
-0.142587, -0.989767, -0.00556572
-0.327069, 0.0524239, -0.943545
0.934181, -0.132717, -0.331197

56
-0.000406147, -0.0171613, -0.00918404
0.828363, 0.559858, 0.0193247
0.0880474, -0.0960514, -0.991475
-0.553229, 0.823002, -0.128859

57
-0.0281945, 0.115198, 0.059595
-0.0070672, 0.963312, 0.268292
-0.921212, 0.0980981, -0.37649
-0.388996, -0.249815, 0.886721

58
0.0467999, -0.0386928, 0.00686993
0.532423, 0.846419, 0.010058
0.248736, -0.145083, -0.957644
-0.809108, 0.512374, -0.28778

59
-0.0849206, 0.0236266, 0.0109561
-0.412842, -0.910704, 0.0133862
-0.24767, 0.0981067, -0.963864
0.876482, -0.401239, -0.266057

60
-0.0612523, 0.0416512, 0.00141011
-0.678826, -0.734271, 0.00651755
-0.251608, 0.224252, -0.94149
0.689847, -0.640748, -0.336977

61
0.0280528, 0.0540925, -0.00683061
0.868349, -0.495857, 0.00981927
-0.00228136, -0.0237921, -0.999714
0.495949, 0.868078, -0.021791

62
-0.0112509, -0.133868, 0.0211636
-0.998743, -0.0497514, 0.00611245
0.00861013, -0.290406, -0.956865
0.0493804, -0.955609, 0.290469

63
0.0637438, -0.111195, 0.026941
-0.822682, -0.568075, -0.0220189
0.238005, -0.308986, -0.920805
0.516282, -0.76277, 0.389402

64
0.0876924, 0.0178605, 0.01548
0.209676, -0.977504, 0.022837
0.360869, 0.0556572, -0.930954
0.908741, 0.20344, 0.364421

65
0.0427918, -0.124734, 0.0239265
-0.910613, -0.412847, -0.018481
0.158972, -0.308664, -0.937792
0.38146, -0.856904, 0.346704

66
0.0452005, 0.00263648, -0.00932477
-0.0460478, 0.998939, 0.00114791
0.431169, 0.020912, -0.902029
-0.901095, -0.0410415, -0.431674

67
0.004142, 0.00579264, -0.00819932
-0.458662, 0.888393, -0.0196898
0.105998, 0.0326983, -0.993829
-0.882266, -0.457918, -0.109165

68
-0.0795239, -0.0254542, 0.00422556
0.427977, -0.903453, -0.0246542
-0.263854, -0.0988078, -0.959488
0.864417, 0.417144, -0.280668

69
-0.1018, 0.00271383, 0.00626706
-0.576858, -0.812022, 0.0886244
-0.246111, 0.0693239, -0.966759
0.778886, -0.579494, -0.239838

70
-0.0433617, 0.0561134, 0.00181191
-0.879864, -0.47521, 0.00382522
-0.159497, 0.287711, -0.944343
0.44766, -0.831504, -0.328941

71
-0.0203458, -0.095854, -0.00788422
-0.991769, -0.127684, -0.00951556
0.00395554, 0.0437281, -0.999036
0.127977, -0.99085, -0.0428631

72
-0.0306465, -0.0115678, -0.0119117
0.458613, -0.888633, 0.00215342
-0.108689, -0.0584981, -0.992353
0.881964, 0.454872, -0.123413

73
-0.0317713, -0.0336805, 0.0183909
-0.877904, 0.478593, 0.0153047
-0.190141, -0.377762, 0.906169
0.439467, 0.792619, 0.422639

74
0.0383296, 0.0880222, -0.00418993
0.887108, -0.461525, 0.00573446
-0.00828918, -0.0283524, -0.999564
0.461487, 0.886674, -0.0289773

75
-0.0850829, 0.000915776, -0.000336448
-0.375236, 0.926769, -0.0172318
0.0175055, -0.0115016, -0.999781
-0.926764, -0.375456, -0.0119077

76
0.0129223, -0.133199, 0.0267742
-0.971535, -0.236693, 0.00981794
0.0820536, -0.375099, -0.923346
0.222232, -0.896257, 0.383843

77
-0.137962, 0.0477962, 0.0194454
-0.412842, -0.910704, 0.0133862
0.564232, -0.244186, 0.788679
-0.714985, 0.333153, 0.614659

78
-0.0787586, 0.00780733, 0.00220526
-0.127832, -0.991737, -0.0108189
-0.317148, 0.0512102, -0.946992
0.939721, -0.117625, -0.321074

79
0.0265865, 0.0561784, -0.00387341
0.850095, -0.526512, 0.0111024
-0.00248913, -0.0250989, -0.999682
0.526623, 0.849797, -0.022647

80
-0.112467, -0.0976329, 0.0249402
-0.835001, 0.545302, 0.0736121
-0.194294, -0.167029, -0.966618
-0.514804, -0.82143, 0.245418

81
-0.0712196, -0.0350245, -0.000449939
0.547822, -0.836328, -0.0211206
-0.273859, -0.155418, -0.949129
0.790501, 0.525738, -0.314178

82
-0.072483, -0.0265227, 0.0427382
0.370798, -0.928697, 0.00560089
0.900988, 0.358259, -0.244688
0.225234, 0.0957759, 0.969586

83
0.0479615, -0.120138, 0.0246673
-0.885719, -0.46398, -0.0149756
0.161268, -0.277283, -0.947157
0.435309, -0.84133, 0.32042

84
-0.00776694, -0.0667269, 0.0436327
-0.993172, -0.116606, 0.0034205
0.10942, -0.921004, 0.373869
-0.0404449, 0.371691, 0.927475

85
-0.0284529, -0.135517, 0.0197626
-0.993044, 0.117603, -0.00571247
-0.0299, -0.298808, -0.953845
-0.113882, -0.947039, 0.300246

86
0.00527047, -0.135486, 0.0197319
-0.989753, -0.142659, -0.00619001
0.0483899, -0.294309, -0.954485
0.134344, -0.945003, 0.298196

87
-0.065689, -0.0400723, -0.00464005
0.636922, -0.770666, -0.0200964
-0.272624, -0.200775, -0.940939
0.721115, 0.604784, -0.33798

88
-0.0768928, 0.109169, 0.0128641
0.871731, 0.489899, -0.00912687
-0.160471, 0.267844, -0.950005
-0.462962, 0.829613, 0.312103

89
0.0791899, 0.0238446, -0.00124448
0.204037, -0.978461, 0.0313631
-0.0230502, -0.0368299, -0.999056
0.978692, 0.203121, -0.0300684

90
0.0649619, -0.032376, 0.0472185
0.367916, 0.929831, 0.00724645
-0.929233, 0.36737, 0.03957
0.0341313, -0.0212921, 0.999191

91
-0.102295, 0.0549356, -0.00349243
0.524861, 0.851139, 0.00909252
0.0175635, -0.00014954, -0.999846
-0.851007, 0.52494, -0.0150275

92
0.0152638, -0.0571439, 0.0439951
0.894883, 0.445998, 0.016454
-0.442273, 0.891144, -0.101273
-0.0598302, 0.0833499, 0.994723

93
-0.0634481, -0.10329, 0.0223753
0.898489, -0.438833, -0.0119593
0.229761, 0.446862, 0.864595
-0.374069, -0.779576, 0.502328

94
0.0308989, -0.0477938, 0.0429791
0.734219, 0.67858, 0.0212266
-0.65802, 0.718973, -0.223802
-0.167129, 0.150352, 0.974403

95
0.0422866, -0.125348, 0.02258
-0.906275, -0.422573, -0.00993463
0.130364, -0.257075, -0.957558
0.402084, -0.869106, 0.288069

96
-0.0292882, 0.0242404, 0.00101923
0.871731, 0.489899, -0.00912687
-0.0289124, 0.0700236, 0.997126
0.489131, -0.868962, 0.0752059

97
-0.00410541, -0.0637357, 0.043806
-0.988535, -0.150825, -0.00713111
0.148521, -0.979773, 0.134112
-0.0272143, 0.131516, 0.99094

98
0.0427164, -0.00193562, -0.0104544
-0.00935958, 0.999915, -0.00912491
0.454341, -0.00387653, -0.890819
-0.890779, -0.0124835, -0.454266

99
-0.0383795, -0.00689701, -0.01368
0.133232, -0.991053, 0.00793218
-0.215804, -0.0368212, -0.975742
0.967304, 0.128289, -0.218779

100
0.00417302, -0.0306553, -0.00232849
-0.853155, -0.521578, -0.00909446
-0.00345488, -0.0117839, 0.999925
-0.521646, 0.853122, 0.0082515

101
0.0911386, 0.0181512, -0.00372007
0.209676, -0.977504, 0.022837
-0.0143609, -0.0264324, -0.999547
0.977666, 0.209253, -0.0195801

102
-0.000144636, 0.0228096, 0.00254269
0.902731, -0.430201, 0.00215548
0.0435268, 0.0963186, 0.994398
-0.427999, -0.89758, 0.105675

103
-0.0760475, -0.00917375, 0.0436498
0.102796, -0.994679, 0.00689185
0.982718, 0.100482, -0.155465
0.153945, 0.0227538, 0.987817

104
0.0132038, -0.0359017, 0.0162752
-0.792445, -0.609804, -0.0130565
0.185567, -0.261426, 0.947218
-0.58103, 0.748195, 0.320326

105
0.0289413, -0.0505776, 0.0419916
0.762285, 0.646955, 0.0192297
-0.61349, 0.731685, -0.297099
-0.20628, 0.214677, 0.954653

106
-0.0243177, -0.00425726, 0.0442556
-0.996682, 0.0805748, -0.0115097
-0.080582, -0.996748, 0.000156745
-0.0114596, 0.0010837, 0.999934

107
0.0201145, -0.057532, 0.0436073
-0.853155, -0.521578, -0.00909446
0.480616, -0.792692, 0.375031
-0.202817, 0.315589, 0.926968

108
-0.0759545, -0.0114704, 0.0460461
0.133232, -0.991053, 0.00793218
0.967304, 0.128289, -0.218779
0.215804, 0.0368212, 0.975742

109
-0.0696861, 0.0259641, 0.0439277
-0.425149, -0.905101, -0.0063463
0.899451, -0.421691, -0.114737
0.101172, -0.0544883, 0.993376

110
0.00359534, -0.113055, 0.0194149
-0.988535, -0.150825, -0.00713111
0.0819791, -0.496448, -0.864187
0.126801, -0.854864, 0.50312

111
-0.0457212, 0.0542963, 0.0447592
0.871731, 0.489899, -0.00912687
-0.462962, 0.829613, 0.312103
0.160471, -0.267844, 0.950005

112
-0.00694227, 0.0229888, -0.0137294
-0.977801, 0.209525, -0.00210156
0.0480515, 0.21446, -0.97555
-0.203952, -0.953995, -0.219767

113
0.0418591, 0.110994, 0.0114044
0.902731, -0.430201, 0.00215548
0.123575, 0.254502, -0.959144
0.412076, 0.866115, 0.282909

114
0.0636479, -0.0910032, 0.0262496
0.762285, 0.646955, 0.0192297
-0.42535, 0.478339, 0.76829
0.487851, -0.593835, 0.639813

115
-0.00565435, 0.0293775, 0.0239799
-0.977801, 0.209525, -0.00210156
-0.110238, -0.522931, -0.845217
-0.178193, -0.826222, 0.53442

116
-0.0346088, -0.00528732, -0.0135143
0.102796, -0.994679, 0.00689185
-0.153945, -0.0227538, -0.987817
0.982718, 0.100482, -0.155465

117
-0.0768377, 0.00339639, 0.0446435
-0.0943866, -0.995525, 0.00453785
0.943333, -0.0908931, -0.319156
0.31814, -0.0258433, 0.947691

118
0.0410285, 0.0361314, 0.0433592
-0.574331, 0.818491, -0.0147209
-0.751546, -0.534314, -0.386895
-0.324536, -0.211142, 0.922006

119
0.0163287, 0.0179664, -0.00297146
-0.574331, 0.818491, -0.0147209
0.012228, -0.00940303, -0.999881
-0.818532, -0.574442, -0.00460804

120
-0.0566734, -0.0519844, 0.0465198
-0.754645, 0.656097, 0.00689219
-0.445801, -0.520413, 0.728307
0.481427, 0.546541, 0.685216

121
0.00179576, 0.0123246, 0.0335468
0.829561, -0.558352, 0.00842708
0.400448, 0.60534, 0.687899
-0.389191, -0.56728, 0.725758

122
0.0244725, 0.0619696, 0.0398753
0.887101, -0.461541, 0.00571941
0.423167, 0.808271, -0.409424
0.184343, 0.36562, 0.912326

123
0.104137, 0.0420223, 0.0288834
-0.290833, 0.956274, 0.0309241
-0.728936, -0.242396, 0.640232
0.619733, 0.163659, 0.767559

124
0.00154776, 0.0261905, -0.000670929
-0.890705, 0.454581, 0.00109782
-0.0197979, -0.036379, -0.999142
-0.454151, -0.889962, 0.0414026

125
0.0496276, -0.00650134, 0.0470377
0.0611905, 0.99807, -0.010554
-0.993826, 0.059943, -0.0933679
-0.0925551, 0.0162021, 0.995576

126
-0.0424737, -0.0292648, 0.0502445
-0.943479, -0.330823, -0.0200698
0.331111, -0.9435, -0.0131661
-0.0145802, -0.0190673, 0.999712

127
-0.0174324, 0.0610176, 0.0353385
-0.997483, -0.0708193, 0.00346603
0.0252745, -0.40081, -0.915812
0.0662464, -0.91342, 0.401592

128
-0.0255535, -0.114052, -0.00109174
-0.995349, 0.0963047, 0.00234184
-0.00550645, -0.0326078, -0.999453
-0.0961757, -0.994818, 0.0329864

129
-0.0370718, 0.057342, 0.045953
0.93328, 0.358902, -0.0133023
-0.346775, 0.910148, 0.226667
0.0934582, -0.206931, 0.973882

130
-0.0374025, -0.0844722, 0.0375798
-0.582472, -0.674079, 0.45425
0.32086, -0.704125, -0.633449
0.746844, -0.223215, 0.626418

131
0.0228529, -0.0535089, 0.0468327
0.828363, 0.559858, 0.0193247
-0.553229, 0.823002, -0.128859
-0.0880474, 0.0960514, 0.991475

132
-0.0590835, 0.113196, 0.00859228
0.93328, 0.358902, -0.0133023
-0.0934582, 0.206931, -0.973882
-0.346775, 0.910148, 0.226667

133
0.0202502, 0.0198606, -0.00288495
-0.596319, 0.802372, -0.0245687
0.065108, 0.0178378, -0.997719
-0.800103, -0.596558, -0.0628778

134
0.0282736, -0.0561016, 0.0450734
-0.792445, -0.609804, -0.0130565
0.542066, -0.71391, 0.44328
-0.279635, 0.344197, 0.896288

135
0.0193009, -0.00290738, -0.00113193
0.0278378, 0.999581, -0.00798941
-0.0323935, -0.00708623, -0.99945
-0.999087, 0.0280813, 0.0321826

136
0.01648, 0.0553404, 0.0442055
-0.890705, 0.454581, 0.00109782
-0.427157, -0.836139, -0.344104
-0.155505, -0.306964, 0.938931

137
-0.0161966, -0.0177329, 0.0148589
-0.995349, 0.0963047, 0.00234184
-0.0317176, -0.350575, 0.935998
0.090962, 0.93157, 0.351999

138
0.109111, -0.000787851, 0.0472168
-0.00935958, 0.999915, -0.00912491
-0.951143, -0.00608605, 0.30869
0.308608, 0.0115683, 0.951119

139
0.00336938, 0.0118782, 0.0442447
0.868349, -0.495857, 0.00981927
0.495949, 0.868078, -0.021791
0.00228136, 0.0237921, 0.999714

140
-0.0702144, 0.08998, 0.0604878
-0.74748, 0.617875, 0.243937
-0.647268, -0.594861, -0.476639
-0.149394, -0.51417, 0.844577

141
-0.111341, -0.022503, 0.069057
0.206798, -0.978372, -0.00483051
0.935013, 0.199082, -0.293456
0.288071, 0.0561696, 0.95596

142
-0.043081, -4.64702e-06, 0.000649158
-0.0943866, -0.995525, 0.00453785
0.067075, -0.0109072, -0.997688
0.993273, -0.0938641, 0.0678044

143
0.0206733, -0.0562341, 0.0442697
0.849545, 0.527295, 0.0152621
-0.491474, 0.801681, -0.340237
-0.191641, 0.281546, 0.940216

144
0.0429554, 0.0270536, 0.0469504
-0.458662, 0.888393, -0.0196898
-0.882266, -0.457918, -0.109165
-0.105998, -0.0326983, 0.993829

145
0.0748185, -0.0570573, 0.0691411
0.532423, 0.846419, 0.010058
-0.809108, 0.512374, -0.28778
-0.248736, 0.145083, 0.957644

146
-0.0239375, 0.0216858, 0.00542272
0.93328, 0.358902, -0.0133023
-0.0463611, 0.157119, 0.986491
0.356144, -0.920056, 0.163276

147
0.0983931, -0.00977044, 0.0206215
0.0611905, 0.99807, -0.010554
-0.46583, 0.037908, 0.884062
0.882756, -0.0491798, 0.467251

148
0.0274762, 0.00564517, -0.00120605
-0.278492, 0.959675, -0.0382941
0.0964544, -0.0117239, -0.995268
-0.955583, -0.280868, -0.0892998

149
-0.0304062, -0.0413797, 0.0423499
0.93181, -0.36275, -0.011967
0.322365, 0.84232, -0.431947
0.166769, 0.398635, 0.90182

150
0.0462109, -0.0188596, 0.0472151
0.283739, 0.958897, 0.00293966
-0.958029, 0.28361, -0.0417724
-0.0408892, 0.00903618, 0.999123

151
-0.00512291, 0.0550914, 0.0354662
-0.2982, 0.954195, -0.0242704
-0.677427, -0.193656, 0.709641
0.672436, 0.228056, 0.704145

152
0.0141481, -0.0621024, 0.0361571
-0.910613, -0.412847, -0.018481
0.157323, -0.387664, 0.908276
-0.382144, 0.824181, 0.417963

153
-0.0450455, 0.0923067, 0.035678
-0.951366, -0.307701, 0.0149071
0.24556, -0.728239, 0.639819
-0.186017, 0.612363, 0.768381

154
-0.132476, 0.0458904, 0.0589898
-0.412842, -0.910704, 0.0133862
0.904543, -0.408241, 0.123051
-0.106598, 0.0629089, 0.99231

155
0.0936719, -0.0159659, 0.0173925
0.126655, 0.991921, -0.00712384
-0.398612, 0.057471, 0.915317
0.908332, -0.11309, 0.402671

156
0.0492232, -0.00137123, 0.0447174
-0.00935958, 0.999915, -0.00912491
-0.649103, -0.0130167, -0.760589
-0.760643, -0.00119578, 0.64917

157
0.047222, -0.0098205, 0.0472458
0.126655, 0.991921, -0.00712384
-0.991732, 0.126474, -0.0217429
-0.0206663, 0.00981878, 0.999738

158
-0.0263067, -0.0328355, 0.00043509
-0.929497, 0.368717, 0.00908742
0.00714792, -0.00662571, 0.999953
0.36876, 0.929518, 0.00352301

159
-0.128439, 0.0282224, 0.0665969
-0.576858, -0.812022, 0.0886244
0.778886, -0.579494, -0.239838
0.246111, -0.0693239, 0.966759

160
-0.000273681, -0.131362, 0.0159524
-0.993172, -0.116606, 0.0034205
0.0404449, -0.371691, -0.927475
0.10942, -0.921004, 0.373869

161
0.00696878, -0.0234044, -0.00119874
0.762285, 0.646955, 0.0192297
-0.0441948, 0.0816682, -0.995679
-0.645731, 0.758142, 0.0908465

162
-0.0354654, -0.00665709, 0.00843161
0.13466, -0.990858, 0.00825591
0.222509, 0.0221184, -0.97468
0.965586, 0.133087, 0.223454

163
0.0419384, 0.0374499, 0.0451444
-0.596319, 0.802372, -0.0245687
-0.714283, -0.544322, -0.439902
-0.366338, -0.244773, 0.89771

164
0.0289754, -0.0307937, 0.0357944
0.577361, 0.816348, 0.0151766
-0.524673, 0.385188, -0.759176
-0.625598, 0.430356, 0.650709

165
0.0167937, -0.0129429, -0.000762559
0.367916, 0.929831, 0.00724645
-0.0341313, 0.0212921, -0.999191
-0.929233, 0.36737, 0.03957

166
0.0240483, -0.0262836, -0.0193596
0.577361, 0.816348, 0.0151766
0.377193, -0.250192, -0.8917
-0.724141, 0.520557, -0.452372

167
0.0152364, 0.0473987, -0.00943123
-0.910756, 0.412014, -0.0277161
0.201621, 0.385101, -0.900581
-0.360379, -0.825798, -0.433803

168
-0.0338636, 0.0196184, -0.0165131
-0.689734, -0.724014, -0.00838025
-0.19388, 0.195827, -0.961282
0.697623, -0.661404, -0.275441

169
-0.0379318, -0.00668074, 0.00582271
0.133232, -0.991053, 0.00793218
0.170795, 0.0150756, -0.985191
0.976257, 0.132614, 0.171275

170
0.0431527, 0.00249817, 0.0288885
-0.0460478, 0.998939, 0.00114791
-0.332288, -0.0142337, -0.943071
-0.942053, -0.0438078, 0.332591

171
-0.0231845, -0.0893875, 0.0535759
-0.993044, 0.117603, -0.00571247
-0.0937712, -0.760601, 0.642412
0.0712048, 0.638479, 0.766338

172
-0.0577699, 0.083303, 0.0654761
-0.879864, -0.47521, 0.00382522
0.44766, -0.831504, -0.328941
0.159497, -0.287711, 0.944343

173
0.0727611, -0.0654898, 0.0692871
0.615652, 0.787788, 0.019044
-0.753741, 0.595751, -0.277409
-0.229885, 0.156433, 0.960563

174
-0.12575, -0.0187988, 0.0238188
0.13466, -0.990858, 0.00825591
0.525435, 0.0784667, 0.847208
-0.84011, -0.109747, 0.531197

175
-0.0475775, 0.121542, 0.0279069
-0.972816, -0.229469, 0.0311741
0.191164, -0.719758, 0.667386
-0.130707, 0.655203, 0.744059

176
-0.00155057, -0.0896343, 0.0536446
-0.989753, -0.142659, -0.00619001
0.1056, -0.760442, 0.640763
-0.0961176, 0.633543, 0.767714

177
-0.0442727, 0.0186512, 0.0437333
0.524861, 0.851139, 0.00909252
-0.792949, 0.485038, 0.368741
0.30944, -0.200748, 0.929488

178
0.0909357, 0.0123439, 0.0190924
0.156826, -0.987403, 0.0209749
0.375136, 0.0399088, -0.92611
0.913607, 0.153107, 0.376669

179
-0.0101262, -0.0225354, 0.00702458
-0.988535, -0.150825, -0.00713111
0.0316936, -0.253438, 0.966832
-0.14763, 0.955521, 0.255313

180
0.00547174, 0.00690983, 0.0112323
-0.458662, 0.888393, -0.0196898
-0.239699, -0.145029, -0.959954
-0.855671, -0.435575, 0.279466

181
0.0845649, -0.00639506, 0.0282469
-0.844096, 0.503662, -0.18392
0.0505106, -0.266795, -0.962429
-0.533808, -0.821672, 0.19976

182
0.0403801, 0.00239255, 0.00957776
-0.0460478, 0.998939, 0.00114791
0.0535139, 0.0036143, -0.998561
-0.997505, -0.0459201, -0.0536235

183
0.0224837, -0.00314984, -0.0203781
0.0278378, 0.999581, -0.00798941
0.352407, -0.0172931, -0.935687
-0.935433, 0.023232, -0.35274

184
0.0375409, -0.100882, 0.0179703
0.894883, 0.445998, 0.016454
-0.224527, 0.418031, 0.880249
0.385711, -0.791413, 0.474227

185
-0.0693102, -0.0313865, 0.0438766
0.458613, -0.888633, 0.00215342
0.881964, 0.454872, -0.123413
0.108689, 0.0584981, 0.992353

186
-0.0663569, 0.0257124, 0.0338882
-0.450668, -0.892683, -0.00391467
0.334243, -0.164672, -0.927989
0.827756, -0.419524, 0.372586

187
0.0282314, 0.00885737, 0.0434282
0.999789, -0.0134541, -0.015551
0.00646149, 0.923494, -0.383558
0.0195217, 0.383376, 0.923386

188
-0.0909109, 0.0764784, 0.0312675
-0.74748, 0.617875, 0.243937
-0.35205, -0.0570574, -0.934241
-0.563325, -0.784204, 0.260172

189
0.0125936, 0.0115033, 0.0469846
0.204037, -0.978461, 0.0313631
0.913014, 0.201754, 0.354542
-0.353233, -0.0437048, 0.934514

190
0.0648914, -0.01397, 0.0283058
0.354442, 0.934521, 0.0322726
-0.120515, 0.0798796, -0.989493
-0.927279, 0.346829, 0.140936

191
-0.0721297, 0.00682084, 0.0351855
-0.375236, 0.926769, -0.0172318
-0.642943, -0.27362, -0.715372
-0.667699, -0.257354, 0.698532

192
0.0282807, 0.0250685, 0.0325747
0.999789, -0.0134541, -0.015551
-0.00150098, 0.706486, -0.707726
0.0205084, 0.707599, 0.706316

193
-0.113406, -0.0542045, 0.0189477
0.458613, -0.888633, 0.00215342
0.437929, 0.228117, 0.869587
-0.773235, -0.397861, 0.493776

194
0.0186128, -0.0726569, 0.0519454
-0.910613, -0.412847, -0.018481
0.291587, -0.673555, 0.679191
-0.29285, 0.613091, 0.733729

195
-0.039639, 0.0760418, 0.0449959
-0.951366, -0.307701, 0.0149071
0.298054, -0.907146, 0.297069
-0.0778855, 0.287064, 0.95474

196
-0.0206442, 0.0505179, 0.0463646
-0.2982, 0.954195, -0.0242704
-0.883191, -0.266188, 0.386158
0.362009, 0.136588, 0.922113

197
-0.116361, 0.0387832, 0.0724522
-0.412842, -0.910704, 0.0133862
0.876482, -0.401239, -0.266057
0.24767, -0.0981067, 0.963864

198
0.018623, 0.0722646, 0.0605159
-0.931306, 0.363596, -0.0215849
-0.32072, -0.846688, -0.424568
-0.172647, -0.38848, 0.905139

199
0.0396981, -0.00161575, 0.0276934
-0.00935958, 0.999915, -0.00912491
-0.308608, -0.0115683, -0.951119
-0.951143, -0.00608605, 0.30869

200
0.095518, 0.0311587, 0.0694803
-0.46309, 0.884439, -0.0575795
-0.848912, -0.461285, -0.258
-0.254746, -0.0705974, 0.964428

201
0.028174, 0.0358934, 0.0163447
0.999789, -0.0134541, -0.015551
-0.00923494, 0.381921, -0.924149
0.0183729, 0.924097, 0.381716

202
-0.0831643, 0.0624759, 0.0653335
-0.678826, -0.734271, 0.00651755
0.689847, -0.640748, -0.336977
0.251608, -0.224252, 0.94149

203
1.47424e-05, -0.0184558, 0.0102775
0.828363, 0.559858, 0.0193247
-0.130366, 0.226209, -0.965315
-0.544811, 0.797112, 0.26037

204
-0.0227322, 0.0148106, 0.0404469
-0.996682, 0.0805748, -0.0115097
-0.0788335, -0.92046, 0.382803
0.0202501, 0.38244, 0.923758

205
0.0374133, -0.00181393, 0.00831967
-0.00935958, 0.999915, -0.00912491
0.0788703, -0.00835868, -0.99685
-0.996841, -0.0100498, -0.0787853

206
-0.100056, 0.00359295, 0.025678
-0.576858, -0.812022, 0.0886244
0.0706902, -0.157716, -0.984951
0.81378, -0.561912, 0.148382

207
-0.0126054, -0.011303, 0.020935
0.490999, -0.870925, 0.0202446
0.351241, 0.219177, 0.91027
-0.797214, -0.439831, 0.413521

208
-0.0172854, -0.0254413, 0.0176229
0.859148, -0.511628, 0.0100686
0.200496, 0.354654, 0.913248
-0.470814, -0.782597, 0.407279

209
0.0156739, 0.0451124, 0.0442369
0.887101, -0.461541, 0.00571941
0.4615, 0.886662, -0.0291259
0.0083716, 0.0284771, 0.999559

210
-0.0897011, 0.0559648, 0.0590918
-0.588367, -0.808552, -0.00825765
0.806299, -0.585898, -0.0812692
0.0608722, -0.0544743, 0.996658

211
0.0068116, 0.0280385, 0.0409899
0.887101, -0.461541, 0.00571941
0.429574, 0.830066, 0.355606
-0.168874, -0.313001, 0.934618

212
0.000379766, 0.0149435, 0.047243
0.850095, -0.526512, 0.0111024
0.526623, 0.849797, -0.022647
0.00248913, 0.0250989, 0.999682

213
0.00556468, -0.0955957, 0.0172508
-0.983585, -0.180178, -0.00979416
0.0702976, -0.332632, -0.940433
0.166187, -0.925685, 0.339838

214
-0.0115731, -0.0356546, -0.00226508
-0.993172, -0.116606, 0.0034205
0.00450706, -0.00905584, 0.999949
-0.116569, 0.993137, 0.00951956

215
-0.0130873, -0.0926117, 0.0569024
-0.998743, -0.0497514, 0.00611245
0.0423266, -0.771734, 0.634535
-0.0268518, 0.633996, 0.77287

216
-0.0354034, -0.00523438, 0.00597848
0.102796, -0.994679, 0.00689185
0.233843, 0.0174312, -0.972118
0.966825, 0.101541, 0.234391

217
-0.0319236, -0.0121798, 0.00754586
0.458613, -0.888633, 0.00215342
0.237097, 0.120027, -0.964043
0.856422, 0.442633, 0.265738

218
0.0807064, -0.0161285, 0.03083
-0.741462, 0.649842, -0.167152
-0.00465562, -0.254088, -0.96717
-0.670979, -0.716342, 0.191422

219
0.0493474, -0.00229458, 0.0175243
0.0404724, 0.999179, 0.00207021
-0.0451869, 0.0039001, -0.998971
-0.998158, 0.0403372, 0.0453077

220
-0.0762181, -0.0176741, 0.0327396
0.307187, -0.951453, -0.0193125
0.384461, 0.14264, -0.912055
0.870532, 0.272747, 0.409614

221
-0.0578299, -0.00733771, 0.0369155
0.102796, -0.994679, 0.00689185
0.849001, 0.0841261, -0.521652
0.518296, 0.0594748, 0.853131

222
-0.114473, 0.0173981, 0.0583283
-0.576858, -0.812022, 0.0886244
0.625415, -0.508854, -0.591544
0.525444, -0.28581, 0.801387

223
-0.0835175, 0.0232765, 0.0304115
-0.412842, -0.910704, 0.0133862
0.106598, -0.0629089, -0.99231
0.904543, -0.408241, 0.123051

224
-0.00330188, -0.00144152, 0.0439466
0.859148, -0.511628, 0.0100686
0.474688, 0.804158, 0.357774
-0.191144, -0.302601, 0.933754

225
-0.0298057, -0.0294691, -0.00055647
-0.877904, 0.478593, 0.0153047
-0.00749072, -0.0456848, 0.998928
0.478779, 0.876848, 0.0436918

226
0.0311919, -0.0894473, 0.0656168
-0.885719, -0.46398, -0.0149756
0.435309, -0.84133, 0.32042
-0.161268, 0.277283, 0.947157

227
0.0114878, 0.00288729, 0.047062
0.490999, -0.870925, 0.0202446
0.81208, 0.465989, 0.351255
-0.31535, -0.156025, 0.936061

228
-0.0214512, -0.0174371, 0.0138714
0.93181, -0.36275, -0.011967
0.110023, 0.313733, -0.943115
0.34587, 0.877487, 0.33225

229
-0.103857, -0.0365141, 0.0235345
-0.582472, -0.674079, 0.45425
0.567206, 0.0632328, 0.821145
-0.582241, 0.735947, 0.34551

230
0.11496, -0.0328201, 0.024259
0.354442, 0.934521, 0.0322726
-0.570469, 0.188762, 0.799334
0.740902, -0.301728, 0.60002

231
-0.115058, 0.033632, 0.0179832
-0.308206, -0.951311, -0.0041024
0.393161, -0.131301, 0.910047
-0.866276, 0.278869, 0.414486

232
0.0641663, 0.0120291, 0.0277944
-0.46309, 0.884439, -0.0575795
-0.0895101, -0.111303, -0.989747
-0.88178, -0.453188, 0.130709

233
0.0246297, 0.0534243, 0.0153409
0.850095, -0.526512, 0.0111024
0.19923, 0.302015, -0.932252
0.487489, 0.794715, 0.361639

234
-0.0548629, -0.103427, 0.0188563
0.93181, -0.36275, -0.011967
0.166769, 0.398635, 0.90182
-0.322365, -0.84232, 0.431947

235
0.036734, 0.0851919, 0.0120392
0.887101, -0.461541, 0.00571941
0.168874, 0.313001, -0.934618
0.429574, 0.830066, 0.355606

236
-0.0373586, -0.061832, 0.0465181
-0.929497, 0.368717, 0.00908742
-0.337954, -0.861298, 0.37941
0.147722, 0.34959, 0.925184

237
-0.0211098, 0.0742295, 0.0240436
-0.954127, -0.297889, -0.0300796
0.0630149, -0.101583, -0.992829
0.292697, -0.94918, 0.115694

238
0.0793255, 0.0434469, 0.065872
-0.443007, 0.896436, -0.0120929
-0.852132, -0.425228, -0.305045
-0.278596, -0.124833, 0.952261

239
-0.0097062, -0.00141219, 0.0438716
0.850095, -0.526512, 0.0111024
0.487489, 0.794715, 0.361639
-0.19923, -0.302015, 0.932252

240
0.0472004, 0.0795061, 0.0151489
0.829561, -0.558352, 0.00842708
0.206321, 0.292444, -0.93376
0.518902, 0.77635, 0.3578

241
0.0146031, -0.0173306, -0.0156375
0.543021, 0.839535, 0.0176058
0.27606, -0.158679, -0.947951
-0.793045, 0.519617, -0.317928

242
0.101289, -0.00448695, 0.0602126
0.0404724, 0.999179, 0.00207021
-0.998158, 0.0403372, 0.0453077
0.0451869, -0.0039001, 0.998971

243
0.0869825, 0.049216, 0.0213178
-0.458662, 0.888393, -0.0196898
-0.435558, -0.205447, 0.876402
0.774544, 0.410548, 0.481177

244
-0.109887, 0.011128, 0.0656086
-0.127832, -0.991737, -0.0108189
0.939721, -0.117625, -0.321074
0.317148, -0.0512102, 0.946992

245
-0.00394576, 0.00527003, 0.0440355
0.833767, -0.551992, 0.0116811
0.513037, 0.782398, 0.353052
-0.204021, -0.288371, 0.935531

246
0.0150766, 0.0549634, 0.0452162
0.902731, -0.430201, 0.00215548
0.412076, 0.866115, 0.282909
-0.123575, -0.254502, 0.959144

247
0.00236458, 0.0465009, 0.00582725
-0.965567, 0.259557, -0.0176506
0.0348252, 0.0617199, -0.997486
-0.257815, -0.963754, -0.0686338

248
-0.0524297, 0.0293936, 0.00519548
-0.588367, -0.808552, -0.00825765
-0.0608722, 0.0544743, -0.996658
0.806299, -0.585898, -0.0812692

249
-0.0820307, 0.0805548, 0.0481532
-0.74748, 0.617875, 0.243937
-0.540827, -0.352816, -0.763562
-0.385721, -0.702675, 0.597886

250
-0.0902964, 0.0376782, 0.0612412
-0.450668, -0.892683, -0.00391467
0.821657, -0.413089, -0.39273
0.348966, -0.180207, 0.919646

251
-0.072806, -0.0474423, 0.0249679
0.644937, -0.764029, -0.0177578
0.0911984, 0.100011, -0.990798
0.758775, 0.637383, 0.134179

252
-0.00331985, -0.0185511, 0.00861395
0.894883, 0.445998, 0.016454
-0.113975, 0.264021, -0.957759
-0.431503, 0.855207, 0.2871

253
0.075906, 0.0237763, 0.0179861
0.204037, -0.978461, 0.0313631
0.353233, 0.0437048, -0.934514
0.913014, 0.201754, 0.354542

254
-0.0269425, -0.0484979, 0.0442107
-0.991769, -0.127684, -0.00951556
0.127977, -0.99085, -0.0428631
-0.00395554, -0.0437281, 0.999036

255
0.0418386, 0.0782072, 0.0146391
0.863001, -0.505158, 0.0066671
0.180998, 0.296838, -0.937618
0.471666, 0.810372, 0.347604

256
0.0245412, 0.0224725, -0.0217362
-0.596319, 0.802372, -0.0245687
0.366338, 0.244773, -0.89771
-0.714283, -0.544322, -0.439902

257
-0.0386953, -0.0133985, -0.0179754
0.370798, -0.928697, 0.00560089
-0.225234, -0.0957759, -0.969586
0.900988, 0.358259, -0.244688

258
-0.072175, -0.0159829, 0.0137292
0.307187, -0.951453, -0.0193125
0.0220572, 0.0274068, -0.999381
0.951393, 0.306571, 0.0294054

259
0.0707265, -0.0168185, 0.0467025
0.354442, 0.934521, 0.0322726
-0.466196, 0.206525, -0.860238
-0.810575, 0.28986, 0.508871

260
0.0536524, -0.0795904, 0.038515
0.762285, 0.646955, 0.0192297
-0.579665, 0.669179, 0.464961
0.287941, -0.36558, 0.885122

261
-0.00708545, 0.0225162, 0.00577338
-0.977801, 0.209525, -0.00210156
-0.0336551, -0.166943, -0.985392
-0.206815, -0.963446, 0.170289

262
0.0280335, -0.0102721, 0.0472529
0.999789, -0.0134541, -0.015551
0.0134403, 0.999909, -0.000996803
0.015563, 0.000787583, 0.999879

263
-0.0620856, 0.036048, 0.0416228
-0.588367, -0.808552, -0.00825765
0.527097, -0.375773, -0.76221
0.613183, -0.452812, 0.647278

264
0.0318678, 0.0760436, 0.0285689
0.887101, -0.461541, 0.00571941
0.32041, 0.606828, -0.72739
0.33225, 0.647101, 0.6862

265
-0.0113214, -0.132029, 0.0246043
-0.998743, -0.0497514, 0.00611245
0.0268518, -0.633996, -0.77287
0.0423266, -0.771734, 0.634535

266
-0.0192961, 0.0885651, 0.0618362
-0.997483, -0.0708193, 0.00346603
0.0647151, -0.929301, -0.363609
0.0289715, -0.36247, 0.931545

267
-0.0293762, -0.0293723, 0.0412285
-0.991769, -0.127684, -0.00951556
0.116722, -0.93216, 0.342714
-0.0526293, 0.338783, 0.939392

268
0.0133149, 0.0113426, 0.0285365
-0.458662, 0.888393, -0.0196898
-0.548905, -0.300676, -0.779934
-0.698808, -0.346918, 0.625551

269
0.0856301, 0.00183714, 0.0459019
-0.844096, 0.503662, -0.18392
-0.157614, -0.560927, -0.812723
-0.512504, -0.657028, 0.55286

270
0.015846, -0.00461931, 0.0291568
0.0611905, 0.99807, -0.010554
-0.637294, 0.0309295, -0.769999
-0.768187, 0.0538427, 0.637957

271
0.054011, -0.00252273, 0.0364664
0.0404724, 0.999179, 0.00207021
-0.423726, 0.0190396, -0.90559
-0.904886, 0.0357742, 0.424148

272
0.0646976, -0.0243207, 0.0442117
0.283739, 0.958897, 0.00293966
-0.900751, 0.26548, 0.343755
0.328845, -0.100185, 0.939055

273
-0.0519939, 0.00342721, 0.0402079
-0.242746, 0.970019, -0.0117323
-0.890428, -0.227595, -0.394131
-0.384984, -0.0852269, 0.91898

274
-0.0209086, -0.0929195, 0.0113946
-0.991769, -0.127684, -0.00951556
0.0526293, -0.338783, -0.939392
0.116722, -0.93216, 0.342714

275
-0.0505455, 0.0173128, 0.0355476
0.871458, 0.490267, 0.0141305
-0.337362, 0.620082, -0.708297
-0.356017, 0.612484, 0.705773

276
-0.0257578, 0.0239177, 0.0440465
0.805004, -0.593082, 0.0149262
0.550866, 0.75657, 0.352346
-0.220263, -0.275418, 0.935751

277
0.0869174, -0.0762325, 0.0560351
0.615652, 0.787788, 0.019044
-0.784339, 0.610266, 0.111299
0.0760584, -0.0834586, 0.993604

278
-0.0378148, -0.0129295, 0.00150807
0.370798, -0.928697, 0.00560089
0.136704, 0.0486142, -0.989418
0.918597, 0.36764, 0.144983

279
-0.0366497, -0.0631857, 0.0429749
-0.920961, 0.389543, -0.00926992
-0.269003, -0.618408, 0.738382
0.281899, 0.682515, 0.674319

280
0.077562, -0.05445, 0.0661317
0.511229, 0.859355, 0.0123825
-0.821095, 0.492622, -0.288317
-0.253867, 0.137229, 0.957455

281
-0.111514, 0.0298572, 0.062947
-0.342132, -0.939626, 0.00689933
0.895512, -0.328276, -0.300487
0.28461, -0.0966278, 0.953761

282
0.0990797, -0.0283651, 0.0696642
0.354442, 0.934521, 0.0322726
-0.902813, 0.350997, -0.248454
-0.243513, 0.0589266, 0.968106

283
0.00680806, 0.0280325, 0.0439872
0.887108, -0.461525, 0.00573446
0.42953, 0.83003, 0.355745
-0.168945, -0.313121, 0.934566

284
-0.0218205, 0.0274039, 0.0466706
-0.375236, 0.926769, -0.0172318
-0.862917, -0.342474, 0.371598
0.338484, 0.154307, 0.928234

285
-0.0017873, -0.071835, 0.0505674
-0.971535, -0.236693, 0.00981794
0.173915, -0.68449, 0.707974
-0.160852, 0.689529, 0.70617

286
-0.0632171, -0.0385324, 0.0146504
0.636922, -0.770666, -0.0200964
0.0240873, 0.0459487, -0.998653
0.770551, 0.635581, 0.047829

287
-0.0148746, 0.012722, 0.0406844
-0.242746, 0.970019, -0.0117323
-0.901853, -0.221199, 0.371124
0.357402, 0.10067, 0.928509

288
0.0917281, -0.0322396, 0.018306
0.283739, 0.958897, 0.00293966
-0.404399, 0.116881, 0.907084
0.869456, -0.258564, 0.42094

289
-0.0590507, 0.0428972, 0.045323
-0.689734, -0.724014, -0.00838025
0.697623, -0.661404, -0.275441
0.19388, -0.195827, 0.961282

290
0.051635, -0.00344679, 0.0440433
0.0278378, 0.999581, -0.00798941
-0.935433, 0.023232, -0.35274
-0.352407, 0.0172931, 0.935687

291
-0.127299, -0.0185331, 0.0260352
0.133232, -0.991053, 0.00793218
0.569548, 0.0831123, 0.817745
-0.811088, -0.104432, 0.575525

292
-0.0763329, 0.00655473, 0.0180136
-0.142587, -0.989767, -0.00556572
0.0553232, -0.00235531, -0.998466
0.988235, -0.142677, 0.0550929

293
-0.102559, -0.0267115, 0.058987
0.307187, -0.951453, -0.0193125
0.887414, 0.293723, -0.355279
0.343704, 0.0919991, 0.934561

294
-0.0330551, 0.108219, 0.0663354
-0.954127, -0.297889, -0.0300796
0.294532, -0.915802, -0.273052
0.0537922, -0.269385, 0.961529

295
0.0367318, 0.08519, 0.0150462
0.887108, -0.461525, 0.00573446
0.168945, 0.313121, -0.934566
0.42953, 0.83003, 0.355745

296
0.0106032, -0.123424, 0.0329583
-0.971535, -0.236693, 0.00981794
0.160852, -0.689529, -0.70617
0.173915, -0.68449, 0.707974

297
0.00289745, 0.0288816, -0.0199463
-0.890705, 0.454581, 0.00109782
0.155505, 0.306964, -0.938931
-0.427157, -0.836139, -0.344104

298
-0.0334042, -0.0135801, 0.0502539
0.871458, 0.490267, 0.0141305
-0.490293, 0.871556, -0.001785
-0.0131906, -0.00537252, 0.999899

299
-0.0666107, -0.0418306, 0.0335768
0.636922, -0.770666, -0.0200964
0.317131, 0.285677, -0.904332
0.702679, 0.569616, 0.426356

300
0.0157939, -0.0682935, 0.0508359
-0.920456, -0.390168, -0.0230121
0.262884, -0.661597, 0.702269
-0.289228, 0.640358, 0.71154

301
0.0273823, -0.0594431, 0.0503437
-0.822682, -0.568075, -0.0220189
0.385902, -0.586464, 0.712137
-0.417461, 0.577366, 0.701695

302
0.00635432, -0.0193628, -0.0169312
0.734219, 0.67858, 0.0212266
0.167129, -0.150352, -0.974403
-0.65802, 0.718973, -0.223802

303
-0.00612888, -0.00482235, 0.0408567
0.868349, -0.495857, 0.00981927
0.45907, 0.811104, 0.362442
