0
0.0642839, 0.0484703, -0.037986
-0.998531, 0.0474931, -0.026064
-0.0367733, -0.240897, 0.969854
0.0397826, 0.969388, 0.24229

1
0.0861049, 0.0575459, 0.0146834
0.0131581, -0.999912, -0.00183285
-0.940304, -0.0117502, -0.340132
0.340081, 0.00619893, -0.940376

2
0.118804, 0.0259125, -0.0391592
0.924069, -0.372459, -0.0858483
-0.105906, -0.0336905, -0.993805
0.367259, 0.927437, -0.0705781

3
0.0991122, 0.0352995, 0.00899415
0.00395318, -0.999913, 0.0125782
-0.911759, 0.00156195, 0.410722
-0.410706, -0.013092, -0.911674

4
0.0295951, 0.0783342, -0.0570221
0.00430932, -0.999944, -0.00968315
-0.258483, 0.00824031, -0.965981
0.966006, 0.00666564, -0.258433

5
-0.11157, -0.00106196, 0.0131101
-0.0229438, 0.000232393, 0.999737
-0.40619, -0.913743, -0.0091096
0.913501, -0.406292, 0.0210592

6
0.0828192, 0.053954, 0.0483271
-0.00514384, -0.999966, 0.00638079
-0.952392, 0.00295379, -0.304862
0.304833, -0.00764518, -0.952375

7
0.126001, 0.0536342, 0.033016
-0.00514384, -0.999966, 0.00638079
-0.763241, -0.000196738, -0.646114
0.646094, -0.00819359, -0.763214

8
0.0695728, -0.00741452, -0.000852592
0.119979, -0.00456456, 0.992766
-0.688962, 0.719609, 0.0865721
-0.714798, -0.694365, 0.0831933

9
0.10727, 0.0417655, -0.0100925
0.00890415, 0.999953, 0.0037868
-0.969014, 0.00956335, -0.246819
-0.246843, -0.00147176, 0.969054

10
-0.0637569, 0.0296562, 0.0109007
-0.987695, -0.156381, 0.00209844
-0.156392, 0.987673, -0.00664896
-0.00103279, -0.00689532, -0.999976

11
0.119702, 0.0357428, 0.0377659
0.00395318, -0.999913, 0.0125782
-0.728358, -0.0114977, -0.6851
0.685185, -0.00645313, -0.72834

12
0.0988469, 0.0423595, 0.0042158
0.0340412, -0.999417, -0.00252074
-0.892637, -0.0315384, 0.449671
-0.449488, -0.0130572, -0.893191

13
0.111372, 0.0185861, 0.0418111
-0.976335, 0.166233, 0.138335
0.163014, 0.986025, -0.0343675
-0.142114, -0.0110038, -0.989789

14
-0.142801, -0.0346606, 0.034199
-0.995141, -0.0745069, -0.0643617
-0.00858121, 0.716854, -0.697171
0.098082, -0.693231, -0.71401

15
-0.147104, -0.0094425, 0.0235246
0.919168, 0.386468, 0.0759771
0.302676, -0.816525, 0.491603
0.252026, -0.428869, -0.867499

16
0.0907516, 0.0807054, 0.0328648
-0.00428346, -0.999983, 0.00393891
-0.752438, 0.00062863, -0.658663
0.658649, -0.00578514, -0.752428

17
0.0618139, -0.00432159, 9.93144e-05
0.119979, -0.00456456, 0.992766
-0.362976, 0.930554, 0.0481455
-0.924042, -0.366127, 0.10999

18
0.0146019, 0.0324987, 0.0169022
0.999832, 0.00912688, 0.0158879
0.0172623, -0.759917, -0.649791
0.00614289, 0.649956, -0.759947

19
-0.0706739, 0.0835727, 0.0133566
0.0212775, -0.999744, 0.00771689
-0.930381, -0.0226255, -0.365894
0.365975, 0.000605652, -0.930624

20
-0.133254, -0.000493902, -0.00253957
-0.124723, 0.00198959, 0.99219
-0.693337, 0.715147, -0.0885895
-0.709738, -0.698971, -0.0878155

21
-0.156166, 0.00404088, -0.0269598
0.88673, 0.4599, 0.0469344
-0.451799, 0.883637, -0.122737
-0.0979195, 0.0876294, 0.991329

22
-0.0611284, 0.00198427, -0.0142719
-0.999619, 0.0261253, -0.00887633
-0.0142684, -0.76479, -0.644121
-0.0236164, -0.64375, 0.764872

23
0.0800064, 0.0601034, -0.0316814
0.00797833, -0.999952, -0.00562704
0.978235, 0.00897162, -0.207304
0.207344, -0.00385063, 0.97826

24
-0.127117, 0.0628797, 0.0350307
-0.0107093, -0.99994, -0.00210506
-0.974506, 0.0109087, -0.224094
0.224104, -0.000348505, -0.974565

25
-0.021341, 0.0201155, -0.000109663
-0.998397, -0.0562505, 0.00627799
0.056129, -0.99826, -0.0180912
0.00728471, -0.0177098, 0.999817

26
-0.122736, -0.00156776, 0.012854
-0.0229438, 0.000232393, 0.999737
-0.913501, 0.406292, -0.0210592
-0.40619, -0.913743, -0.0091096

27
0.0803881, 0.0420812, -0.00711422
-0.00271698, -0.999988, 0.00404634
0.849655, -0.00444227, -0.52732
0.527332, 0.00200528, 0.849657

28
-0.173051, 0.00408515, 0.0418894
0.160142, 0.0152052, 0.986977
0.0189718, 0.999649, -0.0184786
-0.986912, 0.0216839, 0.159797

29
-0.0247803, 0.0346731, 0.0132101
0.999982, -0.00352991, -0.00483044
-0.00579121, -0.773781, -0.633427
-0.00150176, 0.633443, -0.773788

30
-0.0945654, 0.0827612, 0.00158764
0.0202154, -0.99967, -0.0158386
0.928187, 0.0128776, 0.371892
-0.371565, -0.0222192, 0.928141

31
0.0410217, 0.0270719, -0.0831372
0.998923, 0.041697, 0.0203632
0.0460811, -0.839718, -0.541064
-0.00546142, 0.54142, -0.840735

32
-0.0837196, 0.0364658, 0.00344355
0.585045, -0.810689, -0.0225024
0.716617, 0.52975, -0.453679
0.379713, 0.249297, 0.890881

33
0.0149088, 0.0154846, 0.00736132
0.999832, 0.00912688, 0.0158879
0.0135975, -0.950799, -0.309509
0.0122813, 0.309673, -0.950764

34
0.0921103, 0.0385521, -0.00779949
-0.020164, -0.999736, 0.0110222
0.882175, -0.0229786, -0.470361
0.47049, 0.000239195, 0.882405

35
0.130024, 0.0459819, -0.00545948
0.924069, -0.372459, -0.0858483
0.184805, 0.631974, -0.752633
0.334579, 0.67962, 0.65282

36
-0.153855, 0.00781332, 0.0174199
0.919168, 0.386468, 0.0759771
0.376083, -0.918492, 0.122204
0.117012, -0.0837527, -0.989593

37
0.00282137, 0.0440464, 0.0120264
0.0606638, -0.998121, -0.00866989
-0.929146, -0.0532937, -0.365852
0.364703, 0.0302496, -0.930632

38
-0.088737, 0.0535526, 0.0176654
-0.00344504, 0.99996, -0.00827797
0.924719, 3.46784e-05, -0.38065
-0.380635, -0.00896615, -0.924682

39
0.0153436, 0.0538347, 0.00810485
7.68916e-05, 0.999994, 0.00338221
-0.897002, 0.001564, -0.442023
-0.442026, -0.00299986, 0.896997

40
-0.161481, 0.0275782, -0.00262212
0.912613, 0.397338, -0.0962294
-0.407279, 0.86317, -0.298432
-0.0355158, 0.311545, 0.949567

41
0.0989818, 0.0538708, 0.0524477
-0.00576892, -0.999962, 0.00648636
-0.763481, 0.000215379, -0.64583
0.645805, -0.00867796, -0.763453

42
0.108049, -0.00172975, 0.042768
-0.976335, 0.166233, 0.138335
0.0147779, 0.689444, -0.724188
-0.215758, -0.705006, -0.675585

43
0.0695333, 0.0359058, 0.00204231
-0.0159071, -0.999866, 0.00378161
0.939736, -0.0136584, 0.341628
-0.34153, 0.00898802, 0.939828

44
-0.118912, -0.00166608, 0.0129418
-0.0229438, 0.000232393, 0.999737
-0.933162, -0.358823, -0.0213325
0.358723, -0.933406, 0.00844963

45
0.120827, 0.0416108, -0.00111289
0.00890415, 0.999953, 0.0037868
-0.859741, 0.00572162, 0.510698
0.510652, -0.007803, 0.859752

46
-0.060498, 0.029012, -0.00571077
-0.999619, 0.0261253, -0.00887633
-0.027279, -0.88742, 0.460155
0.00414466, 0.460222, 0.887794

47
0.0148023, 0.00738677, 0.0199281
0.999943, 0.00366725, 0.0100367
0.00334113, -0.999472, 0.032319
0.0101499, -0.0322836, -0.999427

48
-0.0467487, 0.0434789, -0.0455257
-0.0304948, -0.999534, -0.00146477
-0.0284459, 0.00233271, -0.999593
0.99913, -0.0304407, -0.0285038

49
-0.0342719, 0.053831, 0.0286227
-0.00344504, 0.99996, -0.00827797
0.705535, 0.00829691, 0.708626
0.708666, -0.00339916, -0.705536

50
0.113763, 0.00673649, 0.0451705
-0.976812, 0.193308, -0.0920387
0.20891, 0.954649, -0.212137
0.0468568, -0.226446, -0.972896

51
0.0719308, 0.0421033, -0.00733187
-0.00271698, -0.999988, 0.00404634
0.973677, -0.00172322, 0.227926
-0.227917, 0.0045591, 0.97367

52
-0.0816903, 0.0619638, -0.0520281
0.999991, -0.000461173, -0.00422438
-0.00423902, -0.0385503, -0.999248
0.000297975, 0.999257, -0.0385519

53
-0.115707, 0.0627761, 0.0261683
-0.0107093, -0.99994, -0.00210506
-0.814566, 0.00994496, -0.579986
0.579972, -0.00449656, -0.814624

54
-0.0639009, 0.0550828, -0.0433275
0.441793, -0.897091, -0.00682252
-0.0429688, -0.0135635, -0.998984
0.896087, 0.441637, -0.0445392

55
0.00986444, 0.06889, 0.00659785
-0.000519239, -0.999997, -0.00249861
0.908273, 0.000573755, -0.418378
0.418378, -0.00248666, 0.90827

56
0.109415, 0.00838099, 0.0402619
-0.976335, 0.166233, 0.138335
0.09622, 0.906757, -0.410527
-0.193679, -0.387502, -0.901294

57
-0.0603694, 0.0780622, 0.0240338
-0.00319621, -0.999977, -0.00605912
-0.617306, 0.00673987, -0.786694
0.786716, 0.00122589, -0.617313

58
0.0763274, -0.00616796, -0.00166318
0.119979, -0.00456456, 0.992766
-0.910059, 0.39911, 0.111819
-0.396733, -0.916892, 0.0437309

59
-0.140132, 0.078246, 0.035778
-0.00319621, -0.999977, -0.00605912
-0.786716, -0.00122589, 0.617313
-0.617306, 0.00673987, -0.786694

60
-0.0789895, -0.0135239, -0.0190603
0.999932, -0.0115448, -0.00160722
0.00923914, 0.700947, 0.713154
-0.00710667, -0.71312, 0.701006

61
0.0132423, 0.0688751, 0.0118614
-0.000519239, -0.999997, -0.00249861
0.999241, -0.000421523, -0.0389511
0.03895, -0.00251694, 0.999238

62
0.0704734, 0.0599275, -0.0139499
0.00797833, -0.999952, -0.00562704
0.983119, 0.00681512, 0.18284
-0.182793, -0.00699081, 0.983127

63
-0.119784, 0.00288657, -0.000853121
-0.124723, 0.00198959, 0.99219
-0.992124, 0.0114382, -0.124737
-0.011597, -0.999933, 0.000547324

64
0.123221, 0.0533857, 0.0286186
-0.0123698, -0.999894, 0.00764568
-0.784042, 0.00495339, -0.620688
0.620585, -0.0136723, -0.78402

65
-0.0309811, 0.00201701, 0.0131961
0.997807, 0.0654414, -0.00997966
0.0631813, -0.896461, 0.438595
0.0197559, -0.438263, -0.898629

66
-0.0247113, 0.027625, 0.0054975
0.999907, -0.012582, -0.00517985
-0.013606, -0.927955, -0.372444
-0.000120574, 0.37248, -0.92804

67
-0.0872171, 0.0407283, -0.0641012
-0.998181, 0.0424451, 0.0428063
0.0594865, 0.578542, 0.81348
0.00976306, 0.814547, -0.580015

68
0.113277, 0.0291678, 0.0425418
-0.976335, 0.166233, 0.138335
0.20499, 0.915179, 0.347024
-0.068914, 0.367169, -0.927598

69
0.101092, 0.0804987, 0.0105388
0.000581102, -0.999955, 0.00950712
-0.911193, 0.00338726, 0.411965
-0.411979, -0.00890221, -0.91115

70
-0.127954, -0.00388612, 0.0127348
-0.0229438, 0.000232393, 0.999737
-0.688523, 0.725039, -0.01597
-0.724852, -0.688708, -0.0164752

71
-0.153622, 0.0446024, 0.0564226
0.025851, -0.99963, -0.00841126
0.101725, -0.00573992, 0.994796
-0.994477, -0.0265721, 0.101539

72
-0.101629, 0.0827282, -0.00534181
0.0202154, -0.99967, -0.0158386
0.715341, 0.00339448, 0.698767
-0.698483, -0.0254559, 0.715174

73
-0.0892204, 0.0598809, -0.0512589
-0.00309578, -0.999985, -0.00462761
-0.143154, 0.00502314, -0.989688
0.989696, -0.0024014, -0.143168

74
0.0907929, 0.0358595, -0.0296444
0.00817446, 0.999914, 0.0102105
-0.944179, 0.00435517, 0.329403
0.32933, -0.0123332, 0.944134

75
-0.169139, 0.0429085, -0.0119464
0.912613, 0.397338, -0.0962294
-0.362685, 0.678242, -0.639099
-0.188671, 0.618151, 0.763081

76
-0.107558, 0.00433085, 0.000680831
-0.124723, 0.00198959, 0.99219
-0.390384, -0.91944, -0.0472292
0.912165, -0.393225, 0.115452

77
0.044877, 0.0775943, -0.00273293
-0.00979048, -0.99995, -0.00202789
0.866979, -0.00747804, -0.498288
0.498248, -0.00663662, 0.867009

78
0.009965, 0.0422278, -0.0678422
-0.999564, -0.029349, 0.0033608
-0.0128585, 0.534691, 0.84495
-0.0265954, 0.844538, -0.534835

79
-0.14819, 0.00581792, 0.0173067
0.94544, 0.314524, 0.0849551
0.306555, -0.947112, 0.0948807
0.110304, -0.0636607, -0.991857

80
-0.0989302, 0.0627648, -0.0168038
-0.00192574, -0.999984, -0.00526687
0.605949, 0.00302293, -0.795498
0.795501, -0.00472338, 0.605933

81
0.116278, 0.0202485, 0.0468625
-0.976812, 0.193308, -0.0920387
0.175076, 0.968638, 0.176322
0.123237, 0.15612, -0.98002

82
0.0767673, 0.0379104, 0.0284091
0.999418, 0.0317127, 0.0125947
0.0324505, -0.769226, -0.638152
-0.0105493, 0.638189, -0.769807

83
0.106079, -0.0394901, -0.0044855
-0.987345, 0.0668797, 0.143797
-0.154525, -0.609681, -0.777439
0.0356756, -0.78982, 0.6123

84
0.0940807, 0.0574137, 0.0362999
0.00900321, -0.999958, -0.00148861
-0.745311, -0.00571798, -0.666693
0.666657, 0.00711186, -0.745331

85
-0.153553, 0.00987641, -0.000525952
0.912613, 0.397338, -0.0962294
-0.389868, 0.916688, 0.0876687
0.123046, -0.0424908, 0.991491

86
-0.0155216, 0.0718952, 0.0364886
0.00113113, -0.999973, 0.00732611
-0.428223, -0.00710478, -0.903645
0.903672, -0.00211507, -0.428219

87
-0.086116, 0.0486981, -0.0463284
-0.998181, 0.0424451, 0.0428063
0.0512222, 0.222789, 0.97352
0.0317844, 0.973942, -0.224558

88
-0.147684, 0.0599731, -0.0320847
-0.00309578, -0.999985, -0.00462761
0.801046, -0.00524994, 0.59858
-0.598595, -0.00185385, 0.80105

89
-0.144541, 0.000836153, 0.0200067
-0.995141, -0.0745069, -0.0643617
-0.0754222, 0.997081, 0.0119075
0.0632866, 0.016704, -0.997856

90
0.1074, 0.0247685, 0.0265615
-0.983647, 0.120014, 0.134298
0.170548, 0.860362, 0.480302
-0.0579019, 0.495352, -0.866761

91
-0.117764, 0.0781634, 0.0376124
-0.00319621, -0.999977, -0.00605912
-0.992794, 0.00389898, -0.11977
0.119791, 0.00563264, -0.992783

92
0.0696947, 0.0689188, -0.00902413
0.00259114, -0.999989, -0.00401948
0.970642, 0.0015483, 0.240524
-0.240515, -0.0045247, 0.970635

93
0.103303, 0.041907, -0.0381118
0.00890415, 0.999953, 0.0037868
-0.598879, 0.00230001, 0.800836
0.80079, -0.0093986, 0.598872

94
-0.117263, -0.000624242, 0.0129794
-0.0229438, 0.000232393, 0.999737
-0.724852, -0.688708, -0.0164752
0.688523, -0.725039, 0.01597

95
0.103048, 0.0379441, -0.0429443
-0.020164, -0.999736, 0.0110222
-0.0970827, -0.00901453, -0.995235
0.995072, -0.021138, -0.0968753

96
-0.0374569, 0.0163043, 0.00763817
-0.999344, -0.0360516, 0.00345721
-0.0329496, 0.944659, 0.326396
-0.015033, 0.326068, -0.945227

97
-0.0689145, 0.0781104, 0.0205933
-0.00319621, -0.999977, -0.00605912
-0.87138, 0.0057577, -0.490575
0.490598, 0.00371181, -0.871378

98
0.0650014, 0.042791, -0.0758237
-0.998531, 0.0474931, -0.026064
0.00212793, 0.51512, 0.857115
0.0541332, 0.855801, -0.514465

99
0.0867254, 0.0807895, 0.0498367
-0.00428346, -0.999983, 0.00393891
-0.947216, 0.00279466, -0.320584
0.320567, -0.00510421, -0.947212

100
0.0757745, 0.0557606, 0.0622448
0.999418, 0.0317127, 0.0125947
0.0154865, -0.0926574, -0.995578
-0.0304054, 0.995193, -0.0930945

101
0.111019, -0.00636794, 0.0140342
-0.987345, 0.0668797, 0.143797
-0.0840389, -0.989597, -0.116771
0.134492, -0.127378, 0.982694

102
0.0744102, 0.0424696, 0.0199756
-0.039071, -0.99918, 0.0105847
-0.877659, 0.0393792, 0.477665
-0.477691, 0.0093731, -0.878478

103
0.125214, 0.031303, 0.00645687
0.924069, -0.372459, -0.0858483
0.298775, 0.843947, -0.445518
0.238389, 0.386041, 0.891147

104
0.104357, 0.00642089, 0.0206702
-0.983647, 0.120014, 0.134298
0.135408, 0.984434, 0.112046
-0.11876, 0.128399, -0.984586

105
-0.0365115, -0.00438413, 0.0651822
-0.999344, -0.0360516, 0.00345721
-0.00127938, -0.0602578, -0.998182
0.0361943, -0.997532, 0.0601721

106
0.011425, 0.0628038, 0.00289895
-0.00764611, -0.999963, -0.00392295
0.999967, -0.00763581, -0.00263454
0.00260449, -0.00394297, 0.999989

107
-0.166482, 0.0252555, -0.0399415
0.88673, 0.4599, 0.0469344
0.0979195, -0.0876294, -0.991329
-0.451799, 0.883637, -0.122737

108
-0.0249711, 0.00845163, 0.00190323
0.999907, -0.012582, -0.00517985
-0.0125242, -0.99986, 0.0110523
-0.00531819, -0.0109864, -0.999926

109
-0.112624, 0.0747112, -0.00274771
0.000660479, -0.999976, -0.0068768
0.887074, 0.00376039, -0.461611
0.461626, -0.00579535, 0.887056

110
-0.13431, 0.0011405, -0.00267566
-0.124723, 0.00198959, 0.99219
-0.368955, 0.928194, -0.0482405
-0.921041, -0.37209, -0.115033

111
0.0581809, 0.0381603, 0.0961533
0.999236, -0.0222002, -0.0321687
-0.0102299, 0.645796, -0.763442
0.037723, 0.763187, 0.645075

112
0.0289608, -0.0185769, 0.0330926
-0.999544, 0.0296185, -0.00587885
0.0262559, 0.756323, -0.653672
-0.0149144, -0.653528, -0.756755

113
0.0882335, 0.0808316, 0.046336
0.000581102, -0.999955, 0.00950712
-0.935624, -0.00389966, -0.352977
0.352998, -0.00868997, -0.935584

114
0.0394725, 0.0488315, -0.0516954
0.998923, 0.041697, 0.0203632
0.0287225, -0.210929, -0.977079
-0.0364461, 0.976612, -0.211899

115
-0.0789073, -0.0035406, -0.0396058
0.999932, -0.0115448, -0.00160722
0.00581625, 0.374691, 0.927131
-0.0101014, -0.927078, 0.374733

116
0.0423203, 0.0809871, 0.0654957
0.000581102, -0.999955, 0.00950712
0.03192, 0.00952082, 0.999445
-0.99949, -0.000277312, 0.0319241

117
0.0117188, 0.0777478, -0.00442289
0.00430932, -0.999944, -0.00968315
0.793556, 0.00931168, -0.608425
0.608481, -0.00506222, 0.793552

118
0.026612, 0.0687623, 0.00213475
0.00259114, -0.999989, -0.00401948
0.804715, -0.000301085, 0.593661
-0.593656, -0.00477279, 0.804705

119
-0.110643, 0.0719627, 0.0603901
0.00113113, -0.999973, 0.00732611
0.0498058, 0.00737336, 0.998732
-0.998758, -0.000764812, 0.0498128

120
0.11859, 0.0136855, 0.0115898
0.924069, -0.372459, -0.0858483
0.367259, 0.927437, -0.0705781
0.105906, 0.0336905, 0.993805

121
0.0953979, 0.0576307, 0.0351433
0.0131581, -0.999912, -0.00183285
-0.738584, -0.00848356, -0.674108
0.674033, 0.0102237, -0.738631

122
0.0648361, 0.0493902, -0.0574655
-0.998531, 0.0474931, -0.026064
-0.0187499, 0.148408, 0.988748
0.0508269, 0.987785, -0.1473

123
0.115531, 0.0410413, 0.0369369
-0.039071, -0.99918, 0.0105847
-0.993655, 0.0399686, 0.105126
-0.105463, -0.00641016, -0.994403

124
0.081461, 0.0419875, -0.0295394
-0.00271698, -0.999988, 0.00404634
0.98678, -0.00333674, -0.162031
0.162042, 0.00355262, 0.986777

125
-0.0814933, 0.0139285, -0.000138111
0.999991, -0.000461173, -0.00422438
0.000297975, 0.999257, -0.0385519
0.00423902, 0.0385503, 0.999248

126
-0.147794, 0.0629556, -0.035168
-0.00192574, -0.999984, -0.00526687
0.795501, -0.00472338, 0.605933
-0.605949, -0.00302293, 0.795498

127
-0.0581978, -0.00506482, 0.0399219
-0.987695, -0.156381, 0.00209844
-0.111316, 0.693514, -0.711791
0.109856, -0.703266, -0.702388

128
-0.155239, -0.018928, -0.0179521
-0.174399, 0.0436958, -0.983705
0.705416, -0.691463, -0.155776
-0.687003, -0.721089, 0.0897668

129
-0.156652, 0.0393151, 0.0122112
0.892573, 0.441386, -0.0921488
0.337559, -0.789596, -0.512438
-0.298943, 0.426283, -0.853766

130
0.0953594, 0.0536268, 0.00715864
-0.00514384, -0.999966, 0.00638079
-0.888992, 0.0074946, 0.457861
-0.457893, -0.00331731, -0.889001

131
-0.140391, 0.0631191, 0.0222101
-0.00917916, -0.999955, -0.00229664
-0.876892, 0.0069456, 0.480637
-0.480599, 0.00642575, -0.876917

132
-0.153123, 0.00678666, 0.0156259
-0.953738, 0.065869, -0.293336
-0.0850834, -0.994952, 0.0532182
-0.28835, 0.0757142, 0.954527

133
0.0661823, 0.007313, 0.10688
-0.990062, 0.0486259, 0.131961
-0.0283363, -0.988053, 0.151486
0.137751, 0.146241, 0.979611

134
0.0810025, 0.0337675, -0.0702047
-0.965216, -0.0576712, 0.255015
0.131729, 0.735257, 0.664864
-0.225845, 0.67533, -0.702085

135
-0.104982, 0.0535861, 0.0284682
-0.00344504, 0.99996, -0.00827797
0.708666, -0.00339916, -0.705536
-0.705535, -0.00829691, -0.708626

136
0.00906123, 0.0631356, -0.00168721
0.00501994, -0.999987, -0.000501402
0.788254, 0.00426557, -0.615335
0.615329, 0.00269371, 0.788266

137
0.0207759, 0.0238931, 0.00790194
-0.993118, 0.116705, -0.00980808
0.116721, 0.993164, -0.001019
0.00962211, -0.00215679, -0.999951

138
-0.04372, 0.077474, -0.000810943
0.00430932, -0.999944, -0.00968315
0.865844, -0.00111346, 0.500312
-0.500295, -0.0105401, 0.865791

139
0.100572, 0.0353649, 0.0109663
0.00817446, 0.999914, 0.0102105
-0.900507, 0.0118005, -0.434681
-0.434764, -0.00564134, 0.900527

140
-0.0815798, -0.0185685, -0.0170779
0.999991, -0.000461173, -0.00422438
0.00320814, 0.73384, 0.679314
0.00278674, -0.679322, 0.733835

141
-0.0816783, -0.00616785, -0.0417402
0.999991, -0.000461173, -0.00422438
0.00403037, 0.418015, 0.908431
0.00134691, -0.90844, 0.418013

142
0.0821097, -0.00165181, -0.00234122
0.119979, -0.00456456, 0.992766
-0.924042, -0.366127, 0.10999
0.362976, -0.930554, -0.0481455

143
-0.0248485, -0.0257177, 0.0432267
0.999982, -0.00352991, -0.00483044
0.00360365, -0.289112, 0.957288
-0.00477568, -0.957289, -0.289094

144
-0.122535, -0.0055285, -0.00118212
-0.124723, 0.00198959, 0.99219
-0.912165, 0.393225, -0.115452
-0.390384, -0.91944, -0.0472292

145
0.103673, 0.0352714, -0.0220876
-0.0159071, -0.999866, 0.00378161
0.675154, -0.0135307, -0.737552
0.737505, -0.00917913, 0.675279

146
-0.0309382, 0.0841707, -0.00616213
0.0202154, -0.99967, -0.0158386
0.698483, 0.0254559, -0.715174
0.715341, 0.00339448, 0.698767

147
-0.150814, -0.00612417, -0.0284871
0.88673, 0.4599, 0.0469344
-0.38871, 0.686789, 0.614187
0.25023, -0.562862, 0.787763

148
0.105716, 0.0424469, 0.0623347
0.0340412, -0.999417, -0.00252074
-0.449488, -0.0130572, -0.893191
0.892637, 0.0315384, -0.449671

149
0.0285227, 0.0777283, 0.0101647
-0.00979048, -0.99995, -0.00202789
0.965362, -0.00998057, 0.260725
-0.260732, 0.000594969, 0.965411

150
0.019763, 0.0497613, 0.0473574
-0.554887, -0.831331, 0.031456
-0.258833, 0.20845, 0.943162
-0.790636, 0.515206, -0.330842

151
0.00992028, 0.044418, 0.0189102
0.0606638, -0.998121, -0.00866989
-0.718853, -0.037661, -0.694141
0.69251, 0.0483416, -0.719787

152
0.102557, 0.0809029, 0.0529602
0.000581102, -0.999955, 0.00950712
-0.729317, -0.00692833, -0.684141
0.684175, -0.00653615, -0.729288

153
0.104029, 0.0538557, 0.0590314
-0.0123698, -0.999894, 0.00764568
-0.486873, -0.000655839, -0.873473
0.873385, -0.0145272, -0.486813

154
-0.0610357, 0.0102804, -0.000285062
-0.999619, 0.0261253, -0.00887633
-0.0267886, -0.995988, 0.0853833
-0.00661005, 0.0855886, 0.996309

155
-0.0623363, 0.0532423, -0.0450115
0.585045, -0.810689, -0.0225024
-0.0765718, -0.0275941, -0.996682
0.807378, 0.584827, -0.0782197

156
-0.058383, 0.0775354, -0.0136792
0.00430932, -0.999944, -0.00968315
0.608481, -0.00506222, 0.793552
-0.793556, -0.00931168, 0.608425

157
0.10263, 0.0538885, 0.0540316
-0.00514384, -0.999966, 0.00638079
-0.457893, -0.00331731, -0.889001
0.888992, -0.0074946, -0.457861

158
-0.0902481, 0.0597939, -0.0317771
-0.00309578, -0.999985, -0.00462761
0.246483, 0.0037218, -0.96914
0.969142, -0.00414087, 0.246467

159
-0.0226566, 0.0689269, -0.00139496
-0.000519239, -0.999997, -0.00249861
0.734112, -0.00207781, 0.679025
-0.679028, -0.00148168, 0.734111

160
-0.145349, 0.0749156, -0.0356115
0.000660479, -0.999976, -0.0068768
0.765956, -0.00391516, 0.642881
-0.642893, -0.00569193, 0.765935

161
-0.116861, -0.00422096, 0.0329002
0.160142, 0.0152052, 0.986977
-0.711267, -0.691526, 0.12606
0.684437, -0.722192, -0.0999273

162
-0.0603223, -0.0228432, 0.0161359
-0.997457, 0.0711712, 0.00365024
0.0483629, 0.713644, -0.698837
-0.0523421, -0.696884, -0.715271

163
0.0508998, 0.0775513, -0.0105842
-0.00979048, -0.99995, -0.00202789
0.610313, -0.00436908, -0.792148
0.7921, -0.00899316, 0.610325

164
-0.161496, 0.0257067, 0.018848
0.919168, 0.386468, 0.0759771
0.392234, -0.880627, -0.265799
-0.0358152, 0.274114, -0.96103

165
-0.119299, 0.0628935, 0.0361039
-0.00917916, -0.999955, -0.00229664
-0.959891, 0.00945497, -0.280212
0.280222, -0.000367589, -0.959935

166
0.0995488, 0.080738, 0.0507095
-0.00428346, -0.999983, 0.00393891
-0.443108, -0.0016331, -0.896467
0.896458, -0.00558534, -0.443093

167
0.0382475, 0.0398744, 0.0135988
-0.020164, -0.999736, 0.0110222
0.995072, -0.021138, -0.0968753
0.0970827, 0.00901453, 0.995235

168
-0.00992002, 0.000447624, 0.0145897
0.999202, -0.0399367, -0.000144116
0.0397052, 0.99301, 0.11115
-0.00429584, -0.111067, 0.993804

169
0.0314673, -0.0365442, -0.0310325
0.999815, -0.0187969, -0.00407212
0.0106349, 0.363905, 0.931375
-0.0160251, -0.931246, 0.364038

170
-0.0301526, -0.00609307, 0.042849
0.997807, 0.0654414, -0.00997966
0.0508117, -0.660506, 0.749099
0.0424305, -0.747963, -0.662382

171
-0.133669, -0.00178045, 0.0355899
0.160142, 0.0152052, 0.986977
-0.986912, 0.0216839, 0.159797
-0.0189718, -0.999649, 0.0184786

172
0.0915264, 0.0573726, 0.0485092
0.00900321, -0.999958, -0.00148861
-0.943696, -0.00800431, -0.330718
0.330693, 0.00438232, -0.943728

173
0.0147982, 0.0177782, 0.0165356
0.999943, 0.00366725, 0.0100367
-0.000797408, -0.911037, 0.412323
0.0106559, -0.412308, -0.910982

174
-0.160609, 0.0231683, 0.0183371
-0.41312, -0.91064, 0.00816675
-0.828485, 0.379543, 0.411776
-0.378079, 0.163347, -0.911248

175
-0.102681, 0.0829674, 0.0231907
0.0212775, -0.999744, 0.00771689
-0.694158, -0.00921797, 0.719763
-0.719508, -0.0206715, -0.694177

176
0.0880914, 0.0689492, -0.0047243
0.00259114, -0.999989, -0.00401948
0.856418, 0.00429426, -0.516266
0.516277, -0.00210463, 0.856419

177
0.0634289, 0.0401715, -0.0203508
-0.998531, 0.0474931, -0.026064
-0.0491983, -0.593529, 0.803307
0.0226818, 0.80341, 0.594994

178
0.0394673, 0.0542837, 0.0650396
-0.00514384, -0.999966, 0.00638079
0.0828354, 0.00593286, 0.996546
-0.99655, 0.00565463, 0.0828021

179
0.00336695, 0.0538253, 0.0111583
7.68916e-05, 0.999994, 0.00338221
-0.946836, -0.00101531, 0.321715
0.321717, -0.00322714, 0.94683

180
-0.0634708, 0.01346, 0.00278772
-0.997167, -0.0744074, -0.0110367
0.0727214, -0.916079, -0.394349
0.0192319, -0.394034, 0.918895

181
-0.0851441, 0.0111404, 0.0135755
-0.998181, 0.0424451, 0.0428063
-0.0317844, -0.973942, 0.224558
0.0512222, 0.222789, 0.97352

182
-0.0821164, 0.0716457, 0.0127172
0.00113113, -0.999973, 0.00732611
-0.903672, 0.00211507, 0.428219
-0.428223, -0.00710478, -0.903645

183
0.0306076, 0.0378171, 0.0372159
-0.999544, 0.0296185, -0.00587885
0.0149144, 0.653528, 0.756755
0.0262559, 0.756323, -0.653672

184
0.108497, 0.0494808, -0.0292619
-0.987345, 0.0668797, 0.143797
0.134492, -0.127378, 0.982694
0.0840389, 0.989597, 0.116771

185
-0.149506, 0.0541356, 0.0682192
-0.00291852, -0.999996, 0.000658712
0.229327, -2.81385e-05, 0.97335
-0.973345, 0.0029918, 0.229326

186
0.0116637, -0.00909625, -0.0108168
-0.999564, -0.029349, 0.0033608
0.0220573, -0.817181, -0.575959
0.0196502, -0.575634, 0.817471

187
-0.0154065, 0.0689063, 0.00533953
-0.000519239, -0.999997, -0.00249861
0.938084, -0.00135263, 0.346406
-0.346408, -0.00216404, 0.938081

188
0.0290397, 0.0595476, -0.00518446
0.00797833, -0.999952, -0.00562704
0.838332, 0.00362109, 0.545149
-0.545102, -0.0090667, 0.838321

189
0.101407, 0.0809671, 0.0597799
0.000581102, -0.999955, 0.00950712
-0.411979, -0.00890221, -0.91115
0.911193, -0.00338726, -0.411965

190
-0.0355664, -0.0315995, 0.0545599
-0.999344, -0.0360516, 0.00345721
-0.015033, 0.326068, -0.945227
0.0329496, -0.944659, -0.326396

191
0.0140392, 0.0538325, 0.00879312
7.68916e-05, 0.999994, 0.00338221
-0.997878, 0.000296947, -0.0651103
-0.0651109, -0.00337003, 0.997872

192
-0.0656083, 0.0520829, 0.011697
-0.998225, 0.0595436, 0.000891984
0.0553618, 0.922392, 0.382268
0.0219388, 0.381639, -0.924051

193
-0.0322405, 0.0222007, 0.0196215
0.997807, 0.0654414, -0.00997966
0.0586455, -0.943793, -0.325294
-0.0307064, 0.323995, -0.94556

194
0.105971, 0.0359775, 0.0607387
0.00395318, -0.999913, 0.0125782
-0.410706, -0.013092, -0.911674
0.911759, -0.00156195, -0.410722

195
-0.130037, -0.000587272, 0.0126862
-0.0229438, 0.000232393, 0.999737
-0.358723, 0.933406, -0.00844963
-0.933162, -0.358823, -0.0213325

196
-0.148282, 0.0447774, 0.0520307
0.025851, -0.99963, -0.00841126
-0.286588, -0.0154717, 0.957929
-0.957705, -0.0223529, -0.286882

197
-0.0396173, -0.00193565, 0.0568684
0.999797, 0.020139, -0.00114565
0.00127133, -0.00622897, 0.99998
0.0201315, -0.999778, -0.00625331

198
-0.0208721, 0.0848223, 0.0379333
0.0212775, -0.999744, 0.00771689
-0.399096, -0.0155704, -0.916777
0.916662, 0.0164269, -0.399325

199
-0.0858949, 0.0750638, -0.0514511
0.000660479, -0.999976, -0.0068768
-0.0870184, 0.00679324, -0.996184
0.996206, 0.00125637, -0.0870119

200
-0.164254, 0.0205, -0.0354408
0.88673, 0.4599, 0.0469344
-0.0824301, 0.257194, -0.962838
-0.45488, 0.849908, 0.265971

201
-0.0786316, 0.0138809, 0.00673946
0.999932, -0.0115448, -0.00160722
0.0112555, 0.92049, 0.390605
-0.00303004, -0.390596, 0.920557

202
-0.0310015, 0.00290887, 0.0169961
0.997807, 0.0654414, -0.00997966
0.0659322, -0.995938, 0.0613182
-0.00592637, -0.0618417, -0.998068

203
0.0837396, -0.00059709, -0.00253335
0.119979, -0.00456456, 0.992766
-0.714798, -0.694365, 0.0831933
0.688962, -0.719609, -0.0865721

204
0.00860613, 0.0605774, 0.0621631
-0.551151, -0.834149, 0.0206624
0.0324767, 0.00329889, 0.999467
-0.833773, 0.551529, 0.0252722

205
0.0750082, -0.0361728, 0.0565288
0.999895, 0.0144042, 0.00145196
0.00245297, -0.267407, 0.963581
0.0142679, -0.963476, -0.267414

206
0.11859, 0.0355438, -0.0209832
0.00817446, 0.999914, 0.0102105
-0.746279, -0.00069607, 0.665633
0.665583, -0.0130611, 0.746209

207
0.0147027, -0.028523, 0.0456142
0.999832, 0.00912688, 0.0158879
-0.0122813, -0.309673, 0.950764
0.0135975, -0.950799, -0.309509

208
0.104937, 0.00211971, 0.0132284
-0.965216, -0.0576712, 0.255015
0.0665501, -0.997436, 0.0263193
0.252844, 0.0423751, 0.966579

209
0.113886, 0.0365787, 0.037932
-0.976335, 0.166233, 0.138335
0.215758, 0.705006, 0.675585
0.0147779, 0.689444, -0.724188

210
0.107962, 0.0426544, 0.0104222
0.0340412, -0.999417, -0.00252074
-0.949026, -0.0315338, -0.313616
0.313354, 0.0130681, -0.949547

211
-0.115991, -0.0261576, 0.0524699
0.824191, -0.566309, -0.00171149
-0.0261091, -0.0410171, 0.998817
-0.565709, -0.823172, -0.0485917

212
-0.0251905, -0.0106381, 0.00592045
0.999907, -0.012582, -0.00517985
-0.00953564, -0.919546, 0.392866
-0.00970615, -0.39278, -0.919581

213
-0.130681, 0.0748852, -0.0297874
0.000660479, -0.999976, -0.0068768
0.953675, -0.00143893, 0.300834
-0.300837, -0.00675693, 0.953652

214
-0.0606479, 0.0401179, 0.0201924
0.0606638, -0.998121, -0.00866989
-0.69251, -0.0483416, 0.719787
-0.718853, -0.037661, -0.694141

215
0.0802034, -0.0019982, -0.00211244
0.119979, -0.00456456, 0.992766
-0.992608, 0.0178503, 0.120042
-0.0182691, -0.99983, -0.00238915

216
0.121801, 0.0808665, 0.0479501
0.000581102, -0.999955, 0.00950712
-0.99949, -0.000277312, 0.0319241
-0.03192, -0.00952082, -0.999445

217
0.0647481, 0.0222955, 0.0142466
-0.551151, -0.834149, 0.0206624
-0.782734, 0.508284, -0.359131
0.289067, -0.214109, -0.933058

218
0.12469, 0.0380929, -0.0286473
0.924069, -0.372459, -0.0858483
0.0426994, 0.323789, -0.945165
0.379832, 0.869733, 0.315107

219
-0.144189, 0.0630334, 0.0488792
-0.0107093, -0.99994, -0.00210506
-0.847545, 0.00796005, 0.530663
-0.530615, 0.00746719, -0.84758

220
0.0215461, 0.040067, 0.000511455
-0.020164, -0.999736, 0.0110222
0.77227, -0.00857256, 0.635237
-0.634974, 0.021321, 0.772239

221
-0.0693429, 0.0832404, 0.00353654
0.0202154, -0.99967, -0.0158386
0.919063, 0.0248172, -0.393328
0.393591, -0.00660545, 0.919262

222
-0.0852569, 0.0492541, -0.0268462
-0.998181, 0.0424451, 0.0428063
0.0351598, -0.166881, 0.98535
0.0489669, 0.985063, 0.165085

223
-0.0271547, 0.0717673, 0.0208279
0.00113113, -0.999973, 0.00732611
-0.741447, -0.00575456, -0.670987
0.671011, -0.00467295, -0.741433

224
-0.0399513, 0.0119405, 0.00927986
0.999797, 0.020139, -0.00114565
0.0190856, -0.926058, 0.376898
0.00652943, -0.376844, -0.926254

225
0.125363, 0.0449852, 0.0235196
-0.409246, 0.912415, 0.00403866
0.628584, 0.278726, 0.726081
0.661362, 0.299685, -0.687597

226
0.0586557, 0.0571357, 0.00883711
0.00900321, -0.999958, -0.00148861
-0.901128, -0.00875867, 0.433464
-0.433459, -0.00256113, -0.90117

227
-0.112658, 0.0827601, -0.0214341
0.0202154, -0.99967, -0.0158386
0.393591, -0.00660545, 0.919262
-0.919063, -0.0248172, 0.393328

228
-0.162288, -0.00675862, 0.0403102
0.160142, 0.0152052, 0.986977
-0.684437, 0.722192, 0.0999273
-0.711267, -0.691526, 0.12606

229
-0.010866, 0.0325128, 0.0177191
-0.00392763, -0.999918, 0.0122
-0.92365, 0.00830283, 0.383146
-0.383216, -0.00976371, -0.923607

230
-0.148134, 0.0358437, 0.035041
-0.995141, -0.0745069, -0.0643617
-0.098082, 0.693231, 0.71401
-0.00858121, 0.716854, -0.697171

231
0.039469, 0.0543154, 0.0680581
-0.00576892, -0.999962, 0.00648636
0.0832096, 0.00598395, 0.996514
-0.996515, 0.00628854, 0.083172

232
0.0843369, 0.0539171, 0.0465671
-0.00576892, -0.999962, 0.00648636
-0.952503, 0.00351989, -0.304509
0.304474, -0.00793496, -0.952488

233
-0.171541, 0.0630282, -0.0402597
-0.00192574, -0.999984, -0.00526687
0.966834, -0.00320701, 0.255386
-0.255398, -0.00460038, 0.966825

234
-0.0977776, 0.0717132, 0.0243502
0.00113113, -0.999973, 0.00732611
-0.671011, 0.00467295, 0.741433
-0.741447, -0.00575456, -0.670987

235
-0.0859472, -0.00834309, 0.014167
-0.998181, 0.0424451, 0.0428063
-0.0489669, -0.985063, -0.165085
0.0351598, -0.166881, 0.98535

236
-0.0397688, 0.0033124, 0.0169005
0.999797, 0.020139, -0.00114565
0.0201315, -0.999778, -0.00625331
-0.00127133, 0.00622897, -0.99998

237
0.110818, 0.0385114, 0.0122437
-0.409246, 0.912415, 0.00403866
0.833828, 0.372193, 0.407679
0.37047, 0.170209, -0.913116

238
0.0636912, 0.0391719, -0.0035768
-0.020164, -0.999736, 0.0110222
0.956479, -0.0160792, 0.291359
-0.291105, 0.0164175, 0.95655

239
0.0889673, 0.0498727, -0.0364165
-0.965216, -0.0576712, 0.255015
0.252844, 0.0423751, 0.966579
-0.0665501, 0.997436, -0.0263193

240
-0.0239673, 0.0631315, -0.0116524
-0.00764611, -0.999963, -0.00392295
0.708925, -0.00818743, 0.705236
-0.705242, 0.00261123, 0.708962

241
-0.151669, 0.0629862, -0.0395545
-0.00192574, -0.999984, -0.00526687
0.503061, -0.00552066, 0.864233
-0.864249, -0.000985264, 0.503064

242
-0.070896, 0.0538748, 0.0206396
-0.00291852, -0.999996, 0.000658712
-0.850417, 0.00213542, -0.526104
0.526101, -0.00209563, -0.85042

243
-0.0315101, 0.0688883, 0.00887042
0.0236806, 0.999695, -0.00703257
0.901897, -0.018328, 0.431561
0.431301, -0.0165623, -0.902056

244
0.0105678, 0.072045, -0.0158775
0.00448982, -0.999977, -0.00500476
0.564442, 0.00666556, -0.825446
0.82546, 0.000881201, 0.564459

245
0.0082658, 0.0323911, 0.0139032
-0.00392763, -0.999918, 0.0122
-0.999992, 0.0039344, 0.000531539
-0.000579495, -0.0121978, -0.999925

246
-0.102328, 0.062603, 0.0403663
-0.0107093, -0.99994, -0.00210506
-0.530615, 0.00746719, -0.84758
0.847545, -0.00796005, -0.530663

247
0.0145152, -0.00618742, 0.0534902
0.999943, 0.00366725, 0.0100367
-0.00809871, -0.352655, 0.935718
0.00697101, -0.935746, -0.352605

248
0.0305486, 0.0626727, -0.000957441
-0.00764611, -0.999963, -0.00392295
0.922853, -0.00554566, -0.385113
0.385077, -0.00656492, 0.922861

249
0.0572487, 0.0807599, 0.0102657
-0.00428346, -0.999983, 0.00393891
-0.896458, 0.00558534, 0.443093
-0.443108, -0.0016331, -0.896467

250
-0.144983, 0.0541073, 0.0453595
-0.00291852, -0.999996, 0.000658712
-0.526101, 0.00209563, 0.85042
-0.850417, 0.00213542, -0.526104

251
-0.0621093, -0.00101034, -0.0226692
-0.997167, -0.0744074, -0.0110367
0.0598261, -0.695556, -0.715977
0.0455973, -0.714608, 0.698037

252
-0.061295, -0.0377722, 0.0414236
-0.997457, 0.0711712, 0.00365024
0.0246511, 0.392635, -0.919364
-0.0668655, -0.916936, -0.393391

253
0.0448435, 0.0404243, 0.0422187
0.0340412, -0.999417, -0.00252074
-0.313354, -0.0130681, 0.949547
-0.949026, -0.0315338, -0.313616

254
-0.09714, 0.00208897, 0.0296032
0.160142, 0.0152052, 0.986977
-0.395202, -0.915257, 0.0782237
0.904527, -0.402583, -0.140562

255
0.032841, 0.0434016, 0.0152137
-0.551151, -0.834149, 0.0206624
-0.757878, 0.510809, 0.405828
-0.349076, 0.208013, -0.913716

256
-0.025336, -0.0267379, 0.0169376
0.999907, -0.012582, -0.00517985
-0.0050954, -0.69924, 0.714869
-0.0126164, -0.714777, -0.699239

257
0.0624012, 0.025757, -0.00724474
-0.998531, 0.0474931, -0.026064
-0.0541332, -0.855801, 0.514465
0.00212793, 0.51512, 0.857115

258
0.0626011, 0.0572443, 0.0104755
0.0131581, -0.999912, -0.00183285
-0.905369, -0.012692, 0.424436
-0.424422, -0.00392536, -0.905456

259
-0.0734666, 0.0741634, 0.0442316
-0.961227, -0.275722, 0.00457818
-0.104414, 0.379275, 0.919374
-0.255228, 0.883249, -0.393358

260
0.0353728, 0.052979, -0.0516199
0.999981, -0.0013834, -0.00602064
-0.00597702, 0.0296198, -0.999543
0.00156109, 0.99956, 0.0296109

261
0.0755939, 0.0537458, 0.0816487
0.999418, 0.0317127, 0.0125947
0.00267198, 0.29524, -0.95542
-0.0340174, 0.954897, 0.294983

262
0.102389, 0.0603662, -0.0466466
0.00797833, -0.999952, -0.00562704
-0.207344, 0.00385063, -0.97826
0.978235, 0.00897162, -0.207304

263
-0.152209, 0.0631066, 0.0549129
-0.0107093, -0.99994, -0.00210506
-0.224104, 0.000348505, 0.974565
-0.974506, 0.0109087, -0.224094

264
-0.0111589, -0.0303704, -0.0349906
0.999202, -0.0399367, -0.000144116
0.0112257, 0.277396, 0.96069
-0.0383268, -0.959925, 0.277623

265
0.0160292, 0.0567151, 0.0335649
0.00900321, -0.999958, -0.00148861
-0.666657, -0.00711186, 0.745331
-0.745311, -0.00571798, -0.666693

266
0.0937213, 0.0429331, 0.0358928
-0.043065, -0.999017, 0.0104784
-0.751601, 0.0254862, -0.659126
0.658211, -0.0362609, -0.751959

267
-0.0347613, 0.077389, 0.0119515
0.00430932, -0.999944, -0.00968315
0.966006, 0.00666564, -0.258433
0.258483, -0.00824031, 0.965981

268
-0.122233, 0.0540341, 0.0349469
-0.00291852, -0.999996, 0.000658712
-0.987013, 0.00277483, -0.160615
0.160613, -0.00111892, -0.987017

269
0.046741, 0.0625916, -0.0118387
-0.00764611, -0.999963, -0.00392295
0.705242, -0.00261123, -0.708962
0.708925, -0.00818743, 0.705236

270
0.117535, 0.0537127, 0.0384845
-0.00514384, -0.999966, 0.00638079
-0.99655, 0.00565463, 0.0828021
-0.0828354, -0.00593286, -0.996546

271
0.0390616, 0.0491505, -0.0321933
0.998923, 0.041697, 0.0203632
0.0125888, 0.178861, -0.983794
-0.0446634, 0.98299, 0.178143

272
-0.0202947, 0.001082, -0.00426115
-0.998397, -0.0562505, 0.00627799
0.0490687, -0.915494, -0.399327
0.0282098, -0.398379, 0.916787

273
-0.0611179, 0.0627877, -0.0103338
0.00501994, -0.999987, -0.000501402
0.615329, 0.00269371, 0.788266
-0.788254, -0.00426557, 0.615335

274
0.088258, 0.035764, 0.0493311
0.00395318, -0.999913, 0.0125782
-0.935124, -0.00815296, -0.354226
0.354298, -0.0103619, -0.935075

275
-0.142631, -0.0158547, 0.0372607
0.160142, 0.0152052, 0.986977
-0.904527, 0.402583, 0.140562
-0.395202, -0.915257, 0.0782237

276
0.102218, -0.0129041, 0.0222737
-0.983647, 0.120014, 0.134298
0.0796531, 0.958634, -0.273268
-0.161539, -0.258102, -0.952517

277
0.0144297, -0.0013166, 0.0602284
0.999943, 0.00366725, 0.0100367
-0.0101499, 0.0322836, 0.999427
0.00334113, -0.999472, 0.032319

278
-0.138967, -0.0267353, 0.0351866
0.94544, 0.314524, 0.0849551
0.13877, -0.624695, 0.76844
0.294764, -0.714724, -0.634258

279
-0.0891565, 0.0629408, -0.0538026
-0.00192574, -0.999984, -0.00526687
-0.134034, 0.00547747, -0.990962
0.990975, -0.0012024, -0.134042

280
-0.129294, -0.00994274, 0.0350058
0.160142, 0.0152052, 0.986977
-0.919048, -0.362516, 0.154705
0.360147, -0.931854, -0.0440797

281
-0.0714758, 0.00404838, -0.0317818
-0.174399, 0.0436958, -0.983705
-0.0130205, 0.998825, 0.0466759
0.984589, 0.0209486, -0.173625

282
-0.0879712, 0.0539126, 0.00235226
-0.00291852, -0.999996, 0.000658712
-0.973345, 0.0029918, 0.229326
-0.229327, 2.81385e-05, -0.97335

283
0.00040531, 0.0812277, 0.0672146
-0.00428346, -0.999983, 0.00393891
0.0663184, 0.00364621, 0.997792
-0.997789, 0.00453522, 0.0663017

284
0.0401608, 0.0410786, -0.0695846
0.998923, 0.041697, 0.0203632
0.0404834, -0.568606, -0.821613
-0.0226802, 0.821553, -0.569681

285
-0.0249948, -0.0356881, 0.0202282
0.999982, -0.00352991, -0.00483044
0.00150176, -0.633443, 0.773788
-0.00579121, -0.773781, -0.633427

286
0.0319267, 0.0653303, 0.0111164
-0.0199229, -0.999778, 0.00682389
-0.935547, 0.0162347, -0.352829
0.35264, -0.0134134, -0.935663

287
-0.0577061, 0.044421, 0.0292862
-0.0716338, -0.99742, 0.00476863
-0.690249, 0.0530231, 0.721627
-0.720018, 0.0484013, -0.692266

288
0.0818362, -0.0190436, -0.0135103
-0.998004, 0.0608639, 0.0168465
-0.0560111, -0.729852, -0.681307
-0.0291715, -0.68089, 0.731804

289
-0.0610392, -0.00310304, -0.0392836
-0.999619, 0.0261253, -0.00887633
0.00661005, -0.0855886, -0.996309
-0.0267886, -0.995988, 0.0853833

290
0.0451826, 0.0476386, 0.0444714
-0.999105, -0.0386205, 0.0172261
-0.00194505, 0.448888, 0.893586
-0.0422433, 0.892753, -0.448562

291
-0.0617546, -0.00379074, -0.0359732
-0.997167, -0.0744074, -0.0110367
0.0378227, -0.369141, -0.928603
0.0650208, -0.92639, 0.37091

292
-0.0192209, 0.0782194, -0.00149307
-0.00979048, -0.99995, -0.00202789
0.7921, -0.00899316, 0.610325
-0.610313, 0.00436908, 0.792148

293
-0.0160022, -0.0333761, 0.0444798
-0.997386, 0.0722448, 0.00135439
0.0255648, 0.370346, -0.928542
-0.0675839, -0.92608, -0.371225

294
-0.0207054, 0.00638252, -0.0220773
-0.998397, -0.0562505, 0.00627799
0.0345381, -0.693353, -0.71977
0.0448403, -0.718399, 0.694185

295
0.117526, 0.0536926, 0.0414741
-0.00576892, -0.999962, 0.00648636
-0.996515, 0.00628854, 0.083172
-0.0832096, -0.00598395, -0.996514

296
-0.015338, -0.0236921, 0.0169843
-0.997386, 0.0722448, 0.00135439
0.049482, 0.69655, -0.7158
-0.0526562, -0.713861, -0.698304

297
0.0354418, -0.0119727, -0.0252479
0.999981, -0.0013834, -0.00602064
