0
-0.0181144, -0.0103891, 0.0138475
0.999431, -0.0262219, -0.0212034
0.0264543, 0.999592, 0.0107558
0.0209127, -0.0113106, 0.999717

1
-0.00730788, 0.0133338, -0.0208085
0.99998, 0.00475438, 0.00420519
0.006216, -0.86758, -0.497259
0.00128418, 0.497275, -0.867592

2
0.00667212, -0.0111161, 0.00612013
-0.0735933, 0.957455, 0.27904
0.0321686, -0.277374, 0.960223
0.996769, 0.0796424, -0.0103871

3
0.00963397, 0.016958, -0.0223397
-0.998046, -0.0489006, 0.0388845
-0.0156282, 0.798011, 0.60244
-0.0604899, 0.600656, -0.797216

4
-0.0193276, -0.0175265, -0.0235997
0.999981, -0.00519018, 0.00326464
-0.00606705, -0.760531, 0.649274
-0.000886989, -0.649281, -0.760548

5
0.00438593, -0.00403837, -0.0235641
-0.998998, 0.0366625, 0.0256827
0.0428964, 0.948052, 0.315209
-0.0127922, 0.315995, -0.948675

6
-0.00538088, -0.00995888, -0.0295157
0.999542, -0.0158028, -0.0258137
0.000396522, -0.845963, 0.533242
-0.0302641, -0.533008, -0.845569

7
0.00398327, 0.0258943, -0.0112065
-0.999816, -0.0170343, 0.00886574
0.00891688, -0.00292836, 0.999956
-0.0170076, 0.999851, 0.00307971

8
0.00164022, -0.0143015, -0.023328
0.999975, -2.40162e-05, -0.00713607
0.00384885, -0.840263, 0.542166
-0.00600919, -0.54218, -0.840241

9
-0.00808448, -0.0185945, -0.024182
0.999815, -0.0154601, -0.0114014
-0.00334617, -0.724621, 0.689139
-0.0189158, -0.688974, -0.724539

10
-0.00487636, -0.0218475, -0.0252298
0.999909, -0.0106984, -0.00823853
-0.00219044, -0.730564, 0.68284
-0.013324, -0.68276, -0.730521

11
-0.0133945, 0.025887, -0.0125556
0.999971, 0.00441815, -0.0061498
-0.00604237, -0.023929, -0.999695
-0.00456396, 0.999704, -0.0239017

12
-0.0156208, -0.0192397, -0.0223175
0.999845, -0.00530434, 0.0167593
-0.014019, -0.815805, 0.578158
0.0106056, -0.578303, -0.815753

13
0.0350107, -0.0215923, 0.0435459
-0.621433, -0.783101, -0.0239475
0.763337, -0.612067, 0.206616
-0.176459, 0.110118, 0.978129

14
-0.0131246, 0.0196929, -0.0129257
0.999991, -0.000460522, 0.0041115
0.00405228, -0.0913063, -0.995815
0.000834, 0.995823, -0.0913037

15
-0.0209207, -0.0228412, -0.00426761
0.999567, 0.0232519, 0.0180377
-0.015663, -0.0985488, 0.995009
0.0249135, -0.994861, -0.098142

16
0.00447516, -0.00690164, -0.0160059
-0.998998, 0.0366625, 0.0256827
0.0347357, 0.996812, -0.0718265
-0.0282342, -0.0708624, -0.997086

17
-0.0180264, 0.00277356, -0.0304124
-0.993928, 0.0658564, -0.0881482
0.0193099, 0.893075, 0.449494
0.108325, 0.445063, -0.888923

18
0.0187451, 0.0340921, 0.000634506
-0.993891, 0.0669309, 0.0877562
0.0859248, -0.0297726, 0.995857
0.0692663, 0.997313, 0.0238396

19
0.00143382, -0.00828121, -0.0173713
-0.999353, -0.0217636, 0.0286383
-0.0185384, 0.993932, 0.108426
-0.0308243, 0.107825, -0.993692

20
0.0109585, -0.00606488, -0.0172972
-0.998046, -0.0489006, 0.0388845
-0.0538236, 0.989007, -0.137728
-0.0317221, -0.139551, -0.989707

21
-0.00906256, -0.00247576, -0.0276768
-0.0735933, 0.957455, 0.27904
0.727569, -0.139817, 0.671636
0.682076, 0.252449, -0.686325

22
-0.0209957, -0.00591517, -0.0135985
-0.998052, 0.00311338, -0.062316
0.00254121, 0.999954, 0.00925885
0.0623419, 0.00908245, -0.998014

23
0.0156801, 0.027801, 0.0151585
-0.997855, 0.031184, 0.0575554
0.0338039, -0.507459, 0.861013
0.0560568, 0.861111, 0.505316

24
0.00473053, -0.00661495, -0.0230325
0.999996, 0.00117006, -0.00266774
0.00207323, -0.929185, 0.36961
-0.00204635, -0.369614, -0.929183

25
-0.0213154, -0.0111996, -0.0260836
-0.962743, 0.0383327, -0.267687
0.13142, 0.931463, -0.339271
0.236335, -0.361811, -0.901798

26
0.00680622, -0.00888861, -0.0262829
0.99956, 0.00455619, -0.0293235
0.0165627, -0.905569, 0.423875
-0.0246232, -0.424174, -0.905246

27
0.00475774, -0.0266993, -0.0216419
0.999996, 0.00117006, -0.00266774
0.00269852, -0.717009, 0.697058
-0.00109719, -0.697063, -0.717009

28
-0.0194122, -0.0229426, -0.00629464
0.999981, -0.00519018, 0.00326464
-0.00366285, -0.078665, 0.996894
-0.00491724, -0.996888, -0.0786825

29
-0.034056, -0.00606398, 0.0370557
0.0808195, -0.995835, 0.0421931
0.966852, 0.0680401, -0.246103
0.242208, 0.0606844, 0.968325

30
-0.0101089, 0.016952, -0.0200302
0.999983, -0.00377744, -0.00451111
-0.00540419, -0.892858, -0.450305
-0.00232678, 0.450322, -0.892863

31
-0.0341271, -0.0298445, -0.00820255
-0.902143, 0.127392, -0.412201
0.431437, 0.268116, -0.86138
0.000784976, -0.954927, -0.296841

32
-0.0206009, -0.0202507, -0.0253256
0.999567, 0.0232519, 0.0180377
0.00654107, -0.773157, 0.634181
0.0286919, -0.633788, -0.772974

33
-0.0112411, -0.0118688, -0.018301
-0.99925, 0.0323176, 0.0213514
0.0283752, 0.985982, -0.164424
-0.0263659, -0.163694, -0.986159

34
-0.0194712, -0.017992, 0.0196498
0.999981, -0.00519018, 0.00326464
0.00314123, 0.8909, 0.454188
-0.00526578, -0.454169, 0.8909

35
-0.00162586, 0.0183338, 0.0100545
0.999945, 0.00763483, 0.00722676
0.0051044, 0.248352, -0.968656
-0.00919031, 0.96864, 0.2483

36
-0.0193857, -0.00401561, -0.0201587
-0.993928, 0.0658564, -0.0881482
0.0592942, 0.995411, 0.0751022
0.0926897, 0.0694195, -0.993272

37
-0.000545394, -0.00971905, 0.0337188
-0.159955, -0.985102, 0.0631503
0.887372, -0.171521, -0.427963
0.432419, -0.0124171, 0.901587

38
-0.00996123, 0.019763, 0.0103567
0.999983, -0.00377744, -0.00451111
-0.00421776, 0.0743612, -0.997222
0.0041024, 0.997224, 0.074344

39
0.0374608, 0.000427477, 0.037266
-0.0486509, 0.998815, 0.000835252
-0.971369, -0.0475087, 0.232778
0.232542, 0.0105135, 0.97253

40
0.0163825, 0.0100238, 0.0435356
0.413463, -0.907908, 0.0689367
0.768053, 0.388431, 0.509132
-0.489022, -0.15756, 0.857923

41
-0.00642498, 0.00711126, 0.014403
-0.99684, 0.0634063, 0.0478581
-0.0589608, -0.994268, 0.0891892
0.0532389, 0.0860856, 0.994864

42
0.00816573, -0.0239649, 0.0184199
0.999946, 0.000531374, -0.0103497
0.00544313, 0.822912, 0.568143
0.00881879, -0.568169, 0.822865

43
-0.0222934, -0.0260959, 0.00617654
-0.998052, 0.00311338, -0.062316
0.0623419, 0.00908245, -0.998014
-0.00254121, -0.999954, -0.00925885

44
-0.0200844, 0.0258559, -0.0108569
0.997248, -0.0409402, -0.0618011
-0.061332, 0.0126179, -0.998038
0.0416396, 0.999082, 0.0100723

45
-0.0104019, 0.0195892, 0.000216572
0.999983, 0.00429295, 0.00398895
0.00348517, 0.111559, -0.993752
-0.00471112, 0.993749, 0.111542

46
0.0036619, -0.00147067, -0.00326719
0.0257317, 0.999406, -0.0229074
0.0787159, 0.0208182, 0.99668
0.996565, -0.0274495, -0.0781335

47
-0.0234872, -0.00249398, -0.0192161
-0.0486509, 0.998815, 0.000835252
0.156886, 0.00846755, -0.98758
-0.986418, -0.0479157, -0.157112

48
-0.0180945, -0.00610218, -0.0086802
-0.0028791, 0.998635, -0.0521464
-0.053529, -0.0522257, -0.9972
-0.998562, -7.96969e-05, 0.0536063

49
-0.00471486, -0.0230668, -0.00404628
0.999909, -0.0106984, -0.00823853
0.00787265, -0.0338025, 0.999398
-0.0109704, -0.999371, -0.0337152

50
-0.0130503, 0.0141557, -0.0316323
0.999991, -0.000460522, 0.0041115
0.00342466, -0.465441, -0.885072
0.00232126, 0.885079, -0.465435

51
0.000873114, 0.00576094, -0.0262661
-0.999353, -0.0217636, 0.0286383
-0.00533133, 0.87701, 0.480442
-0.0355723, 0.479978, -0.876559

52
-0.00756315, -0.0167452, 0.0190276
0.999815, -0.0154601, -0.0114014
0.0187565, 0.913829, 0.405665
0.00414732, -0.405804, 0.913951

53
0.00175728, -0.0219749, -0.00689905
0.999975, -2.40162e-05, -0.00713607
0.00697069, -0.210776, 0.977509
-0.00152759, -0.977534, -0.210771

54
-0.0131085, 0.00448523, -0.0185577
0.999991, -0.000460522, 0.0041115
0.000780223, -0.954962, -0.296728
0.00406297, 0.296729, -0.954953

55
0.000896739, 0.0300828, -0.00695838
-0.999353, -0.0217636, 0.0286383
0.0213836, 0.280744, 0.959544
-0.0289232, 0.959536, -0.280097

56
0.0209996, -0.00327249, -0.0196709
-0.975292, -0.0411953, 0.217044
-0.0717238, 0.988285, -0.134714
-0.208952, -0.146953, -0.966821

57
-0.0385387, -0.0147996, 0.0374771
0.397282, -0.917079, 0.0336487
0.893942, 0.395027, 0.211709
-0.207446, -0.0540283, 0.976753

58
-0.0167861, 0.00439506, -0.0264184
-0.707619, -0.239769, -0.66467
-0.577177, 0.73877, 0.347974
0.407604, 0.629865, -0.661157

59
-0.0131279, 0.00708659, -0.023289
0.999994, 9.56933e-05, 0.00351933
0.0014082, -0.927055, -0.374923
0.00322674, 0.374926, -0.927049

60
-0.00194193, -0.0172687, -0.0229569
0.999581, 0.00628413, -0.0282506
0.0214856, -0.815116, 0.578899
-0.0193897, -0.579264, -0.81491

61
-0.00818939, -0.0172674, -0.025951
0.999552, -0.00214589, -0.0298513
0.0155424, -0.815162, 0.579025
-0.0255761, -0.57923, -0.814763

62
0.0119485, -0.000931385, -0.0336206
-0.621433, -0.783101, -0.0239475
-0.455143, 0.335964, 0.824605
-0.637704, 0.523336, -0.565202

63
0.00471676, 0.00709662, -0.0221824
0.999996, 0.00117006, -0.00266774
1.90093e-05, -0.918389, -0.395678
-0.00291299, 0.395676, -0.918386

64
0.0182461, -0.00638206, -0.00372303
-0.0103349, -0.999505, 0.029716
0.152505, -0.0309454, -0.987818
0.988249, -0.00567715, 0.15275

65
-7.39708e-05, -0.00353057, -0.0232756
0.00232361, -0.999902, 0.0138115
-0.478375, 0.0110172, 0.878086
-0.878153, -0.00864739, -0.478303

66
-0.0132881, 0.00588321, 0.0222598
0.999994, 9.56933e-05, 0.00351933
0.0012859, 0.920639, -0.390412
-0.0032774, 0.390414, 0.920634

67
0.00137446, -0.0105196, -0.0211436
-0.999353, -0.0217636, 0.0286383
-0.0289232, 0.959536, -0.280097
-0.0213836, -0.280744, -0.959544

68
-0.0132054, 0.0176499, 0.00647589
0.999991, -0.000460522, 0.0041115
0.00406297, 0.296729, -0.954953
-0.000780223, 0.954962, 0.296728

69
-0.02558, -0.000761293, -0.0379158
-0.0735933, 0.957455, 0.27904
0.933205, -0.0325665, 0.357865
0.351727, 0.286738, -0.891106

70
0.011679, -0.0221378, -0.0190156
-0.998046, -0.0489006, 0.0388845
-0.061866, 0.860319, -0.505988
-0.00870995, -0.507405, -0.861664

71
0.0272198, 0.00661723, -0.0400863
0.537824, -0.832601, 0.132368
-0.815895, -0.474506, 0.330393
-0.212277, -0.285692, -0.934515

72
-0.0267773, 0.0267833, 0.0110362
-0.984726, -0.110536, 0.134519
0.173556, -0.561685, 0.808943
-0.0138599, 0.819934, 0.57229

73
0.0080875, 0.0241558, -0.027755
-0.958976, -0.243992, 0.144339
-0.0507746, 0.648749, 0.759307
-0.278904, 0.720828, -0.634523

74
-0.0215623, -0.0111507, -0.0223121
-0.987946, 0.110299, -0.108613
0.145949, 0.897533, -0.416092
0.0515891, -0.426929, -0.902812

75
-0.0105037, 0.0151229, -0.0246465
-0.99925, 0.0323176, 0.0213514
0.0387078, 0.812944, 0.581055
0.0014208, 0.581445, -0.813585

76
-0.0198003, -0.00443201, 0.0137919
0.997248, -0.0409402, -0.0618011
0.0416396, 0.999082, 0.0100723
0.061332, -0.0126179, 0.998038

77
-0.0158715, 0.0298703, 0.00818332
0.999845, -0.00530434, 0.0167593
0.0174122, 0.167939, -0.985644
0.00241365, 0.985783, 0.168005

78
0.00162971, -0.0142214, -0.0248007
0.999975, -2.40162e-05, -0.00713607
0.00585549, -0.568818, 0.822442
-0.00407888, -0.822463, -0.568803

79
-0.00588501, -0.00328685, -0.00465376
0.00232361, -0.999902, 0.0138115
-0.105907, 0.0134878, 0.994285
-0.994373, -0.00377306, -0.105865

80
-0.00445316, -0.0148876, 0.0170962
0.999909, -0.0106984, -0.00823853
0.0131481, 0.910363, 0.413602
0.00307519, -0.413672, 0.910421

81
0.00841033, 0.012212, -0.00374957
-0.0112517, 0.853921, -0.520281
0.236635, 0.507809, 0.828332
0.971534, -0.113797, -0.207781

82
0.00766833, 0.00502436, -0.0201592
0.999957, 0.00792939, 0.00475602
0.00868456, -0.981991, -0.188728
0.00317387, 0.188761, -0.982018

83
-0.00795343, -0.0230763, -0.00661209
0.999815, -0.0154601, -0.0114014
0.0110094, -0.0252065, 0.999622
-0.0157416, -0.999563, -0.0250316

84
-0.0202079, -0.0066663, -0.0211161
-0.977112, -0.116357, -0.178082
-0.0867943, 0.98236, -0.165637
0.194213, -0.14639, -0.969975

85
0.020026, -0.00912751, -0.0183501
-0.954554, -0.0626525, 0.291379
-0.0823288, 0.995045, -0.055753
-0.286442, -0.0772081, -0.954982

86
0.00749321, 0.0188757, -0.00643254
0.999957, 0.00792939, 0.00475602
0.00625571, -0.2014, -0.979489
-0.0068089, 0.979477, -0.201441

87
0.00243143, 0.0145412, 0.0161928
-0.999536, 0.0166181, 0.0255213
-0.000560978, -0.84791, 0.530141
0.0304497, 0.52988, 0.847526

88
-0.010002, -0.0339361, -0.0057195
-0.99684, 0.0634063, 0.0478581
-0.026623, 0.300957, -0.953266
-0.0748463, -0.951527, -0.298318

89
0.0104414, 0.0106739, -0.0237578
-0.999191, 0.0226228, 0.0332581
0.0365304, 0.856457, 0.514925
-0.0168351, 0.515723, -0.85659

90
-0.0173742, 0.000260013, -0.0261566
-0.998149, 0.0438045, -0.0421931
0.0208073, 0.897818, 0.439875
0.0571502, 0.438183, -0.897067

91
-0.0311362, -0.0337065, 0.0140346
-0.950464, 0.293065, 0.10359
-0.251403, -0.528803, -0.810657
-0.182796, -0.796543, 0.576285

92
-0.0132368, 0.0162545, 0.00738566
0.999994, 9.56933e-05, 0.00351933
0.00322674, 0.374926, -0.927049
-0.0014082, 0.927055, 0.374923

93
-0.032373, 0.0226474, 0.0185324
-0.962743, 0.0383327, -0.267687
-0.211858, -0.722101, 0.658549
-0.168053, 0.690725, 0.703319

94
-0.0194636, -0.0206536, 0.0130796
0.999981, -0.00519018, 0.00326464
-0.00150229, 0.308815, 0.951121
-0.00594465, -0.951108, 0.308802

95
-0.0178436, 0.0198814, -0.0108227
0.999431, -0.0262219, -0.0212034
-0.0209127, 0.0113106, -0.999717
0.0264543, 0.999592, 0.0107558

96
0.00772322, -0.00373488, -0.0170961
0.999957, 0.00792939, 0.00475602
0.0068089, -0.979477, 0.201441
0.00625571, -0.2014, -0.979489

97
0.00194551, -0.0205248, 0.0194731
0.999975, -2.40162e-05, -0.00713607
0.00407888, 0.822463, 0.568803
0.00585549, -0.568818, 0.822442

98
0.0100238, 0.0192376, 0.0168772
-0.999672, -0.0247415, 0.00667122
0.0246372, -0.856393, 0.515736
-0.00704691, 0.515731, 0.856722

99
-0.0104735, 0.0167233, 0.0212412
0.999983, 0.00429295, 0.00398895
-0.000866883, 0.78157, -0.623817
-0.00579565, 0.623803, 0.781561

100
0.0125598, -0.00799544, -0.0195443
-0.997855, 0.031184, 0.0575554
0.0157352, 0.967725, -0.251515
-0.0635411, -0.25007, -0.966141

101
0.0436392, 0.0167839, -0.0428513
0.537824, -0.832601, 0.132368
-0.835023, -0.547716, -0.0523798
0.116111, -0.0823589, -0.989816

102
-0.00142572, 0.0209036, -0.0203535
0.999945, 0.00763483, 0.00722676
0.0104441, -0.799866, -0.600088
0.00119887, 0.60013, -0.799902

103
0.0140645, 0.0167264, -0.0260495
-0.990092, -0.057504, 0.128106
0.0454038, 0.732194, 0.679581
-0.132877, 0.678664, -0.722329

104
0.0270989, -0.017259, -0.0138787
-0.159955, -0.985102, 0.0631503
-0.0599207, -0.0541663, -0.996732
0.985304, -0.163216, -0.0503639

105
0.00474601, 0.00318088, -0.0129352
0.999996, 0.00117006, -0.00266774
0.00113231, -0.9999, -0.0141075
-0.00268397, 0.0141044, -0.999897

106
-0.0215939, 0.00596185, -0.0217623
-0.977112, -0.116357, -0.178082
-0.15451, 0.963603, 0.218164
0.146215, 0.240686, -0.959527

107
0.0157297, 0.0193949, -0.00256452
-0.994689, -0.0741158, -0.0714146
-0.0620991, -0.121166, 0.990688
-0.0820787, 0.989861, 0.11592

108
-0.0175126, 0.00520192, 0.0229348
0.999431, -0.0262219, -0.0212034
0.0164376, 0.927831, -0.372638
0.0294445, 0.372078, 0.927734

109
-0.0143924, -0.00698415, 0.0183339
-0.829386, -0.533884, 0.164578
0.215405, -0.5774, -0.787534
0.515479, -0.617719, 0.593889

110
-0.0155957, 0.00365563, -0.0165697
0.999845, -0.00530434, 0.0167593
-0.00241365, -0.985783, -0.168005
0.0174122, 0.167939, -0.985644

111
0.0106069, -0.0015651, 0.0219166
-0.621433, -0.783101, -0.0239475
0.414986, -0.354932, 0.837741
-0.664536, 0.510662, 0.545542

112
-0.0149704, -0.0056662, -0.0079445
0.00343936, -0.999426, -0.0337084
-0.351769, -0.0327633, 0.935513
-0.936081, 0.00864, -0.35168

113
0.0137918, -0.0151519, 0.0155053
0.999767, 0.013593, 0.0167644
-0.0182019, 0.948421, 0.316492
-0.0115977, -0.316723, 0.948447

114
0.0101688, -0.00771603, -0.0194376
-0.999191, 0.0226228, 0.0332581
0.0139267, 0.970278, -0.241594
-0.0377351, -0.240935, -0.969807

115
-0.00413198, -6.79494e-05, 0.0156592
-0.046261, 0.998212, 0.0378637
-0.541677, 0.00678031, -0.840559
-0.839313, -0.059395, 0.540395

116
0.0166567, -0.00593792, -0.0216928
-0.958976, -0.243992, 0.144339
-0.233118, 0.968437, 0.0882354
-0.161312, 0.0509675, -0.985586

117
-0.0204255, -0.00961544, -0.0229166
-0.998052, 0.00311338, -0.062316
0.026205, 0.927313, -0.373369
0.056624, -0.374275, -0.925587

118
0.0224436, -0.0302441, 0.0126671
-0.986427, -0.139538, -0.086551
0.157242, -0.650926, -0.742678
0.0472933, -0.746207, 0.664032

119
-0.0183445, 0.0162934, -0.0299924
0.999431, -0.0262219, -0.0212034
-0.0294445, -0.372078, -0.927734
0.0164376, 0.927831, -0.372638

120
0.00739943, 0.0190014, 0.0130759
0.999957, 0.00792939, 0.00475602
0.00317387, 0.188761, -0.982018
-0.00868456, 0.981991, 0.188728

121
0.00248498, 0.00651173, 0.0185534
-0.99909, 0.0278007, 0.0323391
-0.0165587, -0.951703, 0.306574
0.0393002, 0.305759, 0.951297

122
0.0130302, 0.00287592, -0.0172788
-0.997855, 0.031184, 0.0575554
0.0388536, 0.989759, 0.137356
-0.0526827, 0.139298, -0.988848

123
0.0134003, 0.00817691, 0.0199379
0.999767, 0.013593, 0.0167644
-0.0046699, 0.894592, -0.44686
-0.0210715, 0.446678, 0.894447

124
0.00701204, -0.0222002, -0.0213353
0.99956, 0.00455619, -0.0293235
0.0247249, -0.674312, 0.738032
-0.0164106, -0.738432, -0.674128

125
-0.0400273, -0.00442814, 0.0417309
-0.0103349, -0.999505, 0.029716
0.854661, 0.00659729, 0.519144
-0.519083, 0.0307624, 0.85417

126
-0.0102562, -0.0247321, -0.0177777
0.999983, -0.00377744, -0.00451111
8.15723e-05, -0.757725, 0.652574
-0.00588324, -0.652563, -0.757712

127
0.00189647, -0.0222874, 0.012607
0.999975, -2.40162e-05, -0.00713607
0.00702466, 0.179354, 0.983759
0.00125626, -0.983785, 0.17935

128
-0.0530257, 0.00206504, -0.0310232
-0.14716, 0.738769, 0.657697
0.979553, 0.201076, -0.00668612
-0.137186, 0.643265, -0.753253

129
-0.0179852, 0.0230331, -0.0213937
0.999431, -0.0262219, -0.0212034
-0.0334935, -0.698821, -0.714512
0.0039185, 0.714816, -0.699301

130
0.0162313, 0.0336854, -0.00500336
-0.995135, 0.0697844, 0.0695474
0.0756747, 0.0893874, 0.993118
0.0630875, 0.993549, -0.0942334

131
0.0125727, -0.00739739, -0.0161308
-0.995135, 0.0697844, 0.0695474
0.0630875, 0.993549, -0.0942334
-0.0756747, -0.0893874, -0.993118

132
-0.0193234, -0.0176432, -0.0250699
0.999981, -0.00519018, 0.00326464
-0.00526578, -0.454169, 0.8909
-0.00314123, -0.8909, -0.454188

133
-0.0131066, -0.0035059, 0.0131538
0.999971, 0.00441815, -0.0061498
-0.00456396, 0.999704, -0.0239017
0.00604237, 0.023929, 0.999695

134
0.00785326, -0.0300833, -0.012084
0.999946, 0.000531374, -0.0103497
0.0102305, -0.210005, 0.977647
-0.00165399, -0.9777, -0.209999

135
0.00979737, -0.0198615, -0.0223354
-0.999191, 0.0226228, 0.0332581
-0.00157401, 0.804218, -0.594333
-0.0401922, -0.593904, -0.803531

136
-0.00474754, 0.00633628, -0.0138316
-0.236446, 0.94423, 0.229178
-0.00634506, 0.234361, -0.972129
-0.971624, -0.23131, -0.0494226

137
-0.0180454, -0.004567, -0.0152884
-0.998149, 0.0438045, -0.0421931
0.0410939, 0.997161, 0.0630986
0.0448373, 0.0612479, -0.997115

138
0.0151643, 0.00806836, 0.0170661
-0.994689, -0.0741158, -0.0714146
0.0520665, -0.960881, 0.272024
-0.0887822, 0.266861, 0.959637

139
-0.0113021, 0.000287845, -0.00248094
-0.046261, 0.998212, 0.0378637
-0.179253, 0.0289937, -0.983376
-0.982715, -0.0522791, 0.177592

140
-0.0218804, -0.00622401, -0.014415
-0.987946, 0.110299, -0.108613
0.115097, 0.992591, -0.0389278
0.103515, -0.0509596, -0.993322

141
0.0174029, -0.00695256, -0.0232055
-0.0103349, -0.999505, 0.029716
-0.23729, -0.0264173, -0.97108
0.971384, -0.0170873, -0.236899

142
0.0150179, -0.000321736, -0.0263341
-0.990092, -0.057504, 0.128106
-0.00890207, 0.936173, 0.351428
-0.140137, 0.346805, -0.927409

143
-0.0013108, 0.012929, -0.027829
0.999945, 0.00763483, 0.00722676
0.0101079, -0.50932, -0.860518
-0.00288918, 0.860543, -0.509369

144
0.0244953, -0.0156014, 0.00538463
-0.159955, -0.985102, 0.0631503
0.3217, -0.112503, -0.940134
0.933233, -0.130064, 0.334903

145
0.00386519, -0.019568, -0.0216508
-0.998998, 0.0366625, 0.0256827
0.0212869, 0.893816, -0.447928
-0.0393777, -0.446932, -0.893701

146
-0.0178436, 0.0198814, -0.0108227
0.999431, -0.0262219, -0.0212034
-0.0209127, 0.0113106, -0.999717
0.0264543, 0.999592, 0.0107558

147
0.00704769, 0.00575792, -0.0157761
0.99956, 0.00455619, -0.0293235
0.0058791, -0.998961, 0.0451873
-0.0290871, -0.0453398, -0.998548

148
0.00763129, 0.0113602, -0.0229342
0.999957, 0.00792939, 0.00475602
0.00923807, -0.835006, -0.550163
-0.000391162, 0.550184, -0.835043

149
0.0104938, 0.00313565, -0.0170552
-0.999191, 0.0226228, 0.0332581
0.0273072, 0.988621, 0.147926
-0.0295332, 0.148714, -0.988439

150
-0.00162844, 0.00748547, 0.0218728
0.999945, 0.00763483, 0.00722676
-0.00288918, 0.860543, -0.509369
-0.0101079, 0.50932, 0.860518

151
0.0183569, -0.0138562, 0.0255088
-0.995478, -0.0543985, -0.0778771
0.0891465, -0.818168, -0.568027
-0.0328167, -0.5724, 0.819317

152
-0.0203497, 0.0041121, -0.0234449
-0.998052, 0.00311338, -0.062316
-0.0215094, 0.920361, 0.390477
0.0585689, 0.391057, -0.918501

153
0.00213481, -0.00645391, 0.0182465
-0.999536, 0.0166181, 0.0255213
-0.0219279, -0.974245, -0.224425
0.0211345, -0.224881, 0.974157

154
0.0103378, 0.00479795, -0.0195674
-0.998046, -0.0489006, 0.0388845
-0.037587, 0.967127, 0.251501
-0.0499048, 0.249548, -0.967076

155
0.00226287, -0.00611188, -0.0122134
-0.0735933, 0.957455, 0.27904
0.411167, -0.225782, 0.883156
0.908584, 0.179726, -0.377058

156
-0.0102554, 0.00138764, -0.0169205
0.999983, 0.00429295, 0.00398895
0.00471112, -0.993749, -0.111542
0.00348517, 0.111559, -0.993752

157
-0.00741841, -0.00358921, 0.013881
0.999815, -0.0154601, -0.0114014
0.0157416, 0.999563, 0.0250316
0.0110094, -0.0252065, 0.999622

158
-0.018423, 0.00730146, -0.0225727
0.999431, -0.0262219, -0.0212034
-0.0324435, -0.919174, -0.392512
-0.00919721, 0.392977, -0.919502

159
0.00771916, -0.0335204, 0.00100962
0.99956, 0.00455619, -0.0293235
0.0290871, 0.0453398, 0.998548
0.0058791, -0.998961, 0.0451873

160
-0.0103256, 0.0214564, -0.0209201
0.999983, 0.00429295, 0.00398895
0.00579565, -0.623803, -0.781561
-0.000866883, 0.78157, -0.623817

161
-0.00315226, 0.00666313, 0.0150313
-0.994711, 0.086503, 0.0553913
-0.0747419, -0.979443, 0.187362
0.07046, 0.182231, 0.980728

162
-0.0185894, 0.0341125, 0.00332747
-0.980354, 0.138267, -0.140669
-0.151244, -0.0691648, 0.986074
0.126612, 0.987977, 0.0887181

163
0.0441509, 0.00618375, 0.0372459
-0.236446, 0.94423, 0.229178
-0.971624, -0.23131, -0.0494226
0.00634506, -0.234361, 0.972129

164
0.00958991, 0.0298176, -0.00890303
-0.999672, -0.0247415, 0.00667122
0.00291774, 0.148746, 0.988871
-0.0254585, 0.988566, -0.148624

165
-0.0147983, 0.00577016, 0.0202324
-0.994077, 0.0996108, 0.0434603
-0.0809012, -0.945273, 0.316091
0.0725679, 0.310703, 0.947733

166
0.00164804, 0.00184548, -0.0222863
0.999975, -2.40162e-05, -0.00713607
0.00125626, -0.983785, 0.17935
-0.00702466, -0.179354, -0.983759

167
0.0146855, -0.00535389, -0.0152569
-0.993891, 0.0669309, 0.0877562
0.0692663, 0.997313, 0.0238396
-0.0859248, 0.0297726, -0.995857

168
0.010412, 0.00313548, 0.0153331
-0.999672, -0.0247415, 0.00667122
0.0254585, -0.988566, 0.148624
0.00291774, 0.148746, 0.988871

169
-0.0132801, 0.00833762, 0.0236188
0.999991, -0.000460522, 0.0041115
0.00345512, 0.63959, -0.768709
-0.00227567, 0.768716, 0.639586

170
0.00179177, -0.0270845, -0.0191699
-0.999353, -0.0217636, 0.0286383
-0.0349047, 0.779059, -0.625978
-0.00868741, -0.626572, -0.779315

171
0.00210691, -0.016268, 0.0235441
-0.999536, 0.0166181, 0.0255213
-0.0283465, -0.814027, -0.580136
0.0111343, -0.58059, 0.81412

172
-0.0174917, 0.00484283, 0.0243651
0.999431, -0.0262219, -0.0212034
0.0039185, 0.714816, -0.699301
0.0334935, 0.698821, 0.714512

173
0.0113052, -0.020145, -0.0214754
-0.995135, 0.0697844, 0.0695474
0.0293258, 0.883713, -0.46711
-0.0940569, -0.462798, -0.88146

174
-0.00481676, 0.00954058, -0.0196095
0.999542, -0.0158028, -0.0258137
-0.0211196, -0.975079, -0.220849
-0.0216804, 0.221293, -0.974966

175
-0.0131891, 0.0189925, 0.0159011
0.999971, 0.00441815, -0.0061498
-0.00749981, 0.689977, -0.723792
0.0010454, 0.723818, 0.68999

176
-0.020278, -0.015602, -0.0187526
-0.993928, 0.0658564, -0.0881482
0.0902515, 0.946206, -0.310723
0.0629432, -0.316792, -0.946404

177
-0.0175442, 0.0158605, 0.0082651
0.999431, -0.0262219, -0.0212034
-0.00919721, 0.392977, -0.919502
0.0324435, 0.919174, 0.392512

178
0.00681436, 0.00881571, -0.0232546
0.99956, 0.00455619, -0.0293235
-0.00569959, -0.940271, -0.34038
-0.0291229, 0.340397, -0.939831

179
-0.0192402, -0.00138482, -0.0247181
0.999981, -0.00519018, 0.00326464
-0.00594465, -0.951108, 0.308802
0.00150229, -0.308815, -0.951121

180
0.00452033, 0.00959588, 0.0180438
-0.999816, -0.0170343, 0.00886574
0.0191253, -0.924862, 0.379821
0.00172958, 0.379921, 0.925017

181
0.0180724, 0.00286777, -0.0199437
-0.978252, 0.0485163, 0.201668
0.0894434, 0.975889, 0.199097
-0.187146, 0.212805, -0.959005

182
-0.00835743, 0.00505464, -0.026213
-0.602142, 0.79771, 0.0329357
0.256164, 0.153961, 0.954294
0.756178, 0.583057, -0.297051

183
0.00704733, 0.00148622, 0.017185
-0.988418, -0.145788, 0.0421512
0.149889, -0.981296, 0.120797
0.0237522, 0.125715, 0.991782

184
0.00294832, -0.00111257, -0.0126584
-0.00101988, 0.99849, -0.0549216
0.386489, 0.0510475, 0.92088
0.922293, -0.0202874, -0.385958

185
-0.0172797, 0.0294149, 0.00187679
-0.998149, 0.0438045, -0.0421931
-0.0448373, -0.0612479, 0.997115
0.0410939, 0.997161, 0.0630986

186
-0.0116749, -0.00324694, -0.00436937
-0.00551816, 0.999826, -0.0178055
-0.139746, -0.0184021, -0.990016
-0.990172, -0.00297482, 0.139823

187
0.0179974, -2.4114e-05, 0.0146191
-0.986427, -0.139538, -0.086551
0.144629, -0.987922, -0.0556113
-0.0777458, -0.0673742, 0.994694

188
0.00684466, 0.0238743, -0.0198818
0.99956, 0.00455619, -0.0293235
-0.0164106, -0.738432, -0.674128
-0.0247249, 0.674312, -0.738032

189
-0.0174917, 0.00484283, 0.0243651
0.999431, -0.0262219, -0.0212034
0.0039185, 0.714816, -0.699301
0.0334935, 0.698821, 0.714512

190
-0.0117535, -0.0337802, -0.00911982
-0.99925, 0.0323176, 0.0213514
-0.0135002, 0.226085, -0.974014
-0.036305, -0.973571, -0.225479

191
-0.00195042, -0.000795348, -0.0195929
0.999581, 0.00628413, -0.0282506
0.01243, -0.974744, 0.222981
-0.0261359, -0.223238, -0.974413

192
-0.00805366, -0.00079389, -0.0225903
0.999552, -0.00214589, -0.0298513
0.0045717, -0.974773, 0.223153
-0.0295771, -0.22319, -0.974326

193
0.00924046, 0.0223616, 0.0128907
-0.0112517, 0.853921, -0.520281
-0.153168, 0.512702, 0.844794
0.988136, 0.0891956, 0.125024

194
-0.00437737, -0.00358638, 0.011619
0.999909, -0.0106984, -0.00823853
0.0109704, 0.999371, 0.0337152
0.00787265, -0.0338025, 0.999398

195
-0.013251, -0.00789909, 0.0147088
0.999991, -0.000460522, 0.0041115
0.000834, 0.995823, -0.0913037
-0.00405228, 0.0913063, 0.995815

196
-0.00723332, 0.00429658, 0.0194185
0.999815, -0.0154601, -0.0114014
0.0103302, 0.933122, -0.359412
0.0161954, 0.359228, 0.933109

197
0.0136392, -0.00328855, 0.0149848
0.999767, 0.013593, 0.0167644
-0.0123781, 0.997431, -0.070555
-0.0176804, 0.0703311, 0.997367

198
0.0355878, -0.0154374, 0.046883
-0.315417, -0.948952, -0.00154043
0.934513, -0.310899, 0.173283
-0.164916, 0.0532169, 0.984871

199
-0.0106414, 0.0350262, -0.00520459
-0.971653, 0.226408, -0.068045
-0.0333039, 0.153867, 0.98753
0.234054, 0.961803, -0.141965

200
0.0210765, -0.0103, 0.0358697
-0.621433, -0.783101, -0.0239475
0.637704, -0.523336, 0.565202
-0.455143, 0.335964, 0.824605

201
-0.0155205, 0.00259998, -0.0213924
0.999845, -0.00530434, 0.0167593
-0.00889329, -0.975012, 0.221973
0.0151631, -0.222088, -0.974909

202
0.00699577, -0.00965679, 0.00493684
-0.731774, 0.680874, 0.030281
-0.0806598, -0.042401, -0.995839
-0.676758, -0.731172, 0.0859471

203
0.0142758, -0.0342664, 0.00214091
0.999767, 0.013593, 0.0167644
-0.0176804, 0.0703311, 0.997367
0.0123781, -0.997431, 0.070555

204
-0.0191124, 7.38772e-06, 0.0219501
0.997248, -0.0409402, -0.0618011
0.0149992, 0.92786, -0.372627
0.0725982, 0.370675, 0.925921

205
0.0180759, 0.00641359, 0.0149414
-0.995478, -0.0543985, -0.0778771
0.0398312, -0.98328, 0.177689
-0.086241, 0.173784, 0.981

206
-0.0234617, 0.000338254, 0.0451851
0.0257317, 0.999406, -0.0229074
-0.890583, 0.0333268, 0.453599
0.454093, 0.00872906, 0.890912

207
-0.0152642, 0.0040346, 0.0135533
-0.994077, 0.0996108, 0.0434603
-0.102513, -0.992219, -0.0706513
0.0360845, -0.0746881, 0.996554

208
-0.0175442, 0.0158605, 0.0082651
0.999431, -0.0262219, -0.0212034
-0.00919721, 0.392977, -0.919502
0.0324435, 0.919174, 0.392512

209
0.0182765, -0.00539811, 0.0206284
-0.995478, -0.0543985, -0.0778771
0.0698022, -0.974937, -0.211249
-0.0644336, -0.21573, 0.974325

210
-0.00768286, -0.0197543, 0.0126101
0.999815, -0.0154601, -0.0114014
0.0161954, 0.359228, 0.933109
-0.0103302, -0.933122, 0.359412

211
-0.00810417, -0.0187897, -0.0256438
0.999815, -0.0154601, -0.0114014
0.00414732, -0.405804, 0.913951
-0.0187565, -0.913829, -0.405665

212
-0.0103774, -0.00256556, 0.0179184
0.999983, 0.00429295, 0.00398895
-0.0030188, 0.960796, -0.277241
-0.00502274, 0.277224, 0.960792

213
0.0120199, -0.0201651, -0.0223111
-0.997855, 0.031184, 0.0575554
-0.0097787, 0.798364, -0.602096
-0.0647259, -0.601367, -0.796347

214
0.0138607, 0.00344671, -0.0258509
0.849334, 0.48123, -0.21691
0.437321, -0.871628, -0.221393
-0.295606, 0.0931768, -0.950755

215
-0.0176158, 0.00575789, 0.0202239
-0.995235, 0.0841602, 0.0492413
-0.0644517, -0.946747, 0.315462
0.0731684, 0.310785, 0.94766

216
0.012199, 0.0283329, 0.0170358
-0.999191, 0.0226228, 0.0332581
0.0295332, -0.148714, 0.988439
0.0273072, 0.988621, 0.147926

217
-0.0101487, 0.00167756, -0.0160608
0.999983, -0.00377744, -0.00451111
-0.0041024, -0.997224, -0.074344
-0.00421776, 0.0743612, -0.997222

218
-0.00622099, -0.0411932, -7.65484e-05
-0.932501, -0.357089, 0.0541272
-0.037153, -0.0542301, -0.997837
0.359252, -0.932495, 0.0373027

219
-0.00747715, 0.0132808, 0.0195024
0.99998, 0.00475438, 0.00420519
0.00128418, 0.497275, -0.867592
-0.006216, 0.86758, 0.497259

220
0.0078815, -0.0219547, -0.019997
0.999957, 0.00792939, 0.00475602
0.00389664, -0.827847, 0.560941
0.00838517, -0.560899, -0.827842

221
0.0134331, 0.0136721, -0.0249598
-0.995135, 0.0697844, 0.0695474
0.0981197, 0.765752, 0.635607
-0.00890051, 0.639339, -0.768874

222
-0.0174522, -0.0341221, -0.0182968
-0.977112, -0.116357, -0.178082
0.0759568, 0.59112, -0.802999
0.198702, -0.798147, -0.568752

223
-0.0199093, -0.0155839, 0.0194195
0.997248, -0.0409402, -0.0618011
0.0619408, 0.918203, 0.391238
0.0407286, -0.39399, 0.918212

224
-0.0173087, -0.00638669, 0.0385313
-0.932501, -0.357089, 0.0541272
0.359252, -0.932495, 0.0373027
0.037153, 0.0542301, 0.997837

225
0.0131275, -0.0184934, -0.0228816
-0.993891, 0.0669309, 0.0877562
0.0311117, 0.932791, -0.359073
-0.105891, -0.354149, -0.929175

226
0.000737262, -0.0278104, -0.0225818
-0.999536, 0.0166181, 0.0255213
-0.0211345, 0.224881, -0.974157
-0.0219279, -0.974245, -0.224425

227
0.00289461, 0.018824, 0.0206242
-0.99909, 0.0278007, 0.0323391
-0.000258744, -0.76225, 0.647283
0.0426454, 0.646686, 0.761563

228
-0.00467682, -0.00507218, -0.0245063
0.00343936, -0.999426, -0.0337084
-0.683215, -0.026963, 0.72972
-0.730209, 0.0205203, -0.682915

229
0.0199103, -0.00211615, -0.0243458
-0.975292, -0.0411953, 0.217044
0.0136984, 0.969293, 0.245527
-0.220494, 0.242434, -0.94478

230
0.017024, 0.0195877, 0.0191851
-0.995478, -0.0543985, -0.0778771
0.00379617, -0.841928, 0.539576
-0.0949191, 0.53684, 0.838327

231
0.000616485, -0.0327288, -0.00543888
-0.99909, 0.0278007, 0.0323391
-0.0299719, 0.081716, -0.996205
-0.0303378, -0.996268, -0.0808084

232
-0.0182299, 0.00271806, -0.0300362
-0.980354, 0.138267, -0.140669
0.0590954, 0.886304, 0.459319
0.188184, 0.441982, -0.877062

233
0.0182445, -0.028725, -0.0141458
-0.990092, -0.057504, 0.128106
-0.132877, 0.678664, -0.722329
-0.0454038, -0.732194, -0.679581

234
-0.0191703, -0.00638989, 0.0384761
-0.159955, -0.985102, 0.0631503
0.985304, -0.163216, -0.0503639
0.0599207, 0.0541663, 0.996732

235
-0.0117902, -0.00563453, -0.00631335
0.0623876, 0.995605, -0.0698478
-0.105338, -0.0630248, -0.992437
-0.992478, 0.0692734, 0.100943

236
-0.00341962, -0.0045471, 0.0141739
0.0808195, -0.995835, 0.0421931
0.512401, 0.00520123, -0.85873
0.854935, 0.091022, 0.510688

237
-0.0104507, 0.0136724, 0.0188067
0.999983, 0.00429295, 0.00398895
0.00141701, 0.483358, -0.875422
-0.00568623, 0.875412, 0.483343

238
0.0048333, -0.00605287, 0.0232713
-0.999816, -0.0170343, 0.00886574
0.0123007, -0.922621, -0.385512
0.0147467, -0.385332, 0.92266

239
-0.00335591, -0.032861, -0.0269127
0.802476, 0.449932, 0.39191
-0.0533613, -0.600066, 0.798169
0.594293, -0.661424, -0.45753

240
-0.0624908, -0.00265057, -0.0394045
-0.00101988, 0.99849, -0.0549216
0.922293, -0.0202874, -0.385958
-0.386489, -0.0510475, -0.92088

241
0.0161283, 0.0169054, 7.74022e-06
0.961049, 0.219002, 0.168589
0.108693, 0.261349, -0.959105
-0.254106, 0.940072, 0.227365

242
0.0170977, 0.00718345, -0.0202702
0.397282, -0.917079, 0.0336487
-0.150441, -0.101255, -0.98342
0.905281, 0.385633, -0.178193

243
0.0331101, -0.00947686, -0.0382544
-0.303214, -0.932755, 0.195013
-0.941745, 0.262061, -0.21081
0.145529, -0.247573, -0.957877

244
-0.019648, 0.00833171, -0.0292836
-0.962743, 0.0383327, -0.267687
-0.074186, 0.914483, 0.397766
0.260042, 0.402805, -0.877568

245
0.00169854, 0.0105128, -0.0152386
0.999975, -2.40162e-05, -0.00713607
-0.00152759, -0.977534, -0.210771
-0.00697069, 0.210776, -0.977509

246
-0.00086657, -0.00544362, 0.0206402
-0.99521, 0.0817375, 0.0536272
-0.0914014, -0.972587, -0.213824
0.0346797, -0.217702, 0.975399

247
-0.0383963, -0.0325175, 0.000314957
-0.902143, 0.127392, -0.412201
0.398896, -0.117727, -0.909408
-0.164378, -0.984841, 0.0553909

248
-0.0211057, -0.000925167, -0.0222632
0.999567, 0.0232519, 0.0180377
0.0170231, -0.956844, 0.290102
0.0240047, -0.289669, -0.956826

249
-0.0242106, -0.0342953, 0.00144555
0.988224, 0.0410934, -0.14739
0.14454, 0.0653629, 0.987338
0.0502069, -0.997015, 0.0586536

250
-0.0229098, 0.0153644, -0.0258661
-0.927334, 0.310212, 0.209331
0.298943, 0.277545, 0.913018
0.22513, 0.909251, -0.350113

251
-0.051553, -0.00508981, -0.0359854
-0.0333006, 0.939292, -0.3415
0.973154, -0.0473844, -0.225225
-0.227734, -0.339832, -0.912497

252
-0.0283235, -0.0397344, -0.0014644
-0.971653, 0.226408, -0.068045
0.120337, 0.225912, -0.966687
-0.203493, -0.947472, -0.246753

253
0.0164082, 0.0314402, -0.00133146
-0.990092, -0.057504, 0.128106
0.126063, 0.0378513, 0.9913
-0.0618527, 0.997627, -0.0302271

254
-0.00128014, -0.00181215, -0.0164986
0.999945, 0.00763483, 0.00722676
0.00653737, -0.989947, 0.14129
0.00823283, -0.141235, -0.989942

255
0.0193063, 0.00747202, 0.0197511
-0.989617, -0.0746453, -0.122828
0.0507199, -0.980954, 0.187502
-0.134484, 0.179325, 0.974554

256
0.00504053, 0.0143653, -0.0243731
-0.998998, 0.0366625, 0.0256827
0.0445264, 0.75496, 0.654258
0.00459732, 0.654745, -0.755836

257
0.0216861, -0.0362849, -0.00138023
-0.995478, -0.0543985, -0.0778771
0.0644336, 0.21573, -0.974325
0.0698022, -0.974937, -0.211249

258
-0.0193019, -0.00477734, 0.0371935
-0.0103349, -0.999505, 0.029716
0.971384, -0.0170873, -0.236899
0.23729, 0.0264173, 0.97108

259
0.00477704, 0.0228968, 0.00734486
0.999996, 0.00117006, -0.00266774
-0.00268397, 0.0141044, -0.999897
-0.00113231, 0.9999, 0.0141075

260
-0.00465294, -0.00235929, -0.0234212
0.999909, -0.0106984, -0.00823853
-0.00712259, -0.936234, 0.351304
-0.0114716, -0.351213, -0.936225

261
-0.0207158, -0.0171691, -0.0229328
0.999567, 0.0232519, 0.0180377
-0.00493674, -0.471764, 0.881711
0.029011, -0.881418, -0.471445

262
-0.0130782, 0.00123339, 0.021171
0.999971, 0.00441815, -0.0061498
-0.00652886, 0.914449, -0.404649
0.00383587, 0.404678, 0.914451

263
-0.019906, -0.0345339, -0.00422103
-0.994077, 0.0996108, 0.0434603
-0.0360845, 0.0746881, -0.996554
-0.102513, -0.992219, -0.0706513

264
-0.00727041, 0.00156816, -0.0164163
0.99998, 0.00475438, 0.00420519
0.0052514, -0.991838, -0.127395
0.00356518, 0.127414, -0.991843

265
-0.0105802, -0.00358773, -0.0238447
-0.00551816, 0.999826, -0.0178055
0.249814, -0.0158629, -0.968164
-0.968278, -0.00979056, -0.249683

266
-0.00605458, 0.00868956, 0.0200269
-0.99684, 0.0634063, 0.0478581
-0.034099, -0.88564, 0.463118
0.0717497, 0.460023, 0.885003

267
0.00813688, -0.0210899, 0.0157799
0.999946, 0.000531374, -0.0103497
0.0084036, 0.542843, 0.839792
0.0060645, -0.839834, 0.542809

268
-0.00482375, -0.0186163, -0.0230406
0.999909, -0.0106984, -0.00823853
0.00307519, -0.413672, 0.910421
-0.0131481, -0.910363, -0.413602

269
-0.00523242, -0.00288351, 0.0140416
-0.00551816, 0.999826, -0.0178055
-0.508031, -0.0181398, -0.861148
-0.861321, 0.00429381, 0.508042

270
-0.018665, 0.0179324, 0.0172956
0.997248, -0.0409402, -0.0618011
-0.0139246, 0.71538, -0.698597
0.072812, 0.697535, 0.712841

271
0.0021623, -0.0115436, 0.0241058
-0.99909, 0.0278007, 0.0323391
-0.0394982, -0.88916, -0.455888
0.0160806, -0.456751, 0.889449

272
-0.00187517, -0.0269038, -0.0227378
0.999581, 0.00628413, -0.0282506
0.0272702, -0.531395, 0.846685
-0.00969155, -0.847101, -0.531343

273
-0.00796201, -0.0322171, -0.0172627
0.999552, -0.00214589, -0.0298513
0.0241468, -0.531449, 0.846746
-0.0176815, -0.847087, -0.53116

274
0.0250549, -0.0192267, -0.0272782
0.978408, -0.141813, 0.150357
-0.19237, -0.358821, 0.913368
-0.0755761, -0.922571, -0.378354

275
-0.0181672, -0.0017142, -0.0199864
-0.971653, 0.226408, -0.068045
0.234054, 0.961803, -0.141965
0.0333039, -0.153867, -0.98753

276
0.0137579, -0.00315959, -0.0406467
-0.213362, -0.958152, 0.190845
-0.929282, 0.259324, 0.263032
-0.301516, -0.121228, -0.945723

277
-0.002892, -0.00255325, -0.0110247
-0.315417, -0.948952, -0.00154043
-0.164916, 0.0532169, 0.984871
-0.934513, 0.310899, -0.173283

278
0.0201476, -0.00518748, 0.0206667
-0.989617, -0.0746453, -0.122828
0.098324, -0.974908, -0.199717
-0.104838, -0.20972, 0.972125

279
0.00736393, 0.0226558, 0.0144468
0.999957, 0.00792939, 0.00475602
-0.000391162, 0.550184, -0.835043
-0.00923807, 0.835006, 0.550163

280
-0.0162595, -0.00343943, -0.0319117
-0.18034, 0.863107, -0.471725
0.890303, 0.347112, 0.294743
0.418136, -0.366825, -0.831025

281
0.00790275, -0.00579572, 0.0204482
-0.998307, 0.0498732, 0.0299168
-0.055369, -0.972428, -0.226534
0.017794, -0.227807, 0.973544

282
-0.00539817, -0.0239691, -0.0216085
0.999542, -0.0158028, -0.0258137
0.0119479, -0.577594, 0.816236
-0.0278087, -0.816171, -0.577141

283
0.0118184, -0.0353734, 0.00157722
-0.988418, -0.145788, 0.0421512
-0.0237522, -0.125715, -0.991782
0.149889, -0.981296, 0.120797

284
-0.0134454, 0.0179772, -0.0265124
0.999971, 0.00441815, -0.0061498
-0.0010454, -0.723818, -0.68999
-0.00749981, 0.689977, -0.723792

285
-0.0181384, -0.00632598, 0.0112943
0.00343936, -0.999426, -0.0337084
0.0332303, -0.0335758, 0.998884
-0.999442, -0.00455567, 0.0330957

286
-0.0132557, -0.00988936, 0.0134708
0.999994, 9.56933e-05, 0.00351933
-6.61907e-05, 0.999965, -0.00838218
-0.00352001, 0.00838189, 0.999959

287
-0.00452247, -0.0199099, 0.0152047
0.999909, -0.0106984, -0.00823853
0.0114716, 0.351213, 0.936225
-0.00712259, -0.936234, 0.351304

288
-0.00497663, -0.00697786, -0.00324856
0.548875, 0.829641, 0.102134
-0.141771, -0.0280206, 0.989503
0.823794, -0.557593, 0.102239

289
-0.0302422, -0.0045205, -0.0335947
0.0342025, 0.916298, -0.399035
0.947311, 0.0975113, 0.305111
0.318483, -0.388446, -0.864684

290
0.0128751, -0.022781, -0.0224699
-0.993891, 0.0669309, 0.0877562
-0.0117794, 0.726259, -0.68732
-0.109737, -0.684155, -0.721034

291
0.0020261, -0.0151113, 0.0307478
0.999975, -2.40162e-05, -0.00713607
0.00600919, 0.54218, 0.840241
0.00384885, -0.840263, 0.542166

292
-0.00522793, -0.0338884, -0.00894412
0.999542, -0.0158028, -0.0258137
0.0216804, -0.221293, 0.974966
-0.0211196, -0.975079, -0.220849

293
0.0253429, -0.00230505, 0.0370477
-0.00551816, 0.999826, -0.0178055
-0.968278, -0.00979056, -0.249683
-0.249814, 0.0158629, 0.968164

294
0.0166243, -0.00898776, -0.0433074
-0.315417, -0.948952, -0.00154043
-0.777414, 0.257469, 0.573879
-0.544187, 0.182209, -0.818939

295
0.0510286, -0.0105527, -0.0360965
-0.213362, -0.958152, 0.190845
-0.870305, 0.0976489, -0.482735
0.443898, -0.269091, -0.854719

296
-0.0184661, -0.0217768, -0.023204
-0.998149, 0.0438045, -0.0421931
0.0607625, 0.748408, -0.660449
