0
-0.0137526, 0.0350804, -0.0650732
-5.55325e-05, 0.0155688, -0.999879
-0.935493, -0.353302, -0.0054492
-0.353344, 0.93538, 0.0145841

1
-0.01308, -0.00829979, 0.0118322
0.0028423, -0.0204986, 0.999786
-0.624289, 0.780991, 0.0177875
-0.781188, -0.624206, -0.0105773

2
0.00461194, 0.0347534, -0.056198
0.00210916, 0.0119158, -0.999927
-0.836902, -0.54729, -0.00828717
-0.547349, 0.836858, 0.00881805

3
0.00217909, 0.00120646, 0.069329
-0.703558, 0.708583, 0.0540095
0.457249, 0.393205, 0.797693
0.543994, 0.585919, -0.600641

4
-0.0148234, 0.00680452, 0.0338846
-0.00191291, 0.0154142, -0.999879
-0.577972, -0.815976, -0.0114734
-0.816055, 0.57788, 0.0104698

5
0.0107199, 0.00969565, 0.0459477
-0.00114847, -0.0145268, 0.999894
0.755793, -0.654754, -0.00864436
0.65481, 0.755703, 0.0117312

6
-0.0117101, 0.00559333, 0.0548884
0.570124, 0.821404, 0.0159426
0.777233, -0.54555, 0.313502
0.26621, -0.166344, -0.949454

7
0.00652457, 0.0149263, 0.0130901
-0.0112628, -0.0110568, 0.999875
0.920363, -0.391019, 0.0060432
0.390904, 0.920316, 0.0145802

8
0.00695727, 0.0147407, 0.0190514
-0.00536557, -0.0127221, 0.999905
0.916692, -0.399594, -0.00016513
0.399558, 0.916604, 0.0138063

9
0.0372424, -0.0015458, 0.013254
-0.0112628, -0.0110568, 0.999875
-0.00894057, -0.999898, -0.0111578
0.999897, -0.00906512, 0.0111628

10
-0.0135268, 0.0115204, 0.0400175
-0.0110354, 0.00807079, -0.999907
-0.79223, -0.610211, 0.00381806
-0.610123, 0.792198, 0.0131278

11
-0.0283928, 0.0210154, -0.0467058
0.000936887, -0.0188199, 0.999822
0.982275, 0.187427, 0.00260755
-0.187443, 0.982098, 0.018662

12
0.00884685, -0.0144603, -0.0543986
-0.00917153, 0.0122553, -0.999883
0.867502, 0.49743, -0.00186037
0.497349, -0.867417, -0.0151937

13
-0.0353198, 0.0188294, -0.0414387
0.00390113, -0.0252186, 0.999674
0.498585, 0.866612, 0.0199162
-0.866832, 0.498344, 0.0159544

14
0.000837376, -0.00343347, -0.0580947
-0.755523, 0.615805, 0.223537
-0.570051, -0.449812, -0.687539
-0.32284, -0.64688, 0.690884

15
-0.0321036, -0.0242243, 0.0393031
-0.000648109, 0.018632, -0.999826
0.588012, -0.808705, -0.0154516
-0.808852, -0.58792, -0.0104317

16
0.00391547, -0.0168644, -0.0128245
0.0233884, 0.0295346, -0.99929
0.975507, 0.218012, 0.0292752
0.218722, -0.975499, -0.0237123

17
-0.0159431, -0.0343035, -0.0661534
-5.55325e-05, 0.0155688, -0.999879
0.911346, -0.411591, -0.00645937
-0.411642, -0.911236, -0.0141657

18
0.0123422, 0.00741681, 0.0488316
0.000564744, -0.0167153, 0.99986
0.5902, -0.807138, -0.0138268
0.807257, 0.590126, 0.00940957

19
0.0124307, -0.0142377, 0.0524194
-0.647217, -0.762262, -0.0081941
-0.761676, 0.646209, 0.0475798
-0.0309732, 0.0370357, -0.998834

20
-0.0107368, 0.0341511, -0.0348437
-0.00633087, -0.0146408, 0.999873
0.884932, -0.465719, -0.00121625
0.465677, 0.884812, 0.0159045

21
-0.012866, -0.0162665, 0.062712
0.000929301, -0.0159796, 0.999872
-0.843641, 0.536826, 0.00936347
-0.536907, -0.843541, -0.0129822

22
-0.0368436, 0.0128364, 0.0358911
-0.00492887, -0.0145236, 0.999882
0.309035, 0.950927, 0.0153359
-0.951038, 0.309074, -0.000198695

23
-0.0206128, 0.0130528, 0.123671
-0.647217, -0.762262, -0.0081941
0.320096, -0.28151, 0.904594
-0.691844, 0.582846, 0.426195

24
0.0326991, -0.0156594, 0.0540819
-0.0108641, -0.0135687, 0.999849
-0.401981, -0.915494, -0.0167918
0.915583, -0.402103, 0.00449162

25
0.0210139, -0.0293559, -0.0355726
-0.00633087, -0.0146408, 0.999873
-0.768879, -0.639237, -0.0142284
0.639363, -0.768871, -0.00721006

26
-0.00970299, 0.0395776, -0.073705
0.0246431, 0.000620127, 0.999696
0.970698, 0.239093, -0.0240766
-0.239036, 0.970996, 0.00529004

27
-0.020986, -0.0314721, -0.0570412
0.00210916, 0.0119158, -0.999927
0.825953, -0.563717, -0.00497546
-0.563735, -0.825882, -0.0110309

28
0.0366652, -0.00669413, 0.00225433
-0.0173792, 0.00899698, -0.999808
0.18229, 0.983228, 0.00567912
0.983091, -0.182156, -0.0187278

29
-0.0352058, 0.0191799, -0.0768868
0.00859797, 0.0670533, 0.997712
0.45792, 0.88672, -0.0635401
-0.888952, 0.457419, -0.0230811

30
0.0122451, -0.00678444, -0.0685606
-0.528921, -0.848116, -0.0306733
0.57378, -0.330736, -0.74926
0.625315, -0.413899, 0.661565

31
0.0123344, 0.00564732, -0.0532598
-0.0013391, -0.0169177, 0.999856
0.37481, -0.926977, -0.0151826
0.927101, 0.374736, 0.00758223

32
-0.0368537, 0.0128788, 0.0329437
-0.00397382, -0.0146954, 0.999884
0.309758, 0.950694, 0.0152035
-0.950807, 0.309783, 0.000774144

33
0.0302877, -0.0224603, 0.048322
0.000564744, -0.0167153, 0.99986
-0.519948, -0.854084, -0.0139846
0.854198, -0.519867, -0.00917344

34
0.0157683, -0.0146727, -0.0353908
-0.00633087, -0.0146408, 0.999873
-0.091581, -0.995682, -0.0151593
0.995778, -0.0916653, 0.00496272

35
-0.0217981, 0.0144701, 0.0854471
-0.647217, -0.762262, -0.0081941
-0.262865, 0.213077, 0.94101
-0.71555, 0.611192, -0.338279

36
0.0121114, -0.00135759, -0.0712542
0.0111177, 0.0174408, -0.999786
0.185189, 0.982515, 0.0191988
0.98264, -0.185362, 0.00769351

37
-0.012106, -0.0667911, -0.0675798
-0.985066, 0.158146, -0.0680745
-0.0591189, -0.682018, -0.728942
-0.161707, -0.714032, 0.681182

38
0.00966404, -0.0338378, -0.0491634
0.00797958, -0.0287251, 0.999555
-0.952296, -0.305173, -0.00116773
0.305071, -0.951864, -0.02979

39
0.0122887, 0.00118954, 0.00958375
-0.000902981, -0.0215097, 0.999768
0.165638, -0.985962, -0.021063
0.986186, 0.16558, 0.00445312

40
0.0102987, -0.0183407, 0.0524657
0.802207, 0.596956, 0.0103552
0.595241, -0.80101, 0.0638089
0.0463857, -0.0450241, -0.997908

41
0.0148419, 0.00681719, -0.0290464
-0.00942778, -0.00804142, 0.999923
0.398198, -0.917292, -0.00362249
0.917251, 0.398133, 0.0118501

42
0.01533, -0.00800276, -0.0688612
-0.00119605, 0.00684049, -0.999976
0.498284, 0.866997, 0.00533485
0.867013, -0.498266, -0.00444548

43
-0.0139032, -0.0108437, 0.0207879
-0.00338717, -0.0132787, 0.999906
-0.675174, 0.737621, 0.00750839
-0.737651, -0.675085, -0.0114638

44
-0.0113085, -0.0110909, -0.0746483
0.774221, -0.632914, -0.00142695
0.380514, 0.463666, 0.800139
-0.505757, -0.620028, 0.599813

45
0.0072705, -0.00879713, -0.0849689
0.800293, 0.595323, 0.0715625
-0.288169, 0.277206, 0.916578
0.525823, -0.754153, 0.3934

46
0.00428006, 0.0138168, 0.02805
0.000434374, -0.0145094, 0.999895
0.958225, -0.285978, -0.00456606
0.286014, 0.958126, 0.013779

47
0.00460322, 0.0137192, 0.0310518
-0.000746171, -0.014217, 0.999899
0.956272, -0.292458, -0.00344468
0.292477, 0.956173, 0.0138136

48
0.0263426, -0.0186636, -0.0664594
0.00204258, -0.0165838, 0.99986
-0.951622, -0.307255, -0.00315213
0.307264, -0.951483, -0.0164091

49
0.00132238, 0.00506947, 0.0674144
-0.949612, 0.309873, 0.0470807
0.216269, 0.539082, 0.814014
0.22686, 0.783179, -0.578935

50
0.0369104, -0.00370823, -0.0726737
-0.0105563, -0.0575477, 0.998287
-0.107442, -0.992498, -0.0583501
0.994155, -0.107874, 0.00429403

51
-0.0162409, -0.0151676, 0.0524734
-0.65327, 0.755043, 0.0561201
0.754381, 0.655416, -0.036584
-0.0644045, 0.0184367, -0.997754

52
-0.0132259, 0.0336334, -0.0440687
-0.00624529, -0.00982546, 0.999932
0.934505, -0.355942, 0.00233913
0.355895, 0.934457, 0.0114049

53
0.0074641, -0.015225, 0.0446362
-0.0122084, 0.00992574, -0.999876
0.882745, 0.469813, -0.00611441
0.469694, -0.88271, -0.0144976

54
0.0065104, 0.00128529, 0.124717
-0.703558, 0.708583, 0.0540095
-0.327604, -0.390845, 0.860184
0.630621, 0.587495, 0.507116

55
-0.0323166, -0.0233408, 0.0334533
-0.00191291, 0.0154142, -0.999879
0.532756, -0.846152, -0.0140636
-0.846267, -0.532719, -0.00659338

56
-0.0171535, -0.0163584, -0.056853
0.00210916, 0.0119158, -0.999927
0.185416, -0.982595, -0.0113182
-0.982658, -0.185378, -0.00428183

57
0.0199182, -0.0322387, 0.0662251
-0.00554051, -0.0196296, 0.999792
-0.801626, -0.597607, -0.0161756
0.597801, -0.801549, -0.0124246

58
0.0375205, -0.00201736, 0.0190022
-0.00536557, -0.0127221, 0.999905
-0.0183405, -0.99975, -0.0128186
0.999817, -0.0184075, 0.0051309

59
0.00880136, -0.0180918, -0.0691405
0.0021428, 0.0299716, -0.999548
0.400167, 0.916004, 0.0283244
0.91644, -0.400047, -0.0100308

60
0.0115478, -0.0341776, -0.0760388
-0.0936451, 0.00865775, 0.995568
-0.931016, -0.355064, -0.0844855
0.352759, -0.934802, 0.0413105

61
0.0228316, 0.0245515, -0.0404047
0.00791123, 0.0239216, -0.999683
-0.993095, 0.117203, -0.00505453
0.117045, 0.99282, 0.0246836

62
0.00931249, 0.0155741, 0.052768
0.835021, -0.549807, 0.0212569
-0.54335, -0.830068, -0.12553
0.0866622, 0.0932706, -0.991862

63
0.00466303, 0.0137015, 0.0460011
-0.00826228, -0.0108514, 0.999907
0.95587, -0.293752, 0.0047105
0.293673, 0.95582, 0.0127996

64
-0.0166599, 0.00701846, 0.0398753
-0.000648109, 0.018632, -0.999826
-0.522259, -0.852645, -0.0155507
-0.852786, 0.522159, 0.0102833

65
0.0259308, -0.0255985, -0.0444061
-0.00624529, -0.00982546, 0.999932
-0.686423, -0.727112, -0.0114319
0.727175, -0.686448, -0.00220339

66
0.0230596, 0.013834, 0.119762
-0.65327, 0.755043, 0.0561201
-0.229187, -0.26785, 0.935804
0.721604, 0.59847, 0.348025

67
-0.00742578, -0.0364025, 0.0443564
0.00403586, 0.0206278, -0.999779
0.992336, -0.123562, 0.00145644
-0.123505, -0.992122, -0.0209683

68
-0.0367084, -0.014191, 0.0533477
-0.0108641, -0.0135687, 0.999849
-0.363171, 0.931682, 0.00869752
-0.931659, -0.363022, -0.0150496

69
0.0041553, 0.0349722, 0.0403827
-0.000648109, 0.018632, -0.999826
-0.987732, 0.156119, 0.00354958
0.156158, 0.987563, 0.0183022

70
-0.00820061, -0.0369978, -0.0736945
0.0246431, 0.000620127, 0.999696
-0.988283, 0.150691, 0.0242682
-0.15063, -0.988581, 0.00432634

71
-0.0388726, -0.00084464, -0.0624537
0.0109128, 0.0241105, -0.99965
-0.00481682, -0.999696, -0.0241642
-0.999929, 0.00507884, -0.0107934

72
-0.0357339, -0.0350421, 0.0510197
-0.703558, 0.708583, 0.0540095
0.677567, 0.691791, -0.249656
-0.214265, -0.139053, -0.966827

73
0.00781017, 0.0333099, 0.0342499
-0.00191291, 0.0154142, -0.999879
-0.975116, 0.221631, 0.00528221
0.221686, 0.975009, 0.0146067

74
-0.0151831, -0.00929825, -0.0751454
0.00859797, 0.0670533, 0.997712
-0.646046, 0.761933, -0.0456399
-0.76325, -0.644176, 0.0498706

75
0.0368776, 0.000555537, 0.0308887
-0.000746171, -0.014217, 0.999899
0.0957362, -0.995307, -0.0140803
0.995406, 0.095716, 0.00210375

76
-0.0271006, -0.00348863, -0.0660985
0.00204258, -0.0165838, 0.99986
-0.648045, 0.761474, 0.0139538
-0.761599, -0.647983, -0.00919169

77
0.00431046, 0.00579836, 0.122886
-0.949612, 0.309873, 0.0470807
-0.126829, -0.517265, 0.846375
0.286622, 0.797757, 0.530502

78
-0.0195555, -0.00404415, -0.0734351
0.0246431, 0.000620127, 0.999696
-0.239036, 0.970996, 0.00529004
-0.970698, -0.239093, 0.0240766

79
-0.0240023, 0.0295802, -0.0713989
-0.0105563, -0.0575477, 0.998287
0.778947, 0.625524, 0.0442961
-0.627001, 0.77808, 0.0382234

80
-0.00731488, -0.000553365, 0.126419
-0.782132, 0.608431, -0.134468
-0.549333, -0.571417, 0.609686
0.294115, 0.550722, 0.781154

81
0.0341574, -0.0106818, 0.0459802
-0.00826228, -0.0108514, 0.999907
0.468244, -0.883581, -0.00571985
0.883561, 0.468153, 0.0123815

82
-0.011167, -0.0151392, 0.0628553
0.835021, -0.549807, 0.0212569
-0.445486, -0.652899, 0.612589
-0.322927, -0.520994, -0.790116

83
-0.0139937, 0.0141558, -0.0409449
0.00791123, 0.0239216, -0.999683
-0.784988, -0.619155, -0.021028
-0.619461, 0.784905, 0.0138799

84
-0.0242031, 0.0044347, -0.0621662
0.0109128, 0.0241105, -0.99965
-0.710462, -0.703301, -0.0247187
-0.70365, 0.710483, 0.00945457

85
0.00533573, -0.00202004, 0.124994
0.494007, 0.86781, -0.0535108
-0.4767, 0.321807, 0.818045
0.727127, -0.378611, 0.57266

86
0.0363735, -0.00702858, 0.029529
-0.00573951, 0.0149706, -0.999871
0.189854, 0.981718, 0.013609
0.981796, -0.189751, -0.00847681

87
0.0370899, -0.00622419, -0.0117336
0.0233884, 0.0295346, -0.99929
0.171238, 0.984673, 0.0331104
0.984952, -0.17189, 0.0179725

88
0.0144481, 0.00217942, 0.0668706
-0.00554051, -0.0196296, 0.999792
0.245527, -0.969229, -0.0176689
0.969374, 0.245378, 0.0101896

89
0.00173706, -0.0356777, -0.020801
-0.00694342, -0.0136498, 0.999883
-0.631735, -0.77504, -0.0149673
0.775154, -0.631764, -0.00324164

90
0.0154729, -0.0349167, 0.0660974
-0.00577601, -0.0178247, 0.999824
-0.890039, -0.455691, -0.0132658
0.455847, -0.88996, -0.0132326

91
0.035521, -0.0191208, 0.0130402
-0.0112628, -0.0110568, 0.999875
-0.390904, -0.920316, -0.0145802
0.920363, -0.391019, 0.0060432

92
-0.0148249, 6.45544e-05, -0.0766234
-0.0813234, 0.0268145, -0.996327
0.0346304, -0.998958, -0.0297119
-0.996086, -0.0369194, 0.0803101

93
-0.00527384, -0.0369409, -0.0213765
-0.00137561, -0.0153006, 0.999882
-0.988373, 0.152044, 0.000966862
-0.15204, -0.988255, -0.0153319

94
0.0340889, 0.0130511, -0.0450894
-0.0037847, 0.0150131, -0.99988
-0.261786, 0.965002, 0.0154803
0.965119, 0.261813, 0.000277977

95
-0.0351191, -0.0117265, -0.0626751
0.0109128, 0.0241105, -0.99965
-0.387106, -0.921655, -0.0264553
-0.92197, 0.387259, -0.000724567

96
-0.006553, 0.00557848, 0.138467
0.494007, 0.86781, -0.0535108
-0.718673, 0.4422, 0.536627
0.489353, -0.226641, 0.842121

97
0.0381774, 0.0105376, 0.0297816
-0.00573951, 0.0149706, -0.999871
-0.200315, 0.979604, 0.015817
0.979715, 0.20038, -0.0026236

98
-0.0251932, 0.0332943, -0.0411133
0.00390113, -0.0252186, 0.999674
0.792354, 0.609937, 0.0122947
-0.610049, 0.792048, 0.0223615

99
-0.00884135, -0.00957821, -0.0738797
-0.755523, 0.615805, 0.223537
-0.403113, -0.168022, -0.899593
-0.516415, -0.769775, 0.375184

100
0.00697458, -0.0548545, 0.0586544
-0.985736, -0.166864, -0.0219287
-0.135439, 0.863856, -0.48519
0.099904, -0.4753, -0.874134

101
0.0297746, 0.0210223, 0.0753383
-0.0610513, 0.0730411, -0.995459
-0.610821, 0.786033, 0.0951361
0.789412, 0.613855, -0.0033733

102
0.0380926, 0.00182044, -0.00420443
-0.0251052, -0.0068703, 0.999661
0.0594221, -0.998219, -0.00536808
0.997917, 0.0592672, 0.0254687

103
-0.0151737, -0.00939976, -0.0482629
0.00797958, -0.0287251, 0.999555
-0.646277, 0.762623, 0.0270755
-0.763061, -0.646206, -0.012479

104
0.014165, -0.0111402, -0.0392249
-0.00283691, 0.01529, -0.999879
0.621118, 0.78365, 0.0102212
0.783712, -0.621014, -0.01172

105
-0.0035964, 0.0366457, -0.0527566
-0.0013391, -0.0169177, 0.999856
0.999963, -0.00852811, 0.00119495
0.00850666, 0.999821, 0.0169285

106
0.0385613, 0.011366, -0.0111793
0.0233884, 0.0295346, -0.99929
-0.218722, 0.975499, 0.0237123
0.975507, 0.218012, 0.0292752

107
-0.0204946, -0.0375305, 0.0390476
-0.000648109, 0.018632, -0.999826
0.852786, -0.522159, -0.0102833
-0.522259, -0.852645, -0.0155507

108
0.0136047, 0.00513386, -0.0623623
0.00191302, -0.024151, 0.999706
0.304511, -0.952217, -0.0235864
0.952507, 0.304467, 0.00553263

109
0.0331989, -0.0190713, 0.0608832
-0.432965, -0.901406, -0.00286148
-0.747082, 0.360612, -0.558415
0.504391, -0.239636, -0.829557

110
-0.0111373, -0.0373966, -0.027512
-0.000197376, -0.0204454, 0.999791
-0.976266, 0.216532, 0.00423528
-0.216574, -0.976061, -0.0200029

111
0.0104809, 0.0357093, -0.0675236
0.0021428, 0.0299716, -0.999548
-0.91644, 0.400047, 0.0100308
0.400167, 0.916004, 0.0283244

112
-0.0288355, 0.0244667, 0.054949
0.00662248, -0.0271086, 0.999611
0.621442, 0.783273, 0.0171246
-0.783432, 0.621087, 0.0220336

113
0.0298966, 0.023663, -0.068662
-0.00119605, 0.00684049, -0.999976
-0.61033, 0.792123, 0.00614865
0.792146, 0.610323, 0.00322754

114
0.038334, 0.0108867, 0.00238352
-0.0173792, 0.00899698, -0.999808
-0.207799, 0.978093, 0.0124137
0.978017, 0.207975, -0.0151289

115
0.00490469, -0.0361816, 0.0530808
0.00662248, -0.0271086, 0.999611
-0.993396, -0.114683, 0.00347122
0.114544, -0.993032, -0.027689

116
0.0131076, -0.0338746, -0.0206974
-0.00694342, -0.0136498, 0.999883
-0.880285, -0.474278, -0.0125875
0.474394, -0.880269, -0.00872263

117
-0.000896808, -0.0415406, 0.0658848
-0.00577601, -0.0178247, 0.999824
-0.996734, -0.0804307, -0.00719207
0.0805447, -0.996601, -0.017302

118
-0.0391063, -0.0121571, 0.0401087
-0.0110354, 0.00807079, -0.999907
0.260507, -0.965413, -0.0106674
-0.965409, -0.2606, 0.00855123

119
0.0348152, -0.00857604, -0.0768018
-0.0354748, -0.0508947, -0.998074
0.296234, 0.953283, -0.0591398
0.954456, -0.297762, -0.0187407

120
-0.0129917, 0.0188215, -0.00537051
-0.0251052, -0.0068703, 0.999661
0.997917, 0.0592672, 0.0254687
-0.0594221, 0.998219, 0.00536808

121
0.00252041, -0.0253911, 0.0736043
-0.0610513, 0.0730411, -0.995459
0.789412, 0.613855, -0.0033733
0.610821, -0.786033, -0.0951361

122
3.42269e-05, 0.0372297, -0.0615609
0.00191302, -0.024151, 0.999706
0.996533, -0.0831071, -0.00391466
0.0831773, 0.996248, 0.0239083

123
0.00089005, -0.0351214, -0.0661671
-5.55325e-05, 0.0155688, -0.999879
0.999502, -0.0315457, -0.0005467
-0.0315504, -0.999381, -0.0155593

124
-0.0147178, -0.00738797, 0.0539916
0.00662248, -0.0271086, 0.999611
-0.485981, 0.873555, 0.0269097
-0.873944, -0.48597, -0.00738915

125
-0.0348304, 0.0150665, 0.0632332
0.000929301, -0.0159796, 0.999872
-0.216893, 0.976067, 0.0158008
-0.976195, -0.21688, -0.00255881

126
0.0259042, -0.0252178, -0.0771079
-0.0792964, -0.082969, 0.993392
-0.675149, -0.728701, -0.114755
0.733407, -0.679788, 0.00176695

127
-0.0174393, 0.0155127, -0.0205906
-0.00137561, -0.0153006, 0.999882
0.15204, 0.988255, 0.0153319
-0.988373, 0.152044, 0.000966862

128
-0.00773684, -0.0164402, 0.0416525
-0.0107648, -0.0118225, 0.999872
-0.967059, 0.254444, -0.00740301
-0.254324, -0.967015, -0.0141721

129
-0.0283944, -0.0206763, -0.0453593
-0.0037847, 0.0150131, -0.99988
0.991834, -0.127407, -0.00566724
-0.127476, -0.991737, -0.0144083

130
-0.0261227, 0.0257252, 0.0190137
-0.00536557, -0.0127221, 0.999905
0.719946, 0.693914, 0.0126922
-0.694009, 0.719946, 0.00543601

131
-0.033777, -0.0102865, -0.0135123
0.0233884, 0.0295346, -0.99929
0.844447, -0.535624, 0.00393357
-0.535128, -0.84394, -0.0374678

132
0.0105036, -0.00896871, -0.0760053
0.011171, -0.120494, -0.992651
0.703625, 0.706298, -0.0778165
0.710484, -0.697585, 0.0926727

133
-0.0118494, 0.0157233, 0.0734947
0.02786, -0.0250748, 0.999297
0.996125, -0.0827335, -0.0298475
0.0834238, 0.996256, 0.0226727

134
-0.000250737, -0.0224955, 0.041745
0.00390247, 0.0186779, -0.999818
0.788207, 0.615238, 0.0145699
0.615398, -0.78812, -0.0123211

135
0.0356338, -0.0195751, 0.0187687
-0.00536557, -0.0127221, 0.999905
-0.399558, -0.916604, -0.0138063
0.916692, -0.399594, -0.00016513

136
0.0129702, 0.000957735, -0.0685603
0.0021428, 0.0299716, -0.999548
0.0190001, 0.999369, 0.0300069
0.999817, -0.0190558, 0.00157199

137
0.00336932, -0.0169941, 0.00274041
-0.0173792, 0.00899698, -0.999808
0.978017, 0.207975, -0.0151289
0.207799, -0.978093, -0.0124137

138
0.0110484, -0.00753435, 0.0541243
-0.395603, -0.918388, -0.0079154
-0.886881, 0.379764, 0.263098
-0.23862, 0.111103, -0.964737

139
0.0189374, 0.0277388, -0.0407391
0.00201442, 0.0182185, -0.999832
-0.996725, -0.080789, -0.00348026
-0.0808388, 0.996565, 0.0179961

140
0.0124562, -0.00778073, 0.0450272
0.00403586, 0.0206278, -0.999779
0.493854, 0.869317, 0.0199296
0.869536, -0.493825, -0.00667866

141
-0.00463135, -0.0392354, 0.0730271
-0.0610513, 0.0730411, -0.995459
0.990114, -0.121748, -0.0696567
-0.126283, -0.98987, -0.0648861

142
-0.0474032, 0.00210747, -0.00634957
-0.0251052, -0.0068703, 0.999661
0.663616, 0.747755, 0.0218049
-0.747652, 0.663939, -0.0142133

143
0.0375768, -0.0158319, -0.0043387
-0.0251052, -0.0068703, 0.999661
-0.326988, -0.944914, -0.0147059
0.944695, -0.327246, 0.0214757

144
0.0177948, 0.0338891, 0.0770172
-0.0610513, 0.0730411, -0.995459
-0.86642, 0.491287, 0.0891852
0.49557, 0.86793, 0.0332905

145
0.00578917, -0.00810775, 0.13501
0.570124, 0.821404, 0.0159426
-0.54338, 0.362455, 0.757209
0.616196, -0.440365, 0.652979

146
-0.0121135, 0.0604952, -0.0921473
-0.0233661, 0.216407, 0.976024
0.711935, 0.689005, -0.135725
-0.701857, 0.691694, -0.170167

147
-0.0202622, -0.00376311, -0.026826
-0.000197376, -0.0204454, 0.999791
-0.173513, 0.984626, 0.020101
-0.984832, -0.173473, -0.00374188

148
0.00988094, 0.0342742, 0.0672987
-0.00577601, -0.0178247, 0.999824
0.951686, -0.307074, 2.34321e-05
0.30702, 0.951519, 0.0187372

149
-0.00146195, 0.0359237, -0.076749
-0.0813234, 0.0268145, -0.996327
-0.679852, -0.732476, 0.0357783
-0.728826, 0.680264, 0.0777973

150
-0.0247961, 0.0304155, -0.0733273
0.0246431, 0.000620127, 0.999696
0.805333, 0.592478, -0.0202194
-0.59231, 0.805587, 0.0141011

151
-0.00720539, -0.00319028, 0.0687256
0.162759, -0.985681, -0.0440634
-0.599442, -0.134257, 0.789078
-0.783695, -0.102016, -0.612711

152
-0.00456484, 0.000604308, 0.0671842
0.711758, 0.702235, 0.0163041
0.502427, -0.492745, -0.710472
-0.490884, 0.513876, -0.703537

153
0.0157046, -0.0308866, -0.044522
-0.00624529, -0.00982546, 0.999932
-0.355895, -0.934457, -0.0114049
0.934505, -0.355942, 0.00233913

154
0.0246984, 0.0166813, 0.100532
-0.65327, 0.755043, 0.0561201
0.0644045, -0.0184367, 0.997754
0.754381, 0.655416, -0.036584

155
0.03338, 0.0212218, 0.0446816
-0.0122084, 0.00992574, -0.999876
-0.469694, 0.88271, 0.0144976
0.882745, 0.469813, -0.00611441

156
0.00139746, -0.0393726, -0.0514497
-0.000284177, -0.0232587, 0.999729
-0.989697, -0.143134, -0.00361134
0.14318, -0.98943, -0.0229784

157
-0.0085669, 0.0160895, -0.00203342
-0.00809644, 0.00999334, -0.999917
-0.943622, -0.330996, 0.00433258
-0.330926, 0.943579, 0.0121098

158
-0.00688, -0.0152075, 0.0736742
0.0502295, -0.176219, 0.983069
-0.953497, 0.284434, 0.0997045
-0.297188, -0.942361, -0.153737

159
-0.00167322, 0.000251411, -0.0688522
-0.989762, -0.141191, 0.0208799
0.122615, -0.766267, 0.630715
-0.0730519, 0.626818, 0.775734

160
-0.0416396, 0.00276602, 0.0535242
-0.0108641, -0.0135687, 0.999849
0.0210039, 0.999684, 0.0137947
-0.99972, 0.0211506, -0.0105756

161
-0.0392924, -0.00980926, -0.0417186
0.00791123, 0.0239216, -0.999683
0.271906, -0.962098, -0.0208704
-0.962291, -0.271654, -0.0141158

162
-0.0266555, 0.0256015, 0.0128344
-0.0112628, -0.0110568, 0.999875
0.713356, 0.700624, 0.015783
-0.700712, 0.713445, -3.56571e-06

163
0.0369197, 0.000494099, 0.0461243
-0.00826228, -0.0108514, 0.999907
0.0944771, -0.995477, -0.0100226
0.995493, 0.0943855, 0.00925012

164
-0.0184619, -0.0256489, 0.0775839
0.835021, -0.549807, 0.0212569
-0.287997, -0.403824, 0.868323
-0.468826, -0.731189, -0.495544

165
0.0179211, 0.0366425, -0.0685589
-0.00119605, 0.00684049, -0.999976
-0.867013, 0.498266, 0.00444548
0.498284, 0.866997, 0.00533485

166
-0.00132701, 0.00250928, -0.0650962
-0.99963, 0.0171993, -0.0210544
-0.0264869, -0.79069, 0.611644
-0.00612768, 0.611975, 0.790853

167
-0.017092, -0.0029319, 0.0749481
-0.182872, -0.116719, 0.976184
-0.0579444, 0.992481, 0.107813
-0.981428, -0.0368485, -0.18826

168
0.0187794, -0.0113601, -0.0765192
-0.0792964, -0.082969, 0.993392
0.0411944, -0.995952, -0.0798945
0.996, 0.0345869, 0.0823933

169
-0.00106468, 0.00301142, -0.0651918
-0.985066, 0.158146, -0.0680745
-0.161707, -0.714032, 0.681182
0.0591189, 0.682018, 0.728942

170
0.022768, -0.000639832, -0.0471614
0.000936887, -0.0188199, 0.999822
0.549075, -0.835615, -0.0162435
0.835772, 0.548993, 0.00955069

171
-0.0231838, 0.030963, -0.0261164
-0.000197376, -0.0204454, 0.999791
0.843465, 0.537068, 0.0111494
-0.537184, 0.843291, 0.017139

172
-0.0211197, -0.0138642, 0.0535215
-0.0108641, -0.0135687, 0.999849
-0.915583, 0.402103, -0.00449162
-0.401981, -0.915494, -0.0167918

173
-0.00750609, 0.0390914, -0.0259471
-0.000197376, -0.0204454, 0.999791
0.984832, 0.173473, 0.00374188
-0.173513, 0.984626, 0.020101

174
-0.0111105, 0.034341, -0.0616094
0.00191302, -0.024151, 0.999706
0.888846, -0.458029, -0.012766
0.458202, 0.888609, 0.0205903

175
-0.00618865, 0.0179099, 0.096674
-0.985736, -0.166864, -0.0219287
-0.0404691, 0.108536, 0.993268
-0.163361, 0.979988, -0.113741

176
-0.0358147, 0.0126994, 0.0487697
0.00274532, 0.0107733, -0.999938
-0.381088, -0.924473, -0.0110065
-0.924535, 0.381094, 0.00156759

177
0.00703403, -0.0361601, -0.0429912
0.00390113, -0.0252186, 0.999674
-0.965496, -0.260405, -0.00280144
0.26039, -0.96517, -0.0253644

178
0.0173175, -0.0317301, -0.0512674
-0.000284177, -0.0232587, 0.999729
-0.859568, -0.510877, -0.0121299
0.511021, -0.859339, -0.0198472

179
-0.0253628, 0.00616486, -0.00199661
-0.00809644, 0.00999334, -0.999917
-0.745153, -0.666893, -0.000631451
-0.666844, 0.745087, 0.012846

180
-0.0239933, -0.00617848, 0.0761671
0.0502295, -0.176219, 0.983069
-0.767188, 0.623408, 0.150948
-0.639453, -0.76178, -0.10388

181
0.036628, 0.00386392, 0.0444696
-0.0122084, 0.00992574, -0.999876
-0.0961294, 0.995307, 0.0110541
0.995294, 0.0962524, -0.011197

182
0.0205949, 0.0145396, 0.0815799
-0.65327, 0.755043, 0.0561201
0.348191, 0.233784, 0.907804
0.672311, 0.612581, -0.415623

183
0.0189576, -0.0116518, -0.0443126
-0.00624529, -0.00982546, 0.999932
0.0288159, -0.999538, -0.00964161
0.999565, 0.0287538, 0.00652554

184
-0.000278063, -0.00254303, -0.0560474
0.902546, 0.430572, 0.00419983
-0.417557, 0.877563, -0.235647
-0.105149, 0.210929, 0.97183

185
-0.0070245, -0.00362692, 0.0692644
0.236216, -0.971218, -0.0306225
-0.57938, -0.166074, 0.797959
-0.780078, -0.170749, -0.601933

186
0.00689307, 0.0103485, 0.0728373
0.02786, -0.0250748, 0.999297
0.888374, -0.457687, -0.036252
0.458274, 0.88876, 0.0095247

187
0.0212627, 0.00720073, -0.0778469
0.011171, -0.120494, -0.992651
0.378174, 0.919488, -0.107357
0.925667, -0.374196, 0.0558394

188
-0.0155825, -0.0173231, -0.0132944
0.0233884, 0.0295346, -0.99929
0.984952, -0.17189, 0.0179725
-0.171238, -0.984673, -0.0331104

189
0.00287199, 0.0350519, 0.0674518
-0.00554051, -0.0196296, 0.999792
0.989544, -0.144208, 0.00265238
0.144126, 0.989353, 0.0202234

190
-0.00294345, -0.0131853, -0.0672094
-0.997629, 0.0682183, 0.00906958
-0.0570708, -0.746467, -0.662971
-0.0384566, -0.661917, 0.74859

191
0.0342735, 0.00132371, 0.0488395
0.00274532, 0.0107733, -0.999938
-0.708323, 0.705866, 0.00566027
0.705883, 0.708264, 0.0095688

192
0.0215263, 0.00469825, 0.0279102
0.000434374, -0.0145094, 0.999895
0.775832, -0.630868, -0.00949149
0.630939, 0.775755, 0.0109828

193
-0.000244675, -0.000622687, -0.0689282
0.800293, 0.595323, 0.0715625
-0.467457, 0.544707, 0.69626
0.375519, -0.590664, 0.714214

194
0.000569108, 0.00242701, -0.069367
0.69375, -0.720211, -0.00271713
0.506732, 0.490788, -0.708766
0.511795, 0.49033, 0.705438

195
-0.00619094, 0.000223737, -0.0696849
-0.148528, 0.988376, -0.0324545
-0.62861, -0.119697, -0.768455
-0.763406, -0.0937358, 0.639081

196
0.0157365, 0.000425709, -0.0759457
-0.0936451, 0.00865775, 0.995568
-0.0303774, -0.999521, 0.00583478
0.995142, -0.0296963, 0.0938633

197
0.021292, -0.00929204, 0.00249817
-0.0173792, 0.00899698, -0.999808
0.824049, 0.566444, -0.00922683
0.566252, -0.824051, -0.0172583

198
-0.0402811, 0.00162771, -0.00192116
-0.00809644, 0.00999334, -0.999917
-0.0553732, -0.99842, -0.00953002
-0.998433, 0.0552915, 0.00863701

199
-0.0161351, -0.0172509, 0.00307713
-0.0173792, 0.00899698, -0.999808
0.983091, -0.182156, -0.0187278
-0.18229, -0.983228, -0.00567912

200
-0.0062568, 0.00264939, -0.068531
0.33981, 0.940494, -0.00021787
-0.622811, 0.224855, -0.749364
-0.704723, 0.254777, 0.662158

201
-0.00543389, 0.0346625, -0.0198905
-0.00694342, -0.0136498, 0.999883
0.775154, -0.631764, -0.00324164
0.631735, 0.77504, 0.0149673

202
-0.0209311, -0.00255946, 0.055421
-0.027461, 0.999121, 0.0316607
0.998892, 0.0286379, -0.0373365
-0.0382104, 0.0306003, -0.998801

203
-0.0016099, -0.000693054, 0.0586246
-0.987763, -0.155773, 0.00772308
-0.148325, 0.922919, -0.355274
0.0482144, -0.352072, -0.93473

204
-0.0131939, -0.0219429, -0.0271964
-0.000197376, -0.0204454, 0.999791
-0.537184, 0.843291, 0.017139
-0.843465, -0.537068, -0.0111494

205
0.00160652, 0.000805735, -0.0593332
-0.0112445, -0.999756, -0.0190308
0.846328, 0.000620621, -0.532661
0.532543, -0.0220958, 0.846115

206
-0.015008, 0.0185543, -0.0551055
0.777315, 0.628815, 0.0193138
-0.621154, 0.771988, -0.134916
-0.0997476, 0.0928757, 0.990669

207
0.0226472, 0.00394175, 0.0131502
-0.0112628, -0.0110568, 0.999875
0.700712, -0.713445, 3.56571e-06
0.713356, 0.700624, 0.015783

208
0.0117046, -0.0183062, 0.00916377
-0.000902981, -0.0215097, 0.999768
-0.224368, -0.974275, -0.0211639
0.974504, -0.224335, -0.00394633

209
-0.0125225, -0.0120784, 0.0326736
-0.00397382, -0.0146954, 0.999884
-0.759892, 0.650017, 0.00653336
-0.650037, -0.759778, -0.01375

210
0.00916181, -0.0336738, -0.0696069
0.0021428, 0.0299716, -0.999548
0.930982, 0.364837, 0.0129355
0.36506, -0.930589, -0.0271212

211
0.0336118, 0.0128172, 0.0489615
0.00274532, 0.0107733, -0.999938
-0.384275, 0.923176, 0.00889123
0.923214, 0.384227, 0.00667432

212
0.000876029, -0.00382786, -0.068024
-0.884337, -0.463792, -0.0533344
0.3221, -0.523454, -0.788827
0.337933, -0.714768, 0.612297

213
-0.0024676, -0.0140815, -0.0767552
0.0230274, 0.19705, 0.980123
-0.999316, 0.0329162, 0.0168606
-0.0289395, -0.979841, 0.197674

214
-0.0125736, 0.0189054, 0.012919
-0.0112628, -0.0110568, 0.999875
0.999897, -0.00906512, 0.0111628
0.00894057, 0.999898, 0.0111578

215
-0.014152, -0.00777677, -0.0626376
-0.568659, 0.822539, 0.00757644
-0.693331, -0.474335, -0.542492
-0.442627, -0.313746, 0.840027

216
0.0149446, -0.00199509, 0.0687281
-0.027461, 0.999121, 0.0316607
0.733342, -0.00138767, 0.679858
0.679305, 0.0418877, -0.73266

217
0.0229767, 0.00360621, 0.0189957
-0.00536557, -0.0127221, 0.999905
0.694009, -0.719946, -0.00543601
0.719946, 0.693914, 0.0126922

218
-0.00786747, 0.0134456, -0.0642552
0.902546, 0.430572, 0.00419983
-0.345534, 0.730043, -0.589613
-0.256937, 0.530702, 0.807675

219
-0.00266841, -0.000924537, 0.0558538
0.702602, 0.711032, 0.0280202
0.628881, -0.602037, -0.491996
-0.332956, 0.363299, -0.870146

220
-0.00320036, 0.0377457, -0.0741724
-0.0792964, -0.082969, 0.993392
0.996, 0.0345869, 0.0823933
-0.0411944, 0.995952, 0.0798945

221
-0.00060106, -0.00281233, 0.0532889
-0.432965, -0.901406, -0.00286148
-0.884925, 0.42444, 0.191726
-0.171609, 0.085543, -0.981444

222
0.0221472, -0.00179157, 0.0721074
0.02786, -0.0250748, 0.999297
0.645377, -0.762961, -0.0371374
0.763356, 0.645958, -0.00507336

223
-0.0290524, -0.0256809, 0.0398886
-0.0110354, 0.00807079, -0.999907
0.610123, -0.792198, -0.0131278
-0.79223, -0.610211, 0.00381806

224
0.00375364, -0.0324594, 0.103887
-0.987763, -0.155773, 0.00772308
-0.0122173, 0.0279142, -0.999536
0.155485, -0.987398, -0.0294757

225
0.00853905, -0.0106572, -0.0453487
-0.0037847, 0.0150131, -0.99988
0.791472, 0.611174, 0.00618088
0.611193, -0.791354, -0.0141956

226
-0.0112142, -0.0208548, 0.0448084
-0.0122084, 0.00992574, -0.999876
0.995294, 0.0962524, -0.011197
0.0961294, -0.995307, -0.0110541

227
-0.0304302, -0.0277787, 0.0569709
-0.65327, 0.755043, 0.0561201
0.672311, 0.612581, -0.415623
-0.348191, -0.233784, -0.907804

228
-0.00247446, 0.0377501, -0.0439611
-0.00624529, -0.00982546, 0.999932
0.999565, 0.0287538, 0.00652554
-0.0288159, 0.999538, 0.00964161

229
0.0174426, 0.00161009, 0.0656513
0.554632, 0.0771652, 0.82851
0.625054, -0.695889, -0.353619
0.549264, 0.713991, -0.434195

230
-0.0161779, 0.00586687, 0.0743639
0.104397, -0.212817, -0.971499
-0.527453, -0.839989, 0.127328
-0.843146, 0.499127, -0.199943

231
-0.00893134, -0.0193396, -0.0454129
-0.0037847, 0.0150131, -0.99988
0.965119, 0.261813, 0.000277977
0.261786, -0.965002, -0.0154803

232
-0.0252728, -0.00789116, 0.0415648
-0.0107648, -0.0118225, 0.999872
-0.79612, 0.605137, -0.00141607
-0.605043, -0.796034, -0.0159263

233
0.00330055, 0.0232661, -0.0440673
-0.00624529, -0.00982546, 0.999932
0.727175, -0.686448, -0.00220339
0.686423, 0.727112, 0.0114319

234
0.022567, -0.00287587, 0.0445744
-0.0122084, 0.00992574, -0.999876
0.635805, 0.771849, -0.000101004
0.771753, -0.635728, -0.0157339

235
-0.00156127, -0.00269696, 0.0555709
-0.65327, 0.755043, 0.0561201
0.721604, 0.59847, 0.348025
0.229187, 0.26785, -0.935804

236
-0.0204348, 0.0154451, -0.0734255
0.0246431, 0.000620127, 0.999696
0.15063, 0.988581, -0.00432634
-0.988283, 0.150691, 0.0242682

237
0.00632875, 0.0161562, -0.00490361
-0.0251052, -0.0068703, 0.999661
0.944695, -0.327246, 0.0214757
0.326988, 0.944914, 0.0147059

238
0.0153004, -0.0106538, 0.0739018
-0.0610513, 0.0730411, -0.995459
0.49557, 0.86793, 0.0332905
0.86642, -0.491287, -0.0891852

239
-0.0148074, 0.0156759, 0.0310651
-0.000746171, -0.014217, 0.999899
0.995406, 0.095716, 0.00210375
-0.0957362, 0.995307, 0.0140803

240
-0.00367917, -0.00822623, 0.0540423
-0.949612, 0.309873, 0.0470807
0.286622, 0.797757, 0.530502
0.126829, 0.517265, -0.846375

241
0.0205337, -0.0286027, -0.0666123
0.00204258, -0.0165838, 0.99986
-0.761599, -0.647983, -0.00919169
0.648045, -0.761474, -0.0139538

242
-0.00888434, 0.0208638, -0.0467269
0.000936887, -0.0188199, 0.999822
0.979235, -0.202673, -0.00473256
0.202726, 0.979066, 0.0182393

243
-0.0263633, -0.00317057, 0.0400406
-0.0110354, 0.00807079, -0.999907
-0.498441, -0.866922, -0.00149638
-0.866853, 0.498378, 0.0135897

244
-0.0121036, 0.018898, 0.019002
-0.00536557, -0.0127221, 0.999905
0.999817, -0.0184075, 0.0051309
0.0183405, 0.99975, 0.0128186

245
-0.00623382, 0.0193476, 0.0460684
-0.00114847, -0.0145268, 0.999894
0.948846, -0.315719, -0.00349702
0.315736, 0.948742, 0.0141463

246
-0.0275951, 0.0166651, 0.0525034
0.570124, 0.821404, 0.0159426
0.819944, -0.56768, -0.0737018
-0.0514887, 0.0550912, -0.997153

247
-0.00675502, -0.00342394, 0.0712659
0.284223, -0.957923, -0.0400205
-0.471713, -0.176057, 0.863997
-0.834688, -0.226689, -0.501904

248
-0.00409173, 0.0359527, -0.0496988
-0.000284177, -0.0232587, 0.999729
0.801065, -0.598421, -0.0136946
0.598578, 0.800844, 0.0188018

249
-0.00202766, -0.000820767, 0.0559422
0.628967, 0.776978, -0.0265624
0.770992, -0.619004, 0.149684
0.0998592, -0.114626, -0.988377

250
-0.002782, -0.00455977, 0.126669
0.284223, -0.957923, -0.0400205
0.590634, 0.142059, 0.794336
-0.755228, -0.249406, 0.606158

251
0.014437, -0.0164095, -0.0509118
-0.000284177, -0.0232587, 0.999729
-0.24646, -0.968889, -0.0226112
0.969153, -0.2464, -0.005457

252
0.00449147, -0.0216242, 0.0326009
-0.00397382, -0.0146954, 0.999884
-0.950807, 0.309783, 0.000774144
-0.309758, -0.950694, -0.0152035

253
-0.00623472, -0.00585097, 0.0556763
-0.617469, 0.785536, 0.0408116
0.654891, 0.48465, 0.579856
0.435718, 0.38477, -0.813696

254
0.00908093, 0.0132595, -0.0468869
0.000936887, -0.0188199, 0.999822
0.827116, -0.561917, -0.0113522
0.562031, 0.826979, 0.0150398

255
-0.0391172, -0.00773642, 0.0435384
-0.091947, 0.993381, -0.0688447
0.994881, 0.0887342, -0.0483612
-0.0419322, -0.0729389, -0.996455

256
0.00299511, -0.0170697, 0.0295702
-0.00573951, 0.0149706, -0.999871
0.979715, 0.20038, -0.0026236
0.200315, -0.979604, -0.015817

257
0.00491303, -0.00519945, 0.0695297
0.494007, 0.86781, -0.0535108
0.489353, -0.226641, 0.842121
0.718673, -0.4422, -0.536627

258
0.0303347, 0.0149933, -0.0613161
0.0109128, 0.0241105, -0.99965
-0.92197, 0.387259, -0.000724567
0.387106, 0.921655, 0.0264553

259
-0.00793093, 0.0151877, -0.0617292
0.0109128, 0.0241105, -0.99965
-0.925657, -0.377875, -0.019219
-0.378206, 0.925543, 0.0181943

260
0.0346997, 0.00436079, 0.0297091
-0.00573951, 0.0149706, -0.999871
0.551119, 0.834374, 0.00932917
0.834407, -0.550995, -0.0130395

261
0.0116895, -0.00673656, 0.107162
0.494007, 0.86781, -0.0535108
-0.162154, 0.152423, 0.974922
0.854203, -0.472942, 0.216017

262
-0.00464629, 0.00432754, -0.0670598
0.73511, 0.677924, 0.00560577
-0.465879, 0.511151, -0.722275
-0.492513, 0.52834, 0.691583

263
0.0152069, 0.0331768, -0.0402587
0.00791123, 0.0239216, -0.999683
-0.872709, 0.488217, 0.00477624
0.488176, 0.872394, 0.024739

264
-0.0147445, 0.0156844, 0.0458622
-0.00826228, -0.0108514, 0.999907
0.995493, 0.0943855, 0.00925012
-0.0944771, 0.995477, 0.0100226

265
0.0193792, 0.0311017, 0.058945
0.835021, -0.549807, 0.0212569
-0.468826, -0.731189, -0.495544
0.287997, 0.403824, -0.868323

266
-0.0326013, -0.0216553, 0.0399602
-0.0110354, 0.00807079, -0.999907
-0.128769, -0.991653, -0.00658302
-0.991613, 0.128684, 0.0119826

267
0.0024959, -0.0226956, -0.0689463
-0.00119605, 0.00684049, -0.999976
0.792146, 0.610323, 0.00322754
0.61033, -0.792123, -0.00614865

268
0.000557865, -0.0148228, -0.0752656
-0.0354748, -0.0508947, -0.998074
0.995167, 0.0897095, -0.039946
0.0915698, -0.994667, 0.0474662

269
-0.00227241, -0.0122311, 0.0442505
-0.782132, 0.608431, -0.134468
0.481947, 0.727473, 0.488375
0.394964, 0.317168, -0.862211

270
0.0123446, -0.0122286, 0.0625681
0.628967, 0.776978, -0.0265624
0.67409, -0.528019, 0.516526
0.387304, -0.342783, -0.85586

271
-0.00902093, 0.019801, 0.135168
0.41534, 0.871671, -0.260159
-0.796177, 0.48667, 0.359519
0.439994, 0.0578096, 0.896138

272
-0.0147953, -0.0187546, -0.0659114
-5.55325e-05, 0.0155688, -0.999879
0.353344, -0.93538, -0.0145841
-0.935493, -0.353302, -0.0054492

273
0.0124887, -0.00772383, 0.0420707
0.00390247, 0.0186779, -0.999818
0.492706, 0.870006, 0.0181759
0.870187, -0.492687, -0.00580752

274
-0.0168802, 0.0049834, 0.0606928
-0.432965, -0.901406, -0.00286148
-0.751892, 0.359396, 0.552714
-0.497192, 0.241458, -0.833366

275
-0.00207082, -0.0180737, 0.0536714
-0.0108641, -0.0135687, 0.999849
-0.99972, 0.0211506, -0.0105756
-0.0210039, -0.999684, -0.0137947

276
0.025393, 0.0253901, -0.0611193
0.0109128, 0.0241105, -0.99965
-0.70365, 0.710483, 0.00945457
0.710462, 0.703301, 0.0247187

277
-0.0165133, -0.0171754, 0.0296806
-0.00573951, 0.0149706, -0.999871
0.981796, -0.189751, -0.00847681
-0.189854, -0.981718, -0.013609

278
-0.00718561, 0.000820153, 0.0554589
0.494007, 0.86781, -0.0535108
0.727127, -0.378611, 0.57266
0.4767, -0.321807, -0.818045

279
0.000138967, -0.0138199, -0.0715692
-0.994108, -0.108253, -0.00551519
0.0694849, -0.597393, -0.798933
0.0831918, -0.794609, 0.601395

280
-0.0227764, -0.0110079, 0.0336252
-0.00191291, 0.0154142, -0.999879
-0.221686, -0.975009, -0.0146067
-0.975116, 0.221631, 0.00528221

281
-0.00931826, 0.0210964, -0.0563901
0.00210916, 0.0119158, -0.999927
-0.563735, -0.825882, -0.0110309
-0.825953, 0.563717, 0.00497546

282
0.00885772, 0.00650008, 0.0868783
-0.703558, 0.708583, 0.0540095
0.214265, 0.139053, 0.966827
0.677567, 0.691791, -0.249656

283
-0.00246693, 0.00715921, -0.0582006
-0.742585, 0.628452, -0.23155
-0.5822, -0.434807, 0.687012
0.331074, 0.644974, 0.688766

284
-0.00834034, -0.021654, -0.0211468
-0.00137561, -0.0153006, 0.999882
-0.591377, 0.806313, 0.0115249
-0.806394, -0.591291, -0.0101576

285
-0.0234072, -0.0112835, 0.0395386
-0.000648109, 0.018632, -0.999826
-0.156158, -0.987563, -0.0183022
-0.987732, 0.156119, 0.00354958

286
-0.0073554, -0.0363731, 0.0414581
0.00390247, 0.0186779, -0.999818
0.992498, -0.122247, 0.00159018
-0.122195, -0.992324, -0.0190148

287
-0.000658422, 0.0202181, 0.0340643
-0.00191291, 0.0154142, -0.999879
-0.846267, -0.532719, -0.00659338
-0.532756, 0.846152, 0.0140636

288
-0.00677115, 0.0364789, -0.0562015
0.00210916, 0.0119158, -0.999927
-0.982658, -0.185378, -0.00428183
-0.185416, 0.982595, 0.0113182

289
-0.00864044, -0.00854721, 0.0563519
-0.703558, 0.708583, 0.0540095
0.630621, 0.587495, 0.507116
0.327604, 0.390845, -0.860184

290
0.0112202, 0.0188953, -0.0614307
0.0109128, 0.0241105, -0.99965
-0.999929, 0.00507884, -0.0107934
0.00481682, 0.999696, 0.0241642

291
0.0115411, -0.00785302, 0.0876854
0.494007, 0.86781, -0.0535108
0.177078, -0.0401664, 0.983377
0.851234, -0.495271, -0.173513

292
0.0209787, -0.00950717, 0.0295802
-0.00573951, 0.0149706, -0.999871
0.828481, 0.560005, 0.00362903
0.559987, -0.828354, -0.015617

293
0.0159775, -0.0135159, -0.0535792
-0.0013391, -0.0169177, 0.999856
-0.00850666, -0.999821, -0.0169285
0.999963, -0.00852811, 0.00119495

294
0.0154566, -0.0172999, 0.0664937
-0.00554051, -0.0196296, 0.999792
-0.144126, -0.989353, -0.0202234
0.989544, -0.144208, 0.00265238

295
0.0215644, 0.0104829, -0.0687422
-0.00119605, 0.00684049, -0.999976
0.128563, 0.991679, 0.00662997
0.991701, -0.128552, -0.00206553

296
-0.00209274, -0.0222531, 0.0535049
0.00662248, -0.0271086, 0.999611
-0.783432, 0.621087, 0.0220336
-0.621442, -0.783273, -0.0171246

297
-0.0199214, -0.00576096, 0.0464055
-0.091947, 0.993381, -0.0688447
0.935197, 0.109892, 0.336647
0.341984, -0.0334296, -0.939111

