0
-0.0381883, -0.00856808, 0.0522244
-0.00569134, -0.0118715, 0.999913
-0.261156, 0.965245, 0.00997346
-0.96528, -0.261077, -0.00859386

1
-0.0118348, 0.0111198, -0.0430707
0.0022965, 0.00105164, -0.999997
-0.813532, -0.581515, -0.00247983
-0.581516, 0.813535, -0.000479908

2
0.0142077, 0.00255625, 0.0650775
-0.00320832, 0.00210923, 0.999993
0.282256, -0.959335, 0.00292904
0.959334, 0.282263, 0.00248251

3
-0.0166375, -0.00408604, -0.0552188
-0.00241052, -0.00515668, 0.999984
-0.210597, 0.977562, 0.0045334
-0.97757, -0.210583, -0.00344241

4
-0.0167867, 0.00125533, -0.0520652
0.00147366, 0.00547592, -0.999984
-0.196239, -0.98054, -0.00565863
-0.980555, 0.196244, -0.00037039

5
0.000393838, 0.00119768, -0.0545202
-0.428634, 0.903477, 0.00184727
-0.877045, -0.415601, -0.240971
-0.216944, -0.104908, 0.970531

6
-0.0158787, -0.00969606, 0.0109445
-0.00105885, 0.00104556, 0.999999
-0.622782, 0.782394, -0.00147747
-0.782394, -0.622783, -0.000177278

7
-0.0273152, 0.0266342, -0.00100984
0.000317522, -0.0013303, 0.999999
0.707719, 0.706494, 0.000715132
-0.706494, 0.707718, 0.0011658

8
-0.0157509, -0.00458364, -0.0401912
-0.000489062, -0.00863219, 0.999963
-0.280549, 0.959805, 0.00814832
-0.959839, -0.280535, -0.00289116

9
0.012931, 0.00333275, 0.0408563
-0.00244798, 0.0118143, 0.999927
0.35779, -0.933726, 0.011908
0.933799, 0.357793, -0.00194129

10
0.0107547, -0.0372197, -0.0282553
-0.00754166, -0.00337312, -0.999966
0.946604, 0.322294, -0.00822638
0.322311, -0.946633, 0.000762369

11
-0.00416496, -0.0161409, 0.0523282
-0.00569134, -0.0118715, 0.999913
-0.991742, 0.12818, -0.00412301
-0.12812, -0.99168, -0.012503

12
-0.0172511, 0.00384073, -0.0399708
-0.00228939, -0.00165931, -0.999996
-0.367949, -0.929843, 0.00238528
-0.929843, 0.367953, 0.00151824

13
-0.0170508, -0.00645309, -0.00706994
0.000506867, -0.00247268, 0.999997
-0.377924, 0.925833, 0.00248085
-0.925837, -0.377924, -0.00046521

14
0.0159572, -0.0168741, 0.065124
-0.00320832, 0.00210923, 0.999993
-0.106351, -0.994327, 0.00175607
0.994323, -0.106345, 0.00341444

15
-0.0163152, 0.00569072, 0.0651256
-0.00335068, 0.00113168, -0.999994
-0.524953, -0.851131, 0.000795744
-0.851125, 0.524952, 0.00344595

16
-0.0358851, 0.00508298, -0.0067812
-0.00111395, -0.0073306, 0.999973
0.812814, 0.5825, 0.00517566
-0.582522, 0.812798, 0.00530954

17
0.0180598, 0.025251, -0.0667517
0.00560718, 0.371756, -0.928314
-0.986507, -0.149844, -0.0659656
-0.163625, 0.916158, 0.365899

18
-0.0299793, 0.0166539, 0.0514052
0.505419, 0.862641, 0.0200608
0.856534, -0.498757, -0.132631
-0.104407, 0.0842168, -0.990963

19
-0.0157446, -0.00986377, 0.0619934
0.00552305, -0.00559792, 0.999969
-0.626114, 0.779693, 0.00782296
-0.779712, -0.626138, 0.000801342

20
-0.0106968, -0.0349191, -0.0224091
-0.00253363, 0.00685153, -0.999973
0.88727, 0.46125, 0.000912281
0.461244, -0.887244, -0.00724779

21
-0.0153326, -0.0344724, 0.0410109
-0.0031732, 0.00373223, -0.999988
0.914935, -0.403578, -0.00440956
-0.40359, -0.914938, -0.00213411

22
0.00660043, 0.0121619, -0.0665126
-0.00994446, -0.00696893, 0.999926
0.894385, -0.447261, 0.00577767
0.447188, 0.894376, 0.0106807

23
0.0128092, -0.00311331, 0.0320305
0.00268363, 0.00851319, -0.99996
0.13111, 0.991329, 0.00879157
0.991364, -0.131128, 0.0015442

24
0.0243341, -0.0271933, 0.0138042
0.00316839, -0.00480042, 0.999983
-0.66122, -0.750191, -0.00150625
0.750185, -0.661204, -0.00555103

25
0.00544707, 0.0150722, 0.0704537
-0.00281764, 0.0113877, 0.999931
0.952629, -0.304072, 0.00614727
0.304121, 0.952581, -0.00999152

26
-0.0107893, -0.0156334, 0.0877226
-0.862282, 0.504902, -0.0392955
0.0765759, 0.0532894, -0.995639
-0.500606, -0.86153, -0.0846138

27
0.0370936, -0.00426415, 0.0254554
-0.00625777, 0.00589743, -0.999963
0.0970205, 0.995268, 0.00526259
0.995263, -0.096984, -0.00680033

28
0.0176889, 0.0308858, 0.00208469
0.00451159, -0.00367124, -0.999983
-0.857507, 0.514441, -0.00575745
0.514453, 0.857518, -0.000827169

29
-0.0177304, -0.000865867, -0.0430662
0.00072514, 0.00988919, -0.999951
-0.0338151, -0.999379, -0.00990806
-0.999428, 0.0338206, -0.000390285

30
0.0105197, 0.00887491, -0.00703964
0.0061226, -0.00629475, 0.999961
0.70861, -0.705546, -0.00878011
0.705574, 0.708636, 0.000140747

31
-0.00058843, 0.000128495, 0.0569596
0.674775, -0.737651, 0.0234423
-0.699073, -0.628659, 0.340712
-0.236589, -0.246292, -0.939875

32
-0.0166517, -0.00372253, -0.073564
0.0498888, 0.00396804, 0.998747
-0.203255, 0.979106, 0.00626285
-0.977854, -0.203313, 0.0496529

33
0.012776, -0.0115891, 0.0680074
0.00284101, 0.00158979, -0.999995
0.660639, 0.750698, 0.00307034
0.750699, -0.660644, 0.00108247

34
0.0128812, -0.00557289, -0.0523907
-0.00727427, 0.000264865, -0.999974
0.360312, 0.932829, -0.00237399
0.932803, -0.36032, -0.00688108

35
-0.0158522, 0.0156596, -0.0955326
0.792397, 0.609927, -0.00976752
-0.0993223, 0.113205, -0.988595
-0.601865, 0.78433, 0.150283

36
0.0224092, -0.0301918, 0.0177825
-0.0101586, 0.0165313, 0.999812
-0.725684, -0.688016, 0.00400262
0.687953, -0.725507, 0.0189858

37
-0.00132192, 0.0200015, 0.0704594
0.0394328, 0.270602, 0.961883
0.847867, -0.51844, 0.111092
0.528741, 0.811168, -0.249878

38
0.0166639, -0.0328375, -0.05594
0.0125917, -0.0271653, 0.999552
-0.829724, -0.558153, -0.00471689
0.558031, -0.829293, -0.0295678

39
0.0048028, -0.017388, 0.0255801
-0.00625777, 0.00589743, -0.999963
0.956631, 0.291271, -0.00426878
0.291235, -0.956622, -0.00746437

40
0.0182372, 0.0287441, -0.0429831
0.0022965, 0.00105164, -0.999997
-0.848576, 0.529072, -0.00139237
0.529069, 0.848576, 0.00210741

41
0.0470422, 0.0266877, 0.0472394
-0.531966, 0.841724, -0.0922709
0.737521, 0.514113, 0.437894
0.416023, 0.164893, -0.894279

42
-0.00298913, -0.0370183, -0.040465
-0.000489062, -0.00863219, 0.999963
-0.994138, 0.108121, 0.000447144
-0.108121, -0.9941, -0.00863446

43
0.0340664, -0.0114882, 0.0681417
-0.00141629, -0.00524677, 0.999985
0.481388, -0.876499, -0.00391707
0.876507, 0.481375, 0.0037671

44
0.00466655, -0.0368282, -0.0637833
-0.00922853, 0.00786624, 0.999926
-0.976677, -0.21459, -0.00732581
0.214516, -0.976673, 0.00966312

45
0.0192346, -0.0328776, 0.0443797
-0.00226532, 0.0125938, 0.999918
-0.825298, -0.564673, 0.00524227
0.564693, -0.825219, 0.0116728

46
0.0208844, 0.0278982, 0.0680933
0.00284101, 0.00158979, -0.999995
-0.750699, 0.660644, -0.00108247
0.660639, 0.750698, 0.00307034

47
0.00720272, -0.0139726, -0.0520995
-0.00710728, -0.00248546, -0.999972
0.888287, 0.459228, -0.00745491
0.459234, -0.888315, -0.00105606

48
0.0304853, -0.0231947, -0.0558521
0.0125917, -0.0271653, 0.999552
-0.553016, -0.833023, -0.015673
0.833075, -0.552571, -0.025512

49
0.0126571, 0.00960839, -0.0427328
0.0090144, -0.0196313, 0.999767
0.663274, -0.748091, -0.0206698
0.748322, 0.663306, 0.00627731

50
-0.0157883, -0.00846088, 0.0888366
-0.531966, 0.841724, -0.0922709
0.102118, -0.0444016, -0.993781
-0.840586, -0.53808, -0.062335

51
-0.0141039, -0.00298731, -0.107917
-0.126931, 0.991639, -0.0232472
0.0995886, -0.0105779, -0.994972
-0.986899, -0.128608, -0.0974133

52
0.0134728, -0.0351625, 0.0234798
-0.0062442, 0.00718778, 0.999955
-0.878634, -0.477492, -0.00205435
0.477456, -0.878607, 0.00929698

53
0.00558185, -0.037127, 0.0526125
0.00724006, -0.00843446, 0.999938
-0.973016, -0.230683, 0.00509932
0.230626, -0.972992, -0.00987702

54
-0.0127445, 0.00102042, 0.0543743
0.168784, 0.985553, 0.0140165
0.917444, -0.162286, 0.363263
0.360289, -0.0484537, -0.931581

55
0.00621337, -0.0158171, -0.0282517
-0.00291668, 0.00323501, -0.999991
0.925209, 0.379455, -0.00147101
0.379447, -0.925205, -0.00409981

56
0.0268271, 0.0245771, 0.00260012
0.00948239, 0.0110214, -0.999894
-0.642526, 0.76626, 0.00235282
0.766205, 0.642436, 0.0143475

57
-0.0172936, -0.0108305, 0.0529999
0.00724006, -0.00843446, 0.999938
-0.585427, 0.810649, 0.0110766
-0.810693, -0.585471, 0.00093139

58
-0.0391712, 0.00705471, -0.0253821
-0.0076918, 0.00322496, 0.999965
0.127366, 0.991853, -0.00221909
-0.991826, 0.127344, -0.00803989

59
-0.011538, -0.00365875, 0.124039
0.151928, -0.988264, -0.0159076
0.458558, 0.0562195, 0.886884
-0.875581, -0.142037, 0.461718

60
-0.00775379, -0.0474308, -0.0951662
-0.135075, 0.352549, -0.925994
0.65902, -0.665906, -0.349658
-0.739897, -0.657479, -0.14239

61
-0.00477962, -0.0379122, 0.0586882
0.00725678, -0.0108123, 0.999915
-0.996567, 0.0823921, 0.0081234
-0.0824729, -0.996541, -0.0101772

62
0.00421061, 0.0124512, 0.068225
-0.00141629, -0.00524677, 0.999985
0.960176, -0.279395, -0.00010604
0.279391, 0.960162, 0.00543353

63
-0.0366283, 0.014566, -0.0672951
-0.0067498, 0.0105194, 0.999922
0.312471, 0.949894, -0.00788384
-0.949903, 0.312394, -0.00969862

64
0.0333448, 0.0165509, 0.0681106
0.00284101, 0.00158979, -0.999995
-0.44074, 0.897635, 0.000174902
0.89763, 0.440737, 0.00325087

65
0.0123479, -0.00689232, 0.0704098
-0.00640134, 0.0128436, -0.999897
0.386808, 0.922113, 0.00936808
0.922138, -0.386709, -0.0108708

66
0.0213724, 0.0284309, -0.0220563
-0.00253363, 0.00685153, -0.999973
-0.765677, 0.643194, 0.00634697
0.64322, 0.765673, 0.00361645

67
-0.0161988, -0.0450087, -0.0950951
0.00560718, 0.371756, -0.928314
0.52869, -0.789077, -0.312803
-0.848797, -0.489036, -0.200968

68
0.0372147, 0.0244491, 0.0653557
0.00091058, 0.00811684, -0.999967
-0.960153, 0.279471, 0.00139417
0.279473, 0.96012, 0.00804789

69
0.0168055, -0.0122079, 0.113788
0.505419, 0.862641, 0.0200608
-0.231322, 0.11306, 0.966285
0.831289, -0.49302, 0.25669

70
-0.025967, 0.0281971, 0.0595568
0.00725678, -0.0108123, 0.999915
0.762996, 0.646401, 0.00145228
-0.646362, 0.762921, 0.0129405

71
-0.0382438, -0.0116287, -0.0431552
0.0022965, 0.00105164, -0.999997
0.225925, -0.974144, -0.000505613
-0.974142, -0.225924, -0.00247472

72
0.0081997, 0.0134201, 0.0443418
-0.862282, 0.504902, -0.0392955
0.491804, 0.816343, -0.302841
-0.120827, -0.28046, -0.95223

73
0.0156963, -0.00391305, 0.00220346
0.00451159, -0.00367124, -0.999983
0.147139, 0.989111, -0.00296749
0.989106, -0.147123, 0.00500265

74
-0.0213842, 0.02999, -0.0645494
-0.00922853, 0.00786624, 0.999926
0.82024, 0.572011, 0.00307025
-0.571945, 0.820208, -0.011731

75
-0.0134089, 0.0337195, -0.042721
0.00072514, 0.00988919, -0.999951
-0.936291, -0.3512, -0.00415223
-0.351223, 0.936248, 0.0090045

76
0.00280408, -0.0366274, 0.0443897
-0.00226532, 0.0125938, 0.999918
-0.978575, -0.205892, 0.000376225
0.20588, -0.978494, 0.0127904

77
-0.00688636, 0.0346752, -0.0518676
0.00147366, 0.00547592, -0.999984
-0.981012, -0.19393, -0.00250766
-0.193941, 0.981, 0.00508615

78
0.0327067, -0.014622, 0.0708687
-0.00281764, 0.0113877, 0.999931
-0.304121, -0.952581, 0.00999152
0.952629, -0.304072, 0.00614727

79
-0.0215697, 0.0292517, 0.0533689
0.00724006, -0.00843446, 0.999938
0.810693, 0.585471, -0.00093139
-0.585427, 0.810649, 0.0110766

80
-0.0062481, -0.0373574, -0.0553653
-0.00241052, -0.00515668, 0.999984
-0.983749, 0.179544, -0.00144552
-0.179533, -0.983736, -0.00550567

81
0.0137273, 0.00735077, -0.0548108
0.0125917, -0.0271653, 0.999552
0.558031, -0.829293, -0.0295678
0.829724, 0.558153, 0.00471689

82
0.0142383, 0.0317121, 0.0323309
0.00268363, 0.00851319, -0.99996
-0.865728, 0.500512, 0.00193774
0.500508, 0.865688, 0.00871329

83
-0.0203949, -0.0325866, -0.0248976
-0.00138739, -0.00468057, -0.999988
0.360603, -0.932711, 0.00386537
-0.932718, -0.360593, 0.00298186

84
-0.0274533, 0.00478826, 0.0810688
-0.228513, -0.973515, 0.00714559
-0.385679, 0.0972649, 0.917492
-0.893887, 0.206903, -0.39769

85
-0.022047, -0.0321534, 0.0532526
-0.00614705, -0.0024272, -0.999978
0.78096, -0.624573, -0.0032847
-0.624551, -0.780963, 0.00573483

86
0.008226, -0.00919015, -0.0450344
-0.754017, -0.649587, 0.0974463
0.631625, -0.67631, 0.379017
-0.180301, 0.347335, 0.920245

87
0.0360807, -0.00259041, 0.0685077
0.0219485, 0.0125425, -0.99968
0.125165, 0.99202, 0.0151945
0.991893, -0.125459, 0.0202035

88
-0.0208692, 0.0305118, -0.0550506
-0.00241052, -0.00515668, 0.999984
0.822565, 0.56865, 0.00491523
-0.568666, 0.822563, 0.00287096

89
0.0228712, 0.0263353, 0.0707692
-0.00640134, 0.0128436, -0.999897
-0.703919, 0.710149, 0.0136283
0.710251, 0.703934, 0.00449492

90
0.0310068, 0.0159679, -0.0282212
-0.00291668, 0.00323501, -0.999991
-0.379447, 0.925205, 0.00409981
0.925209, 0.379455, -0.00147101

91
0.0369958, 0.00228071, 0.00552964
-0.0110372, -0.00172904, 0.999938
0.0997582, -0.995012, -0.000619404
0.99495, 0.0997452, 0.0111546

92
0.00467036, 0.0153152, 0.00519537
-0.0110372, -0.00172904, 0.999938
0.95739, -0.288622, 0.0100685
0.288586, 0.957442, 0.00484093

93
-0.0255789, -0.0213097, 0.101708
0.674775, -0.737651, 0.0234423
-0.0489437, -0.013033, 0.998717
-0.736398, -0.675057, -0.0448977

94
-0.0205107, -0.0334007, -0.0522605
0.00147366, 0.00547592, -0.999984
0.830817, -0.556543, -0.00182327
-0.556544, -0.830801, -0.00536964

95
0.0363198, -0.00585335, 0.041067
0.00976141, 0.00780717, -0.999922
0.197724, 0.980211, 0.00958349
0.980209, -0.197803, 0.00802457

96
0.0375583, 0.00151668, 0.0706986
-0.00281764, 0.0113877, 0.999931
0.0835846, -0.996433, 0.0115834
0.996497, 0.0836115, 0.00185575

97
0.0365919, 0.00476646, -0.0523549
-0.00710728, -0.00248546, -0.999972
-0.0843439, 0.996435, -0.00187719
0.996411, 0.0843282, -0.00729158

98
-0.0350626, 0.0191539, 0.0533815
0.00724006, -0.00843446, 0.999938
0.524949, 0.851127, 0.00337834
-0.851103, 0.524892, 0.0105899

99
-0.0285798, 0.0226274, 0.0702718
-0.00281764, 0.0113877, 0.999931
0.645526, 0.763707, -0.0068785
-0.763733, 0.645463, -0.00950293

100
-0.0285275, -0.0538468, 0.0919451
-0.0577928, -0.255501, -0.96508
0.514781, -0.835895, 0.190473
-0.855371, -0.485797, 0.179836

101
-0.00256428, -0.0368198, -0.0522866
-0.00727427, 0.000264865, -0.999974
0.999683, 0.0240861, -0.00726578
0.0240835, -0.99971, -0.00043999

102
0.00731295, -0.0137788, -0.054504
0.792397, 0.609927, -0.00976752
-0.59406, 0.767948, -0.239476
-0.138562, 0.195563, 0.970853

103
0.0129267, 0.00334332, 0.0171317
-0.0101586, 0.0165313, 0.999812
0.357878, -0.933574, 0.0190723
0.933713, 0.358004, 0.00356761

104
-0.0157566, -0.0356643, -0.0434089
0.00072514, 0.00988919, -0.999951
0.91041, -0.413692, -0.00343107
-0.413706, -0.910363, -0.00930321

105
0.00394428, -0.0380356, 0.00229195
0.00409053, -0.00414567, -0.999983
0.986783, 0.162012, 0.00336487
0.161995, -0.98678, 0.00475359

106
0.0352611, -0.0143627, 0.0138312
0.00316839, -0.00480042, 0.999983
-0.323804, -0.946118, -0.00351588
0.946119, -0.323787, -0.00455207

107
-0.0270954, -0.0295962, -0.0398927
-0.00228939, -0.00165931, -0.999996
0.718255, -0.695779, -0.000489858
-0.695776, -0.718254, 0.00278472

108
0.0224102, -0.030207, 0.0412757
-0.00244798, 0.0118143, 0.999927
-0.725797, -0.687879, 0.00635053
0.687904, -0.725729, 0.0102587

109
-0.0042248, -0.0567483, 0.0730984
0.997192, -0.0720264, -0.0205249
-0.0283594, -0.616788, 0.786618
-0.0693167, -0.783827, -0.617098

110
0.0209844, -0.0316346, 0.0651713
-0.00320832, 0.00210923, 0.999993
-0.778294, -0.627898, -0.00117265
0.627891, -0.778292, 0.0036561

111
0.0366617, -0.000271549, 0.0682042
-0.00141629, -0.00524677, 0.999985
0.109319, -0.993994, -0.00506051
0.994006, 0.109311, 0.00198135

112
0.00179976, 0.0385939, 0.0019847
0.00451159, -0.00367124, -0.999983
-0.989106, 0.147123, -0.00500265
0.147139, 0.989111, -0.00296749

113
0.0151698, 0.00173773, 0.0439345
-0.00226532, 0.0125938, 0.999918
0.20588, -0.978494, 0.0127904
0.978575, 0.205892, -0.000376225

114
-0.0206277, 0.030906, -0.073503
0.0498888, 0.00396804, 0.998747
0.825637, 0.562524, -0.0434766
-0.561992, 0.826771, 0.0247875

115
0.0328959, -0.0178488, -0.00734487
0.0061226, -0.00629475, 0.999961
-0.380692, -0.924695, -0.00349003
0.924682, -0.380656, -0.0080579

116
0.0147471, 0.0155727, 0.00212764
0.00451159, -0.00367124, -0.999983
-0.242576, 0.970121, -0.00465603
0.970122, 0.242593, 0.00348624

117
-0.0224668, 0.0296181, -0.0398993
-0.000489062, -0.00863219, 0.999963
0.779414, 0.626482, 0.00578931
-0.626508, 0.779388, 0.00642167

118
-0.0176312, -0.00839419, -0.0733985
0.0431685, 0.0314858, 0.998572
-0.477732, 0.878477, -0.00704661
-0.877444, -0.476746, 0.0529644

119
0.0272261, -0.00486351, 0.0759708
0.130219, 0.991394, 0.0134713
0.493921, -0.0766455, 0.866122
0.859701, -0.106132, -0.49965

120
0.0301218, 0.0224842, -0.0285314
-0.00803916, -0.00275481, -0.999964
-0.614274, 0.789088, 0.00276456
0.789052, 0.614274, -0.00803581

121
0.0291081, 0.0198666, -0.0523393
-0.00710728, -0.00248546, -0.999972
-0.459234, 0.888315, 0.00105606
0.888287, 0.459228, -0.00745491

122
-0.035044, 0.0197783, -0.000759144
0.00520729, -0.009606, 0.99994
0.489839, 0.871793, 0.00582407
-0.871797, 0.48978, 0.00924508

123
0.0156736, -0.0153545, -0.0815658
-0.148412, -0.359876, 0.92112
-0.0233153, -0.929903, -0.367064
0.988651, -0.0759529, 0.129618

124
-0.0250892, -0.00294707, -0.0223035
0.0110892, 0.00798981, -0.999907
-0.532106, -0.846583, -0.0126658
-0.846605, 0.532197, -0.00513648

125
0.0024916, 0.0202951, 0.0530205
-0.98335, 0.181157, -0.0143339
0.169696, 0.943627, 0.284204
0.0650113, 0.27704, -0.958657

126
-0.0115325, -0.0360628, -0.0399176
-0.00228939, -0.00165931, -0.999996
0.929843, -0.367953, -0.00151824
-0.367949, -0.929843, 0.00238528

127
0.00549116, 0.0372962, 0.0621072
-0.98335, 0.181157, -0.0143339
0.1319, 0.765779, 0.629432
0.125003, 0.617061, -0.776923

128
0.0114646, -0.0328584, -0.0890826
-0.148412, -0.359876, 0.92112
-0.399881, -0.830053, -0.388726
0.904472, -0.42603, -0.0207181

129
-0.0100081, 0.0336134, 0.0594995
0.00725678, -0.0108123, 0.999915
0.952269, 0.30524, -0.00361038
-0.305175, 0.952214, 0.0125112

130
-0.0320484, -0.0211713, -0.0225263
0.0110892, 0.00798981, -0.999907
-0.16762, -0.985804, -0.00973606
-0.985789, 0.167712, -0.00959249

131
-0.00154987, 0.03496, -0.0400583
-0.00228939, -0.00165931, -0.999996
-0.999871, -0.0158917, 0.00231548
-0.0158955, 0.999872, -0.00162271

132
-0.0166715, 0.0021397, 0.065027
-0.228513, -0.973515, 0.00714559
-0.698397, 0.169039, 0.695462
-0.678251, 0.153932, -0.718527

133
-0.0031734, 0.00242852, -0.0557891
-0.754017, -0.649587, 0.0974463
0.514548, -0.49191, 0.702329
-0.408289, 0.579708, 0.705151

134
-0.0350277, -0.0214052, 0.0533063
-0.00614705, -0.0024272, -0.999978
0.482507, -0.875892, -0.000840047
-0.87587, -0.482502, 0.00655529

135
-0.0237448, -0.0133675, -0.0249829
-0.00138739, -0.00468057, -0.999988
-0.0237824, -0.999706, 0.00471224
-0.999716, 0.0237886, 0.00127566

136
0.00138829, 0.0349691, 0.064968
-0.00320832, 0.00210923, 0.999993
0.994323, -0.106345, 0.00341444
0.106351, 0.994327, -0.00175607

137
0.0351203, 0.0050141, -0.0067026
-0.00111395, -0.0073306, 0.999973
0.22713, -0.97384, -0.00688601
0.973864, 0.227116, 0.00274981

138
0.00286284, -0.0156215, 0.0406642
0.00976141, 0.00780717, -0.999922
0.981261, 0.192365, 0.0110812
0.192436, -0.981292, -0.00578312

139
0.00343822, -0.0147828, 0.067638
0.0219485, 0.0125425, -0.99968
0.964288, 0.263721, 0.0244802
0.263944, -0.964517, -0.00630632

140
-0.0358569, 0.00714859, 0.111924
-0.26293, -0.964747, -0.0114754
0.208764, -0.0685002, 0.975564
-0.941958, 0.25411, 0.219415

141
0.0159208, -0.0572683, -0.0512639
-0.950084, -0.311848, -0.00957831
0.271569, -0.811473, -0.517457
0.153596, -0.494229, 0.855656

142
0.0177112, 0.0261363, 0.0528667
-0.00614705, -0.0024272, -0.999978
-0.993846, -0.110584, 0.00637777
-0.110597, 0.993864, -0.0017325

143
-0.00124332, 0.0384246, -0.02842
-0.00754166, -0.00337312, -0.999966
-0.997891, 0.0644997, 0.00730844
0.0644729, 0.997912, -0.00385244

144
-0.00825712, 0.0343805, -0.0537993
0.0125917, -0.0271653, 0.999552
0.980115, 0.19831, -0.00695728
-0.198032, 0.979763, 0.0291222

145
0.00107468, -0.0365205, -0.0434052
0.00072514, 0.00988919, -0.999951
0.999428, -0.0338206, 0.000390285
-0.0338151, -0.999379, -0.00990806

146
-0.00243009, 0.0346188, 0.040449
-0.00244798, 0.0118143, 0.999927
0.999638, -0.0267639, 0.0027635
0.0267946, 0.999572, -0.0117445

147
0.0239824, -0.0224137, -0.0664969
-0.0067498, 0.0105194, 0.999922
-0.997174, -0.0748947, -0.00594334
0.0748263, -0.997136, 0.0109952

148
0.0155802, 0.0145437, 0.00212157
0.00409053, -0.00414567, -0.999983
-0.161995, 0.98678, -0.00475359
0.986783, 0.162012, 0.00336487

149
-0.0148322, -0.0338307, 0.0702378
-0.00640134, 0.0128436, -0.999897
0.925565, 0.378588, -0.00106255
0.378535, -0.925476, -0.014311

150
-0.017771, -0.0101575, -0.0642002
-0.00922853, 0.00786624, 0.999926
-0.571945, 0.820208, -0.011731
-0.82024, -0.572011, -0.00307025

151
0.00685648, -0.0227169, 0.00224036
0.00409053, -0.00414567, -0.999983
0.583213, 0.812318, -0.000981973
0.812309, -0.583199, 0.00574062

152
0.0289601, -0.0213798, -0.066524
-0.00994446, -0.00696893, 0.999926
-0.447188, -0.894376, -0.0106807
0.894385, -0.447261, 0.00577767

153
0.0370777, -0.00234668, 0.0750419
-0.018737, 0.0938892, 0.995406
0.00513135, -0.995559, 0.0940002
0.999811, 0.00686906, 0.018172

154
0.0371942, -0.0153785, 0.00550129
-0.0110372, -0.00172904, 0.999938
-0.288586, -0.957442, -0.00484093
0.95739, -0.288622, 0.0100685

155
0.00494098, 0.0350562, 0.0434917
-0.00226532, 0.0125938, 0.999918
0.982872, -0.184233, 0.0045471
0.184276, 0.982802, -0.0119608

156
-0.00741872, -0.0113348, 0.068994
-0.862282, 0.504902, -0.0392955
0.26232, 0.378926, -0.88747
-0.433195, -0.775557, -0.459187

157
0.0324602, 0.0119389, 0.02558
-0.00625777, 0.00589743, -0.999963
-0.291235, 0.956622, 0.00746437
0.956631, 0.291271, -0.00426878

158
-0.0184041, 0.00272979, 0.0748705
0.0774845, -0.0946942, -0.992486
-0.293213, -0.953619, 0.0680943
-0.952902, 0.285734, -0.101656

159
-0.00101587, -0.0374017, -0.00715459
0.000506867, -0.00247268, 0.999997
-0.999987, 0.00514488, 0.000519583
-0.00514615, -0.999984, -0.00247004

160
-0.00156879, 0.000450024, 0.0550276
-0.894393, -0.447009, 0.0156303
-0.416209, 0.818952, -0.395079
0.163803, -0.359862, -0.918514

161
0.00764583, -0.0120158, -0.0162083
0.00278864, 0.00554157, -0.999981
0.84918, 0.528077, 0.00529454
0.528096, -0.849179, -0.00323317

162
-0.0264597, -0.0290181, 0.0648637
0.00091058, 0.00811684, -0.999967
0.109235, -0.993984, -0.00796881
-0.994016, -0.109224, -0.00179175

163
0.0141261, -0.00419165, -0.0753555
0.17587, -0.100493, -0.979271
0.227764, 0.971937, -0.0588362
0.957702, -0.212695, 0.193823

164
-0.00125092, -0.0221466, -0.00133788
0.00520729, -0.009606, 0.99994
-0.871797, 0.48978, 0.00924508
-0.489839, -0.871793, -0.00582407

165
-0.00194893, -0.00434223, -0.0670053
-0.997735, -0.0639855, 0.0207474
0.0629141, -0.778565, 0.624402
-0.0237994, 0.624293, 0.780827

166
0.00436696, -0.0376744, 0.0677139
0.00162295, 0.00682926, -0.999975
0.985201, 0.171383, 0.00276942
0.171398, -0.985181, -0.00645004

167
-0.00319298, 0.0357782, 0.0558099
-0.00861601, -0.00788755, -0.999932
-0.999899, 0.0113273, 0.00852638
0.0112593, 0.999905, -0.00798436

168
-0.0161112, -0.037257, -0.10872
0.140541, 0.609473, -0.78025
0.512603, -0.719017, -0.469311
-0.847046, -0.334001, -0.413469

169
0.0305441, 0.020634, -0.025356
-0.00529705, 0.000539328, -0.999986
-0.502538, 0.864549, 0.00312829
0.864539, 0.502548, -0.00430852

170
-0.039, 0.0130766, 0.0869704
-0.382817, -0.923617, -0.0195918
-0.265599, 0.0897228, 0.9599
-0.884821, 0.372669, -0.279659

171
-0.00261415, 0.0361116, 0.041234
-0.0031732, 0.00373223, -0.999988
-0.999736, 0.0227261, 0.00325722
0.022738, 0.999735, 0.00365913

172
0.0185153, -0.00498067, 0.0999088
0.168784, 0.985553, 0.0140165
0.0182266, -0.0173389, 0.999684
0.985484, -0.168476, -0.0208898

173
0.0371355, 0.000268954, -0.0282898
-0.00291668, 0.00323501, -0.999991
0.00349919, 0.999989, 0.0032248
0.99999, -0.00348975, -0.00292797

174
0.0115702, 0.00126088, 0.0379375
-0.00244591, 0.0104569, 0.999942
0.256344, -0.966526, 0.0107345
0.966583, 0.256356, -0.000316526

175
-0.0113934, -0.00373674, 0.0676547
0.246517, -0.969123, -0.00555191
-0.527984, -0.139104, 0.837784
-0.812688, -0.203597, -0.545973

176
-0.0314515, 0.0236023, -0.0738099
0.0431685, 0.0314858, 0.998572
0.627832, 0.776634, -0.0516293
-0.777151, 0.629164, 0.0137584

177
-0.00243718, 0.0346234, 0.0164584
-0.0101586, 0.0165313, 0.999812
0.999592, -0.0265102, 0.0105947
0.0266803, 0.999512, -0.0162553

178
0.0143258, 0.0370514, 0.00261906
0.00948239, 0.0110214, -0.999894
-0.886831, 0.462082, -0.00331683
0.461997, 0.886769, 0.0141558

179
-0.0226371, 0.0576049, 0.0139511
0.000119158, 0.000232463, 1
0.603235, 0.797563, -0.000257284
-0.797563, 0.603235, -4.51941e-05

180
0.0125033, 0.0091674, 0.0735779
-0.0238097, 0.217227, 0.975831
0.666366, -0.724197, 0.17747
0.745245, 0.654486, -0.127509

181
-0.0251877, -0.00310329, -0.0431163
0.0022965, 0.00105164, -0.999997
-0.529069, -0.848576, -0.00210741
-0.848576, 0.529072, -0.00139237

182
0.0135712, 0.0165578, -0.028458
-0.00754166, -0.00337312, -0.999966
-0.322311, 0.946633, -0.000762369
0.946604, 0.322294, -0.00822638

183
-0.0129207, -0.0124351, 0.0139662
0.000119158, 0.000232463, 1
-0.797563, 0.603235, -4.51941e-05
-0.603235, -0.797563, 0.000257284

184
-0.00238599, 7.80618e-05, -0.0665967
-0.955849, 0.287075, 0.0627704
-0.251164, -0.687239, -0.68163
-0.152541, -0.667301, 0.729

185
-0.00521132, -0.00114994, -0.0698382
-0.328636, 0.944295, 0.0174662
-0.575262, -0.185469, -0.796665
-0.749047, -0.271861, 0.604169

186
0.022313, 0.0609719, 0.0609402
-0.93338, 0.353224, -0.0635184
0.222696, 0.708824, 0.66931
0.281439, 0.610575, -0.740263

187
-0.0485345, 0.00236346, -0.0272207
0.00939002, -0.0140303, 0.999857
0.698539, 0.715563, 0.00348075
-0.71551, 0.698407, 0.0165199

188
0.00613456, 0.0135634, 0.0729588
-0.018737, 0.0938892, 0.995406
0.925669, -0.374638, 0.0527611
0.37787, 0.922405, -0.0798907

189
0.00820436, -0.0348942, 0.0109963
-0.00105885, 0.00104556, 0.999999
-0.961167, -0.275967, -0.000729188
0.275966, -0.961166, 0.00129717

190
0.0155011, 0.0150123, 0.0680918
0.00162295, 0.00682926, -0.999975
-0.171398, 0.985181, 0.00645004
0.985201, 0.171383, 0.00276942

191
0.000606618, -7.19742e-06, -0.0673661
0.581142, -0.813774, 0.00668087
0.583465, 0.41092, -0.70051
0.567312, 0.410994, 0.713612

192
-0.0226535, -0.00991391, 0.0522969
-0.00569134, -0.0118715, 0.999913
-0.867221, 0.497922, 0.000975523
-0.497891, -0.86714, -0.0131291

193
0.0231396, -0.0045542, 0.0139167
0.00316839, -0.00480042, 0.999983
0.440043, -0.897959, -0.0057049
0.897971, 0.440054, -0.000732695

194
-0.0390418, 0.0264519, 0.0701911
0.0394328, 0.270602, 0.961883
0.973409, 0.20699, -0.0981368
-0.225656, 0.940175, -0.255244

195
0.0162207, -0.0158824, 0.0174831
-0.0101586, 0.0165313, 0.999812
-0.0266803, -0.999512, 0.0162553
0.999592, -0.0265102, 0.0105947

196
-0.0135183, -0.0332766, -0.052206
-0.00727427, 0.000264865, -0.999974
0.914371, 0.404825, -0.00654433
0.404813, -0.914394, -0.00318699

197
-0.00352652, 0.00017097, -0.0627813
0.792397, 0.609927, -0.00976752
-0.495814, 0.634653, -0.592776
-0.355351, 0.474557, 0.805308

198
0.0218842, 0.00132048, -0.0160947
0.00278864, 0.00554157, -0.999981
0.582447, 0.812846, 0.0061288
0.812864, -0.582452, -0.000960932

199
-0.0350258, -0.0213258, 0.0649184
0.00091058, 0.00811684, -0.999967
0.481313, -0.876523, -0.00667655
-0.876548, -0.481291, -0.00470489

200
-0.010156, 0.0174896, 0.050964
-0.894393, -0.447009, 0.0156303
-0.447211, 0.894326, -0.0135055
-0.00794151, -0.0190693, -0.999787

201
-0.0130642, -0.010963, 0.067056
0.674775, -0.737651, 0.0234423
-0.555321, -0.486553, 0.674452
-0.486104, -0.468122, -0.737947

202
0.0225596, 0.00528931, 0.0680621
0.00284101, 0.00158979, -0.999995
0.323071, 0.946372, 0.00242239
0.946371, -0.323076, 0.00217504

203
-0.016819, 0.0157857, -0.0736332
0.0498888, 0.00396804, 0.998747
0.186425, 0.98238, -0.0132152
-0.981202, 0.186851, 0.04827

204
0.021393, -0.00732221, -0.00720817
0.0061226, -0.00629475, 0.999961
0.384659, -0.923023, -0.00816562
0.923039, 0.384694, -0.00322997

205
-0.0248173, 0.00764473, 0.0109169
-0.00105885, 0.00104556, 0.999999
-0.275966, 0.961166, -0.00129717
-0.961167, -0.275967, -0.000729188

206
-0.015562, -0.00635522, -0.0628248
-0.428634, 0.903477, 0.00184727
-0.727263, -0.343819, -0.594034
-0.536061, -0.255966, 0.804438

207
0.0245527, 0.0379618, 0.0748627
0.0774845, -0.0946942, -0.992486
-0.992574, -0.100951, -0.0678595
-0.0937662, 0.990375, -0.101813

208
0.0190472, 0.0110653, 0.0023774
0.00948239, 0.0110214, -0.999894
0.0874538, 0.996099, 0.0118089
0.996123, -0.0875565, 0.00848153

209
0.0144625, -0.0307793, -0.0637405
-0.00922853, 0.00786624, 0.999926
-0.984424, 0.175501, -0.0104661
-0.175571, -0.984448, 0.00612409

210
-0.0334242, -0.0147625, -0.0956078
-0.428634, 0.903477, 0.00184727
-0.135201, -0.0621209, -0.988869
-0.893305, -0.424112, 0.148778

211
-0.00916691, 0.019889, 0.0739545
0.0774845, -0.0946942, -0.992486
-0.635553, -0.771683, 0.0240088
-0.768159, 0.628918, -0.119977

212
-0.0350335, 0.019425, 0.0108937
-0.00105885, 0.00104556, 0.999999
0.48451, 0.874786, -0.000401621
-0.874785, 0.484509, -0.00143285

213
0.0245771, -0.0214768, -0.0461265
-0.00197037, -0.0020488, 0.999996
-0.978398, -0.206718, -0.00235134
0.206722, -0.978399, -0.00159724

214
0.0340024, -0.0175723, 0.0492494
0.127505, -0.783777, 0.607812
-0.987256, -0.159129, 0.00190595
0.0952267, -0.600309, -0.794079

215
0.00189141, -0.000331255, -0.0631274
0.182243, -0.983231, -0.00665263
0.784302, 0.149445, -0.60211
0.593007, 0.104513, 0.798385

216
-0.0150052, 0.0168063, 0.020145
0.000871266, -0.00919849, 0.999957
0.327285, 0.944888, 0.00840675
-0.944925, 0.327264, 0.00383377

217
-0.0217521, 0.0263435, -0.042094
0.0090144, -0.0196313, 0.999767
0.998149, -0.0599521, -0.010177
0.0601379, 0.998008, 0.0190545

218
-0.00708857, 0.000988943, 0.124885
-0.531966, 0.841724, -0.0922709
-0.522176, -0.411876, -0.746787
-0.666592, -0.349083, 0.658632

219
0.011186, -0.0197384, 0.0233547
-0.0062442, 0.00718778, 0.999955
-0.283676, -0.958907, 0.00512131
0.9589, -0.283631, 0.0080266

220
-0.00317212, -0.000729904, -0.0713132
-0.126931, 0.991639, -0.0232472
-0.627424, -0.0984195, -0.772433
-0.768263, -0.0834601, 0.63467

221
-0.000779308, -0.00148347, 0.0539649
0.0839135, -0.996243, -0.021427
-0.996473, -0.0839029, -0.00139613
-0.000406899, 0.0214686, -0.999769

222
-0.0169695, -0.00665107, -0.0010574
0.000317522, -0.0013303, 0.999999
-0.381883, 0.92421, 0.00135073
-0.924211, -0.381883, -0.000214562

223
0.0218561, 0.00926251, -0.0284285
-0.00803916, -0.00275481, -0.999964
0.123586, 0.992327, -0.00372733
0.992301, -0.123612, -0.00763701

224
-0.00282668, -0.00059941, 0.052666
0.130219, 0.991394, 0.0134713
0.957155, -0.129243, 0.259135
0.258646, -0.0208503, -0.965747

225
-0.0115418, -0.0193786, -0.0519528
-0.00710728, -0.00248546, -0.999972
0.996411, 0.0843282, -0.00729158
0.0843439, -0.996435, 0.00187719

226
0.0161356, -0.00278188, -0.0284121
-0.00754166, -0.00337312, -0.999966
0.0644729, 0.997912, -0.00385244
0.997891, -0.0644997, -0.00730844

227
-0.0207525, -0.0153515, -0.0399309
-0.00228939, -0.00165931, -0.999996
0.0158955, -0.999872, 0.00162271
-0.999871, -0.0158917, 0.00231548

228
-0.00263205, -0.0217844, -0.0252031
-0.00529705, 0.000539328, -0.999986
0.864539, 0.502548, -0.00430852
0.502538, -0.864549, -0.00312829

229
0.018521, -0.010043, 0.0529584
-0.382817, -0.923617, -0.0195918
-0.884821, 0.372669, -0.279659
0.265599, -0.0897228, -0.9599

230
0.0209413, 0.00606859, 0.0560659
0.00394557, -0.00533043, 0.999978
0.832504, -0.553985, -0.00623781
0.554006, 0.83251, 0.00225182

231
0.000610889, 0.015394, -0.0645811
0.140541, 0.609473, -0.78025
-0.847046, -0.334001, -0.413469
-0.512603, 0.719017, 0.469311

232
-0.0318576, -0.0255083, 0.0651424
-0.00335068, 0.00113168, -0.999994
0.585446, -0.810706, -0.00287912
-0.810705, -0.585452, 0.00205388

233
0.0196421, 0.00690331, -0.006706
-0.00111395, -0.0073306, 0.999973
0.849231, -0.528014, -0.00292474
0.528021, 0.849204, 0.00681356

234
-0.0169464, 0.0154203, -0.055119
-0.00241052, -0.00515668, 0.999984
0.179533, 0.983736, 0.00550567
-0.983749, 0.179544, -0.00144552

235
-0.0129339, -0.0195563, -0.0282079
-0.00291668, 0.00323501, -0.999991
0.99999, -0.00348975, -0.00292797
-0.00349919, -0.999989, -0.0032248

236
-0.0316703, 0.00431005, 0.0509691
0.168784, 0.985553, 0.0140165
0.985484, -0.168476, -0.0208898
-0.0182266, 0.0173389, -0.999684

237
0.0218909, 0.0061486, 0.0053696
-0.0110372, -0.00172904, 0.999938
0.774076, -0.633049, 0.0074495
0.632997, 0.77411, 0.00832547

238
-0.0164262, 0.00246958, 0.0600865
-0.26293, -0.964747, -0.0114754
-0.790365, 0.208553, 0.576045
-0.553345, 0.16053, -0.817337

239
-0.0207583, 0.0127003, -0.0070207
0.000506867, -0.00247268, 0.999997
0.00514615, 0.999984, 0.00247004
-0.999987, 0.00514488, 0.000519583

240
0.00411975, 0.00402051, 0.0650315
0.740937, -0.670132, -0.0439947
-0.427936, -0.420633, -0.799962
0.517574, 0.611548, -0.598436

241
0.00087588, 0.000677742, -0.0657379
0.627784, -0.7783, 0.0116266
0.585686, 0.462476, -0.665648
0.512697, 0.424693, 0.746176

242
0.00136736, -0.0228699, 0.00183568
0.00948239, 0.0110214, -0.999894
0.766205, 0.642436, 0.0143475
0.642526, -0.76626, -0.00235282

243
-0.00780947, -0.00184103, -0.06751
-0.233543, 0.972172, -0.0184192
-0.629572, -0.165623, -0.759083
-0.74101, -0.165683, 0.650733

244
-0.0207589, 0.0124864, -0.00103074
0.000317522, -0.0013303, 0.999999
0.000865889, 0.999999, 0.00133002
-1, 0.000865466, 0.000318673

245
-0.00634438, -0.0362417, 0.0316971
0.00268363, 0.00851319, -0.99996
0.793709, 0.608254, 0.00730849
0.608292, -0.793697, -0.00512467

246
-0.0234356, -0.0586327, -0.0431707
0.0022965, 0.00105164, -0.999997
0.581516, -0.813535, 0.000479908
-0.813532, -0.581515, -0.00247983

247
-0.0350419, 0.0201163, -0.0645977
-0.00922853, 0.00786624, 0.999926
0.538929, 0.84235, -0.00165273
-0.842301, 0.538874, -0.012013

248
0.00911637, -0.0222789, 0.0022412
0.00451159, -0.00367124, -0.999983
0.514453, 0.857518, -0.000827169
0.857507, -0.514441, 0.00575745

249
-0.0139382, 0.0172648, 0.0703742
-0.00281764, 0.0113877, 0.999931
0.996497, 0.0836115, 0.00185575
-0.0835846, 0.996433, -0.0115834

250
-0.00220702, -0.0234626, 0.0543244
0.997192, -0.0720264, -0.0205249
-0.0690675, -0.990384, 0.119869
-0.0289612, -0.118115, -0.992578

251
0.0107066, -0.00769854, -0.0751867
0.0761542, -0.243865, -0.966815
0.553573, 0.816808, -0.162424
0.829312, -0.522833, 0.1972

252
-0.0166428, -0.0344227, -0.0399087
-0.00228939, -0.00165931, -0.999996
0.39732, -0.91768, 0.000613095
-0.917677, -0.397317, 0.0027602

253
-0.0239418, -0.0598832, 0.03849
-0.00244591, 0.0104569, 0.999942
-0.966583, -0.256356, 0.000316526
0.256344, -0.966526, 0.0107345

254
0.00937506, 0.0313271, -0.0400773
-0.00228939, -0.00165931, -0.999996
-0.917677, -0.397317, 0.0027602
-0.39732, 0.91768, -0.000613095

255
0.00465051, 0.0106947, -0.066774
0.901165, -0.433208, 0.0152484
0.323803, 0.649359, -0.688102
0.288189, 0.625031, 0.725454

256
-0.0231203, -0.0125929, 0.0651277
-0.00335068, 0.00113168, -0.999994
-0.159282, -0.987233, -0.000583536
-0.987227, 0.159279, 0.00348816

257
-0.0181154, 0.0131351, -0.00670238
-0.00111395, -0.0073306, 0.999973
0.973864, 0.227116, 0.00274981
-0.22713, 0.97384, 0.00688601

258
0.00116363, -0.00227308, -0.0666661
0.693759, 0.719261, 0.0369039
-0.499906, 0.444029, 0.743594
0.518452, -0.534324, 0.667612

259
-0.00830107, 0.0215926, 0.0411979
-0.0031732, 0.00373223, -0.999988
-0.722999, -0.690849, -0.000284193
-0.690842, 0.722989, 0.00489059

260
-0.0241033, 0.0212507, -0.050153
0.693759, 0.719261, 0.0369039
-0.720088, 0.6918, 0.0537273
0.0131139, -0.0638478, 0.997873

261
-0.0237458, -0.0134206, 0.0411162
-0.0031732, 0.00373223, -0.999988
-0.022738, -0.999735, -0.00365913
-0.999736, 0.0227261, 0.00325722

262
0.0220117, 0.000199925, -0.0664427
-0.00994446, -0.00696893, 0.999926
0.655172, -0.755478, 0.00125055
0.755414, 0.655136, 0.0120787

263
0.0313469, 0.016223, 0.0422643
-0.531966, 0.841724, -0.0922709
0.840586, 0.53808, 0.062335
0.102118, -0.0444016, -0.993781

264
0.0350325, 0.0138179, -0.0569048
-0.353725, 0.935258, -0.0130921
-0.865023, -0.321772, 0.384966
0.35583, 0.147497, 0.922838

265
-0.01461, -0.0193203, 0.0256902
-0.00625777, 0.00589743, -0.999963
0.995263, -0.096984, -0.00680033
-0.0970205, -0.995268, -0.00526259

266
0.0209053, -0.0298409, -0.0435818
0.0090144, -0.0196313, 0.999767
-0.748322, -0.663306, -0.00627731
0.663274, -0.748091, -0.0206698

267
-0.0159093, -0.00559859, -0.0676058
-0.353725, 0.935258, -0.0130921
-0.659773, -0.259406, -0.705271
-0.663007, -0.240834, 0.708817

268
0.0115448, 0.016354, 0.0321929
0.00268363, 0.00851319, -0.99996
-0.258249, 0.966049, 0.00753141
0.966075, 0.258218, 0.00479104

269
0.0162229, -0.0158951, 0.0410915
-0.00244798, 0.0118143, 0.999927
-0.0267946, -0.999572, 0.0117445
0.999638, -0.0267639, 0.0027635

270
0.0153846, -0.0177686, 0.0441807
-0.00226532, 0.0125938, 0.999918
-0.184276, -0.982802, 0.0119608
0.982872, -0.184233, 0.0045471

271
0.0224515, -0.00180474, -0.0522381
-0.00710728, -0.00248546, -0.999972
0.644929, 0.764215, -0.0064833
0.764209, -0.644957, -0.00382855

272
-0.00303125, 0.0199784, 0.0650973
-0.00335068, 0.00113168, -0.999994
-0.810705, -0.585452, 0.00205388
-0.585446, 0.810706, 0.00287912

273
-0.0333799, 0.0163199, -0.00669603
-0.00111395, -0.0073306, 0.999973
0.528021, 0.849204, 0.00681356
-0.849231, 0.528014, 0.00292474

274
-0.010635, -0.00726253, 0.0700586
-0.531966, 0.841724, -0.0922709
0.416023, 0.164893, -0.894279
-0.737521, -0.514113, -0.437894

275
-0.00844223, -0.00270023, -0.126585
-0.126931, 0.991639, -0.0232472
0.469678, 0.0394436, -0.881956
-0.873665, -0.122867, -0.470758

276
0.0225002, -0.00723026, -0.0431522
0.0090144, -0.0196313, 0.999767
0.326415, -0.944982, -0.0214986
0.945184, 0.326533, -0.00211051

277
-0.0315153, -0.0552796, 0.0233435
-0.0062442, 0.00718778, 0.999955
-0.994466, -0.104917, -0.00545577
0.104873, -0.994455, 0.00780312

278
0.00343877, -0.00190038, 0.0648706
0.168784, 0.985553, 0.0140165
0.709731, -0.131391, 0.692112
0.683955, -0.10687, -0.721654

279
0.0224723, -0.00503522, -0.0282642
-0.00291668, 0.00323501, -0.999991
0.709574, 0.704631, 0.000209893
0.704625, -0.709566, -0.00435067

280
-0.0168096, -0.0182534, -0.0521721
0.00147366, 0.00547592, -0.999984
0.193941, -0.981, -0.00508615
-0.981012, -0.19393, -0.00250766

281
-0.0258855, 0.00214288, 0.0139643
0.000119158, 0.000232463, 1
-0.506004, 0.862531, -0.000140212
-0.862531, -0.506004, 0.000220404

282
-0.0247849, -0.00964846, 0.0532148
-0.00614705, -0.0024272, -0.999978
-0.27815, -0.960529, 0.00404129
-0.960518, 0.278169, 0.0052293

283
0.0116364, 0.00685228, -0.0591813
0.598993, -0.800196, 0.0299021
0.711233, 0.514499, -0.478997
0.367907, 0.308183, 0.877307

284
-0.000775248, -0.0040629, 0.0558086
0.997192, -0.0720264, -0.0205249
-0.074893, -0.960196, -0.269099
-0.000325711, 0.26988, -0.962894

285
0.0162395, 0.0122234, 0.0706304
-0.00640134, 0.0128436, -0.999897
0.0044774, 0.999908, 0.012815
0.999969, -0.0043949, -0.00645826

286
-0.0174658, 0.0148492, -0.0400243
-0.000489062, -0.00863219, 0.999963
0.108121, 0.9941, 0.00863446
-0.994138, 0.108121, 0.000447144

287
-0.00306216, 0.00817889, -0.0819246
-0.997735, -0.0639855, 0.0207474
0.0490174, -0.480394, 0.875682
-0.046064, 0.874716, 0.482442

288
0.0172945, -0.0282, -0.00149261
0.00520729, -0.009606, 0.99994
-0.992889, 0.118876, 0.00631256
-0.11893, -0.992863, -0.00891867

289
-0.0145735, -0.0201169, -0.0432543
0.00072514, 0.00988919, -0.999951
0.351223, -0.936248, -0.0090045
-0.936291, -0.3512, -0.00415223

290
-0.00189853, 0.0339722, -0.0427102
0.00072514, 0.00988919, -0.999951
-0.730613, -0.682753, -0.00728203
-0.682791, 0.730582, 0.00673008

291
-0.0088872, -0.0219894, -0.0552924
-0.00241052, -0.00515668, 0.999984
-0.568666, 0.822563, 0.00287096
-0.822565, -0.56865, -0.00491523

292
0.0225174, 0.00562845, 0.0706094
-0.00281764, 0.0113877, 0.999931
0.763733, -0.645463, 0.00950293
0.645526, 0.763707, -0.0068785

293
-0.0122821, -0.00978775, -0.0558412
0.627784, -0.7783, 0.0116266
0.737304, 0.589795, -0.329429
0.249538, 0.215383, 0.944109

294
-0.0157388, -0.032246, 0.00157011
0.00948239, 0.0110214, -0.999894
0.953765, 0.300299, 0.012355
0.300403, -0.953782, -0.00766428

295
0.00512445, -0.0355642, -0.0553287
