0
-0.0145654, 0.00868437, -0.0227721
-0.0110742, 0.00513239, -0.999926
-0.660256, -0.751032, 0.00345747
-0.750959, 0.660246, 0.0117058

1
0.00177139, -0.000349168, 0.067994
-0.407852, 0.913006, 0.00873565
0.635306, 0.276902, 0.720911
0.655777, 0.299575, -0.692973

2
0.0157182, 0.00180611, -0.00845203
0.00235787, -0.00440601, 0.999988
0.102671, -0.994705, -0.00462482
0.994713, 0.10268, -0.00189301

3
-0.0168111, -0.00540116, -0.0594104
9.91049e-05, -0.00286922, 0.999996
-0.401466, 0.91587, 0.00266763
-0.915874, -0.401465, -0.00106113

4
-0.0147352, 0.00848775, -0.0346448
-0.00933799, 0.0109787, -0.999896
-0.656402, -0.754409, -0.00215316
-0.754354, 0.656313, 0.0142511

5
-0.0159371, 0.0036265, 0.0641193
-0.0094619, 0.00235223, -0.999952
-0.43909, -0.898441, 0.00204138
-0.898393, 0.439088, 0.0095338

6
0.0091095, -0.0165506, -0.0120157
-0.00230195, 0.013891, -0.999901
0.864551, 0.50252, 0.00499082
0.502539, -0.864454, -0.0131662

7
0.0148114, 0.00466302, 0.0723564
0.00426667, 0.00453388, 0.999981
0.399837, -0.916583, 0.00244976
0.916576, 0.399819, -0.00572357

8
-0.00510156, 0.0126352, 0.0466044
-0.00593481, 0.018418, -0.999813
-0.979433, -0.201759, 0.00209715
-0.201682, 0.979262, 0.0192366

9
0.0180233, -0.0326029, 0.0174658
0.00746331, -0.0299837, 0.999523
-0.845914, -0.533231, -0.00967954
0.533266, -0.845438, -0.0293433

10
-0.0219622, -0.0512771, -0.0585555
-0.930684, 0.363715, -0.0392196
-0.319098, -0.859559, -0.399168
-0.178895, -0.358985, 0.916038

11
-0.00802604, -0.0156057, -0.0685294
0.0080417, -0.00572969, 0.999951
-0.965529, 0.260131, 0.00925542
-0.260172, -0.965556, -0.00344028

12
0.00530237, -0.0368401, 0.0417788
0.0129805, -0.0207663, 0.9997
-0.984146, -0.177126, 0.00909917
0.176884, -0.983969, -0.0227363

13
-0.0167269, 0.00194844, -0.0108782
-0.00664103, 0.0138045, -0.999883
-0.225633, -0.974139, -0.0119505
-0.97419, 0.225527, 0.00958404

14
0.00217257, -0.00219989, 0.0504378
-0.0348482, -0.999254, -0.0166683
-0.983737, 0.031357, 0.176854
-0.1762, 0.0225603, -0.984096

15
0.012951, -0.00210353, 0.0695939
0.000425498, 0.0393893, -0.999224
0.0355232, 0.998593, 0.0393795
0.999369, -0.0355124, -0.000974333

16
-0.0100707, -0.0156765, 0.00612484
0.00224665, -0.0124599, 0.99992
-0.907028, 0.421008, 0.00728407
-0.421065, -0.906971, -0.0103556

17
0.0117629, 0.00477582, -0.0173321
0.00409348, -0.0105777, 0.999936
0.402054, -0.915546, -0.0113309
0.915607, 0.402075, 0.000505045

18
-0.00937011, -0.0129932, -0.0480294
-0.0108575, -0.0098747, 0.999892
-0.91334, 0.407155, -0.00589672
-0.407053, -0.913306, -0.0134397

19
0.0126733, -0.0121777, -0.0119044
-0.00111042, 0.015375, -0.999881
0.657085, 0.753738, 0.0108604
0.753816, -0.656995, -0.0109396

20
0.0129438, -0.0021181, 0.0718252
-0.0149709, 0.0384047, -0.99915
0.0364012, 0.998621, 0.0378389
0.999225, -0.0358038, -0.0163482

21
-0.0159317, 0.0059247, 0.0373418
-0.00473063, 0.0183756, -0.99982
-0.545211, -0.838201, -0.0128255
-0.838285, 0.545052, 0.0139838

22
-0.00419432, -0.00286579, 0.0535492
-0.273479, 0.961697, 0.0186699
0.945553, 0.265226, 0.18864
0.176463, 0.0692424, -0.981869

23
0.0157531, 0.00145522, -0.00546318
0.00257251, -0.00464926, 0.999986
0.0956514, -0.995403, -0.00487402
0.995412, 0.0956626, -0.00211598

24
-0.0113525, 0.0108568, 0.0346142
-0.00592834, 0.0195077, -0.999792
-0.823902, -0.566698, -0.00617188
-0.566701, 0.823695, 0.019432

25
0.0309271, -0.0164079, -0.0686847
0.0141137, -0.0210494, 0.999679
-0.391311, -0.920154, -0.0138503
0.92015, -0.390989, -0.0212236

26
-0.0155681, -0.0328778, 0.0600715
-0.00379179, 0.0107786, -0.999935
0.951059, 0.30901, -0.000275526
0.308987, -0.950998, -0.0114228

27
-0.0286124, -0.0255838, 0.0416336
0.000127292, 0.0182143, -0.999834
0.648649, -0.760963, -0.0137801
-0.761087, -0.64854, -0.0119116

28
0.0539978, -0.00167614, -0.0707709
0.0293617, 0.999539, 0.00776447
-0.67163, 0.0139751, 0.740755
0.740305, -0.0269647, 0.671731

29
-0.0352413, 0.0496017, 0.0716116
0.000425498, 0.0393893, -0.999224
-0.999369, 0.0355124, 0.000974333
0.0355232, 0.998593, 0.0393795

30
0.0372573, -0.000790757, -0.0684452
0.0141137, -0.0210494, 0.999679
-0.00939743, -0.999737, -0.0209179
0.999856, -0.00909918, -0.0143078

31
-0.00503462, -0.0375242, 0.0599814
-0.00379179, 0.0107786, -0.999935
0.996908, -0.0784432, -0.00462588
-0.078488, -0.99686, -0.0104479

32
-0.0407235, -0.0035347, -0.0681973
0.0080417, -0.00572969, 0.999951
-0.129125, 0.991606, 0.0067203
-0.991596, -0.129172, 0.00723435

33
-0.00410822, 0.00110763, -0.0694746
0.534391, 0.845179, -0.00992652
-0.593502, 0.366847, -0.716365
-0.601815, 0.388711, 0.697655

34
-0.0373002, -0.0164367, 0.0399152
-0.000531558, 0.0222221, -0.999753
0.345221, -0.938286, -0.0210394
-0.938521, -0.345147, -0.00717278

35
-0.00170006, -0.000490355, -0.0683906
-0.930684, 0.363715, -0.0392196
-0.287391, -0.660598, 0.693554
0.226348, 0.656751, 0.719336

36
-0.0149306, 0.00196756, 0.0697988
-0.00851156, -0.014061, -0.999865
-0.345819, -0.938163, 0.0161371
-0.938263, 0.345909, 0.00312269

37
-0.00797542, 0.0327197, 0.0613506
0.0109963, -0.00893668, 0.9999
0.601019, 0.799235, 0.000533553
-0.799159, 0.600953, 0.0141598

38
0.00654807, 0.0156798, -0.0676649
0.0141137, -0.0210494, 0.999679
0.92015, -0.390989, -0.0212236
0.391311, 0.920154, 0.0138503

39
-0.000425559, 0.0136609, 0.0405217
0.00793299, -0.0176758, 0.999812
0.999898, -0.0116963, -0.00814045
0.011838, 0.999775, 0.0175813

40
-0.0109324, -0.00973173, 0.0850178
0.655098, -0.754717, 0.0353304
-0.332802, -0.246262, 0.910274
-0.678299, -0.608076, -0.412497

41
-0.00238648, 0.0166499, -0.0557706
-0.0068585, 0.0115516, -0.99991
-0.999602, -0.0274585, 0.00653916
-0.0273805, 0.999556, 0.0117354

42
-0.00511766, 0.0126319, 0.0586019
0.0113349, 0.021926, -0.999695
-0.979319, -0.201725, -0.0155282
-0.202004, 0.979197, 0.019186

43
0.0269636, -0.0244675, -0.0480688
0.010154, -0.0199583, 0.999749
-0.602072, -0.798382, -0.00982343
0.798377, -0.601821, -0.0201231

44
0.0144272, -0.00875299, -0.0537613
-0.000220876, 0.0149275, -0.999889
0.528563, 0.848801, 0.0125551
0.848894, -0.528502, -0.00807758

45
-0.0381682, -0.0114094, 0.0343388
-0.00592834, 0.0195077, -0.999792
0.208269, -0.97786, -0.0203147
-0.978054, -0.208347, 0.00173424

46
-0.0292579, 0.0550649, -0.0469787
-0.00646293, 0.00868097, -0.999941
-0.987863, 0.155133, 0.00773165
0.155191, 0.987855, 0.00757299

47
-0.0322178, -0.0248888, 0.0368525
-0.00473063, 0.0183756, -0.99982
0.565832, -0.824328, -0.0178275
-0.824507, -0.565814, -0.0064979

48
-0.02835, -0.0289444, 0.0641601
-0.0094619, 0.00235223, -0.999952
0.661975, -0.749483, -0.00802688
-0.749466, -0.662019, 0.00553442

49
-0.0369999, 0.0125487, -0.0555806
-0.0068585, 0.0115516, -0.99991
-0.357235, -0.933977, -0.00833964
-0.933989, 0.357145, 0.0105323

50
-0.0169452, -0.00462727, 0.0156924
0.00292428, -0.00906208, 0.999955
-0.205969, 0.978513, 0.0094701
-0.978554, -0.205987, 0.000994941

51
0.0134147, 0.00459899, 0.0722683
-0.0123626, 0.0402711, 0.999112
0.458432, -0.887762, 0.0414553
0.888643, 0.458538, -0.00748654

52
-0.0384659, 0.00254733, 0.0466167
-0.00593481, 0.018418, -0.999813
-0.188483, -0.98193, -0.0169698
-0.982059, 0.188347, 0.00929904

53
-0.0184554, 0.00346843, 0.000987877
-0.00170721, 0.0167269, -0.999859
-0.315998, -0.948636, -0.0153304
-0.948758, 0.315927, 0.00690518

54
-0.0351453, -0.0197674, -0.0347645
-0.00933799, 0.0109787, -0.999896
0.445738, -0.895054, -0.0139903
-0.895115, -0.445822, 0.00346439

55
0.0330954, -0.0195452, 0.0424811
0.00433733, -0.0189345, 0.999811
-0.442484, -0.89665, -0.0150613
0.896766, -0.442335, -0.0122673

56
0.0123757, -0.00208457, -0.047744
-0.00646293, 0.00868097, -0.999941
0.155191, 0.987855, 0.00757299
0.987863, -0.155133, -0.00773165

57
-0.0291032, 0.0228513, 0.0493021
0.0147756, -0.0265848, 0.999537
0.637398, 0.770455, 0.0110695
-0.770393, 0.63694, 0.028329

58
-0.0263624, 0.0270222, 0.0371007
0.00559355, -0.00808932, 0.999952
0.758234, 0.651982, 0.00103293
-0.651959, 0.758191, 0.00978049

59
0.0338845, 0.00643487, -0.0475861
0.00246472, 0.0122784, -0.999922
-0.102931, 0.994617, 0.0119595
0.994685, 0.102894, 0.00371528

60
-0.0351201, -0.019466, -0.0226889
-0.0110742, 0.00513239, -0.999926
0.441126, -0.897395, -0.00949159
-0.897377, -0.441198, 0.00767388

61
-0.0396229, 0.00968622, 0.0491074
0.0147756, -0.0265848, 0.999537
0.294062, 0.955554, 0.021068
-0.955672, 0.293615, 0.0219365

62
-0.0321907, 0.0215677, 0.0434789
0.0129805, -0.0207663, 0.9997
0.57082, 0.821018, 0.00964288
-0.820972, 0.570524, 0.022511

63
-0.038477, 0.00254543, 0.0580025
0.0113349, 0.021926, -0.999695
-0.188142, -0.981857, -0.0236679
-0.982076, 0.188353, -0.00700405

64
0.0138631, -0.0345346, 0.0471406
0.0147756, -0.0265848, 0.999537
-0.883696, -0.468062, 0.000614137
0.467829, -0.883296, -0.0304087

65
0.0144272, -0.00875299, -0.0537613
-0.000220876, 0.0149275, -0.999889
0.528563, 0.848801, 0.0125551
0.848894, -0.528502, -0.00807758

66
-0.0418229, -0.00443957, -0.0557438
-0.0068585, 0.0115516, -0.99991
0.0273805, -0.999556, -0.0117354
-0.999602, -0.0274585, 0.00653916

67
0.00702806, -0.06325, 0.0637447
-0.0094619, 0.00235223, -0.999952
0.898393, -0.439088, -0.0095338
-0.43909, -0.898441, 0.00204138

68
-0.0179238, 0.0592743, 0.00109329
0.00255133, -0.0108559, 0.999938
0.652102, 0.758103, 0.00656661
-0.758127, 0.652044, 0.00901335

69
-0.0260844, -0.0290124, 0.0396297
-0.000531558, 0.0222221, -0.999753
0.678099, -0.734781, -0.0166929
-0.73497, -0.677941, -0.0146782

70
0.0159491, 0.0315251, -0.0531603
-0.000220876, 0.0149275, -0.999889
-0.848894, 0.528502, 0.00807758
0.528563, 0.848801, 0.0125551

71
0.0135234, -0.00804328, 0.0662903
-0.000952043, 0.0136426, -0.999906
0.454361, 0.89074, 0.0117206
0.890817, -0.454307, -0.0070467

72
0.0159491, 0.0315251, -0.0531603
-0.000220876, 0.0149275, -0.999889
-0.848894, 0.528502, 0.00807758
0.528563, 0.848801, 0.0125551

73
2.89824e-05, 0.033445, 0.0692287
-0.00851156, -0.014061, -0.999865
-0.999181, -0.0394407, 0.00906039
-0.0395627, 0.999123, -0.0137137

74
0.0128266, -0.00126782, -0.0265824
-0.00273286, 0.0225128, -0.999743
0.0788792, 0.996636, 0.0222272
0.99688, -0.0787982, -0.00449946

75
0.0302869, -0.0210279, -0.0510744
0.0124127, -0.0230718, 0.999657
-0.510282, -0.859901, -0.0135101
0.859917, -0.50994, -0.0224469

76
-0.00953946, -0.0382659, 0.0607334
0.0109963, -0.00893668, 0.9999
-0.968327, 0.249354, 0.0128777
-0.249444, -0.968371, -0.00591165

77
0.029318, 0.0183266, -0.0115777
-0.00230195, 0.013891, -0.999901
-0.502539, 0.864454, 0.0131662
0.864551, 0.50252, 0.00499082

78
-0.0139224, 0.00941113, 0.0404773
-0.000531558, 0.0222221, -0.999753
-0.73497, -0.677941, -0.0146782
-0.678099, 0.734781, 0.0166929

79
-0.0333954, 0.0171982, 0.00658689
0.00224665, -0.0124599, 0.99992
0.421065, 0.906971, 0.0103556
-0.907028, 0.421008, 0.00728407

80
0.0230693, -0.0271665, -0.0733823
-0.0225643, -0.0264915, 0.999394
-0.677318, -0.734868, -0.034772
0.735344, -0.677693, -0.00136139

81
0.0207705, -0.0296379, -0.0508715
0.00905952, -0.0186769, 0.999785
-0.734016, -0.679105, -0.00603505
0.679071, -0.733804, -0.0198615

82
-0.00141647, -0.00234852, 0.0635437
-0.990964, -0.132769, -0.0190492
-0.115625, 0.773617, 0.623015
-0.0679803, 0.619588, -0.781978

83
-0.0175044, 0.0063431, 0.00112075
-0.000252893, 0.0189309, -0.999821
-0.493513, -0.869585, -0.0163402
-0.869739, 0.49342, 0.00956257

84
-0.00979841, -0.0170569, -0.00284197
0.00979301, -0.0140949, 0.999853
-0.93458, 0.355472, 0.0141648
-0.355619, -0.934581, -0.00969171

85
0.020613, -0.0308672, 0.0423208
0.00433733, -0.0189345, 0.999811
-0.75198, -0.659122, -0.00922032
0.659172, -0.751798, -0.0170972

86
-0.0214913, -0.0325776, -0.0113232
-0.00664103, 0.0138045, -0.999883
0.813688, -0.581147, -0.0134277
-0.581264, -0.813682, -0.00737315

87
-0.0378316, -0.00144773, 0.0889824
-0.0348482, -0.999254, -0.0166683
-0.213673, -0.00884319, 0.976865
-0.976284, 0.0376036, -0.213205

88
0.0113408, 0.00565146, -0.0727772
-0.0225643, -0.0264915, 0.999394
0.420171, -0.907328, -0.0145644
0.907165, 0.419587, 0.0316042

89
0.0120106, -0.0348831, 0.0419217
0.00499143, -0.0150869, 0.999874
-0.896748, -0.442535, -0.00220072
0.442513, -0.896624, -0.0157381

90
0.0331206, 0.016204, 0.0365811
0.000492391, 0.0201678, -0.999796
-0.447271, 0.894221, 0.0178179
0.894398, 0.447172, 0.00946079

91
0.00166884, -0.0383238, 0.0391161
0.00858736, -0.0138739, 0.999867
-0.993888, -0.110171, 0.00700732
0.110059, -0.993816, -0.0147352

92
-0.0239802, -0.0316887, 0.0703491
-0.00851156, -0.014061, -0.999865
0.734503, -0.678598, 0.00329041
-0.678552, -0.734375, 0.0161037

93
-0.00671337, -0.0379461, 0.0153605
0.00292428, -0.00906208, 0.999955
-0.982887, 0.184153, 0.00454326
-0.184186, -0.982856, -0.00836849

94
-0.0052978, 0.0339721, 0.0708528
-0.0123626, 0.0402711, 0.999112
0.996434, 0.0839021, 0.00894761
-0.0834673, 0.99566, -0.0411647

95
-0.0167518, 0.00184748, 0.000916895
-0.00207536, 0.0154896, -0.999878
-0.223565, -0.974579, -0.0146336
-0.974687, 0.223508, 0.00548553

96
0.0331089, 0.0160564, -0.0114929
-0.00111042, 0.015375, -0.999881
-0.444979, 0.895427, 0.014263
0.89554, 0.444942, 0.00584725

97
-0.0403403, 0.0054819, 0.0575496
0.00771175, -0.0241567, 0.999678
0.167766, 0.98557, 0.0225216
-0.985797, 0.167538, 0.0116531

98
0.0340379, 0.00724881, 0.0925694
-0.273479, 0.961697, 0.0186699
0.198817, 0.0375258, 0.979318
0.941106, 0.271534, -0.201464

99
0.0159385, -0.0334, -0.00562571
0.00257251, -0.00464926, 0.999986
-0.883036, -0.469305, 8.97024e-05
0.469298, -0.883024, -0.00531276

100
0.0135319, -0.00802561, 0.060229
-0.00379179, 0.0107786, -0.999935
0.454014, 0.89096, 0.00788233
0.890987, -0.453954, -0.00827198

101
0.0107955, -0.0319027, -0.0594892
9.91049e-05, -0.00286922, 0.999996
-0.9315, 0.363739, 0.00113597
-0.363741, -0.931496, -0.00263663

102
-0.015163, -0.0072962, -0.0753752
0.049451, 0.104199, 0.993326
-0.566016, 0.822346, -0.0580848
-0.82291, -0.559366, 0.0996438

103
-0.00963596, -0.0079479, 0.123528
0.705245, -0.708371, 0.0289845
0.277566, 0.313498, 0.908117
-0.65237, -0.6324, 0.417713

104
0.037758, 0.000100818, -0.00550751
0.0166745, -0.0193412, 0.999674
0.0698475, -0.997348, -0.0204612
0.997418, 0.0701659, -0.0152794

105
-0.00449794, 0.0354039, 0.0014983
-0.00170721, 0.0167269, -0.999859
-0.997466, -0.071149, 0.000512853
-0.0711303, 0.997325, 0.016806

106
0.0342471, 0.0101061, 0.0401837
0.00793299, -0.0176758, 0.999812
0.371708, -0.928148, -0.0193582
0.928316, 0.371792, -0.000792741

107
0.0329445, -0.0179843, -0.0507641
0.00905952, -0.0186769, 0.999785
-0.418273, -0.908226, -0.0131763
0.908276, -0.418064, -0.0160402

108
0.0104534, 0.00790575, 0.0342817
0.00444547, -0.0226097, 0.999734
0.704775, -0.709172, -0.0191723
0.709417, 0.704673, 0.0127821

109
0.0103689, -0.013775, -0.0390495
-0.0211462, 0.00174488, -0.999775
0.808783, 0.587887, -0.0160805
0.587727, -0.808941, -0.0138428

110
-0.00265389, -0.0240389, 0.0357517
0.000492391, 0.0201678, -0.999796
0.894398, 0.447172, 0.00946079
0.447271, -0.894221, -0.0178179

111
0.0216841, 0.0545977, 0.0161161
0.00292428, -0.00906208, 0.999955
0.978554, 0.205987, -0.000994941
-0.205969, 0.978513, 0.0094701

112
0.0120709, 0.00703716, -0.0472886
0.010154, -0.0199583, 0.999749
0.507202, -0.861538, -0.0223506
0.861768, 0.507301, 0.00137489

113
-0.0160945, -0.00933751, 0.0426279
0.0129805, -0.0207663, 0.9997
-0.540036, 0.841286, 0.0244877
-0.841542, -0.540192, -0.000294257

114
-0.0353963, 0.0140762, -0.00215237
0.00979301, -0.0140949, 0.999853
0.355619, 0.934581, 0.00969171
-0.93458, 0.355472, 0.0141648

115
0.0152623, 0.00212738, 0.0185283
0.00746331, -0.0299837, 0.999523
0.168956, -0.985142, -0.0308139
0.985595, 0.169106, -0.00228648

116
0.00468065, -0.0140898, -0.0710435
0.0105061, -0.00273506, -0.999941
0.935201, 0.354007, 0.00885757
0.353962, -0.935239, 0.00627705

117
0.030102, 0.0223763, -0.0533
-0.000220876, 0.0149275, -0.999889
-0.582003, 0.813094, 0.0122673
0.813186, 0.581941, 0.00850823

118
-0.00316407, -0.000822194, 0.0497938
0.0815853, 0.99666, -0.00357588
0.993682, -0.0810631, 0.0776169
0.0770678, -0.00988569, -0.996977

119
0.00227616, 0.0162678, -0.00754838
0.0175687, -0.018536, 0.999674
0.991891, -0.125547, -0.0197599
0.125872, 0.991914, 0.01618

120
-0.0171718, 0.0308692, 0.040238
0.00858736, -0.0138739, 0.999867
0.876115, 0.482101, -0.000835012
-0.482026, 0.876006, 0.0162951

121
-0.00505463, -0.0375332, 0.0659056
-0.000952043, 0.0136426, -0.999906
0.996884, -0.0788538, -0.00202504
-0.078874, -0.996793, -0.0135251

122
-0.00160876, 3.82691e-05, 0.058914
-0.981853, -0.188638, -0.0194909
-0.155765, 0.860809, -0.484505
0.108174, -0.472676, -0.874572

123
-0.00716526, 0.0143129, -0.00141035
0.0102629, 0.0231354, -0.99968
-0.952949, -0.302665, -0.0167877
-0.302956, 0.952816, 0.0189407

124
-0.0162166, 0.0451173, 0.0740777
-0.0149709, 0.0384047, -0.99915
-0.909233, 0.415234, 0.0295841
0.416017, 0.908904, 0.0287024

125
0.0125815, 0.00862819, 0.0431036
0.00433733, -0.0189345, 0.999811
0.659172, -0.751798, -0.0170972
0.75198, 0.659122, 0.00922032

126
0.0325214, 0.0119142, 0.0423245
0.000127292, 0.0182143, -0.999834
-0.308018, 0.951223, 0.0172895
0.95138, 0.307965, 0.00573142

127
-0.0349176, 0.0167964, 0.0671916
0.01252, -0.0256256, 0.999593
0.410019, 0.911895, 0.0182419
-0.911991, 0.409624, 0.0219239

128
0.0374391, -0.00420272, 0.0420316
0.000127292, 0.0182143, -0.999834
0.0795059, 0.996669, 0.0181668
0.996834, -0.079495, -0.00132128

129
0.0302221, 0.0205257, 0.048741
0.00085379, 0.0170516, -0.999854
-0.555862, 0.831162, 0.0137
0.831274, 0.555769, 0.010188

130
0.030102, 0.0223763, -0.0533
-0.000220876, 0.0149275, -0.999889
-0.582003, 0.813094, 0.0122673
0.813186, 0.581941, 0.00850823

131
0.0258044, -0.028414, 0.0724595
0.00426667, 0.00453388, 0.999981
-0.693795, -0.720145, 0.00622537
0.72016, -0.693808, 7.29662e-05

132
-0.00824989, 0.0353464, -0.0465171
0.010154, -0.0199583, 0.999749
0.990267, 0.138989, -0.00728296
-0.138809, 0.990093, 0.0211754

133
-0.00832914, -0.0372053, 0.0477236
0.00085379, 0.0170516, -0.999854
0.980853, -0.194732, -0.0024834
-0.194746, -0.980708, -0.0168914

134
-0.0397933, 0.00401698, -0.0481917
-0.0108575, -0.0098747, 0.999892
0.0265479, 0.999596, 0.0101601
-0.999589, 0.0266553, -0.010591

135
0.0205778, 0.027458, 0.036802
0.000492391, 0.0201678, -0.999796
-0.755496, 0.655027, 0.0128411
0.655153, 0.755336, 0.0155592

136
0.00370948, 0.0124992, 0.0615612
0.0242498, -0.0241285, 0.999415
0.976414, -0.213968, -0.0288574
0.214539, 0.976543, 0.0183707

137
-0.00592134, 0.0349746, 0.0014076
-0.00207536, 0.0154896, -0.999878
-0.986048, -0.166461, -0.000532065
-0.166449, 0.985926, 0.0156189

138
0.00929774, 0.0357078, -0.00528732
0.00257251, -0.00464926, 0.999986
0.956245, -0.292544, -0.00382011
0.292557, 0.956241, 0.00369326

139
-0.0533198, -0.0172548, 0.0751413
-0.273479, 0.961697, 0.0186699
0.524878, 0.165469, -0.834939
-0.806048, -0.218539, -0.550026

140
-0.0139927, -0.0201614, 0.0417343
0.000127292, 0.0182143, -0.999834
0.996834, -0.079495, -0.00132128
-0.0795059, -0.996669, -0.0181668

141
0.00602298, -0.0572091, 0.0589006
-0.990964, -0.132769, -0.0190492
-0.107053, 0.868475, -0.484036
0.0808088, -0.477623, -0.874841

142
0.00236635, 0.0349754, 0.00165785
-0.000252893, 0.0189309, -0.999821
-0.992393, 0.123085, 0.00258154
0.123112, 0.992216, 0.0187558

143
-0.0411209, -0.00177388, -0.00231974
0.00979301, -0.0140949, 0.999853
-0.029099, 0.999473, 0.0143746
-0.999529, -0.0292354, 0.0093777

144
-0.0123647, -0.0362366, 0.0355009
0.000492391, 0.0201678, -0.999796
0.948704, -0.316112, -0.00590935
-0.316166, -0.948508, -0.0192889

145
-0.026833, -0.0227132, -0.0382783
-0.0211462, 0.00174488, -0.999775
0.987482, -0.156308, -0.021159
-0.15631, -0.987707, 0.00158228

146
-0.0414438, 0.0141107, -0.0680904
0.0080417, -0.00572969, 0.999951
0.260172, 0.965556, 0.00344028
-0.965529, 0.260131, 0.00925542

147
-0.0278629, 0.0276563, -0.0593145
9.91049e-05, -0.00286922, 0.999996
0.692523, 0.721393, 0.00200121
-0.721396, 0.692519, 0.00205849

148
0.0163672, 0.0301196, 0.0488928
0.00085379, 0.0170516, -0.999854
-0.831664, 0.55521, 0.00875841
0.555278, 0.831536, 0.0146552

149
0.0264862, 0.0243324, 0.0605287
-0.00379179, 0.0107786, -0.999935
-0.649421, 0.760354, 0.0106588
0.76042, 0.649419, 0.00411677

150
-0.0348928, -0.0202274, 0.0397922
0.000265992, 0.023231, -0.99973
0.406223, -0.91353, -0.0211199
-0.913774, -0.406108, -0.00967997

151
-0.0148874, -0.0148507, 0.0480891
0.0147756, -0.0265848, 0.999537
-0.770393, 0.63694, 0.028329
-0.637398, -0.770455, -0.0110695

152
-0.0113126, 0.0345271, -0.0492757
0.0124127, -0.0230718, 0.999657
0.968878, 0.24746, -0.00631924
-0.247229, 0.968623, 0.0254254

153
0.0124251, 0.0335771, -0.0257966
-0.00273286, 0.0225128, -0.999743
-0.890812, 0.454196, 0.0126629
0.454365, 0.890617, 0.0188134

154
-0.0105401, -0.0360524, 0.000313209
-0.00170721, 0.0167269, -0.999859
0.948758, -0.315927, -0.00690518
-0.315998, -0.948636, -0.0153304

155
0.021818, 0.0284761, -0.00821455
-0.00102224, 0.0118957, -0.999929
-0.739792, 0.672779, 0.00876003
0.672835, 0.739748, 0.00811259

156
0.0258192, 0.0246936, 0.0424665
-0.00497566, 0.00819515, -0.999954
-0.692963, 0.720913, 0.00935636
0.720956, 0.692977, 0.00209192

157
-0.012669, 0.0326498, 0.0436681
0.00433733, -0.0189345, 0.999811
0.946993, 0.321249, 0.00197565
-0.321226, 0.946806, 0.0193242

158
-0.0173826, -0.0339608, 0.000357589
-0.000252893, 0.0189309, -0.999821
0.869739, -0.49342, -0.00956257
-0.493513, -0.869585, -0.0163402

159
-0.0134081, -0.0106141, 0.0662195
0.01252, -0.0256256, 0.999593
-0.685662, 0.72741, 0.0272359
-0.727812, -0.685724, -0.00846335

160
0.0375384, 0.00361613, -0.011801
-0.00230195, 0.013891, -0.999901
-0.133436, 0.990957, 0.0140739
0.991055, 0.133455, -0.000427576

161
0.0394343, -0.00859236, -0.00866238
0.0175687, -0.018536, 0.999674
-0.125872, -0.991914, -0.01618
0.991891, -0.125547, -0.0197599

162
0.0426667, -0.00438106, 0.103523
0.0815853, 0.99666, -0.00357588
-0.0770678, 0.00988569, 0.996977
0.993682, -0.0810631, 0.0776169

163
-0.0163373, -0.00418053, -0.0114396
0.00535903, -0.0265412, 0.999633
-0.257002, 0.966033, 0.0270269
-0.966396, -0.257052, -0.00164414

164
0.035007, -0.0121799, -0.0795628
0.0204133, -0.160372, 0.986846
-0.324986, -0.934514, -0.145145
0.945498, -0.317748, -0.0711952

165
0.0135658, -0.0100884, 0.0482047
0.00085379, 0.0170516, -0.999854
0.555278, 0.831536, 0.0146552
0.831664, -0.55521, -0.00875841

166
0.0360299, 0.00114445, -0.0707558
0.0105061, -0.00273506, -0.999941
0.0308675, 0.999521, -0.0024096
0.999468, -0.0308404, 0.0105855

167
-0.0264367, -0.030457, 0.000433957
-0.00170721, 0.0167269, -0.999859
0.755611, -0.654906, -0.0122463
-0.655018, -0.755526, -0.011521

168
0.0236074, 0.000552631, -0.0393045
-0.0211462, 0.00174488, -0.999775
0.522305, 0.852705, -0.00955902
0.852497, -0.522389, -0.0189428

169
0.0127574, -0.0120793, 0.0360006
0.000492391, 0.0201678, -0.999796
0.655153, 0.755336, 0.0155592
0.755496, -0.655027, -0.0128411

170
-0.00659458, -0.0365533, -0.0541717
-0.000220876, 0.0149275, -0.999889
0.986548, -0.16345, -0.00265809
-0.163471, -0.986439, -0.0146905

171
-0.0132668, 0.00710113, 0.040433
0.000265992, 0.023231, -0.99973
-0.688762, -0.724788, -0.0170253
-0.724987, 0.688581, 0.0158079

172
0.0151236, -0.0375704, -0.0482102
0.010154, -0.0199583, 0.999749
-0.861768, -0.507301, -0.00137489
0.507202, -0.861538, -0.0223506

173
0.0228359, -0.0282723, -0.0177271
0.00409348, -0.0105777, 0.999936
-0.692051, -0.721833, -0.00480275
0.721837, -0.691987, -0.0102751

174
0.0400106, 0.00388354, 0.0842686
-0.147249, 0.989008, 0.0134874
0.306046, 0.0325905, 0.951459
0.94056, 0.144229, -0.307481

175
-0.036886, 0.0137893, 0.000647854
0.00255133, -0.0108559, 0.999938
0.31234, 0.949923, 0.00951602
-0.949967, 0.312297, 0.00581432

176
-0.0122745, -0.0115258, 0.0540079
0.0128144, -0.0274295, 0.999542
-0.763957, 0.644682, 0.0274856
-0.64514, -0.763959, -0.0126937

177
0.0146517, 0.0326959, -0.0474567
-0.00646293, 0.00868097, -0.999941
-0.853278, 0.52136, 0.0100412
0.521417, 0.853292, 0.00403776

178
-0.0229314, -0.0316923, 0.0366836
-0.00473063, 0.0183756, -0.99982
0.207235, -0.978108, -0.0189571
-0.97828, -0.207287, 0.000819003

179
-0.00774162, -0.0216864, -0.0119505
0.00535903, -0.0265412, 0.999633
-0.607262, 0.794128, 0.0243404
-0.794483, -0.60717, -0.0118617

180
0.0147881, -0.00837019, 0.0422504
-0.00497566, 0.00819515, -0.999954
0.400891, 0.916109, 0.0055132
0.916112, -0.400846, -0.00784361

181
-0.0178232, -0.00943297, 0.0396844
0.00858736, -0.0138739, 0.999867
-0.482026, 0.876006, 0.0162951
-0.876115, -0.482101, 0.000835012

182
0.0197698, -0.0113044, -0.0478387
0.00246472, 0.0122784, -0.999922
0.879579, 0.475685, 0.00800918
0.475746, -0.87953, -0.00962737

183
-0.018518, -0.00693819, 0.036782
0.00559355, -0.00808932, 0.999952
-0.312168, 0.94998, 0.00943128
-0.95001, -0.312206, 0.00278853

184
-0.018165, 0.0309113, 0.0434909
0.0129805, -0.0207663, 0.9997
0.841542, 0.540192, 0.000294257
-0.540036, 0.841286, 0.0244877

185
0.00584078, 0.0140861, -0.00470456
0.0166745, -0.0193412, 0.999674
0.948224, -0.316844, -0.0219465
0.317165, 0.948281, 0.0130565

186
-0.00232188, -0.00291009, 0.0686857
0.705245, -0.708371, 0.0289845
-0.496492, -0.464291, 0.733437
-0.506088, -0.531644, -0.679139

187
0.0238804, 0.0311118, -0.0112512
-0.00111042, 0.015375, -0.999881
-0.753816, 0.656995, 0.0109396
0.657085, 0.753738, 0.0108604

188
-0.0451327, -0.0159632, -0.0378794
-0.0211462, 0.00174488, -0.999775
0.852497, -0.522389, -0.0189428
-0.522305, -0.852705, 0.00955902

189
-0.0120045, 0.0373051, 0.0371035
0.00559355, -0.00808932, 0.999952
0.95001, 0.312206, -0.00278853
-0.312168, 0.94998, 0.00943128

190
0.0125016, 0.0362911, 0.0426278
-0.00497566, 0.00819515, -0.999954
-0.916112, 0.400846, 0.00784361
0.400891, 0.916109, 0.0055132

191
-0.0392913, 0.000805521, -0.00205276
0.0102629, 0.0231354, -0.99968
-0.084783, -0.996112, -0.0239233
-0.996347, 0.0850013, -0.0082615

192
-0.012143, 0.054392, 0.0635272
-0.981853, -0.188638, -0.0194909
-0.159548, 0.766114, 0.622587
-0.102511, 0.614399, -0.782308

193
0.00213464, 0.0334316, 0.0640184
-0.0094619, 0.00235223, -0.999952
-0.99804, 0.0618461, 0.00958929
0.0618657, 0.998083, 0.00176243

194
-0.0312882, -0.00825912, -0.0515019
0.270074, -0.962641, -0.0195712
0.960615, 0.268013, 0.0734016
-0.065414, -0.0386242, 0.99711

195
0.0393336, -0.0068025, 0.0398444
0.00793299, -0.0176758, 0.999812
-0.011838, -0.999775, -0.0175813
0.999898, -0.0116963, -0.00814045

196
0.00629316, 0.0357925, 0.0196052
0.00746331, -0.0299837, 0.999523
0.975228, -0.220764, -0.0139044
0.221076, 0.974866, 0.0275933

197
-0.01653, -0.00513013, -0.0862623
-0.346565, 0.938025, -0.00100647
-0.226571, -0.0847507, -0.9703
-0.910252, -0.336044, 0.241901

198
-0.0154371, -0.0102122, 0.0730188
0.0212813, -0.12495, 0.991935
-0.559744, 0.820594, 0.115376
-0.828392, -0.557685, -0.0524768

199
-6.92506e-05, -0.0400357, -0.00859916
0.00235787, -0.00440601, 0.999988
-0.994713, -0.10268, 0.00189301
0.102671, -0.994705, -0.00462482

200
0.000747825, -0.00148281, 0.138688
-0.407852, 0.913006, 0.00873565
-0.655777, -0.299575, 0.692973
0.635306, 0.276902, 0.720911

201
0.00538345, -0.0178891, 0.0417781
0.000127292, 0.0182143, -0.999834
0.95138, 0.307965, 0.00573142
0.308018, -0.951223, -0.0172895

202
-0.00257522, 0.000869638, -0.0644396
-0.939298, -0.343048, -0.00610701
0.27043, -0.751184, 0.602154
-0.211155, 0.563951, 0.798356

203
0.0137948, -0.0179551, -0.00554839
0.00257251, -0.00464926, 0.999986
-0.292557, -0.956241, -0.00369326
0.956245, -0.292544, -0.00382011

204
0.0132264, 0.00194554, 0.0608957
-0.273479, 0.961697, 0.0186699
0.806048, 0.218539, 0.550026
0.524878, 0.165469, -0.834939

205
-0.00610188, 0.0358265, -0.0723711
-0.0225643, -0.0264915, 0.999394
0.998903, 0.0404288, 0.0236249
-0.0410302, 0.998831, 0.0255502

206
0.0120083, 0.00863705, -0.0501628
0.0124127, -0.0230718, 0.999657
0.599183, -0.800193, -0.0259083
0.800516, 0.599299, 0.00389168

207
-0.0253148, -0.0297159, -0.0773466
-0.133016, 0.0626331, -0.989133
0.770123, -0.621676, -0.14293
-0.623872, -0.780766, 0.0344578

208
-0.0185298, 0.00445046, -0.0760956
-0.133016, 0.0626331, -0.989133
-0.281669, -0.959239, -0.0228619
-0.950247, 0.275567, 0.145236

209
0.0369285, 0.00199609, 0.0605016
0.0242498, -0.0241285, 0.999415
0.17545, -0.98409, -0.0280156
0.98419, 0.176026, -0.0196306

210
-0.0317967, 0.0224946, 0.0402474
0.00858736, -0.0138739, 0.999867
0.624962, 0.780636, 0.00546441
-0.780608, 0.624831, 0.0153743

211
-0.00147771, -0.00278003, -0.0541339
-0.971787, -0.235803, 0.0052854
0.197325, -0.800527, 0.56588
-0.129205, 0.550958, 0.824471

212
-0.0077978, -0.0369564, -0.0359359
0.000813256, -0.0143292, 0.999897
-0.97795, 0.208804, 0.00378771
-0.208837, -0.977853, -0.0138434

213
-0.00516292, -0.0375877, 0.0569633
-0.00384245, 0.0110966, -0.999931
0.996712, -0.0808895, -0.00472774
-0.0809364, -0.996661, -0.0107493

214
-0.00694602, 0.0130965, -0.0789999
-0.939298, -0.343048, -0.00610701
0.169039, -0.478189, 0.861836
-0.298571, 0.808488, 0.50715

215
0.00421091, 0.01539, -0.0106596
0.0186945, -0.0186274, 0.999652
0.974279, -0.224228, -0.0223982
0.224567, 0.974359, 0.0139564

216
0.012874, -4.16082e-05, 0.0424431
0.00499143, -0.0150869, 0.999874
0.0656575, -0.997724, -0.0153822
0.99783, 0.065726, -0.0039895

217
0.000826712, 0.000308236, 0.0669574
0.701577, -0.711075, -0.0464952
-0.490532, -0.434591, -0.755321
0.516883, 0.552723, -0.653704

218
0.0100782, -0.0339476, -0.0548419
-0.939298, -0.343048, -0.00610701
0.340533, -0.929941, -0.138736
0.0419138, -0.132394, 0.990311

219
0.0124733, -0.0399967, 0.0725689
0.00426667, 0.00453388, 0.999981
-0.916576, -0.399819, 0.00572357
0.399837, -0.916583, 0.00244976

220
-0.00582629, 0.0350539, -0.0104935
-0.00664103, 0.0138045, -0.999883
-0.98638, -0.164427, 0.00428125
-0.164349, 0.986293, 0.0147085

221
-0.027387, -0.0663578, -0.0696797
-0.930684, 0.363715, -0.0392196
-0.226348, -0.656751, -0.719336
-0.287391, -0.660598, 0.693554

222
0.00230866, -0.0406604, 0.0173415
0.00746331, -0.0299837, 0.999523
-0.985595, -0.169106, 0.00228648
0.168956, -0.985142, -0.0308139

223
0.0365935, 0.00918037, -0.0395641
-0.0211462, 0.00174488, -0.999775
-0.233481, 0.972339, 0.00663534
0.972131, 0.233569, -0.0201538

224
-0.0066049, 0.0171937, -0.105722
-0.971787, -0.235803, 0.0052854
-0.0438571, 0.20267, 0.978264
-0.231749, 0.950432, -0.207294

225
0.0342602, 0.00693337, 0.112075
-0.273479, 0.961697, 0.0186699
-0.176463, -0.0692424, 0.981869
0.945553, 0.265226, 0.18864

226
-0.0316142, 0.0198972, 0.0578307
0.00771175, -0.0241567, 0.999678
0.532243, 0.846434, 0.0163478
-0.846556, 0.531946, 0.0193848

227
-0.000329056, -0.0402742, -0.00561582
0.00257251, -0.00464926, 0.999986
-0.995412, -0.0956626, 0.00211598
0.0956514, -0.995403, -0.00487402

228
-0.00195507, 0.0352216, 0.0722894
0.00426667, 0.00453388, 0.999981
0.999817, 0.0186231, -0.00435041
-0.0186425, 0.999816, -0.0044536

229
0.0278112, -0.0281218, -0.0820047
0.0204133, -0.160372, 0.986846
-0.662075, -0.741782, -0.106851
0.74916, -0.651184, -0.12132

230
-0.0224848, -0.0312723, -0.0121475
-0.00230195, 0.013891, -0.999901
0.795135, -0.606346, -0.0102541
-0.606428, -0.79508, -0.00964942

231
-0.0232248, 0.00881578, 0.0430976
0.0129805, -0.0207663, 0.9997
-0.176884, 0.983969, 0.0227363
-0.984146, -0.177126, 0.00909917

232
-0.00270357, 0.0375325, -0.0738156
-0.109472, 0.125711, -0.986009
-0.993735, 0.00863153, 0.11143
0.0225187, 0.992029, 0.123978

233
0.0110863, 0.0127612, -0.0750148
0.0204133, -0.160372, 0.986846
0.74916, -0.651184, -0.12132
0.662075, 0.741782, 0.106851

234
-0.0126225, -0.0112331, 0.000314288
0.00255133, -0.0108559, 0.999938
-0.758127, 0.652044, 0.00901335
-0.652102, -0.758103, -0.00656661

235
0.0168443, 0.013371, -0.0559404
-0.0068585, 0.0115516, -0.99991
-0.933989, 0.357145, 0.0105323
0.357235, 0.933977, 0.00833964

236
-0.0128017, -0.0348893, 0.0421704
-0.00497566, 0.00819515, -0.999954
0.931262, 0.364346, -0.00164785
0.364316, -0.931228, -0.00944469

237
-0.00437223, -0.0369053, -0.0123726
0.00535903, -0.0265412, 0.999633
-0.991184, 0.132199, 0.00882375
-0.132385, -0.990868, -0.0255988

238
-0.0125105, -0.0362734, -0.0122469
-0.00111042, 0.015375, -0.999881
0.94789, -0.318541, -0.00595083
-0.318595, -0.947784, -0.0142201

239
-0.016599, 0.000370844, -0.0673196
0.0293617, 0.999539, 0.00776447
-0.740305, 0.0269647, -0.671731
-0.67163, 0.0139751, 0.740755

240
0.00902132, 0.0360124, -0.00828553
0.00235787, -0.00440601, 0.999988
0.958285, -0.285793, -0.00351876
0.285805, 0.958281, 0.00354835

241
0.0269218, 0.0229799, -0.0393355
-0.0211462, 0.00174488, -0.999775
-0.587727, 0.808941, 0.0138428
0.808783, 0.587887, -0.0160805

242
0.0114315, 0.00380893, 0.0844255
-0.407852, 0.913006, 0.00873565
0.335991, 0.141182, 0.931224
0.84898, 0.382737, -0.364343

243
0.0138968, -0.0176175, -0.00853332
0.00235787, -0.00440601, 0.999988
-0.285805, -0.958281, -0.00354835
0.958285, -0.285793, -0.00351876

244
-0.0258233, -0.00416888, 0.00630363
0.00224665, -0.0124599, 0.99992
-0.67685, 0.736044, 0.0106925
-0.736118, -0.676819, -0.00677985

245
0.00982707, 0.0171389, 0.0703511
0.000425498, 0.0393893, -0.999224
-0.349623, 0.936169, 0.0367548
0.93689, 0.349336, 0.0141697

246
-0.00806054, -0.01563, -0.0578578
-0.930684, 0.363715, -0.0392196
-0.352134, -0.86164, 0.365482
0.0991383, 0.353959, 0.929992

247
0.0147439, -0.0173661, 0.0179474
0.00746331, -0.0299837, 0.999523
-0.221076, -0.974866, -0.0275933
0.975228, -0.220764, -0.0139044

248
-0.00575933, 0.0368811, -0.0757594
-0.133016, 0.0626331, -0.989133
-0.985704, -0.112494, 0.125432
-0.103415, 0.991676, 0.0767012

249
0.0220319, 0.00915713, -0.0489068
-0.346565, 0.938025, -0.00100647
-0.927668, -0.342897, -0.14783
-0.139014, -0.0502992, 0.989012

250
0.000153204, -0.00274893, -0.062109
0.839217, 0.543427, 0.0200566
-0.437171, 0.652272, 0.619211
0.323413, -0.52842, 0.784969

251
0.00387726, -0.0358879, -0.0479825
-0.00646293, 0.00868097, -0.999941
0.972056, 0.234712, -0.00424505
0.234661, -0.972026, -0.00995531

252
-0.00873035, -0.00222951, -0.0686171
-0.346565, 0.938025, -0.00100647
-0.557663, -0.206898, -0.803869
-0.754258, -0.278032, 0.594805

253
0.015971, -0.0142727, -0.0175509
0.00409348, -0.0105777, 0.999936
0.0210619, -0.999721, -0.0106617
0.99977, 0.0211042, -0.00386955

254
0.0265097, 0.0241912, 0.0575272
-0.00384245, 0.0110966, -0.999931
-0.647551, 0.761944, 0.0109439
0.762012, 0.647548, 0.00425786

255
0.0010827, -0.0229826, -0.0539707
-0.000220876, 0.0149275, -0.999889
0.813186, 0.581941, 0.00850823
0.582003, -0.813094, -0.0122673

256
0.0139791, -0.0400822, 0.0740762
-0.0123626, 0.0402711, 0.999112
-0.888643, -0.458538, 0.00748654
0.458432, -0.887762, 0.0414553

257
-0.0106044, 0.00937354, 0.0708445
-0.785416, -0.616997, -0.0493718
-0.280548, 0.283755, 0.916939
-0.551738, 0.734029, -0.395962

258
-0.0106134, 0.0147639, -0.0317752
-0.0131985, 0.00658873, -0.999891
-0.901815, -0.432026, 0.0090571
-0.43192, 0.901837, 0.0116439

259
0.000977808, -0.0011118, 0.0711965
-0.225853, 0.973987, -0.0184116
0.609536, 0.156035, 0.777251
0.759905, 0.164322, -0.628921

260
-0.00219161, 0.0154979, -0.0756495
-0.0273484, 0.213509, -0.976558
-0.99935, -0.0287894, 0.0216923
-0.0234831, 0.976517, 0.214158

261
-0.0194911, 0.00705248, -0.0758378
-0.109472, 0.125711, -0.986009
-0.40109, -0.913213, -0.0718985
-0.909474, 0.387608, 0.150392

262
-0.00576815, 0.0223978, -0.0731001
0.0204133, -0.160372, 0.986846
0.945498, -0.317748, -0.0711952
0.324986, 0.934514, 0.145145

263
0.0403593, -0.00426169, 0.0841517
0.0815853, 0.99666, -0.00357588
0.309064, -0.0218883, 0.950789
0.947535, -0.0786756, -0.309818

264
0.0363117, 0.00878566, -0.00828527
0.0175687, -0.018536, 0.999674
0.263289, -0.964454, -0.0225102
0.964557, 0.263599, -0.0120639

265
-0.00904798, 1.57367e-05, 0.137715
0.345469, 0.938352, 0.0120924
-0.829209, 0.299202, 0.472112
0.439389, -0.173127, 0.881456

266
0.00249884, -0.00112948, -0.0686391
-0.264201, -0.964449, 0.00594532
0.629938, -0.177226, -0.756154
0.730326, -0.196031, 0.654367

267
-0.00934566, -0.0228758, -0.0120611
-0.00230195, 0.013891, -0.999901
0.991055, 0.133455, -0.000427576
0.133436, -0.990957, -0.0140739

268
0.00559427, -0.0226064, 0.0565165
0.00771175, -0.0241567, 0.999678
-0.985797, 0.167538, 0.0116531
-0.167766, -0.98557, -0.0225216

269
0.00989206, -0.00985468, -0.0469249
-0.837724, -0.522166, 0.159879
0.539931, -0.748119, 0.385737
-0.0818098, 0.409465, 0.908651

270
0.0338193, -0.0119451, -0.0117226
0.0186945, -0.0186274, 0.999652
-0.224567, -0.974359, -0.0139564
0.974279, -0.224228, -0.0223982

271
-0.00201343, -0.0389091, 0.0420838
-0.00497566, 0.00819515, -0.999954
0.999792, -0.0197534, -0.00513674
-0.0197946, -0.999771, -0.00809515

272
0.00193161, -0.0372896, 0.0606159
0.0109963, -0.00893668, 0.9999
-0.799159, 0.600953, 0.0141598
-0.601019, -0.799235, -0.000533553

273
-0.0230746, 0.00504762, 0.0465714
-0.00593481, 0.018418, -0.999813
-0.827698, -0.561148, -0.00542402
-0.561143, 0.827511, 0.0185748

274
0.0088871, -0.0202802, 0.00602488
0.00224665, -0.0124599, 0.99992
-0.999119, 0.0418778, 0.00276668
-0.0419089, -0.999045, -0.0123548

275
0.00846765, -0.0210756, 0.0688441
0.000425498, 0.0393893, -0.999224
0.415261, 0.908989, 0.0360091
0.909702, -0.414954, -0.0159701

276
-0.015685, -0.0329154, 0.0570556
-0.00384245, 0.0110966, -0.999931
0.951815, 0.306674, -0.000254295
0.30665, -0.95175, -0.0117403

277
-0.0173365, -0.0175493, -0.0111433
-0.00664103, 0.0138045, -0.999883
0.164349, -0.986293, -0.0147085
-0.98638, -0.164427, 0.00428125

278
-0.0159798, -0.00168577, 0.0575673
-0.0348482, -0.999254, -0.0166683
-0.841426, 0.0203367, 0.539989
-0.539247, 0.0328428, -0.841507

279
-0.0112962, 0.00690329, 0.0637912
-0.69136, -0.722314, -0.0168654
-0.568756, 0.529691, 0.62924
-0.445575, 0.444624, -0.777028

280
0.0269221, -0.0235166, -0.0531932
-0.00294307, -0.00760772, 0.999967
-0.585767, -0.810441, -0.00788983
0.810474, -0.58577, -0.00207116

281
-0.0134174, 0.0122425, -0.104191
0.791365, 0.610514, -0.0318466
-0.0638711, 0.030759, -0.997484
-0.607999, 0.791408, 0.0633358

282
-0.0214088, 0.0123202, -0.0556902
-0.0068585, 0.0115516, -0.99991
-0.913033, -0.407882, 0.00155047
-0.407827, 0.912962, 0.0133445

283
0.0165733, 0.0300058, 0.0576299
-0.00384245, 0.0110966, -0.999931
-0.30665, 0.95175, 0.0117403
0.951815, 0.306674, -0.000254295

284
-0.0243407, -0.00819892, -0.0227505
-0.0110742, 0.00513239, -0.999926
-0.322618, -0.946528, -0.00128532
-0.946464, 0.32258, 0.0121378

285
0.00545162, -0.0377679, 0.0406656
-0.980491, -0.196531, -0.00354003
-0.196339, 0.980074, -0.0300816
0.00938147, -0.0287997, -0.999541

286
-0.0318967, -0.0253972, 0.000523405
-0.000252893, 0.0189309, -0.999821
0.614674, -0.788637, -0.0150878
-0.788781, -0.614568, -0.0114369

287
-0.0027685, -0.0240993, -0.0120705
-0.00111042, 0.015375, -0.999881
0.89554, 0.444942, 0.00584725
0.444979, -0.895427, -0.014263

288
-0.000151537, 0.0214155, -0.0726188
-0.0225643, -0.0264915, 0.999394
0.735344, -0.677693, -0.00136139
0.677318, 0.734868, 0.034772

289
-0.026802, -0.0022497, 0.0572584
0.00771175, -0.0241567, 0.999678
-0.578435, 0.81537, 0.0241652
-0.815692, -0.578436, -0.00768519

290
-0.0392241, -0.01685, -0.00246067
0.0102629, 0.0231354, -0.99968
0.302956, -0.952816, -0.0189407
-0.952949, -0.302665, -0.0167877

291
-0.0148057, 0.0667126, 0.0784174
-0.981853, -0.188638, -0.0194909
-0.108174, 0.472676, 0.874572
-0.155765, 0.860809, -0.484505

292
0.00563457, 0.0333049, 0.037743
-0.00473063, 0.0183756, -0.99982
-0.983118, 0.182797, 0.00801122
0.182911, 0.982979, 0.0172006

293
0.0103326, -0.0193824, 0.042164
0.00499143, -0.0150869, 0.999874
-0.321193, -0.946929, -0.0126846
0.947001, -0.321089, -0.00957235

294
9.63575e-06, -0.0359298, -0.0594997
9.91049e-05, -0.00286922, 0.999996
-0.999792, -0.020417, 4.05036e-05
0.0204168, -0.999787, -0.00287065

295
0.00145359, -0.0233456, 0.0601097
-0.00379179, 0.0107786, -0.999935
0.76042, 0.649419, 0.00411677
0.649421, -0.760354, -0.0106588

296
-0.0171618, 0.0148798, 0.0158698
