0
-0.0207629, -0.0252537, 0.0552578
0.999834, -0.0157174, -0.0092124
-0.00438248, -0.698317, 0.715775
-0.0176833, -0.715616, -0.69827

1
0.0152493, -0.0132217, 0.0122032
-0.945504, -0.0358518, -0.323632
0.0707255, 0.947578, -0.311599
0.317838, -0.317507, -0.893403

2
0.0182732, -0.00135313, -0.0553171
0.902538, 0.00331216, -0.430597
-0.0133084, 0.999707, -0.0202049
0.430404, 0.0239662, 0.902318

3
0.00979053, -0.0056583, 0.0135776
0.477396, 0.0100679, 0.87863
-0.0116796, -0.999773, 0.017802
0.87861, -0.0187607, -0.477171

4
-0.023412, -0.00491408, -0.0437901
0.998782, 0.00892899, -0.0485217
0.000404688, 0.981971, 0.189033
0.0493347, -0.188822, 0.980771

5
-0.0199138, 0.00444136, -0.0674056
0.146815, 0.0375532, 0.988451
0.241225, -0.970469, 0.00104067
0.9593, 0.238286, -0.151538

6
-0.0285185, 0.0207361, 0.054109
0.999907, -0.0135177, -0.0015783
-0.0115458, -0.781163, -0.62422
0.00720509, 0.624181, -0.781247

7
0.0215739, -0.0106229, 0.0187626
-0.964839, -0.111494, -0.238024
-0.0335739, 0.950434, -0.309107
0.26069, -0.290247, -0.920759

8
-0.0512124, -0.00854095, -0.0998476
0.902974, 0.0389284, -0.427928
0.114918, -0.98149, 0.153203
-0.414043, -0.187515, -0.890733

9
-0.00056363, -0.00479697, -0.0462477
0.999614, -0.00555795, -0.0272238
0.00895466, 0.991954, 0.126285
0.0263029, -0.12648, 0.99162

10
0.0301919, -0.000415425, 0.0404914
0.996904, 0.00891446, -0.0781198
0.00251792, -0.996662, -0.0816
-0.0785865, 0.0811507, -0.993599

11
-0.0189493, -0.0150347, -0.066809
0.146815, 0.0375532, 0.988451
-0.144245, -0.987784, 0.0589527
0.97859, -0.151234, -0.139605

12
-0.0285991, 0.0230558, -0.00770842
0.186843, -0.00994096, 0.98234
0.864965, -0.472412, -0.169299
0.465752, 0.881322, -0.0796681

13
-0.0206118, -0.00916837, 0.0442197
0.999834, -0.0157174, -0.0092124
-0.010816, -0.919015, 0.394073
-0.0146602, -0.393908, -0.919033

14
-0.0201947, 0.00334929, 0.0366848
0.999978, 0.00482624, -0.00462585
0.00218261, -0.889739, -0.456465
-0.00631881, 0.456445, -0.889729

15
-0.0182832, -0.0221859, -0.0269215
-0.140417, -0.0037598, -0.990085
0.469099, 0.880377, -0.0698722
0.871911, -0.474259, -0.121856

16
-0.0104824, -0.0252547, 0.0525072
0.998638, -0.0316428, -0.0414924
0.0033679, -0.754415, 0.656389
-0.0520725, -0.655634, -0.753281

17
-0.0328918, -0.00406592, 0.101861
-0.956813, -0.0154067, 0.290295
-0.024767, -0.990644, -0.134208
0.289647, -0.135602, 0.947479

18
-0.0157953, -0.00250615, -0.0715251
0.0191397, -0.999407, 0.0286283
-0.0544877, 0.0275484, 0.998134
-0.998331, -0.0206638, -0.0539281

19
0.00762626, 0.000964165, 0.0353623
-0.243227, 0.0122724, 0.969892
0.335496, -0.937138, 0.0959926
0.910101, 0.348743, 0.22382

20
-0.00756125, -0.00483776, 0.0994101
-0.970829, 0.106235, -0.214955
-0.0645508, -0.979192, -0.192398
-0.230921, -0.17291, 0.957485

21
-0.0654528, 0.0113616, 0.0307861
-0.275058, 0.044198, -0.960411
-0.545804, -0.829543, 0.118141
-0.79148, 0.556692, 0.252296

22
-0.00488352, 0.00567857, 0.0374977
-0.996958, 0.0553209, 0.0549062
0.0496355, 0.993749, -0.0999989
-0.0600949, -0.0969694, -0.993471

23
-0.041077, -0.00887987, 0.100065
-0.982497, -0.0750856, 0.170476
0.024642, -0.95951, -0.280595
0.184642, -0.271482, 0.944566

24
-0.0193769, -0.0531508, -0.00180519
0.374864, -0.0387946, 0.926268
-0.860063, -0.387522, 0.33184
0.346075, -0.921044, -0.178634

25
-0.0338875, -0.000342082, 0.076755
0.392307, -0.0430304, -0.918827
-0.00392772, 0.998818, -0.0484535
0.919826, 0.0226175, 0.391674

26
0.0113019, -0.0428717, -0.11211
-0.871791, -0.347364, 0.345425
-0.488327, 0.560158, -0.669149
0.0389453, -0.752038, -0.657968

27
0.00501956, 0.00670701, 0.00457851
0.422374, -0.0418545, 0.905455
0.314872, -0.929949, -0.189867
0.849974, 0.365297, -0.379608

28
-0.0395469, -0.0150878, 0.0705557
0.1835, 0.00496046, -0.983007
0.56184, 0.820031, 0.109018
0.806637, -0.572297, 0.147689

29
-0.020349, 0.00991545, 0.0401773
0.999834, -0.0157174, -0.0092124
-0.0156029, -0.999802, 0.0123777
-0.00940511, -0.0122319, -0.999881

30
-0.0552501, -0.0352679, -0.0624958
-0.169569, 0.149976, -0.97404
0.976561, 0.158525, -0.145599
0.132573, -0.975898, -0.173342

31
-0.0233381, -0.00946063, -0.0501885
0.998688, 0.0210115, -0.0466997
0.00635362, 0.854058, 0.520139
0.0508132, -0.519753, 0.852804

32
-0.0381882, -0.0140268, 0.0779845
-0.543394, -0.023518, 0.839148
-0.0973808, -0.991093, -0.0908357
0.833811, -0.131076, 0.536264

33
-0.0202124, 0.0186365, 0.0488053
0.999978, 0.00482624, -0.00462585
-0.000401637, -0.647337, -0.762204
-0.00667306, 0.762188, -0.647321

34
0.00822011, 1.307e-05, -0.0531091
-0.953161, -0.00737172, 0.302374
0.0400137, -0.99399, 0.101901
0.299805, 0.109227, 0.947727

35
-0.0318667, 0.00278097, 0.0720796
0.1835, 0.00496046, -0.983007
0.210386, 0.976619, 0.0442013
0.960243, -0.214921, 0.178166

36
-0.0333279, -0.00893914, -0.0473969
0.988529, 0.0577024, -0.139573
0.00190862, 0.919292, 0.393572
0.151019, -0.389324, 0.908637

37
-0.0515738, 0.0266156, 0.051699
-0.945082, 0.134308, 0.297963
0.31529, 0.134485, 0.939418
0.0860996, 0.981771, -0.169446

38
-0.0109531, -0.00295462, -0.0904183
0.0191397, -0.999407, 0.0286283
-0.432385, 0.0175437, 0.901519
-0.901486, -0.0296332, -0.431793

39
-0.0152899, -0.0337216, 0.103696
-0.945504, -0.0358518, -0.323632
0.266579, -0.655961, -0.706152
-0.186973, -0.753943, 0.629771

40
-0.0365731, -0.00714449, 0.0388993
-0.999505, 0.000900952, -0.0314399
0.0175327, 0.845843, -0.533143
0.0261129, -0.533431, -0.845441

41
-0.0395391, -0.00377622, 0.10357
-0.945082, 0.134308, 0.297963
-0.200202, -0.958504, -0.202952
0.258341, -0.251459, 0.932753

42
-0.0445702, -0.00314922, 0.0492993
0.763157, 0.0697213, 0.642441
-0.00727484, -0.993173, 0.116426
0.646172, -0.0935253, -0.757439

43
-0.0289751, -0.0121951, 0.0401877
0.999878, -0.0154597, -0.0023224
-0.015514, -0.999554, -0.0255235
-0.00192677, 0.0255564, -0.999672

44
-0.00957407, 0.000503416, -0.0277976
0.139893, 0.000267013, 0.990167
0.0194107, -0.999809, -0.00247279
0.989976, 0.0195658, -0.139872

45
-0.0383923, 0.00388674, 0.103753
-0.945082, 0.134308, 0.297963
-0.0860996, -0.981771, 0.169446
0.31529, 0.134485, 0.939418

46
0.00819246, -0.0567717, 0.017846
-0.505386, -0.0044718, -0.862882
0.730305, 0.530412, -0.430486
0.459608, -0.847728, -0.264797

47
-0.0123956, 0.0117581, 0.0481544
0.999489, 0.0267943, -0.0174092
0.0100344, -0.780467, -0.625116
-0.0303368, 0.624622, -0.780338

48
0.0349501, 0.00796364, 0.0519958
-0.421266, 0.316652, 0.849863
0.205184, 0.946048, -0.250783
-0.883422, 0.068732, -0.46351

49
-0.00447334, -0.0236227, 0.0471064
-0.991292, 0.093879, -0.0923438
0.121029, 0.373185, -0.919829
-0.0518913, -0.922995, -0.381297

50
-0.0103626, -0.0096129, -0.0537285
0.24133, 0.109205, 0.964279
-0.0152796, -0.993097, 0.116293
0.970323, -0.0427988, -0.237995

51
-0.0126641, -0.00126063, -0.0356533
0.176466, 0.00570906, 0.98429
0.00518748, -0.999975, 0.00487001
0.984293, 0.0042466, -0.176492

52
0.00179178, -0.020526, -0.0564269
-0.882987, 0.454204, 0.118457
-0.316559, -0.389874, -0.864748
-0.346589, -0.80106, 0.488036

53
4.88777e-05, 0.00922345, -0.054174
-0.998255, -0.0561286, 0.0183315
0.0550136, -0.771352, 0.634026
-0.0214469, 0.633928, 0.773094

54
-0.00836289, -0.0127262, 0.0999377
-0.991292, 0.093879, -0.0923438
-0.0518913, -0.922995, -0.381297
-0.121029, -0.373185, 0.919829

55
-0.00825763, -0.00104062, -0.0226912
-0.162892, -0.0356479, -0.986
-0.174394, 0.984653, -0.00678858
0.971109, 0.170846, -0.166609

56
-0.0345682, 0.00853845, 0.0950203
-0.996935, 0.0400291, 0.0672118
-0.0104825, -0.919776, 0.392304
0.0775234, 0.390397, 0.917377

57
-0.0004924, 0.0146646, -0.0476055
0.999614, -0.00555795, -0.0272238
-0.00179266, 0.964847, -0.262804
0.0277275, 0.262752, 0.964465

58
-0.0577135, -0.0156889, -0.0958525
0.791539, 0.130593, -0.597002
0.324052, -0.917942, 0.228849
-0.518128, -0.374603, -0.768906

59
-0.0258911, -0.0187787, 0.100677
0.932545, 0.00424095, -0.36103
-0.0306191, 0.997258, -0.0673749
0.359754, 0.0738845, 0.930117

60
-0.00935621, 0.0418081, -0.00248592
0.369986, -0.0218887, 0.92878
0.787224, -0.523494, -0.325933
0.493344, 0.851748, -0.176454

61
-0.0101658, -0.000554233, 0.0362496
0.998338, -0.0465452, -0.0339684
-0.0350441, -0.958395, 0.283287
-0.0457408, -0.281625, -0.958434

62
-0.00144178, 0.00665148, -0.0551891
-0.999117, -0.0283132, 0.0310342
0.0410898, -0.812345, 0.581727
0.00873995, 0.582489, 0.812792

63
0.018965, -0.024685, 0.0221545
-0.974474, 0.14834, -0.16851
0.193872, 0.934518, -0.298479
0.113199, -0.323529, -0.939422

64
-0.00037688, 0.00739033, 0.0445838
0.357926, -0.0745729, -0.930767
-0.0831771, 0.990297, -0.111328
0.930038, 0.117266, 0.34825

65
0.00689295, 0.000169787, 0.00340243
0.422374, -0.0418545, 0.905455
-0.0343671, -0.998955, -0.030145
0.90577, -0.0183854, -0.423371

66
-0.058897, -0.027685, 0.10604
-0.775453, -0.524711, -0.351213
0.518975, -0.212848, -0.827865
0.359635, -0.824242, 0.437365

67
0.0105818, -0.0182945, 0.0363472
-0.243227, 0.0122724, 0.969892
-0.0383229, -0.999261, 0.00303353
0.969212, -0.0364312, 0.243517

68
-0.00294618, -0.024937, -0.0748306
-0.882987, 0.454204, 0.118457
-0.159828, -0.0536439, -0.985686
-0.441348, -0.889281, 0.119962

69
-0.0163111, -0.0204105, -0.0348884
0.176466, 0.00570906, 0.98429
-0.37188, -0.925481, 0.0720397
0.911353, -0.37875, -0.161193

70
-0.00196006, -0.0129692, 0.0309575
-0.991292, 0.093879, -0.0923438
0.131674, 0.697993, -0.703895
-0.00162564, -0.709925, -0.704276

71
-0.0443951, 0.0322039, 0.0493194
-0.162689, -0.323573, 0.932112
0.936605, 0.246479, 0.249036
-0.310327, 0.913536, 0.262961

72
0.0405701, 0.0135686, 0.0803646
-0.74655, -0.39634, -0.534394
-0.137232, -0.694202, 0.706577
-0.651022, 0.600831, 0.463866

73
-0.0254093, 0.00983195, -0.0659602
0.142189, 0.114845, 0.983155
0.597199, -0.802059, 0.00732109
0.789389, 0.586098, -0.182629

74
-0.0338661, 0.0101325, -0.0433245
0.988529, 0.0577024, -0.139573
-0.0560289, 0.998303, 0.0158927
0.140253, -0.00789025, 0.990084

75
-0.0521768, 0.0221806, 0.033262
0.932545, 0.00424095, -0.36103
-0.320652, -0.449894, -0.833533
-0.16596, 0.893072, -0.418187

76
-0.00717205, -0.0385404, -0.00524958
0.369986, -0.0218887, 0.92878
-0.757048, -0.586581, 0.287751
0.538506, -0.809595, -0.233597

77
0.0413479, -0.0291698, 0.0734589
0.995364, -0.0909764, 0.031196
-0.0116643, 0.207777, 0.978107
-0.0954664, -0.973936, 0.205753

78
-0.0102988, -0.0143499, -0.00945625
0.192364, -0.0147807, 0.981212
-0.1378, -0.990386, 0.0120963
0.9716, -0.137538, -0.192551

79
0.0101693, 0.0102517, 0.0435627
-0.992619, -0.0773995, 0.0933691
-0.0232027, 0.876849, 0.480205
-0.119038, 0.474494, -0.872173

80
-0.0319643, -0.0247378, -0.0622202
-0.992928, -0.09264, 0.0742468
-0.0101227, -0.557048, -0.830419
0.118289, -0.825297, 0.55217

81
0.0417745, -0.0261118, 0.0676293
0.994926, 0.032704, 0.0951452
-0.0940784, -0.0327466, 0.995026
0.0356571, -0.998928, -0.0295037

82
0.0207655, 0.00461053, 0.0149037
-0.964839, -0.111494, -0.238024
-0.13078, 0.98916, 0.0667815
0.227998, 0.0955621, -0.968961

83
-0.0117795, 0.021532, 0.0251893
0.99905, -0.040026, -0.0172076
-0.0396691, -0.999, 0.0206038
-0.0180151, -0.0199016, -0.99964

84
-0.0135192, 0.00956137, -0.0272426
0.139893, 0.000267013, 0.990167
0.396781, -0.916215, -0.0558112
0.907191, 0.400687, -0.128278

85
-0.0102181, -0.0402765, 0.0891417
0.998338, -0.0465452, -0.0339684
0.0556698, 0.62695, 0.777068
-0.0148722, -0.777668, 0.628499

86
0.00355355, -0.0357119, 0.00330156
0.422374, -0.0418545, 0.905455
-0.664777, -0.693367, 0.278053
0.616175, -0.719368, -0.320684

87
-0.0101684, -0.00825317, -0.0277112
0.139893, 0.000267013, 0.990167
-0.360914, -0.93119, 0.0512421
0.922047, -0.364534, -0.130171

88
0.0464556, -0.0271986, 0.0723336
0.981281, -0.190979, 0.0247842
0.00207031, 0.139149, 0.990269
-0.192569, -0.971681, 0.13694

89
-0.00083508, -0.0232958, -0.0524382
0.999614, -0.00555795, -0.0272238
0.0183387, 0.868044, 0.496149
0.0208739, -0.496457, 0.86781

90
0.0125349, -0.0480127, 0.0886477
-0.963697, -0.0726785, -0.256916
0.265487, -0.36308, -0.893135
-0.0283695, -0.928919, 0.369194

91
0.0101693, 0.0102517, 0.0435627
-0.992619, -0.0773995, 0.0933691
-0.0232027, 0.876849, 0.480205
-0.119038, 0.474494, -0.872173

92
-0.00226126, 0.0199781, -0.0694135
-0.999117, -0.0283132, 0.0310342
0.0413067, -0.5276, 0.848488
-0.00764972, 0.849021, 0.528304

93
-0.0137633, 0.00955209, -0.0550478
0.24133, 0.109205, 0.964279
0.35721, -0.933881, 0.0163639
0.902309, 0.340501, -0.264383

94
0.00593823, 0.0104041, 0.00912173
0.147364, -0.00117039, 0.989082
0.156537, -0.987368, -0.024491
0.976617, 0.158437, -0.14532

95
0.00276067, -0.0311975, 0.10466
-0.964839, -0.111494, -0.238024
0.253694, -0.631869, -0.73238
-0.0687434, -0.767014, 0.637937

96
-0.00517383, -0.0134088, -0.0640237
-0.640942, 0.767142, -0.0262185
-0.381797, -0.348249, -0.856127
-0.665901, -0.538717, 0.5161

97
0.0169895, 0.0214141, 0.022339
-0.964839, -0.111494, -0.238024
-0.208076, 0.877294, 0.432503
0.160595, 0.466823, -0.869647

98
-0.0023251, -0.0120045, 0.0453885
0.357926, -0.0745729, -0.930767
0.279064, 0.959791, 0.0304158
0.891074, -0.270631, 0.364345

99
0.0437054, -0.000156208, 0.0385161
0.994926, 0.032704, 0.0951452
0.0356571, -0.998928, -0.0295037
0.0940784, 0.0327466, -0.995026

100
-0.0519969, 0.0251155, 0.0275653
-0.275058, 0.044198, -0.960411
-0.807143, -0.553361, 0.205697
-0.522362, 0.831768, 0.18788

101
-0.00560453, -0.0129669, 0.0431923
-0.996958, 0.0553209, 0.0549062
0.0228599, 0.880996, -0.472572
-0.0745152, -0.469879, -0.87958

102
-0.0183636, -0.0203283, -0.0476846
-0.199659, 0.130402, -0.97115
0.630224, 0.775999, -0.0253697
0.750303, -0.617107, -0.237117

103
0.0226146, 0.00497353, 0.020988
0.810131, 0.147057, 0.567505
0.145998, -0.988137, 0.0476375
0.567779, 0.0442621, -0.82199

104
-0.0516699, -0.00670749, 0.0434468
-0.711434, 0.58029, -0.396391
0.419005, 0.803091, 0.423651
0.564178, 0.135309, -0.81449

105
0.000751326, -0.00317752, -0.106025
0.0191397, -0.999407, 0.0286283
-0.744455, 0.00486811, 0.667655
-0.667398, -0.0340912, -0.74392

106
-0.0338445, -0.0243522, -0.0629076
-0.964657, -0.179703, 0.192727
-0.038469, -0.627513, -0.777655
0.260685, -0.757585, 0.598422

107
0.0375166, 0.00355956, -0.0812773
0.195593, -0.978888, -0.0593414
-0.295551, -0.00114145, -0.955326
0.93509, 0.204394, -0.289535

108
0.0412305, -0.027134, 0.083142
0.995364, -0.0909764, 0.031196
0.025757, 0.564671, 0.824914
-0.0926632, -0.820287, 0.564396

109
-0.047427, 0.00438227, 0.0476335
-0.880771, 0.196659, -0.430775
0.0651702, 0.951371, 0.301075
0.469036, 0.237105, -0.850757

110
0.0436546, -0.00287884, 0.0399832
0.994926, 0.032704, 0.0951452
-0.00305941, -0.935421, 0.353522
0.100562, -0.352019, -0.930575

111
-0.0747461, -0.0370826, 0.0403964
-0.711434, 0.58029, -0.396391
0.695215, 0.663549, -0.276365
0.102653, -0.472193, -0.875498

112
-0.0303326, 0.0183865, -0.0253667
-0.140417, -0.0037598, -0.990085
-0.985057, 0.101252, 0.139319
0.0997245, 0.994854, -0.0179211

113
0.0204837, -0.0238263, 0.0258161
-0.850294, 0.0454, -0.524346
0.219996, 0.935721, -0.275733
0.478123, -0.349808, -0.805626

114
0.0110663, -0.00833199, 0.0376938
-0.992619, -0.0773995, 0.0933691
-0.0669904, 0.991684, 0.109885
-0.101098, 0.102819, -0.989549

115
0.0415272, -0.0215639, 0.0899188
0.995364, -0.0909764, 0.031196
0.0592571, 0.835598, 0.546136
-0.0757529, -0.541756, 0.837115

116
0.0174077, 0.0162843, -0.0569957
0.902538, 0.00331216, -0.430597
-0.313752, 0.689953, -0.652322
0.294931, 0.723846, 0.623748

117
-0.0249012, 0.0132511, -0.0676894
0.100159, 0.123964, 0.987219
0.665606, -0.745846, 0.026126
0.739552, 0.654482, -0.157214

118
0.0110663, -0.00833199, 0.0376938
-0.992619, -0.0773995, 0.0933691
-0.0669904, 0.991684, 0.109885
-0.101098, 0.102819, -0.989549

119
-0.0468903, 0.0162103, 0.0499544
0.763157, 0.0697213, 0.642441
0.240558, -0.953362, -0.182296
0.599769, 0.293665, -0.744337

120
-0.00113059, -0.0283926, -0.0770563
-0.935372, 0.281638, 0.213913
-0.209363, 0.0465236, -0.976731
-0.285036, -0.958392, 0.0154477

121
0.0264856, -0.00513466, 0.0197294
-0.922384, 0.0165142, -0.385921
0.0902863, 0.980628, -0.173829
0.375575, -0.195181, -0.906007

122
0.0225136, -0.0255445, 0.0283493
-0.922384, 0.0165142, -0.385921
0.22714, 0.83129, -0.507311
0.312435, -0.555593, -0.77052

123
0.00912408, -0.0386333, -0.0200877
0.31852, -0.261437, -0.911151
0.749593, 0.657828, 0.0732912
0.58022, -0.706337, 0.405503

124
-0.037901, 0.0455434, -0.0572621
0.988529, 0.0577024, -0.139573
-0.138793, 0.711486, -0.688857
0.0595556, 0.700327, 0.711333

125
-0.0201719, -0.0203166, -0.0262947
0.139893, 0.000267013, 0.990167
-0.686293, -0.720806, 0.0971558
0.713744, -0.693136, -0.100653

126
0.00838471, 0.00786808, 0.0373973
-0.992662, 0.074848, 0.094975
0.0751574, 0.997172, -0.000319647
-0.0947303, 0.00682078, -0.99548

127
-0.000922134, 0.0215699, -0.069248
-0.998255, -0.0561286, 0.0183315
0.0426185, -0.470043, 0.881614
-0.0408672, 0.880857, 0.471615

128
-0.0199879, 0.025014, 0.103995
0.999978, 0.00482624, -0.00462585
-0.00631881, 0.456445, -0.889729
-0.00218261, 0.889739, 0.456465

129
0.00941825, -0.0564376, 0.0894963
-0.964839, -0.111494, -0.238024
0.26069, -0.290247, -0.920759
0.0335739, -0.950434, 0.309107

130
-0.0236076, -0.0229846, -0.05114
0.998782, 0.00892899, -0.0485217
0.0192535, 0.834963, 0.549969
0.0454245, -0.550233, 0.833775

131
0.0551419, 0.0404049, 0.0499172
-0.421266, 0.316652, 0.849863
0.769761, 0.620356, 0.150421
-0.479587, 0.717558, -0.505081

132
-0.0418701, 0.047647, -0.0993373
0.871789, 0.0324111, -0.488809
-0.423953, -0.450036, -0.785959
-0.245455, 0.892422, -0.378596

133
0.0273321, -0.00280002, 0.0203531
-0.963697, -0.0726785, -0.256916
-0.0753875, 0.997154, 0.000697032
0.256135, 0.02004, -0.966433

134
-0.0189216, -0.0218841, -0.0100039
0.186843, -0.00994096, 0.98234
-0.761306, -0.633451, 0.138392
0.620888, -0.773719, -0.125924

135
-0.00342121, 0.0015143, 0.0433244
-0.316242, -0.0661975, 0.946366
0.191491, -0.981483, -0.00466451
0.929151, 0.179745, 0.323063

136
-0.0333387, 0.00704298, -0.0409468
-0.992928, -0.09264, 0.0742468
0.0764852, -0.977466, -0.196751
0.0908008, -0.189681, 0.977638

137
0.0113643, 0.0206944, 0.019796
-0.945504, -0.0358518, -0.323632
-0.174735, 0.89455, 0.411397
0.274756, 0.445527, -0.852065

138
0.0275794, -0.00622407, 0.0393185
-0.964444, -0.0029023, -0.264271
0.0178691, 0.996935, -0.0761611
0.263682, -0.0781754, -0.961437

139
0.00925436, -0.00256568, 0.0977819
-0.974474, 0.14834, -0.16851
-0.135795, -0.987191, -0.0837427
-0.178774, -0.0587223, 0.982136

140
-0.0281031, 0.0365047, 0.0914475
0.999878, -0.0154597, -0.0023224
-0.00192677, 0.0255564, -0.999672
0.015514, 0.999554, 0.0255235

141
-0.0149801, -0.003511, -0.0665912
0.100159, 0.123964, 0.987219
0.331925, -0.939531, 0.0843005
0.937973, 0.319239, -0.135249

142
-0.0384096, 0.0250081, 0.068856
0.932545, 0.00424095, -0.36103
-0.344087, 0.313374, -0.885099
0.109384, 0.94962, 0.293694

143
-0.0314139, -0.0208348, -0.00761719
0.186843, -0.00994096, 0.98234
-0.940959, -0.289143, 0.176046
0.282287, -0.957234, -0.0633784

144
0.0167989, -0.0270245, 0.0130208
-0.33309, 0.206603, -0.919982
0.638077, 0.767738, -0.0586102
0.694196, -0.606542, -0.387554

145
-0.00575833, -0.0280357, 0.0555823
-0.996958, 0.0553209, 0.0549062
-0.00739592, 0.634119, -0.7732
-0.0775912, -0.771254, -0.631781

146
-0.0345647, 0.0325378, 0.0229144
-0.275058, 0.044198, -0.960411
-0.945603, -0.192935, 0.261938
-0.173719, 0.980216, 0.094862

147
-0.00632529, -0.0182059, 0.0872212
-0.970829, 0.106235, -0.214955
0.117642, -0.570127, -0.81309
-0.20893, -0.814659, 0.540998

148
-0.0394985, 0.00543585, 0.0776815
-0.543394, -0.023518, 0.839148
0.229117, -0.965812, 0.121298
0.807607, 0.258176, 0.530205

149
-0.0148407, 0.01446, -0.0275489
-0.140417, -0.0037598, -0.990085
-0.626025, 0.775064, 0.0858415
0.767057, 0.631872, -0.111186

150
0.0439203, 0.00524275, 0.091739
0.995364, -0.0909764, 0.031196
0.0954664, 0.973936, -0.205753
-0.0116643, 0.207777, 0.978107

151
0.0122276, 0.00894022, -0.0139636
-0.878227, 0.0755578, 0.472238
0.12311, -0.918446, 0.375901
0.462127, 0.388264, 0.797302

152
-0.0656637, -0.0473437, 0.0620929
-0.605131, 0.0535468, 0.794323
-0.743632, -0.394315, -0.539932
0.284302, -0.917414, 0.278432

153
-0.00994477, -0.0180219, -0.0823693
-0.640942, 0.767142, -0.0262185
-0.0979055, -0.115582, -0.988461
-0.76132, -0.630979, 0.149189

154
0.00730718, -0.0112379, 0.0411922
-0.992662, 0.074848, 0.094975
0.0331847, 0.923877, -0.381249
-0.116281, -0.375299, -0.919581

155
0.00266249, -0.0160066, -0.0608668
-0.0608903, 0.167988, 0.983907
0.120655, -0.977269, 0.174321
0.990825, 0.129327, 0.0392377

156
-0.0120882, -0.00555278, 0.0391633
0.999489, 0.0267943, -0.0174092
0.02088, -0.96009, -0.27891
-0.0241876, 0.278404, -0.96016

157
0.00712373, -0.0198661, 0.0948734
-0.974474, 0.14834, -0.16851
-0.0570442, -0.889574, -0.453215
-0.217132, -0.432034, 0.875329

158
0.0427907, -0.00638539, 0.0938707
0.995364, -0.0909764, 0.031196
0.0837358, 0.979313, 0.184214
-0.0473098, -0.180748, 0.982391

159
-0.046024, -0.0120764, 0.0542975
-0.775453, -0.524711, -0.351213
-0.133657, 0.680047, -0.720883
0.617097, -0.512069, -0.597476

160
-0.0201289, -0.0154124, 0.0313371
0.999978, 0.00482624, -0.00462585
0.00443457, -0.996685, -0.0812343
-0.00500257, 0.0812119, -0.996684

161
-0.0126259, -0.00353557, -0.0277947
-0.140417, -0.0037598, -0.990085
0.0997245, 0.994854, -0.0179211
0.985057, -0.101252, -0.139319

162
0.00920421, -0.0121667, -0.0532286
-0.935372, 0.281638, 0.213913
-0.343459, -0.867635, -0.359507
0.0843477, -0.409743, 0.908293

163
-0.0594261, 0.0358015, 0.0656283
-0.543394, -0.023518, 0.839148
0.733074, -0.500374, 0.460682
0.409054, 0.86549, 0.289141

164
0.0193601, 0.0150431, 0.0230245
0.810131, 0.147057, 0.567505
0.352164, -0.895981, -0.270551
0.468688, 0.419037, -0.77765

165
-0.0373132, -0.0195397, 0.0761914
0.392307, -0.0430304, -0.918827
0.348373, 0.931443, 0.105122
0.851311, -0.361335, 0.380402

166
-0.00799242, -0.0232998, 0.0852113
-0.991292, 0.093879, -0.0923438
0.0488875, -0.388775, -0.920035
-0.122273, -0.916538, 0.3808

167
-0.0341006, -0.00946187, -0.0503054
-0.964657, -0.179703, 0.192727
0.0642193, -0.869661, -0.489454
0.255563, -0.459778, 0.850465

168
-0.00542862, -0.026924, -0.0977837
-0.935372, 0.281638, 0.213913
0.053509, 0.710583, -0.701576
-0.349593, -0.644788, -0.67973

169
-0.0260013, 0.019484, -0.0254818
0.139893, 0.000267013, 0.990167
0.922047, -0.364534, -0.130171
0.360914, 0.93119, -0.0512421

170
-0.037008, -0.0212988, 0.0523183
-0.999505, 0.000900952, -0.0314399
0.0261911, 0.577322, -0.816096
0.0174157, -0.816516, -0.57706

171
0.0477899, 0.0223069, 0.0682905
0.992493, -0.0575219, 0.10793
0.108661, 0.00972916, -0.994031
0.0561285, 0.998297, 0.0159065

172
-0.00916049, -0.00313149, -0.0472675
-0.199659, 0.130402, -0.97115
0.295123, 0.953086, 0.0673024
0.934366, -0.273171, -0.228776

173
0.030943, -0.0219225, 0.0476224
0.996904, 0.00891446, -0.0781198
0.073568, -0.456379, 0.886739
-0.0277475, -0.889741, -0.455622

174
-0.00158206, 0.0272112, -0.0879119
-0.998255, -0.0561286, 0.0183315
0.0237352, -0.0971736, 0.994984
-0.0540658, 0.993683, 0.0983363

175
-0.0339392, -0.0250473, -0.0583858
0.988529, 0.0577024, -0.139573
0.0595556, 0.700327, 0.711333
0.138793, -0.711486, 0.688857

176
-0.00183044, 0.0252886, -0.107324
-0.998255, -0.0561286, 0.0183315
0.00123839, 0.29049, 0.956877
-0.0590333, 0.955231, -0.289913

177
0.0127717, 0.0361112, 0.0926656
-0.992619, -0.0773995, 0.0933691
0.101098, -0.102819, 0.989549
-0.0669904, 0.991684, 0.109885

178
0.020151, -0.0275995, 0.0324824
-0.964839, -0.111494, -0.238024
0.0687434, 0.767014, -0.637937
0.253694, -0.631869, -0.73238

179
-0.0731589, -0.0261197, 0.0312682
-0.275058, 0.044198, -0.960411
0.173719, -0.980216, -0.094862
-0.945603, -0.192935, 0.261938

180
-0.00224857, 0.042233, 0.0485113
-0.996958, 0.0553209, 0.0549062
0.0775912, 0.771254, 0.631781
-0.00739592, 0.634119, -0.7732

181
0.00431886, 0.0390289, -0.0175308
0.871789, 0.0324111, -0.488809
-0.245455, 0.892422, -0.378596
0.423953, 0.450036, 0.785959

182
-0.0121989, -0.0227032, -0.0644634
0.100159, 0.123964, 0.987219
-0.0522882, -0.990181, 0.129641
0.993597, -0.0646046, -0.0926933

183
-0.0103487, -0.00832419, 0.0428148
0.998638, -0.0316428, -0.0414924
-0.0168158, -0.947889, 0.318156
-0.0493976, -0.317025, -0.94713

184
-0.0208581, 0.015032, -0.0262072
0.139893, 0.000267013, 0.990167
0.713744, -0.693136, -0.100653
0.686293, 0.720806, -0.0971558

185
-0.0254774, -0.0192675, -0.0065546
0.192364, -0.0147807, 0.981212
-0.950376, -0.251936, 0.182523
0.244505, -0.967631, -0.0625105

186
-0.0181423, -0.0163295, -0.0437496
-0.187819, 0.111912, -0.975807
0.54858, 0.836041, -0.00970553
0.814729, -0.537132, -0.218417

187
-0.0631429, 0.015244, 0.111429
-0.774921, 0.569413, -0.274348
-0.569235, -0.44007, 0.694485
0.274717, 0.694339, 0.665149

188
-0.0400876, -0.000811931, 0.0784405
-0.605131, 0.0535468, 0.794323
-0.021915, -0.998478, 0.050614
0.795824, 0.0132206, 0.605384

189
-0.00598453, -0.00849849, -0.00535496
0.374864, -0.0387946, 0.926268
-0.363444, -0.925296, 0.108333
0.852869, -0.377257, -0.360959

190
-0.0577135, -0.0156889, -0.0958525
0.791539, 0.130593, -0.597002
0.324052, -0.917942, 0.228849
-0.518128, -0.374603, -0.768906

191
-0.000663946, -0.00806164, -0.101784
-0.935372, 0.281638, 0.213913
0.285036, 0.958392, -0.0154477
-0.209363, 0.0465236, -0.976731

192
-0.0322208, -0.0109381, -0.0484324
-0.992928, -0.09264, 0.0742468
0.0359151, -0.830473, -0.555901
0.113159, -0.549302, 0.827926

193
-0.0471687, -0.0217968, 0.0544099
0.763157, 0.0697213, 0.642441
-0.254001, -0.881781, 0.397423
0.594201, -0.466477, -0.655228

194
-0.0183665, -0.0207134, -0.0269153
-0.140417, -0.0037598, -0.990085
0.767057, 0.631872, -0.111186
0.626025, -0.775064, -0.0858415

195
0.0227095, 0.0216349, 0.0299001
-0.922384, 0.0165142, -0.385921
-0.201729, 0.831422, 0.517728
0.329414, 0.555395, -0.763559

196
-0.00171782, -4.99088e-05, -0.00651519
0.369986, -0.0218887, 0.92878
-0.154533, -0.987245, 0.0382927
0.916095, -0.157695, -0.368649

197
0.012502, -0.000595775, -0.0237528
0.0191397, -0.999407, 0.0286283
0.901486, 0.0296332, 0.431793
-0.432385, 0.0175437, 0.901519

198
0.0207979, -0.0226088, 0.0504665
-0.963697, -0.0726785, -0.256916
0.207788, 0.400109, -0.892601
0.167667, -0.913581, -0.370482

199
-0.00883083, 0.00698421, -0.011631
0.186843, -0.00994096, 0.98234
0.282287, -0.957234, -0.0633784
0.940959, 0.289143, -0.176046

200
-0.0200147, 0.0290924, 0.043746
0.999834, -0.0157174, -0.0092124
-0.0180144, -0.928377, -0.371202
-0.00271823, 0.371307, -0.928506

201
-0.0529621, -0.0192717, 0.109709
-0.993587, -0.0700286, -0.0887757
0.113059, -0.626864, -0.770882
-0.00166651, -0.775975, 0.630761

202
-0.052517, -0.0363071, 0.0713643
-0.605131, 0.0535468, 0.794323
-0.578229, -0.715379, -0.392281
0.547236, -0.696682, 0.46386

203
-0.0479652, 0.0216835, 0.0566323
-0.880771, 0.196659, -0.430775
-0.119283, 0.788216, 0.603728
0.458272, 0.58313, -0.67078

204
-0.0413717, 0.019899, -0.100288
0.871789, 0.0324111, -0.488809
-0.29775, -0.757294, -0.581249
-0.389011, 0.652269, -0.65055

205
-0.0238307, -0.0275761, -0.0356254
-0.0646735, 0.108355, -0.992006
0.971108, 0.235666, -0.0375695
0.229712, -0.965775, -0.120466

206
-0.0364683, 0.00180844, -0.042038
-0.942682, -0.288174, 0.168245
0.198529, -0.889593, -0.411351
0.26821, -0.354372, 0.895815

207
0.00740187, 0.0202403, -0.013278
0.871789, 0.0324111, -0.488809
-0.0645316, 0.996712, -0.0490036
0.485613, 0.0742644, 0.871014

208
-0.01136, 0.00512384, -0.00895485
0.192364, -0.0147807, 0.981212
0.244505, -0.967631, -0.0625105
0.950376, 0.251936, -0.182523

209
-0.0107466, 0.00171175, -0.043104
-0.187819, 0.111912, -0.975807
0.195039, 0.977953, 0.0746179
0.962644, -0.176306, -0.205505

210
-0.00360964, 0.0261979, -0.107149
-0.999117, -0.0283132, 0.0310342
0.023799, 0.227278, 0.973539
-0.0346174, 0.973418, -0.226404

211
-0.0130507, 0.0214533, -0.0611087
-0.169569, 0.149976, -0.97404
-0.132573, 0.975898, 0.173342
0.976561, 0.158525, -0.145599

212
0.00936033, -0.00226906, -0.0495704
-0.953161, -0.00737172, 0.302374
-0.0777627, -0.960126, -0.268536
0.292296, -0.279471, 0.914581

213
-0.0111446, -0.0237355, -0.00390481
0.374864, -0.0387946, 0.926268
-0.662158, -0.710492, 0.23822
0.648864, -0.702635, -0.292026

214
-0.0457998, 0.00814401, 0.054653
-0.711434, 0.58029, -0.396391
0.171208, 0.690179, 0.703094
0.681579, 0.432339, -0.590367

215
-0.0115812, 0.0537105, -0.000484514
0.374864, -0.0387946, 0.926268
0.852869, -0.377257, -0.360959
0.363444, 0.925296, -0.108333

216
0.0490349, -0.0110074, 0.0949777
0.981281, -0.190979, 0.0247842
0.178703, 0.950967, 0.252444
-0.0717803, -0.243289, 0.967294

217
-0.0321132, -0.0231189, -0.0637697
-0.832124, -0.264605, 0.487395
-0.144951, -0.744523, -0.651671
0.535312, -0.61292, 0.58118

218
-0.0135536, 0.00940912, -0.0187508
0.902974, 0.0389284, -0.427928
0.0522772, 0.978538, 0.199327
0.426503, -0.202358, 0.881559

219
0.0179515, -0.00114902, 0.0486231
-0.162689, -0.323573, 0.932112
0.310327, -0.913536, -0.262961
0.936605, 0.246479, 0.249036

220
0.00718044, 0.0230404, -0.0783802
0.902538, 0.00331216, -0.430597
-0.430404, -0.0239662, -0.902318
-0.0133084, 0.999707, -0.0202049

221
0.00325215, -0.0459751, -0.048748
-0.998255, -0.0561286, 0.0183315
0.0408672, -0.880857, -0.471615
0.0426185, -0.470043, 0.881614

222
0.000427728, 0.00161872, -0.0346773
0.31852, -0.261437, -0.911151
0.119765, 0.964611, -0.234909
0.94032, -0.0343011, 0.338559

223
0.0489759, -0.00546368, 0.0425838
0.992493, -0.0575219, 0.10793
-0.0934388, -0.926029, 0.365704
0.0789102, -0.373043, -0.924452

224
-0.0116046, 0.0164624, -0.0110075
0.186843, -0.00994096, 0.98234
0.620888, -0.773719, -0.125924
0.761306, 0.633451, -0.138392

225
0.0203293, -0.0635311, 0.0638008
-0.963697, -0.0726785, -0.256916
0.256135, 0.02004, -0.966433
0.0753875, -0.997154, -0.000697032

226
0.0278348, -0.00946513, -0.0548671
0.820659, 0.128561, -0.556768
0.00856294, 0.971486, 0.236943
0.571354, -0.199217, 0.796158

227
-0.0169868, -0.00774549, -0.065125
0.142189, 0.114845, 0.983155
0.249654, -0.965296, 0.076653
0.957839, 0.234549, -0.165926

228
0.0475337, -0.0207091, 0.0477214
0.992493, -0.0575219, 0.10793
-0.116524, -0.712782, 0.691639
0.037146, -0.699023, -0.714134

229
-0.0308154, -0.0253646, -0.0247896
0.139893, 0.000267013, 0.990167
-0.907191, -0.400687, 0.128278
0.396781, -0.916215, -0.0558112

230
0.064414, -0.0100651, 0.0420917
-0.941958, -0.156909, -0.296808
-0.0655314, 0.95299, -0.295832
0.329274, -0.259211, -0.907958

231
-0.0307306, -0.00159936, 0.0812404
0.703859, -0.185595, -0.685665
0.341318, 0.934896, 0.097318
0.622964, -0.302528, 0.721383

232
0.0463618, -0.0286993, 0.0644843
0.981281, -0.190979, 0.0247842
-0.0717803, -0.243289, 0.967294
-0.178703, -0.950967, -0.252444

233
0.0469805, -0.02273, 0.0859857
0.981281, -0.190979, 0.0247842
0.137631, 0.785476, 0.603395
-0.134703, -0.588689, 0.797057

234
-0.000781601, -0.0109367, -0.0314975
0.31852, -0.261437, -0.911151
0.470494, 0.878058, -0.0874671
0.82291, -0.400831, 0.402683

235
0.0113899, 0.0446043, 0.0850164
-0.992619, -0.0773995, 0.0933691
0.119038, -0.474494, 0.872173
-0.0232027, 0.876849, 0.480205

236
0.0147471, -0.0292674, 0.0138645
-0.505386, -0.0044718, -0.862882
0.49883, 0.814448, -0.296383
0.704098, -0.580219, -0.40938

237
-0.0478878, -0.0145035, 0.0436522
0.87091, 0.471092, 0.13996
0.173444, -0.561107, 0.809367
0.459819, -0.680611, -0.570382

238
-0.0407833, 0.0564916, -0.0731501
0.988529, 0.0577024, -0.139573
-0.151019, 0.389324, -0.908637
0.00190862, 0.919292, 0.393572

239
-0.0234099, 0.00885926, -0.0434819
0.998688, 0.0210115, -0.0466997
-0.0135754, 0.987948, 0.154192
0.0493767, -0.153356, 0.986937

240
-0.0301273, 0.0194214, -0.0681585
-0.887712, 0.434582, 0.152005
-0.0701073, -0.453905, 0.888288
0.45503, 0.777887, 0.433405

241
-0.0706349, -0.0371273, -0.0391938
-0.199659, 0.130402, -0.97115
0.934366, -0.273171, -0.228776
-0.295123, -0.953086, -0.0673024

242
-0.0333529, 0.0203939, -0.00683117
0.186843, -0.00994096, 0.98234
0.977359, -0.0991841, -0.186899
0.0992904, 0.995019, -0.00881595

243
0.0404221, -0.00200115, 0.0921189
-0.74655, -0.39634, -0.534394
0.122349, -0.871287, 0.475278
-0.653983, 0.289436, 0.698952

244
0.0463948, -0.026478, 0.0802928
0.981281, -0.190979, 0.0247842
0.0756058, 0.500403, 0.862485
-0.177119, -0.844466, 0.505476

245
-0.0235095, 0.00776946, -0.105051
0.387097, 0.916288, -0.10282
0.131491, -0.165234, -0.97745
-0.912615, 0.364848, -0.184446

246
0.0406332, -0.0264908, 0.0676503
-0.421266, 0.316652, 0.849863
-0.479587, 0.717558, -0.505081
-0.769761, -0.620356, -0.150421

247
-0.0524966, -0.0208246, -0.0146674
-0.162892, -0.0356479, -0.986
0.809993, -0.575448, -0.11301
-0.563363, -0.817061, 0.12261

248
-0.0607326, 0.00983588, 0.0108355
-0.956813, -0.0154067, 0.290295
-0.0879613, 0.967128, -0.238592
-0.277077, -0.253823, -0.926716

249
0.0484774, 0.0242482, 0.0630033
0.992493, -0.0575219, 0.10793
0.0789102, -0.373043, -0.924452
0.0934388, 0.926029, -0.365704

250
-0.0477748, -0.0124749, 0.0424343
-0.913976, -0.323194, -0.245343
-0.0545787, 0.697063, -0.714929
0.40208, -0.640038, -0.654739

251
-0.00317868, 0.0629339, 0.0427894
0.810131, 0.147057, 0.567505
0.567779, 0.0442621, -0.82199
-0.145998, 0.988137, -0.0476375

252
0.00537589, 0.00593411, -0.0338692
-0.0646735, 0.108355, -0.992006
0.159401, 0.982445, 0.0969189
0.985093, -0.151859, -0.0808101

253
-0.0355759, -0.0283474, -0.08869
-0.942682, -0.288174, 0.168245
-0.17182, -0.0130355, -0.985042
0.286057, -0.957489, -0.0372258

254
0.00925478, 0.0195128, 0.00976523
-0.275058, 0.044198, -0.960411
-0.522362, 0.831768, 0.18788
0.807143, 0.553361, -0.205697

255
0.0253253, 0.00414196, -0.0554241
0.820659, 0.128561, -0.556768
-0.210737, 0.973773, -0.0857693
0.531139, 0.187719, 0.826228

256
0.0421127, 0.017781, 0.0490058
0.994926, 0.032704, 0.0951452
0.0917368, -0.683194, -0.724452
0.0413101, 0.729504, -0.682727

257
-0.0161772, -0.0085442, -0.02592
0.902974, 0.0389284, -0.427928
0.211514, 0.826612, 0.521512
0.374032, -0.561425, 0.738175

258
0.0233922, -0.0344443, 0.0300922
0.810131, 0.147057, 0.567505
-0.298244, -0.730017, 0.61492
0.504716, -0.667421, -0.54755

259
-0.0504591, -0.0147238, 0.0451106
-0.880771, 0.196659, -0.430775
0.239702, 0.969688, -0.0474134
0.408393, -0.145018, -0.901213

260
0.0111148, 0.0243912, -0.0701233
0.902538, 0.00331216, -0.430597
-0.402734, 0.36043, -0.841365
0.152413, 0.932781, 0.326635

261
-0.0374635, 0.0186834, 0.0743372
0.392307, -0.0430304, -0.918827
-0.355631, 0.914132, -0.194652
0.848305, 0.403127, 0.343318

262
-0.0861755, 0.0075063, -0.0703792
-0.0608903, 0.167988, 0.983907
0.615304, 0.782482, -0.0955185
-0.785935, 0.599585, -0.151009

263
0.0489327, -0.0178764, 0.0460938
0.981281, -0.190979, 0.0247842
-0.177119, -0.844466, 0.505476
-0.0756058, -0.500403, -0.862485

264
-0.0234231, 0.0321691, 0.0135221
0.147364, -0.00117039, 0.989082
0.96218, -0.231473, -0.14363
0.229114, 0.972841, -0.0329847

265
0.0456737, 0.0245648, 0.0650793
-0.74655, -0.39634, -0.534394
-0.375922, -0.411431, 0.830306
-0.54895, 0.820755, 0.158161

266
-0.0363357, 0.0305725, 0.032431
-0.999505, 0.000900952, -0.0314399
-0.00606712, 0.975294, 0.220828
0.0308621, 0.220909, -0.974806

267
0.0497306, 0.00948214, 0.0436099
0.992493, -0.0575219, 0.10793
-0.0102733, -0.918583, -0.395095
0.121869, 0.39102, -0.912278

268
-0.0646171, -0.013629, -0.0129252
-0.162892, -0.0356479, -0.986
0.532746, -0.84432, -0.0574865
-0.83045, -0.534652, 0.156524

269
-0.0603379, 0.0315097, 0.0236503
-0.978042, -0.207267, -0.0217758
-0.206355, 0.948476, 0.24044
-0.0291815, 0.239654, -0.97042

270
-0.00497511, 0.00468828, -0.0311391
-0.111074, -0.0973217, 0.989035
0.0215939, -0.995195, -0.0955027
0.993578, 0.0107492, 0.112642

271
-0.066466, -0.0284627, 0.030101
-0.774921, 0.569413, -0.274348
0.596764, 0.802149, -0.0207437
0.208256, -0.179796, -0.961407

272
0.043078, -0.0237018, 0.0531709
0.994926, 0.032704, 0.0951452
-0.0732717, -0.412527, 0.907994
0.0689451, -0.910358, -0.408038

273
-0.000688823, -0.011109, -0.0471518
-0.999117, -0.0283132, 0.0310342
0.0346174, -0.973418, 0.226404
0.023799, 0.227278, 0.973539

274
-0.0347673, 0.0208487, 0.0847354
-0.996935, 0.0400291, 0.0672118
0.0474051, -0.374327, 0.926084
0.0622296, 0.926432, 0.371282

275
0.0195505, -0.0361035, 0.0355636
0.232931, 0.337861, 0.911917
-0.52502, -0.745628, 0.410357
0.818595, -0.57436, 0.003704

276
-0.0387554, -0.0227651, 0.107828
-0.999505, 0.000900952, -0.0314399
0.0261129, -0.533431, -0.845441
-0.0175327, -0.845843, 0.533143

277
0.0245147, 0.0224314, 0.050188
-0.964444, -0.0029023, -0.264271
-0.236773, 0.453735, 0.859106
0.117416, 0.891132, -0.43829

278
-0.0142358, 0.0153753, -0.0317154
-0.10462, -0.0598365, 0.992711
0.558551, -0.829423, 0.00887067
0.822846, 0.555408, 0.120196

279
-0.00412426, 0.0257632, -0.00467285
0.374864, -0.0387946, 0.926268
0.648864, -0.702635, -0.292026
0.662158, 0.710492, -0.23822

280
-0.00846247, -0.0123726, 0.101366
-0.991292, 0.093879, -0.0923438
-0.00162564, -0.709925, -0.704276
-0.131674, -0.697993, 0.703895

281
0.0081907, -0.00627506, 0.00876639
0.147364, -0.00117039, 0.989082
-0.229114, -0.972841, 0.0329847
0.96218, -0.231473, -0.14363

282
-0.00141501, 0.00414091, -0.0542056
0.387097, 0.916288, -0.10282
-0.792826, 0.273844, -0.544459
-0.470725, 0.292277, 0.832462

283
0.0196602, -0.0689309, 0.0538322
-0.964839, -0.111494, -0.238024
0.227998, 0.0955621, -0.968961
0.13078, -0.98916, -0.0667815

284
0.046427, -0.0232579, 0.0565395
0.992493, -0.0575219, 0.10793
-0.121869, -0.39102, 0.912278
-0.0102733, -0.918583, -0.395095

285
-0.0313771, -0.00654033, -0.0535125
-0.832124, -0.264605, 0.487395
0.0709376, -0.922403, -0.379658
0.550034, -0.281347, 0.786324

286
-0.0263994, 0.00610984, 0.0743736
0.684114, -0.211574, -0.698015
0.168742, 0.976951, -0.13074
0.709588, -0.028344, 0.704047

287
0.0217729, -0.0386235, 0.0224443
-0.850294, 0.0454, -0.524346
0.38622, 0.730627, -0.563044
0.357539, -0.681265, -0.638782

288
-0.0193042, 0.0395229, -0.0572377
-0.169569, 0.149976, -0.97404
-0.496195, 0.840947, 0.215865
0.851491, 0.519918, -0.0681808

289
-0.0170275, 0.0145884, 0.0733816
0.615635, -0.30482, -0.72669
0.131244, 0.94894, -0.286859
0.777025, 0.0812269, 0.624207

290
-0.0584035, -0.0603758, -0.0374553
0.31852, -0.261437, -0.911151
0.82291, -0.400831, 0.402683
-0.470494, -0.878058, 0.0874671

291
-0.0563112, -0.0213746, 0.025923
-0.943336, 0.292027, -0.157596
0.284174, 0.956158, 0.0707621
0.171351, 0.0219676, -0.984965

292
0.0639125, -0.00622082, 0.0416508
-0.941958, -0.156909, -0.296808
-0.186551, 0.979643, 0.0741476
0.279132, 0.125214, -0.952054

293
-0.00329356, -0.0179497, 0.0420056
-0.316242, -0.0661975, 0.946366
-0.178656, -0.975558, -0.12794
0.931704, -0.209534, 0.296686

294
-0.0118947, -0.0620611, 0.0155414
-0.33309, 0.206603, -0.919982
0.94206, 0.113983, -0.315486
0.0396822, -0.971763, -0.232598

295
-0.0322421, 0.0153976, 0.0846738
0.932545, 0.00424095, -0.36103
-0.276036, 0.652924, -0.705333
0.232734, 0.757412, 0.610051

296
-0.00182379, 0.00384815, -0.00638112
0.369986, -0.0218887, 0.92878
0.207804, -0.972443, -0.105698
0.905499, 0.232111, -0.355241

297
-0.010735, -0.0303143, 0.0603012
0.998338, -0.0465452, -0.0339684
0.00756374, -0.478548, 0.878029
-0.0571235, -0.876827, -0.477401

298
-0.0712453, 0.0351431, 0.0394386
-0.775453, -0.524711, -0.351213
-0.621271, 0.733333, 0.276126
0.11267, 0.432321, -0.894653

299
0.0604205, -0.00177085, 0.0387194
-0.964688, 0.115677, -0.236636
0.0315737, 0.942709, 0.332119
0.261498, 0.31292, -0.913072

300
-0.0278734, -0.0255923, -0.0185629
-0.162892, -0.0356479, -0.986
0.83045, 0.534652, -0.156524
0.532746, -0.84432, -0.0574865

301
0.00243989, -0.0461333, -0.0198119
-0.825268, 0.104987, 0.554896
-0.460883, -0.693047, -0.554322
0.326373, -0.713206, 0.620337

302
-0.0493528, -0.0239434, 0.062199
-0.950175, -0.309511, -0.037029
-0.0273158, 0.201007, -0.979209
0.310519, -0.929408, -0.199446

303
-0.0682109, 0.031378, 0.0153974
-0.15677, 0.0524007, 0.986244
