0
0.0123135, 0.00420766, 0.0290056
0.0073954, 0.999916, -0.0106781
-0.994462, 0.00623469, -0.104914
-0.104838, 0.0113948, 0.994424

1
-0.0379684, 0.0128418, -3.19872e-05
0.00026126, -0.99993, -0.0117936
-0.36635, -0.0110694, 0.930411
-0.930477, 0.00407752, -0.366328

2
-0.0126073, -0.0696576, -0.0336529
-0.998609, -0.023896, -0.0470095
0.0174757, 0.69111, -0.722538
0.0497545, -0.722354, -0.689731

3
-0.014095, -0.0392941, -0.0251175
-0.0595387, 0.977633, -0.201714
0.101932, -0.195062, -0.97548
-0.993008, -0.0786399, -0.088038

4
-0.000531413, 0.0563284, -0.00504008
-0.99722, 0.0715499, -0.0208106
-0.020082, 0.0108868, 0.999739
0.0717578, 0.997378, -0.00941966

5
0.00132313, 0.0180208, -0.0136572
0.0241456, 0.999628, 0.0126982
0.578459, -0.0243297, 0.815349
0.815354, -0.0123417, -0.578831

6
0.00901412, -0.0080306, 0.00980965
-0.984208, 0.163116, -0.0687618
-0.0464047, -0.61261, -0.789022
-0.170826, -0.77337, 0.610505

7
-0.0353315, 0.0100774, 0.0216161
-0.00978335, -0.999846, -0.0146032
0.0664964, -0.0152221, 0.997671
-0.997739, 0.00878949, 0.0666351

8
-0.00531488, -0.0247508, -0.00293383
-0.0318193, -0.999467, -0.00733924
-0.0645666, -0.00527217, 0.997899
-0.997406, 0.0322264, -0.0643644

9
-0.00502868, 0.00144064, 0.0249961
-0.995359, 0.0959119, 0.0078843
-0.0908708, -0.909741, -0.405109
-0.0316821, -0.403946, 0.914234

10
-0.00310288, -0.0166205, -0.00281981
-0.0138628, -0.99989, -0.0053537
-0.30213, -0.00091524, 0.953266
-0.953166, 0.0148324, -0.302084

11
0.00342446, 0.0565362, -0.00325938
-0.999661, 0.0252175, -0.00649837
-0.00516622, 0.0525366, 0.998606
0.0255238, 0.998301, -0.0523885

12
-0.00822759, 0.0585668, -0.0421607
0.999744, 0.00509511, 0.0220605
0.0182635, -0.757351, -0.652752
0.0133817, 0.652988, -0.75725

13
-0.000514354, 0.0181335, -0.00664779
0.0145969, 0.99987, 0.00690929
0.438517, -0.0126116, 0.898635
0.898604, -0.0100874, -0.438644

14
-0.00453584, 0.00703092, -0.0100728
0.0129949, -0.99921, -0.0375695
-0.507039, -0.0389687, 0.861042
-0.861825, 0.00786003, -0.507144

15
0.00435544, 0.00318444, -0.00416004
0.00881318, 0.999956, -0.00327511
0.0889143, 0.00247862, 0.996036
0.996, -0.00906945, -0.0888885

16
-0.066974, 0.0263391, 0.024003
-0.0322121, -0.99811, -0.0523309
0.834155, -0.0556897, 0.548712
-0.550589, -0.0259769, 0.834372

17
-0.00531488, -0.0247508, -0.00293383
-0.0318193, -0.999467, -0.00733924
-0.0645666, -0.00527217, 0.997899
-0.997406, 0.0322264, -0.0643644

18
0.000656908, -0.00558304, -0.0100575
0.0198868, 0.999487, 0.025109
0.506467, -0.0317241, 0.861675
0.86203, -0.00441913, -0.506838

19
0.0374851, -0.00596134, 0.0178676
0.0105184, 0.999536, 0.0285684
-0.0519829, -0.0279848, 0.998256
0.998593, -0.0119851, 0.0516644

20
-0.0544231, -0.0325842, -0.0315028
-0.0790255, 0.991204, 0.106158
0.873938, 0.120116, -0.470962
-0.47957, 0.0555572, -0.875743

21
-0.0341444, 0.00729317, 0.0369863
-0.00683989, -0.999864, 0.0150396
0.974102, -0.0100613, -0.225883
0.226004, 0.0131051, 0.974038

22
-0.00433143, 0.00984217, -0.0104192
0.0193545, -0.999003, -0.0402316
-0.513724, -0.0444578, 0.856803
-0.857737, 0.004085, -0.514072

23
0.0161268, -0.0401306, -0.0545581
0.322992, 0.941236, -0.0987436
0.798142, -0.326974, -0.506021
-0.508572, 0.0846293, -0.85685

24
-0.014594, 0.00770728, -0.00132257
-0.0155169, -0.999673, -0.0203168
-0.332465, -0.0140047, 0.943012
-0.942988, 0.0213872, -0.332139

25
-0.00480335, 0.058856, -0.00251421
-0.992965, 0.112799, -0.0360027
-0.0331264, 0.0272718, 0.999079
0.113677, 0.993243, -0.0233433

26
0.0458026, 0.0165354, -0.0384933
-0.00964551, -0.99979, -0.0180543
-0.718143, 0.0194899, -0.695622
0.695829, 0.00625591, -0.718181

27
-0.0025471, -0.0557315, -0.034002
0.999795, 0.0122501, 0.0161255
-0.00326889, -0.688219, 0.725496
0.0199852, -0.7254, -0.688038

28
-0.00305278, 0.024386, -0.0198154
-0.00968108, -0.999809, 0.0169973
-0.701946, 0.0189009, 0.711979
-0.712164, -0.00503845, -0.701995

29
0.00230569, 0.00610939, -0.0268428
-0.999661, 0.0252175, -0.00649837
0.0255579, 0.902205, -0.430551
-0.00499456, -0.430571, -0.902543

30
-0.000235703, 0.0210258, -0.0300647
-0.0144895, -0.999893, -0.00201255
-0.426911, 0.00800644, -0.904258
0.904177, -0.012243, -0.426981

31
-0.00335174, 0.0166124, -0.0164967
-0.00964551, -0.99979, -0.0180543
-0.695829, -0.00625591, 0.718181
-0.718143, 0.0194899, -0.695622

32
-0.00486625, -0.0663791, -0.0287356
-0.999407, -0.0256282, -0.0230153
0.00148548, 0.635472, -0.772122
0.0344137, -0.771698, -0.635057

33
-0.0173664, 0.00735791, 0.0179853
-0.0155169, -0.999673, -0.0203168
0.0537082, -0.0211232, 0.998333
-0.998436, 0.0143998, 0.0540184

34
-0.0367827, 0.0343771, -0.0217817
0.254029, 0.966642, 0.0327512
0.0289545, 0.0262465, -0.999236
-0.966763, 0.254783, -0.0213213

35
-0.0414368, 0.0126145, 0.0191649
0.00026126, -0.99993, -0.0117936
0.0176148, -0.0117872, 0.999775
-0.999845, -0.000468944, 0.0176105

36
0.00866171, 0.00749619, -0.0195137
0.0258421, -0.99835, -0.0512796
-0.695693, -0.0547974, 0.716246
-0.717874, 0.0171655, -0.695961

37
0.0170027, 0.00507265, 0.00687295
-0.987827, 0.13158, 0.0829687
-0.0837962, -0.000754525, -0.996483
-0.131054, -0.991305, 0.0117712

38
-0.00439259, -0.0200584, -0.0231742
0.039398, -0.998649, -0.0338732
-0.828258, -0.0516014, 0.557966
-0.55896, 0.00607301, -0.829172

39
0.0427781, 0.0236362, -0.0378145
-0.00968108, -0.999809, 0.0169973
-0.712164, -0.00503845, -0.701995
0.701946, -0.0189009, -0.711979

40
0.00973274, -0.0620653, -0.0243143
-0.999034, 0.0334554, 0.0284932
-0.00352915, 0.585214, -0.810871
-0.0438026, -0.810188, -0.584531

41
0.0344113, 0.000994317, 0.0190609
-0.00898643, 0.999664, 0.0242931
-0.0753323, -0.0249019, 0.996848
0.997118, 0.00712804, 0.0755308

42
0.0056917, 0.0432302, 0.0267908
0.999887, -0.014867, 0.00201125
0.0147527, 0.950016, -0.311851
0.00272555, 0.311846, 0.950129

43
-0.0133054, 0.00110222, -0.0230152
0.0240773, 0.999188, 0.0323175
0.765669, -0.0392161, 0.642038
0.642784, 0.00928601, -0.765991

44
0.00384275, 0.0184003, -0.00330709
-0.00540773, -0.999979, 0.00344104
0.168151, -0.00430141, -0.985752
0.985746, -0.00475207, 0.168171

45
0.0129793, 0.00797284, 0.00728203
-0.999034, 0.0334554, 0.0284932
0.0334686, 0.159081, 0.986698
0.0284776, 0.986699, -0.160047

46
0.00161651, 0.020922, 0.00815867
-0.0144895, -0.999893, -0.00201255
0.337478, -0.00299573, -0.941329
0.941222, -0.0143185, 0.337486

47
-0.00113666, 0.00317154, -0.0228801
0.00881318, 0.999956, -0.00327511
0.463299, -0.00118078, 0.886201
0.886158, -0.0093276, -0.463289

48
-0.0117673, 0.0259039, 0.0171811
-0.98587, -0.165566, -0.0254758
-0.0188213, -0.041638, 0.998955
-0.166454, 0.985319, 0.0379335

49
0.0133934, -0.0269971, -0.0194366
-0.071078, -0.996398, 0.0462455
-0.037657, -0.0436493, -0.998337
0.99676, -0.0727013, -0.0344188

50
0.0219346, 0.00430411, 0.00745779
-0.00994376, 0.999701, 0.0223574
0.156783, -0.0205233, 0.98742
0.987583, 0.0133239, -0.156532

51
0.00481779, -0.0198629, -0.00512306
0.999887, -0.014867, 0.00201125
0.00272555, 0.311846, 0.950129
-0.0147527, -0.950016, 0.311851

52
-0.000283298, -0.0247725, -0.0217828
-0.0318193, -0.999467, -0.00733924
-0.441343, 0.00746164, 0.897308
-0.896774, 0.0317908, -0.441345

53
-0.00316936, 0.0203852, 0.0292679
-0.995359, 0.0959119, 0.0078843
-0.0960779, -0.995074, -0.0244099
0.00550426, -0.0250542, 0.999671

54
0.000288808, -0.0156905, -0.0316823
0.0943189, 0.994938, 0.0346696
0.995434, -0.0947645, 0.0114402
0.0146677, 0.0334322, -0.999333

55
-0.0011014, 0.000316504, -0.00781494
0.0240773, 0.999188, 0.0323175
0.461404, -0.0397846, 0.886298
0.886864, -0.00642822, -0.461987

56
0.0033084, 0.0183361, -0.0228087
-0.00540773, -0.999979, 0.00344104
-0.221878, -0.00215545, -0.975072
0.975059, -0.00603642, -0.221862

57
0.00596361, 0.0602211, 0.0172076
0.999887, -0.014867, 0.00201125
0.0125867, 0.758363, -0.651711
0.00816371, 0.651663, 0.758464

58
-0.0174409, 0.025128, 0.0156374
-0.00968108, -0.999809, 0.0169973
0.00722505, 0.0169277, 0.999831
-0.999927, 0.00980224, 0.00705979

59
-0.0137734, 0.0247668, -0.00352042
-0.00968108, -0.999809, 0.0169973
-0.37598, 0.0193903, 0.926425
-0.926577, 0.00257814, -0.376096

60
-0.0184788, 0.00563406, -0.0151933
-0.99627, -0.0700417, 0.0503963
-0.0626689, 0.185857, -0.980576
0.0593147, -0.980077, -0.189553

61
0.0138393, -0.0136959, -0.0107748
-0.999436, 0.00361659, 0.0333856
0.0303737, 0.521367, 0.852792
-0.014322, 0.853325, -0.521183

62
-9.19939e-05, -0.062602, -0.0227492
-0.903771, 0.408899, 0.126489
0.242127, 0.732118, -0.636693
-0.352948, -0.544799, -0.760672

63
-0.00824847, -0.0281158, -0.0219361
-0.995359, 0.0959119, 0.0078843
-0.00550426, 0.0250542, -0.999671
-0.0960779, -0.995074, -0.0244099

64
0.0134053, -0.00106868, -0.0211905
-0.0319442, -0.998966, 0.0323498
-0.0705308, -0.0300326, -0.997057
0.996998, -0.0341318, -0.0694985

65
-0.0139326, 0.0164185, -0.000107383
-0.00964551, -0.99979, -0.0180543
-0.36804, -0.0132382, 0.929716
-0.92976, 0.0156123, -0.367835

66
0.0063059, -0.0166594, -0.01991
-0.0138628, -0.99989, -0.0053537
-0.643892, 0.00483056, 0.765101
-0.76499, 0.0140536, -0.643888

67
-0.0140188, 0.0148643, 0.0217493
0.0119522, -0.999537, -0.0279633
0.129671, -0.0261798, 0.991211
-0.991485, -0.0154732, 0.129298

68
-0.0558743, 0.0106926, 0.0312313
-0.0118886, -0.9998, 0.0160955
0.689348, 0.0034653, 0.724422
-0.724333, 0.0197078, 0.689169

69
-0.0204197, 0.0117924, -0.019383
-0.0173, 0.999746, -0.0144551
-0.0264007, -0.014909, -0.99954
-0.999502, -0.0169105, 0.0266519

70
0.0167886, 0.0110709, -0.0099604
-0.0240491, 0.999589, 0.0156066
0.565111, 0.000714973, 0.825015
0.824664, 0.0286603, -0.564896

71
0.00593305, 0.0560401, 0.00149186
0.999887, -0.014867, 0.00201125
0.00312754, 0.0754477, -0.997145
0.0146728, 0.997039, 0.0754857

72
-0.00503934, -0.0197633, -0.00919292
-0.00534357, -0.999874, -0.0149436
-0.489663, -0.0104134, 0.871849
-0.871895, 0.0119761, -0.489546

73
-0.00289127, -0.0246726, -0.0183986
0.0317654, 0.999428, 0.0115654
0.313872, 0.00101125, -0.949465
-0.948934, 0.0337902, -0.31366

74
-0.0200794, -0.010649, 0.00832892
-0.0837583, 0.995731, -0.0387803
-0.576637, -0.080171, -0.813057
-0.812696, -0.0457382, 0.580891

75
0.0415568, 0.0136079, 0.0320103
-0.0173, 0.999746, -0.0144551
-0.688086, -0.00141528, 0.725627
0.725423, 0.0224997, 0.687936

76
-0.0203286, -0.011739, -0.0202863
-0.0678011, 0.997069, -0.035447
-0.00616677, -0.0359469, -0.999335
-0.99768, -0.0675374, 0.00858594

77
0.0134787, 0.00587948, -0.0233779
-0.0141237, -0.999701, 0.019947
-0.0535323, -0.0191643, -0.998382
0.998466, -0.0151687, -0.0532457

78
-0.00408342, 0.0160165, -0.0151889
0.0119522, -0.999537, -0.0279633
-0.609395, -0.0294531, 0.79232
-0.792777, 0.00757073, -0.609465

79
-0.00760877, 0.00538891, 0.0104384
-0.999407, -0.0256282, -0.0230153
-0.0253846, 0.0963264, 0.995026
-0.0232838, 0.99502, -0.0969198

80
-0.00191243, 0.0215732, 0.0136855
-0.337089, 0.924646, 0.177204
-0.7002, -0.1204, -0.703721
-0.629357, -0.361295, 0.688023

81
0.000690582, 0.00260193, -0.0180615
-0.999124, -0.0371575, 0.0192708
0.0189999, 0.00763058, 0.99979
-0.0372968, 0.99928, -0.0069179

82
-0.00301442, 0.00674553, 0.0147357
-0.00683989, -0.999864, 0.0150396
0.528986, -0.0163812, -0.848473
0.848603, 0.00215229, 0.529025

83
-0.00693237, 0.0109262, 0.012111
0.999878, -0.0153735, -0.00280346
0.0122077, 0.656425, 0.754292
-0.00975588, -0.754235, 0.656533

84
-0.00842317, 0.0210338, 0.0248857
-0.0144895, -0.999893, -0.00201255
0.671979, -0.00824716, -0.740524
0.740428, -0.0120822, 0.672027

85
-0.0204854, -0.0481367, -0.0189686
-0.916028, 0.401111, 0.00158029
-0.0154619, -0.0313733, -0.999388
-0.400816, -0.915492, 0.0349408

86
-0.0489176, 0.0253724, 0.0313265
-0.0322121, -0.99811, -0.0523309
0.98136, -0.0415097, 0.187643
-0.189461, -0.0453111, 0.980842

87
0.00226594, 0.00326639, 0.0152366
0.00881318, 0.999956, -0.00327511
-0.299007, 0.00576067, 0.954234
0.95421, -0.00743055, 0.299044

88
-0.00666166, 0.026357, 0.024045
0.999878, -0.0153735, -0.00280346
0.0150119, 0.895091, 0.445631
-0.00434157, -0.445619, 0.895212

89
0.0051302, 0.00507517, 0.0239021
0.999887, -0.014867, 0.00201125
0.012359, 0.892271, 0.451331
-0.00850449, -0.451255, 0.892355

90
-0.0497892, 0.00235273, -0.034497
0.0240773, 0.999188, 0.0323175
0.995927, -0.0211638, -0.0876484
-0.0868933, 0.0342962, -0.995627

91
0.00192864, 0.0048346, -0.0251604
-0.00994376, 0.999701, 0.0223574
0.809189, -0.00509074, 0.587527
0.587464, 0.0239336, -0.808896

92
0.0191023, -0.0308765, 0.00728541
-0.0790255, 0.991204, 0.106158
0.108624, -0.0972946, 0.98931
0.990937, 0.089712, -0.0999795

93
0.0414612, 0.0263846, -0.022571
0.695848, -0.717803, 0.0235502
-0.0102698, -0.0427327, -0.999034
0.718115, 0.694934, -0.0371072

94
0.000749188, 0.00677918, 0.0127
-0.0141237, -0.999701, 0.019947
0.668169, -0.0242771, -0.743613
0.743875, 0.00282536, 0.668312

95
0.0290719, 0.0169469, -0.0342762
0.0119522, -0.999537, -0.0279633
-0.991485, -0.0154732, 0.129298
-0.129671, 0.0261798, -0.991211

96
0.0112306, 0.010399, -0.0315991
-0.00978335, -0.999846, -0.0146032
-0.997739, 0.00878949, 0.0666351
-0.0664964, 0.0152221, -0.997671

97
-0.0128592, -0.00820018, -0.0226388
0.013427, 0.999785, 0.0158054
0.758351, -0.0204844, 0.651524
0.651708, 0.003238, -0.758463

98
-0.00446424, 0.0174136, -0.00722693
0.046532, -0.997804, -0.0471376
-0.388215, -0.0615432, 0.919512
-0.920393, -0.0244872, -0.390226

99
0.0092882, 0.0176023, 0.0041469
0.0241456, 0.999628, 0.0126982
0.222404, -0.0177548, 0.974793
0.974656, -0.0207129, -0.22275

100
-0.0475368, 0.00793653, 0.0365144
-0.0141237, -0.999701, 0.019947
0.743875, 0.00282536, 0.668312
-0.668169, 0.0242771, 0.743613

101
0.00844605, 0.00774663, -0.0246179
0.0129949, -0.99921, -0.0375695
-0.798249, -0.0329944, 0.601423
-0.602187, 0.0221744, -0.798047

102
-0.0529546, -0.0324761, -0.0314188
-0.0790255, 0.991204, 0.106158
0.62389, 0.132234, -0.770244
-0.777507, 0.00536172, -0.628852

103
0.034679, -0.00538026, -0.00142983
0.0105184, 0.999536, 0.0285684
0.334119, -0.0304411, 0.942039
0.942472, -0.000363509, -0.334284

104
-0.016085, 0.0107434, 0.0239678
-0.996825, -0.0660316, -0.0444969
-0.0322333, -0.176357, 0.983798
-0.0728091, 0.982109, 0.173668

105
-0.00885696, 0.00115847, -0.000379494
0.999744, 0.00509511, 0.0220605
-0.0193522, -0.313457, 0.949405
0.0117523, -0.949589, -0.313278

106
-0.00592965, -0.0121095, 0.00692437
-0.0100257, 0.999799, 0.0173412
-0.312996, 0.0133329, -0.949661
-0.949701, -0.0149487, 0.3128

107
-0.0107736, 0.0229504, -0.0020775
-0.98587, -0.165566, -0.0254758
-0.0810878, 0.338597, 0.937431
-0.146581, 0.926251, -0.347238

108
-0.000283298, -0.0247725, -0.0217828
-0.0318193, -0.999467, -0.00733924
-0.441343, 0.00746164, 0.897308
-0.896774, 0.0317908, -0.441345

109
0.0031708, 0.00603394, -0.0173853
-0.00760876, -0.99977, 0.0200461
-0.233581, -0.0177151, -0.972176
0.972307, -0.0120794, -0.233393

110
-0.00309144, -0.0148113, 0.0064361
-0.00257213, 0.999764, 0.0215536
-0.303156, 0.0197597, -0.952736
-0.952937, -0.00898466, 0.303034

111
0.00401466, -0.0295288, 0.00183949
-0.114423, 0.992981, 0.0299308
0.0917658, -0.0194351, 0.995591
0.989185, 0.116665, -0.0888979

112
-0.00328113, -0.0129511, -0.0209904
0.999795, 0.0122501, 0.0161255
0.0199852, -0.7254, -0.688038
0.00326889, 0.688219, -0.725496

113
0.00147523, -0.0194828, 0.00159693
-0.999661, 0.0252175, -0.00649837
0.0145405, 0.333496, -0.94264
-0.0216039, -0.942414, -0.333749

114
-0.00758392, 0.0665965, 0.0258652
-0.999132, 0.0374556, 0.0182326
-0.00877459, -0.617084, 0.786848
0.040723, 0.786005, 0.616877

115
-0.0198253, -0.0069017, 0.000598183
-0.992317, 0.0820273, -0.0926216
-0.0822935, 0.121407, 0.989186
0.0923851, 0.989208, -0.113724

116
0.0313106, -0.0131591, 0.0198879
0.0332204, 0.99897, 0.0309156
-0.0930872, -0.0277056, 0.995272
0.995104, -0.0359412, 0.0920709

117
-0.017981, 0.00818042, 0.00260266
-0.986454, -0.0849295, 0.14034
-0.10098, -0.359816, -0.927543
0.129272, -0.92915, 0.346365

118
-0.00484889, 0.0125672, 0.0155658
-0.0173, 0.999746, -0.0144551
-0.725423, -0.0224997, -0.687936
-0.688086, -0.00141528, 0.725627

119
-0.00984543, -0.00396284, -0.0346284
0.0105184, 0.999536, 0.0285684
0.998593, -0.0119851, 0.0516644
0.0519829, 0.0279848, -0.998256

120
0.0102617, -0.0132454, -0.00980192
-0.856464, -0.505114, -0.106439
-0.10276, -0.0352372, 0.994082
-0.505875, 0.862333, -0.0217261

121
-0.0172648, -0.0208339, -0.0231426
-0.0672319, 0.996692, -0.0456521
0.0515486, -0.0422246, -0.997777
-0.996405, -0.0694358, -0.0485393

122
-0.00280089, -0.0635362, -0.0123378
0.999795, 0.0122501, 0.0161255
-0.0106681, -0.358233, 0.933571
0.017213, -0.933552, -0.358029

123
-0.0111952, -0.0237031, -0.0127394
-0.0101297, 0.999411, -0.0327858
-0.0992417, -0.0336304, -0.994495
-0.995012, -0.00682022, 0.0995239

124
-0.0288485, -0.0232116, 0.022435
0.0524447, -0.997998, -0.0353562
0.144741, -0.0274345, 0.989089
-0.988079, -0.05699, 0.143013

125
-0.0123251, 0.0184132, -0.0221729
0.0145969, 0.99987, 0.00690929
0.749018, -0.0155119, 0.662368
0.662389, -0.00449335, -0.749146

126
-0.0175055, 0.00580803, 0.00429068
-0.99627, -0.0700417, 0.0503963
-0.0351998, -0.20335, -0.978473
0.078782, -0.976598, 0.200126

127
-0.0232173, 0.00191417, -0.016277
-0.0363696, 0.999142, -0.0198143
-0.0880123, -0.0229528, -0.995855
-0.995455, -0.0344749, 0.0887716

128
0.0520286, 0.00550535, 0.0266936
-0.0363696, 0.999142, -0.0198143
-0.641659, -0.00814736, 0.766947
0.766127, 0.0406076, 0.641405

129
-0.00836519, -0.0427271, -0.0434474
-0.0595387, 0.977633, -0.201714
0.47418, -0.15012, -0.867535
-0.878412, -0.147301, -0.454636

130
-0.0150905, -0.0250037, -0.0226737
-0.993471, 0.112169, 0.0208396
-0.0162974, 0.0412597, -0.999016
-0.112918, -0.992832, -0.0391622

131
0.00391054, -0.0159252, -0.0230176
-0.775857, -0.630565, -0.0208333
-0.493637, 0.586153, 0.642455
-0.392898, 0.508737, -0.76604

132
-0.0192709, -0.00996258, -0.0272186
0.998677, -0.0505545, -0.00945162
-0.0274792, -0.369159, -0.92896
0.0434739, 0.92799, -0.37006

133
-0.00927198, -0.0012251, 0.0189789
0.999744, 0.00509511, 0.0220605
-0.0223766, 0.0737958, 0.997022
0.00345197, -0.99726, 0.0738909

134
0.00119608, -0.00105535, 0.00109498
-0.999124, -0.0371575, 0.0192708
0.0318265, -0.375358, 0.926333
-0.0271868, 0.926135, 0.376212

135
-0.00705218, 0.00805044, -0.0109786
-0.996831, -0.0759892, 0.0235496
0.0335117, -0.132615, 0.990601
-0.072152, 0.98825, 0.134741

136
-0.0081655, 0.0206597, -0.0181802
-0.0781676, 0.996683, -0.0226358
0.0708637, -0.0170931, -0.99734
-0.994419, -0.0795637, -0.0692925

137
-0.00760722, 0.0105093, -0.026527
-0.00978335, -0.999846, -0.0146032
-0.896343, 0.00229518, 0.443355
-0.443253, 0.017427, -0.896227

138
-0.0151912, 0.0103799, 0.00448264
-0.996825, -0.0660316, -0.0444969
-0.0576425, 0.212905, 0.975371
-0.0549317, 0.974839, -0.216035

139
-0.00789749, 0.0256319, 0.00986686
0.0984512, -0.994928, 0.0206549
-0.109869, 0.00976168, 0.993898
-0.989058, -0.10012, -0.10835

140
-0.0255103, -0.0368755, -0.0262116
-0.0664333, 0.987767, -0.141078
0.180577, -0.127154, -0.975307
-0.981315, -0.0902683, -0.16992

141
-0.0254003, -0.0226296, 0.0281935
0.039398, -0.998649, -0.0338732
0.199451, -0.0253577, 0.97958
-0.979115, -0.0453495, 0.198183

142
0.0122305, 0.00117356, -0.0109885
-0.999034, 0.0334554, 0.0284932
0.0418189, 0.524565, 0.850343
0.013502, 0.850713, -0.525457

143
-0.00830399, -0.0117975, -0.0124371
-0.0100257, 0.999799, 0.0173412
0.0742642, 0.0180386, -0.997075
-0.997188, -0.00870856, -0.0744302

144
-0.00412433, 0.0103706, 0.00248882
-0.0710446, 0.996278, -0.0488203
-0.400371, -0.0733103, -0.913416
-0.913595, -0.0453471, 0.404089

145
-0.0589204, 0.0161916, -0.0399523
-0.285147, -0.75435, 0.59131
-0.919811, 0.388836, 0.0524887
-0.269517, -0.528926, -0.804735

146
0.0293044, -0.0124922, 0.000493797
0.0332204, 0.99897, 0.0309156
0.294808, -0.0393507, 0.954746
0.954979, -0.0226028, -0.295812

147
0.00706684, -0.00617324, 0.00835895
0.0198868, 0.999487, 0.025109
0.13803, -0.0276181, 0.990043
0.990228, -0.016223, -0.138509

148
0.0211757, 0.0038607, 0.026947
-0.00994376, 0.999701, 0.0223574
-0.233083, -0.0240599, 0.972159
0.972406, 0.00445577, 0.233253

149
0.0246914, 0.0106765, 0.027481
-0.0240491, 0.999589, 0.0156066
-0.183532, -0.0197603, 0.982815
0.98272, 0.0207715, 0.183932

150
-0.0128118, -0.0675067, -0.0304022
-0.998609, -0.023896, -0.0470095
-0.00289483, 0.914936, -0.40359
0.0526548, -0.402892, -0.913732

151
-0.0251207, 0.0407942, -0.0555823
-0.336601, -0.937569, -0.0875379
-0.875587, 0.345838, -0.337259
0.346477, -0.0368746, -0.937333

152
-0.0165858, 0.00261143, 0.0141245
-0.998609, -0.023896, -0.0470095
-0.0475389, 0.0220929, 0.998625
-0.0228246, 0.99947, -0.0231982

153
0.0281267, -0.00493368, -0.0267217
-0.0466215, -0.998007, 0.0425194
-0.12207, -0.0365546, -0.991848
0.991426, -0.0514318, -0.120123

154
-0.0145708, -0.0128066, -0.0208425
-0.998609, -0.023896, -0.0470095
-0.0497545, 0.722354, 0.689731
0.0174757, 0.69111, -0.722538

155
0.00326054, 0.00613485, -0.0230098
-0.00683989, -0.999864, 0.0150396
-0.226004, -0.0131051, -0.974038
0.974102, -0.0100613, -0.225883

156
0.0293976, -0.0133741, -0.0563524
-0.00257213, 0.999764, 0.0215536
0.952937, 0.00898466, -0.303034
-0.303156, 0.0197597, -0.952736

157
-0.0116556, -0.00541824, 0.0191395
-0.0296136, -0.999233, 0.0256274
0.736509, -0.0391468, -0.675294
0.675779, -0.00112309, 0.737103

158
-0.00275416, -0.0249743, 0.0164051
-0.0318193, -0.999467, -0.00733924
0.322039, -0.0172033, 0.94657
-0.946192, 0.0277557, 0.322415

159
-0.0186023, -0.0129897, -0.0178962
-0.992317, 0.0820273, -0.0926216
-0.0406751, 0.490719, 0.870368
0.116845, 0.867448, -0.483612

160
0.00463183, 0.0259567, -0.0110714
-0.336601, -0.937569, -0.0875379
-0.0149695, 0.0982786, -0.995046
0.941528, -0.333624, -0.0471157

161
-0.00838938, 0.0163292, 0.0118524
0.046532, -0.997804, -0.0471376
-0.00644472, -0.0474876, 0.998851
-0.998896, -0.0461747, -0.00864026

162
0.05421, -0.030526, -0.0323472
-0.0460058, -0.991159, -0.124446
-0.654318, 0.124033, -0.745979
0.754819, 0.047108, -0.654239

163
-0.00154581, -0.00627006, 0.00320245
-0.0377565, -0.998794, 0.0313815
0.477215, -0.0456135, -0.877602
0.877975, -0.0181595, 0.478361

164
0.0144434, 0.0217205, 0.0204714
-0.967429, 0.208587, -0.14343
-0.0734854, -0.773609, -0.629387
-0.242241, -0.598348, 0.763741

165
-0.00244048, 0.0210936, -0.0347026
-0.99722, 0.0715499, -0.0208106
0.0717578, 0.997378, -0.00941966
0.020082, -0.0108868, -0.999739

166
0.00946448, -0.0675903, -0.0272328
-0.999034, 0.0334554, 0.0284932
0.013502, 0.850713, -0.525457
-0.0418189, -0.524565, -0.850343

167
-0.00525611, -0.0166944, 0.0165699
-0.0138628, -0.99989, -0.0053537
0.0856292, -0.0065217, 0.996306
-0.996231, 0.0133531, 0.0857101

168
0.0244629, 0.0109755, 0.00797558
-0.0240491, 0.999589, 0.0156066
0.206509, -0.0103073, 0.97839
0.978149, 0.0267523, -0.206176

169
0.00877638, -0.0168089, -0.00761122
-0.984208, 0.163116, -0.0687618
0.0224999, -0.270022, -0.962591
-0.175581, -0.948937, 0.262088

170
0.00983415, 0.0173414, 0.0236465
0.0241456, 0.999628, 0.0126982
-0.16751, -0.0084768, 0.985834
0.985575, -0.0259306, 0.167243

171
-0.00573664, 0.0212896, 0.00116676
-0.0781676, 0.996683, -0.0226358
-0.315078, -0.0462396, -0.947939
-0.945841, -0.066966, 0.317647

172
-0.00771072, -0.0196851, 0.0261437
0.695848, -0.717803, 0.0235502
0.667382, 0.658388, 0.348031
-0.265323, -0.22646, 0.937187

173
0.0135113, 0.00726133, 0.0267708
-0.999034, 0.0334554, 0.0284932
0.020023, -0.230621, 0.972838
0.0391178, 0.972468, 0.229729

174
0.00205657, -0.00924638, 0.0308683
0.013427, 0.999785, 0.0158054
-0.311891, -0.0108306, 0.950056
0.950023, -0.017686, 0.311679

175
-0.0465544, 0.00281951, 0.0396693
-0.0319442, -0.998966, 0.0323498
0.754857, -0.00289858, 0.655883
-0.655111, 0.0453711, 0.754169

176
-0.00703444, -0.000241286, -0.00823172
-0.999407, -0.0256282, -0.0230153
-0.0323626, 0.469772, 0.882195
-0.0117972, 0.882416, -0.470322

177
-0.0278574, -0.0224697, 0.00296531
0.0524447, -0.997998, -0.0353562
-0.244398, -0.0471553, 0.968528
-0.968256, -0.0421531, -0.246381

178
0.0200288, -0.0116533, -0.0166486
0.0332204, 0.99897, 0.0309156
0.637822, -0.0450051, 0.768868
0.769467, -0.00582343, -0.63866

179
0.014475, -0.00696769, 0.00752632
-0.999436, 0.00361659, 0.0333856
0.0335424, 0.155128, 0.987325
-0.00160827, 0.987888, -0.155161

180
0.0164343, 0.0585705, -0.0406648
0.974231, -0.103826, -0.200236
-0.212812, -0.717272, -0.6635
-0.0747357, 0.689014, -0.720884

181
0.0128783, -0.0641185, -0.0340819
-0.999436, 0.00361659, 0.0333856
-0.00160827, 0.987888, -0.155161
-0.0335424, -0.155128, -0.987325

182
-0.0085314, 0.0107704, -0.0173532
0.999744, 0.00509511, 0.0220605
-0.0133817, -0.652988, 0.75725
0.0182635, -0.757351, -0.652752

183
0.0354936, 0.00888161, 0.00042782
-0.903771, 0.408899, 0.126489
0.233424, 0.223159, 0.946421
0.358763, 0.884874, -0.297131

184
-0.0103978, -0.0217696, -0.00605055
-0.708597, 0.703153, 0.0588774
-0.0811229, -0.16407, 0.983107
0.700935, 0.69185, 0.173301

185
0.00328245, 0.0443127, -0.0288476
-0.999661, 0.0252175, -0.00649837
0.0216039, 0.942414, 0.333749
0.0145405, 0.333496, -0.94264

186
-0.00503682, -0.0201852, -0.0276691
0.0524447, -0.997998, -0.0353562
-0.857476, -0.0631506, 0.510635
-0.511845, 0.00353706, -0.859071

187
0.00101529, -0.0190381, -0.026186
-0.999525, 0.0307201, 0.00244026
0.000936557, 0.10943, -0.993994
-0.0308027, -0.99352, -0.109407

188
-0.0110902, -0.0200081, 0.00935242
-0.00534357, -0.999874, -0.0149436
-0.11873, -0.0142038, 0.992825
-0.992912, 0.00707949, -0.118639

189
0.00435175, -0.000420275, 0.010902
0.0240773, 0.999188, 0.0323175
0.0868933, -0.0342962, 0.995627
0.995927, -0.0211638, -0.0876484

190
0.00594149, 0.058765, 0.0174414
0.999887, -0.014867, 0.00201125
0.00850449, 0.451255, -0.892355
0.012359, 0.892271, 0.451331

191
-0.000135155, -0.00616301, 0.00341292
-0.0296136, -0.999233, 0.0256274
0.421836, -0.0357371, -0.905968
0.906188, -0.0160184, 0.422571

192
-0.0337655, 0.00752367, 0.0428932
-0.00760876, -0.99977, 0.0200461
0.972307, -0.0120794, -0.233393
0.233581, 0.0177151, 0.972176

193
0.00440854, -0.00897184, 0.0115035
0.013427, 0.999785, 0.0158054
0.075408, -0.0167743, 0.997012
0.997062, -0.012195, -0.075617

194
0.00987516, -0.0183639, -0.0270271
-0.984208, 0.163116, -0.0687618
0.0879791, 0.113674, -0.989615
-0.153605, -0.980036, -0.12623

195
-0.00291117, -0.0294504, -0.0313942
0.999795, 0.0122501, 0.0161255
0.017213, -0.933552, -0.358029
0.0106681, 0.358233, -0.933571

196
-0.00526519, -0.014399, -0.0129471
-0.00257213, 0.999764, 0.0215536
0.0845933, 0.0216939, -0.996179
-0.996412, -0.000739013, -0.0846291

197
-0.00449533, -0.0183241, 0.012845
-0.0672319, 0.996692, -0.0456521
-0.668114, -0.0789558, -0.739858
-0.741015, -0.0192412, 0.671213

198
-0.0204051, 0.00483201, -0.0164634
-0.986454, -0.0849295, 0.14034
-0.142764, 0.023144, -0.989486
0.0807886, -0.996118, -0.0349553

199
0.0504162, 0.0129922, -0.0108283
0.00026126, -0.99993, -0.0117936
-0.398898, 0.0107105, -0.916933
0.916995, 0.00494401, -0.398867

200
-0.00834486, 0.0261472, -0.0293582
0.999744, 0.00509511, 0.0220605
-0.00537394, -0.893108, 0.44981
0.0219943, -0.449813, -0.892852

201
0.0263927, 0.0113542, -0.0331834
0.0193545, -0.999003, -0.0402316
-0.96977, -0.0285479, 0.242347
-0.243254, 0.0343249, -0.969355

202
0.00159447, 0.00038891, 0.0108455
-0.0257804, -0.999266, 0.0283316
0.570661, -0.0379804, -0.820307
0.820781, -0.00498011, 0.571221

203
-0.0572137, -0.0117628, 0.0256747
-0.107083, -0.992556, 0.0580105
0.614865, -0.0202585, 0.788372
-0.781328, 0.12009, 0.612458

204
-0.0349543, 0.00813941, 0.0281443
-0.0268455, -0.999329, 0.0249355
0.977291, -0.020992, 0.21086
-0.210195, 0.0300299, 0.977198

205
0.02569, 0.000510343, 0.0345886
-0.0494537, 0.998625, -0.0173972
-0.924767, -0.0523624, -0.376915
-0.377308, -0.00255144, 0.926084

206
-0.0147563, 0.0567361, -0.0353639
-0.968912, -0.0151329, -0.246941
-0.195488, 0.658588, 0.726668
0.151636, 0.752351, -0.641073

207
-0.0141577, 0.0318172, -0.0259327
0.0108014, 0.992541, 0.121435
0.106427, 0.119611, -0.9871
-0.994262, 0.023586, -0.104341

208
0.00767468, 0.0132273, -0.0317044
0.00026126, -0.99993, -0.0117936
-0.999845, -0.000468944, 0.0176105
-0.0176148, 0.0117872, -0.999775

209
-0.017436, 0.0161058, 0.0190819
-0.00964551, -0.99979, -0.0180543
0.0157789, -0.018205, 0.99971
-0.999829, 0.00935783, 0.0159512

210
0.00226315, 0.0248534, 0.00971999
-0.0322121, -0.99811, -0.0523309
0.550589, 0.0259769, -0.834372
0.834155, -0.0556897, 0.548712

211
-0.0177629, 0.00754472, -0.00444497
0.97742, 0.16107, 0.136772
-0.0845927, -0.294871, 0.951785
0.193634, -0.941864, -0.274587

212
-0.0345617, -0.0211796, 0.0322012
-0.071078, -0.996398, 0.0462455
0.99676, -0.0727013, -0.0344188
0.037657, 0.0436493, 0.998337

213
-0.0189953, 0.00581886, -0.0541392
-0.00683989, -0.999864, 0.0150396
-0.848603, -0.00215229, -0.529025
0.528986, -0.0163812, -0.848473

214
-0.00419815, 0.0655307, 0.00928861
-0.993471, 0.112169, 0.0208396
-0.0281551, -0.418059, 0.907983
0.11056, 0.901468, 0.418488

215
0.0151759, 0.0046461, -0.0108399
-0.00994376, 0.999701, 0.0223574
0.52278, -0.0138622, 0.852355
0.85241, 0.0201636, -0.522486

216
0.0174092, -0.0330796, 0.0265956
-0.0790255, 0.991204, 0.106158
-0.27886, -0.12422, 0.952264
0.957075, 0.04565, 0.286224

217
-0.020007, -0.00467512, 0.00666685
0.97999, -0.121848, 0.157393
0.132259, -0.192314, -0.97238
0.148752, 0.973739, -0.172351

218
0.0286857, -0.0275408, -0.0322738
-0.0162546, -0.96077, -0.27687
-0.990383, -0.0225799, 0.136498
-0.137395, 0.276426, -0.951163

219
0.00975033, -0.000880968, -0.0265221
-0.0257804, -0.999266, 0.0283316
-0.176861, -0.0233347, -0.983959
0.983898, -0.0303777, -0.17613

220
-0.0487404, -0.00207627, 0.0214723
-0.0644775, -0.996738, 0.0485353
0.571432, 0.00299543, 0.820644
-0.818112, 0.0806477, 0.569375

221
0.0549401, 0.00969743, -0.0128456
-0.00978335, -0.999846, -0.0146032
-0.443253, 0.017427, -0.896227
0.896343, -0.00229518, -0.443355

222
0.0379111, -0.0575642, -0.0289469
-0.775857, -0.630565, -0.0208333
-0.392898, 0.508737, -0.76604
0.493637, -0.586153, -0.642455

223
-0.00316047, -0.0291604, -0.0220145
-0.0460058, -0.991159, -0.124446
-0.754819, -0.047108, 0.654239
-0.654318, 0.124033, -0.745979

224
0.0130367, -0.0824305, -0.0273552
-0.999436, 0.00361659, 0.0333856
-0.014322, 0.853325, -0.521183
-0.0303737, -0.521367, -0.852792

225
0.00448735, -0.00678584, -0.0155303
-0.0296136, -0.999233, 0.0256274
0.0429422, -0.0268868, -0.998716
0.998639, -0.0284751, 0.0437055

226
-0.0480628, 0.00432022, -0.0243946
-0.00994376, 0.999701, 0.0223574
0.587464, 0.0239336, -0.808896
-0.809189, 0.00509074, -0.587527

227
-0.00958294, -0.0203068, 0.0288008
-0.00534357, -0.999874, -0.0149436
0.270279, -0.0158318, 0.962652
-0.962767, 0.00110505, 0.270329

228
-0.00550922, -0.0230336, 0.00591063
-0.0101297, 0.999411, -0.0327858
-0.472462, -0.0336804, -0.880707
-0.881293, 0.00656872, 0.472525

229
-0.0263756, 0.0472349, 0.019977
-0.320344, -0.939698, 0.119783
0.127954, 0.0823657, 0.988354
-0.93862, 0.33194, 0.0938526

230
-0.00538269, -0.00182973, -0.011407
-0.0494537, 0.998625, -0.0173972
-0.00530589, -0.017681, -0.99983
-0.998762, -0.0493529, 0.00617299

231
-0.0063703, -0.0125885, -0.0233217
-0.999407, -0.0256282, -0.0230153
-0.0344137, 0.771698, 0.635057
0.00148548, 0.635472, -0.772122

232
0.0167714, 0.0388002, 0.0296074
-0.967429, 0.208587, -0.14343
-0.160593, -0.9437, -0.289207
-0.19568, -0.256754, 0.94646

233
0.00646697, 0.0186843, -0.0233358
0.046532, -0.997804, -0.0471376
-0.710883, -0.0662293, 0.700185
-0.701769, 0.000928354, -0.712404

234
-0.0167466, 0.00786336, -0.010077
-0.995601, -0.0906703, 0.0235942
0.0370806, -0.150071, 0.98798
-0.0860396, 0.984509, 0.152773

235
-0.0202651, -0.0326424, 0.0120409
-0.0460058, -0.991159, -0.124446
-0.071065, -0.121015, 0.990104
-0.99641, 0.0543943, -0.0648694

236
0.0160872, -0.0121861, 0.00761356
-0.997471, -0.0435669, 0.0561544
-0.0641316, 0.211157, -0.975346
0.0306354, -0.976481, -0.213417

237
0.00764842, -0.0196096, -0.0240118
-0.00534357, -0.999874, -0.0149436
-0.78605, -0.00503763, 0.618143
-0.61814, 0.0150495, -0.785924

238
0.0145266, -0.0260044, 0.0310497
-0.0664333, 0.987767, -0.141078
-0.981315, -0.0902683, -0.16992
-0.180577, 0.127154, 0.975307

239
-0.00114388, 0.040219, -0.0310778
-0.99722, 0.0715499, -0.0208106
0.0586105, 0.925623, 0.373881
0.0460139, 0.371622, -0.927243

240
0.0166785, 0.00624281, 0.00772273
-0.0268455, -0.999329, 0.0249355
0.568188, -0.0357773, -0.822121
0.822461, -0.00790216, 0.568767

241
0.0122838, 0.0576398, -0.00577302
-0.997471, -0.0435669, 0.0561544
0.0475262, 0.1786, 0.982773
-0.0528455, 0.982957, -0.176078

242
-0.00367598, -0.00169059, -0.0050641
0.999795, 0.0122501, 0.0161255
0.0197149, -0.406812, -0.913299
-0.00462796, 0.91343, -0.40697

243
0.00342635, 0.0560524, 0.0160722
-0.999525, 0.0307201, 0.00244026
-0.0126529, -0.481304, 0.876462
0.0280996, 0.876015, 0.481464

244
0.000761923, 0.029107, -0.0299315
-0.336601, -0.937569, -0.0875379
-0.374137, 0.21847, -0.901273
0.86413, -0.270618, -0.424317

245
0.0158981, 0.00883114, -0.0122387
-0.987827, 0.13158, 0.0829687
-0.0272653, 0.378659, -0.925135
-0.153146, -0.916135, -0.370462

246
-0.0254901, -0.0219718, 0.0086958
0.039398, -0.998649, -0.0338732
-0.190422, -0.040782, 0.980855
-0.980911, -0.0321935, -0.191772

247
0.0496478, -0.0179186, -0.0234075
0.039398, -0.998649, -0.0338732
-0.55896, 0.00607301, -0.829172
0.828258, 0.0516014, -0.557966

248
0.0317407, 0.00404499, 0.0272282
0.0073954, 0.999916, -0.0106781
-0.958883, 0.0101207, 0.283622
0.283706, 0.00814153, 0.958877

249
-0.0108966, 0.00897596, 0.00793155
0.0193545, -0.999003, -0.0402316
-0.146377, -0.0426369, 0.98831
-0.989039, -0.0132392, -0.147057

250
-0.0276472, 0.0229949, 0.0479971
0.97742, 0.16107, 0.136772
-0.211267, 0.757327, 0.617918
-0.00405298, -0.632861, 0.774255

251
0.0437307, -0.0139915, 0.0364137
-0.0672319, 0.996692, -0.0456521
-0.741015, -0.0192412, 0.671213
0.668114, 0.0789558, 0.739858

252
-0.00552753, 0.00323055, 0.0176317
-0.0363696, 0.999142, -0.0198143
-0.766127, -0.0406076, -0.641405
-0.641659, -0.00814736, 0.766947

253
-0.0217516, -0.00834362, 0.0199583
-0.992317, 0.0820273, -0.0926216
-0.111384, -0.266388, 0.957409
0.0538604, 0.960369, 0.273478

254
0.0159148, 0.0097743, -0.0178906
0.974231, -0.103826, -0.200236
0.0747357, -0.689014, 0.720884
-0.212812, -0.717272, -0.6635

255
-0.0175094, -0.0257345, -0.025188
0.97999, -0.121848, 0.157393
-0.0116623, -0.824525, -0.565706
0.198704, 0.552551, -0.809447

256
-0.0328064, 0.0103352, 0.00227293
-0.00978335, -0.999846, -0.0146032
-0.320383, -0.0106998, 0.947228
-0.947237, 0.0139457, -0.320229

257
0.0519037, -0.0308127, -0.0292112
-0.0460058, -0.991159, -0.124446
-0.893368, 0.0965642, -0.438828
0.446965, 0.0909875, -0.889912

258
0.0139593, 0.00919549, 0.0055218
-0.967429, 0.208587, -0.14343
0.0248098, -0.485744, -0.873749
-0.251923, -0.848849, 0.464748

259
-0.0128485, 0.0185333, -0.0270551
0.0241456, 0.999628, 0.0126982
0.846449, -0.0272007, 0.531775
0.531922, -0.00209168, -0.846791

260
-0.0213107, 0.00426121, 0.0107333
0.0073954, 0.999916, -0.0106781
-0.629059, -0.00364876, -0.777349
-0.777323, 0.0124659, 0.628979

261
-0.00984123, 0.00553806, 0.0277966
0.0129949, -0.99921, -0.0375695
0.250872, -0.0331129, 0.967454
-0.967933, -0.0219971, 0.250243

262
0.0133712, 0.00957962, -0.0237447
-0.997471, -0.0435669, 0.0561544
-0.0670104, 0.839787, -0.538765
-0.0236854, -0.541166, -0.840582

263
0.00393956, 0.00641888, 0.00210482
-0.00760876, -0.99977, 0.0200461
0.156285, -0.0209892, -0.987489
0.987683, -0.00438067, 0.156409

264
-0.0171318, 0.0134159, 0.0222513
-0.99627, -0.0700417, 0.0503963
-0.00237178, -0.561598, -0.827407
0.0862555, -0.82444, 0.559338

265
0.0296618, 0.0012438, -0.0165503
-0.903771, 0.408899, 0.126489
0.352948, 0.544799, 0.760672
0.242127, 0.732118, -0.636693

266
-0.0245475, -0.036906, -0.000445945
0.886343, -0.463017, -0.00335676
0.190426, 0.357901, 0.914136
-0.422059, -0.810878, 0.405393

267
0.0139399, -0.0267375, 0.0162719
-0.892856, -0.386726, -0.230761
0.126154, -0.70668, 0.696195
-0.432311, 0.592491, 0.679751

268
0.00281373, 0.0250111, -0.0316459
-0.999661, 0.0252175, -0.00649837
0.0255238, 0.998301, -0.0523885
0.00516622, -0.0525366, -0.998606

269
-0.0118456, 0.0212256, -0.0457418
-0.0144895, -0.999893, -0.00201255
-0.740428, 0.0120822, -0.672027
0.671979, -0.00824716, -0.740524

270
-0.015268, 0.0106259, -0.0308564
-0.0240491, 0.999589, 0.0156066
0.98272, 0.0207715, 0.183932
0.183532, 0.0197603, -0.982815

271
-0.0430245, 0.0215023, 0.0412256
-0.0144895, -0.999893, -0.00201255
0.998723, -0.014375, -0.0484348
0.0484007, -0.00271178, 0.998824

272
-0.00722111, -0.00123643, -0.0241719
0.999878, -0.0153735, -0.00280346
0.0017337, -0.0691617, 0.997604
-0.0155306, -0.997487, -0.0691266

273
0.0132523, -0.0293563, -0.0112637
-0.0790255, 0.991204, 0.106158
0.47957, -0.0555572, 0.875743
0.873938, 0.120116, -0.470962

274
-0.0157904, 0.00484091, -0.0333236
-0.00994376, 0.999701, 0.0223574
0.972406, 0.00445577, 0.233253
0.233083, 0.0240599, -0.972159

275
0.0183666, 0.0405284, -0.0032072
-0.916028, 0.401111, 0.00158029
-0.139101, -0.321358, 0.936686
0.376223, 0.85781, 0.350168

276
0.00078214, 0.0630855, 0.0086822
-0.995359, 0.0959119, 0.0078843
-0.0316821, -0.403946, 0.914234
0.0908708, 0.909741, 0.405109

277
0.0221026, -0.0251317, -0.0473738
0.0317654, 0.999428, 0.0115654
0.892938, -0.0231782, -0.449582
-0.449057, 0.0246083, -0.893164

278
-0.0285649, -0.0128136, -0.0289239
-0.0837583, 0.995731, -0.0387803
0.166919, -0.0243477, -0.98567
-0.982407, -0.0890312, -0.164167

279
0.0129086, -0.0205957, 0.00398356
-0.107083, -0.992556, 0.0580105
0.486555, -0.103196, -0.867534
0.867063, -0.0646728, 0.493983

280
-0.000829171, -0.00860446, -0.00728565
0.013427, 0.999785, 0.0158054
0.451227, -0.0201642, 0.892181
0.892308, -0.00484752, -0.451401

281
0.0479208, -0.00447289, 0.0200399
-0.0837583, 0.995731, -0.0387803
-0.530163, -0.0115765, 0.847816
0.843748, 0.0915716, 0.52887

282
-0.00962017, -0.0569819, -0.0203573
-0.996825, -0.0660316, -0.0444969
0.00191682, 0.538769, -0.842451
0.079602, -0.839862, -0.536932

283
0.0518658, -0.024675, 0.0227743
-0.0664333, 0.987767, -0.141078
-0.821581, 0.0260821, 0.569494
0.566207, 0.153741, 0.809798

284
0.0385945, 0.00978372, 0.0196677
-0.903771, 0.408899, 0.126489
0.0783628, -0.132455, 0.988087
0.420782, 0.902916, 0.0876662

285
0.0103203, -0.0258853, -0.000203204
-0.071078, -0.996398, 0.0462455
0.346653, -0.0681482, -0.935515
0.935297, -0.0504634, 0.350248

286
-0.00800586, 0.00344496, 0.0298463
-0.999407, -0.0256282, -0.0230153
-0.014542, -0.291784, 0.956374
-0.0312257, 0.956141, 0.291238

287
-0.0194958, -0.021407, -0.0146289
0.0524447, -0.997998, -0.0353562
-0.59633, -0.0596971, 0.800517
-0.801025, -0.0208989, -0.598266

288
0.00951351, 0.0265874, -0.0278152
-0.0322121, -0.99811, -0.0523309
-0.200511, 0.057747, -0.977988
0.979162, -0.0210101, -0.201992

289
0.0250415, -0.0195705, -0.0328482
-0.00534357, -0.999874, -0.0149436
-0.962767, 0.00110505, 0.270329
-0.270279, 0.0158318, -0.962652

290
-0.0470391, 0.00969688, -0.0203094
-0.0240491, 0.999589, 0.0156066
0.545632, 0.0262051, -0.837615
-0.83768, -0.0116284, -0.546038

291
-0.0252515, 0.0443955, 0.000708475
-0.320344, -0.939698, 0.119783
-0.24098, 0.203124, 0.949036
-0.916138, 0.275153, -0.291518

292
-0.00464349, 0.00789384, -0.0181022
-0.0155169, -0.999673, -0.0203168
-0.668024, -0.00475416, 0.744125
-0.743978, 0.0251186, -0.667731

293
0.00279066, -0.0341964, -0.0416146
0.322992, 0.941236, -0.0987436
0.542765, -0.269698, -0.795405
-0.775295, 0.203315, -0.59798

294
0.0160272, -0.0608985, -0.0409303
0.986248, 0.0710955, -0.149198
0.1549, -0.712396, 0.684469
-0.0576254, -0.698167, -0.713612

295
-0.00573922, 0.042383, -0.0283137
-0.992965, 0.112799, -0.0360027
0.0923471, 0.928074, 0.360765
0.0741072, 0.354902, -0.931962

296
-0.0077883, -0.00265189, 0.010915
-0.775857, -0.630565, -0.0208333
-0.0712332, 0.0547409, 0.995956
-0.626874, 0.774204, -0.0873882

