0
0.00746204, 0.0120025, 0.00501047
0.999988, -0.00434297, -0.00209817
-0.000274133, 0.383134, -0.923693
0.00481545, 0.923683, 0.383128

1
0.0162344, -0.00295109, 0.0163608
0.999924, -0.00188354, 0.0121912
0.00639986, 0.924079, -0.382148
-0.0105458, 0.382197, 0.924021

2
-0.0197285, 0.0104766, 0.00032527
-0.999636, 0.00140924, 0.0269558
0.0241524, -0.399203, 0.916544
0.0120525, 0.916861, 0.399024

3
-0.0512351, -0.0128356, -0.0144378
-0.951405, 0.00211775, 0.307935
-0.120589, 0.917554, -0.378884
-0.28335, -0.397606, -0.87271

4
-0.0165892, 0.00964917, 0.00749379
1, -0.000931828, -0.00014981
0.000235095, 0.399666, -0.916661
0.000914045, 0.91666, 0.399666

5
-0.0226609, 0.0120521, -0.000728697
-0.999766, 0.000922535, 0.0216134
0.0194745, -0.396669, 0.917755
0.00942004, 0.917961, 0.396558

6
-0.0228149, 0.00858533, 0.0107151
0.999916, -0.00102651, 0.0129007
0.0122192, 0.403246, -0.91501
-0.00426288, 0.915091, 0.403224

7
-0.0255354, 0.00973718, 0.0102885
0.999964, -0.000353267, -0.0084197
-0.00761749, 0.389418, -0.921029
0.00360415, 0.921061, 0.389402

8
0.0708956, 0.00792904, -0.00977894
-0.99088, -0.0245025, -0.132503
-0.130509, 0.419254, 0.89844
0.0335385, 0.907538, -0.418628

9
0.00445643, 0.00652763, 0.0123916
0.999975, -0.00466863, -0.00536393
-0.00312445, 0.389139, -0.921174
0.00638793, 0.921167, 0.389114

10
-0.0287218, 0.00862794, 0.00768053
0.999978, 0.00011467, 0.00656215
0.00596553, 0.400978, -0.916068
-0.00273632, 0.916088, 0.400968

11
-0.0315115, 0.00487685, 0.0131522
0.999957, 0.000265778, -0.00926894
-0.00671462, 0.710141, -0.704027
0.00639514, 0.704059, 0.710112

12
-0.0287483, 0.00096384, 0.0118496
0.999978, 0.00011467, 0.00656215
0.00446428, 0.721027, -0.692893
-0.00481094, 0.692907, 0.721011

13
-0.00767768, 0.00971162, 0.0103487
0.999904, -0.00202073, 0.0136843
0.0133795, 0.392423, -0.919688
-0.00351157, 0.919783, 0.392412

14
-0.00488671, 0.0126546, 0.00147645
-0.999001, 0.00413991, -0.0444965
-0.0424513, -0.399022, 0.915958
-0.0139631, 0.916932, 0.398799

15
-0.0199214, 0.00544439, 0.0108293
0.99981, -0.00160967, 0.0194285
0.0183754, 0.410698, -0.911586
-0.0065119, 0.91177, 0.410649

16
-0.00773292, 0.00180988, 0.0132178
0.999904, -0.00202073, 0.0136843
0.0110172, 0.714537, -0.699511
-0.00836438, 0.699595, 0.714491

17
0.031459, -0.0105879, -0.0121279
0.999856, -0.00203813, 0.0168403
-0.0163744, -0.375247, 0.92678
0.00443036, -0.926922, -0.375227

18
0.0701737, -0.0136728, 0.00313499
-0.997285, 0.0132165, 0.072449
-0.0728275, -0.0308468, -0.996867
-0.0109403, -0.999437, 0.0317256

19
0.0133712, 0.00969283, 0.00439289
0.999948, -0.00301158, 0.00971149
0.0101118, 0.39461, -0.918793
-0.00106523, 0.918844, 0.39462

20
-0.00781752, 0.00551606, 0.0107722
0.999893, -0.00272648, 0.0144028
0.0142658, 0.406914, -0.913355
-0.00337046, 0.913462, 0.40691

21
0.0224197, -0.00890945, -0.0133584
0.999935, -0.00176375, 0.0112596
-0.0110681, -0.385895, 0.922476
0.00271801, -0.922541, -0.385889

22
-0.0438531, -0.00681288, -0.0117505
-0.998474, -0.00336439, 0.0551239
-0.024786, 0.919269, -0.392848
-0.049352, -0.393615, -0.91795

23
-0.0197112, -0.0108337, -0.0118136
0.999989, -0.00230472, -0.00410759
0.0028033, -0.409581, 0.91227
-0.00378491, -0.912271, -0.40957

24
-0.0197997, 0.0125825, -0.00135736
-0.999602, 0.00202716, -0.0281519
-0.0265372, -0.407216, 0.912946
-0.00961321, 0.913329, 0.407108

25
-0.0647175, 0.0019143, 0.0110834
-0.999684, 0.0161239, -0.0192595
-0.0168883, -0.999048, 0.0402111
-0.0185928, 0.0405237, 0.999006

26
0.0224046, -0.0121505, -0.0111799
0.999982, -0.00175336, 0.00578979
-0.00601918, -0.384016, 0.923307
0.000604485, -0.923325, -0.38402

27
-0.0320894, 0.0113073, 0.00478369
-0.999422, 0.00028597, -0.0340016
-0.0239907, -0.714567, 0.699156
-0.0240965, 0.699567, 0.714161

28
0.0132955, 0.00527376, 0.0108242
0.999948, -0.00301158, 0.00971149
0.00893441, 0.716199, -0.697839
-0.00485375, 0.69789, 0.716189

29
-0.0228763, 0.000910927, 0.0148648
0.999916, -0.00102651, 0.0129007
0.00965776, 0.722741, -0.691052
-0.00861448, 0.691119, 0.72269

30
0.0104421, 0.0065317, 0.00938218
0.999986, -0.00381558, -0.00369886
-0.00192768, 0.388183, -0.92158
0.0049522, 0.921574, 0.38817

31
-0.0225614, -0.0104663, -0.0124195
0.999907, -0.0024318, 0.0134408
-0.0133094, -0.394669, 0.918727
0.00307052, -0.91882, -0.394665

32
0.0104457, 0.00434468, 0.0126134
0.999986, -0.00381558, -0.00369886
0.000114181, 0.711306, -0.702883
0.00531292, 0.702872, 0.711296

33
0.0226337, 0.00527808, 0.0108183
0.999865, -0.000398237, -0.0164508
-0.0111993, 0.715994, -0.698016
0.0120566, 0.698106, 0.715893

34
0.00743809, 0.00138349, 0.0155749
0.999988, -0.00434297, -0.00209817
0.00158953, 0.707448, -0.706764
0.0045538, 0.706753, 0.707446

35
0.0252784, -0.0143665, -0.00298988
-0.99973, 0.00185827, -0.0231635
0.0221164, 0.382014, -0.923892
0.00713191, -0.924155, -0.381952

36
-0.0197112, -0.0108337, -0.0118136
0.999989, -0.00230472, -0.00410759
0.0028033, -0.409581, 0.91227
-0.00378491, -0.912271, -0.40957

37
-0.0346978, 0.0097335, 0.00429702
0.999951, 0.000742856, 0.0098321
0.00876457, 0.389853, -0.920836
-0.00451712, 0.920877, 0.389827

38
-0.0199882, 0.00807539, 0.00501024
-0.999602, 0.00202716, -0.0281519
-0.0208384, -0.725735, 0.687659
-0.0190368, 0.687971, 0.725488

39
-0.0165961, 0.00172504, 0.010301
1, -0.000931828, -0.00014981
0.00056699, 0.720034, -0.693939
0.0007545, 0.693938, 0.720034

40
-0.00519036, 0.00820468, 0.00787976
-0.999001, 0.00413991, -0.0444965
-0.0338764, -0.719543, 0.693621
-0.0291456, 0.694436, 0.718964

41
-0.0526867, 0.000153892, -0.0190122
-0.951405, 0.00211775, 0.307935
-0.00297613, 0.999866, -0.0160715
-0.307928, -0.0162069, -0.951272

42
-0.0195807, 0.0114558, 0.00575367
-0.999636, 0.00140924, 0.0269558
0.0177016, -0.719683, 0.694077
0.0203777, 0.694301, 0.719396

43
0.00728043, -0.010548, -0.0122248
0.999958, -0.00485028, -0.0078378
0.00539288, -0.381731, 0.924258
-0.00747484, -0.924261, -0.381688

44
0.0220508, -0.00799276, -0.0116793
0.999817, -0.000952456, -0.0190939
0.0171083, -0.401151, 0.915852
-0.00853185, -0.916012, -0.401061

45
0.0192812, -0.00799384, -0.0116814
0.999986, -0.00187003, -0.00492144
0.00375818, -0.401092, 0.91603
-0.00368696, -0.916036, -0.401079

46
-0.00136865, -0.0109602, -0.0117081
0.999826, -0.00493123, 0.0179655
-0.0184295, -0.402872, 0.915071
0.00272537, -0.915243, -0.402893

47
-0.022509, 0.0119379, 0.00630282
-0.999766, 0.000922535, 0.0216134
0.0143872, -0.717763, 0.696139
0.0161555, 0.696287, 0.717582

48
-0.0434306, -0.015968, -0.00465684
-0.998474, -0.00336439, 0.0551239
-0.0524235, 0.371694, -0.926874
-0.0173709, -0.928349, -0.371303

49
-0.0108148, -0.0144068, -0.00320377
-0.999098, 0.00382584, -0.04228
0.0403814, 0.392935, -0.918679
0.0130986, -0.919558, -0.392736

50
0.022394, 0.00875324, 0.0105758
0.999999, -0.00107721, 0.000824298
0.00118223, 0.394265, -0.918996
0.00066496, 0.918996, 0.394266

51
-0.0198684, 0.00501994, 0.00806526
0.99981, -0.00160967, 0.0194285
0.0144846, 0.728354, -0.685047
-0.0130482, 0.685199, 0.728239

52
-0.0286088, -0.00761529, -0.0148494
0.999994, -0.00248972, 0.00232446
-0.0034055, -0.717492, 0.696559
-6.64538e-05, -0.696563, -0.717496

53
0.0251759, 0.00423542, 0.0147625
0.999942, -0.00141333, 0.0106477
0.00848157, 0.712135, -0.701991
-0.00659047, 0.702041, 0.712106

54
0.00133678, -0.00642449, -0.01282
0.999988, -0.00467106, -0.00113898
-0.0025611, -0.718003, 0.696035
-0.00406901, -0.696024, -0.718007

55
-0.0431093, -0.0181453, 0.000823696
-0.99801, -0.000709058, -0.063054
0.0579307, 0.384646, -0.921245
0.0249067, -0.923064, -0.383839

56
0.00129061, -0.00949913, -0.00962082
0.999982, -0.00461592, -0.0037454
0.00161191, -0.395908, 0.918289
-0.00572159, -0.918278, -0.395894

57
0.0163339, 0.00978949, 0.0101637
0.999924, -0.00188354, 0.0121912
0.0119824, 0.383169, -0.923601
-0.00293164, 0.923676, 0.383162

58
-0.0225516, -0.00886087, -0.0104723
0.999819, -0.0021116, 0.0189271
-0.018208, -0.397308, 0.917505
0.00558249, -0.917683, -0.397274

59
-0.0198643, -0.00935369, -0.00971241
0.999874, -0.00175161, -0.0157671
0.0137094, -0.404704, 0.914345
-0.00798257, -0.914446, -0.404629

60
-0.0198643, -0.00935369, -0.00971241
0.999874, -0.00175161, -0.0157671
0.0137094, -0.404704, 0.914345
-0.00798257, -0.914446, -0.404629

61
0.00442804, 0.000826615, 0.0120605
0.999975, -0.00466863, -0.00536393
-0.000442058, 0.712033, -0.702146
0.00709735, 0.702131, 0.712013

62
0.0252123, -0.0150645, -0.00238148
-0.999783, 0.000875836, 0.0208262
-0.0187946, 0.3942, -0.918832
-0.00901441, -0.919024, -0.394098

63
-0.0255854, -0.00751285, -0.0123102
0.999955, -0.00228157, 0.00921948
-0.00938345, -0.387372, 0.921876
0.00146804, -0.921921, -0.387376

64
0.0224542, 0.00653735, 0.0123686
0.999906, -0.000963642, -0.0136427
-0.0122077, 0.386858, -0.922058
0.00616633, 0.922139, 0.386811

65
-0.0374634, -0.0143612, -0.0029644
-0.999254, -0.000421854, 0.0386197
-0.0358733, 0.380618, -0.924036
-0.0143095, -0.924732, -0.380349

66
0.0581007, -0.0148443, -0.0104875
-0.935873, 0.0143104, 0.352048
-0.24658, 0.68711, -0.683431
-0.251676, -0.726412, -0.639519

67
-0.0672309, -0.0158937, -0.000932815
-0.994817, -0.0281598, -0.0977035
0.0821577, 0.343529, -0.935541
0.0599086, -0.93872, -0.339435

68
-0.00756993, 0.0113148, 0.00271232
0.999904, -0.00202073, 0.0136843
0.0137049, 0.0105656, -0.99985
0.00187585, 0.999942, 0.0105923

69
-0.0642948, 0.00105035, -0.0182421
-0.940898, -0.00996343, -0.338545
-0.122833, 0.941552, 0.313674
0.315632, 0.336719, -0.887128

70
0.01644, 0.00816577, 0.0112607
0.999993, -0.00215627, -0.00305722
-0.00199475, 0.384024, -0.923321
0.00316498, 0.923321, 0.384017

71
0.0221971, 0.00417729, 0.0117815
0.999952, -0.00150974, 0.00967123
0.00784875, 0.714051, -0.70005
-0.00584886, 0.700092, 0.714029

72
-0.0669725, -0.0112254, 0.00713748
-0.999112, -0.0147557, 0.0394645
-0.0387779, -0.0442326, -0.998268
0.0164758, -0.998912, 0.0436211

73
0.0254463, -0.0121156, -0.00826312
0.999942, -0.00156976, 0.0106517
-0.0104257, -0.388186, 0.921522
0.00268826, -0.92158, -0.38818

74
0.0222752, 0.00721201, 0.0085688
0.999961, -0.00143256, 0.00872885
0.00859409, 0.390987, -0.920356
-0.0020944, 0.920395, 0.390984

75
-0.019956, -0.00624492, -0.0158732
0.999874, -0.00175161, -0.0157671
0.00961103, -0.723841, 0.6899
-0.0126213, -0.689965, -0.723733

76
0.0221971, 0.00417729, 0.0117815
0.999952, -0.00150974, 0.00967123
0.00784875, 0.714051, -0.70005
-0.00584886, 0.700092, 0.714029

77
0.0250684, -0.0133921, -0.00935673
-0.999783, 0.000875836, 0.0208262
-0.00691562, 0.92859, -0.371043
-0.0196639, -0.371107, -0.928382

78
0.0223823, 0.00111985, 0.0148009
0.999999, -0.00107721, 0.000824298
0.00134671, 0.715938, -0.698163
0.000161922, 0.698163, 0.715939

79
-0.0318037, 0.0111125, -0.00361588
-0.999422, 0.00028597, -0.0340016
-0.0313858, -0.392461, 0.919233
-0.0130815, 0.919769, 0.392243

80
0.0164294, 0.00137674, 0.0125817
0.999993, -0.00215627, -0.00305722
-0.000631727, 0.708131, -0.70608
0.00368741, 0.706077, 0.708125

81
-0.0196433, -0.0116827, -0.00669675
0.999995, -0.00236234, -0.00205556
0.00202431, -0.0131533, 0.999911
-0.00238917, -0.999911, -0.0131484

82
0.0313599, -0.0116833, -0.00935486
0.999879, -0.00202894, 0.0154174
-0.015397, 0.00967675, 0.999835
-0.0021778, -0.999951, 0.00964434

83
-0.00167158, -0.0108226, 0.00518875
0.999826, -0.00493123, 0.0179655
-0.00957059, 0.691402, 0.722407
-0.0159837, -0.722454, 0.691235

84
-0.0255138, 0.00184484, 0.0131838
0.999964, -0.000353267, -0.0084197
-0.00565839, 0.71225, -0.701903
0.00624489, 0.701925, 0.712223

85
-0.0670062, -0.014803, 0.00494691
-0.999112, -0.0147557, 0.0394645
-0.0295211, -0.423133, -0.905587
0.0300613, -0.905948, 0.422321

86
-0.0256521, -0.0136837, -0.00660157
0.999955, -0.00228157, 0.00921948
-0.00923097, -0.00508161, 0.999944
-0.0022346, -0.999984, -0.00510244

87
-0.0582792, -0.0136787, 0.00282731
-0.982741, -0.0131154, 0.184523
-0.184259, -0.0190877, -0.982692
0.0164105, -0.999732, 0.0163416

88
0.0253767, 0.00194944, 0.0130801
0.999998, -0.00056057, 0.00205886
0.0018549, 0.70531, -0.708896
-0.00105475, 0.708898, 0.70531

89
0.0223753, -0.00968396, -0.00953451
0.999935, -0.00176375, 0.0112596
-0.0112657, -0.00347928, 0.99993
-0.00172445, -0.999992, -0.00349892

90
0.0253759, -0.0159786, -0.00221792
0.999942, -0.00156976, 0.0106517
-0.00927297, 0.377166, 0.926099
-0.0054712, -0.926144, 0.37713

91
-0.0228047, 0.00946609, -0.0072686
-0.999766, 0.000922535, 0.0216134
0.0215969, -0.015186, 0.999651
0.00125044, 0.999884, 0.0151626

92
0.0103296, -0.0116838, -0.00945128
0.999972, -0.00421699, -0.00616156
0.00617503, 0.00319051, 0.999976
-0.00419723, -0.999986, 0.00321646

93
0.0454434, -0.0126563, -0.000948019
-0.984186, -0.00377784, -0.177096
0.163373, 0.367023, -0.915753
0.0684581, -0.930204, -0.360602

94
0.0640353, -0.0159156, 0.00187319
-0.999545, 0.013168, -0.0271346
0.0300258, 0.349378, -0.936501
-0.00285156, -0.936889, -0.349615

95
-0.0316423, -0.013684, -0.00645572
0.999983, -0.00172765, 0.00562691
-0.00562311, 0.00219988, 0.999982
-0.00174, -0.999996, 0.00219012

96
-0.0346413, 0.0136074, -0.00174133
0.999951, 0.000742856, 0.0098321
0.00939158, -0.375491, -0.926779
0.0030034, 0.926826, -0.37548

97
-0.0419551, -0.00988812, 0.0142137
-0.951405, 0.00211775, 0.307935
-0.215634, -0.718472, -0.661286
0.219842, -0.695552, 0.684015

98
-0.019956, -0.00624492, -0.0158732
0.999874, -0.00175161, -0.0157671
0.00961103, -0.723841, 0.6899
-0.0126213, -0.689965, -0.723733

99
-0.0286347, -0.0120463, -0.00842589
0.999994, -0.00248972, 0.00232446
-0.00312084, -0.396313, 0.91811
-0.00136462, -0.918112, -0.396318

100
0.0513789, -0.0172856, -0.00273683
-0.955098, -0.00831226, -0.296175
0.273238, 0.361866, -0.891288
0.114584, -0.932193, -0.343346

101
0.0313002, -0.0143343, -0.005831
0.999879, -0.00202894, 0.0154174
-0.0150584, -0.373725, 0.927417
0.00388017, -0.927538, -0.37371

102
-0.0226413, -0.0116827, -0.00669514
0.999907, -0.0024318, 0.0134408
-0.0134714, -0.0130095, 0.999825
-0.00225652, -0.999912, -0.013041

103
0.03136, -0.0116835, -0.00637954
0.999856, -0.00203813, 0.0168403
-0.0168234, 0.0080345, 0.999826
-0.00217308, -0.999966, 0.00799905

104
0.00128149, -0.00644965, -0.0158118
0.999982, -0.00461592, -0.0037454
-0.000700347, -0.717182, 0.696886
-0.00590291, -0.696871, -0.717172

105
0.0103399, -0.0143577, -0.00594418
0.999972, -0.00421699, -0.00616156
0.00409878, -0.37973, 0.925088
-0.00624082, -0.925088, -0.379703

106
0.00133905, -0.0102343, 0.00480059
0.999988, -0.00467106, -0.00113898
0.00406901, 0.696024, 0.718007
-0.0025611, -0.718003, 0.696035

107
0.0223146, -0.0149074, 0.00354058
0.999982, -0.00175336, 0.00578979
-0.00286191, 0.706084, 0.708122
-0.00532967, -0.708126, 0.706066

108
0.0254115, 0.0114577, -0.00639837
0.999942, -0.00141333, 0.0106477
0.00659047, -0.702041, -0.712106
0.00848157, 0.712135, -0.701991

109
0.0225296, 0.00969526, 0.00438607
0.999865, -0.000398237, -0.0164508
-0.0149607, 0.394339, -0.918843
0.00685309, 0.918965, 0.394279

110
0.0224444, 0.000835464, 0.0120516
0.999906, -0.000963642, -0.0136427
-0.0089187, 0.710298, -0.703845
0.0103686, 0.703901, 0.710223

111
0.0452982, -0.0152235, -0.00192182
-0.989988, 0.00193131, 0.141136
-0.130112, 0.375122, -0.917799
-0.0547157, -0.926974, -0.371115

112
-0.0681176, -0.01324, 0.00733109
-0.994817, -0.0281598, -0.0977035
0.0988299, -0.0418527, -0.994224
0.0239079, -0.998727, 0.0444189

113
0.0222428, 0.000692155, 0.0112086
0.999961, -0.00143256, 0.00872885
0.00713841, 0.713445, -0.700675
-0.00522379, 0.70071, 0.713427

114
0.0162831, 0.00191696, 0.0131121
0.999924, -0.00188354, 0.0121912
0.00994841, 0.707477, -0.706666
-0.00729395, 0.706734, 0.707442

115
-0.0463975, -0.0159605, -0.00457257
-0.999045, -0.00566854, 0.0433261
-0.0423685, 0.368162, -0.928796
-0.0106861, -0.929744, -0.36805

116
-0.0692936, 0.0118064, -0.0046657
-0.940898, -0.00996343, -0.338545
-0.315632, -0.336719, 0.887128
-0.122833, 0.941552, 0.313674

117
0.0312709, 0.0111675, -0.00374449
-0.999679, 0.00172675, -0.0252952
-0.0240209, -0.383751, 0.923124
-0.00811303, 0.923435, 0.383669

118
0.0253755, -0.0116829, 0.00531332
-0.999783, 0.000875836, 0.0208262
-0.0208136, 0.0124979, -0.999705
-0.00113586, -0.999922, -0.012477

119
-0.0464984, -0.00952063, 0.000173908
-0.951405, 0.00211775, 0.307935
-0.307928, -0.0162069, -0.951272
0.00297613, -0.999866, 0.0160715

120
-0.0490067, -0.0120594, 0.00437359
-0.998462, -0.00922206, 0.0546646
-0.0465937, -0.394692, -0.917631
0.0300381, -0.918767, 0.393655

121
0.00132955, -0.00948128, -0.0066326
0.999988, -0.00467106, -0.00113898
-0.000809001, -0.396991, 0.917822
-0.00473936, -0.91781, -0.396991

122
0.0252463, 0.00724013, 0.00855004
0.999942, -0.00141333, 0.0106477
0.010358, 0.389268, -0.921066
-0.00284304, 0.921123, 0.38926

123
0.0221751, -0.0134793, -0.0048967
0.999817, -0.000952456, -0.0190939
0.019071, -0.0200725, 0.999617
-0.00133535, -0.999798, -0.0200507

124
-0.0196842, -0.0113846, -0.00493439
0.999989, -0.00230472, -0.00410759
0.00403833, -0.0292921, 0.999563
-0.00242403, -0.999568, -0.0292824

125
-0.0196842, -0.0113846, -0.00493439
0.999989, -0.00230472, -0.00410759
0.00403833, -0.0292921, 0.999563
-0.00242403, -0.999568, -0.0292824

126
0.0193044, -0.0134799, -0.00489739
0.999986, -0.00187003, -0.00492144
0.00488305, -0.0200088, 0.999788
-0.00196811, -0.999798, -0.0199994

127
0.0373504, -0.013684, 0.00253261
-0.999357, 0.00204788, -0.0357848
0.0357814, -0.00168075, -0.999358
-0.00210671, -0.999996, 0.0016064

128
0.019435, 0.0087486, 0.0105796
0.999998, -0.00171202, -0.0010367
-0.0002772, 0.394513, -0.91889
0.00198215, 0.918889, 0.394512

129
-0.034758, 0.00534774, 0.0107513
0.999951, 0.000742856, 0.0098321
0.00636878, 0.712581, -0.701561
-0.00752733, 0.701589, 0.712542

130
0.00430195, -0.00951646, -0.00660963
0.999984, -0.0047592, -0.00289899
0.000784248, -0.394855, 0.918743
-0.00551717, -0.918731, -0.394845

131
-0.0566781, -0.0103057, -0.010862
0.839061, 0.026265, 0.543403
-0.544015, 0.0315053, 0.838484
0.00490273, -0.999158, 0.0407234

132
0.0376275, -0.0121744, -0.0051186
-0.999357, 0.00204788, -0.0357848
0.0338639, 0.381129, -0.923901
0.0117466, -0.924519, -0.380954

133
0.0249738, -0.0113225, 0.0103984
-0.99973, 0.00185827, -0.0231635
0.0206817, -0.383352, -0.923371
-0.0105956, -0.923601, 0.38321

134
0.022304, -0.0135621, -0.00380816
0.999935, -0.00176375, 0.0112596
-0.00974823, 0.379466, 0.925154
-0.00590439, -0.925204, 0.379424

135
-0.0647804, 0.00811664, -0.0171003
-0.940898, -0.00996343, -0.338545
-0.310042, 0.427681, 0.849095
0.136329, 0.903875, -0.405494

136
-0.0254884, -0.00304512, 0.0163997
0.999964, -0.000353267, -0.0084197
-0.00283786, 0.926649, -0.375917
0.0079349, 0.375928, 0.926615

137
-0.00162443, -0.0142878, 0.00161353
0.999826, -0.00493123, 0.0179655
-0.0149588, 0.362301, 0.931941
-0.0111045, -0.932048, 0.362164

138
0.0485909, -0.0142808, -0.00266409
-0.975331, -0.00367451, -0.220715
0.204572, 0.36062, -0.910002
0.0829379, -0.932706, -0.350972

139
-0.022998, -0.00693692, -0.013134
-0.999792, 0.00157015, 0.0203436
-0.00591455, 0.931926, -0.362599
-0.0195281, -0.362644, -0.931723

140
0.0284561, -0.00962985, -0.00653538
0.999988, -0.000963263, 0.00486059
-0.00485361, -0.387943, 0.92167
0.000997821, -0.921683, -0.387943

141
0.0421772, -0.00792811, 0.0106944
-0.997551, 0.000697338, -0.0699329
0.0636721, -0.404589, -0.912279
-0.0289303, -0.914498, 0.403554

142
0.0608153, -0.0119546, -0.00338844
-0.935873, 0.0143104, 0.352048
-0.35232, -0.0277906, -0.935467
-0.00360326, -0.999511, 0.0310503

143
-0.0514002, -0.00672013, 0.0123765
-0.966823, -0.00327798, -0.255427
0.181975, -0.71058, -0.679677
-0.179273, -0.703609, 0.687601

144
0.0222617, 0.00719897, 0.00557725
0.999952, -0.00150974, 0.00967123
0.00948956, 0.391783, -0.920009
-0.00240006, 0.920056, 0.391779

145
-0.056894, -0.0120106, 0.0103236
-0.982741, -0.0131154, 0.184523
-0.163953, -0.400216, -0.901636
0.0856742, -0.916327, 0.391158

146
-0.0638569, 0.00105269, 0.0135267
-0.998735, -0.0222691, 0.0450896
0.0050022, -0.936154, -0.351555
0.0500396, -0.350884, 0.935081

147
0.0284892, -0.00663407, -0.0127525
0.999988, -0.000963263, 0.00486059
-0.0041023, -0.711126, 0.703053
0.00277926, -0.703064, -0.711121

148
-0.0110809, -0.0117943, 0.00332174
-0.999098, 0.00382584, -0.04228
0.0423202, 0.0111254, -0.999042
-0.0033518, -0.999931, -0.0112773

149
0.00130907, -0.00953928, -0.00464187
0.999982, -0.00461592, -0.0037454
0.00367877, -0.0143617, 0.99989
-0.00466921, -0.999886, -0.0143444

150
-0.0226256, -0.00968276, -0.00665872
0.999819, -0.0021116, 0.0189271
-0.0189583, -0.0158823, 0.999694
-0.00181035, -0.999872, -0.0159194

151
-0.0484775, -0.01731, -0.00588723
-0.951405, 0.00211775, 0.307935
-0.285627, 0.367659, -0.885011
-0.115089, -0.929958, -0.349188

152
-0.0610298, -0.0108516, -0.0116207
-0.982741, -0.0131154, 0.184523
-0.0856742, 0.916327, -0.391158
-0.163953, -0.400216, -0.901636

153
0.0601895, -0.0144409, 0.00262849
-0.946135, 0.0117684, 0.323558
-0.300626, -0.402985, -0.864423
0.120216, -0.915131, 0.384816

154
-0.0460483, -0.0135247, 0.00379791
-0.999045, -0.00566854, 0.0433261
-0.0432328, -0.0156605, -0.998942
0.00634105, -0.999861, 0.0154005

155
-0.0255332, -0.00423658, -0.0171597
0.999955, -0.00228157, 0.00921948
-0.00810738, -0.710689, 0.70346
0.00494719, -0.703503, -0.710675

156
0.00431622, -0.0095509, -0.00163062
0.999984, -0.0047592, -0.00289899
0.00283588, -0.0132149, 0.999909
-0.00479708, -0.999901, -0.0132012

157
-0.0196376, -0.0138221, 0.00516215
0.999874, -0.00175161, -0.0157671
0.0126213, 0.689965, 0.723733
0.00961103, -0.723841, 0.6899

158
-0.064132, -0.0136675, 0.00016139
-0.998735, -0.0222691, 0.0450896
-0.0443163, -0.0340756, -0.998436
0.0237708, -0.999171, 0.0330456

159
-0.0443622, -0.0140591, 0.00680526
-0.951405, 0.00211775, 0.307935
-0.28335, -0.397606, -0.87271
0.120589, -0.917554, 0.378884

160
-0.0347221, 0.0112376, 0.00665499
0.999951, 0.000742856, 0.0098321
0.00982604, 0.00777256, -0.999922
-0.000819219, 0.99997, 0.00776488

161
0.0457821, -0.0142857, -0.00565147
-0.985132, -0.00338659, -0.171763
0.158922, 0.36179, -0.918614
0.0652532, -0.932253, -0.355873

162
0.031486, -0.00382319, -0.0165012
0.999879, -0.00202894, 0.0154174
-0.0124273, -0.70023, 0.713809
0.00934742, -0.713915, -0.70017

163
0.0252852, -0.014939, 0.00644416
0.999942, -0.00156976, 0.0106517
-0.00647337, 0.702876, 0.711283
-0.00860334, -0.71131, 0.702825

164
-0.0165854, 0.00931011, -0.00908124
-0.999542, 0.00230954, -0.0301798
-0.0302325, -0.0278282, 0.999155
0.00146774, 0.99961, 0.0278853

165
-0.0346769, 0.0119936, 0.00196552
-0.99979, 0.000174719, 0.0205082
0.018897, -0.380744, 0.924487
0.00796989, 0.92468, 0.380661

166
-0.0679221, -0.0118178, 0.00493069
-0.994817, -0.0281598, -0.0977035
0.100456, -0.420863, -0.901545
-0.0157325, -0.906687, 0.421511

167
-0.0648129, -0.00401651, -0.0101534
-0.998735, -0.0222691, 0.0450896
-0.0237708, 0.999171, -0.0330456
-0.0443163, -0.0340756, -0.998436

168
-0.0585727, -0.0175693, 0.000853307
0.727718, -0.0249619, -0.685422
0.638878, -0.33889, 0.690643
-0.249523, -0.940495, -0.230669

169
0.0222088, -0.0138753, 0.00459215
0.999935, -0.00176375, 0.0112596
-0.00674668, 0.704641, 0.709532
-0.00918543, -0.709562, 0.704584

170
0.0251328, -0.0116768, 0.00350801
-0.99973, 0.00185827, -0.0231635
0.0231622, -0.000724168, -0.999731
-0.00187455, -0.999998, 0.000680931

171
-0.0224862, -0.00664189, -0.013681
0.999819, -0.0021116, 0.0189271
-0.0146857, -0.718246, 0.695634
0.0121254, -0.695786, -0.718147

172
0.0370798, -0.0121487, 0.0101789
-0.999357, 0.00204788, -0.0357848
0.0322515, -0.384235, -0.922672
-0.0156393, -0.923233, 0.383922

173
0.0133528, 0.0111847, 0.00675866
0.999948, -0.00301158, 0.00971149
0.0097497, 0.0129462, -0.999869
0.00288546, 0.999912, 0.0129749

174
0.069633, -0.0123873, -0.004543
-0.997285, 0.0132165, 0.072449
-0.0630972, 0.353969, -0.933126
-0.0379774, -0.935164, -0.352174

175
-0.0457842, -0.00806822, 0.0106007
-0.999045, -0.00566854, 0.0433261
-0.0375153, -0.397099, -0.917009
0.0224029, -0.917758, 0.396507

176
0.0393997, 0.0071307, -0.00658877
-0.997841, 2.49699e-05, 0.0656705
0.0603135, 0.395941, 0.916293
-0.0259787, 0.918276, -0.395087

177
-0.0315663, -0.00431393, -0.0170827
0.999983, -0.00172765, 0.00562691
-0.0052065, -0.705548, 0.708643
0.00274577, -0.70866, -0.705545

178
-0.0521511, -0.0147054, -0.0176395
0.839061, 0.026265, 0.543403
-0.38121, -0.684234, 0.621693
0.388143, -0.728789, -0.564102

179
0.0456394, -0.0109292, 0.0103228
-0.975331, -0.00367451, -0.220715
0.2033, -0.404526, -0.891643
-0.0860084, -0.914519, 0.395294

180
-0.0197859, -0.00944161, -0.00473465
0.999874, -0.00175161, -0.0157671
0.0157206, -0.0239541, 0.999589
-0.00212858, -0.999712, -0.0239236

181
-0.0636446, -0.00733255, 0.0140878
-0.998735, -0.0222691, 0.0450896
-0.0145279, -0.730616, -0.682634
0.0481449, -0.682426, 0.729368

182
-0.00749142, -0.0041949, -0.0142004
0.999875, -0.00441513, 0.0151782
-0.0137854, -0.713419, 0.700602
0.00773516, -0.700724, -0.713391

183
0.00731992, -0.0116839, -0.00648356
0.999958, -0.00485028, -0.0078378
0.00784287, 0.00102621, 0.999969
-0.00484209, -0.999988, 0.00106421

184
-0.0197103, -0.00313068, -0.0159105
0.999989, -0.00230472, -0.00410759
0.00114148, -0.727514, 0.686092
-0.00456958, -0.686089, -0.727503

185
-0.0442913, -0.0138589, -0.0084174
-0.986737, -0.001857, -0.162318
0.11375, 0.705462, -0.69956
0.115808, -0.708745, -0.695894

186
0.0103192, -0.00377757, -0.0165477
0.999972, -0.00421699, -0.00616156
0.00139852, -0.704841, 0.709364
-0.0073343, -0.709353, -0.704815

187
0.0224355, -0.0042753, -0.0141214
0.999982, -0.00175336, 0.00578979
-0.00532967, -0.708126, 0.706066
0.00286191, -0.706084, -0.708122

188
0.0222617, 0.00719897, 0.00557725
0.999952, -0.00150974, 0.00967123
0.00948956, 0.391783, -0.920009
-0.00240006, 0.920056, 0.391779

189
0.0639276, -0.0118746, 0.0078003
-0.999545, 0.013168, -0.0271346
0.0192151, -0.415433, -0.909421
-0.0232478, -0.909528, 0.414991

190
0.0456394, -0.0109292, 0.0103228
-0.975331, -0.00367451, -0.220715
0.2033, -0.404526, -0.891643
-0.0860084, -0.914519, 0.395294

191
-0.0227518, -0.013415, -0.000535996
-0.999792, 0.00157015, 0.0203436
-0.0179907, 0.402544, -0.915224
-0.00962624, -0.915399, -0.402432

192
-0.0197103, -0.00313068, -0.0159105
0.999989, -0.00230472, -0.00410759
0.00114148, -0.727514, 0.686092
-0.00456958, -0.686089, -0.727503

193
-0.0435185, 0.0120086, -0.00304096
0.999826, -0.00139515, -0.0185891
-0.017695, -0.384715, -0.922866
-0.00586395, 0.923034, -0.384673

194
-0.0317082, 0.00496808, -0.00805993
0.999957, 0.000265778, -0.00926894
-0.00639514, -0.704059, -0.710112
-0.00671462, 0.710141, -0.704027

195
0.0194263, 0.00111407, 0.0148027
0.999998, -0.00171202, -0.0010367
0.000502435, 0.716126, -0.69797
0.00193734, 0.697969, 0.716126

196
0.0223576, -0.013684, -0.0035286
0.999982, -0.00175336, 0.00578979
-0.00579233, -0.00144354, 0.999982
-0.00174497, -0.999997, -0.00145367

197
0.001335, -0.00952731, -0.00165367
0.999988, -0.00467106, -0.00113898
0.00106626, -0.0155415, 0.999879
-0.00468819, -0.999868, -0.0155363

198
0.0252993, 0.00724431, 0.00357118
0.999942, -0.00141333, 0.0106477
0.0106575, 0.00713814, -0.999918
0.00133721, 0.999974, 0.00715279

199
-0.00455727, 0.00931347, -0.00623072
-0.999001, 0.00413991, -0.0444965
-0.0445633, -0.0177531, 0.998849
0.00334519, 0.999834, 0.0179199

200
-0.0597145, -0.0123028, -0.00471877
-0.982741, -0.0131154, 0.184523
-0.176513, 0.364946, -0.914143
-0.0553516, -0.930936, -0.360962

201
-0.0429764, -0.0135639, 0.0037178
-0.998474, -0.00336439, 0.0551239
-0.0550805, -0.0118638, -0.998411
0.00401302, -0.999924, 0.0116604

202
0.00431452, -0.0126769, 0.00291653
0.999984, -0.0047592, -0.00289899
0.00445577, 0.370437, 0.928847
-0.00334668, -0.928846, 0.370452

203
-0.0012562, -0.00328754, -0.01586
0.999826, -0.00493123, 0.0179655
-0.0159837, -0.722454, 0.691235
0.00957059, -0.691402, -0.722407

204
-0.0641531, 0.00946581, -0.0118886
-0.999684, 0.0161239, -0.0192595
-0.0107146, 0.419758, 0.907573
0.0227179, 0.907493, -0.419453

205
0.00429847, -0.00647408, -0.0128041
0.999984, -0.0047592, -0.00289899
-0.00138678, -0.716381, 0.697708
-0.00539732, -0.697693, -0.716377

206
0.0434827, -0.0109508, 0.00747082
-0.985132, -0.00338659, -0.171763
0.158516, -0.403379, -0.901198
-0.0662336, -0.915027, 0.397918

207
-0.0197859, -0.00944161, -0.00473465
0.999874, -0.00175161, -0.0157671
0.0157206, -0.0239541, 0.999589
-0.00212858, -0.999712, -0.0239236

208
-0.00778661, -0.00309054, 0.0164174
0.999904, -0.00202073, 0.0136843
0.00697768, 0.927869, -0.37284
-0.0119438, 0.3729, 0.927795

209
0.00745771, 0.00931582, 0.00850771
0.999988, -0.00434297, -0.00209817
-0.00209606, 0.000491458, -0.999998
0.00434399, 0.99999, 0.000482349

210
-0.0432735, 0.00900384, 0.0103574
0.999826, -0.00139515, -0.0185891
-0.0166587, 0.380649, -0.924569
0.00836582, 0.924718, 0.38056

211
0.0284319, -0.00962687, -0.00155629
0.999988, -0.000963263, 0.00486059
-0.004866, -0.00570014, 0.999972
-0.00093553, -0.999983, -0.00570476

212
-0.0456555, -0.0135555, -0.000127703
-0.986737, -0.001857, -0.162318
0.149409, 0.380537, -0.912617
0.0634625, -0.924764, -0.375212

213
-0.0432552, -0.0127381, 0.00307217
-0.99801, -0.000709058, -0.063054
0.0585749, -0.380719, -0.922834
-0.0233515, -0.92469, 0.380003

214
0.0608161, -0.0112641, 0.00348201
-0.936988, -0.00925001, -0.349239
0.349318, -0.0406877, -0.936121
-0.0055506, -0.999129, 0.041355

215
0.0580954, -0.0119004, -0.00358753
-0.946135, 0.0117684, 0.323558
-0.323747, -0.0221039, -0.945885
-0.0039797, -0.999686, 0.0247233

216
0.0431062, -0.0112807, -0.00259102
-0.997551, 0.000697338, -0.0699329
0.0654797, 0.36056, -0.930435
0.0245662, -0.932736, -0.359723

217
0.0574318, 0.00884922, -0.00440391
-0.927486, 0.00201349, 0.373854
0.373558, 0.0451416, 0.926508
-0.0150108, 0.998979, -0.0426203

218
-0.0453439, -0.0126829, -0.00407423
-0.973642, 0.000551811, 0.228083
-0.211568, 0.371417, -0.90404
-0.0852128, -0.928466, -0.361511

219
0.0474065, -0.013952, 0.00997972
-0.955098, -0.00831226, -0.296175
0.274232, -0.403282, -0.873018
-0.112185, -0.915038, 0.387453

220
0.0538264, -0.000785773, -0.0212343
0.891906, -0.0143806, -0.451991
0.00378374, -0.999222, 0.0392578
-0.452204, -0.0367245, -0.891158

221
0.0103623, -0.015137, -0.00178661
0.999972, -0.00421699, -0.00616156
0.0073112, 0.385626, 0.922626
-0.00151465, -0.922646, 0.385646

222
-0.0595544, -0.0170239, -0.00609603
0.839061, 0.026265, 0.543403
-0.50448, 0.411468, 0.759074
-0.203656, -0.911045, 0.358497

223
-0.0166003, -0.00320048, 0.0134622
1, -0.000931828, -0.00014981
0.000812565, 0.930783, -0.365571
0.00048009, 0.36557, 0.930784

224
-0.0369476, -0.011297, 0.0104128
-0.999254, -0.000421854, 0.0386197
-0.0354846, -0.384747, -0.92234
0.0152479, -0.923022, 0.384445

225
0.0702969, -0.011672, 9.347e-05
-0.99851, 0.00850484, 0.0538975
-0.0541905, -0.0391303, -0.997764
-0.00637679, -0.999198, 0.0395329

226
0.0253624, -0.0136837, -0.000619128
0.999942, -0.00156976, 0.0106517
-0.0106608, -0.00596386, 0.999925
-0.00150612, -0.999981, -0.00598025

227
-0.0163833, 0.00158105, -0.0163674
-0.999542, 0.00230954, -0.0301798
-0.0203397, 0.687154, 0.726227
0.0224154, 0.726509, -0.686792

228
-0.0443044, -0.00956166, 0.000355846
-0.973642, 0.000551811, 0.228083
-0.228072, -0.0121635, -0.973568
0.00223705, -0.999926, 0.0119687

229
0.0254963, -0.0106129, 0.0110661
-0.999783, 0.000875836, 0.0208262
-0.0196639, -0.371107, -0.928382
0.00691562, -0.92859, 0.371043

230
-0.0424668, -0.00887552, 0.0126257
-0.951405, 0.00211775, 0.307935
-0.115089, -0.929958, -0.349188
0.285627, -0.367659, 0.885011

231
-0.0440473, -0.00677011, 0.0155428
-0.99801, -0.000709058, -0.063054
0.0451799, -0.705602, -0.707166
-0.0439896, -0.708608, 0.70423

232
0.0222152, -0.00481145, 0.0147185
0.99981, -0.000578019, 0.019474
0.0080743, 0.921971, -0.387176
-0.0177306, 0.387259, 0.9218

233
-0.0674533, -0.0144989, -0.00625782
-0.999112, -0.0147557, 0.0394645
-0.0390703, 0.675061, -0.736727
-0.01577, -0.737615, -0.675038

234
0.0545958, -0.014259, 0.000435757
-0.979644, -0.000537022, -0.200744
0.187447, 0.355454, -0.915705
0.071847, -0.934693, -0.348118

235
0.070659, -0.00735736, 0.00866241
-0.997285, 0.0132165, 0.072449
-0.0714705, -0.410967, -0.908845
0.0177624, -0.911555, 0.410795

236
0.0314961, -0.00381168, -0.0135128
0.999856, -0.00203813, 0.0168403
-0.0134325, -0.701401, 0.71264
0.0103593, -0.712764, -0.701328

237
-0.0193991, 0.00157331, -0.0163761
-0.999602, 0.00202716, -0.0281519
-0.0190368, 0.687971, 0.725488
0.0208384, 0.725735, -0.687659

238
0.0224783, -0.00685566, 0.0106484
0.999817, -0.000952456, -0.0190939
0.00853185, 0.916012, 0.401061
0.0171083, -0.401151, 0.915852

239
-0.0560572, -0.0128445, 0.00399512
0.885994, 0.0130107, 0.463514
-0.429585, 0.399333, 0.809932
-0.174559, -0.916714, 0.359396

240
-0.0510912, -0.0142747, -0.00585693
-0.919523, 0.00212517, 0.393031
-0.366106, 0.359156, -0.858472
-0.142984, -0.933275, -0.329475

241
-0.0286566, -0.0136818, -0.000795615
0.999994, -0.00248972, 0.00232446
-0.00236106, -0.0147988, 0.999888
-0.00245504, -0.999887, -0.0148046

242
-0.0664015, -0.0151662, -0.00958748
-0.994817, -0.0281598, -0.0977035
0.0529778, 0.676612, -0.734431
0.0867888, -0.735801, -0.671614

243
0.0641101, -0.0136695, 0.000208107
-0.999545, 0.013168, -0.0271346
0.026649, -0.0357486, -0.999005
-0.0141249, -0.999274, 0.0353815

244
0.0463812, -0.0116835, 0.00562589
-0.989988, 0.00193131, 0.141136
-0.141147, -0.00817012, -0.989955
-0.000758817, -0.999965, 0.00836092

245
0.0471923, -0.0104948, 0.0112989
-0.989988, 0.00193131, 0.141136
-0.130693, -0.390218, -0.9114
0.0533136, -0.92072, 0.386564

246
-0.0286585, -0.0159625, -0.00241468
0.999994, -0.00248972, 0.00232446
-0.00124183, 0.368968, 0.929441
-0.0031717, -0.929439, 0.368963

247
0.00730285, -0.00376228, -0.0135628
0.999958, -0.00485028, -0.0078378
0.00212187, -0.706372, 0.707837
-0.00896962, -0.707824, -0.706332

248
-0.0465929, -0.00968399, 0.0055264
-0.986737, -0.001857, -0.162318
0.162322, -0.00232192, -0.986735
0.00145548, -0.999996, 0.00259255

249
-0.042722, -0.0141282, 0.00712179
-0.973642, 0.000551811, 0.228083
-0.209855, -0.393893, -0.894879
0.0893463, -0.919156, 0.383626

250
-0.0113714, -0.0115217, 0.0102115
-0.999098, 0.00382584, -0.04228
0.0378161, -0.372378, -0.92731
-0.0192919, -0.928073, 0.371898

251
0.0598202, 0.011825, 0.00150531
-0.927486, 0.00201349, 0.373854
0.350867, -0.340587, 0.872292
0.129086, 0.940211, 0.315183

252
0.0421352, -0.00673086, 0.0151163
-0.985132, -0.00338659, -0.171763
0.121103, -0.722839, -0.680322
-0.121853, -0.691008, 0.712502

253
-0.0225483, -0.0090033, 0.00912647
-0.999792, 0.00157015, 0.0203436
-0.0195281, -0.362644, -0.931723
0.00591455, -0.931926, 0.362599

254
-0.0346056, 0.00845807, 0.00547076
-0.99979, 0.000174719, 0.0205082
0.0144086, -0.705622, 0.708442
0.0145948, 0.708589, 0.705471

255
0.00442716, 0.0112139, 0.00285713
0.999975, -0.00466863, -0.00536393
-0.00672627, -0.376201, -0.926514
0.00230763, 0.926526, -0.376223

256
0.0706152, -0.0103065, 0.00577575
-0.99851, 0.00850484, 0.0538975
-0.0525058, -0.418528, -0.906685
0.0148464, -0.908164, 0.418351

257
-0.0627514, -0.0111853, 0.00304681
-0.885926, 0.00861569, 0.463747
-0.463595, -0.0480858, -0.884742
0.014677, -0.998806, 0.0465947

258
0.00741054, -0.00377291, 0.0131208
0.999988, -0.00434297, -0.00209817
0.0032112, 0.924059, -0.382237
0.00359888, 0.382226, 0.924062

259
0.0254896, -0.00422718, -0.0111688
0.999942, -0.00156976, 0.0106517
-0.00860334, -0.71131, 0.702825
0.00647337, -0.702876, -0.711283

260
-0.0316841, -0.0148816, 0.000617876
0.999983, -0.00172765, 0.00562691
-0.00274577, 0.70866, 0.705545
-0.0052065, -0.705548, 0.708643

261
-0.0426182, -0.00813327, 0.0105369
-0.998474, -0.00336439, 0.0551239
-0.049352, -0.393615, -0.91795
0.024786, -0.919269, 0.392848

262
-0.0466482, -0.0114146, -0.00975907
-0.999045, -0.00566854, 0.0433261
-0.035054, 0.695935, -0.717249
-0.0260864, -0.718082, -0.695469

263
0.0403795, 0.0114566, 0.00829735
-0.997841, 2.49699e-05, 0.0656705
0.0470822, -0.696857, 0.715663
0.0457808, 0.71721, 0.695351

264
-0.0485579, -0.0114259, 5.44847e-05
-0.919523, 0.00212517, 0.393031
-0.392955, -0.0253315, -0.919209
0.0080026, -0.999677, 0.024128

265
-0.0255992, 0.0113154, 0.00264643
0.999964, -0.000353267, -0.0084197
-0.00841689, 0.00730099, -0.999938
0.000414717, 0.999973, 0.00729776

266
-0.0437312, -0.0114023, -0.00982331
-0.998474, -0.00336439, 0.0551239
-0.0417854, 0.698664, -0.714229
-0.0361102, -0.715442, -0.697738

267
0.0224263, -0.00320724, -0.0130472
0.999935, -0.00176375, 0.0112596
-0.00918543, -0.709562, 0.704584
0.00674668, -0.704641, -0.709532

268
-0.0165888, 0.0113125, -0.00013048
1, -0.000931828, -0.00014981
-0.00013259, 0.0184523, -0.99983
0.000934434, 0.999829, 0.0184521

269
-0.0573236, 0.0113506, -0.0115448
0.794192, 0.0256461, 0.607126
0.560918, -0.415237, -0.716205
0.233733, 0.909352, -0.344163

270
-0.066826, -0.0101852, 0.011235
-0.999112, -0.0147557, 0.0394645
-0.01577, -0.737615, -0.675038
0.0390703, -0.675061, 0.736727

271
0.0312345, -0.0150867, -0.00166892
0.999879, -0.00202894, 0.0154174
-0.0133916, 0.391605, 0.920036
-0.00790422, -0.920131, 0.39153

272
-0.0287613, 0.00342191, 0.0137826
0.999978, 0.00011467, 0.00656215
0.00228339, 0.931306, -0.364231
-0.00615314, 0.364238, 0.931286

273
0.0471602, -0.0114421, 0.00361071
-0.975331, -0.00367451, -0.220715
0.220739, -0.0237617, -0.975043
-0.00166175, -0.999711, 0.0239866

274
-0.022923, -0.0135175, -0.00894031
-0.999792, 0.00157015, 0.0203436
-0.0129374, 0.72221, -0.691553
-0.0157782, -0.691672, -0.722039

275
-0.0497827, -0.0149868, -0.0102937
-0.998462, -0.00922206, 0.0546646
-0.0455823, 0.697788, -0.714853
-0.0315519, -0.716245, -0.697135

276
0.00742566, -0.0135613, 0.00816875
0.999958, -0.00485028, -0.0078378
0.00747484, 0.924261, 0.381688
0.00539288, -0.381731, 0.924258

277
0.031505, 0.00655916, -0.013314
-0.999679, 0.00172675, -0.0252952
-0.0227222, 0.381614, 0.924042
0.0112486, 0.92432, -0.381452

278
-0.0372137, -0.0116617, 0.00352624
-0.999254, -0.000421854, 0.0386197
-0.0386186, -0.00223424, -0.999252
0.000507824, -0.999997, 0.00221628

279
0.00442618, -0.000803034, 0.013133
0.999975, -0.00466863, -0.00536393
0.00230763, 0.926526, -0.376223
0.00672627, 0.376201, 0.926514

280
-0.0350416, 0.00134251, -0.0157231
-0.99979, 0.000174719, 0.0205082
0.0145948, 0.708589, 0.705471
-0.0144086, 0.705622, -0.708442

281
-0.0586063, -0.0150269, 0.0110367
-0.885926, 0.00861569, 0.463747
-0.422689, -0.426652, -0.799564
0.19097, -0.904375, 0.381624

282
-0.0165994, 0.00149878, -0.0103133
1, -0.000931828, -0.00014981
-0.000934434, -0.999829, -0.0184521
-0.00013259, 0.0184523, -0.99983

283
-0.00770524, 0.0110452, 0.00402414
0.999893, -0.00272648, 0.0144028
0.0144697, 0.026373, -0.999547
0.0023454, 0.999648, 0.0264097

284
-0.0643653, -0.00966777, 0.0103808
0.845025, 0.0213427, 0.5343
-0.214178, 0.92906, 0.301623
-0.489959, -0.369314, 0.78965

285
-0.0472152, -0.00891391, 0.0093005
-0.986737, -0.001857, -0.162318
0.150523, -0.384827, -0.910632
-0.0607731, -0.922987, 0.380002

286
0.0599923, -0.0137525, 0.00922667
0.898358, 0.0180539, 0.438892
-0.406345, 0.413658, 0.814722
-0.166842, -0.910253, 0.378949

287
0.0660628, -0.0142139, -0.00250757
-0.935036, -0.00977935, -0.354417
0.329467, 0.345353, -0.878739
0.130993, -0.938422, -0.319696

288
-0.062645, -0.0144298, 0.00300316
0.864059, 0.0247974, 0.502779
-0.469318, 0.400893, 0.786782
-0.18205, -0.915789, 0.358033

289
-0.0761664, 0.00409292, -0.011281
0.853054, -0.0314669, -0.520872
-0.00500578, -0.998628, 0.0521309
-0.521798, -0.0418631, -0.852041

290
-0.0227523, -0.0152596, 0.000911837
0.999907, -0.0024318, 0.0134408
-0.0115824, 0.370631, 0.928708
-0.00724002, -0.928777, 0.370568

291
0.0558654, -0.0117036, -0.0101156
-0.946135, 0.0117684, 0.323558
-0.297581, 0.362142, -0.883345
-0.127569, -0.932049, -0.339133

292
0.0637715, -0.0112707, 0.00345617
-0.935036, -0.00977935, -0.354417
