0
0.0134598, -0.000594134, 0.0148675
-0.998714, -0.0463301, -0.0205936
0.0434582, -0.99146, 0.122958
-0.0261144, 0.121905, 0.992198

1
0.0418452, 0.00123581, -0.0145726
0.99988, 0.0139641, 0.00676882
0.0144909, -0.99625, -0.0853017
0.00555228, 0.0853895, -0.996332

2
0.0326175, 0.001028, 0.0156402
0.999956, 0.00699917, 0.00622912
-0.00650017, 0.997024, -0.076811
-0.0067482, 0.0767672, 0.997026

3
-0.0504566, -0.0277969, -0.0074527
0.999875, 0.0128062, 0.00928415
-0.00811582, -0.0884458, 0.996048
0.0135767, -0.995999, -0.0883308

4
-0.00703191, 0.0206631, 0.0232924
0.991987, -0.0094162, 0.125988
0.114697, 0.485255, -0.866817
-0.0529742, 0.874322, 0.482447

5
-0.0661945, 0.0120754, -0.0170136
0.997815, -0.0565603, 0.0341361
-0.0302211, -0.850283, -0.525458
0.0587454, 0.523278, -0.850135

6
-0.0418653, 0.00849266, -0.0157876
0.999954, -0.0095287, 0.000594323
-0.0088686, -0.950127, -0.311738
0.00353514, 0.311718, -0.950168

7
0.0566934, -0.00283556, 0.0190438
0.999902, -0.00837253, 0.011206
0.00512492, 0.96466, 0.26345
-0.0130158, -0.263366, 0.964608

8
0.0172543, -0.00382817, 0.0194901
0.99986, -0.0135603, 0.00978912
0.0111443, 0.976637, 0.214606
-0.0124705, -0.214467, 0.976652

9
-0.0304645, 0.00342048, -0.0175523
0.999856, 0.0155748, 0.00667352
0.0169273, -0.935795, -0.352138
0.000760554, 0.3522, -0.935924

10
-0.00637695, -0.0105195, -0.0189658
0.998149, 0.0577597, 0.0190616
0.0483338, -0.943473, 0.327907
0.0369239, -0.326378, -0.944518

11
-0.00319195, 0.00599673, 0.0209154
0.994215, 0.0156486, 0.10626
0.0352977, 0.886774, -0.460854
-0.10144, 0.461939, 0.881092

12
0.00859787, -0.0110508, -0.0137658
0.999847, 0.00952871, -0.0146637
0.0142511, -0.929945, 0.367422
-0.0101354, -0.367574, -0.929939

13
0.0388118, -0.00337916, 0.0199551
0.999957, 0.00571648, 0.00727427
-0.00703738, 0.980387, 0.196957
-0.0060057, -0.197, 0.980385

14
0.0325411, 0.0285852, 0.00276393
0.999933, 0.0100795, 0.00564937
0.00511942, 0.0518489, -0.998642
-0.0103587, 0.998604, 0.0517938

15
0.0418979, -0.00113878, -0.0142477
0.999943, 0.00847223, 0.00650894
0.00914452, -0.993738, -0.111357
0.00552474, 0.11141, -0.993759

16
0.011234, -0.00949419, -0.0124047
-0.998376, -0.0549571, -0.0149954
-0.0505551, 0.97609, -0.211406
0.0262551, -0.210304, -0.977283

17
0.0681655, -0.00470362, -0.0133862
-0.999136, -0.0414663, 0.00285133
-0.0406811, 0.961537, -0.271647
0.00852254, -0.271528, -0.962393

18
-0.0330197, -0.0153058, -0.0224754
0.999991, 0.00412978, -0.000454247
0.00300526, -0.643505, 0.765436
0.00286877, -0.765431, -0.643512

19
0.0892739, -0.0135267, 0.0439506
0.697237, 0.715655, -0.0412219
-0.713262, 0.686867, -0.139539
-0.071548, 0.126694, 0.989358

20
0.0743661, -0.00281043, -0.0155692
0.921091, -0.387797, -0.03472
-0.386856, -0.921623, 0.0308849
-0.0439758, -0.0150161, -0.99892

21
-0.0450455, -0.00134669, -0.017414
0.999991, 0.00292668, 0.0032093
0.00265074, -0.996558, 0.0828514
0.00344074, -0.0828421, -0.996557

22
0.0683413, 0.000956911, 0.0186708
-0.999597, -0.0273081, -0.00772957
0.0266602, -0.996886, 0.0742152
-0.00973218, 0.0739792, 0.997212

23
0.0176569, 0.00442995, -0.0137317
0.999821, -0.0185254, 0.00386798
-0.0165714, -0.955715, -0.293828
0.00913997, 0.293712, -0.95585

24
0.0742113, -0.00145994, 0.0183739
-0.999622, -0.0232388, -0.0147142
0.0216799, -0.994905, 0.0984537
-0.0169272, 0.0980975, 0.995033

25
0.0326717, -0.00912187, 0.0183516
0.999956, 0.00699917, 0.00622912
-0.0085878, 0.950508, 0.310581
-0.00374701, -0.310621, 0.950526

26
0.0327233, 0.00284235, 0.0164487
0.999933, 0.0100795, 0.00564937
-0.0103587, 0.998604, 0.0517938
-0.00511942, -0.0518489, 0.998642

27
0.00525864, 0.00102142, -0.0153246
-0.998632, 0.0474998, -0.0218672
0.0486931, 0.997144, -0.0577275
0.0190627, -0.0587133, -0.998093

28
0.0415501, -0.00255546, 0.0182265
0.99991, -0.0117993, 0.00637364
0.0110245, 0.993836, 0.110307
-0.0076359, -0.110227, 0.993877

29
0.0475929, 0.00377617, -0.0121089
0.999808, 0.0179919, 0.00773233
0.0189744, -0.987696, -0.15523
0.00484432, 0.155347, -0.987848

30
-0.0387146, -0.0184252, -0.0225106
0.999925, 0.00703406, 0.00999977
-0.00347179, -0.620878, 0.7839
0.0117226, -0.783876, -0.620807

31
-0.0278653, -0.0203708, -0.0148976
-0.999461, 0.0161325, 0.0285859
-0.00797787, 0.725379, -0.688303
-0.0318397, -0.68816, -0.72486

32
-0.042252, -0.026755, -0.0037788
0.999993, -0.00351733, -0.0015262
0.00148924, -0.0104864, 0.999944
-0.00353313, -0.999939, -0.0104811

33
-0.0421493, 0.00794728, -0.0165128
0.999993, -0.00351733, -0.0015262
-0.0038341, -0.91981, -0.392345
-2.38069e-05, 0.392348, -0.919817

34
0.032546, 0.00497497, 0.0226935
0.999956, 0.00699917, 0.00622912
-0.00342295, 0.891753, -0.45251
-0.00872203, 0.452468, 0.891738

35
0.00121662, 0.00203681, 0.0156446
-0.997793, 0.0532595, -0.039654
-0.0592478, -0.983738, 0.169557
-0.0299786, 0.171533, 0.984722

36
0.0767442, -0.0307177, 0.00885899
-0.99099, -0.133924, 0.00177301
0.0109409, -0.0941385, -0.995499
0.133488, -0.98651, 0.0947556

37
-0.0331063, 0.00610215, -0.0186181
0.999991, 0.00412978, -0.000454247
0.00380047, -0.953424, -0.301608
-0.00167867, 0.301604, -0.953432

38
0.0686126, 0.00431949, -0.0136503
0.999913, -0.0130266, -0.00226262
-0.0131254, -0.957373, -0.288555
0.00159273, 0.288559, -0.957461

39
-0.00289149, 0.00428461, 0.0183563
0.994215, 0.0156486, 0.10626
-0.00620863, 0.996048, -0.0885943
-0.107226, 0.0874221, 0.990384

40
0.038913, -0.0167561, 0.0165553
0.999957, 0.00571648, 0.00727427
-0.00879998, 0.830371, 0.557142
-0.00285545, -0.557182, 0.830386

41
0.00848081, -0.00145442, -0.0155113
0.999847, 0.00952871, -0.0146637
0.00928767, -0.999822, -0.0164188
-0.0148176, 0.0162801, -0.999758

42
-0.0450889, 0.0128889, -0.0168759
0.999991, 0.00292668, 0.0032093
0.00430732, -0.763251, -0.646087
0.000558613, 0.646095, -0.763257

43
-0.0391895, -0.00830675, 0.0178654
0.999925, 0.00703406, 0.00999977
-0.00950171, 0.961806, 0.273565
-0.00769357, -0.27364, 0.961801

44
-0.0392511, -0.000750743, -0.0169953
0.999765, 0.0203124, -0.0076146
0.0184183, -0.980285, -0.196728
-0.0114605, 0.196541, -0.980429

45
-0.0329628, -0.0265556, 0.000399497
0.999991, 0.00412978, -0.000454247
9.65097e-05, 0.0862144, 0.996277
0.00415357, -0.996268, 0.0862133

46
-0.0451408, 0.0232295, -0.0101446
0.999991, 0.00292668, 0.0032093
0.00419322, -0.457903, -0.888993
-0.00113225, 0.888998, -0.45791

47
-0.0642801, -0.00432646, -0.0199177
-0.997718, -0.00839821, -0.0669956
0.0099574, 0.963084, -0.269015
0.0667817, -0.269069, -0.960803

48
0.0723565, 0.00313241, 0.01662
-0.994235, -0.107222, -0.000672789
0.106193, -0.985522, 0.132169
-0.0148345, 0.131336, 0.991227

49
0.056639, -0.0100093, 0.016508
0.999831, -0.0138791, 0.0120647
0.00984068, 0.95801, 0.286565
-0.0155353, -0.286397, 0.957985

50
0.0567369, -0.00136412, 0.0183323
0.999831, -0.0138791, 0.0120647
0.0150367, 0.994686, -0.101854
-0.0105869, 0.102018, 0.994726

51
0.062649, 0.00624143, -0.0126807
0.999931, 0.011432, 0.00279152
0.0116992, -0.991307, -0.131045
0.00126916, 0.131069, -0.991372

52
-0.0595209, 0.00675812, 0.0229629
0.999749, 0.002741, -0.022258
-0.012278, 0.89744, -0.440966
0.0187665, 0.441129, 0.897248

53
0.0626117, 0.0117415, -0.0126318
0.999918, 0.0126187, 0.00206536
0.0121678, -0.889395, -0.456977
-0.00392954, 0.456965, -0.889476

54
0.0416837, 0.0118201, -0.0125519
0.99988, 0.0139641, 0.00676882
0.0155126, -0.887738, -0.460088
-0.000415786, 0.460138, -0.887847

55
0.0596175, -0.0046216, -0.0133338
-0.999672, -0.0245959, -0.00712434
-0.0217829, 0.963074, -0.268354
0.0134617, -0.26811, -0.963294

56
0.0141613, 0.00323009, 0.0167556
-0.999565, 0.0255625, -0.0146824
-0.028296, -0.971663, 0.234671
-0.00826757, 0.234985, 0.971964

57
0.017595, -0.00393783, -0.0099402
0.999906, -0.0122176, -0.00622529
-0.0118592, -0.998433, 0.0546822
-0.00688362, -0.0546033, -0.998484

58
0.01393, -0.00448245, 0.0190743
-0.999565, 0.0255625, -0.0146824
-0.0229782, -0.987624, -0.155146
-0.0184666, -0.154742, 0.987782

59
-0.0604517, 0.0149677, -0.0178362
0.999749, 0.002741, -0.022258
-0.0126394, -0.750985, -0.660198
-0.018525, 0.660313, -0.750762

60
0.0631164, -0.0299745, -0.00211988
0.999918, 0.0126187, 0.00206536
-0.00102601, -0.0818236, 0.996646
0.0127454, -0.996567, -0.081804

61
-0.0537934, 0.0236278, -0.0057999
0.999802, -0.00119286, 0.019854
0.0195707, -0.119061, -0.992694
0.00354797, 0.992886, -0.119014

62
0.0110739, 8.24782e-05, 0.0177549
0.999365, 0.00306595, 0.0354972
0.0034017, 0.983529, -0.180718
-0.0354666, 0.180724, 0.982894

63
0.0566846, -0.000713916, -0.0111088
0.9999, 0.0126118, 0.00640516
0.0132595, -0.993404, -0.113898
0.00492645, 0.113972, -0.993472

64
-0.0255313, -0.00059963, 0.0178532
-0.985824, 0.0616484, -0.156047
-0.0825229, -0.987936, 0.13104
-0.146086, 0.14206, 0.979019

65
-0.0334951, 0.00972596, -0.0174378
0.999722, 0.019571, -0.0131621
0.0135776, -0.933881, -0.357326
-0.0192851, 0.357048, -0.933887

66
-0.050665, 0.00802905, -0.0163334
0.999866, -0.00642268, 0.0150373
0.000641462, -0.903514, -0.428559
0.0163389, 0.428511, -0.903389

67
0.0385617, -0.0025391, 0.0182354
0.999902, -0.0129723, 0.00526585
0.012317, 0.993897, 0.109624
-0.00665578, -0.109548, 0.993959

68
-0.0539347, 0.0237543, -0.0071191
0.999735, 0.00258551, 0.0228821
0.0223974, -0.340076, -0.940131
0.00535095, 0.940394, -0.340044

69
-0.0536807, 0.00792753, -0.0164307
0.999735, 0.00258551, 0.0228821
0.0120537, -0.905429, -0.424326
0.019621, 0.424489, -0.905221

70
0.0446595, 0.00547376, -0.0108696
0.999862, 0.0146424, 0.00779878
0.0155001, -0.99209, -0.124565
0.00591317, 0.124669, -0.992181

71
-0.0277189, -0.00369567, -0.0154439
-0.999285, 0.0210031, 0.0314246
0.0212037, 0.999757, 0.00606566
-0.0312896, 0.00672764, -0.999488

72
-0.0505792, -0.0119252, -0.016147
0.999875, 0.0128062, 0.00928415
0.00943746, -0.95403, 0.299564
0.0126936, -0.299439, -0.954031

73
0.0736584, 0.0291907, 0.00752471
-0.999622, -0.0232388, -0.0147142
-0.00734217, -0.290104, 0.956967
-0.0265074, 0.956713, 0.289823

74
-0.047902, -0.00189479, -0.0183395
0.999763, -0.020418, 0.00749796
-0.0193829, -0.992724, -0.118839
0.00986986, 0.118665, -0.992885

75
0.0298647, 0.0279439, -0.002716
0.999997, 0.000549595, 0.0025784
0.00260827, -0.348533, -0.937293
0.000383525, 0.937296, -0.348533

76
0.0327532, -0.0195366, 0.0169725
0.999956, 0.00699917, 0.00622912
-0.00936801, 0.759285, 0.65069
-0.000175383, -0.65072, 0.759318

77
0.0179549, 0.0209893, -0.0114495
0.999821, -0.0185254, 0.00386798
-0.0118123, -0.770567, -0.63725
0.0147858, 0.63709, -0.770647

78
0.0450185, -0.0133353, -0.0215804
0.999862, 0.0146424, 0.00779878
0.00677902, -0.789668, 0.613497
0.0151415, -0.61336, -0.789659

79
-0.05958, 0.0139329, 0.0211916
0.999749, 0.002741, -0.022258
-0.018525, 0.660313, -0.750762
0.0126394, 0.750985, 0.660198

80
0.0627443, 0.000740715, -0.00963222
0.999918, 0.0126187, 0.00206536
0.0127454, -0.996567, -0.081804
0.00102601, 0.0818236, -0.996646

81
-0.0481062, -0.0116181, -0.0175869
0.999763, -0.020418, 0.00749796
-0.0216845, -0.962569, 0.270168
0.00170103, -0.270267, -0.962784

82
-0.0476601, 0.00787038, -0.0159905
0.999844, -0.0160517, 0.00737776
-0.0130075, -0.951501, -0.307371
0.0119538, 0.307227, -0.951561

83
-0.0507726, 0.013712, 0.0196407
0.999812, 0.0118217, -0.0153603
-0.0186067, 0.807376, -0.589743
0.00542979, 0.589918, 0.807445

84
-0.0279981, -0.0140085, -0.0174294
-0.999285, 0.0210031, 0.0314246
0.00761571, 0.926229, -0.376883
-0.0370221, -0.376375, -0.925727

85
-0.0507376, -0.0128395, -0.0204206
0.999866, -0.00642268, 0.0150373
-0.0110997, -0.941884, 0.335755
0.0120069, -0.335877, -0.941829

86
0.0387972, 0.0148426, 0.0163429
0.999902, -0.0129723, 0.00526585
0.0134158, 0.780253, -0.62532
0.00400311, 0.625329, 0.780351

87
-0.0506389, -0.0034744, 0.0151215
0.999812, 0.0118217, -0.0153603
-0.00931751, 0.988037, 0.153938
0.0169964, -0.153766, 0.987961

88
-0.0273362, -0.00162114, -0.0214837
0.999776, 0.015213, -0.0147301
0.0174115, -0.986482, 0.162943
-0.0120521, -0.163163, -0.986525

89
0.069389, 0.0238346, 0.0184349
-0.99099, -0.133924, 0.00177301
0.0866538, -0.631002, 0.770926
-0.102127, 0.764134, 0.636922

90
-0.0330576, -0.0132656, -0.0183963
0.999722, 0.019571, -0.0131621
0.0232374, -0.912825, 0.40769
-0.00403582, -0.407883, -0.913025

91
0.0685255, -0.00275546, -0.0114211
0.999913, -0.0130266, -0.00226262
-0.0127358, -0.994925, 0.0998146
-0.00355138, -0.099777, -0.995003

92
-6.54645e-05, 0.0107877, -0.0175406
0.999943, -0.00894332, 0.00584546
-0.00518022, -0.884327, -0.46684
0.0093444, 0.466783, -0.884322

93
-0.0506743, -0.00157026, -0.0201851
0.999875, 0.0128062, 0.00928415
0.0135767, -0.995999, -0.0883308
0.00811582, 0.0884458, -0.996048

94
0.0565643, 0.0197799, -0.0125453
0.742337, 0.669555, -0.0251455
0.0756854, -0.121083, -0.989753
-0.665739, 0.732827, -0.14056

95
0.0325238, 0.0297872, -0.00161951
0.999956, 0.00699917, 0.00622912
0.0067482, -0.0767672, -0.997026
-0.00650017, 0.997024, -0.076811

96
-0.00329004, -0.015756, -0.0162594
-0.999625, -0.024146, 0.0128917
-0.0268917, 0.778497, -0.627072
0.00510515, -0.627184, -0.778855

97
0.0721061, -0.00657371, -0.0122192
-0.996463, -0.0803591, 0.0245692
-0.0810394, 0.996315, -0.0280733
-0.0222228, -0.0299651, -0.999304

98
0.0299327, -0.0179564, -0.0193013
0.999997, 0.000549595, 0.0025784
-0.00135247, -0.732571, 0.680689
0.00226296, -0.68069, -0.732568

99
-0.0648517, -0.0182369, -0.0212077
0.995418, 0.0824807, 0.048382
0.00507059, -0.55078, 0.834635
0.0954892, -0.830565, -0.548674

100
0.0112081, -0.0086532, 0.01473
0.999365, 0.00306595, 0.0354972
-0.0104297, 0.977823, 0.209175
-0.0340687, -0.209413, 0.977234

101
0.0507376, -0.00136363, -0.0126925
-0.99972, 0.0224459, -0.00753926
0.0229577, 0.996801, -0.0765583
0.00579672, -0.0767099, -0.997037

102
-0.0743632, 0.0331658, 0.00266169
-0.906717, 0.153099, 0.392969
0.335375, -0.30321, 0.891957
0.25571, 0.940545, 0.22358

103
-0.0507897, 0.00766916, -0.0205014
0.999875, 0.0128062, 0.00928415
0.015649, -0.886336, -0.462778
0.00230246, 0.462865, -0.886426

104
0.0680664, 0.0115607, 0.0167679
-0.999597, -0.0273081, -0.00772957
0.0209064, -0.892692, 0.450182
-0.0191938, 0.44984, 0.892903

105
-0.0507048, 0.0238139, -0.00694754
0.999866, -0.00642268, 0.0150373
0.0120069, -0.335877, -0.941829
0.0110997, 0.941884, -0.335755

106
0.0847554, -0.000177327, 0.0412049
-0.113453, 0.993435, 0.014664
-0.988302, -0.111328, -0.104233
-0.101916, -0.026318, 0.994445

107
0.0324765, 0.01951, 0.0175103
0.999956, 0.00699917, 0.00622912
0.000175383, 0.65072, -0.759318
-0.00936801, 0.759285, 0.65069

108
0.0299024, -0.00412772, -0.0105038
0.999997, 0.000549595, 0.0025784
0.000643812, -0.999327, -0.0366838
0.0025565, 0.0366853, -0.999324

109
0.0299683, -0.000226981, 0.0178568
0.999801, 0.0190774, 0.00590376
-0.0197113, 0.990171, 0.138465
-0.00320418, -0.138554, 0.99035

110
-0.0392469, 0.0015775, 0.0166547
0.999925, 0.00703406, 0.00999977
-0.00583423, 0.993311, -0.115324
-0.0107441, 0.115257, 0.993278

111
-0.0540664, 0.0265535, -0.0016798
0.999735, 0.00258551, 0.0228821
0.0227402, 0.0456837, -0.998697
-0.00362748, 0.998953, 0.0456128

112
0.0176294, 0.00340182, -0.00983287
0.999934, 0.010056, -0.00562342
0.00967389, -0.997885, -0.0642785
-0.00625791, 0.0642198, -0.997916

113
-0.00804844, 0.0173684, -0.0159439
0.998149, 0.0577597, 0.0190616
0.0526097, -0.662586, -0.747136
-0.0305244, 0.746756, -0.664397

114
-0.0309161, 0.0241057, 0.00184117
0.999856, 0.0155748, 0.00667352
0.00718046, -0.0327227, -0.999439
-0.0153477, 0.999343, -0.0328298

115
-0.0657954, -0.00358799, 0.0190287
-0.994802, 0.00545956, 0.101678
-0.0163966, -0.994119, -0.107043
0.100496, -0.108153, 0.989042

116
-0.0422408, -0.0157061, -0.0219482
0.999993, -0.00351733, -0.0015262
-0.00144525, -0.714479, 0.699656
-0.00355136, -0.699649, -0.714478

117
-0.0478312, -0.00290208, -0.0162379
0.999844, -0.0160517, 0.00737776
-0.0165919, -0.996643, 0.0801733
0.00606607, -0.0802832, -0.996754

118
0.0678805, 0.00232574, -0.0110327
-0.999136, -0.0414663, 0.00285133
-0.0408458, 0.992254, 0.117322
-0.00769417, 0.117105, -0.99309

119
0.0420792, -0.0116666, -0.022522
0.99988, 0.0139641, 0.00676882
0.00632055, -0.764835, 0.644196
0.0141727, -0.644075, -0.764831

120
0.0173673, -0.0283526, 0.0014117
0.999906, -0.0122176, -0.00622529
0.00688362, 0.0546033, 0.998484
-0.0118592, -0.998433, 0.0546822

121
-0.0420679, 0.0259737, -0.0047067
0.999993, -0.00351733, -0.0015262
-0.00272795, -0.372972, -0.927839
0.00269428, 0.927836, -0.372979

122
0.0175667, 0.00537474, -0.017438
0.999934, 0.010056, -0.00562342
0.00654272, -0.89735, -0.441272
-0.00948359, 0.441205, -0.897356

123
0.059733, -0.00863763, 0.0216259
0.999885, 0.0115563, 0.00979731
-0.0146282, 0.904709, 0.425779
-0.0039433, -0.425874, 0.904774

124
-0.0480144, -0.0169397, -0.0219504
0.999844, -0.0160517, 0.00737776
-0.0160216, -0.647964, 0.761502
-0.00744287, -0.761502, -0.64812

125
0.0594277, 0.00240291, -0.0109564
-0.999672, -0.0245959, -0.00712434
-0.0252764, 0.992366, 0.12071
0.00410098, 0.120851, -0.992662

126
-0.0389766, -0.0152581, -0.0196505
0.999765, 0.0203124, -0.0076146
0.0211275, -0.832142, 0.55416
0.0049199, -0.55419, -0.832375

127
0.0324239, 0.0276049, 0.00266537
0.999924, 0.0106238, 0.00617518
0.00671417, -0.0514702, -0.998652
-0.0102917, 0.998618, -0.0515376

128
0.0298929, -0.0294777, -0.00142767
0.999997, 0.000549595, 0.0025784
-0.0025565, -0.0366853, 0.999324
0.000643812, -0.999327, -0.0366838

129
-0.0329444, -0.0300143, 0.00947464
0.999991, 0.00412978, -0.000454247
-0.00150034, 0.460907, 0.887447
0.00387433, -0.887439, 0.460909

130
-0.0479909, -0.0133501, -0.0173274
0.999844, -0.0160517, 0.00737776
-0.0176503, -0.890055, 0.455512
-0.00074512, -0.455571, -0.890199

131
0.0677075, 0.0059345, -0.019174
-0.999136, -0.0414663, 0.00285133
-0.0347922, 0.871909, 0.488431
-0.0227395, 0.48791, -0.872598

132
0.00833394, 0.0100683, -0.0180385
0.999847, 0.00952871, -0.0146637
0.00291025, -0.917485, -0.39776
-0.0172439, 0.397656, -0.917372

133
0.03898, -0.0250277, 0.013856
0.999957, 0.00571648, 0.00727427
-0.00922285, 0.553938, 0.832507
0.000729509, -0.832538, 0.553967

134
-0.00303365, -0.00583468, 0.0211767
0.994215, 0.0156486, 0.10626
-0.0467698, 0.953684, 0.297153
-0.0966883, -0.300404, 0.948899

135
0.0387019, 0.00641797, -0.00958027
0.999933, 0.00851558, 0.00781483
0.00943201, -0.991997, -0.125909
0.00668009, 0.125975, -0.992011

136
0.000120583, -0.0120031, 0.0243665
-0.997793, 0.0532595, -0.039654
-0.0206964, -0.8169, -0.576409
-0.0630926, -0.574316, 0.816199

137
0.0299147, 0.00762813, -0.0177938
0.999997, 0.000549595, 0.0025784
0.00157313, -0.909219, -0.416316
0.00211552, 0.416319, -0.909216

138
-0.01781, 0.00382282, 0.0215839
-0.997262, -0.0516799, -0.0528981
0.0371114, -0.968435, 0.24649
-0.0639669, 0.243852, 0.967701

139
-0.0420488, -0.0110447, -0.0203921
0.999954, -0.0095287, 0.000594323
-0.00877077, -0.892259, 0.451438
-0.00377133, -0.451423, -0.892302

140
-0.0054115, -0.00705073, 0.018527
0.997881, -0.0408442, 0.0506428
0.0205341, 0.936321, 0.350546
-0.0617357, -0.348763, 0.935175

141
0.0178067, 0.0163772, -0.0158086
0.999906, -0.0122176, -0.00622529
-0.0132532, -0.744609, -0.667369
0.00351827, 0.667389, -0.744701

142
0.0420437, -0.0276534, -0.00212529
0.999943, 0.00847223, 0.00650894
-0.00552474, -0.11141, 0.993759
0.00914452, -0.993738, -0.111357

143
0.0326739, -0.00680349, 0.0213871
0.999924, 0.0106238, 0.00617518
-0.0120777, 0.9423, 0.334553
-0.00226464, -0.334602, 0.942357

144
0.0387283, 0.0113444, -0.0183309
0.999933, 0.00851558, 0.00781483
0.0112704, -0.868277, -0.495951
0.00256213, 0.496006, -0.868315

145
0.030206, -0.0132217, 0.0195827
0.999801, 0.0190774, 0.00590376
-0.019437, 0.861777, 0.506915
0.0045829, -0.506929, 0.861976

146
0.0326141, 0.00315416, 0.0139403
0.999924, 0.0106238, 0.00617518
-0.0102917, 0.998618, -0.0515376
-0.00671417, 0.0514702, 0.998652

147
0.0505141, -0.012347, -0.0157499
-0.99972, 0.0224459, -0.00753926
0.0234285, 0.891568, -0.45228
-0.00343007, -0.45233, -0.891844

148
-0.0787556, 0.0263359, -0.00481215
-0.906717, 0.153099, 0.392969
0.407702, 0.0798009, 0.909621
0.107903, 0.984983, -0.134776

149
-0.0535526, 0.00884469, -0.0188123
0.999802, -0.00119286, 0.019854
0.00421151, -0.96287, -0.269933
0.0194388, 0.269963, -0.962674

150
-0.041961, -0.00180977, -0.0199579
0.999954, -0.0095287, 0.000594323
-0.00954636, -0.997092, 0.0756054
-0.000127826, -0.0756076, -0.997138

151
0.0685919, -0.00763117, 0.0166073
-0.999597, -0.0273081, -0.00772957
0.0283551, -0.949313, -0.313051
0.00121104, -0.313144, 0.949705

152
0.0179822, -0.0271769, -0.00178207
0.999934, 0.010056, -0.00562342
0.00625791, -0.0642198, 0.997916
0.00967389, -0.997885, -0.0642785

153
-0.0279123, -0.013481, -0.0204296
-0.999461, 0.0161325, 0.0285859
0.00481392, 0.933511, -0.358517
-0.032469, -0.358187, -0.933085

154
-0.0387981, -0.0268791, -0.00820976
0.999925, 0.00703406, 0.00999977
-0.00769357, -0.27364, 0.961801
0.00950171, -0.961806, -0.273565

155
0.0981369, -0.0255435, -0.00515547
-0.821612, -0.566602, 0.0625788
-0.284678, 0.312718, -0.906182
0.493875, -0.762344, -0.418232

156
-0.0304656, 0.00346441, -0.017491
0.999856, 0.0155748, 0.00667352
0.0153477, -0.999343, 0.0328298
0.00718046, -0.0327227, -0.999439

157
0.0673067, 0.0154381, -0.0213841
-0.999136, -0.0414663, 0.00285133
-0.0234418, 0.618824, 0.78518
-0.034323, 0.784435, -0.619261

158
0.0106826, 0.00197736, 0.0203539
-0.998634, 0.0476042, -0.021551
-0.043139, -0.983782, -0.174103
-0.0294895, -0.172936, 0.984492

159
-0.028967, 0.000380473, 0.0162205
-0.995576, 0.022158, -0.0913073
-0.0229698, -0.999705, 0.0078491
-0.0911064, 0.00991169, 0.995792

160
-0.0536082, 0.0127167, -0.0157833
0.999802, -0.00119286, 0.019854
0.0113298, -0.786265, -0.617785
0.0163474, 0.617888, -0.786096

161
0.0175171, -0.00265634, -0.0115415
0.999821, -0.0185254, 0.00386798
-0.0188077, -0.995364, 0.0943262
0.00210262, -0.0943821, -0.995534

162
-0.0535353, -0.0129594, -0.0204211
0.999735, 0.00258551, 0.0228821
-0.00535095, -0.940394, 0.340044
0.0223974, -0.340076, -0.940131

163
0.0324703, 0.0240527, 0.0134112
0.999956, 0.00699917, 0.00622912
0.00374701, 0.310621, -0.950526
-0.0085878, 0.950508, 0.310581

164
-0.0270983, -0.0138398, -0.0179543
0.999776, 0.015213, -0.0147301
0.0206983, -0.84895, 0.528067
-0.00447165, -0.528254, -0.849075

165
0.0715181, 0.00814977, 0.0237187
-0.99099, -0.133924, 0.00177301
0.11914, -0.875391, 0.468504
-0.0611917, 0.464494, 0.88346

166
-0.033265, -0.000543518, -0.0152333
0.999722, 0.019571, -0.0131621
0.0199241, -0.99943, 0.027257
-0.0126212, -0.0275117, -0.999542

167
-0.0507689, 0.0265888, -0.00149458
0.999866, -0.00642268, 0.0150373
0.0153406, 0.0501333, -0.998625
0.00565998, 0.998722, 0.0502251

168
-0.0475282, 0.0187147, -0.0120587
0.999763, -0.020418, 0.00749796
-0.00672676, -0.618053, -0.786108
0.0206849, 0.785871, -0.618044

169
0.0387705, 0.00637909, 0.0179695
0.999957, 0.00571648, 0.00727427
-0.00420341, 0.981148, -0.193213
-0.00824163, 0.193174, 0.98113

170
-0.00295612, 0.0189531, 0.0168008
0.994215, 0.0156486, 0.10626
0.0714303, 0.642496, -0.762953
-0.0802106, 0.766129, 0.637661

171
0.0085635, -0.0155406, -0.0190269
0.999847, 0.00952871, -0.0146637
0.017045, -0.718493, 0.695326
-0.00391022, -0.695469, -0.718545

172
0.0565502, 0.0116129, -0.0144082
0.9999, 0.0126118, 0.00640516
0.0141354, -0.874171, -0.485413
-0.000522731, 0.485455, -0.874261

173
0.0137359, -0.00761047, 0.0172605
-0.998714, -0.0463301, -0.0205936
0.0501437, -0.96264, -0.2661
-0.0074958, -0.26679, 0.963726

174
0.0419521, -0.00737768, -0.0126047
0.99988, 0.0139641, 0.00676882
0.0112631, -0.953092, 0.302471
0.0106751, -0.302359, -0.953134

175
0.0983263, -0.0255525, 0.0132613
0.742337, 0.669555, -0.0251455
-0.324691, 0.392307, 0.860622
0.586099, -0.630707, 0.508623

176
-0.0330681, -0.00294215, -0.0167
0.999991, 0.00412978, -0.000454247
0.00415357, -0.996268, 0.0862133
-9.65097e-05, -0.0862144, -0.996277

177
0.0327942, -0.0171795, 0.0197447
0.999924, 0.0106238, 0.00617518
-0.0120249, 0.742524, 0.669711
0.00252967, -0.669735, 0.742596

178
0.0386833, 0.00611971, 0.0164786
0.999902, -0.0129723, 0.00526585
0.0139265, 0.960163, -0.279093
-0.00143562, 0.279139, 0.96025

179
-0.0507086, -0.00262088, -0.0179807
0.999866, -0.00642268, 0.0150373
-0.00565998, -0.998722, -0.0502251
0.0153406, 0.0501333, -0.998625

180
-0.0535885, -0.00298022, -0.017715
0.999802, -0.00119286, 0.019854
-0.00354797, -0.992886, 0.119014
0.0195707, -0.119061, -0.992694

181
-0.0389632, -0.0294071, 0.0100801
0.999925, 0.00703406, 0.00999977
-0.0121589, 0.486607, 0.873536
0.00127854, -0.873593, 0.486656

182
-0.0418139, 0.0137872, -0.0173429
0.999954, -0.0095287, 0.000594323
-0.00684068, -0.758513, -0.651622
0.00665991, 0.651588, -0.758544

183
0.044669, 0.00914645, -0.0189841
0.999862, 0.0146424, 0.00779878
0.0165831, -0.868863, -0.494774
-0.000468596, 0.494836, -0.868987

184
0.0597865, -0.00679437, 0.0139882
0.999885, 0.0115563, 0.00979731
-0.0120057, 0.998817, 0.0471265
-0.00924111, -0.0472388, 0.998841

185
0.0299809, -0.00119955, 0.018863
0.999801, 0.0190774, 0.00590376
-0.0169847, 0.967821, -0.251065
-0.0105035, 0.250915, 0.967952

186
0.0569668, -0.0266887, -0.00402154
0.9999, 0.0126118, 0.00640516
-0.00492645, -0.113972, 0.993472
0.0132595, -0.993404, -0.113898

187
-0.0536165, -0.00272981, -0.0180286
0.999735, 0.00258551, 0.0228821
0.00362748, -0.998953, -0.0456128
0.0227402, 0.0456837, -0.998697

188
0.0628539, -0.00745671, -0.0126173
0.999918, 0.0126187, 0.00206536
0.0113826, -0.95202, 0.305823
0.00582535, -0.305775, -0.952086

189
-0.0599193, 0.0274641, 0.00761464
0.999749, 0.002741, -0.022258
-0.0219518, 0.32266, -0.94626
0.00458807, 0.946511, 0.322639

190
0.062929, -0.0117812, -0.0225196
0.999918, 0.0126187, 0.00206536
0.00828684, -0.762537, 0.646891
0.00973784, -0.646821, -0.762579

191
-0.0601157, 0.025687, -0.00142206
0.999749, 0.002741, -0.022258
-0.0220366, -0.0641146, -0.997699
-0.00416176, 0.997939, -0.0640381

192
-0.0396277, 0.0194002, -0.0126951
0.999765, 0.0203124, -0.0076146
0.0049199, -0.55419, -0.832375
-0.0211275, 0.832142, -0.55416

193
0.0176698, 0.00599622, -0.0174183
0.999906, -0.0122176, -0.00622529
-0.0135907, -0.943328, -0.331584
-0.00182132, 0.331637, -0.943405

194
0.0721657, -0.00813015, -0.0148921
-0.996463, -0.0803591, 0.0245692
-0.0833749, 0.909008, -0.408353
0.0104813, -0.408958, -0.912493

195
0.0596773, -0.0039625, -0.016819
-0.999533, -0.0297147, -0.0071482
-0.0268787, 0.965997, -0.257153
0.0145464, -0.256841, -0.966344

196
-0.0753833, 0.0251208, 0.00993142
-0.949296, -0.115934, 0.292226
0.314271, -0.325155, 0.891913
-0.00838443, 0.938527, 0.345103

197
0.0781484, 0.0225786, 0.0188787
-0.983589, -0.170442, -0.0591768
0.0774808, -0.695232, 0.714597
-0.162939, 0.698285, 0.697028

198
-0.00355609, -0.00530703, -0.0173186
-0.999625, -0.024146, 0.0128917
-0.0267983, 0.95925, -0.281284
-0.00557444, -0.281524, -0.959538

199
0.041384, -0.0154971, 0.0203205
0.99991, -0.0117993, 0.00637364
0.00726314, 0.876003, 0.482251
-0.0112735, -0.482161, 0.87601

200
0.00476984, -0.0110911, -0.0193125
-0.998632, 0.0474998, -0.0218672
0.0522816, 0.898772, -0.435287
-0.00102238, -0.435835, -0.900026

201
0.047546, 0.00952908, -0.0194328
0.999808, 0.0179919, 0.00773233
0.0193839, -0.853064, -0.521447
-0.00278562, 0.521497, -0.853249

202
-0.0700997, 0.00203332, 0.021536
-0.971899, 0.0472193, 0.230612
0.0168671, -0.963187, 0.268304
0.234792, 0.264654, 0.935324

203
-0.045002, -0.014888, -0.0186321
0.999991, 0.00292668, 0.0032093
0.00113225, -0.888998, 0.45791
0.00419322, -0.457903, -0.888993

204
0.0758985, -0.000866293, 0.0375151
0.697237, 0.715655, -0.0412219
-0.631588, 0.586099, -0.507528
-0.339055, 0.379903, 0.860648

205
0.0573469, 0.0269462, 0.000355773
0.999831, -0.0138791, 0.0120647
0.0105869, -0.102018, -0.994726
0.0150367, 0.994686, -0.101854

206
-0.017644, 0.0279988, -0.00516482
-0.997262, -0.0516799, -0.0528981
-0.0639669, 0.243852, 0.967701
-0.0371114, 0.968435, -0.24649

207
-0.0588843, -0.000960479, -0.0205548
0.999179, 0.0135069, 0.0381859
0.0176537, -0.993726, -0.110436
0.0364547, 0.111019, -0.993149

208
0.0794354, -0.00859821, 0.0216077
0.998885, -0.0207143, 0.0424113
0.000723156, 0.905163, 0.425064
-0.047194, -0.42456, 0.904169

209
-0.00693403, -0.0014424, -0.0172999
0.998149, 0.0577597, 0.0190616
0.0587847, -0.996555, -0.0585052
0.0156167, 0.0595174, -0.998105

210
-0.0306984, 0.0160743, -0.0120444
0.999856, 0.0155748, 0.00667352
0.0159298, -0.729781, -0.683496
-0.00577514, 0.683504, -0.729924

211
-0.0416727, 0.0292371, -0.00726898
0.999954, -0.0095287, 0.000594323
-0.000127826, -0.0756076, -0.997138
0.00954636, 0.997092, -0.0756054

212
0.0389652, -0.0295617, -0.00406699
0.999933, 0.00851558, 0.00781483
-0.00668009, -0.125975, 0.992011
0.00943201, -0.991997, -0.125909

213
-0.0485346, -0.0284929, -0.00641716
0.999763, -0.020418, 0.00749796
-0.00986986, -0.118665, 0.992885
-0.0193829, -0.992724, -0.118839

214
-0.000149717, 0.0015466, -0.0172666
0.999943, -0.00894332, 0.00584546
-0.00836184, -0.995641, -0.0928884
0.00665071, 0.0928342, -0.995659

215
-0.00474923, 0.0101967, 0.0193877
0.997881, -0.0408442, 0.0506428
0.0581735, 0.908691, -0.413396
-0.0291339, 0.415466, 0.909142

216
0.0140513, -0.0163391, 0.0216036
-0.998714, -0.0463301, -0.0205936
0.0491953, -0.787268, -0.614646
0.0122639, -0.614868, 0.788534

217
-0.0512117, 0.0243018, -0.000789275
0.999812, 0.0118217, -0.0153603
-0.0169964, 0.153766, -0.987961
-0.00931751, 0.988037, 0.153938

218
0.0692871, -0.0300594, 0.00593909
-0.999597, -0.0273081, -0.00772957
0.00973218, -0.0739792, -0.997212
0.0266602, -0.996886, 0.0742152

219
0.0742973, 0.0106919, 0.014659
-0.994565, 0.104116, 0.000941418
-0.0998188, -0.956012, 0.27582
0.0296172, 0.274227, 0.961209

220
0.0479883, -0.0154676, -0.0184579
0.999808, 0.0179919, 0.00773233
0.00999148, -0.808253, 0.58875
0.0168424, -0.58856, -0.808278

221
0.0417672, 0.0148278, 0.016346
0.99991, -0.0117993, 0.00637364
0.0131949, 0.780691, -0.624778
0.00239607, 0.624806, 0.780776

222
0.00591132, 0.0138422, -0.0172819
-0.998632, 0.0474998, -0.0218672
0.0209519, 0.746604, 0.664939
0.0479106, 0.663571, -0.746578

223
-0.0504432, -0.0212204, 0.0141981
0.999812, 0.0118217, -0.0153603
0.00542979, 0.589918, 0.807445
0.0186067, -0.807376, 0.589743

224
0.0742449, 0.0286532, 0.00560319
0.999658, 0.0150046, 0.0214264
0.0207216, 0.0456505, -0.998743
-0.0159638, 0.998845, 0.045324

225
-0.0385421, -0.0272234, 0.00547507
0.999765, 0.0203124, -0.0076146
0.00353974, 0.193558, 0.981082
0.021402, -0.980878, 0.193441

226
-0.00273697, 0.00497065, 0.0207808
-0.995004, -0.00805915, -0.0995105
-0.0106582, -0.982466, 0.186139
-0.0992658, 0.186269, 0.977471

227
-0.0398662, -0.0059508, 0.0216457
0.99966, 0.0147271, 0.0214991
-0.0218055, 0.924469, 0.380634
-0.0142696, -0.380973, 0.924476

228
0.0173197, -0.0155369, -0.0221936
0.999821, -0.0185254, 0.00386798
-0.0147858, -0.63709, 0.770647
-0.0118123, -0.770567, -0.63725

229
-0.0397946, -0.00180726, 0.0154757
0.99966, 0.0147271, 0.0214991
-0.0146849, 0.99989, -0.00212207
-0.021528, 0.00180564, 0.999767

230
-0.0395742, -0.0194797, 0.0173326
0.99966, 0.0147271, 0.0214991
-0.0256064, 0.708306, 0.705441
-0.0048388, -0.705752, 0.708442

231
0.0750072, -0.027804, 0.0059098
-0.999622, -0.0232388, -0.0147142
0.0169272, -0.0980975, -0.995033
0.0216799, -0.994905, 0.0984537

232
0.03271, 0.00307044, 0.0183869
0.999933, 0.0100795, 0.00564937
-0.00761111, 0.942432, -0.334312
-0.00869385, 0.334247, 0.942445

233
0.0684756, 0.0305107, 0.0121536
-0.99099, -0.133924, 0.00177301
0.0409755, -0.290548, 0.955983
-0.127514, 0.947442, 0.293418

234
-0.027479, 0.00906944, -0.0201319
0.999776, 0.015213, -0.0147301
0.0114739, -0.97383, -0.226987
-0.0177978, 0.226767, -0.973786

235
0.0599197, -0.02175, 0.0180364
0.999885, 0.0115563, 0.00979731
-0.0150237, 0.672867, 0.739611
0.00195484, -0.739673, 0.672964

236
0.0415662, 0.0293714, -0.00300099
0.999943, 0.00847223, 0.00650894
0.00860365, -0.277357, -0.960728
-0.00633421, 0.960729, -0.277414

237
-0.0400934, 0.0158718, 0.0172575
0.99966, 0.0147271, 0.0214991
0.0048388, 0.705752, -0.708442
-0.0256064, 0.708306, 0.705441

238
0.017398, 0.0299986, -0.00341735
0.999934, 0.010056, -0.00562342
-0.00207951, -0.322543, -0.946553
-0.0113323, 0.946501, -0.3225

239
-0.0504984, -0.0305095, 0.0034543
0.999812, 0.0118217, -0.0153603
0.012137, 0.236044, 0.971667
0.0151125, -0.97167, 0.235856

240
0.0569771, 0.017158, 0.0197369
0.999831, -0.0138791, 0.0120647
0.0181187, 0.631211, -0.775399
0.00314649, 0.775487, 0.631356

241
-0.0643471, -0.00333492, -0.0190443
-0.997718, -0.00839821, -0.0669956
-0.0163568, 0.992742, 0.119145
0.0655088, 0.119969, -0.990614

242
0.0566968, -0.00379527, 0.0180252
0.999902, -0.00837253, 0.011206
0.00971572, 0.992015, -0.125744
-0.0100638, 0.12584, 0.991999

243
-0.0449953, -0.0291472, -0.00771011
0.999991, 0.00292668, 0.0032093
-0.00216443, -0.30483, 0.952404
0.00376568, -0.952402, -0.304821

244
0.0681394, -0.0177222, -0.0142041
0.921091, -0.387797, -0.03472
-0.107415, -0.338817, 0.934701
-0.374237, -0.857215, -0.353736

245
0.0585339, 0.0142919, 0.00696734
0.697237, 0.715655, -0.0412219
-0.206852, 0.145803, -0.967447
-0.686348, 0.683066, 0.249693

246
0.069603, 0.0287468, 0.00178779
-0.996463, -0.0803591, 0.0245692
0.0222228, 0.0299651, 0.999304
-0.0810394, 0.996315, -0.0280733

247
-0.0668581, -0.00134834, -0.0198586
0.997815, -0.0565603, 0.0341361
-0.0629089, -0.971254, 0.229581
0.0201697, -0.231227, -0.972691

248
0.0328283, -0.00876297, 0.0185668
0.999933, 0.0100795, 0.00564937
-0.0115293, 0.902748, 0.430015
-0.000765612, -0.430051, 0.902804

249
-0.0394634, 0.00975204, -0.0168496
0.999765, 0.0203124, -0.0076146
0.0126305, -0.830452, -0.556947
-0.0176365, 0.556719, -0.830513

250
0.0389193, 0.0228494, 0.0128792
0.999902, -0.0129723, 0.00526585
0.0108627, 0.481557, -0.876347
0.0088324, 0.876319, 0.481651

251
-0.0507149, -0.0124434, -0.0217627
0.999866, -0.00642268, 0.0150373
-0.0148497, -0.741653, 0.67062
0.00684525, -0.670753, -0.741649

252
-0.0301898, -0.0138364, -0.0184353
0.999856, 0.0155748, 0.00667352
0.0114316, -0.91075, 0.412799
0.0125072, -0.412664, -0.910798

253
0.0630394, -0.0304204, -0.00239673
0.999931, 0.011432, 0.00279152
-0.00126916, -0.131069, 0.991372
0.0116992, -0.991307, -0.131045

254
-0.016274, 0.0151535, -0.0184422
-0.997262, -0.0516799, -0.0528981
-0.0732996, 0.595894, 0.799711
-0.0098074, 0.801399, -0.59805

255
-0.0590051, 0.00828362, -0.0206649
0.999179, 0.0135069, 0.0381859
0.0302605, -0.875598, -0.482091
0.0269239, 0.482851, -0.875289

256
0.0771507, 0.000997454, -0.04038
-0.821612, -0.566602, 0.0625788
-0.565223, 0.823987, 0.0396156
-0.0740104, -0.00282237, -0.997253

257
-0.0688348, 0.0020008, 0.0267546
-0.92696, 0.06526, 0.369439
0.0388095, -0.96279, 0.26745
0.373146, 0.262253, 0.889935

258
-0.0392549, -0.00166818, -0.0199498
0.999765, 0.0203124, -0.0076146
0.021402, -0.980878, 0.193441
-0.00353974, -0.193558, -0.981082

259
0.017457, 0.0184243, -0.0136237
0.999934, 0.010056, -0.00562342
0.00241547, -0.660201, -0.751085
-0.0112655, 0.751022, -0.660182

260
0.0733142, -0.00576224, 0.0189541
-0.994235, -0.107222, -0.000672789
0.103787, -0.960764, -0.257218
0.026933, -0.255805, 0.966353

261
-0.0657089, -0.000642759, 0.0197161
-0.994802, 0.00545956, 0.101678
0.0233097, -0.959835, 0.279595
0.099121, 0.280512, 0.954719

262
-0.0169975, -0.00528044, 0.0151601
-0.997262, -0.0516799, -0.0528981
0.0587655, -0.988035, -0.142596
-0.0448958, -0.145314, 0.988366

263
-0.0398046, 0.0281533, -0.00458333
0.99966, 0.0147271, 0.0214991
0.021528, -0.00180564, -0.999767
-0.0146849, 0.99989, -0.00212207

264
-0.027434, 0.0146063, -0.0186156
-0.999285, 0.0210031, 0.0314246
0.0371184, 0.702178, 0.711034
-0.00713175, 0.711692, -0.702455

265
0.0388132, -0.000869135, -0.0158866
0.999933, 0.00851558, 0.00781483
0.00615768, -0.964694, 0.263301
0.00978108, -0.263235, -0.964682

266
-0.0506361, -0.0306396, -0.000840946
0.999934, 0.00972345, -0.00612035
0.00518378, 0.0935844, 0.995598
0.0102534, -0.995564, 0.0935278

267
-0.0247703, -0.00353632, -0.0183771
-0.999478, 0.012033, 0.0299889
0.0124185, 0.999842, 0.0127018
-0.0298313, 0.0130676, -0.99947

268
-0.00449318, 0.0158438, 0.0188969
0.997881, -0.0408442, 0.0506428
0.0648944, 0.680529, -0.729841
-0.00465416, 0.731582, 0.681738

269
0.104054, 0.002053, 0.0394144
-0.113453, 0.993435, 0.014664
-0.952074, -0.112925, 0.284259
0.284048, 0.0182886, 0.958635

270
-0.0265137, -0.0271398, 0.00798351
0.999776, 0.015213, -0.0147301
0.00447165, 0.528254, 0.849075
0.0206983, -0.84895, 0.528067

271
0.0760264, -0.0253474, 0.0133448
-0.99099, -0.133924, 0.00177301
0.0611917, -0.464494, -0.88346
0.11914, -0.875391, 0.468504

272
-0.042186, -0.00159927, -0.0185159
0.999993, -0.00351733, -0.0015262
-0.00353313, -0.999939, -0.0104811
-0.00148924, 0.0104864, -0.999944

273
-0.0421054, 0.0195729, -0.014507
0.999993, -0.00351733, -0.0015262
-0.00355136, -0.699649, -0.714478
0.00144525, 0.714479, -0.699656

274
0.000726697, -0.005801, 0.0174452
-0.997793, 0.0532595, -0.039654
-0.0432655, -0.974498, -0.220186
-0.0503698, -0.217985, 0.974652

275
-0.0482894, -0.0268192, -0.00618036
0.999844, -0.0160517, 0.00737776
-0.0119538, -0.307227, 0.951561
-0.0130075, -0.951501, -0.307371

276
-0.0506335, -0.00149681, 0.0169912
0.999812, 0.0118217, -0.0153603
-0.0151125, 0.97167, -0.235856
0.012137, 0.236044, 0.971667

277
0.0797975, -0.00676578, 0.0139759
0.998885, -0.0207143, 0.0424113
0.0187285, 0.998733, 0.0466974
-0.0433249, -0.045851, 0.998008

278
-0.00274099, -0.00576753, 0.0216907
-0.995004, -0.00805915, -0.0995105
0.0281405, -0.978962, -0.202092
-0.0957883, -0.203883, 0.974298

279
0.0418018, 0.0118058, -0.016328
0.999943, 0.00847223, 0.00650894
0.0105627, -0.87546, -0.483176
0.00160474, 0.483217, -0.875499

280
0.0117721, -0.0179527, -0.0172333
-0.998376, -0.0549571, -0.0149954
-0.0366594, 0.82131, -0.569303
0.0436031, -0.567829, -0.821991

281
0.0565691, -0.0212066, 0.0164153
0.999902, -0.00837253, 0.011206
-0.000246109, 0.790443, 0.612535
-0.0139862, -0.612478, 0.790364

282
0.00832236, 0.0223612, -0.0108394
0.999847, 0.00952871, -0.0146637
-0.0101354, -0.367574, -0.929939
-0.0142511, 0.929945, -0.367422

283
0.017838, 0.0297603, 0.00639524
0.99986, -0.0135603, 0.00978912
0.0124705, 0.214467, -0.976652
0.0111443, 0.976637, 0.214606

284
-0.00103119, -0.0300308, 0.00600401
0.994215, 0.0156486, 0.10626
-0.10144, 0.461939, 0.881092
-0.0352977, -0.886774, 0.460854

285
0.0323455, 0.0264845, 0.0172884
0.999924, 0.0106238, 0.00617518
0.00226464, 0.334602, -0.942357
-0.0120777, 0.9423, 0.334553

286
0.0297606, 0.00921968, 0.022494
0.999801, 0.0190774, 0.00590376
-0.0116723, 0.798129, -0.602373
-0.0162037, 0.602184, 0.798193

287
0.039031, 0.028921, 0.00661473
0.999902, -0.0129723, 0.00526585
0.00665578, 0.109548, -0.993959
0.012317, 0.993897, 0.109624

288
-0.0509725, -0.0276466, -0.0111224
0.999866, -0.00642268, 0.0150373
-0.0163389, -0.428511, 0.903389
0.000641462, -0.903514, -0.428559

289
-0.0330012, -0.0154752, 0.0165755
0.999991, 0.00412978, -0.000454247
-0.00286877, 0.765431, 0.643512
0.00300526, -0.643505, 0.765436

290
-0.018087, 0.0265403, 0.00461247
-0.997262, -0.0516799, -0.0528981
-0.0448958, -0.145314, 0.988366
-0.0587655, 0.988035, 0.142596

291
0.0626226, 0.00931118, -0.0158144
0.999931, 0.011432, 0.00279152
0.0112943, -0.865691, -0.500452
-0.00330455, 0.500448, -0.86576

292
-0.0588885, -0.0114042, -0.0167511
0.999179, 0.0135069, 0.0381859
0.0023593, -0.960569, 0.278033
0.0404355, -0.277714, -0.959812

293
-0.0329422, -0.0189077, -0.0180177
0.999722, 0.019571, -0.0131621
0.023013, -0.68725, 0.726056
0.00516396, -0.726157, -0.687509

294
0.0751298, -0.0186851, 0.0154158
-0.99099, -0.133924, 0.00177301
0.102127, -0.764134, -0.636922
0.0866538, -0.631002, 0.770926

295
-0.0265728, -0.0279523, 0.00313515
0.999776, 0.015213, -0.0147301
0.0120521, 0.163163, 0.986525
0.0174115, -0.986482, 0.162943

296
-1.61538e-06, 0.0242998, -0.00778986
0.999943, -0.00894332, 0.00584546
-0.00120995, -0.638381, -0.76972
