0
-0.0534489, 0.00239663, -0.0186655
0.994748, -0.101091, -0.0160311
-0.102141, -0.970311, -0.219233
0.00660731, 0.219719, -0.975541

1
0.0331339, -0.000107589, -0.0144985
0.998047, 0.00756889, -0.0620027
0.0066346, -0.999862, -0.0152607
-0.0621096, 0.0148196, -0.997959

2
0.0525304, 0.00707922, 0.0125669
-0.998691, 0.0346256, -0.0376437
-0.0447811, -0.947544, 0.316473
-0.024711, 0.317744, 0.947854

3
0.0279862, -0.003654, -0.01514
0.999544, -0.00713788, -0.0293385
-0.00303784, -0.990499, 0.137485
-0.0300411, -0.137333, -0.990069

4
0.0474135, 0.00362992, -0.0176835
-0.997997, -0.0536091, 0.0335901
-0.0505042, 0.9949, 0.0873071
-0.0380993, 0.0854358, -0.995615

5
0.0318065, -0.00819981, -0.0197264
-0.997591, -0.0562606, 0.0405754
-0.0634757, 0.976297, -0.20692
-0.0279722, -0.208997, -0.977516

6
0.0520712, 0.00654263, 0.0113185
-0.993735, -0.0986105, -0.052599
0.0931189, -0.990796, 0.098242
-0.0618026, 0.0927285, 0.993772

7
-0.0193525, 0.00139114, -0.0177196
-0.999043, -0.0404774, 0.0165985
-0.0369673, 0.983963, 0.1745
-0.0233956, 0.173719, -0.984517

8
0.00475896, 0.00393671, -0.0155438
0.9997, 0.0222979, 0.0100908
0.0232998, -0.993268, -0.113468
0.00749274, 0.113669, -0.99349

9
0.0519843, -0.000698782, -0.0187217
-0.9919, -0.122263, 0.034442
-0.120902, 0.991891, 0.0391765
-0.0389526, 0.034695, -0.998639

10
0.017415, -0.0288222, -0.0100596
-0.999781, -0.0209404, -0.000307289
-0.00874568, 0.430798, -0.902406
0.0190291, -0.902205, -0.430886

11
-0.0452393, 0.013033, -0.0171197
0.998639, 0.012231, -0.0506926
-0.0261012, -0.724333, -0.688956
-0.045145, 0.689342, -0.723028

12
-0.0100846, 0.00241017, -0.013683
0.999772, -0.0205086, 0.00586764
-0.020245, -0.998916, -0.0419202
0.00672101, 0.0417918, -0.999104

13
0.00489546, -0.0138414, -0.0196603
-0.999678, -0.0234381, -0.0097633
-0.0185733, 0.937233, -0.348209
0.0173118, -0.347915, -0.937366

14
0.00459827, -0.00247318, -0.016521
-0.999678, -0.0234381, -0.0097633
-0.0237844, 0.999032, 0.0370118
0.00888636, 0.0372321, -0.999267

15
0.0313322, 0.00156732, -0.0178434
-0.997591, -0.0562606, 0.0405754
-0.0479394, 0.98196, 0.182911
-0.0501341, 0.180525, -0.982292

16
-0.00423225, 0.00294543, -0.0166581
0.999806, 0.00260229, 0.0195087
0.00690863, -0.97455, -0.224065
0.0184292, 0.224157, -0.974379

17
-0.0189858, -0.00839636, -0.0195191
-0.999043, -0.0404774, 0.0165985
-0.0431064, 0.975543, -0.215542
-0.00746798, -0.216051, -0.976354

18
0.0493003, -0.000558553, 0.0124046
0.999744, -0.015724, 0.01624
0.0139767, 0.994624, 0.102606
-0.0177661, -0.102353, 0.99459

19
-0.000903929, -0.00876847, -0.0159387
-0.999559, -0.0230304, -0.0187676
-0.0219527, 0.998204, -0.0557344
0.0200175, -0.0552978, -0.998269

20
0.016987, -0.00825556, -0.0191544
-0.999781, -0.0209404, -0.000307289
-0.0196397, 0.942576, -0.333415
0.00727147, -0.333336, -0.94278

21
-0.00985015, -0.0250827, -0.0161065
0.999813, 0.0162, 0.0105717
-0.000166326, -0.539284, 0.842124
0.0193436, -0.841968, -0.53918

22
-0.0135866, 0.0142384, -0.0198213
-0.999645, -0.0266136, -0.000981712
-0.0197408, 0.71574, 0.698088
-0.017876, 0.69786, -0.716012

23
-0.0483851, 0.0168718, 0.00801206
-0.999225, 0.0304553, 0.0249301
-0.00877181, -0.789817, 0.61328
0.0383678, 0.612586, 0.789472

24
-0.0161861, 0.00134013, -0.0165276
-0.99938, -0.0345778, 0.00656119
-0.0323265, 0.975556, 0.217362
-0.0139167, 0.217015, -0.976069

25
0.0584785, 0.000345589, 0.01219
-0.974511, -0.182283, -0.130775
0.192081, -0.979117, -0.0665953
-0.115905, -0.0900172, 0.989173

26
0.00434935, 0.00909735, -0.0188105
-0.999678, -0.0234381, -0.0097633
-0.0253746, 0.908737, 0.416597
-0.000891976, 0.416711, -0.909039

27
0.0109345, -0.00469645, -0.0152151
-0.9995, -0.0315325, 0.00242823
-0.0314305, 0.998914, 0.0343844
-0.00350983, 0.0342909, -0.999406

28
-0.00422379, -0.00585951, -0.0159171
0.999806, 0.00260229, 0.0195087
-0.00066979, -0.986147, 0.165869
0.0196701, -0.16585, -0.985955

29
-0.0102947, 0.00227402, -0.0159851
0.999813, 0.0162, 0.0105717
0.0178075, -0.984252, -0.175871
0.00755613, 0.176026, -0.984357

30
0.0478339, -0.00540271, -0.019611
-0.997997, -0.0536091, 0.0335901
-0.0612398, 0.951863, -0.300344
-0.015872, -0.3018, -0.953239

31
-0.0134659, 0.00524233, -0.013627
0.999911, -0.0133527, 0.000130538
-0.0132944, -0.996365, -0.084142
0.00125359, 0.0841327, -0.996454

32
0.0483945, 0.0217041, 0.0118251
-0.999553, -0.0273179, -0.0121171
0.0103242, -0.696154, 0.717818
-0.0280447, 0.717372, 0.696125

33
0.0606171, 0.00148199, 0.040713
-0.694845, 0.717015, 0.0554882
-0.692166, -0.645831, -0.322192
-0.19518, -0.262281, 0.945047

34
-0.0133015, 0.00344641, -0.0175313
-0.999645, -0.0266136, -0.000981712
-0.0250789, 0.928317, 0.370943
-0.00896081, 0.370836, -0.928655

35
-0.0482657, 0.0209832, 0.00777467
-0.999225, 0.0304553, 0.0249301
0.00657864, -0.495269, 0.868715
0.0388041, 0.868206, 0.494685

36
-0.0490728, -0.0054538, -0.0144817
-0.996429, -0.0717135, 0.0445637
-0.0718685, 0.997412, -0.00188257
-0.0443134, -0.00507857, -0.999005

37
-0.00728454, 0.00147863, -0.0145052
0.999709, 0.0180701, 0.0159805
0.0171465, -0.998275, 0.0561597
0.0169678, -0.0558693, -0.998294

38
-0.0386358, 0.00046589, -0.0171884
-0.996728, -0.0569417, 0.0573731
-0.052489, 0.9957, 0.0763359
-0.061473, 0.0730747, -0.99543

39
-0.0104271, 0.010962, -0.0167736
0.999813, 0.0162, 0.0105717
0.0193436, -0.841968, -0.53918
0.000166326, 0.539284, -0.842124

40
0.0203434, -0.0210948, -0.0201846
0.99972, 0.0236387, -0.00094316
0.0152186, -0.612074, 0.790654
0.0181127, -0.790447, -0.612262

41
-0.00989283, 0.00120662, -0.0167373
-0.999664, 0.0256333, -0.00387173
0.0238487, 0.967874, 0.250301
0.0101634, 0.250124, -0.96816

42
-0.0400287, -0.00185506, 0.0124115
0.999651, 0.0128497, -0.0230972
-0.0114838, 0.998231, 0.058329
0.0238059, -0.0580434, 0.99803

43
-0.0421253, -0.00648435, 0.0145056
0.998605, 0.0513191, -0.012387
-0.0483066, 0.982889, 0.17775
0.021297, -0.176904, 0.983998

44
-0.00109215, 0.00143489, -0.0184348
-0.999559, -0.0230304, -0.0187676
-0.027942, 0.943382, 0.330529
0.0100928, 0.330908, -0.943609

45
0.0198884, -0.0017612, -0.0178567
0.99972, 0.0236387, -0.00094316
0.0235688, -0.991732, 0.126142
0.00204647, -0.126129, -0.992012

46
0.074604, 0.0148377, 0.043281
-0.694845, 0.717015, 0.0554882
-0.714171, -0.697041, 0.0639873
0.0845574, 0.00483325, 0.996407

47
-0.0134365, 0.00736665, -0.0211914
0.999911, -0.0133527, 0.000130538
-0.0118027, -0.888325, -0.459063
0.0062457, 0.459021, -0.888404

48
0.048319, 0.0254307, 0.00965178
-0.999553, -0.0273179, -0.0121171
-0.00119394, -0.368636, 0.929573
-0.0298608, 0.929172, 0.368439

49
-0.00420978, 0.00415381, -0.017799
0.999802, 0.00315382, 0.0196385
0.00599889, -0.989185, -0.146549
0.0189639, 0.146638, -0.989008

50
-0.0422692, -0.00338038, -0.0199787
0.998578, 0.00669779, -0.0528931
0.0274935, -0.914686, 0.403228
-0.0456799, -0.404109, -0.91357

51
-0.025619, -0.00772286, -0.0159564
-0.998141, -0.0485943, 0.036797
-0.0566623, 0.962231, -0.266273
-0.0224678, -0.267863, -0.963195

52
-0.0101434, -0.00652166, -0.0168154
0.999813, 0.0162, 0.0105717
0.0135604, -0.976693, 0.214214
0.0137956, -0.21403, -0.97673

53
0.0253617, -0.00967767, -0.0177556
-0.99434, -0.0984466, 0.0399422
-0.106239, 0.923421, -0.368791
-0.000577214, -0.370948, -0.928654

54
0.0245523, -0.000190641, -0.0145212
-0.99434, -0.0984466, 0.0399422
-0.0979314, 0.995085, 0.0146615
-0.0411893, 0.010667, -0.999094

55
0.0188998, -0.000336203, -0.0145335
-0.998441, -0.0505711, 0.0236132
-0.0504765, 0.998715, 0.0045879
-0.0238149, 0.00338883, -0.999711

56
0.019309, -0.0098805, -0.0176735
-0.998441, -0.0505711, 0.0236132
-0.0557478, 0.923989, -0.378334
-0.00268559, -0.379061, -0.925368

57
-0.0260352, 0.00109623, -0.0156007
-0.998141, -0.0485943, 0.036797
-0.0437511, 0.991492, 0.122595
-0.0424413, 0.120757, -0.991774

58
-0.0420032, -0.0152013, -0.0164523
0.998578, 0.00669779, -0.0528931
0.0428816, -0.690414, 0.722142
-0.0316814, -0.723383, -0.68972

59
-0.0497115, 0.016834, 0.0125179
-0.996696, 0.0775185, 0.0242614
-0.0377023, -0.706074, 0.707134
0.0719463, 0.703883, 0.706663

60
0.0100656, 0.01395, 0.0187359
0.999767, 0.0183363, 0.0113976
-0.00538331, 0.722955, -0.690874
-0.020908, 0.690652, 0.722885

61
0.0438868, -0.00651842, 0.0134768
0.999595, 0.000973444, -0.0284481
0.00844512, 0.944274, 0.329051
0.0271831, -0.329158, 0.943883

62
0.037412, 0.0269457, -0.00342157
-0.997772, 0.0198244, 0.0637027
0.0629241, -0.0376914, 0.997306
0.022172, 0.999093, 0.03636

63
0.0260072, -0.00249834, -0.0170645
-0.995086, -0.0902861, 0.0406399
-0.0839871, 0.987081, 0.136447
-0.0524341, 0.132363, -0.989813

64
-0.0097018, 0.0076398, -0.0234689
-0.999664, 0.0256333, -0.00387173
0.018144, 0.798481, 0.601747
0.0185163, 0.601474, -0.798678

65
0.045216, 0.00633009, -0.0167546
-0.997369, 0.0556879, 0.0464023
0.0684808, 0.933746, 0.351323
-0.0237635, 0.353577, -0.935104

66
0.0167827, 0.00141945, -0.0135734
-0.999781, -0.0209404, -0.000307289
-0.0209274, 0.998388, 0.0527513
-0.000797839, 0.0527462, -0.998608

67
0.0166255, 0.00901388, -0.0196931
-0.999781, -0.0209404, -0.000307289
-0.0190291, 0.902205, 0.430886
-0.00874568, 0.430798, -0.902406

68
-0.0355828, -0.0247154, -0.0147392
0.998745, 0.00218618, -0.0500403
0.0474099, -0.363562, 0.930363
-0.0161588, -0.931567, -0.363209

69
-0.0350434, -0.0256047, -0.00401286
0.998745, 0.00218618, -0.0500403
0.0499848, 0.020608, 0.998537
0.00321421, -0.999785, 0.0204728

70
0.0439152, -0.0266524, 0.0106991
-0.999384, -0.026268, 0.0232581
-0.00132309, -0.634221, -0.773151
0.0350599, -0.772706, 0.633796

71
0.0407074, -0.00680666, 0.0121069
-0.99958, -0.0203907, 0.0205699
0.0156354, -0.977706, -0.209396
0.024381, -0.208987, 0.977614

72
-0.00136133, 0.011815, -0.0168364
-0.999559, -0.0230304, -0.0187676
-0.0296774, 0.744938, 0.666473
-0.00136841, 0.666736, -0.745293

73
-0.0155959, -0.0169738, 0.0180024
-0.999159, -0.0398922, -0.00946589
0.0319464, -0.612782, -0.789606
0.0256986, -0.789244, 0.613541

74
-0.00372503, 0.0163166, 0.00980621
-0.998956, 0.0430837, -0.0151914
-0.0437394, -0.806041, 0.590242
0.0131849, 0.59029, 0.807084

75
-0.0350434, -0.00977179, -0.0172774
-0.997168, -0.0525742, 0.0537737
-0.0660305, 0.95431, -0.291432
-0.035995, -0.294157, -0.955079

76
0.0131974, 0.00175339, -0.0145207
-0.9987, -0.0497643, 0.0110326
-0.0501829, 0.997872, -0.0416319
-0.00893733, -0.0421315, -0.999072

77
-0.0578739, -0.000570733, -0.0214543
-0.90978, -0.321567, -0.262478
-0.361155, 0.924925, 0.11866
0.204616, 0.20275, -0.957614

78
-0.00191911, 0.00237175, 0.0136556
-0.999729, -0.0174453, -0.0154122
0.0149938, -0.989036, 0.146914
-0.0178062, 0.146643, 0.989029

79
0.0311792, 0.0199659, 0.0104735
-0.999641, -0.0214626, 0.0160419
0.0261982, -0.657182, 0.753277
-0.00562482, 0.753427, 0.657508

80
-0.0107263, -0.0277985, -0.00992544
0.999772, -0.0205086, 0.00586764
-0.0139568, -0.420879, 0.907009
-0.016132, -0.906885, -0.42107

81
-0.0426793, 0.014843, -0.012379
-0.630226, 0.776298, 0.0132905
0.238441, 0.177228, 0.954849
0.738892, 0.60494, -0.296795

82
-0.0335175, -0.0256185, -0.000164179
0.9995, 0.0256039, -0.018571
0.0167646, 0.0690466, 0.997473
0.0268215, -0.997285, 0.0685828

83
0.0328781, 0.00950407, -0.0174432
0.998047, 0.00756889, -0.0620027
-0.0176387, -0.91808, -0.396002
-0.0599207, 0.396322, -0.916154

84
-0.0554187, -0.011769, -0.0190191
-0.976785, -0.168235, -0.132622
-0.14359, 0.973595, -0.177467
0.158977, -0.154304, -0.97515

85
-0.0316741, -0.00953712, -0.018589
-0.997112, -0.0560069, 0.0512951
-0.0583131, 0.997301, -0.0446229
-0.0486574, -0.0474852, -0.997686

86
0.00429109, 0.0117775, -0.0192794
-0.999678, -0.0234381, -0.0097633
-0.0231017, 0.680095, 0.73276
-0.0105345, 0.732749, -0.680417

87
-0.00678087, -0.0168289, -0.025312
0.999709, 0.0180701, 0.0159805
0.000126373, -0.666381, 0.745611
0.0241224, -0.745392, -0.666189

88
-0.0393626, 0.0106629, -0.0196943
-0.996728, -0.0569417, 0.0573731
0.00635268, 0.652394, 0.757853
-0.0805833, 0.755738, -0.649898

89
-0.00411134, -0.00578067, -0.0212153
0.999802, 0.00315382, 0.0196385
-0.00171492, -0.970004, 0.243084
0.019816, -0.243069, -0.969806

90
-0.00421136, -0.0228953, -0.0142817
0.999806, 0.00260229, 0.0195087
-0.0143825, -0.580038, 0.814463
0.0134353, -0.814585, -0.579888

91
0.0499291, -0.0282418, -0.00215773
-0.999553, -0.0273179, -0.0121171
0.0125303, -0.0150037, -0.999809
0.0271309, -0.999514, 0.0153393

92
-0.0412371, -0.028403, -0.00469806
0.998605, 0.0513191, -0.012387
0.021297, -0.176904, 0.983998
0.0483066, -0.982889, -0.17775

93
0.0109435, -0.00528159, -0.0191271
-0.9995, -0.0315325, 0.00242823
-0.0303812, 0.935999, -0.350689
0.00878529, -0.350587, -0.936489

94
-0.0483599, -0.0153864, -0.0145257
-0.996429, -0.0717135, 0.0445637
-0.0833558, 0.919545, -0.384042
-0.0134373, -0.386385, -0.92224

95
-0.0356236, -0.000816139, -0.01451
0.998745, 0.00218618, -0.0500403
0.00321421, -0.999785, 0.0204728
-0.0499848, -0.020608, -0.998537

96
0.0106246, 0.00467991, -0.0210272
-0.9995, -0.0315325, 0.00242823
-0.0276949, 0.909754, 0.414223
-0.0152706, 0.413949, -0.910172

97
0.00458016, 0.0125569, -0.0168784
0.9997, 0.0222979, 0.0100908
0.0243936, -0.874161, -0.485023
-0.00199406, 0.485124, -0.874443

98
-0.00997408, 0.00539564, -0.0220739
0.999772, -0.0205086, 0.00586764
-0.016132, -0.906885, -0.42107
0.0139568, 0.420879, -0.907009

99
-0.0183864, -0.0216932, -0.0158659
-0.999043, -0.0404774, 0.0165985
-0.042683, 0.818605, -0.572769
0.0095966, -0.572929, -0.819549

100
-0.0581138, 0.000589164, -0.0220439
-0.90978, -0.321567, -0.262478
-0.411967, 0.776931, 0.476091
0.0508323, 0.54127, -0.839311

101
0.013119, 0.00178927, -0.0214518
-0.9987, -0.0497643, 0.0110326
-0.0429428, 0.938036, 0.343865
-0.0274612, 0.342945, -0.938954

102
0.0258636, -0.00269351, -0.0210126
-0.995086, -0.0902861, 0.0406399
-0.0976597, 0.962597, -0.252725
-0.0163023, -0.255452, -0.966684

103
0.0530496, -0.0097612, -0.0202109
-0.9919, -0.122263, 0.034442
-0.126605, 0.929665, -0.345968
0.0102796, -0.347526, -0.937614

104
-0.00734479, 0.0021331, 0.0103143
0.999508, 0.0279952, 0.0141162
-0.0265099, 0.995006, -0.0962342
-0.0167398, 0.0958126, 0.995259

105
0.0355709, -0.0237984, -0.0164667
-0.997772, 0.0198244, 0.0637027
-0.0288161, 0.733117, -0.679492
-0.060172, -0.679813, -0.730912

106
-0.0536166, -0.0125574, -0.0215255
-0.90978, -0.321567, -0.262478
-0.25536, 0.932109, -0.256835
0.327248, -0.166637, -0.930129

107
0.0137045, -0.0100278, -0.021752
-0.9987, -0.0497643, 0.0110326
-0.0497832, 0.90579, -0.420791
0.0109472, -0.420793, -0.90709

108
0.00109356, -0.00139999, 0.0124393
0.9999, -0.0089871, 0.010952
0.00854306, 0.999166, 0.039938
-0.0113018, -0.0398404, 0.999142

109
0.0277686, -0.011742, -0.0205887
0.999544, -0.00713788, -0.0293385
0.00868963, -0.862547, 0.505903
-0.0289169, -0.505927, -0.862091

110
0.0522151, -0.00284478, 0.0118039
-0.998691, 0.0346256, -0.0376437
-0.0319158, -0.997012, -0.0703457
-0.039967, -0.0690522, 0.996812

111
-0.0310811, -0.000128112, 0.0137654
0.999729, 0.0156333, -0.0172282
-0.0182669, 0.986091, -0.165201
0.0144059, 0.165471, 0.986109

112
0.0366922, 0.000607454, -0.0181027
-0.996364, 0.0589749, 0.0614855
0.0660719, 0.990496, 0.120635
-0.0537866, 0.124259, -0.990791

113
0.058669, 0.0140302, 0.0159153
-0.991832, 0.0841714, -0.0958391
-0.125276, -0.784169, 0.60777
-0.0239973, 0.614812, 0.788309

114
-0.0367741, -0.0241181, 0.00914488
0.999583, 0.0155404, -0.0243259
0.00556361, 0.723194, 0.690623
0.0283248, -0.69047, 0.722806

115
0.0359063, -0.00938362, -0.0212548
-0.996364, 0.0589749, 0.0614855
0.0404592, 0.962651, -0.267707
-0.074977, -0.264246, -0.961537

116
-0.0398563, -0.0254539, 0.00674573
0.999651, 0.0128497, -0.0230972
0.0175991, 0.328382, 0.944381
0.0197198, -0.944458, 0.328041

117
-0.0412488, -0.0263136, 0.00301601
0.998605, 0.0513191, -0.012387
0.00118978, 0.212698, 0.977117
0.0527795, -0.975769, 0.21234

118
-0.0206621, 0.0222492, -0.00594594
-0.99863, 0.0504426, -0.0138873
-0.00956954, 0.0848517, 0.996348
0.0514367, 0.995116, -0.0842528

119
-0.0517697, 0.0279577, -0.00248387
-0.990076, 0.134, 0.0423414
0.0309323, -0.0861082, 0.995805
0.137083, 0.987233, 0.0811088

120
-0.0159322, -0.00641169, -0.0187089
-0.99938, -0.0345778, 0.00656119
-0.0351914, 0.984344, -0.17271
-0.00048655, -0.172833, -0.984951

121
0.0421833, 0.0283384, -0.00161235
-0.999384, -0.026268, 0.0232581
0.0257266, -0.0979235, 0.994861
-0.0238555, 0.994847, 0.098539

122
-0.00425486, 0.0160432, -0.0172466
0.999806, 0.00260229, 0.0195087
0.0134353, -0.814585, -0.579888
0.0143825, 0.580038, -0.814463

123
-0.0569833, -0.0123145, 0.0153615
-0.979547, 0.118607, 0.162544
-0.198383, -0.704348, -0.68157
0.0336486, -0.699876, 0.713471

124
-0.0390465, 0.00197093, -0.0228296
-0.996728, -0.0569417, 0.0573731
-0.0249688, 0.891942, 0.45146
-0.0768803, 0.44855, -0.890445

125
-0.00695676, -0.0104132, -0.0215637
0.999709, 0.0180701, 0.0159805
0.009348, -0.900905, 0.433915
0.0222378, -0.43364, -0.900812

126
0.0183431, 0.00922908, -0.0175857
-0.998441, -0.0505711, 0.0236132
-0.0375206, 0.921395, 0.386811
-0.0413186, 0.385322, -0.921856

127
0.00134603, 0.0226402, 0.00911632
0.9999, -0.0089871, 0.010952
0.0137108, 0.419172, -0.907803
0.00356775, 0.907862, 0.419253

128
0.01096, -0.0273541, 0.00673487
0.999767, 0.0183363, 0.0113976
-0.0172564, 0.361416, 0.932245
0.0129747, -0.932224, 0.361648

129
-0.0515959, 0.00228996, -0.0184287
-0.996696, 0.0775185, 0.0242614
0.0808977, 0.920505, 0.382263
0.00729968, 0.382963, -0.923735

130
-0.0510276, 0.02226, 0.00632618
0.994748, -0.101091, -0.0160311
0.00660731, 0.219719, -0.975541
0.102141, 0.970311, 0.219233

131
-0.0422056, -0.00110335, -0.0184894
0.998578, 0.00669779, -0.0528931
0.00791972, -0.999706, 0.0229262
-0.052724, -0.0233125, -0.998337

132
-0.024982, -0.0208184, -0.0159725
-0.998141, -0.0485943, 0.036797
-0.0609472, 0.786479, -0.614603
0.000926155, -0.615703, -0.787978

133
0.00726332, -0.00728602, 0.0122035
0.999928, 0.00658204, 0.00999471
-0.00885291, 0.968799, 0.247691
-0.00805255, -0.247762, 0.968787

134
0.0490631, -0.0103128, 0.0175612
0.999744, -0.015724, 0.01624
0.00611401, 0.879744, 0.475408
-0.0217624, -0.475187, 0.879615

135
-0.00416715, 0.00601663, -0.0202686
0.999802, 0.00315382, 0.0196385
0.0127994, -0.857772, -0.513871
0.0152247, 0.51402, -0.857643

136
0.0498274, 0.0253306, 0.00502385
0.999744, -0.015724, 0.01624
0.0177661, 0.102353, -0.99459
0.0139767, 0.994624, 0.102606

137
-0.019691, -0.00265289, 0.0124493
0.999992, 0.00302459, 0.00259632
-0.00294521, 0.999544, -0.0300514
-0.00268603, 0.0300435, 0.999545

138
0.0880066, -0.0233208, 0.0330323
0.588329, 0.808515, -0.0131566
-0.626461, 0.466021, 0.624797
0.511289, -0.359344, 0.780676

139
0.0195048, 0.0197398, 0.011223
0.999982, -0.00586705, -0.00135133
0.00162723, 0.479468, -0.877558
0.00579659, 0.87754, 0.479469

140
-0.00409093, -0.0162668, -0.0205704
0.999802, 0.00315382, 0.0196385
-0.00916765, -0.803148, 0.595709
0.0176514, -0.595771, -0.80296

141
-0.0359922, -0.015126, -0.0224927
0.998745, 0.00218618, -0.0500403
0.0376174, -0.692383, 0.720549
-0.0330718, -0.721527, -0.691596

142
-0.043791, -0.0256419, 0.00207877
0.998639, 0.012231, -0.0506926
0.0503786, 0.0247423, 0.998424
0.013466, -0.999619, 0.0240925

143
-0.0129843, -0.00838732, -0.0197591
-0.999645, -0.0266136, -0.000981712
-0.0240697, 0.91864, -0.394362
0.0113972, -0.394198, -0.918955

144
0.00721053, 0.00153416, 0.0116763
0.999928, 0.00658204, 0.00999471
-0.00509745, 0.989868, -0.141902
-0.0108274, 0.141841, 0.98983

145
-0.000817053, -0.0103965, -0.0185679
-0.999559, -0.0230304, -0.0187676
-0.0126213, 0.901059, -0.433513
0.0268947, -0.433085, -0.900952

146
-0.044346, -0.0247971, -0.00865038
0.998639, 0.012231, -0.0506926
0.051697, -0.359679, 0.931643
-0.00683812, -0.932996, -0.359822

147
-0.0197499, 0.0210972, 0.00745265
0.999992, 0.00302459, 0.00259632
0.00135448, 0.354752, -0.934959
-0.00374892, 0.934955, 0.354745

148
-0.010288, -0.0147918, -0.0206151
-0.999664, 0.0256333, -0.00387173
0.0240502, 0.861255, -0.507603
-0.00967701, -0.507526, -0.861582

149
-0.0322642, -0.000439532, -0.0201271
-0.997112, -0.0560069, 0.0512951
-0.0352539, 0.939557, 0.340572
-0.067269, 0.33778, -0.938818

150
0.00117726, 0.0125995, 0.0162855
0.9999, -0.0089871, 0.010952
0.0140324, 0.734688, -0.67826
-0.00195072, 0.678345, 0.734741

151
0.0163506, 0.0219755, -0.00863418
-0.999781, -0.0209404, -0.000307289
-0.00727147, 0.333336, 0.94278
-0.0196397, 0.942576, -0.333415

152
0.00714835, 0.00158825, 0.0178621
0.999928, 0.00658204, 0.00999471
-0.00056594, 0.860238, -0.509892
-0.011954, 0.50985, 0.86018

153
0.0516772, -0.0124168, 0.0172701
-0.998691, 0.0346256, -0.0376437
-0.0141917, -0.894694, -0.446454
-0.0491383, -0.445336, 0.894014

154
0.0278343, -0.0273337, -0.0145553
0.999544, -0.00713788, -0.0293385
0.0190942, -0.603279, 0.797301
-0.0233903, -0.797498, -0.602868

155
-0.0102291, -0.00649972, -0.0201934
0.999772, -0.0205086, 0.00586764
-0.021276, -0.938871, 0.343611
-0.00153804, -0.343658, -0.939094

156
-0.0412181, -0.0250075, 0.0109006
0.998605, 0.0513191, -0.012387
-0.0190986, 0.569918, 0.82148
0.0492172, -0.820097, 0.570103

157
-0.0398753, -0.022811, 0.00739477
0.999651, 0.0128497, -0.0230972
0.00871306, 0.664813, 0.746959
0.0249536, -0.746899, 0.664469

158
-0.00999618, -0.0114066, -0.0232535
0.999813, 0.0162, 0.0105717
0.0072488, -0.820441, 0.571686
0.0179348, -0.571502, -0.820405

159
-0.050004, 0.0036674, -0.0206242
-0.996429, -0.0717135, 0.0445637
-0.0494398, 0.923432, 0.380563
-0.0684431, 0.377001, -0.92368

160
0.0448711, -0.00199709, -0.014174
-0.997369, 0.0556879, 0.0464023
0.0541741, 0.997977, -0.0332681
-0.0481611, -0.0306668, -0.998369

161
-0.0196563, 0.00879997, -0.0179408
-0.999043, -0.0404774, 0.0165985
-0.0252002, 0.842584, 0.537975
-0.0357615, 0.537042, -0.842797

162
0.0320075, -0.013292, -0.0218437
-0.997591, -0.0562606, 0.0405754
-0.0693484, 0.822001, -0.565248
-0.00155183, -0.5667, -0.823923

163
0.00142956, 0.00345681, 0.0116608
0.999638, 0.0210017, 0.0168416
-0.0178117, 0.985078, -0.171185
-0.0201854, 0.170823, 0.985095

164
-0.0462126, -0.00932291, 0.0265253
-0.706912, -0.664522, 0.242251
0.446904, -0.685113, -0.575236
0.548226, -0.298379, 0.781293

165
-0.0197415, 0.0115815, 0.0153071
0.999992, 0.00302459, 0.00259632
-0.000183271, 0.68554, -0.728035
-0.00398189, 0.728028, 0.685536

166
-0.0165115, 0.00983843, -0.021305
-0.99938, -0.0345778, 0.00656119
-0.0245401, 0.818248, 0.574341
-0.0252281, 0.573825, -0.81859

167
-0.0197152, -0.000215626, 0.0189222
0.999992, 0.00302459, 0.00259632
-0.00169312, 0.911961, -0.410273
-0.00360865, 0.410266, 0.911959

168
0.0441031, -0.012814, -0.0177006
-0.997369, 0.0556879, 0.0464023
0.0316199, 0.910275, -0.412795
-0.0652266, -0.410242, -0.909641

169
-0.0196578, -0.0122728, 0.0108347
0.999992, 0.00302459, 0.00259632
-0.00374892, 0.934955, 0.354745
-0.00135448, -0.354752, 0.934959

170
0.0193273, -0.011788, 0.0167874
0.999982, -0.00586705, -0.00135133
0.00579659, 0.87754, 0.479469
-0.00162723, -0.479468, 0.877558

171
0.0378621, 0.00465308, 0.0250801
0.343819, 0.939035, 0.00145879
-0.537083, 0.197922, -0.819981
-0.77028, 0.281141, 0.572389

172
-0.046424, -0.0260496, 0.0116
-0.996429, -0.0717135, 0.0445637
-0.0134373, -0.386385, -0.92224
0.0833558, -0.919545, 0.384042

173
-0.0196184, -0.0239702, 0.00930173
0.999992, 0.00302459, 0.00259632
-0.00398189, 0.728028, 0.685536
0.000183271, -0.68554, 0.728035

174
0.0073469, -0.020394, 0.0124739
0.999928, 0.00658204, 0.00999471
-0.0112606, 0.800239, 0.599576
-0.00405172, -0.599645, 0.800256

175
-0.048023, -0.0207756, -0.0156648
-0.996429, -0.0717135, 0.0445637
-0.0821529, 0.701686, -0.707734
0.0194844, -0.708868, -0.705072

176
-0.0451353, -0.00114625, -0.018492
0.998639, 0.012231, -0.0506926
0.013466, -0.999619, 0.0240925
-0.0503786, -0.0247423, -0.998424

177
0.00751187, -0.00755039, -0.0191982
0.999897, -0.0141163, -0.0024255
-0.0129365, -0.96274, 0.27012
-0.00614821, -0.27006, -0.962824

178
0.0487085, -0.00576438, 0.0101076
-0.998779, -0.04759, 0.0132295
0.0462963, -0.995293, -0.0851342
0.0172188, -0.0844178, 0.996282

179
0.0172527, -0.0210161, -0.0138998
-0.999781, -0.0209404, -0.000307289
-0.0153621, 0.743264, -0.668821
0.0142338, -0.66867, -0.743423

180
0.0126226, 0.0121374, -0.0197066
-0.9987, -0.0497643, 0.0110326
-0.0291651, 0.735393, 0.677012
-0.0418044, 0.675811, -0.735889

181
-0.0663905, 0.0174241, -0.0139805
-0.90978, -0.321567, -0.262478
-0.40006, 0.510655, 0.761041
-0.11069, 0.797387, -0.59323

182
0.0194572, 0.0104895, 0.0162034
0.999982, -0.00586705, -0.00135133
0.00372162, 0.778791, -0.627273
0.00473264, 0.627256, 0.778799

183
0.0834972, -0.0205073, 0.00428221
0.588329, 0.808515, -0.0131566
-0.383112, 0.293033, 0.875989
0.712105, -0.510329, 0.482152

184
0.0353442, -0.0198345, -0.0203397
-0.996364, 0.0589749, 0.0614855
0.00868699, 0.788251, -0.615293
-0.0847528, -0.612522, -0.785897

185
-0.0268806, -0.0156925, -0.0206903
-0.998088, 0.0503376, 0.03586
0.0202821, 0.81485, -0.579317
-0.058382, -0.577482, -0.814313

186
-0.0265012, 0.00971779, -0.0168546
-0.998141, -0.0485943, 0.036797
-0.0241792, 0.869808, 0.492798
-0.0559535, 0.490992, -0.869365

187
-0.0415271, -0.0247695, -0.00867645
0.998578, 0.00669779, -0.0528931
0.0517414, -0.361033, 0.931117
-0.0128597, -0.932529, -0.360866

188
-0.0312301, 0.0143476, 0.0182544
0.999729, 0.0156333, -0.0172282
-0.0231032, 0.580266, -0.814099
-0.00273016, 0.814277, 0.58047

189
-0.0308153, -0.0147133, 0.0159542
0.999729, 0.0156333, -0.0172282
-0.00273016, 0.814277, 0.58047
0.0231032, -0.580266, 0.814099

190
0.0104004, 0.011913, -0.0193949
-0.9995, -0.0315325, 0.00242823
-0.0197429, 0.682092, 0.731
-0.0247066, 0.730586, -0.682373

191
0.0470613, 0.0253607, -0.00228259
-0.998779, -0.04759, 0.0132295
0.0172188, -0.0844178, 0.996282
-0.0462963, 0.995293, 0.0851342

192
0.00795825, 0.0219193, -0.00669468
0.999897, -0.0141163, -0.0024255
-0.00614821, -0.27006, -0.962824
0.0129365, 0.96274, -0.27012

193
-0.0362792, 0.0112387, -0.0196512
-0.997168, -0.0525742, 0.0537737
0.00798628, 0.636964, 0.770852
-0.0747789, 0.769098, -0.634741

194
-0.00492961, -0.00829744, 0.0192104
-0.998956, 0.0430837, -0.0151914
-0.0289196, -0.853815, -0.519772
-0.0353643, -0.51879, 0.85417

195
-0.0149348, -0.0250773, -0.0176376
-0.999159, -0.0398922, -0.00946589
-0.011517, 0.494665, -0.869007
0.039349, -0.868168, -0.494709

196
0.0466924, 0.00753555, -0.0158932
-0.986681, 0.154801, 0.0499621
0.161894, 0.90468, 0.394137
0.0158132, 0.396976, -0.917693

197
-0.0253548, -0.0253378, 0.00690895
0.999955, 0.00410205, -0.00857857
0.00671485, 0.334153, 0.942495
0.00673271, -0.94251, 0.33411

198
0.0226263, 0.0178582, -0.0121627
0.99978, -0.011893, -0.0172681
-0.0205757, -0.714939, -0.698884
-0.00403376, 0.699086, -0.715026

199
-0.0524983, 0.0256652, 0.00493626
-0.930588, 0.247741, 0.269502
0.229622, -0.17832, 0.956805
0.285097, 0.952274, 0.109056

200
0.0513743, -0.0175506, 0.015426
-0.998303, 0.0409041, -0.0414569
0.00669948, -0.626456, -0.779428
-0.0578528, -0.778383, 0.625118

201
0.0370084, -0.0251585, -0.00806394
0.999322, 0.00456152, -0.036537
0.0368205, -0.120872, 0.991985
0.000108658, -0.992658, -0.120958

202
0.0234878, 0.00936246, -0.0174751
-0.99434, -0.0984466, 0.0399422
-0.0747144, 0.915257, 0.395882
-0.0755307, 0.390658, -0.917432

203
0.043777, 0.0214057, 0.0105739
0.999595, 0.000973444, -0.0284481
-0.0218821, 0.665461, -0.746112
0.0182048, 0.746432, 0.665212

204
-0.0526121, 0.0138885, 0.0197706
-0.953331, 0.18747, 0.236675
-0.0313611, -0.841124, 0.539932
0.300294, 0.507312, 0.807749

205
0.089067, 0.00153628, -0.0419738
0.0523504, -0.998352, -0.0235195
-0.948039, -0.0422834, -0.315333
0.313819, 0.0388052, -0.94869

206
-0.0309013, -0.0108821, 0.0144413
0.999729, 0.0156333, -0.0172282
-0.0113635, 0.974352, 0.224742
0.0202998, -0.224485, 0.974266

207
-0.049315, 0.0222459, 0.0115139
-0.996696, 0.0775185, 0.0242614
-0.00729968, -0.382963, 0.923735
0.0808977, 0.920505, 0.382263

208
0.0102905, 0.00317985, 0.0163386
0.999767, 0.0183363, 0.0113976
-0.0129747, 0.932224, -0.361648
-0.0172564, 0.361416, 0.932245

209
0.0355427, -0.0264909, -0.0160714
-0.997772, 0.0198244, 0.0637027
-0.0496494, 0.417159, -0.907477
-0.0445643, -0.908617, -0.415245

210
-0.00716555, -0.00729019, 0.0163113
0.999508, 0.0279952, 0.0141162
-0.030898, 0.955931, 0.29196
-0.00532064, -0.292253, 0.956326

211
-0.056262, -0.00191146, -0.0213024
-0.980845, -0.150613, -0.12353
-0.182299, 0.933203, 0.309676
0.0686375, 0.326263, -0.942784

212
-0.0218822, 0.00404389, 0.0156661
-0.99863, 0.0504426, -0.0138873
-0.0514367, -0.995116, 0.0842528
-0.00956954, 0.0848517, 0.996348

213
-0.0552636, -0.00338148, 0.014999
-0.990076, 0.134, 0.0423414
-0.137083, -0.987233, -0.0811088
0.0309323, -0.0861082, 0.995805

214
0.0499762, -0.00357495, 0.0121276
-0.997844, -0.0611993, -0.0236866
0.0589134, -0.994424, 0.0874599
-0.028907, 0.0858759, 0.995886

215
-0.0261366, -0.00409971, -0.0162557
-0.998088, 0.0503376, 0.03586
0.04108, 0.973816, -0.223595
-0.0461763, -0.221695, -0.974022

216
0.0167868, 1.53693e-06, 0.0142648
0.999837, -0.0180025, -0.00106347
0.0179111, 0.998173, -0.057711
0.00210046, 0.0576825, 0.998333

217
0.052004, -0.00220813, -0.0180368
-0.989743, -0.139099, 0.0325591
-0.139957, 0.989823, -0.0257374
-0.0286477, -0.0300303, -0.999138

218
-0.0130589, -0.00571138, -0.0162838
-0.999645, -0.0266136, -0.000981712
-0.0265991, 0.999566, -0.012674
0.00131859, -0.0126434, -0.999919

219
0.0513295, -0.029978, 0.00424279
-0.998303, 0.0409041, -0.0414569
0.0283288, -0.280895, -0.95932
-0.0508852, -0.958866, 0.27926

220
0.0521866, -0.000685143, 0.0125063
-0.998303, 0.0409041, -0.0414569
-0.0361708, -0.993371, -0.109114
-0.0456453, -0.107429, 0.993164

221
0.0364645, -0.014903, -0.021662
0.999322, 0.00456152, -0.036537
0.0261128, -0.787384, 0.615909
-0.0259592, -0.616445, -0.78697

222
0.0497646, -0.0269711, 0.00854248
-0.999553, -0.0273179, -0.0121171
0.021959, -0.396359, -0.917833
0.0202705, -0.917689, 0.396782

223
-0.0417831, -0.0214146, -0.0197597
0.998605, 0.0513191, -0.012387
0.038162, -0.539573, 0.841073
0.0364794, -0.840373, -0.540779

224
0.00103876, 0.000579162, 0.0190664
0.9999, -0.0089871, 0.010952
0.0122178, 0.938355, -0.345457
-0.00717221, 0.345556, 0.938371

225
0.0134981, 0.00634629, 0.0140016
0.99977, 0.0199446, 0.00789668
-0.0164379, 0.948837, -0.315337
-0.013782, 0.315135, 0.948947

226
-0.05431, 0.010159, 0.0150726
-0.979547, 0.118607, 0.162544
-0.0448308, -0.916143, 0.398336
0.196159, 0.382901, 0.902723

227
0.0467224, 0.0272209, -0.000566632
-0.997997, -0.0536091, 0.0335901
0.0380993, -0.0854358, 0.995615
-0.0505042, 0.9949, 0.0873071

228
0.0023459, -0.0254914, -0.00663024
0.999638, 0.0210017, 0.0168416
-0.0118326, -0.219153, 0.975619
0.0241805, -0.975464, -0.218825

229
-0.040405, 0.0222407, 0.00953264
0.999651, 0.0128497, -0.0230972
-0.0263884, 0.435632, -0.899738
-0.00149951, 0.900033, 0.435819

230
-0.0765759, 0.0141557, 0.0360164
-0.531894, -0.830504, 0.165381
0.84475, -0.506766, 0.172003
-0.0590396, 0.231193, 0.971115

231
0.0496741, -0.00217714, 0.0387158
0.0744333, 0.997062, 0.0180874
-0.842176, 0.0725632, -0.534298
-0.534041, 0.0245368, 0.845103

232
0.0492584, 0.00607649, 0.0174311
-0.997844, -0.0611993, -0.0236866
0.0433667, -0.885865, 0.461912
-0.0492518, 0.459889, 0.88661

233
0.000964784, -0.0129791, 0.0146948
0.9999, -0.0089871, 0.010952
0.00356775, 0.907862, 0.419253
-0.0137108, -0.419172, 0.907803

234
0.0530857, 0.0233307, 0.0127834
-0.998691, 0.0346256, -0.0376437
-0.0491383, -0.445336, 0.894014
0.0141917, 0.894694, 0.446454

235
0.0279417, 0.00768578, -0.0194162
0.999544, -0.00713788, -0.0293385
-0.0233903, -0.797498, -0.602868
-0.0190942, 0.603279, -0.797301

236
0.0291555, -0.0298226, -0.000679397
-0.995086, -0.0902861, 0.0406399
-0.0524341, 0.132363, -0.989813
0.0839871, -0.987081, -0.136447

237
0.0165097, 0.00203781, 0.0150772
-0.999727, -0.0223553, -0.00680952
0.0179248, -0.920496, 0.390342
-0.0149943, 0.390113, 0.920645

238
-0.00557858, -0.0294466, 0.00190503
-0.998956, 0.0430837, -0.0151914
0.00455707, -0.236898, -0.971524
-0.0454556, -0.970579, 0.236455

239
0.048925, -0.0236266, -0.0162768
-0.997997, -0.0536091, 0.0335901
-0.0626521, 0.763913, -0.642271
0.00877163, -0.643089, -0.765742

240
0.0332477, -0.0239832, -0.0155809
0.998047, 0.00756889, -0.0620027
0.0599207, -0.396322, 0.916154
-0.0176387, -0.91808, -0.396002

241
0.0114129, -0.0199935, -0.0169556
-0.9995, -0.0315325, 0.00242823
-0.0247066, 0.730586, -0.682373
0.0197429, -0.682092, -0.731

242
-0.0125568, -0.0245909, -0.0157931
-0.999645, -0.0266136, -0.000981712
-0.017876, 0.69786, -0.716012
0.0197408, -0.71574, -0.698088

243
-0.0152673, -0.0249634, -0.0151988
-0.99938, -0.0345778, 0.00656119
-0.0252281, 0.573825, -0.81859
0.0245401, -0.818248, -0.574341

244
-0.0601822, -0.0131337, -0.0226695
-0.938445, 0.257392, -0.230371
0.344736, 0.74011, -0.577403
0.0218811, -0.621278, -0.783285

245
-0.0700416, 0.0192692, 0.0354212
-0.706912, -0.664522, 0.242251
0.703663, -0.695434, 0.145704
0.0716457, 0.273463, 0.959211

246
0.00184633, -0.0187815, 0.0146548
0.999638, 0.0210017, 0.0168416
-0.026868, 0.817345, 0.575521
-0.00167847, -0.575765, 0.817613

247
0.016671, -0.00592249, 0.0175211
-0.999727, -0.0223553, -0.00680952
0.0232773, -0.92674, -0.374981
0.00207215, -0.375037, 0.927008

248
0.0272332, -0.0174947, -0.0203605
-0.995086, -0.0902861, 0.0406399
-0.0964644, 0.791566, -0.603422
0.0223114, -0.604377, -0.796386

249
0.0427707, 0.0204577, 0.0102586
-0.999442, -0.0294064, 0.0158468
0.0297789, -0.569389, 0.821529
-0.0151353, 0.821542, 0.569946

250
-0.00717268, 0.00141953, -0.0214356
0.999709, 0.0180701, 0.0159805
0.0223346, -0.943666, -0.330146
0.00911449, 0.330407, -0.943795

251
-0.0380049, -0.0102885, -0.0169013
-0.996728, -0.0569417, 0.0573731
-0.0720182, 0.947871, -0.310409
-0.036707, -0.313526, -0.94887

252
0.0424984, 0.0229819, 0.00587545
-0.999384, -0.026268, 0.0232581
0.0328974, -0.471181, 0.881423
-0.0121945, 0.881645, 0.471755

253
-0.0585973, -0.0230688, 0.0134819
-0.979547, 0.118607, 0.162544
-0.196159, -0.382901, -0.902723
-0.0448308, -0.916143, 0.398336

254
-0.0498175, 0.0230721, -0.0117688
-0.996696, 0.0775185, 0.0242614
0.0520417, 0.3801, 0.92348
0.062365, 0.921691, -0.382878

255
0.010499, -0.00666007, 0.0138736
0.999767, 0.0183363, 0.0113976
-0.0213766, 0.914742, 0.403473
-0.00302763, -0.403622, 0.914921

256
-0.0041841, -0.01454, -0.0167934
0.999806, 0.00260229, 0.0195087
-0.00814624, -0.847613, 0.530552
0.0179165, -0.530608, -0.847428

257
-0.0394313, 0.0244182, -0.00723619
-0.996728, -0.0569417, 0.0573731
0.036707, 0.313526, 0.94887
-0.0720182, 0.947871, -0.310409

258
-0.00675104, -0.0271282, -0.0155324
0.999709, 0.0180701, 0.0159805
-0.00911449, -0.330407, 0.943795
0.0223346, -0.943666, -0.330146

259
-0.0358091, 0.00868507, -0.0177984
0.998745, 0.00218618, -0.0500403
-0.0161588, -0.931567, -0.363209
-0.0474099, 0.363562, -0.930363

260
0.0361349, 0.00702498, -0.0172262
-0.997772, 0.0198244, 0.0637027
0.0445643, 0.908617, 0.415245
-0.0496494, 0.417159, -0.907477

261
0.0435061, -0.0293219, -0.000679065
0.999595, 0.000973444, -0.0284481
0.0283458, 0.0572555, 0.997957
0.00260027, -0.998359, 0.0572048

262
0.0489415, 0.0285375, -0.00256687
-0.9919, -0.122263, 0.034442
0.0389526, -0.034695, 0.998639
-0.120902, 0.991891, 0.0391765

263
-0.0451748, 0.0103864, -0.0164886
0.998639, 0.012231, -0.0506926
-0.00683812, -0.932996, -0.359822
-0.051697, 0.359679, -0.931643

264
-0.00173861, -0.00839286, 0.0141321
-0.999729, -0.0174453, -0.0154122
0.0206666, -0.969868, -0.242754
-0.0107129, -0.243007, 0.969965

265
-0.0538965, 0.00644408, 0.0158691
-0.990076, 0.134, 0.0423414
-0.114811, -0.945037, 0.306144
0.0810372, 0.298244, 0.951043

266
-0.0217326, 0.00653723, 0.0139587
-0.99863, 0.0504426, -0.0138873
-0.0511834, -0.886896, 0.459125
0.0108429, 0.459207, 0.888263

267
-0.0562071, -0.00294501, -0.0204782
-0.980845, -0.150613, -0.12353
-0.142156, 0.987023, -0.0746846
0.133175, -0.0556935, -0.989526

268
-0.0158849, -0.00892561, 0.0145838
-0.999159, -0.0398922, -0.00946589
0.039349, -0.868168, -0.494709
0.011517, -0.494665, 0.869007

269
-0.00346711, 0.0217486, 0.0082516
-0.998956, 0.0430837, -0.0151914
-0.0353643, -0.51879, 0.85417
0.0289196, 0.853815, 0.519772

270
-0.0341556, -0.0213887, -0.0121717
-0.997168, -0.0525742, 0.0537737
-0.0747789, 0.769098, -0.634741
-0.00798628, -0.636964, -0.770852

271
-0.0310181, 0.0018978, 0.0192562
0.999729, 0.0156333, -0.0172282
-0.0223893, 0.847706, -0.529994
0.00631886, 0.530236, 0.847827

272
0.0471469, 0.006549, -0.0209472
-0.997997, -0.0536091, 0.0335901
-0.0320799, 0.886473, 0.461667
-0.0545263, 0.459664, -0.886417

273
-0.042926, 0.00974284, 0.017185
0.998605, 0.0513191, -0.012387
-0.0492172, 0.820097, -0.570103
-0.0190986, 0.569918, 0.82148

274
-0.040113, 0.0120714, 0.0165142
0.999651, 0.0128497, -0.0230972
-0.0249536, 0.746899, -0.664469
0.00871306, 0.664813, 0.746959

275
-0.0524099, -0.0205358, 0.0141576
-0.987843, -0.118484, 0.10064
0.00578306, -0.674942, -0.737848
0.155349, -0.728296, 0.667421

276
-0.013871, 0.0244336, -0.00664428
-0.999645, -0.0266136, -0.000981712
-0.0113972, 0.394198, 0.918955
-0.0240697, 0.91864, -0.394362

277
-0.0484333, 0.00814842, 0.016738
-0.999225, 0.0304553, 0.0249301
-0.0227868, -0.964122, 0.264479
0.0320904, 0.263706, 0.964069

278
0.00202366, -0.0227644, 0.00909573
0.999638, 0.0210017, 0.0168416
-0.0254651, 0.534793, 0.844599
0.00873124, -0.844722, 0.535134

279
-0.0583756, 0.00243004, 0.0232722
-0.706912, -0.664522, 0.242251
0.677518, -0.537848, 0.501687
-0.203088, 0.518778, 0.830437

280
0.0697327, 0.000579527, -0.0443967
0.0523504, -0.998352, -0.0235195
-0.995967, -0.0539149, 0.0717182
-0.0728681, 0.0196701, -0.997148

281
-0.0538948, 0.00844677, 0.0189145
-0.953331, 0.18747, 0.236675
-0.143891, -0.971237, 0.189721
0.265434, 0.146811, 0.952886

282
0.0436902, 0.0220258, 0.00754479
0.999595, 0.000973444, -0.0284481
-0.0271831, 0.329158, -0.943883
0.00844512, 0.944274, 0.329051

283
-0.0511158, 0.00983897, -0.0228247
-0.996696, 0.0775185, 0.0242614
0.0719463, 0.703883, 0.706663
0.0377023, 0.706074, -0.707134

284
0.0108005, -0.0212287, 0.0108668
0.999767, 0.0183363, 0.0113976
-0.020908, 0.690652, 0.722885
0.00538331, -0.722955, 0.690874

285
-0.0138772, -0.02549, -0.00618668
0.999911, -0.0133527, 0.000130538
-0.00125359, -0.0841327, 0.996454
-0.0132944, -0.996365, -0.084142

286
0.0255642, 0.0062584, -0.0300535
-0.33187, -0.943323, -0.00184016
-0.613894, 0.214492, 0.759689
-0.716238, 0.253248, -0.650284

287
0.0256164, 0.00724674, 0.0194226
0.999966, -0.000155252, -0.00819062
-0.00447014, 0.827511, -0.561431
0.00686499, 0.561449, 0.827483

288
0.019405, 0.0188123, -0.0145685
0.99972, 0.0236387, -0.00094316
0.0181127, -0.790447, -0.612262
-0.0152186, 0.612074, -0.790654

289
0.00711038, 0.0186043, 0.0104548
0.999928, 0.00658204, 0.00999471
0.00405172, 0.599645, -0.800256
-0.0112606, 0.800239, 0.599576

290
-0.0268336, 0.0181686, -0.0147111
-0.998141, -0.0485943, 0.036797
-0.000926155, 0.615703, 0.787978
-0.0609472, 0.786479, -0.614603

291
-0.0409531, -0.0256297, 0.00205048
0.998578, 0.00669779, -0.0528931
0.052724, 0.0233125, 0.998337
0.00791972, -0.999706, 0.0229262

292
0.00739875, -0.0258135, 0.0108564
0.999928, 0.00658204, 0.00999471
-0.011954, 0.50985, 0.86018
0.00056594, -0.860238, 0.509892

293
0.0017493, -0.00439823, -0.0213877
0.999845, 0.0098077, 0.0146304
0.00494449, -0.953518, 0.301296
0.0169054, -0.301177, -0.953418

294
-0.00628669, -0.0253434, -0.0101142
0.999508, 0.0279952, 0.0141162
-0.00532064, -0.292253, 0.956326
0.030898, -0.955931, -0.29196

295
-0.0407925, -0.020712, 0.0170005
-0.566121, -0.810103, -0.152451
0.276329, -0.0122608, -0.960985
0.776627, -0.58616, 0.230796

296
-0.05456, -0.0154338, -0.0206946
-0.976785, -0.168235, -0.132622
-0.071822, 0.840435, -0.537132
0.201825, -0.515137, -0.833007

297
0.0529772, -0.00944228, -0.0193605
-0.989743, -0.139099, 0.0325591
-0.140267, 0.902985, -0.406132
0.0270924, -0.406533, -0.913234

298
