0
0.00543458, -0.0198399, 0.0886105
-0.100527, 0.087419, -0.991086
0.882906, 0.467053, -0.0483575
0.458662, -0.879898, -0.124134

1
-0.0142205, 0.0218969, -0.0790936
-0.00828937, 0.00712113, 0.99994
0.836842, 0.547436, 0.00303871
-0.547381, 0.836817, -0.0104972

2
-0.027456, -0.00571939, -0.0790067
-0.00828937, 0.00712113, 0.99994
-0.185469, 0.982613, -0.00853525
-0.982615, -0.185529, -0.00682449

3
-0.0293118, 0.00400007, -0.0790913
-0.00828937, 0.00712113, 0.99994
0.20468, 0.978815, -0.00527392
-0.978794, 0.204624, -0.0095713

4
-0.000549091, 0.0230564, -0.0125089
-0.00309183, 0.0100851, -0.999944
-0.993186, 0.116463, 0.00424554
0.116499, 0.993144, 0.00965632

5
0.0104999, -0.0242069, 0.0750297
-0.0970918, 0.120419, -0.987964
0.886643, 0.461421, -0.0308937
0.452147, -0.878971, -0.151569

6
0.0261351, 0.00484746, -0.0813941
-0.0573711, -0.165157, 0.984597
0.0680494, -0.984575, -0.161188
0.996031, 0.0577537, 0.067725

7
-0.0290943, 7.24941e-06, -0.0768822
-0.0315315, -0.00476041, 0.999491
0.040779, 0.99915, 0.00604526
-0.998671, 0.0409488, -0.0313105

8
-0.0291395, -0.00926051, -0.0564945
0.0356465, 0.00433546, -0.999355
0.268959, -0.963137, 0.00541528
-0.962492, -0.268978, -0.0354985

9
-0.00506495, -0.026609, -0.0786723
-0.00828937, 0.00712113, 0.99994
-0.978794, 0.204624, -0.0095713
-0.20468, -0.978815, 0.00527392

10
-0.0256412, -0.0154466, -0.0789223
-0.00828937, 0.00712113, 0.99994
-0.547381, 0.836817, -0.0104972
-0.836842, -0.547436, -0.00303871

11
-0.00467706, 0.02565, -0.0755144
0.0052454, -0.00335061, 0.999981
0.979128, 0.203198, -0.00445517
-0.203179, 0.979132, 0.00434653

12
-0.0273708, -0.0132396, -0.0597118
-0.0347896, -0.0245192, 0.999094
-0.454681, 0.890634, 0.00602493
-0.889975, -0.45406, -0.0421332

13
-0.00617841, -0.0182343, 0.0899301
-0.100527, 0.087419, -0.991086
0.991221, 0.0947782, -0.0921805
0.0858751, -0.991653, -0.0961793

14
-0.0308416, -0.0058538, -0.0393187
-0.0533905, -0.000900104, 0.998573
-0.128082, 0.991746, -0.00595416
-0.990325, -0.128217, -0.0530651

15
-0.0195532, 0.0182549, -0.0754611
0.0052454, -0.00335061, 0.999981
0.826843, 0.562428, -0.0024527
-0.562409, 0.82684, 0.00572059

16
-0.0282072, -0.00260861, -0.080333
0.0257276, 0.0153331, 0.999551
-0.0636932, 0.997876, -0.0136679
-0.997638, -0.063313, 0.0266495

17
0.0229429, 0.0129392, -0.0802228
-0.0573711, -0.165157, 0.984597
0.444034, -0.887527, -0.123001
0.894171, 0.430138, 0.124254

18
0.0066422, 0.0211422, -0.0791253
-0.0183745, -0.0573263, 0.998186
0.982999, -0.183454, 0.00755911
0.182688, 0.981355, 0.0597226

19
-0.0320793, 0.00297584, 0.0364192
0.250864, -0.0621974, -0.966022
0.144919, -0.984274, 0.101006
-0.957113, -0.165334, -0.237906

20
0.026334, -0.0052661, -0.0128777
-0.00309183, 0.0100851, -0.999944
0.116499, 0.993144, 0.00965632
0.993186, -0.116463, -0.00424554

21
0.0278848, -0.00640478, -0.0757926
0.0052454, -0.00335061, 0.999981
-0.186983, -0.98236, -0.00231075
0.982349, -0.186967, -0.00577938

22
-0.00507567, -0.0248295, 0.0764844
-0.0970918, 0.120419, -0.987964
0.946668, -0.295252, -0.129021
-0.307235, -0.9478, -0.0853303

23
0.0110051, 0.0226652, -0.0756067
0.0052454, -0.00335061, 0.999981
0.836017, -0.548668, -0.00622374
0.548679, 0.836033, -7.6821e-05

24
-0.000813687, 0.0233214, -0.018777
-0.0089832, 0.0039846, -0.999952
-0.994441, 0.104879, 0.00935162
0.104911, 0.994477, 0.0030203

25
-0.0284694, -0.00994335, -0.0719398
-0.039835, -0.0238758, 0.998921
-0.330738, 0.943676, 0.00936618
-0.942882, -0.330008, -0.045488

26
-0.0273758, -0.00722068, 0.0162429
0.0244901, -0.0206564, -0.999487
0.253857, -0.966887, 0.0262028
-0.966932, -0.254368, -0.0184354

27
-0.0275977, -0.0124843, -0.0801972
0.0257276, 0.0153331, 0.999551
-0.440624, 0.897688, -0.0024292
-0.897323, -0.440364, 0.0298515

28
0.0109585, 0.0217602, -0.0188889
-0.0089832, 0.0039846, -0.999952
-0.878596, 0.477465, 0.00979559
0.477481, 0.878641, -0.000788319

29
-0.00406893, 0.0247788, -0.0796547
-0.0145643, 0.0504693, -0.998619
-0.996665, -0.0809345, 0.0104454
-0.0802955, 0.995441, 0.0514797

30
-0.00863876, 0.0232291, -0.0256732
-0.0468914, -0.0164476, 0.998765
0.938676, 0.341202, 0.0496891
-0.341598, 0.939846, -0.000560496

31
-0.0282591, -0.0105031, -0.0271499
-0.0468914, -0.0164476, 0.998765
-0.341598, 0.939846, -0.000560496
-0.938676, -0.341202, -0.0496891

32
0.0221243, 0.0103225, -0.0757063
0.0052454, -0.00335061, 0.999981
0.562409, -0.82684, -0.00572059
0.826843, 0.562428, -0.0024527

33
-0.0230527, -0.0199931, -0.080199
0.0257276, 0.0153331, 0.999551
-0.750474, 0.660836, 0.00917937
-0.660399, -0.750374, 0.0285088

34
0.0248806, 0.00625159, -0.0757344
0.0052454, -0.00335061, 0.999981
0.203179, -0.979132, -0.00434653
0.979128, 0.203198, -0.00445517

35
0.0264648, -0.0036318, -0.0685103
-0.0370296, -1.55092e-05, -0.999314
0.0837186, 0.996485, -0.00311766
0.995801, -0.0837767, -0.0368981

36
0.00170038, -0.0528034, -0.109071
-0.840193, -0.288239, 0.459341
-0.437432, -0.140403, -0.888223
0.320513, -0.947209, -0.00811905

37
-0.0267668, 0.0124001, -0.07913
-0.00828937, 0.00712113, 0.99994
0.563668, 0.826001, -0.00120969
-0.82596, 0.563624, -0.010861

38
-0.0288582, 0.00726443, -0.0804677
0.0257276, 0.0153331, 0.999551
0.322935, 0.946146, -0.0228259
-0.946072, 0.323377, 0.0193905

39
-0.00633861, -0.0201732, 0.0897753
-0.100527, 0.087419, -0.991086
0.948632, -0.291925, -0.12197
-0.299986, -0.952438, -0.0535821

40
-0.0300737, -0.0142481, -0.0657624
-0.0362658, -0.0220965, 0.999098
-0.472842, 0.881144, 0.00232432
-0.880401, -0.472331, -0.0424036

41
-0.00802247, 0.0238683, -0.0792387
-0.0183745, -0.0573263, 0.998186
0.978084, 0.206059, 0.0298385
-0.207396, 0.976859, 0.0522837

42
-0.0299544, -0.00205021, 0.000880452
0.0277564, -0.0291632, -0.999189
0.0785611, -0.996419, 0.0312647
-0.996523, -0.0793652, -0.0253659

43
0.0168437, -0.0196435, 0.0301412
-0.0124875, 0.0603572, -0.998099
0.650609, 0.758475, 0.0377267
0.75931, -0.648901, -0.0487404

44
-0.00900287, -0.0244403, -0.0807279
0.0146913, 0.0868875, 0.99611
-0.959383, 0.281913, -0.0104408
-0.281724, -0.955497, 0.0875001

45
-0.0253046, 0.0152872, -0.0806822
0.0257276, 0.0153331, 0.999551
0.660399, 0.750374, -0.0285088
-0.750474, 0.660836, 0.00917937

46
0.000486329, -0.0261971, 0.0363134
0.0138243, 0.204647, -0.978738
0.989292, 0.139429, 0.0431269
0.14529, -0.968855, -0.200528

47
-0.0286244, -0.015345, 0.0384959
0.250864, -0.0621974, -0.966022
0.500159, -0.846081, 0.18436
-0.828799, -0.529414, -0.181143

48
0.0226966, 0.0031967, -0.0127811
-0.00309183, 0.0100851, -0.999944
-0.272445, 0.962114, 0.010546
0.962166, 0.272462, -0.000227054

49
-0.00297252, -0.0231022, 0.0764883
-0.0970918, 0.120419, -0.987964
0.992181, 0.0899298, -0.086545
0.0784258, -0.988641, -0.128209

50
-0.0308491, 0.00130732, 0.0159816
0.0244901, -0.0206564, -0.999487
-0.135495, -0.990629, 0.0171533
-0.990475, 0.135006, -0.0270594

51
-0.00306409, -0.0238308, 0.036291
-0.123806, -0.087705, 0.988423
-0.991636, -0.0256678, -0.126486
0.0364641, -0.995816, -0.0837936

52
-0.00112405, -0.0239433, -0.0166871
0.00117731, 0.0342168, -0.999414
0.999651, -0.0264174, 0.000273138
-0.0263926, -0.999065, -0.034236

53
0.000351934, -0.0269605, -0.0708422
0.0360856, -0.0149391, 0.999237
-0.986841, -0.158234, 0.0332723
0.157616, -0.987289, -0.0204525

54
-0.0293058, 0.000805736, -0.032926
0.0556762, 0.00526877, -0.998435
0.115547, -0.993301, 0.00120163
-0.99174, -0.115433, -0.0559121

55
-0.0303862, 0.00174992, 0.0249301
-0.03071, -0.00902375, 0.999488
0.241737, 0.970207, 0.0161869
-0.969856, 0.24211, -0.0276137

56
-0.0252162, -0.0192883, -0.0720335
-0.039835, -0.0238758, 0.998921
-0.666387, 0.745555, -0.00875427
-0.744541, -0.666017, -0.0456097

57
-0.0233021, -0.0226751, -0.0768075
-0.0315315, -0.00476041, 0.999491
-0.677332, 0.735461, -0.0178652
-0.735002, -0.67755, -0.0264145

58
0.0024513, 0.0236275, -0.0435483
0.0470515, -0.00682031, -0.998869
-0.981932, 0.183175, -0.0475044
0.183292, 0.983057, 0.0019216

59
-0.0310419, -0.00440184, -0.0655798
-0.0362658, -0.0220965, 0.999098
-0.0999341, 0.994824, 0.0183745
-0.994333, -0.0991776, -0.0382863

60
-0.0271082, 0.00541655, 0.000741586
0.0277564, -0.0291632, -0.999189
-0.308772, -0.950943, 0.0191777
-0.950731, 0.307989, -0.0353995

61
0.00610041, 0.0245297, 0.0395897
0.175576, 0.24432, 0.953667
0.954299, -0.280207, -0.103906
0.241838, 0.928327, -0.282352

62
-0.0013163, 0.0237936, -0.0674813
-0.0370296, -1.55092e-05, -0.999314
-0.995801, 0.0837767, 0.0368981
0.0837186, 0.996485, -0.00311766

63
-0.00254164, -0.0254506, 0.0377031
-0.140596, -0.136334, 0.980635
-0.979295, -0.126562, -0.157999
0.145652, -0.982545, -0.115717

64
-0.0286568, -0.0157219, -0.0769433
-0.0315315, -0.00476041, 0.999491
-0.3445, 0.938765, -0.00639693
-0.938257, -0.344526, -0.0312406

65
-0.00161775, 0.0193632, -0.0346689
0.0246778, 0.0175712, 0.999541
0.998801, 0.0418556, -0.0253953
-0.0422826, 0.998969, -0.0165172

66
-0.000126645, 0.0230951, -0.0798634
-0.0573711, -0.165157, 0.984597
0.996031, 0.0577537, 0.067725
-0.0680494, 0.984575, 0.161188

67
-0.0222798, -0.020502, -0.0806282
-0.130187, -0.0590069, -0.989732
0.75699, -0.650593, -0.0607851
-0.640326, -0.757131, 0.129366

68
-0.0290747, 0.00480102, -0.0422117
-0.0507425, -0.00758735, 0.998683
0.276326, 0.960827, 0.0213397
-0.959723, 0.277045, -0.0466582

69
-0.031589, 0.00454637, -0.0450214
0.0470515, -0.00682031, -0.998869
-0.183292, -0.983057, -0.0019216
-0.981932, 0.183175, -0.0475044

70
-0.0281367, -0.00337624, -0.0594965
-0.0347896, -0.0245192, 0.999094
-0.0794921, 0.996599, 0.02169
-0.996228, -0.0786655, -0.0366203

71
-0.022098, -0.0177197, -0.0655496
-0.0362658, -0.0220965, 0.999098
-0.773764, 0.633318, -0.0140798
-0.632435, -0.773576, -0.0400653

72
0.00754631, 0.0015772, -0.0642543
-0.840193, -0.288239, 0.459341
0.320513, -0.947209, -0.00811905
0.437432, 0.140403, 0.888223

73
-0.0319993, 0.00315267, -0.0449129
0.0467809, -0.00752627, -0.998877
-0.013626, -0.999883, 0.0068957
-0.998812, 0.0132881, -0.046878

74
0.0270441, 0.00365087, 0.0389781
0.163842, 0.204005, 0.965162
0.00112295, -0.978421, 0.206617
0.986486, -0.0327687, -0.160536

75
-0.0268506, 0.00346868, -0.0715108
0.0403157, 0.00945099, -0.999142
-0.23768, -0.971162, -0.0187768
-0.970507, 0.238233, -0.0369067

76
0.027597, -0.00729756, -0.0715321
0.0360856, -0.0149391, 0.999237
-0.232029, -0.972689, -0.0061629
0.972039, -0.23163, -0.0385664

77
0.0273139, 0.00622705, -0.068542
-0.0370296, -1.55092e-05, -0.999314
-0.303731, 0.952692, 0.01124
0.952038, 0.303939, -0.0352825

78
-0.0322466, 0.0329688, -0.0720752
-0.680396, -0.674115, 0.287454
0.639212, -0.354063, 0.682677
-0.358426, 0.648235, 0.671805

79
-0.00259283, -0.0225206, -0.0261428
-0.0468914, -0.0164476, 0.998765
-0.997947, 0.0444335, -0.0461213
-0.0436201, -0.998877, -0.0184974

80
0.0156234, -0.021719, -0.0712147
0.0362246, -0.0133487, 0.999255
-0.700979, -0.713004, 0.0158869
0.712261, -0.701032, -0.0351855

81
-0.0321296, 0.00395723, -0.0393787
-0.0533905, -0.000900104, 0.998573
0.260649, 0.96532, 0.0148062
-0.963956, 0.261068, -0.0513043

82
-0.0299269, -0.0138205, -0.014956
-0.0387449, -0.0255824, 0.998922
-0.408284, 0.912824, 0.00754144
-0.912032, -0.407552, -0.0458122

83
0.0278552, -0.00734193, 0.0374275
-0.143335, 0.186579, -0.971928
-0.0335356, 0.980589, 0.193187
0.989106, 0.0602846, -0.134295

84
-0.0273324, 0.00112927, -0.00223215
-0.0329224, -0.0209459, 0.999238
0.164437, 0.986043, 0.0260871
-0.985838, 0.16517, -0.0290187

85
0.0189674, -0.0204108, -0.0344779
0.0246778, 0.0175712, 0.999541
-0.676361, -0.735974, 0.0296366
0.736157, -0.676781, -0.00627774

86
-0.0154821, 0.0191736, 0.0751785
0.131732, -0.0966281, -0.986565
-0.87724, -0.474828, -0.0706282
-0.461624, 0.874758, -0.147316

87
-0.012773, 0.0212266, -0.0133931
-0.0387449, -0.0255824, 0.998922
0.912032, 0.407552, 0.0458122
-0.408284, 0.912824, 0.00754144

88
-0.0282654, -0.0102812, -0.0809915
-0.130667, -0.011578, -0.991359
0.342997, -0.938712, -0.0342461
-0.930204, -0.344508, 0.12663

89
-0.0223889, -0.0219693, -0.0805264
-0.130187, -0.0590069, -0.989732
0.454326, -0.890811, -0.00665168
-0.881271, -0.450527, 0.14278

90
-0.0117557, -0.0253528, 0.0493497
-0.250203, 0.249177, -0.93558
0.947856, -0.133977, -0.289169
-0.1974, -0.959146, -0.202663

91
-0.0277501, -0.0151348, -0.00880866
-0.0361317, -0.0231752, 0.999078
-0.494376, 0.869245, 0.00228436
-0.868497, -0.493837, -0.0428646

92
-0.0283111, 0.00275289, 0.0374121
0.250864, -0.0621974, -0.966022
-0.232384, -0.972622, 0.00227503
-0.939715, 0.223917, -0.25845

93
0.0258591, -0.00976954, -0.0714261
0.0362246, -0.0133487, 0.999255
-0.37505, -0.927004, 0.00121267
0.926296, -0.374815, -0.0385868

94
0.0112045, 0.0213581, -0.0125624
-0.00309183, 0.0100851, -0.999944
-0.873002, 0.487657, 0.00761768
0.487707, 0.872977, 0.00729658

95
-0.0141644, -0.0211779, 0.0426266
0.250864, -0.0621974, -0.966022
0.939715, -0.223917, 0.25845
-0.232384, -0.972622, 0.00227503

96
-0.0284908, 0.0016334, -0.0505138
0.0374334, -0.0148062, -0.999189
-0.0694285, -0.997513, 0.0121803
-0.996884, 0.0689163, -0.0383683

97
0.00833874, -0.0256965, -0.0341226
0.0246778, 0.0175712, 0.999541
-0.906591, -0.420959, 0.029783
0.421289, -0.90691, 0.00554156

98
-0.0288095, -0.00608504, 0.0249078
-0.03071, -0.00902375, 0.999488
-0.147812, 0.989006, 0.00438747
-0.988539, -0.147602, -0.0317062

99
-0.0317618, -0.000612189, -0.0718481
-0.039835, -0.0238758, 0.998921
0.0552633, 0.998132, 0.0260607
-0.997677, 0.0562418, -0.0384411

100
-0.0194206, -0.0202521, 0.0271583
-0.029754, -0.0378918, 0.998839
-0.79742, 0.603425, -0.000862627
-0.602691, -0.796519, -0.04817

101
0.0250043, 0.00960496, -0.0351546
0.0246778, 0.0175712, 0.999541
0.421289, -0.90691, 0.00554156
0.906591, 0.420959, -0.029783

102
-0.0321878, -0.00793285, -0.0422734
0.0513003, -0.00189918, -0.998681
0.243349, -0.969833, 0.0143447
-0.968581, -0.243764, -0.0492905

103
-0.012188, -0.0206474, 0.0756408
0.609841, 0.0478873, -0.791075
0.792523, -0.0374648, 0.60869
-0.000489022, -0.99815, -0.0607994

104
-0.00835655, 0.0238091, -0.0803613
-0.052041, -0.0955697, 0.994061
0.975166, 0.209713, 0.0712138
-0.215274, 0.973081, 0.0822827

105
0.0171356, -0.0193714, 0.0165633
0.0194494, 0.0497917, -0.99857
0.642788, 0.764369, 0.0506334
0.765797, -0.642854, -0.017139

106
0.0026571, -0.027438, -0.0420167
-0.00956919, -0.0514614, 0.998629
-0.96591, -0.257893, -0.0225454
0.2587, -0.964802, -0.0472393

107
-0.0307242, 0.00185354, -0.0422168
0.0513003, -0.00189918, -0.998681
-0.145835, -0.989293, -0.00560991
-0.987978, 0.14593, -0.051028

108
-0.0271333, -0.0146612, -0.0716937
0.0403157, 0.00945099, -0.999142
0.518187, -0.855171, 0.0128198
-0.854317, -0.518259, -0.0393742

109
-0.0192348, -0.0221488, -0.0818052
-0.0145643, 0.0504693, -0.998619
0.761526, -0.646654, -0.0437877
-0.647971, -0.761112, -0.0290156

110
-0.0151232, -0.0248205, -0.0713052
0.0403157, 0.00945099, -0.999142
0.805675, -0.591746, 0.0269118
-0.590984, -0.806069, -0.0314711

111
-0.0227086, -0.0206761, -0.059732
-0.0347896, -0.0245192, 0.999094
-0.760649, 0.649077, -0.0105574
-0.64823, -0.760327, -0.0412316

112
-0.0289186, -0.0117483, -0.0295775
-0.0166679, -0.0518577, 0.998515
-0.225152, 0.9732, 0.0467846
-0.974181, -0.224038, -0.027897

113
-0.0154828, 0.0219505, -0.0644322
-0.0362658, -0.0220965, 0.999098
0.880401, 0.472331, 0.0424036
-0.472842, 0.881144, 0.00232432

114
-0.0195397, 0.0193311, -0.070884
-0.039835, -0.0238758, 0.998921
0.744541, 0.666017, 0.0456097
-0.666387, 0.745555, -0.00875427

115
0.00409138, -0.0228571, -0.0129864
-0.00309183, 0.0100851, -0.999944
0.962166, 0.272462, -0.000227054
0.272445, -0.962114, -0.010546

116
-0.0204084, 0.0190424, 0.0384155
0.250864, -0.0621974, -0.966022
-0.828799, -0.529414, -0.181143
-0.500159, 0.846081, -0.18436

117
-0.00854943, -0.0260905, -0.0804787
0.0257276, 0.0153331, 0.999551
-0.946072, 0.323377, 0.0193905
-0.322935, -0.946146, 0.0228259

118
-0.021808, 0.0176254, -0.0561164
0.0356465, 0.00433546, -0.999355
-0.786301, -0.61708, -0.030724
-0.616815, 0.786889, -0.0185877

119
0.0140659, -0.0212052, -0.0813504
0.0146913, 0.0868875, 0.99611
-0.877595, -0.476296, 0.0544891
0.479177, -0.874982, 0.0692547

120
-0.0290469, 0.0108271, -0.0506709
0.0374334, -0.0148062, -0.999189
-0.445635, -0.895208, -0.00342975
-0.894432, 0.445402, -0.0401089

121
-0.00845137, 0.0235488, -0.070341
-0.039835, -0.0238758, 0.998921
0.942882, 0.330008, 0.045488
-0.330738, 0.943676, 0.00936618

122
-0.00745813, -0.0270627, 0.0354539
-0.123806, -0.087705, 0.988423
-0.930107, 0.357368, -0.0847917
-0.345794, -0.929836, -0.125819

123
-0.0278581, -0.000395687, -0.0811606
-0.130667, -0.011578, -0.991359
-0.0390854, -0.999094, 0.01682
-0.990656, 0.0409455, 0.130096

124
-0.0260451, -0.0174738, -0.0564198
0.0356465, 0.00433546, -0.999355
0.616815, -0.786889, 0.0185877
-0.786301, -0.61708, -0.030724

125
0.0131372, -0.0278683, -0.0818205
-0.0183745, -0.0573263, 0.998186
-0.824265, -0.564202, -0.0475753
0.565906, -0.823644, -0.0368851

126
0.0116739, -0.0269478, 0.0685336
-0.242696, 0.108363, -0.964031
0.831335, 0.535395, -0.149108
0.49998, -0.837621, -0.220024

127
0.0171099, -0.0243538, 0.0674567
-0.242696, 0.108363, -0.964031
0.57672, 0.815185, -0.0535583
0.78006, -0.568974, -0.260337

128
-0.0278018, -0.0173249, -0.00263445
-0.0329224, -0.0209459, 0.999238
-0.580819, 0.81403, -0.00207292
-0.813367, -0.580444, -0.0389657

129
-0.00361825, 0.023722, -0.0699101
0.0362246, -0.0133487, 0.999255
0.999312, 0.00846551, -0.0361136
-0.00797713, 0.999875, 0.0136462

130
-0.0242078, 0.0152725, -0.00797521
-0.0361317, -0.0231752, 0.999078
0.613197, 0.788892, 0.0404759
-0.789103, 0.614095, -0.0142931

131
-0.0244576, -0.017746, -0.0445333
0.0470515, -0.00682031, -0.998869
0.564724, -0.82465, 0.0322319
-0.823938, -0.565602, -0.0349495

132
-0.0123998, 0.0215738, 0.0350931
0.11635, -0.109449, -0.987159
-0.964848, -0.248273, -0.0861934
-0.235651, 0.962487, -0.134489

133
0.006301, -0.0259582, 0.0699975
-0.242696, 0.108363, -0.964031
0.959388, 0.174097, -0.221957
0.143783, -0.978748, -0.146214

134
-0.00397696, 0.0350181, -0.0766609
-0.994601, -0.0486287, -0.091675
-0.0459764, -0.585487, 0.809377
-0.0930335, 0.809222, 0.58009

135
-0.0120386, 0.022648, -0.0582972
-0.0347896, -0.0245192, 0.999094
0.889975, 0.45406, 0.0421332
-0.454681, 0.890634, 0.00602493

136
0.00969266, -0.0215093, 0.0301179
-0.0124875, 0.0603572, -0.998099
0.89166, 0.452416, 0.0162028
0.452534, -0.889762, -0.0594676

137
0.0153053, 0.0219291, -0.0789207
-0.0183745, -0.0573263, 0.998186
0.838261, -0.545037, -0.0158711
0.544959, 0.83645, 0.0580692

138
0.0260168, 0.00246874, -0.0713291
0.0360856, -0.0149391, 0.999237
0.157616, -0.987289, -0.0204525
0.986841, 0.158234, -0.0332723

139
0.0266049, -0.00439246, 0.0401875
0.24056, 0.178012, 0.954171
-0.218786, -0.947796, 0.231981
0.945655, -0.264565, -0.189055

140
0.0203079, 0.00916776, -0.0104495
-0.00452253, 0.0358413, 0.999347
0.386651, -0.921569, 0.0348016
0.922215, 0.386556, -0.00969025

141
-0.00698868, 0.0228873, -0.0555649
0.0356465, 0.00433546, -0.999355
-0.962492, -0.268978, -0.0354985
-0.268959, 0.963137, -0.00541528

142
0.00536602, -0.0239921, -0.0386947
-0.0191638, 0.0419928, -0.998934
0.988821, 0.148565, -0.0127244
0.147872, -0.988011, -0.0443704

143
-0.0299584, -0.00212463, -0.00830911
0.0336165, -0.0171689, -0.999287
0.0804417, -0.996562, 0.0198282
-0.996192, -0.0810509, -0.0321198

144
-0.0245487, -0.0182227, -0.0813886
-0.130667, -0.011578, -0.991359
0.672862, -0.735419, -0.0800985
-0.728137, -0.677514, 0.103886

145
-0.00540361, -0.0278009, 0.0358949
0.0138243, 0.204647, -0.978738
0.969587, -0.241949, -0.0368947
-0.244355, -0.948462, -0.201768

146
0.00333794, -0.0271888, -0.0167929
0.00117731, 0.0342168, -0.999414
0.933657, 0.357919, 0.0133539
0.358166, -0.933125, -0.0315254

147
0.0241979, 0.000430232, -0.0349734
0.0246778, 0.0175712, 0.999541
0.0422826, -0.998969, 0.0165172
0.998801, 0.0418556, -0.0253953

148
-0.0171345, -0.0261375, 0.0423874
-0.148681, 0.279182, -0.948658
0.821884, -0.498583, -0.275541
-0.54991, -0.820654, -0.155325

149
-0.029963, -0.0230854, 0.0617904
0.609841, 0.0478873, -0.791075
0.560053, -0.73229, 0.387417
-0.560744, -0.679307, -0.4734

150
2.40646e-05, 0.020014, 0.0771667
0.131732, -0.0966281, -0.986565
-0.94672, 0.282793, -0.15411
0.293885, 0.954301, -0.0542267

151
-0.0324337, -0.00419002, -0.0450016
0.0470515, -0.00682031, -0.998869
0.206429, -0.978324, 0.0164038
-0.97733, -0.206968, -0.0446237

152
-0.00424003, 0.00246726, -0.0565404
-0.994601, -0.0486287, -0.091675
0.0332744, -0.986208, 0.16213
-0.0982948, 0.158205, 0.982502

153
0.0209863, -0.0121425, -0.0191141
-0.0089832, 0.0039846, -0.999952
0.477481, 0.878641, -0.000788319
0.878596, -0.477465, -0.00979559

154
-0.0289337, 0.0130143, -0.0768152
-0.0315315, -0.00476041, 0.999491
0.41985, 0.907424, 0.0175671
-0.907046, 0.42019, -0.0266137

155
-0.0226634, 0.0184003, -0.0763975
0.0290915, 0.015781, -0.999452
-0.732366, -0.680157, -0.0320567
-0.68029, 0.732897, -0.00822927

156
-0.000360598, -0.0258395, -0.0805883
0.0311204, -0.156001, -0.987267
0.998562, 0.0479982, 0.0238921
0.0436598, -0.98659, 0.15727

157
0.0208369, -0.0126578, -0.0129353
-0.00309183, 0.0100851, -0.999944
0.487707, 0.872977, 0.00729658
0.873002, -0.487657, -0.00761768

158
-0.0014582, -0.0270741, -0.0806095
0.0146913, 0.0868875, 0.99611
-0.994165, -0.105199, 0.0238388
0.106861, -0.990648, 0.0848351

159
-0.0236123, 0.0154811, -0.0754491
0.0052454, -0.00335061, 0.999981
0.548679, 0.836033, -7.6821e-05
-0.836017, 0.548668, 0.00622374

160
0.00436146, -0.0225369, -0.0190062
-0.0089832, 0.0039846, -0.999952
0.958892, 0.283674, -0.00748395
0.283631, -0.958912, -0.0063691

161
-0.0085676, 0.0212117, 0.0368548
0.125789, -0.149922, -0.980663
-0.990332, -0.0772423, -0.11522
-0.0584746, 0.985676, -0.158189

162
-0.0105496, -0.0271583, -0.0653392
-0.0362658, -0.0220965, 0.999098
-0.956887, 0.289075, -0.0283403
-0.288188, -0.957051, -0.0316274

163
0.002162, 0.0213947, 0.0368292
0.11635, -0.109449, -0.987159
-0.981583, 0.138953, -0.131099
0.151518, 0.984232, -0.0912665

164
-0.00473071, -0.0272567, -0.0408262
0.0513003, -0.00189918, -0.998681
0.987978, -0.14593, 0.051028
-0.145835, -0.989293, -0.00560991

165
-0.0271854, 0.00275377, -0.0204725
0.0421749, -0.00615804, -0.999091
-0.00518935, -0.999969, 0.00594439
-0.999097, 0.00493393, -0.0422056

166
0.000838135, -0.0246442, 0.0901752
0.424417, 0.0715753, -0.902634
0.636163, 0.685807, 0.353505
0.644334, -0.724256, 0.245534

167
-0.0329445, -0.0138111, 0.0600534
0.609841, 0.0478873, -0.791075
0.302834, -0.936507, 0.176764
-0.732383, -0.347362, -0.585623

168
-0.00466544, -0.0244989, 0.0301167
-0.0124875, 0.0603572, -0.998099
0.996963, 0.0774807, -0.00778782
0.0768634, -0.995165, -0.0611415

169
0.0264808, 0.00897781, -0.0711982
0.0362246, -0.0133487, 0.999255
0.00797713, -0.999875, -0.0136462
0.999312, 0.00846551, -0.0361136

170
-0.0277279, -0.00320966, -0.0809426
-0.130187, -0.0590069, -0.989732
0.0824944, -0.995411, 0.0484944
-0.988052, -0.075334, 0.134457

171
-0.0196533, -0.0242529, 0.0805711
0.424417, 0.0715753, -0.902634
0.838736, -0.406678, 0.362125
-0.341162, -0.910763, -0.232634

172
-0.00811455, -0.0265483, -0.0593679
-0.0347896, -0.0245192, 0.999094
-0.950815, 0.308705, -0.0255324
-0.307799, -0.950842, -0.0340529

173
-0.000973029, 0.023165, -0.0406444
-0.0507425, -0.00758735, 0.998683
0.992414, 0.111736, 0.0512729
-0.111978, 0.993709, 0.00186001

174
-0.0287934, 0.0135848, -0.0651003
-0.0362658, -0.0220965, 0.999098
0.632435, 0.773576, 0.0400653
-0.773764, 0.633318, -0.0140798

175
-0.0272522, -0.0121621, -0.0203834
0.0421749, -0.00615804, -0.999091
0.377543, -0.925739, 0.0216433
-0.925031, -0.378113, -0.036718

176
-0.0147187, -0.0259464, 0.0346435
-0.123806, -0.087705, 0.988423
-0.726977, 0.685998, -0.0301883
-0.675409, -0.722298, -0.14869

177
0.0243951, -0.0046224, -0.0159955
0.00117731, 0.0342168, -0.999414
0.0263926, 0.999065, 0.034236
0.999651, -0.0264174, 0.000273138

178
0.0203489, 0.0101714, -0.0190195
-0.0089832, 0.0039846, -0.999952
-0.628993, 0.777362, 0.00874827
0.777359, 0.629041, -0.00447692

179
-0.0272406, -0.00607275, -0.0808493
0.062093, 0.0788719, 0.994949
-0.197643, 0.978103, -0.065202
-0.978306, -0.192596, 0.0763218

180
-0.0257191, -0.0128517, -0.0479691
-0.0367401, -0.035031, 0.998711
-0.358407, 0.933361, 0.0195539
-0.932842, -0.357226, -0.0468471

181
-0.0179213, 0.0204392, -0.0015173
-0.0329224, -0.0209459, 0.999238
0.813367, 0.580444, 0.0389657
-0.580819, 0.81403, -0.00207292

182
-0.0289839, -0.00493789, -0.0821344
0.0146913, 0.0868875, 0.99611
-0.106861, 0.990648, -0.0848351
-0.994165, -0.105199, 0.0238388

183
0.0153683, 0.0136131, 0.0263257
-0.0120287, 0.0189284, 0.999748
0.712556, -0.701275, 0.0218506
0.701512, 0.712639, -0.00505215

184
-0.00652615, 0.0234069, -0.0200704
0.00381562, 0.0357046, 0.999355
0.985617, 0.168708, -0.00979072
-0.168949, 0.985019, -0.0345474

185
-0.0267638, 0.00939823, -0.076659
0.0290915, 0.015781, -0.999452
-0.416282, -0.90885, -0.0264674
-0.90877, 0.416824, -0.0198704

186
-0.0109745, -0.023707, 0.0252967
-0.03071, -0.00902375, 0.999488
-0.969856, 0.24211, -0.0276137
-0.241737, -0.970207, -0.0161869

187
-0.0275718, -0.0140095, -0.0329074
0.0556762, 0.00526877, -0.998435
0.486274, -0.873516, 0.0225068
-0.872031, -0.486766, -0.0511962

188
-0.0252638, -0.0137248, 0.0164291
0.0244901, -0.0206564, -0.999487
0.604562, -0.795944, 0.0312631
-0.796181, -0.605017, -0.00700469

189
-7.91317e-05, -0.00960751, -0.0559753
-0.991686, 0.0787244, 0.101792
-0.0744999, -0.99622, 0.0446638
0.104923, 0.036709, 0.993803

190
-0.0320515, 0.00544026, -0.0653987
-0.0362658, -0.0220965, 0.999098
0.288188, 0.957051, 0.0316274
-0.956887, 0.289075, -0.0283403

191
0.0267895, 0.00738485, -0.064078
-0.00429358, 0.0320029, -0.999479
-0.351432, 0.935684, 0.03147
0.936204, 0.351383, 0.00722941

192
0.00780315, 0.0225703, -0.0191177
0.0421749, -0.00615804, -0.999091
-0.921059, 0.38723, -0.0412677
0.387132, 0.921963, 0.0106595

193
0.0205524, 0.0128282, -0.0259103
0.0141611, 0.0312758, 0.99941
0.643373, -0.765409, 0.0148367
0.765422, 0.642783, -0.030961

194
-0.0080364, -0.0260857, -0.0821675
-0.0145643, 0.0504693, -0.998619
0.951526, -0.306165, -0.0293508
-0.307224, -0.95064, -0.0435638

195
-0.0133548, -0.0249151, -0.0495534
0.0374334, -0.0148062, -0.999189
0.894432, -0.445402, 0.0401089
-0.445635, -0.895208, -0.00342975

196
0.00177975, -0.0221371, -0.0472832
-0.0367401, -0.035031, 0.998711
-0.99899, 0.0271479, -0.0357981
-0.0258589, -0.999017, -0.035993

197
-0.0248984, -0.0198103, -0.0271454
-0.0468914, -0.0164476, 0.998765
-0.674811, 0.737732, -0.019533
-0.736499, -0.674893, -0.0456923

198
-0.0250252, 0.0131306, 0.000574301
0.0277564, -0.0291632, -0.999189
-0.649097, -0.760694, 0.00417105
-0.760199, 0.648455, -0.0400439

199
-0.00860522, -0.023366, -0.0110141
0.00654192, 0.038557, -0.999235
0.992727, -0.120369, 0.00185467
-0.120206, -0.99198, -0.039064

200
0.0132078, -0.027683, -0.0841828
-0.052041, -0.0955697, 0.994061
-0.818554, -0.566132, -0.0972812
0.572067, -0.818756, -0.0487669

201
-0.0242888, 0.0147465, 0.028341
-0.029754, -0.0378918, 0.998839
0.602691, 0.796519, 0.04817
-0.79742, 0.603425, -0.000862627

202
0.0174725, 0.0149081, -0.0350619
0.0246778, 0.0175712, 0.999541
0.736157, -0.676781, -0.00627774
0.676361, 0.735974, -0.0296366

203
0.00627915, -0.0262523, -0.0244851
0.0141611, 0.0312758, 0.99941
-0.953366, -0.300945, 0.0229265
0.301485, -0.953128, 0.0255556

204
0.00279066, 0.0226786, -0.034836
0.0246778, 0.0175712, 0.999541
0.938953, -0.343619, -0.0171413
0.34316, 0.938945, -0.0249783

205
-0.00462449, 0.0225736, -0.0758065
0.0290915, 0.015781, -0.999452
-0.936953, -0.347915, -0.0327658
-0.348242, 0.937393, 0.00466473

206
0.00634605, -0.0267084, -0.0677645
-0.0370296, -1.55092e-05, -0.999314
0.952038, 0.303939, -0.0352825
0.303731, -0.952692, -0.01124

207
-0.0238314, -0.019343, -0.0500284
0.0374334, -0.0148062, -0.999189
0.65581, -0.754079, 0.0357432
-0.753997, -0.656617, -0.0185177

208
0.0167484, -0.0208318, 0.0197069
0.0148119, 0.0429417, -0.998968
0.754436, 0.655193, 0.0393504
0.656207, -0.75424, -0.0226921

209
-0.000237156, 0.0238987, -0.0578556
-0.0347896, -0.0245192, 0.999094
0.996228, 0.0786655, 0.0366203
-0.0794921, 0.996599, 0.02169

210
-0.0045026, 0.0207354, -0.063382
-0.994601, -0.0486287, -0.091675
-0.00687426, -0.850595, 0.525776
-0.103546, 0.523567, 0.845669

211
-0.0252651, -0.0131803, -0.0390271
-0.0533905, -0.000900104, 0.998573
-0.497313, 0.867187, -0.025808
-0.865927, -0.497981, -0.0467472

212
-0.00938511, -0.0261977, -0.0385045
-0.0191638, 0.0419928, -0.998934
0.97014, -0.240839, -0.0287357
-0.241789, -0.969656, -0.0361235

213
-0.0147342, -0.0244353, -0.0479713
-0.0367401, -0.035031, 0.998711
-0.913051, 0.407389, -0.0192992
-0.406188, -0.912583, -0.0469526

214
-0.0266814, -0.00673395, -0.08731
-0.19552, 0.978512, 0.0654765
-0.372697, -0.0123819, -0.927871
-0.907121, -0.20582, 0.367109

215
0.0248181, -0.0156232, -0.0715563
0.0360856, -0.0149391, 0.999237
-0.58635, -0.810007, 0.00906496
0.809253, -0.58623, -0.0379892

216
0.0244776, 0.0122416, -0.0711274
0.0360856, -0.0149391, 0.999237
0.523266, -0.851582, -0.0316284
0.851405, 0.524008, -0.0229128

217
0.0199688, 0.0134754, -0.0373998
-0.0191638, 0.0419928, -0.998934
-0.515022, 0.855949, 0.0458624
0.856963, 0.515352, 0.005224

218
0.0223416, -0.0138499, 0.0304228
-0.0124875, 0.0603572, -0.998099
0.310509, 0.949063, 0.0535071
0.950488, -0.30925, -0.0305928

219
-0.0138517, -0.0287345, 0.035625
-0.140596, -0.136334, 0.980635
-0.795457, 0.605272, -0.0298977
-0.589475, -0.784257, -0.193546

220
-0.0292555, 0.0114897, -0.0448472
0.0467809, -0.00752627, -0.998877
-0.394818, -0.918687, -0.0115686
-0.917568, 0.394915, -0.0459485

221
-0.0025601, -0.0255485, -0.0143047
0.00917849, 0.0404633, -0.999139
0.984183, -0.177144, 0.00186709
-0.176916, -0.983353, -0.0414492

222
-0.0108637, -0.0257977, -0.0831039
-0.130667, -0.011578, -0.991359
0.900289, -0.420166, -0.113757
-0.415218, -0.907374, 0.0653254

223
-0.0260717, -0.0157533, -0.029738
-0.0166679, -0.0518577, 0.998515
-0.580816, 0.813384, 0.0325476
-0.813864, -0.579411, -0.0436772

224
-0.0126155, 0.0222317, -0.0840058
0.062093, 0.0788719, 0.994949
0.978306, 0.192596, -0.0763218
-0.197643, 0.978103, -0.065202

225
-0.0285889, -0.019944, -0.0759798
-0.106138, -0.413463, -0.904314
0.73302, -0.647043, 0.209802
-0.671875, -0.640612, 0.371753

226
-0.0200617, -0.0218297, 0.0457404
0.39705, -0.0322815, -0.917229
0.883201, -0.258365, 0.391413
-0.249615, -0.965508, -0.0740726

227
-0.027198, -0.0118285, -0.0445751
0.0467809, -0.00752627, -0.998877
0.36964, -0.928857, 0.0243102
-0.927997, -0.370362, -0.0406708

228
0.00762741, -0.0258524, -0.0803345
0.0311204, -0.156001, -0.987267
0.905843, 0.421896, -0.0381112
0.422469, -0.893122, 0.154442

229
-0.0123404, -0.0234152, 0.00690044
0.00765335, 0.0402563, -0.99916
0.861301, -0.507906, -0.0138663
-0.508038, -0.860471, -0.03856

230
-0.0218827, 0.00621117, 0.0824623
0.270994, 0.0926322, 0.958113
0.397554, 0.89573, -0.199046
-0.876649, 0.434842, 0.205912

231
0.0121825, 0.0181979, 0.0306562
0.00283344, 0.0485354, 0.998817
0.845104, -0.534083, 0.0235552
0.534594, 0.844038, -0.0425308

232
-0.01873, 0.0196746, -0.0710298
0.0403157, 0.00945099, -0.999142
-0.854317, -0.518259, -0.0393742
-0.518187, 0.855171, -0.0128198

233
0.0175126, 0.0189909, 0.0373538
0.163842, 0.204005, 0.965162
0.698345, -0.715019, 0.0325841
0.696757, 0.668677, -0.259616

234
-0.0255191, 0.014559, -0.0589652
-0.0347896, -0.0245192, 0.999094
0.64823, 0.760327, 0.0412316
-0.760649, 0.649077, -0.0105574

235
0.00567507, 0.0185226, 0.0390928
0.125789, -0.149922, -0.980663
-0.937325, 0.305839, -0.166986
0.32496, 0.940205, -0.102054

236
0.00464252, 0.0236911, -0.125905
-0.931049, 0.360036, 0.059344
0.176521, 0.30207, 0.9368
0.319356, 0.882682, -0.344795

237
-0.0106327, 0.0166649, 0.0389363
-0.123806, -0.087705, 0.988423
0.902198, 0.404796, 0.148925
-0.413171, 0.910191, 0.029011

238
0.0183753, -0.0188543, -0.081619
0.0146913, 0.0868875, 0.99611
-0.627419, -0.774881, 0.076844
0.778543, -0.626107, 0.0431309

239
0.027343, 0.00660429, -0.0258118
0.0141611, 0.0312758, 0.99941
0.301485, -0.953128, 0.0255556
0.953366, 0.300945, -0.0229265

240
-0.0150381, 0.0228358, -0.0081178
-0.0054412, 0.0359378, 0.999339
0.859322, 0.511251, -0.0137066
-0.511406, 0.85868, -0.0336639

241
-0.0169055, 0.0159773, 0.0254727
-0.03071, -0.00902375, 0.999488
0.856725, 0.514842, 0.0309717
-0.514858, 0.857237, -0.00807995

242
-0.0277024, -0.0059256, -0.00859331
-0.0361317, -0.0231752, 0.999078
-0.124384, 0.992061, 0.018514
-0.991576, -0.1236, -0.0387275

243
-0.027424, -0.0156913, 0.0270929
-0.029754, -0.0378918, 0.998839
-0.50608, 0.862306, 0.0176369
-0.861973, -0.504967, -0.0448333

244
-0.0267677, 0.0103869, -0.0563247
0.0356465, 0.00433546, -0.999355
-0.490402, -0.871237, -0.021272
-0.870767, 0.490844, -0.0289304

245
-0.0186516, 0.0237269, -0.0615696
-0.680396, -0.674115, 0.287454
0.727718, -0.57518, 0.373623
-0.0865271, 0.463397, 0.881916

246
0.0239236, 0.014322, -0.0684165
-0.0370296, -1.55092e-05, -0.999314
-0.64494, 0.76386, 0.0238864
0.763336, 0.645382, -0.0282954

247
-0.0222477, -0.0220982, 0.00167967
0.0277564, -0.0291632, -0.999189
0.760199, -0.648455, 0.0400439
-0.649097, -0.760694, 0.00417105

248
0.00765202, 0.0225527, -0.0220145
0.045017, -0.00306436, -0.998982
-0.922408, 0.383845, -0.0427438
0.383585, 0.923393, 0.0144529

249
4.96849e-06, -0.022871, 0.0276376
-0.029754, -0.0378918, 0.998839
-0.990028, -0.136539, -0.0346713
0.137694, -0.98991, -0.0334513

250
-0.0221569, 0.0183781, -0.0445666
0.0467809, -0.00752627, -0.998877
-0.715902, -0.697628, -0.0282718
-0.696632, 0.71642, -0.0380238

251
-0.0249978, 0.00906397, -0.0234444
0.045017, -0.00306436, -0.998982
-0.383585, -0.923393, -0.0144529
-0.922408, 0.383845, -0.0427438

252
0.0178772, 0.0180471, -0.010779
-0.00452253, 0.0358413, 0.999347
0.710136, -0.70349, 0.0284442
0.70405, 0.709801, -0.0222706

253
0.025947, 0.00423997, 0.0387428
0.24056, 0.178012, 0.954171
0.159755, -0.976894, 0.141975
0.957397, 0.11828, -0.26344

254
0.000157716, -0.0292574, 0.0436347
-0.0350739, 0.347255, -0.937114
0.991929, 0.126419, 0.00972018
0.121845, -0.92921, -0.348887

255
-0.00293673, -0.0222621, -0.0712161
-0.039835, -0.0238758, 0.998921
-0.997677, 0.0562418, -0.0384411
-0.0552633, -0.998132, -0.0260607

256
-0.0277501, -0.0151348, -0.00880866
-0.0361317, -0.0231752, 0.999078
-0.494376, 0.869245, 0.00228436
-0.868497, -0.493837, -0.0428646

257
-0.0133825, -0.025575, -0.0712421
0.0403157, 0.00945099, -0.999142
0.970507, -0.238233, 0.0369067
-0.23768, -0.971162, -0.0187768

258
0.022338, 0.00299909, -0.0194515
0.00381562, 0.0357046, 0.999355
0.168949, -0.985019, 0.0345474
0.985617, 0.168708, -0.00979072

259
-0.030902, 0.000413486, -0.0769213
0.0290915, 0.015781, -0.999452
-0.0368231, -0.99918, -0.0168486
-0.998898, 0.037293, -0.0284865

260
-0.0260311, 0.012382, 0.0373842
0.250864, -0.0621974, -0.966022
-0.574308, -0.812896, -0.0968026
-0.779254, 0.579078, -0.239647

261
0.00931782, -0.0246283, -0.0130204
-0.00309183, 0.0100851, -0.999944
0.784666, 0.619907, 0.003826
0.619911, -0.78461, -0.0098301

262
-0.022559, 0.0134906, -0.0324828
0.0556762, 0.00526877, -0.998435
-0.619562, -0.783994, -0.0386861
-0.78297, 0.620746, -0.0403855

263
-0.0228779, -0.0226109, 0.0249408
-0.03071, -0.00902375, 0.999488
-0.514858, 0.857237, -0.00807995
-0.856725, -0.514842, -0.0309717

264
-0.0219591, -0.022145, -0.0420549
-0.0507425, -0.00758735, 0.998683
-0.780923, 0.623649, -0.0349402
-0.622562, -0.781668, -0.0375707

265
-0.00142429, -0.0221489, 0.0565064
-0.358099, 0.159416, -0.919974
0.933493, 0.0810412, -0.349318
0.0188689, -0.983879, -0.177835

266
0.0109605, 0.0193028, 0.0121693
0.0165123, 0.0470036, -0.998758
-0.775736, 0.630832, 0.0168631
0.630841, 0.774494, 0.0468789

267
-0.0037103, 0.0234441, -0.0639718
-0.0362658, -0.0220965, 0.999098
0.994333, 0.0991776, 0.0382863
-0.0999341, 0.994824, 0.0183745

268
0.00423652, 0.0239686, -0.0702211
0.0360856, -0.0149391, 0.999237
0.972039, -0.23163, -0.0385664
0.232029, 0.972689, 0.0061629

269
0.00218713, 0.0196951, -0.025865
0.0141611, 0.0312758, 0.99941
0.996168, -0.0867094, -0.0114016
0.0863017, 0.995743, -0.0323839

270
-0.0197963, -0.0225856, -0.0800049
0.062093, 0.0788719, 0.994949
-0.831521, 0.555438, 0.00786289
-0.552012, -0.827809, 0.100072

271
-0.0258237, 0.00779908, -0.00204263
-0.0329224, -0.0209459, 0.999238
0.529183, 0.847777, 0.0352063
-0.847868, 0.52994, -0.0168266

272
-0.026784, 0.0119956, -0.0823102
0.062093, 0.0788719, 0.994949
0.552012, 0.827809, -0.100072
-0.831521, 0.555438, 0.00786289

273
-0.006538, -0.0290997, 0.0366228
-0.140596, -0.136334, 0.980635
-0.960489, 0.259076, -0.101689
-0.240195, -0.956187, -0.167372

274
-0.00245955, -0.0247423, 0.019254
0.0148119, 0.0429417, -0.998968
0.997475, -0.0700367, 0.0117792
-0.0694586, -0.99662, -0.0438707

275
0.0188463, 0.0171969, -0.0708116
0.0362246, -0.0133487, 0.999255
0.712261, -0.701032, -0.0351855
0.700979, 0.713004, -0.0158869

276
0.00224965, 0.017786, 0.0745176
0.270994, 0.0926322, 0.958113
0.962055, -0.0589607, -0.266409
0.031813, 0.993953, -0.105095

277
-0.0285647, 0.00663874, -0.0814196
-0.130187, -0.0590069, -0.989732
-0.301896, -0.948469, 0.0962576
-0.94441, 0.311328, 0.105664

278
-0.0205639, -0.0205905, -0.076952
0.0290915, 0.015781, -0.999452
0.68029, -0.732897, 0.00822927
-0.732366, -0.680157, -0.0320567

279
-0.0106832, 0.00576384, -0.0635057
-0.913354, 0.0633086, -0.402215
-0.00253348, -0.988703, -0.149869
-0.407159, -0.135864, 0.903196

280
-0.0258813, 0.0162786, -0.0797662
-0.0145643, 0.0504693, -0.998619
-0.647971, -0.761112, -0.0290156
-0.761526, 0.646654, 0.0437877

281
-0.0234705, 0.0160982, -0.0139394
-0.0387449, -0.0255824, 0.998922
0.686364, 0.725851, 0.0452109
-0.726225, 0.687376, -0.0105642

282
0.0139954, -0.0250869, -0.0389063
-0.0191638, 0.0419928, -0.998934
0.856963, 0.515352, 0.005224
0.515022, -0.855949, -0.0458624

283
-0.0123689, -0.0268681, 0.0414254
-0.148681, 0.279182, -0.948658
0.969763, -0.14658, -0.195126
-0.19353, -0.948985, -0.248947

284
-0.0129047, -0.0261194, -0.0559886
0.0356465, 0.00433546, -0.999355
0.870767, -0.490844, 0.0289304
-0.490402, -0.871237, -0.021272

285
-0.0116936, 0.0231688, -0.0811534
0.0257276, 0.0153331, 0.999551
0.897323, 0.440364, -0.0298515
-0.440624, 0.897688, -0.0024292

286
0.00812161, -0.0201508, 0.0883106
-0.100527, 0.087419, -0.991086
0.640177, 0.768223, 0.00282754
0.761622, -0.634186, -0.133191

287
-0.0268586, -0.0148652, -0.0422486
-0.0507425, -0.00758735, 0.998683
-0.483235, 0.875308, -0.0179029
-0.874019, -0.483507, -0.0480818

288
0.0175012, -0.0223766, -0.0247654
0.0141611, 0.0312758, 0.99941
-0.765422, -0.642783, 0.030961
0.643373, -0.765409, 0.0148367

289
-0.0111719, -0.0266647, 0.00964004
0.0165123, 0.0470036, -0.998758
0.958099, -0.286427, 0.00236029
-0.28596, -0.956949, -0.0497637

290
-0.0261775, 0.0128286, -0.0448231
0.0470515, -0.00682031, -0.998869
-0.545109, -0.838128, -0.0199545
-0.837044, 0.545431, -0.043153

291
0.00288781, -0.0220546, 0.0268509
-0.0120287, 0.0189284, 0.999748
-0.920796, -0.390027, -0.00369429
0.389859, -0.920609, 0.0221207

292
0.0265915, -0.00104329, 0.0267382
-0.0120287, 0.0189284, 0.999748
0.00780887, -0.999789, 0.0190231
0.999897, 0.00803573, 0.0118783

293
-0.0203862, 0.0188038, -0.00527513
-0.00993046, 0.0386892, 0.999202
0.734462, 0.678384, -0.0189677
-0.678577, 0.733688, -0.0351524

294
0.0262803, 0.00577352, -0.0802819
-0.052041, -0.0955697, 0.994061
0.215274, -0.973081, -0.0822827
0.975166, 0.209713, 0.0712138

295
0.00992516, -0.0249236, -0.0184065
0.00381562, 0.0357046, 0.999355
-0.845938, -0.532816, 0.0222662
0.533268, -0.845477, 0.0281709

296
-0.0140546, 0.0214114, -0.00746562
-0.0361317, -0.0231752, 0.999078
0.868497, 0.493837, 0.0428646
-0.494376, 0.869245, 0.00228436

297
-0.00591689, -0.0238372, -0.0298214
-0.0166679, -0.0518577, 0.998515
-0.986188, 0.165444, -0.0078698
