0
-0.0174779, -0.0415084, 0.0381183
-0.925497, 0.377577, 0.0298677
-0.35848, -0.898679, 0.252723
0.122264, 0.223187, 0.967078

1
-0.00433302, -0.0144956, -0.00790726
-0.976427, 0.214476, 0.0243104
-0.0208593, 0.0183395, -0.999614
-0.214839, -0.976557, -0.0134333

2
0.0270165, -0.0499898, -0.00817846
-0.846241, -0.532454, 0.0191968
-0.0262896, 0.00574229, -0.999638
0.532151, -0.846439, -0.0188574

3
0.0173675, 0.00715146, -0.0047751
0.476153, -0.879165, -0.0186615
-0.0183764, 0.0112689, -0.999768
0.879171, 0.476385, -0.0107902

4
0.0270165, -0.0499898, -0.00817846
-0.846241, -0.532454, 0.0191968
-0.0262896, 0.00574229, -0.999638
0.532151, -0.846439, -0.0188574

5
-0.0276514, 0.0322659, 0.0384665
0.774688, 0.631974, -0.0216213
-0.612082, 0.758012, 0.22533
0.158792, -0.161326, 0.974043

6
0.00333468, -0.00226155, -0.0109081
-0.25304, -0.967419, 0.0084445
-0.131229, 0.0256739, -0.99102
0.958514, -0.251875, -0.13345

7
-0.00766762, -0.0471302, 0.0394232
-0.98823, 0.15067, 0.0264657
-0.131319, -0.924268, 0.358446
0.0784686, 0.350752, 0.933175

8
0.0548659, -0.0139101, -0.00866622
-0.24484, -0.969556, 0.00374686
-0.0286589, 0.00337426, -0.999584
0.96914, -0.244845, -0.0286125

9
-0.0016386, 0.0273143, -0.00629615
0.999464, -0.0185386, -0.0269689
-0.0266109, 0.0192926, -0.99946
0.0190489, 0.999642, 0.0187889

10
-0.0423257, -0.00159849, 0.0414787
0.00597427, -0.999982, 4.09242e-05
0.974269, 0.00581143, -0.225311
0.225307, 0.00138594, 0.974287

11
0.0158831, -0.00486724, -0.00843291
-0.24386, -0.969776, 0.00819876
-0.025223, -0.00210898, -0.99968
0.969482, -0.243989, -0.0239464

12
0.0142688, -0.00198718, -0.00596121
-0.066373, -0.997794, 0.00157785
-0.034541, 0.000717265, -0.999403
0.997197, -0.0663879, -0.0345124

13
-0.0348478, -0.0145608, 0.0370439
0.45687, -0.887857, -0.0545887
0.501242, 0.307654, -0.808768
0.734864, 0.34214, 0.585589

14
-0.0309728, -0.0379088, 0.0415543
-0.761432, 0.648006, 0.0175907
-0.58825, -0.702109, 0.401254
0.272366, 0.29518, 0.915798

15
0.0329897, -0.0291739, 0.038129
0.629892, 0.776562, -0.0137064
-0.75349, 0.606707, -0.253297
-0.188385, 0.169878, 0.967291

16
0.0144472, 0.0684697, 0.0144444
-0.976427, 0.214476, 0.0243104
-0.137165, -0.703498, 0.697335
0.166664, 0.677562, 0.716333

17
-0.00890947, 0.00563657, -0.012281
0.687001, 0.726532, -0.0134796
0.0204728, -0.037895, -0.999072
-0.726368, 0.686087, -0.040908

18
0.021615, 0.0370885, 0.0378947
-0.874866, 0.484037, 0.0178159
-0.470299, -0.840086, -0.270322
-0.115879, -0.244874, 0.962605

19
-0.00558491, 0.000973666, -0.0124075
0.53647, 0.843871, -0.00899062
0.0824984, -0.0630427, -0.994595
-0.839877, 0.532829, -0.103439

20
-0.00956515, -0.0022947, -0.010212
-0.193159, 0.981156, 0.00480654
0.057481, 0.0162064, -0.998215
-0.979482, -0.192538, -0.0595282

21
-0.00298534, -0.0122268, -0.00597334
-0.991575, 0.127052, 0.0252311
-0.0205929, 0.0376888, -0.999077
-0.127886, -0.99118, -0.0347549

22
-0.000649569, -0.00228416, -0.0160655
0.659654, 0.751465, -0.0125302
0.124591, -0.12578, -0.984203
-0.74117, 0.647673, -0.176597

23
0.032897, -0.0540276, -0.00847724
-0.807071, -0.590201, 0.0173029
-0.0286232, 0.00983727, -0.999542
0.58976, -0.807196, -0.0248328

24
-0.0125937, -0.00250609, -0.0116308
-0.196986, 0.980392, 0.00534448
0.0263054, 0.0107346, -0.999596
-0.980053, -0.196766, -0.0279042

25
0.0402711, -0.00663197, 0.0360868
0.130245, 0.991482, 0.000667567
-0.978032, 0.128589, -0.164068
-0.162757, 0.0207163, 0.986449

26
-0.0343757, -0.0109095, -0.018391
0.45687, -0.887857, -0.0545887
-0.487109, -0.198362, -0.850516
0.744308, 0.415166, -0.523109

27
0.0313565, -0.0297206, 0.0384676
0.660155, 0.75101, -0.0133987
-0.733661, 0.640875, -0.225876
-0.161048, 0.158943, 0.974064

28
-0.00487757, -0.00137721, -0.0185012
0.00597427, -0.999982, 4.09242e-05
-0.225307, -0.00138594, -0.974287
0.974269, 0.00581143, -0.225311

29
0.0340921, -0.0254082, 0.0386689
0.556535, 0.830742, -0.0116851
-0.814003, 0.542397, -0.207857
-0.166338, 0.125191, 0.978089

30
0.02586, -0.00358137, -0.00165717
-0.0357189, 0.999117, -0.0221223
0.129165, -0.0173353, -0.991472
-0.99098, -0.0382717, -0.128432

31
0.0078419, -0.0018365, 0.0427436
-0.24484, -0.969556, 0.00374686
0.96914, -0.244845, -0.0286125
0.0286589, -0.00337426, 0.999584

32
-0.00105559, 0.000205245, -0.0132627
0.461564, -0.886855, -0.0211226
-0.169777, -0.0649399, -0.98334
0.870709, 0.457461, -0.180542

33
0.0605212, 0.0258174, -0.0120442
0.42945, -0.902968, -0.0149044
-0.0390659, -0.00208623, -0.999234
0.902245, 0.429703, -0.0361711

34
0.00379805, -0.00460054, 0.0242716
0.53647, 0.843871, -0.00899062
-0.535548, 0.332189, -0.776427
-0.652218, 0.421345, 0.630143

35
0.0331937, -0.0239858, 0.0391552
0.55317, 0.833016, -0.00935537
-0.823742, 0.545267, -0.155348
-0.124306, 0.09364, 0.987816

36
0.00848021, 0.00572428, -0.00988933
0.567611, -0.823035, -0.0207872
-0.0554862, -0.0130506, -0.998374
0.821425, 0.567841, -0.0530747

37
-0.0170097, 0.00772439, -0.020626
-0.505726, -0.862511, 0.0177762
-0.342882, 0.182053, -0.921568
0.791627, -0.472157, -0.387809

38
-0.0263104, -0.0156808, -0.0199161
0.623475, -0.78058, -0.0444252
-0.410168, -0.278183, -0.868548
0.665613, 0.55974, -0.49361

39
0.0341786, 0.00157227, 0.0308708
-0.063967, 0.997906, 0.00961451
-0.641315, -0.0337237, -0.766537
-0.764607, -0.0551989, 0.642129

40
-0.0206317, -0.0184369, -0.017069
0.645258, -0.763871, -0.0119771
-0.386153, -0.312584, -0.867858
0.659188, 0.564617, -0.496668

41
0.0531307, -0.0610316, 0.0431105
-0.750369, -0.660983, 0.00693098
0.632203, -0.720681, -0.284497
0.193043, -0.209096, 0.958652

42
-0.0387255, -0.0143902, 0.0389194
0.321733, -0.946724, -0.0141609
0.93008, 0.318807, -0.18252
0.177311, 0.0455521, 0.9831

43
0.0255599, -0.00596647, -0.0187974
0.113548, 0.993446, -0.0130913
0.466917, -0.0649886, -0.88191
-0.876981, 0.0940263, -0.471236

44
-0.0137887, 0.0088939, -0.019589
-0.606807, -0.794715, 0.0146245
-0.300032, 0.211975, -0.930079
0.736048, -0.568766, -0.367067

45
2.72958e-05, -0.000182251, 0.00114498
0.403981, -0.914592, -0.017894
0.201198, 0.107919, -0.973588
0.892367, 0.389711, 0.227611

46
-0.0250444, -0.038608, 0.0425735
-0.834358, 0.550761, 0.022561
-0.509268, -0.78587, 0.350791
0.210932, 0.281196, 0.936182

47
-0.0352044, 0.00650863, -0.0182467
0.0791953, -0.994478, -0.0688554
-0.524478, 0.0171719, -0.851251
0.847733, 0.103528, -0.520222

48
0.00195564, -0.0718484, 0.0178585
-0.998603, -0.0455972, 0.0266971
0.00349777, -0.561203, -0.827671
0.052722, -0.826422, 0.560578

49
-0.00961581, 0.0243351, -0.019477
-0.978437, -0.202991, 0.0381472
-0.13122, 0.468289, -0.873777
0.159505, -0.859942, -0.484828

50
0.00228993, 0.00184141, 0.0278283
0.704604, -0.709182, -0.0243655
0.48539, 0.506735, -0.712472
0.517619, 0.490184, 0.701277

51
-0.00615101, 0.00189799, -0.0167252
-0.603839, -0.796868, 0.0195027
-0.210532, 0.13584, -0.968103
0.768801, -0.588684, -0.249792

52
0.0361044, -0.00206887, 0.0326673
-0.0207482, 0.999695, -0.0134143
-0.617762, -0.0233684, -0.786018
-0.786092, -0.00802163, 0.618058

53
-0.0013144, -0.008898, 0.000236337
-0.998962, -0.036979, 0.026581
0.0297659, -0.0884297, 0.995638
-0.0344671, 0.995396, 0.0894386

54
0.0670473, 0.0379394, -0.000911835
0.48058, -0.876882, -0.0109858
-0.0184246, 0.00242839, -0.999827
0.876757, 0.480699, -0.0149892

55
0.022314, -0.0154769, -0.00780597
-0.396098, -0.918164, 0.00901229
-0.0140444, -0.00375572, -0.999894
0.918101, -0.396183, -0.0114074

56
-0.00446576, -0.00305361, -0.0182926
0.644268, -0.764467, -0.0225545
-0.183315, -0.125726, -0.974981
0.742506, 0.632284, -0.221139

57
0.00113761, 0.041783, 0.0408881
-0.99895, 0.0378684, 0.0257873
-0.0434353, -0.961838, -0.270148
0.0145731, -0.270985, 0.962473

58
-0.00172522, 0.000984837, -0.0170522
-0.986658, 0.16069, 0.0261494
0.00626366, 0.197967, -0.980189
-0.162684, -0.966948, -0.196332

59
-0.0265707, 0.0290892, 0.042123
0.764502, 0.644143, -0.0248252
-0.633276, 0.757683, 0.157725
0.120407, -0.10486, 0.987171

60
-0.00575021, -0.0434743, 0.0411715
-0.990652, 0.134226, 0.0243269
-0.124017, -0.960474, 0.249217
0.0568167, 0.24387, 0.968142

61
-0.0368105, -0.0171962, 0.0390934
0.403981, -0.914592, -0.017894
0.901435, 0.401344, -0.16229
0.155611, 0.0494319, 0.986581

62
0.0357997, -0.0191075, 0.0391976
0.440018, 0.89797, -0.0058432
-0.888207, 0.434258, -0.150031
-0.132186, 0.0712062, 0.988664

63
-0.0372683, -0.0147717, 0.0391889
0.340412, -0.940167, -0.0143683
0.928801, 0.338598, -0.150601
0.146456, 0.0379212, 0.98849

64
-0.0326016, -0.0100612, -0.0206245
0.225007, -0.974351, 0.00345794
-0.49409, -0.117158, -0.86148
0.839789, 0.192131, -0.507779

65
-0.0127799, 0.0169948, -0.00495575
-0.887776, -0.459285, 0.0301895
-0.0609427, 0.0522801, -0.996771
0.456224, -0.886749, -0.0744031

66
0.00745192, 0.0334152, 0.0427451
-0.976427, 0.214476, 0.0243104
-0.214839, -0.976557, -0.0134333
0.0208593, -0.0183395, 0.999614

67
-0.0228974, -0.0164596, 0.0332014
0.570928, -0.820673, -0.0231873
0.606026, 0.440319, -0.662459
0.553872, 0.364164, 0.748739

68
0.00910864, -0.0102114, 0.0150079
0.629892, 0.776562, -0.0137064
-0.399589, 0.308885, -0.863087
-0.666006, 0.549128, 0.50487

69
-0.00745061, 0.000233489, -0.01454
0.339672, 0.940532, -0.00480851
0.0793425, -0.033748, -0.996276
-0.937191, 0.338025, -0.0860874

70
0.00184899, 0.000262106, -0.0177657
0.340412, -0.940167, -0.0143683
-0.146456, -0.0379212, -0.98849
0.928801, 0.338598, -0.150601

71
-0.0283954, 0.00578603, 2.12852e-05
0.0791953, -0.994478, -0.0688554
-0.160141, 0.0554833, -0.985534
0.983912, 0.0890762, -0.154862

72
-0.00177815, -0.00140443, -0.018003
0.55317, 0.833016, -0.00935537
0.124306, -0.09364, -0.987816
-0.823742, 0.545267, -0.155348

73
0.0133206, -0.0143931, -0.00760092
-0.674251, -0.738188, 0.0215489
-0.0199284, -0.0109817, -0.999741
0.738234, -0.674506, -0.00730651

74
-0.0117434, -0.0820433, 0.00992233
-0.990652, 0.134226, 0.0243269
-0.0568167, -0.24387, -0.968142
-0.124017, -0.960474, 0.249217

75
-0.00158396, 0.00771927, -0.0186605
-0.995001, 0.0958082, 0.0281624
0.000822649, 0.289869, -0.957066
-0.0998582, -0.952259, -0.288498

76
0.000480688, 0.000399436, -0.0183501
0.403981, -0.914592, -0.017894
-0.155611, -0.0494319, -0.986581
0.901435, 0.401344, -0.16229

77
0.0406335, -0.0150559, 0.0406076
0.310944, 0.950426, -0.00208676
-0.90962, 0.296956, -0.290532
-0.275509, 0.0922373, 0.956863

78
0.0646205, -0.00946482, 0.05452
0.113548, 0.993446, -0.0130913
-0.988906, 0.111739, -0.097873
-0.0957688, 0.0240594, 0.995113

79
0.0257752, -0.00277759, -0.00417388
-0.0207482, 0.999695, -0.0134143
0.119027, -0.0108518, -0.992832
-0.992674, -0.0221961, -0.118766

80
0.0712835, -0.0288439, 0.031501
0.352493, 0.935802, -0.00471616
-0.835332, 0.316912, 0.449207
0.421864, -0.154403, 0.893415

81
0.0339283, -0.0281438, 0.0404874
0.615302, 0.788237, -0.00928529
-0.75411, 0.585149, -0.298192
-0.229612, 0.19048, 0.954461

82
0.00621122, 0.0295443, -0.0228399
-0.943954, 0.327659, 0.0398887
0.128697, 0.476631, -0.869632
-0.303955, -0.815759, -0.492086

83
-0.00690879, 0.0291549, 0.0304565
-0.981269, -0.191214, 0.0234043
0.116206, -0.684441, -0.719748
0.153645, -0.703546, 0.693841

84
-0.033775, -0.0748891, -0.000459756
-0.921157, 0.388199, 0.0277839
-0.023892, 0.0148497, -0.999604
-0.388458, -0.921456, -0.00440408

85
0.0425592, 0.00731421, 0.0404129
-0.198932, 0.980013, 7.50885e-05
-0.933927, -0.189554, -0.303067
-0.296996, -0.0603601, 0.952969

86
-0.00855889, 0.00826287, 0.0393025
-0.846241, -0.532454, 0.0191968
0.501704, -0.784206, 0.365123
-0.179357, 0.318613, 0.930761

87
-0.0323836, 0.029884, 0.0431122
0.702417, 0.711357, -0.0241255
-0.668582, 0.671048, 0.320457
0.244149, -0.208965, 0.946956

88
0.00590206, 0.0206154, -0.0205882
-0.916488, 0.398743, 0.0324709
0.151816, 0.421736, -0.893919
-0.370138, -0.814336, -0.447051

89
0.03799, -0.0236139, 0.040252
0.509546, 0.860441, -0.00194319
-0.817518, 0.483421, -0.313
-0.268379, 0.161077, 0.949751

90
0.00547027, -0.0272063, 0.0149524
-0.960467, -0.276552, 0.0319859
0.102665, -0.245055, 0.964058
-0.258774, 0.929229, 0.26376

91
-0.0119984, -0.00735974, -0.0205107
0.570928, -0.820673, -0.0231873
-0.279795, -0.167941, -0.945257
0.771853, 0.546161, -0.325502

92
0.0236677, -0.0123491, -0.00411134
0.389833, 0.920858, -0.00709512
0.105473, -0.052302, -0.993046
-0.914825, 0.386374, -0.117515

93
-0.00417394, -0.019589, 0.0130841
-0.98823, 0.15067, 0.0264657
-0.0373709, -0.405537, 0.913314
0.148342, 0.901575, 0.406395

94
0.090853, -0.00108357, 0.0214149
-0.0207482, 0.999695, -0.0134143
-0.786092, -0.00802163, 0.618058
0.617762, 0.0233684, 0.786018

95
0.00570751, 0.0745533, 0.0115842
-0.995001, 0.0958082, 0.0281624
-0.0389741, -0.632217, 0.77381
0.0919421, 0.768845, 0.632791

96
-0.0150155, 0.0397843, 0.0408421
-0.951298, -0.306783, 0.0302543
0.287396, -0.918098, -0.272947
0.111512, -0.250959, 0.961553

97
0.0291677, -0.0148204, -0.0226652
0.389833, 0.920858, -0.00709512
0.447533, -0.19618, -0.872484
-0.804826, 0.336948, -0.488592

98
-0.00176281, 0.00724029, -0.020743
-0.99895, 0.0378684, 0.0257873
-0.0145731, 0.270985, -0.962473
-0.0434353, -0.961838, -0.270148

99
-0.00252746, -0.00964968, -0.000352736
-0.983395, 0.180006, 0.0230627
0.0086311, -0.0805483, 0.996713
0.181272, 0.980362, 0.0776572

100
0.0239258, -0.0182769, -0.0221696
0.642408, 0.766294, 0.0102743
0.372644, -0.300628, -0.877929
-0.669663, 0.567817, -0.47868

101
-0.00469202, -0.00688374, -0.00340563
-0.925497, 0.377577, 0.0298677
-0.0242275, -0.137712, 0.990176
0.37798, 0.915681, 0.136599

102
-0.0331228, -0.0773963, 0.00701686
-0.925497, 0.377577, 0.0298677
-0.122264, -0.223187, -0.967078
-0.35848, -0.898679, 0.252723

103
-0.0356984, -0.0105795, 0.0348437
0.225007, -0.974351, 0.00345794
0.586784, 0.132671, -0.798801
0.777854, 0.181765, 0.601586

104
-0.0152153, 0.0146504, -0.0238417
-0.811663, -0.583389, 0.0293241
-0.250859, 0.302802, -0.919446
0.527516, -0.753637, -0.392122

105
-0.0613136, -0.0537964, 0.046359
0.645258, -0.763871, -0.0119771
0.739167, 0.620274, 0.262471
-0.193065, -0.178214, 0.964866

106
-0.00177504, -0.00663341, -0.000223301
-0.990652, 0.134226, 0.0243269
0.00503238, -0.142251, 0.989818
0.13632, 0.980687, 0.140246

107
-0.0134619, 0.006038, -0.00151658
-0.505726, -0.862511, 0.0177762
-0.0138397, -0.0124914, -0.999826
0.862583, -0.505884, -0.00561962

108
0.0321031, -0.0037674, -0.0201393
-0.0357189, 0.999117, -0.0221223
0.498564, -0.00136978, -0.866852
-0.866117, -0.0419924, -0.498075

109
-0.00402347, -0.0152608, -0.00593812
-0.98823, 0.15067, 0.0264657
0.0222419, -0.0296497, 0.999313
0.151352, 0.988139, 0.0259495

110
0.0193443, -0.0146858, -0.0035493
0.642408, 0.766294, 0.0102743
0.0880091, -0.0604496, -0.994284
-0.761292, 0.63964, -0.106274

111
-0.0104287, -0.0251433, -0.00472399
-0.976043, 0.211332, 0.051765
0.0776615, 0.116138, 0.990192
0.203247, 0.97049, -0.129768

112
0.00609577, 0.0394339, 0.0417738
-0.986658, 0.16069, 0.0261494
-0.162684, -0.966948, -0.196332
-0.00626366, -0.197967, 0.980189

113
0.0134209, -0.00202614, -0.0211218
0.0559601, 0.998433, 0.000476264
0.337219, -0.0184515, -0.941245
-0.939761, 0.0528328, -0.337723

114
-0.00237382, 0.0173706, -0.00618339
0.999563, 0.00547828, -0.0290441
0.0292352, -0.0388128, 0.998819
0.00434453, -0.999231, -0.038956

115
-0.0290481, 0.0371921, 0.0417367
-0.811663, -0.583389, 0.0293241
0.527516, -0.753637, -0.392122
0.250859, -0.302802, 0.919446

116
-0.0462134, -0.0695026, 0.013896
-0.834358, 0.550761, 0.022561
-0.210932, -0.281196, -0.936182
-0.509268, -0.78587, 0.350791

117
0.00711835, -0.00418533, -0.00234763
0.310944, 0.950426, -0.00208676
-0.093559, 0.028424, -0.995208
-0.945812, 0.309649, 0.0977592

118
0.0111805, -0.0504919, -0.00765533
-0.976178, -0.215575, 0.0245753
-0.025807, 0.00290043, -0.999663
0.215431, -0.976483, -0.00839469

119
-0.00971709, 0.0449288, 0.0415875
-0.981269, -0.191214, 0.0234043
0.166158, -0.901577, -0.399439
0.0974792, -0.388068, 0.916461

120
0.0377542, 0.0169058, 0.0413137
-0.414989, 0.909765, 0.0106114
-0.88452, -0.400687, -0.238905
-0.213095, -0.108529, 0.970985

121
-0.0141805, -0.0111121, -0.0222318
0.689738, -0.723505, -0.0283168
-0.278844, -0.229332, -0.932552
0.668212, 0.651113, -0.359924

122
0.0790054, 0.015086, 0.0012498
-0.193159, 0.981156, 0.00480654
-0.427937, -0.0886539, 0.89945
0.882927, 0.17168, 0.436997

123
0.015291, -0.0155263, -0.0220541
0.686491, 0.727125, -0.00439106
0.300019, -0.288743, -0.909184
-0.662359, 0.622829, -0.416371

124
-0.00115011, -0.00124522, 0.00175116
0.440018, 0.89797, -0.0058432
-0.217778, 0.100397, -0.970821
-0.871181, 0.428451, 0.239735

125
0.00418298, 0.00229789, -0.0191808
-0.414989, 0.909765, 0.0106114
0.213095, 0.108529, -0.970985
-0.88452, -0.400687, -0.238905

126
0.054654, -0.0334769, 0.0426262
0.509546, 0.860441, -0.00194319
-0.857992, 0.508264, 0.0742795
0.0649008, -0.0361816, 0.997236

127
0.0164413, 0.00307138, 0.0354058
-0.196986, 0.980392, 0.00534448
-0.895385, -0.17768, -0.408309
-0.399353, -0.0852166, 0.912828

128
0.0318194, -0.0107672, -0.0225326
-0.0342066, 0.997243, -0.065845
0.488681, -0.0407808, -0.871509
-0.871792, -0.0619886, -0.485939

129
-0.0820771, -0.00183714, 0.0130995
0.00597427, -0.999982, 4.09242e-05
0.580993, 0.00350438, 0.813901
-0.813886, -0.00483869, 0.581004

130
-0.0278881, -0.00869412, -0.000126153
0.45687, -0.887857, -0.0545887
-0.165196, -0.0243855, -0.985959
0.874059, 0.459473, -0.157811

131
0.00148981, -0.0825044, 0.00322399
-0.998962, -0.036979, 0.026581
-0.0143101, -0.299223, -0.954076
0.0432344, -0.953466, 0.298383

132
0.0213122, -0.00799964, -0.0246244
0.382109, 0.924042, 0.0117998
0.380971, -0.14588, -0.913006
-0.841935, 0.353363, -0.407775

133
0.0443604, -0.0183738, 0.0414147
0.382109, 0.924042, 0.0117998
-0.841935, 0.353363, -0.407775
-0.380971, 0.14588, 0.913006

134
0.000648211, -0.00648991, -1.34137e-05
-0.932027, -0.361773, 0.0211047
0.0717472, -0.127129, 0.989288
-0.355215, 0.923557, 0.144444

135
0.0105452, -0.00187417, -0.00182643
0.0559601, 0.998433, 0.000476264
-0.0480812, 0.00317131, -0.998838
-0.997275, 0.0558722, 0.0481833

136
0.00597803, 0.0194229, -0.0243331
-0.919971, 0.390954, 0.0284261
0.133318, 0.380261, -0.91522
-0.368619, -0.838186, -0.401951

137
0.0297007, -0.0121677, 0.0301373
0.382109, 0.924042, 0.0117998
-0.632055, 0.270639, -0.726127
-0.674166, 0.270001, 0.687459

138
-0.0042746, -0.00137281, 0.000998553
0.00597427, -0.999982, 4.09242e-05
0.16468, 0.000943496, -0.986347
0.986329, 0.00589944, 0.164683

139
-0.0340645, 0.0245402, 0.0441696
-0.603839, -0.796868, 0.0195027
0.768801, -0.588684, -0.249792
0.210532, -0.13584, 0.968103

140
0.0110006, -0.00802773, 0.0397378
-0.389914, -0.920833, 0.00578638
0.920301, -0.389891, -0.0321203
0.0318335, -0.00719896, 0.999467

141
0.0199636, -0.00508083, -0.000129244
0.113548, 0.993446, -0.0130913
0.0957688, -0.0240594, -0.995113
-0.988906, 0.111739, -0.097873

142
0.028154, 0.0017182, -0.0243584
-0.063967, 0.997906, 0.00961451
0.460984, 0.0380917, -0.88659
-0.8851, -0.0522804, -0.462455

143
-0.0106594, -0.0352497, 0.032185
-0.976043, 0.211332, 0.051765
-0.0888026, -0.604118, 0.791931
0.198633, 0.768362, 0.608412

144
0.0017088, -0.00454794, -0.0206285
0.556535, 0.830742, -0.0116851
0.166338, -0.125191, -0.978089
-0.814003, 0.542397, -0.207857

145
-0.0173064, 0.0281325, 0.031375
-0.887776, -0.459285, 0.0301895
0.279506, -0.590059, -0.757435
0.365692, -0.663994, 0.652213

146
0.0804835, -0.0171322, 0.0372548
0.195257, 0.980751, 0.00153709
-0.90438, 0.179445, 0.387163
0.379435, -0.0769864, 0.92201

147
0.0128897, -0.0494786, 0.0451743
-0.960467, -0.276552, 0.0319859
0.255576, -0.830344, 0.495186
-0.110385, 0.483784, 0.868198

148
0.0180074, 0.00794321, -0.0066297
-0.528102, 0.849155, -0.00670124
0.0441961, 0.0196037, -0.998831
-0.84803, -0.52778, -0.0478821

149
0.0272759, -0.00248547, 0.0152752
-0.0207482, 0.999695, -0.0134143
-0.269913, -0.0185198, -0.962707
-0.962661, -0.0163537, 0.270215

150
0.0721444, -0.029266, 0.012102
0.352493, 0.935802, -0.00471616
-0.610306, 0.233702, 0.756908
0.709419, -0.263927, 0.653504

151
0.000635725, 0.00680431, 0.0161
-0.971695, 0.234823, 0.0258098
-0.158177, -0.565576, -0.809385
-0.175465, -0.790558, 0.586711

152
-0.00686084, -0.00458345, -0.0193596
0.800681, -0.598273, -0.0312925
-0.16953, -0.176168, -0.969652
0.574604, 0.781687, -0.242479

153
-0.00615345, -0.00467719, 0.00191612
-0.848031, 0.52878, 0.0351315
-0.0355543, -0.122913, 0.99178
0.528752, 0.839812, 0.123034

154
-0.00622126, 0.00642732, -0.0208829
-0.951298, -0.306783, 0.0302543
-0.111512, 0.250959, -0.961553
0.287396, -0.918098, -0.272947

155
0.00389401, 0.0073279, -0.0237517
-0.874866, 0.484037, 0.0178159
0.115879, 0.244874, -0.962605
-0.470299, -0.840086, -0.270322

156
0.0173622, 0.00443653, 0.0397261
0.42945, -0.902968, -0.0149044
0.902245, 0.429703, -0.0361711
0.0390659, 0.00208623, 0.999234

157
-0.0245414, -0.00149257, 0.0334594
0.00597427, -0.999982, 4.09242e-05
0.813886, 0.00483869, -0.581004
0.580993, 0.00350438, 0.813901

158
-0.00628314, 0.0192534, -0.0242075
-0.981269, -0.191214, 0.0234043
-0.0974792, 0.388068, -0.916461
0.166158, -0.901577, -0.399439

159
-0.0271146, -0.0348594, 0.041247
0.800681, -0.598273, -0.0312925
0.574604, 0.781687, -0.242479
0.16953, 0.176168, 0.969652

160
0.0346563, -0.0769762, 0.00388499
-0.904003, -0.42705, 0.0201865
0.12151, -0.301916, -0.945559
0.409896, -0.852335, 0.324823

161
0.0448493, -0.0100453, 0.0420507
0.195257, 0.980751, 0.00153709
-0.907795, 0.181325, -0.378193
-0.371192, 0.0724494, 0.925725

162
0.0493597, 0.00242763, 0.0430939
-0.063967, 0.997906, 0.00961451
-0.8851, -0.0522804, -0.462455
-0.460984, -0.0380917, 0.88659

163
0.0257869, -0.00975098, -0.00400746
-0.0342066, 0.997243, -0.065845
0.117862, -0.0613986, -0.99113
-0.992441, -0.0416639, -0.115437

164
-0.00802992, -0.0109849, -0.00252698
-0.834358, 0.550761, 0.022561
-1.25734e-05, -0.040948, 0.999161
0.551223, 0.833658, 0.0341722

165
0.0908695, -0.00584588, 0.0213259
-0.0342066, 0.997243, -0.065845
-0.785103, 0.0139545, 0.619208
0.61842, 0.0728762, 0.782461

166
-0.00049264, -0.00123833, -0.021439
0.130245, 0.991482, 0.000667567
0.162757, -0.0207163, -0.986449
-0.978032, 0.128589, -0.164068

167
-0.0438779, 0.00293343, 0.0432106
-0.0933286, -0.995634, 0.0015557
0.944737, -0.0890506, -0.315502
0.314263, -0.0279756, 0.948924

168
-0.0133502, 0.0193694, 0.0143998
-0.887776, -0.459285, 0.0301895
0.118286, -0.291044, -0.949369
0.444818, -0.839256, 0.312708

169
-0.0366013, -0.0262707, 0.0430272
0.570928, -0.820673, -0.0231873
0.771853, 0.546161, -0.325502
0.279795, 0.167941, 0.945257

170
0.0192893, -0.0182116, 0.0296008
0.629892, 0.776562, -0.0137064
-0.624042, 0.495515, -0.604183
-0.462393, 0.389123, 0.796728

171
0.0114833, 0.0521707, 0.0391976
-0.976427, 0.214476, 0.0243104
-0.190503, -0.909239, 0.370125
0.101487, 0.356769, 0.928664

172
-0.00703968, 0.030385, 0.0315955
-0.983813, -0.177166, 0.0269053
0.0964498, -0.650057, -0.75374
0.151027, -0.738944, 0.656622

173
0.00347208, 0.0017463, 0.000307435
-0.414989, 0.909765, 0.0106114
-0.141617, -0.0530686, -0.988498
-0.898738, -0.411718, 0.150861

174
-0.0240464, 0.04195, 0.0433856
-0.887776, -0.459285, 0.0301895
0.398174, -0.799243, -0.450187
0.230893, -0.387645, 0.892424

175
0.00108225, 0.0199859, -0.0243628
-0.972036, 0.232118, 0.0355931
0.0618692, 0.399351, -0.914708
-0.226534, -0.886927, -0.402545

176
-0.00958246, -0.00622502, -0.00118514
0.570928, -0.820673, -0.0231873
0.0368784, 0.0538493, -0.997868
0.820172, 0.568855, 0.0610092

177
0.00449075, -0.0260541, -0.00449794
-0.960467, -0.276552, 0.0319859
-0.00417788, 0.129199, 0.99161
-0.278364, 0.952274, -0.125247

178
0.00473446, -0.00733244, -0.0229005
0.629892, 0.776562, -0.0137064
0.188385, -0.169878, -0.967291
-0.75349, 0.606707, -0.253297

179
0.00109646, -0.0449616, 0.0428859
-0.998956, -0.0364821, 0.027509
0.0435732, -0.941823, 0.333273
0.0137501, 0.334124, 0.942429

180
0.062813, -0.00482635, 0.0457063
0.0559601, 0.998433, 0.000476264
-0.997275, 0.0558722, 0.0481833
0.0480812, -0.00317131, 0.998838

181
0.0177431, 0.0423191, 0.0415254
-0.919971, 0.390954, 0.0284261
-0.368619, -0.838186, -0.401951
-0.133318, -0.380261, 0.91522

182
0.0354418, -0.0149804, 0.0395782
0.339672, 0.940532, -0.00480851
-0.937191, 0.338025, -0.0860874
-0.0793425, 0.033748, 0.996276

183
0.0120714, -0.012372, -0.00307293
0.686491, 0.727125, -0.00439106
0.0237076, -0.0284175, -0.999315
-0.726752, 0.685916, -0.0367467

184
0.00774963, -0.00507397, -0.000579698
0.352493, 0.935802, -0.00471616
-0.0700834, 0.0213725, -0.997312
-0.933186, 0.351876, 0.0731179

185
-0.0339404, 0.0334581, 0.0461577
-0.710975, -0.703051, 0.0152701
0.619368, -0.636336, -0.459848
0.333014, -0.317483, 0.887866

186
-0.00121963, 0.00579719, 0.000750186
-0.995001, 0.0958082, 0.0281624
-0.037454, -0.0966101, -0.994617
-0.0925718, -0.9907, 0.0997156

187
0.00125617, -0.0425565, 0.041724
-0.998603, -0.0455972, 0.0266971
0.0500473, -0.978277, 0.201171
0.0169443, 0.202226, 0.979192

188
-0.0156953, -0.0820818, 0.0035064
-0.983395, 0.180006, 0.0230627
-0.0773438, -0.300751, -0.950561
-0.16417, -0.936561, 0.30968

189
-0.0336488, -0.0322012, 0.042392
0.689738, -0.723505, -0.0283168
0.668212, 0.651113, -0.359924
0.278844, 0.229332, 0.932552

190
0.0301794, -0.0283788, 0.0419746
0.659654, 0.751465, -0.0125302
-0.74117, 0.647673, -0.176597
-0.124591, 0.12578, 0.984203

191
-0.036012, -0.0543671, 0.0572657
-0.843587, 0.534787, 0.0486134
-0.525272, -0.840598, 0.132232
0.11158, 0.0860138, 0.990026

192
0.0509166, -0.0015912, 0.0453548
-0.0207482, 0.999695, -0.0134143
-0.871562, -0.0246593, -0.489665
-0.489847, 0.00153168, 0.871807

193
-0.0042782, 0.00222978, -0.00200699
0.774688, 0.631974, -0.0216213
-0.0875289, 0.141033, 0.986128
0.626257, -0.762049, 0.164572

194
0.0183334, -0.040572, 0.0430424
-0.904003, -0.42705, 0.0201865
0.409896, -0.852335, 0.324823
-0.12151, 0.301916, 0.945559

195
-0.0233567, 0.0224907, 0.0339797
-0.710975, -0.703051, 0.0152701
0.444782, -0.466402, -0.764616
0.544686, -0.536831, 0.644305

196
0.00996038, -0.00600427, -0.0199407
0.352493, 0.935802, -0.00471616
0.292366, -0.114912, -0.949377
-0.888972, 0.33327, -0.314103

197
-0.0122059, -0.0145866, -0.00524807
-0.761432, 0.648006, 0.0175907
0.0265194, 0.00402514, 0.99964
0.647702, 0.761624, -0.0202496

198
-0.00772386, -0.0436302, 0.0432925
-0.983395, 0.180006, 0.0230627
-0.16417, -0.936561, 0.30968
0.0773438, 0.300751, 0.950561

199
-0.0332559, -0.0166644, 0.0374002
-0.666369, 0.733699, 0.132809
-0.371117, -0.480854, 0.794387
0.646703, 0.480067, 0.592715

200
0.00838686, -0.0245098, 0.0328479
-0.932027, -0.361773, 0.0211047
0.301908, -0.742947, 0.597395
-0.200442, 0.56316, 0.801669

201
0.0649212, 0.0348815, -0.0122395
0.490832, -0.871138, -0.0142489
-0.0419097, -0.0072717, -0.999095
0.870246, 0.490985, -0.0400783

202
-0.0131146, -0.0497334, 0.0450223
-0.976043, 0.211332, 0.051765
-0.158056, -0.852172, 0.49882
0.149529, 0.478688, 0.865158

203
0.000150508, 0.0118757, -0.0232378
-0.982078, 0.186611, 0.0264473
0.0351505, 0.319205, -0.947034
-0.185169, -0.929131, -0.320043

204
0.027309, -0.00841759, 0.0153963
-0.0342066, 0.997243, -0.065845
-0.2709, -0.072669, -0.959861
-0.962, -0.0149962, 0.272639

205
-0.0224657, -0.014461, -0.0231996
0.635788, -0.770959, -0.0373679
-0.360496, -0.253786, -0.897572
0.682508, 0.584136, -0.439281

206
-0.00993671, -0.000316676, -0.000653024
-0.0933286, -0.995634, 0.0015557
0.0711939, -0.00823207, -0.997429
0.993087, -0.0929778, 0.0716514

207
0.0271602, -0.00310401, 0.0178026
-0.0357189, 0.999117, -0.0221223
-0.259899, -0.0306617, -0.965149
-0.964975, -0.0287245, 0.260764

208
-0.0459594, -0.0692772, 0.0133742
-0.848031, 0.52878, 0.0351315
-0.169497, -0.207825, -0.963369
-0.502109, -0.822922, 0.265869

209
-0.00108705, -0.000727435, -0.0193616
0.321733, -0.946724, -0.0141609
-0.177311, -0.0455521, -0.9831
0.93008, 0.318807, -0.18252

210
-0.0058414, 0.0182236, -0.00466923
-0.983813, -0.177166, 0.0269053
-0.0385922, 0.0628529, -0.997276
0.174993, -0.982172, -0.0686727

211
-0.0216438, -0.00211876, -0.00198785
0.466025, -0.881608, -0.0747495
-0.101366, 0.0307279, -0.994375
0.878946, 0.47098, -0.075045

212
0.00858439, 0.000421012, -0.00300121
-0.198932, 0.980013, 7.50885e-05
-0.0830099, -0.0167738, -0.996408
-0.976491, -0.198224, 0.0846877

213
-0.0714945, -0.0469474, 0.0128354
-0.666369, 0.733699, 0.132809
-0.455455, -0.259509, -0.851596
-0.59035, -0.627965, 0.507096

214
0.0283814, -0.0773652, 0.00981106
-0.932027, -0.361773, 0.0211047
0.069649, -0.235979, -0.969259
0.355632, -0.901906, 0.245136

215
-0.0269286, -0.00332337, -0.0207288
0.466025, -0.881608, -0.0747495
-0.430008, -0.151848, -0.889964
0.773249, 0.446888, -0.449863

216
0.0107126, 0.000854504, -0.022389
-0.198932, 0.980013, 7.50885e-05
0.296996, 0.0603601, -0.952969
-0.933927, -0.189554, -0.303067

217
0.0329375, -0.0337792, 0.0394372
0.689574, 0.724046, -0.0156824
-0.679907, 0.639775, -0.35835
-0.249428, 0.257771, 0.933456

218
-0.0077121, 0.0186478, -0.000912725
-0.978437, -0.202991, 0.0381472
-0.0601916, 0.103557, -0.992801
0.197579, -0.973689, -0.113543

219
-0.0459594, -0.0692772, 0.0133742
-0.848031, 0.52878, 0.0351315
-0.169497, -0.207825, -0.963369
-0.502109, -0.822922, 0.265869

220
0.077676, 0.0144431, 0.0327312
-0.198932, 0.980013, 7.50885e-05
-0.870394, -0.176716, 0.45955
0.450378, 0.091354, 0.888152

221
0.00440593, 0.0156452, -0.00178228
-0.916488, 0.398743, 0.0324709
-0.00138565, 0.0780002, -0.996952
-0.400061, -0.91374, -0.0709337

222
0.0114136, -0.014679, -0.0251531
0.689574, 0.724046, -0.0156824
0.249428, -0.257771, -0.933456
-0.679907, 0.639775, -0.35835

223
-0.00937487, -0.0130957, -0.00181
-0.85105, 0.524435, 0.0261208
0.028265, -0.00391882, 0.999593
0.524323, 0.851442, -0.0114881

224
0.0027259, -0.00562401, -0.0215294
0.660155, 0.75101, -0.0133987
0.161048, -0.158943, -0.974064
-0.733661, 0.640875, -0.225876

225
0.0361538, -0.00697006, 0.0327248
-0.0342066, 0.997243, -0.065845
-0.61842, -0.0728762, -0.782461
-0.785103, 0.0139545, 0.619208

226
0.00618017, -0.00699273, -0.00274744
0.615302, 0.788237, -0.00928529
-0.0764512, 0.0479464, -0.99592
-0.784576, 0.613501, 0.0897632

227
0.0260994, 0.0742658, 0.00494986
0.939834, -0.340874, -0.0227371
-0.0025569, 0.0595342, -0.998223
0.341622, 0.938222, 0.0550807

228
-0.00378418, -0.00305443, 0.00120456
0.644268, -0.764467, -0.0225545
0.114784, 0.125809, -0.985392
0.756137, 0.632267, 0.168803

229
0.00011556, -0.00133135, -0.00193968
0.130245, 0.991482, 0.000667567
-0.223909, 0.0300696, -0.974146
-0.965868, 0.126729, 0.225918

230
-0.0290761, 0.00438537, 0.0194681
0.0791953, -0.994478, -0.0688554
0.228576, 0.0853479, -0.969778
0.970299, 0.0610631, 0.234073

231
-0.0164801, 0.00820242, 0.0176357
-0.505726, -0.862511, 0.0177762
0.31731, -0.205134, -0.925869
0.802219, -0.462596, 0.377425

232
-0.00238707, -0.00161437, -0.0211083
-0.971695, 0.234823, 0.0258098
0.0122239, 0.159086, -0.987189
-0.235921, -0.958932, -0.157454

233
-0.0199093, 0.0239244, 0.0307343
-0.811663, -0.583389, 0.0293241
0.391361, -0.580392, -0.71413
0.433635, -0.568157, 0.699399

234
0.00018269, 0.00930424, -0.00389895
-0.982078, 0.186611, 0.0264473
-0.0383863, -0.0606566, -0.99742
-0.184525, -0.98056, 0.0667328

235
0.0180192, -0.00460155, -0.0231453
0.195257, 0.980751, 0.00153709
0.371192, -0.0724494, -0.925725
-0.907795, 0.181325, -0.378193

236
0.000251044, 0.0244104, 0.0320558
-0.99895, 0.0378684, 0.0257873
-0.0457059, -0.784921, -0.617907
-0.0031582, -0.618437, 0.785828

237
0.0694576, -0.00112519, 0.051406
-0.0207482, 0.999695, -0.0134143
-0.992674, -0.0221961, -0.118766
-0.119027, 0.0108518, 0.992832

238
-0.00724586, 0.0231644, -0.0234899
-0.983813, -0.177166, 0.0269053
-0.102621, 0.433929, -0.895083
0.146904, -0.883356, -0.445086

239
-0.009035, 0.00533548, -0.000919575
0.702417, 0.711357, -0.0241255
-0.0302912, 0.0637407, 0.997507
0.711121, -0.699935, 0.0663204

240
-0.00184878, -0.0519204, 0.0373192
-0.999399, 0.0218277, 0.0269141
-0.0304751, -0.923328, -0.382801
0.0164949, -0.383391, 0.923439

241
-0.0209955, -0.0124884, -0.00141843
0.623475, -0.78058, -0.0444252
-0.124227, -0.0428045, -0.99133
0.771911, 0.623588, -0.123657

242
0.00521643, 0.028914, 0.030316
-0.972036, 0.232118, 0.0355931
-0.185614, -0.666589, -0.721946
-0.143851, -0.708365, 0.691033

243
0.0227021, 0.00118833, -0.00563408
-0.063967, 0.997906, 0.00961451
0.0871809, 0.0151853, -0.996077
-0.994137, -0.0628778, -0.0879697

244
0.0273816, -0.0219159, 0.0331603
0.642408, 0.766294, 0.0102743
-0.476083, 0.40955, -0.778212
-0.600547, 0.495038, 0.627918

245
-0.0828848, 0.0204484, 0.00722081
-0.25304, -0.967419, 0.0084445
0.488047, -0.120108, 0.864514
-0.835333, 0.222877, 0.502538

246
-0.0535516, 0.0598025, 0.0081565
0.764502, 0.644143, -0.0248252
-0.120407, 0.10486, -0.987171
-0.633276, 0.757683, 0.157725

247
0.00162418, -0.00421688, -0.00112242
0.556535, 0.830742, -0.0116851
-0.157829, 0.0919045, -0.98318
-0.815695, 0.549018, 0.182264

248
0.0172271, -0.00655326, -0.00560274
0.382109, 0.924042, 0.0117998
0.0297769, 0.000450803, -0.999556
-0.923638, 0.382291, -0.0273428

249
0.0689507, -0.00080102, 0.054338
-0.0357189, 0.999117, -0.0221223
-0.99098, -0.0382717, -0.128432
-0.129165, 0.0173353, 0.991472

250
0.0220807, 0.0103271, -0.0255593
-0.528102, 0.849155, -0.00670124
0.365359, 0.220084, -0.904475
-0.766565, -0.480103, -0.426473

251
0.00850935, -0.00625459, -0.00352162
0.509546, 0.860441, -0.00194319
-0.0649008, 0.0361816, -0.997236
-0.857992, 0.508264, 0.0742795

252
0.00112446, -0.0437066, 0.0434682
-0.998962, -0.036979, 0.026581
0.0432344, -0.953466, 0.298383
0.0143101, 0.299223, 0.954076

253
0.0517257, -0.0130427, 0.0105689
-0.24484, -0.969556, 0.00374686
0.344396, -0.0905809, -0.934444
0.906336, -0.227499, 0.35609

254
-0.00580399, -0.00418775, 0.000116812
0.800681, -0.598273, -0.0312925
0.0632664, 0.136381, -0.988634
0.595741, 0.789601, 0.147048

255
-0.0051814, 0.00511973, -0.00144556
-0.951298, -0.306783, 0.0302543
0.00695805, -0.119485, -0.992812
0.308193, -0.94425, 0.115801

256
0.00922875, -0.0121818, -0.00592828
0.689574, 0.724046, -0.0156824
-0.0297475, 0.00668189, -0.999535
-0.723604, 0.68972, 0.0261462

257
-0.0269972, 0.001336, 0.0335621
-0.0933286, -0.995634, 0.0015557
0.75256, -0.0715662, -0.654623
0.651877, -0.0599243, 0.755954

258
0.000760628, 0.0157203, -0.00532856
-0.972036, 0.232118, 0.0355931
-0.0295311, 0.02954, -0.999127
-0.232967, -0.972239, -0.0218592

259
-0.00505035, 0.0152595, -0.00515153
-0.981269, -0.191214, 0.0234043
-0.026473, 0.0135097, -0.999558
0.190814, -0.981455, -0.0183186

260
0.000234066, -0.0246077, 0.034148
-0.998603, -0.0455972, 0.0266971
0.052722, -0.826422, 0.560578
-0.00349777, 0.561203, 0.827671

261
0.0677235, -0.0412923, 0.00908012
0.509546, 0.860441, -0.00194319
-0.5608, 0.333813, 0.757676
0.652584, -0.384981, 0.652629

262
0.0875969, -0.000881383, 0.0206022
-0.0357189, 0.999117, -0.0221223
-0.792062, -0.0148043, 0.610261
0.609395, 0.0393201, 0.791891

263
-0.0241162, -0.0362765, 0.0439328
-0.848031, 0.52878, 0.0351315
-0.502109, -0.822922, 0.265869
0.169497, 0.207825, 0.963369

264
-0.0274804, -0.0617712, 0.02495
-0.921157, 0.388199, 0.0277839
-0.291576, -0.641067, -0.709941
-0.257787, -0.662068, 0.703713

265
0.0251314, -0.0128189, 0.015337
0.389833, 0.920858, -0.00709512
-0.252644, 0.0995382, -0.962426
-0.885551, 0.376978, 0.271453

266
0.00336782, 0.0408388, 0.0436177
-0.995001, 0.0958082, 0.0281624
-0.0998582, -0.952259, -0.288498
-0.000822649, -0.289869, 0.957066

267
-0.00219671, 0.0767745, 0.0111165
0.999563, 0.00547828, -0.0290441
-0.0286724, 0.418248, -0.90788
0.00717401, 0.908317, 0.418222

268
-0.0156081, 0.0138626, -0.00248923
-0.710975, -0.703051, 0.0152701
-0.070643, 0.0498006, -0.996258
0.69966, -0.709393, -0.0850726

269
-0.000212605, -0.00234251, 0.00343859
0.659654, 0.751465, -0.0125302
-0.168526, 0.131648, -0.976866
-0.732431, 0.646505, 0.213484

270
0.0143719, -0.00390542, -0.00399287
0.195257, 0.980751, 0.00153709
-0.00446099, 0.00245537, -0.999987
-0.980742, 0.195247, 0.00485454

271
-0.0126614, 0.0641896, 0.0486282
-0.983813, -0.177166, 0.0269053
0.174993, -0.982172, -0.0686727
0.0385922, -0.0628529, 0.997276

272
-0.0241162, -0.0362765, 0.0439328
-0.848031, 0.52878, 0.0351315
-0.502109, -0.822922, 0.265869
0.169497, 0.207825, 0.963369

273
0.0358059, -0.002408, 0.0352775
-0.0357189, 0.999117, -0.0221223
-0.609395, -0.0393201, -0.791891
-0.792062, -0.0148043, 0.610261

274
-0.0629076, 0.041554, 0.0199373
-0.564133, -0.825468, 0.0188961
0.638737, -0.421788, 0.643513
-0.523229, 0.375097, 0.765202

275
-0.00157871, -0.00360786, 0.00220757
-0.998603, -0.0455972, 0.0266971
0.0348068, -0.187538, 0.98164
-0.0397534, 0.981198, 0.188863

276
0.00931549, 0.0443647, 0.0414998
-0.972036, 0.232118, 0.0355931
-0.226534, -0.886927, -0.402545
-0.0618692, -0.399351, 0.914708

277
-0.00140382, 0.0306318, 0.0297007
0.999563, 0.00547828, -0.0290441
0.0176004, 0.679119, 0.733818
0.0237445, -0.734008, 0.678725

278
0.00433014, 0.020635, 0.0293538
-0.971695, 0.234823, 0.0258098
-0.213284, -0.825058, -0.523249
-0.101576, -0.513944, 0.851789

279
0.00549067, -0.00584193, -0.00853792
-0.564133, -0.825468, 0.0188961
-0.0816762, 0.033016, -0.996112
0.821634, -0.563483, -0.0860465

280
0.0221768, -0.00425037, 0.0291931
0.130245, 0.991482, 0.000667567
-0.841299, 0.110873, -0.529077
-0.524644, 0.0683483, 0.848574

281
0.0024367, -0.00502195, -0.00203181
0.660155, 0.75101, -0.0133987
-0.131971, 0.0984078, -0.986357
-0.739445, 0.652917, 0.164076

282
0.0397906, -0.0169222, 0.0432333
0.352493, 0.935802, -0.00471616
-0.888972, 0.33327, -0.314103
-0.292366, 0.114912, 0.949377

283
-0.00252102, 0.0168824, 0.0391034
-0.976178, -0.215575, 0.0245753
0.208909, -0.903263, 0.374799
-0.0585995, 0.371004, 0.92678

284
-0.0263348, 0.000165493, 0.0177248
0.0444487, -0.998718, -0.0242278
0.257988, 0.0349043, -0.965518
0.965125, 0.0366656, 0.259208

285
0.0180121, 0.00289952, 0.0377369
-0.193159, 0.981156, 0.00480654
-0.882927, -0.17168, -0.436997
-0.427937, -0.0886539, 0.89945

286
-0.0207537, -0.025598, 0.0303911
-0.761432, 0.648006, 0.0175907
-0.439243, -0.535704, 0.721171
0.476747, 0.541396, 0.692534

287
-0.0472356, -0.0217497, 0.0502902
0.45687, -0.887857, -0.0545887
0.744308, 0.415166, -0.523109
0.487109, 0.198362, 0.850516

288
0.0283302, 0.0162108, 0.0397558
0.48058, -0.876882, -0.0109858
0.876757, 0.480699, -0.0149892
0.0184246, -0.00242839, 0.999827

289
0.0318309, -0.00290075, -0.0227189
-0.0207482, 0.999695, -0.0134143
0.489847, -0.00153168, -0.871807
-0.871562, -0.0246593, -0.489665

290
0.0579131, -0.0237364, 0.04563
0.352493, 0.935802, -0.00471616
-0.933186, 0.351876, 0.0731179
0.0700834, -0.0213725, 0.997312

291
0.00346674, 0.00583982, -0.00430418
-0.874866, 0.484037, 0.0178159
-0.0729175, -0.0952528, -0.992779
-0.478844, -0.869848, 0.118628

292
-0.0108492, 0.00700268, -0.000395596
-0.606807, -0.794715, 0.0146245
0.00448008, -0.0218184, -0.999752
0.794837, -0.606591, 0.0168

293
0.0350937, 0.00679548, 0.0397442
-0.196986, 0.980392, 0.00534448
-0.980053, -0.196766, -0.0279042
-0.0263054, -0.0107346, 0.999596

294
-0.00545359, -0.0307801, 0.0290129
-0.98823, 0.15067, 0.0264657
-0.0912943, -0.719685, 0.688272
0.122749, 0.677755, 0.72497

295
0.000210388, -0.0282123, 0.032922
-0.998956, -0.0364821, 0.027509
0.0455184, -0.742267, 0.668556
-0.00397131, 0.66911, 0.743153

296
0.0470323, -0.0218588, 0.0453886
0.389833, 0.920858, -0.00709512
-0.804826, 0.336948, -0.488592
-0.447533, 0.19618, 0.872484

297
-0.0185651, -0.0281436, 0.0299292
-0.851445, 0.523506, 0.0313589
-0.338565, -0.594348, 0.729468
0.400519, 0.610485, 0.683296

298
0.0105331, -0.00749675, -0.0228856
0.509546, 0.860441, -0.00194319
0.268379, -0.161077, -0.949751
-0.817518, 0.483421, -0.313

299
0.0262765, -0.00650857, 0.0383917
-0.24484, -0.969556, 0.00374686
0.884401, -0.224916, -0.408959
0.397351, -0.0968157, 0.912545

300
0.0179315, -0.0180629, 0.0304383
0.660155, 0.75101, -0.0133987
-0.616184, 0.531267, -0.581441
-0.429549, 0.392097, 0.813479

301
