0
0.0226448, 0.00146051, -0.0246883
-0.243563, 0.969058, -0.0400403
0.414039, 0.0665543, -0.907823
-0.877068, -0.23769, -0.417438

1
0.0131464, -0.00419036, -0.00735056
-0.230444, -0.972848, 0.0214791
-0.0153495, -0.0184363, -0.999712
0.972964, -0.230707, -0.0106842

2
-0.0121327, 0.0242092, 0.0401449
-0.960024, -0.279911, -0.00167905
0.279632, -0.959302, 0.0393258
-0.0126185, 0.0372842, 0.999225

3
0.00463279, -0.0080314, -0.00946886
-0.667853, -0.744162, 0.0139594
-0.0487962, 0.0250621, -0.998494
0.742692, -0.667528, -0.0530501

4
-0.0406001, -0.0192197, -0.00659532
-0.471228, 0.881585, -0.0274131
0.00902246, -0.0262605, -0.999614
-0.881965, -0.471294, 0.00442063

5
0.0536017, 0.0649943, 0.017715
-0.75882, 0.651242, -0.00868343
-0.509925, -0.585759, 0.629971
0.405177, 0.482463, 0.77657

6
-0.0103713, -0.00206616, -0.00740375
-0.00642112, 0.999659, -0.0253152
0.0719316, -0.0247884, -0.997101
-0.997389, -0.00822347, -0.0717479

7
0.0222164, 0.0399536, -0.00446943
0.832183, -0.554003, 0.0235082
0.0123266, -0.0239018, -0.999638
0.554365, 0.832171, -0.0130616

8
0.0109502, 0.0436717, 0.0377653
-0.964332, 0.264485, -0.0106104
-0.248578, -0.918654, -0.307057
-0.0909591, -0.293467, 0.951632

9
-0.0137962, 0.0423453, 0.0383217
-0.961673, -0.274199, -1.8657e-05
0.263993, -0.925861, -0.270351
0.0741127, -0.259994, 0.962762

10
0.00535751, 0.0203764, -0.000263462
-0.825899, 0.562806, 0.0337689
0.033644, 0.108981, -0.993474
-0.562813, -0.819373, -0.108942

11
0.00197746, -0.00156703, -0.0103175
0.0651598, -0.997631, 0.0220603
-0.128353, -0.0303029, -0.991265
0.989586, 0.0617592, -0.130023

12
-0.0361543, -0.0101834, -0.00664422
-0.230577, 0.972687, -0.0267175
0.00281162, -0.0267913, -0.999637
-0.97305, -0.230568, 0.00344263

13
0.058581, 0.0671804, 0.0217607
-0.747652, 0.663891, -0.0162904
-0.527593, -0.578902, 0.621705
0.403314, 0.473414, 0.783082

14
-0.0658901, -0.0431713, -0.00415815
-0.530063, 0.847643, -0.0231173
0.0180541, -0.0159746, -0.999709
-0.847766, -0.530326, -0.00683595

15
0.0039034, -0.0237238, -0.00486983
-0.982105, -0.188325, -0.00205714
0.00935043, -0.0378469, -0.99924
0.188104, -0.981377, 0.0389305

16
-0.00598566, 5.04373e-05, -0.0133674
0.399944, 0.916309, -0.0205636
0.111951, -0.0711071, -0.991166
-0.909677, 0.394108, -0.131021

17
-0.0471659, -0.0681046, 0.0133141
-0.777362, 0.624835, -0.0727224
-0.273664, -0.44001, -0.855277
-0.566406, -0.644959, 0.513043

18
-0.0374625, 0.028782, 0.0490633
-0.616478, -0.787348, 0.00618068
0.689171, -0.54337, -0.479367
0.380787, -0.29126, 0.877593

19
-0.0401017, -0.025072, 0.0403917
0.531074, -0.84706, 0.0212016
0.803826, 0.495737, -0.328799
0.268002, 0.191659, 0.944162

20
0.00237609, -0.000462597, -0.0131621
0.328914, -0.944134, 0.0206419
-0.113139, -0.0610968, -0.991699
0.937558, 0.323848, -0.126914

21
-0.0122872, -0.000100348, -0.00974733
0.212754, 0.97682, -0.0236384
0.0522708, -0.0355357, -0.998
-0.975707, 0.211093, -0.0586195

22
-0.0350589, 0.0218912, 0.0366464
-0.569798, -0.821612, 0.0168504
0.811619, -0.565847, -0.145231
0.128859, -0.0690766, 0.989254

23
-0.00888642, -0.00888866, -0.00886976
-0.684363, 0.728766, -0.0233921
0.045945, 0.0110833, -0.998882
-0.727692, -0.684673, -0.0410681

24
-0.00837465, -7.22991e-05, -0.00868484
0.27499, 0.961186, -0.022397
0.0875063, -0.0482199, -0.994996
-0.957457, 0.271654, -0.0973698

25
-0.00285435, 0.0158497, 0.0191406
-0.991957, -0.126359, -0.00735051
0.0571231, -0.395099, -0.916861
0.112949, -0.909907, 0.399139

26
-0.00844394, -0.00035406, 0.0397779
0.148278, 0.988714, -0.0214124
-0.92064, 0.145912, 0.36212
0.361158, -0.0339815, 0.931885

27
-0.0179082, -0.0382733, 0.0364078
0.915562, -0.401672, 0.0201535
0.398818, 0.90031, -0.174314
0.0518728, 0.167633, 0.984484

28
0.00365285, 0.00257701, -0.0166008
-0.590704, 0.806634, -0.0202713
0.21791, 0.135287, -0.966547
-0.776907, -0.57536, -0.255689

29
0.0217462, -0.00226994, -0.0201072
0.000215401, 0.999608, -0.0280092
0.445986, -0.0251654, -0.894686
-0.89504, -0.012299, -0.445817

30
0.00296828, 0.00480667, -0.0169636
-0.858798, 0.512078, -0.0155676
0.147581, 0.218179, -0.964685
-0.490598, -0.830767, -0.262945

31
0.00247977, -0.0256201, -0.00785006
-0.960024, -0.279911, -0.00167905
0.0126185, -0.0372842, -0.999225
0.279632, -0.959302, 0.0393258

32
0.00234679, -0.021391, -0.00513702
-0.995259, -0.0971667, -0.00420792
0.0074492, -0.0330193, -0.999427
0.0969721, -0.99472, 0.0335866

33
-0.0499602, 0.0631686, 0.01372
-0.788098, -0.61555, -0.000248206
0.447259, -0.572909, 0.68683
-0.42292, 0.541178, 0.726818

34
-0.0209402, 0.0238963, -0.017057
-0.732254, -0.680971, -0.00914951
-0.338008, 0.375061, -0.86318
0.591232, -0.628974, -0.504814

35
0.0264289, -0.00181169, -0.0195326
0.135543, 0.99077, -0.00195726
0.489533, -0.0686881, -0.869275
-0.861386, 0.116866, -0.494325

36
-0.0103318, 0.0865501, 0.0181322
-0.994333, -0.106186, -0.00521672
0.0771012, -0.754027, 0.652303
-0.073199, 0.648204, 0.75794

37
-0.0133105, -0.00986812, -0.0232563
0.531074, -0.84706, 0.0212016
-0.268002, -0.191659, -0.944162
0.803826, 0.495737, -0.328799

38
-0.0220433, 0.0161765, -0.0187847
-0.616478, -0.787348, 0.00618068
-0.380787, 0.29126, -0.877593
0.689171, -0.54337, -0.479367

39
0.0252009, 0.0247909, 0.0431278
-0.684363, 0.728766, -0.0233921
-0.727692, -0.684673, -0.0410681
-0.045945, -0.0110833, 0.998882

40
-0.00527936, 0.0275579, -0.0189869
-0.979, -0.203418, -0.0134516
-0.0868231, 0.475739, -0.875291
0.184449, -0.855741, -0.48341

41
0.0129258, -0.0423226, 0.0431113
-0.946007, -0.324147, 0.000481884
0.304386, -0.887823, 0.345136
-0.111447, 0.326648, 0.938552

42
-0.0363827, -0.0247963, 0.039041
0.565651, -0.824359, 0.0217248
0.808499, 0.549196, -0.211454
0.162383, 0.137174, 0.977146

43
0.0182773, -0.0049562, 0.0365527
0.188372, 0.981809, -0.0238092
-0.854316, 0.151857, -0.497075
-0.484417, 0.113976, 0.867381

44
0.0236647, -0.037555, 0.0428237
-0.821796, -0.569672, 0.0111703
0.534764, -0.764375, 0.360219
-0.196669, 0.302, 0.932801

45
-0.0479429, -0.0418892, -0.00955829
-0.684564, 0.728498, -0.0257249
0.0138536, -0.022282, -0.999656
-0.728821, -0.684685, 0.00516114

46
0.00399419, 0.0209426, -0.0198139
-0.965852, 0.259027, -0.00596664
0.119138, 0.423554, -0.898002
-0.23008, -0.868048, -0.43995

47
0.0044354, 0.0231511, -0.0204421
-0.926293, 0.376584, 0.0129129
0.159771, 0.423567, -0.891664
-0.341256, -0.823878, -0.452514

48
0.0371086, -0.073008, 0.0143912
-0.879138, -0.476463, 0.00992936
0.160647, -0.315902, -0.935093
0.448674, -0.820481, 0.354264

49
0.0233458, 0.0339915, -0.0168489
-0.179631, 0.967108, 0.180095
0.472104, 0.245363, -0.846708
-0.863047, -0.0670712, -0.50065

50
-0.0650509, 0.0608165, 0.018158
-0.694828, -0.719079, 0.0118194
0.551185, -0.521896, 0.651014
-0.461962, 0.458857, 0.758974

51
0.0381286, -0.000467321, 0.0396233
-0.0140844, 0.99956, -0.0261114
-0.988978, -0.0177752, -0.146992
-0.147392, 0.0237533, 0.988793

52
0.0107057, -0.0425665, 0.0432814
-0.958107, -0.286411, 0.000343373
0.269896, -0.90246, 0.335741
-0.0958502, 0.321769, 0.941954

53
-0.0362629, 0.0721616, 0.000529158
0.90812, 0.418681, -0.00500414
-0.00776289, 0.00488607, -0.999958
-0.418639, 0.90812, 0.00768731

54
0.0122714, 0.0166675, -0.0198577
-0.790503, 0.612284, -0.0146069
0.280334, 0.34052, -0.897474
-0.544535, -0.71355, -0.440826

55
0.0224758, -0.0103329, -0.0193045
0.484511, 0.874735, 0.00934734
0.432399, -0.230187, -0.871806
-0.760447, 0.426441, -0.489763

56
-0.00279186, 0.000445232, -0.014942
0.833784, 0.552032, -0.00804586
0.0830982, -0.139892, -0.986674
-0.545801, 0.822004, -0.162512

57
0.0196488, -0.0034975, -0.0195891
0.226819, 0.973934, -0.00244192
0.423609, -0.100911, -0.900207
-0.876989, 0.20315, -0.435455

58
-0.0361102, -0.0647442, -0.00662393
-0.901602, 0.431986, -0.0223965
0.0185343, -0.0131488, -0.999742
-0.432169, -0.901785, 0.00384839

59
-0.00604108, 0.0162019, -0.0220028
-0.969201, -0.246272, 0.000534812
-0.0900591, 0.352404, -0.931505
0.229215, -0.902863, -0.363729

60
-0.00562779, -0.0778509, 0.0139
-0.999482, 0.0320255, 0.00311591
-0.0200135, -0.542916, -0.839548
-0.0251952, -0.839176, 0.543276

61
0.0194658, -0.0398599, 0.0429383
-0.879138, -0.476463, 0.00992936
0.448674, -0.820481, 0.354264
-0.160647, 0.315902, 0.935093

62
0.0212871, -0.0779988, 0.0139967
-0.958107, -0.286411, 0.000343373
0.0958502, -0.321769, -0.941954
0.269896, -0.90246, 0.335741

63
0.0140092, -0.0183234, -0.0203515
0.645101, 0.76361, -0.0272728
0.328708, -0.309562, -0.892257
-0.689779, 0.566631, -0.450704

64
-0.00783824, 0.0247309, -0.00139524
-0.980608, -0.19586, 0.00689918
-0.0324788, 0.127693, -0.991282
0.193272, -0.972283, -0.131578

65
-0.0159269, 0.00479925, -0.0211159
-0.49436, -0.868947, 0.0232035
-0.311575, 0.152215, -0.937951
0.811498, -0.470915, -0.345991

66
-0.0399823, 0.0214311, 0.0408221
-0.5052, -0.862812, 0.0181498
0.81955, -0.486246, -0.303154
0.27039, -0.138279, 0.952769

67
0.0191095, -0.0174233, -0.0214709
0.601613, 0.798658, -0.0143812
0.370294, -0.294797, -0.880896
-0.707774, 0.524633, -0.473092

68
0.0223174, 0.0274444, 0.0401279
0.768859, -0.639038, 0.0220489
0.637929, 0.768964, 0.0417218
-0.0436166, -0.0180126, 0.998886

69
0.0249934, -0.0775841, 0.0141976
-0.946007, -0.324147, 0.000481884
0.111447, -0.326648, -0.938552
0.304386, -0.887823, 0.345136

70
0.0261112, -0.00479377, -0.0240339
0.20344, 0.979066, -0.0065009
0.453477, -0.100109, -0.885628
-0.867739, 0.177224, -0.46435

71
-0.0159269, 0.00479925, -0.0211159
-0.49436, -0.868947, 0.0232035
-0.311575, 0.152215, -0.937951
0.811498, -0.470915, -0.345991

72
-0.0389297, -0.0234551, 0.04113
0.515452, -0.856634, 0.0220964
0.825072, 0.489166, -0.282793
0.231442, 0.163997, 0.958926

73
-0.0158918, -0.011505, -0.00486694
0.583339, -0.812034, 0.017789
-0.00669126, -0.0267053, -0.999621
0.812201, 0.582999, -0.0210118

74
-0.0595887, -0.0589391, 0.00702717
-0.720056, 0.693901, -0.00460055
-0.333201, -0.351561, -0.874861
-0.608684, -0.628416, 0.484352

75
-0.0737128, -0.0434438, 0.00589326
0.497554, -0.867144, 0.0223877
0.504766, 0.310424, 0.805511
-0.705444, -0.389485, 0.592157

76
0.042893, 0.0250769, 0.0505191
-0.179631, 0.967108, 0.180095
-0.863047, -0.0670712, -0.50065
-0.472104, -0.245363, 0.846708

77
-0.00464676, 0.0326437, 0.0317988
-0.994333, -0.106186, -0.00521672
0.073199, -0.648204, -0.75794
0.0771012, -0.754027, 0.652303

78
-0.0206254, 0.00608311, -0.0231901
-0.40983, -0.911924, 0.0208099
-0.361365, 0.14137, -0.921645
0.837529, -0.385238, -0.387476

79
0.0306362, 0.0226004, 0.0397629
-0.589903, 0.807085, -0.025067
-0.798918, -0.587878, -0.127003
-0.117239, -0.0548932, 0.991585

80
0.00814334, 0.0255802, -0.0188581
-0.825899, 0.562806, 0.0337689
0.246462, 0.414246, -0.87616
-0.507097, -0.715297, -0.480836

81
-0.031346, -0.039639, 0.0159143
0.832183, -0.554003, 0.0235082
0.200758, 0.340541, 0.918547
-0.516883, -0.759679, 0.394612

82
0.0431488, 0.0680543, 0.00285535
0.842673, -0.538176, 0.0164231
0.133212, 0.178834, -0.974819
0.521687, 0.823641, 0.22239

83
0.0457962, 0.0100173, 0.0415748
-0.243563, 0.969058, -0.0400403
-0.877068, -0.23769, -0.417438
-0.414039, -0.0665543, 0.907823

84
-0.0347343, 0.00826683, 0.0431693
-0.230444, -0.972848, 0.0214791
0.972964, -0.230707, -0.0106842
0.0153495, 0.0184363, 0.999712

85
0.020002, 0.0260571, 0.0336822
-0.75882, 0.651242, -0.00868343
-0.405177, -0.482463, -0.77657
-0.509925, -0.585759, 0.629971

86
-0.00344772, -0.00404886, -0.0161665
-0.589903, 0.807085, -0.025067
0.117239, 0.0548932, -0.991585
-0.798918, -0.587878, -0.127003

87
0.00201166, 0.00379392, 0.00249564
-0.858798, 0.512078, -0.0155676
-0.0513963, -0.11635, -0.991878
-0.50973, -0.851022, 0.12624

88
0.000802764, 0.0207255, -0.000351235
-0.998245, 0.0562827, -0.018435
0.0245251, 0.10951, -0.993683
-0.0539084, -0.992391, -0.110698

89
-0.0134075, 0.0163837, -0.021249
-0.788098, -0.61555, -0.000248206
-0.251368, 0.322199, -0.912689
0.561886, -0.719226, -0.408654

90
0.00506351, 0.00456336, -0.00191648
-0.660167, 0.750846, -0.0202417
-0.0603098, -0.0798495, -0.994981
-0.748693, -0.655633, 0.0979974

91
-0.0226378, -0.00207346, 0.0394863
0.0651598, -0.997631, 0.0220603
0.865139, 0.0454616, -0.499467
0.497281, 0.0516304, 0.866052

92
-0.0547537, 0.0527306, -0.00851886
0.728334, 0.685147, -0.0101715
0.0159275, -0.0317678, -0.999368
-0.685037, 0.727712, -0.0340502

93
-0.00182974, 0.0109561, -0.0193343
-0.997138, -0.075392, -0.00572394
-0.0179735, 0.30989, -0.950602
0.0734416, -0.947779, -0.310358

94
0.0187234, -0.00174181, -0.021207
0.195088, 0.980786, 0.000337585
0.400037, -0.0792572, -0.913066
-0.895495, 0.178264, -0.407813

95
0.0322437, -0.00851827, 0.0306173
0.288541, 0.957464, 0.00275085
-0.601319, 0.183448, -0.777665
-0.74509, 0.222734, 0.628673

96
0.0495792, 0.0589234, 0.00184138
0.768859, -0.639038, 0.0220489
0.0436166, 0.0180126, -0.998886
0.637929, 0.768964, 0.0417218

97
0.000442196, 0.0190017, -0.0209982
-0.990976, 0.133992, -0.00368175
0.057423, 0.399549, -0.914912
-0.12112, -0.906867, -0.403637

98
-0.00623499, -0.00145927, -0.0131816
0.188372, 0.981809, -0.0238092
0.12061, -0.0471867, -0.991578
-0.974664, 0.183914, -0.127305

99
0.0301273, -0.0332929, 0.0468605
0.691528, 0.721865, -0.0264538
-0.653669, 0.609773, -0.448211
-0.307417, 0.327243, 0.893536

100
-0.0092482, -0.00719668, -0.020956
0.515452, -0.856634, 0.0220964
-0.231442, -0.163997, -0.958926
0.825072, 0.489166, -0.282793

101
0.00183518, -0.0169733, 0.0138584
-0.995259, -0.0971667, -0.00420792
0.0439918, -0.411169, -0.910497
0.0867399, -0.906366, 0.413494

102
-0.0216155, 0.0181625, -0.0234197
-0.694828, -0.719079, 0.0118194
-0.332444, 0.306572, -0.891905
0.637727, -0.62365, -0.452068

103
0.0124061, 0.00536536, -0.0210462
-0.543435, 0.838846, -0.031859
0.305618, 0.162358, -0.93821
-0.781841, -0.519593, -0.344597

104
0.0465852, -0.0128761, 0.0431045
0.288541, 0.957464, 0.00275085
-0.84068, 0.25472, -0.477886
-0.458259, 0.135577, 0.878418

105
0.0259399, -0.0410939, 0.045697
-0.826914, -0.562271, 0.0080301
0.492629, -0.717459, 0.492513
-0.271165, 0.411222, 0.870268

106
0.00244024, 0.00217823, 0.00286644
-0.590704, 0.806634, -0.0202713
-0.0959863, -0.0951915, -0.99082
-0.801159, -0.583336, 0.133656

107
-0.00176535, 0.00863387, 3.59645e-05
-0.997138, -0.075392, -0.00572394
0.0114996, -0.076398, -0.997011
0.0747294, -0.994223, 0.0770463

108
0.029666, -0.0743024, 0.0138064
-0.918157, -0.396167, 0.00634759
0.124002, -0.302529, -0.945039
0.376314, -0.866907, 0.326895

109
-0.068265, 0.0480808, 0.0102656
-0.582875, -0.812532, 0.00691118
0.558154, -0.394185, 0.730125
-0.590526, 0.429429, 0.683278

110
-0.0125243, 0.00403272, -0.0219741
-0.5052, -0.862812, 0.0181498
-0.27039, 0.138279, -0.952769
0.81955, -0.486246, -0.303154

111
-0.0036452, 0.0259742, -0.0233473
-0.994333, -0.106186, -0.00521672
-0.0432201, 0.448573, -0.892701
0.0971324, -0.887416, -0.45062

112
0.0175973, 0.0295519, 0.00125768
-0.179631, 0.967108, 0.180095
0.105893, 0.201019, -0.973847
-0.978018, -0.155862, -0.138519

113
-0.00407686, -0.00419518, -0.0203891
0.565651, -0.824359, 0.0217248
-0.162383, -0.137174, -0.977146
0.808499, 0.549196, -0.211454

114
0.0468243, -0.00864956, 0.043465
0.20344, 0.979066, -0.0065009
-0.867739, 0.177224, -0.46435
-0.453477, 0.100109, 0.885628

115
-0.0409231, 0.0207343, 0.0430812
-0.49436, -0.868947, 0.0232035
0.811498, -0.470915, -0.345991
0.311575, -0.152215, 0.937951

116
0.0218189, -0.00111576, -0.0222872
0.145413, 0.98937, -0.0012678
0.424687, -0.0635755, -0.903105
-0.893586, 0.130784, -0.429417

117
0.0203405, -0.000942197, -0.00101832
0.135543, 0.99077, -0.00195726
0.122632, -0.0187369, -0.992275
-0.983153, 0.134256, -0.124039

118
-0.00536398, 0.00942418, -0.021342
-0.897365, -0.441285, -0.00192817
-0.126544, 0.261511, -0.956869
0.422757, -0.858417, -0.290512

119
-0.0497433, -0.0652612, 0.0108239
-0.83988, 0.542082, 0.0273588
-0.305981, -0.431237, -0.84877
-0.448305, -0.721236, 0.528054

120
-0.0112584, 0.0147157, -0.022305
-0.810328, -0.585975, -0.00141867
-0.21561, 0.30041, -0.929121
0.544868, -0.752586, -0.369773

121
0.0239331, -0.0411393, 0.0460154
-0.828087, -0.560053, 0.0247518
0.501118, -0.71971, 0.480518
-0.251301, 0.410314, 0.876635

122
-0.00395071, -0.00254374, -0.017166
-0.0140844, 0.99956, -0.0261114
0.147392, -0.0237533, -0.988793
-0.988978, -0.0177752, -0.146992

123
-0.000560897, -0.00163948, -0.0215321
0.915562, -0.401672, 0.0201535
-0.0518728, -0.167633, -0.984484
0.398818, 0.90031, -0.174314

124
0.0170965, -0.00755151, -0.000759167
0.484511, 0.874735, 0.00934734
0.108474, -0.0494734, -0.992867
-0.868034, 0.482069, -0.118856

125
-0.00230454, -6.62561e-06, 0.00455574
0.833784, 0.552032, -0.00804586
-0.132096, 0.185324, -0.973758
-0.536055, 0.812967, 0.227442

126
-0.0237942, -0.0117931, -0.0227037
0.509465, -0.860488, 0.00218385
-0.375678, -0.224708, -0.899095
0.774152, 0.457237, -0.437748

127
-0.000920874, -0.00294732, -0.0200779
-0.569798, -0.821612, 0.0168504
-0.128859, 0.0690766, -0.989254
0.811619, -0.565847, -0.145231

128
0.00315479, -0.00826032, 0.0297205
0.728334, 0.685147, -0.0101715
-0.495657, 0.537033, 0.682583
0.473132, -0.492107, 0.730737

129
-0.00605081, 0.0328047, 0.0317568
-0.988906, -0.148436, -0.00558114
0.100891, -0.643627, -0.75866
0.10902, -0.750807, 0.651463

130
0.000580453, -0.00217746, 0.00467821
0.229214, 0.97313, -0.0218614
-0.170345, 0.0179905, -0.98522
-0.958355, 0.229551, 0.169891

131
-0.0266037, -0.0055751, -0.00104882
-0.247952, -0.964262, 0.0933746
-0.144323, -0.0585422, -0.987797
0.957962, -0.258402, -0.124649

132
-0.0406519, -0.0282662, 0.0419581
0.583339, -0.812034, 0.017789
0.747815, 0.528401, -0.401951
0.316998, 0.247777, 0.915488

133
-0.0158779, 0.0669604, 0.0547477
-0.980608, -0.19586, 0.00689918
0.193272, -0.972283, -0.131578
0.0324788, -0.127693, 0.991282

134
0.00162114, 0.0282504, 0.0303449
-0.989613, 0.143746, -0.0018609
-0.105604, -0.735686, -0.669039
-0.0975408, -0.661893, 0.743225

135
-0.0368418, -0.0350769, 0.0459267
-0.720056, 0.693901, -0.00460055
-0.608684, -0.628416, 0.484352
0.333201, 0.351561, 0.874861

136
-0.0132562, -0.0159641, 0.0406269
0.792587, -0.609428, 0.0200816
0.549207, 0.699183, -0.457728
0.264912, 0.373818, 0.888866

137
-0.0155433, 0.00996556, -0.0244093
-0.582875, -0.812532, 0.00691118
-0.289682, 0.199844, -0.936027
0.759171, -0.547589, -0.35186

138
-0.00318791, 0.0207687, -0.00455119
-0.994333, -0.106186, -0.00521672
-0.00275924, 0.0748279, -0.997193
0.106278, -0.991527, -0.0746968

139
0.0192935, 0.0262988, 0.0204186
-0.179631, 0.967108, 0.180095
-0.276439, 0.126071, -0.952726
-0.944094, -0.220924, 0.2447

140
0.0128147, -0.0191663, -0.0202269
0.691528, 0.721865, -0.0264538
0.307417, -0.327243, -0.893536
-0.653669, 0.609773, -0.448211

141
0.0165594, -0.000434276, -0.00296844
0.0251291, 0.999554, -0.016148
0.0426284, -0.0172098, -0.998943
-0.998775, 0.0244142, -0.0430419

142
0.0325757, -0.0205178, 0.0424349
0.507619, 0.861383, -0.0184982
-0.850385, 0.497456, -0.171413
-0.13845, 0.102743, 0.985026

143
0.0104203, 0.00403907, 0.014753
-0.502505, 0.864282, -0.022474
-0.331633, -0.168679, 0.928206
0.798442, 0.473881, 0.371386

144
0.00119658, -0.01081, -0.00130207
-0.958107, -0.286411, 0.000343373
0.0147309, -0.0480807, 0.998735
-0.286032, 0.9569, 0.0502856

145
0.0423666, 0.0648277, 0.00174588
0.843179, -0.537268, 0.0198221
0.00131978, -0.0348007, -0.999393
0.537631, 0.842694, -0.0286341

146
-0.0793569, 0.00691838, 0.00231663
0.107069, 0.994006, -0.0221197
0.014798, -0.0238383, -0.999606
-0.994141, 0.1067, -0.0172616

147
0.0171358, -0.00622965, 0.0402834
0.27499, 0.961186, -0.022397
-0.851087, 0.232522, -0.470727
-0.447248, 0.148507, 0.881995

148
-0.00897937, 0.0621859, 0.0491743
-0.991957, -0.126359, -0.00735051
0.126212, -0.991842, 0.0178893
-0.00955102, 0.0168177, 0.999813

149
-0.0264633, -0.0243908, 0.0333293
-0.720056, 0.693901, -0.00460055
-0.43484, -0.446044, 0.782278
0.540771, 0.565284, 0.622913

150
-0.0247731, -0.0307651, 0.0460021
0.792587, -0.609428, 0.0200816
0.608778, 0.789015, -0.0827312
0.0345741, 0.0777968, 0.99637

151
0.00306927, 0.0124123, -0.0251692
-0.964332, 0.264485, -0.0106104
0.0909591, 0.293467, -0.951632
-0.248578, -0.918654, -0.307057

152
0.0166192, -0.00174161, -0.00129133
0.000215401, 0.999608, -0.0280092
0.0695209, -0.0279564, -0.997189
-0.99758, -0.00173243, -0.0694996

153
-0.0652449, 0.0511705, 0.00246298
0.632656, 0.774303, -0.0141756
0.00216283, -0.020071, -0.999796
-0.77443, 0.632496, -0.0143727

154
0.0387909, -0.0274239, 0.0436243
0.539713, 0.841525, -0.023352
-0.754139, 0.470967, -0.457673
-0.374145, 0.264623, 0.888814

155
-0.000246449, 0.014696, -0.0235009
-0.989613, 0.143746, -0.0018609
0.0497031, 0.329974, -0.94268
-0.134893, -0.932981, -0.333692

156
-0.00430215, 0.00905198, -0.0233339
-0.961673, -0.274199, -1.8657e-05
-0.0741127, 0.259994, -0.962762
0.263993, -0.925861, -0.270351

157
-0.0121945, -0.00654089, 0.0401664
-0.684564, 0.728498, -0.0257249
-0.728821, -0.684685, 0.00516114
-0.0138536, 0.022282, 0.999656

158
0.00654008, 0.0272109, 0.028268
-0.964332, 0.264485, -0.0106104
-0.194848, -0.736421, -0.647857
-0.179162, -0.622682, 0.761688

159
0.0115532, -0.0206443, -0.00391564
-0.826914, -0.562271, 0.0080301
-0.0620027, 0.10536, 0.992499
-0.5589, 0.820213, -0.121986

160
-0.000195561, 0.0148082, -0.00195589
-0.990976, 0.133992, -0.00368175
0.00670142, 0.0220922, -0.999733
-0.133875, -0.990736, -0.0227907

161
-0.0901293, -0.000702601, 0.021674
-0.0192504, -0.999257, 0.033393
0.780308, 0.005866, 0.625367
-0.625099, 0.0380954, 0.779616

162
-0.0104745, -0.0216847, 0.0293255
0.915562, -0.401672, 0.0201535
0.348609, 0.767628, -0.537791
0.200545, 0.499407, 0.842837

163
0.0449006, -0.0687444, 0.0145171
-0.821796, -0.569672, 0.0111703
0.196669, -0.302, -0.932801
0.534764, -0.764375, 0.360219

164
-0.00952034, 0.034455, 0.0355788
-0.980608, -0.19586, 0.00689918
0.113698, -0.597215, -0.793982
0.15963, -0.7778, 0.607903

165
0.0197912, -0.0171066, -0.0237
0.539713, 0.841525, -0.023352
0.374145, -0.264623, -0.888814
-0.754139, 0.470967, -0.457673

166
0.00230493, -0.0113928, -0.00180114
-0.946007, -0.324147, 0.000481884
0.0135199, -0.0379719, 0.999187
-0.323865, 0.945244, 0.0403041

167
-0.0247894, -0.0279342, 0.0372878
-0.83988, 0.542082, 0.0273588
-0.297086, -0.501308, 0.812669
0.454248, 0.674416, 0.582084

168
-0.00902697, 0.0256193, 0.0294845
-0.961673, -0.274199, -1.8657e-05
0.215536, -0.755888, -0.618205
0.169497, -0.594515, 0.786017

169
0.0287705, -0.000727828, 0.0349824
0.000215401, 0.999608, -0.0280092
-0.656237, -0.0209932, -0.754263
-0.754555, 0.0185431, 0.655975

170
0.00685584, 0.0214096, 0.0191605
-0.825899, 0.562806, 0.0337689
-0.184296, -0.212875, -0.959541
-0.532847, -0.798707, 0.279537

171
0.000667005, -0.00122226, 0.0091444
0.0651598, -0.997631, 0.0220603
0.260115, -0.004362, -0.965568
0.963376, 0.0686544, 0.259215

172
0.016358, -0.0225592, 0.03426
0.751311, 0.659799, -0.014035
-0.470473, 0.52057, -0.712505
-0.462804, 0.541916, 0.701527

173
-0.0444336, 0.0182765, 0.0422659
-0.40983, -0.911924, 0.0208099
0.837529, -0.385238, -0.387476
0.361365, -0.14137, 0.921645

174
-0.0437179, -0.0234196, 0.0441384
0.509465, -0.860488, 0.00218385
0.774152, 0.457237, -0.437748
0.375678, 0.224708, 0.899095

175
0.0036983, -0.0117092, -0.00228898
-0.879138, -0.476463, 0.00992936
0.0232818, -0.0221291, 0.999484
-0.475998, 0.878916, 0.0305475

176
-0.0366733, -0.0091151, 0.0431265
0.209937, -0.977457, 0.0224517
0.977031, 0.208875, -0.0422113
0.0365702, 0.0307977, 0.998856

177
0.0090131, 0.00667473, -0.000304494
-0.613464, 0.789402, -0.022491
0.00571487, -0.0240413, -0.999695
-0.789702, -0.613406, 0.0102371

178
-0.0767897, -0.0197537, 0.00983117
0.232769, -0.972261, 0.022938
0.659894, 0.175223, 0.730642
-0.714394, -0.154934, 0.682376

179
0.0414611, -0.0694453, 0.0141531
-0.843126, -0.537581, 0.0120752
0.174901, -0.295406, -0.939226
0.508477, -0.789774, 0.343088

180
0.000972552, -0.000526132, 0.0062963
0.328914, -0.944134, 0.0206419
0.254261, 0.067485, -0.964778
0.909487, 0.322577, 0.262253

181
-0.0255941, 0.0176358, 0.0296899
-0.582875, -0.812532, 0.00691118
0.590526, -0.429429, -0.683278
0.558154, -0.394185, 0.730125

182
0.0217532, -0.0378847, 0.0431449
-0.843126, -0.537581, 0.0120752
0.508477, -0.789774, 0.343088
-0.174901, 0.295406, 0.939226

183
-0.030335, -0.015526, 0.0323405
0.509465, -0.860488, 0.00218385
0.571457, 0.33644, -0.748495
0.643337, 0.38258, 0.663137

184
0.000850478, 0.0018759, 0.00456294
0.842673, -0.538176, 0.0164231
0.0765695, 0.149973, 0.985721
-0.532954, -0.829382, 0.167586

185
0.0153011, -0.0289299, 0.0334846
-0.828087, -0.560053, 0.0247518
0.366804, -0.507905, 0.779415
-0.423942, 0.654502, 0.626019

186
0.0218954, -0.00529428, -0.00608401
0.288541, 0.957464, 0.00275085
0.101662, -0.0277798, -0.994431
-0.952055, 0.287214, -0.105353

187
0.00854109, -0.0205577, -0.00323969
-0.828087, -0.560053, 0.0247518
-0.0404026, 0.10366, 0.993792
-0.559142, 0.821946, -0.108467

188
-0.016723, 0.0191137, 0.00138053
-0.732254, -0.680971, -0.00914951
-0.0860245, 0.105813, -0.990658
0.675577, -0.724626, -0.136062

189
0.00953408, 0.00423637, -0.00178279
-0.543435, 0.838846, -0.031859
-0.0168437, -0.0488408, -0.998665
-0.839282, -0.542173, 0.0406711

190
0.00267715, 0.0181822, -0.00165853
-0.926293, 0.376584, 0.0129129
0.0170161, 0.0760403, -0.99696
-0.376421, -0.923256, -0.0768436

191
-0.0277213, 0.0373245, 0.0426397
-0.810328, -0.585975, -0.00141867
0.544868, -0.752586, -0.369773
0.21561, -0.30041, 0.929121

192
-0.0485515, 0.0665181, 0.00655173
0.823218, 0.567664, -0.00836559
-0.0551839, 0.065344, -0.996336
-0.565037, 0.820663, 0.0851182

193
0.0388782, -0.0201456, 0.0487739
0.484511, 0.874735, 0.00934734
-0.760447, 0.426441, -0.489763
-0.432399, 0.230187, 0.871806

194
0.0203433, -0.0336604, 0.0425173
0.833784, 0.552032, -0.00804586
-0.545801, 0.822004, -0.162512
-0.0830982, 0.139892, 0.986674

195
-0.0190088, -0.0168991, -0.00345076
-0.720056, 0.693901, -0.00460055
0.0749045, 0.0843156, 0.99362
0.689861, 0.715117, -0.112688

196
-0.0173802, 0.0126716, -0.000168211
-0.616478, -0.787348, 0.00618068
-0.0880672, 0.0611501, -0.994236
0.782432, -0.613468, -0.107037

197
-0.0112419, -0.00808768, -0.00393912
0.531074, -0.84706, 0.0212016
0.0600092, 0.0126409, -0.998118
0.845198, 0.531346, 0.0575447

198
0.00517952, -0.0156276, -0.000575375
-0.862196, -0.506326, 0.0158651
-0.0142867, 0.0556101, 0.99835
-0.506373, 0.860547, -0.0551805

199
0.00259027, 0.0161421, -0.000956884
-0.965852, 0.259027, -0.00596664
0.0220219, 0.0591255, -0.998008
-0.258158, -0.964059, -0.0628107

200
-0.0130538, 0.00367906, -0.00185214
-0.49436, -0.868947, 0.0232035
0.0226892, -0.0395835, -0.998959
0.868961, -0.493319, 0.0392842

201
0.020737, -0.0035528, -0.00532077
0.20344, 0.979066, -0.0065009
0.086889, -0.0246674, -0.995913
-0.975224, 0.202044, -0.0900883

202
0.00898, 0.0128677, -0.00100745
-0.790503, 0.612284, -0.0146069
0.0506101, 0.041536, -0.997854
-0.610364, -0.789546, -0.0638221

203
-0.0183494, -0.00559621, 0.0168782
0.232769, -0.972261, 0.022938
0.407483, 0.0760856, -0.910037
0.883049, 0.221176, 0.413891

204
0.0307163, 0.0305272, 0.0451967
0.692213, -0.721376, 0.0214241
0.658361, 0.64335, 0.390719
-0.295638, -0.256356, 0.920261

205
0.0161384, -0.00312773, 0.0131077
0.107069, 0.994006, -0.0221197
-0.394113, 0.0628559, 0.91691
0.912804, -0.089455, 0.39848

206
0.0290036, -0.0727836, 0.0127752
-0.918157, -0.396167, 0.00634759
0.258572, -0.611251, -0.748005
0.300215, -0.685145, 0.663662

207
0.0517173, 0.0598271, 0.00819744
0.761534, -0.647716, 0.0230499
0.112249, 0.09678, -0.988956
0.638331, 0.75571, 0.146407

208
0.00733086, -0.000416913, 0.010346
0.209937, -0.977457, 0.0224517
0.340107, 0.0514798, -0.938977
0.916654, 0.204761, 0.343248

209
0.0117692, 0.0115356, 0.0179058
0.692213, -0.721376, 0.0214241
0.256484, 0.273646, 0.927003
-0.67458, -0.636188, 0.374442

210
-0.045688, -0.0115253, 0.0429916
0.232769, -0.972261, 0.022938
0.912544, 0.210195, -0.350829
0.336276, 0.102594, 0.936159

211
-0.025725, 0.0194936, 0.0365509
-0.616478, -0.787348, 0.00618068
0.49099, -0.390548, -0.778718
0.615536, -0.477027, 0.627344

212
-0.0257412, -0.016316, 0.030507
0.531074, -0.84706, 0.0212016
0.640078, 0.384657, -0.665086
0.555212, 0.36678, 0.746466

213
-0.00475526, 0.0262472, -0.0233967
-0.988906, -0.148436, -0.00558114
-0.0621122, 0.447349, -0.8922
0.134931, -0.881955, -0.451606

214
0.0409818, 0.0713915, 0.0207742
-0.825899, 0.562806, 0.0337689
-0.421759, -0.656445, 0.625459
0.374179, 0.502323, 0.779526

215
0.0238502, -0.0199987, 0.0338235
0.601613, 0.798658, -0.0143812
-0.512193, 0.371884, -0.774184
-0.61296, 0.473125, 0.632797

216
-0.0171137, 0.0311007, 0.0401815
0.90812, 0.418681, -0.00500414
-0.418639, 0.90812, 0.00768731
0.00776289, -0.00488607, 0.999958

217
-0.0128899, 0.00822585, -0.00516006
-0.582875, -0.812532, 0.00691118
0.0228909, -0.0249218, -0.999427
0.812239, -0.582383, 0.0331259

218
0.0252563, -0.00156833, 0.0312748
0.0781627, 0.996833, -0.0146167
-0.760313, 0.0501207, -0.647621
-0.644838, 0.061733, 0.761823

219
0.0100914, -0.0159603, 0.0402626
0.778481, 0.627559, -0.0117206
-0.557625, 0.682915, -0.471891
-0.288135, 0.373893, 0.881579

220
-0.0264955, -0.00211293, 0.0161546
-0.0192504, -0.999257, 0.033393
0.278905, -0.0374404, -0.959589
0.960126, -0.00915899, 0.279418

221
-0.0104698, 0.00323753, -0.00258982
-0.5052, -0.862812, 0.0181498
0.06382, -0.0583253, -0.996256
0.860639, -0.50215, 0.0845305

222
0.0428999, -0.019998, 0.0440591
0.399944, 0.916309, -0.0205636
-0.883274, 0.39132, 0.258256
0.244689, -0.0851244, 0.965858

223
-0.0180225, -0.0289884, 0.0378756
-0.777362, 0.624835, -0.0727224
-0.418564, -0.427479, 0.80129
0.469587, 0.653332, 0.59384

224
0.0125029, 0.0119674, 0.0401573
0.591241, -0.806072, 0.0261134
0.806495, 0.590927, -0.019261
9.46343e-05, 0.0324482, 0.999473

225
-0.062681, -0.044096, 0.0417356
0.583339, -0.812034, 0.017789
0.752936, 0.548841, 0.363126
-0.304634, -0.198432, 0.93157

226
0.00227493, 0.0102935, -0.00579183
-0.964332, 0.264485, -0.0106104
-0.0110915, -0.0804255, -0.996699
-0.264465, -0.96103, 0.0804904

227
-0.00920666, 0.011832, -0.00311969
-0.810328, -0.585975, -0.00141867
0.00931401, -0.0104593, -0.999902
0.585903, -0.810261, 0.0139332

228
-0.00611815, -0.000459896, 0.0461656
0.832183, -0.554003, 0.0235082
0.554365, 0.832171, -0.0130616
-0.0123266, 0.0239018, 0.999638

229
-0.00796, -0.0059205, -0.00153144
0.515452, -0.856634, 0.0220964
0.101917, 0.0356819, -0.994153
0.850836, 0.51469, 0.105698

230
0.0438048, -0.0462059, 0.0520358
0.691528, 0.721865, -0.0264538
-0.721555, 0.688588, -0.0721512
-0.0338676, 0.0689825, 0.997043

231
-0.0124256, 0.0747745, 0.0450588
-0.988906, -0.148436, -0.00558114
0.139331, -0.93996, 0.311547
-0.0514908, 0.307313, 0.950214

232
0.0380298, -0.0100938, 0.0449456
0.229214, 0.97313, -0.0218614
-0.950592, 0.218962, -0.220068
-0.209369, 0.0712241, 0.975239

233
-0.0725338, 0.0086406, 0.0112897
0.148278, 0.988714, -0.0214124
-0.361158, 0.0339815, -0.931885
-0.92064, 0.145912, 0.36212

234
0.0170244, 0.0218501, -0.0216352
-0.75882, 0.651242, -0.00868343
0.316054, 0.35654, -0.879198
-0.569475, -0.669898, -0.476377

235
0.014718, -0.0137794, -0.00281513
0.601613, 0.798658, -0.0143812
0.0712534, -0.0715884, -0.994886
-0.795603, 0.597512, -0.0999756

236
-0.0330113, -0.00571178, -0.0194751
-0.247952, -0.964262, 0.0933746
-0.499933, 0.0448004, -0.864905
0.829811, -0.261136, -0.493175

237
-0.00408035, 0.0210443, -0.00460633
-0.988906, -0.148436, -0.00558114
-0.0057483, 0.0757871, -0.997107
0.148429, -0.986014, -0.0757996

238
-0.00404697, -0.00366073, -0.000887369
0.565651, -0.824359, 0.0217248
0.159377, 0.0834363, -0.983686
0.809097, 0.559885, 0.17858

239
0.0362173, 0.0232271, 0.0430941
-0.543435, 0.838846, -0.031859
-0.781841, -0.519593, -0.344597
-0.305618, -0.162358, 0.93821

240
0.00174207, -0.00982046, -0.000834368
-0.918157, -0.396167, 0.00634759
0.029446, -0.0522505, 0.9982
-0.395122, 0.916691, 0.0596397

241
0.0148812, -0.00233985, -0.00070705
0.226819, 0.973934, -0.00244192
0.0557544, -0.0154877, -0.998324
-0.97234, 0.226303, -0.057814

242
-0.0130538, 0.00367906, -0.00185214
-0.49436, -0.868947, 0.0232035
0.0226892, -0.0395835, -0.998959
0.868961, -0.493319, 0.0392842

243
0.0144773, -0.000903761, -0.00218409
0.195088, 0.980786, 0.000337585
0.026895, -0.00500562, -0.999626
-0.980417, 0.195024, -0.0273547

244
-0.0195524, -0.00923378, -0.00383422
0.509465, -0.860488, 0.00218385
-0.0508265, -0.0326259, -0.998174
0.858989, 0.508424, -0.0603574

245
-0.00460314, 0.0428505, 0.0437138
-0.997138, -0.075392, -0.00572394
0.0734416, -0.947779, -0.310358
0.0179735, -0.30989, 0.950602

246
0.0201492, -0.0396203, 0.0472456
-0.862196, -0.506326, 0.0158651
0.462361, -0.773761, 0.433032
-0.20698, 0.380694, 0.901239

247
0.0397454, -0.0741302, 0.0108443
-0.862196, -0.506326, 0.0158651
0.20698, -0.380694, -0.901239
0.462361, -0.773761, 0.433032

248
-0.00388883, 0.00760106, -0.00388328
-0.961673, -0.274199, -1.8657e-05
0.0325547, -0.114108, -0.992935
0.27226, -0.954879, 0.118661

249
0.0434963, -0.00669212, 0.0448369
0.195088, 0.980786, 0.000337585
-0.895495, 0.178264, -0.407813
-0.400037, 0.0792572, 0.913066

250
-0.0409231, 0.0207343, 0.0430812
-0.49436, -0.868947, 0.0232035
0.811498, -0.470915, -0.345991
0.311575, -0.152215, 0.937951

251
0.0441989, -0.000396716, 0.0469179
0.000215401, 0.999608, -0.0280092
-0.89504, -0.012299, -0.445817
-0.445986, 0.0251654, 0.894686

252
-0.0297835, 0.0114433, 0.0313441
-0.40983, -0.911924, 0.0208099
0.635487, -0.301814, -0.710679
0.654366, -0.278034, 0.703208

253
0.00477212, 0.0188378, 0.0166198
-0.905953, 0.42332, 0.00707001
-0.153632, -0.313138, -0.937199
-0.394521, -0.850144, 0.348724

254
-0.0225556, 0.01865, 0.0306938
-0.66303, -0.74855, 0.0080054
0.558091, -0.501402, -0.661159
0.498924, -0.433901, 0.750203

255
-0.0510407, -0.0449439, 0.0576607
-0.696121, 0.717874, 0.00848236
-0.709567, -0.689767, 0.143998
0.109223, 0.0942211, 0.989542

256
0.00942044, -0.0152256, -0.00142391
0.691528, 0.721865, -0.0264538
0.0338676, -0.0689825, -0.997043
-0.721555, 0.688588, -0.0721512

257
0.049374, -0.0304273, 0.0419657
0.507619, 0.861383, -0.0184982
-0.838636, 0.498908, 0.218588
0.197517, -0.0954461, 0.975642

258
-0.00525627, -0.00472344, -0.0157577
0.497554, -0.867144, 0.0223877
-0.196381, -0.137745, -0.970804
0.844911, 0.478631, -0.238826

259
0.0195451, -0.000197901, 0.0163093
0.0251291, 0.999554, -0.016148
-0.342831, -0.00655689, -0.939374
-0.939061, 0.0291417, 0.342513

260
0.00650188, -0.0120905, -0.00120446
0.751311, 0.659799, -0.014035
-0.00542288, -0.0150939, -0.999871
-0.659926, 0.75129, -0.00776217

261
-0.00353961, 0.0231107, 0.0148136
-0.994333, -0.106186, -0.00521672
0.0381217, -0.310309, -0.949871
0.0992442, -0.944687, 0.312598

262
0.0281761, 0.0247274, 0.0377169
-0.179631, 0.967108, 0.180095
-0.616685, 0.0319307, -0.786562
-0.766441, -0.252353, 0.590666

263
-0.028003, -0.0113893, 0.0286816
-0.471228, 0.881585, -0.0274131
-0.617264, -0.351824, -0.703708
-0.630023, -0.314686, 0.70996

264
0.00169199, -0.00106933, 0.0288998
-0.00642112, 0.999659, -0.0253152
-0.654397, -0.0233429, -0.755791
-0.756124, 0.0117132, 0.654324

265
0.0155856, 0.01814, -0.00352186
-0.747652, 0.663891, -0.0162904
0.0878785, 0.0745916, -0.993335
-0.658251, -0.7441, -0.11411

266
-0.00266561, -0.00218126, 0.0270062
0.209937, -0.977457, 0.0224517
0.665006, 0.12592, -0.736146
0.716724, 0.169474, 0.67645

267
-0.0089558, 0.0277905, 0.0322539
-0.969201, -0.246272, 0.000534812
0.177303, -0.699278, -0.692513
0.17092, -0.671089, 0.721405

268
-0.00505941, -0.0646325, 0.0603609
-0.999482, 0.0320255, 0.00311591
-0.0309362, -0.983063, 0.180641
0.00884823, 0.180451, 0.983544

269
-0.0236272, -0.0363025, 0.0394393
-0.901602, 0.431986, -0.0223965
-0.392179, -0.838172, -0.379029
-0.182507, -0.33295, 0.925114

270
0.00152806, 0.0285361, 0.0337238
-0.990976, 0.133992, -0.00368175
-0.0899252, -0.684935, -0.723034
-0.0994024, -0.716178, 0.690803

271
-0.0599801, -0.038703, 0.0241697
-0.530063, 0.847643, -0.0231173
-0.586695, -0.386293, -0.711735
-0.612227, -0.363702, 0.702068

272
-0.0220037, -0.00585959, 0.0286479
-0.230577, 0.972687, -0.0267175
-0.686062, -0.181981, -0.704416
-0.690038, -0.144092, 0.709284

273
0.0159441, 0.0175695, -0.00597108
-0.698612, 0.715454, -0.00810745
0.0793982, 0.0662581, -0.994639
-0.711081, -0.695511, -0.103095

274
0.0190857, -0.00120009, 0.0180536
0.000215401, 0.999608, -0.0280092
-0.317529, -0.0264913, -0.947879
-0.948249, 0.00909789, 0.317398

275
-0.0237426, 0.0310778, 0.0430004
0.823218, 0.567664, -0.00836559
-0.565037, 0.820663, 0.0851182
0.0551839, -0.065344, 0.996336

276
0.0630221, -0.000257165, 0.0520431
0.000215401, 0.999608, -0.0280092
-0.99758, -0.00173243, -0.0694996
-0.0695209, 0.0279564, 0.997189

277
0.00227193, 0.0648695, 0.0548678
-0.998245, 0.0562827, -0.018435
-0.0539084, -0.992391, -0.110698
-0.0245251, -0.10951, 0.993683

278
0.0208376, 0.0344033, 0.0449246
0.842673, -0.538176, 0.0164231
0.521687, 0.823641, 0.22239
-0.133212, -0.178834, 0.974819

279
-0.02533, 0.0126535, 0.0313952
-0.5052, -0.862812, 0.0181498
0.653692, -0.396316, -0.644687
0.563436, -0.313831, 0.764231

280
-0.00795238, 0.0259881, 0.0180729
-0.980608, -0.19586, 0.00689918
0.0439553, -0.254104, -0.966178
0.190989, -0.947138, 0.257785

281
0.0316027, 0.0245806, 0.044511
-0.590704, 0.806634, -0.0202713
-0.776907, -0.57536, -0.255689
-0.21791, -0.135287, 0.966547

282
-0.0215307, -0.01481, 0.0312759
0.565651, -0.824359, 0.0217248
0.684815, 0.454897, -0.569296
0.459421, 0.3369, 0.821846

283
-0.00326631, 0.025895, 0.0341573
-0.997138, -0.075392, -0.00572394
0.0609731, -0.757043, -0.650513
0.0447103, -0.649, 0.759473

284
-0.0255374, -0.0302316, 0.031988
0.832183, -0.554003, 0.0235082
0.383279, 0.605335, 0.697615
-0.400711, -0.571533, 0.716087

285
0.0201191, 0.0354361, 0.0444179
-0.858798, 0.512078, -0.0155676
-0.490598, -0.830767, -0.262945
-0.147581, -0.218179, 0.964685

286
0.0197663, -0.00089784, 0.0330473
-0.0140844, 0.99956, -0.0261114
-0.857292, -0.0255121, -0.514198
-0.514638, 0.0151429, 0.857274

287
-0.00108627, -0.00185856, -0.00203134
0.915562, -0.401672, 0.0201535
0.104697, 0.189661, -0.976252
0.388311, 0.895929, 0.2157

288
-0.0140204, 0.0647426, 0.0548665
-0.979, -0.203418, -0.0134516
0.203634, -0.972659, -0.111653
0.00962845, -0.112048, 0.993656

289
0.0452639, -0.00447621, 0.0443389
0.145413, 0.98937, -0.0012678
-0.893586, 0.130784, -0.429417
-0.424687, 0.0635755, 0.903105

290
0.0633666, -0.00671814, 0.0547974
0.135543, 0.99077, -0.00195726
-0.983153, 0.134256, -0.124039
-0.122632, 0.0187369, 0.992275

291
-0.0295071, -0.00789384, 0.0327157
0.232769, -0.972261, 0.022938
0.714394, 0.154934, -0.682376
0.659894, 0.175223, 0.730642

292
0.0103497, -0.000211216, -0.00892692
0.209937, -0.977457, 0.0224517
-0.0365702, -0.0307977, -0.998856
0.977031, 0.208875, -0.0422113

293
0.0192443, 0.019193, 0.0342181
0.692213, -0.721376, 0.0214241
0.495111, 0.496275, 0.713146
-0.525078, -0.483041, 0.700688

294
0.0359835, -0.0289151, 0.0462284
0.601613, 0.798658, -0.0143812
-0.707774, 0.524633, -0.473092
-0.370294, 0.294797, 0.880896

295
-0.0101009, -0.0234425, 0.000849187
-0.777362, 0.624835, -0.0727224
0.0360786, 0.159702, 0.986506
0.628017, 0.764249, -0.146689

296
0.0759173, -0.035296, 0.00454187
0.399944, 0.916309, -0.0205636
-0.451548, 0.216513, 0.865579
0.79759, -0.336897, 0.50035

297
-0.0181163, 0.0240677, 0.0320281
-0.810328, -0.585975, -0.00141867
0.420882, -0.580337, -0.697185
0.40771, -0.565545, 0.71689

298
-0.0388448, -0.0136001, 0.0427686
0.328914, -0.944134, 0.0206419
0.937558, 0.323848, -0.126914
0.113139, 0.0610968, 0.991699

299
-0.0176482, 0.019847, 0.0208538
-0.732254, -0.680971, -0.00914951
0.179056, -0.179544, -0.967317
0.657072, -0.70996, 0.253403

300
-0.0176817, 0.0146701, -0.0046333
-0.694828, -0.719079, 0.0118194
-0.0630904, 0.044575, -0.997012
0.716403, -0.693497, -0.0763389

301
0.000663296, -0.00565625, 0.0297062
-0.995259, -0.0971667, -0.00420792
0.073837, -0.726722, -0.682952
