0
0.0336796, 0.0525578, -0.00664657
0.838784, -0.544465, 9.22631e-06
-0.00997658, -0.0153865, -0.999832
0.544373, 0.838643, -0.0183379

1
-0.0195324, 0.0355572, 0.0374521
0.9056, 0.424113, -0.00419794
-0.416495, 0.891116, 0.180122
0.0801328, -0.16137, 0.983635

2
0.0139982, -0.00765764, -0.00569931
-0.365658, -0.93071, 0.00853498
-0.00255579, -0.00816593, -0.999963
0.930746, -0.365666, 0.000607235

3
-1.95211e-05, -0.0176431, -0.00577314
-0.985359, -0.170393, 0.00585528
-0.0059178, -0.000140968, -0.999982
0.170391, -0.985376, -0.000869449

4
-0.014375, -0.0412593, 0.0399165
-0.960948, 0.276729, -0.000725907
-0.269397, -0.934882, 0.23113
0.0632818, 0.2223, 0.972922

5
-0.0113465, 0.00268425, -0.00811896
0.442179, 0.89684, -0.0125113
0.0373366, -0.0323419, -0.998779
-0.89615, 0.441172, -0.0477858

6
-0.000902999, -0.0181588, -0.00561456
-0.995678, -0.0927076, 0.00552372
-0.00528648, -0.00280441, -0.999982
0.0927214, -0.995689, 0.00230219

7
-0.0160101, 0.0396173, 0.0393356
-0.953614, -0.300915, 0.00841498
0.287082, -0.917476, -0.275357
0.0905795, -0.260168, 0.961305

8
0.0157917, 0.000390838, 0.0138873
-0.166565, 0.986016, -0.0054075
-0.387692, -0.0604472, 0.919805
0.906615, 0.155303, 0.392338

9
0.00269404, 0.0236957, 0.0166859
0.999796, 0.019233, -0.00614629
-0.0131316, 0.388139, -0.921507
-0.0153377, 0.9214, 0.388312

10
-0.00370229, 0.000573058, -0.0127271
0.585922, 0.810294, -0.0109471
0.107062, -0.0907923, -0.990098
-0.803264, 0.578948, -0.139949

11
-0.00451054, -0.0171555, -0.00587132
-0.975624, 0.219419, 0.00363956
-0.00292924, 0.00356253, -0.999989
-0.219429, -0.975624, -0.00283296

12
0.0566333, 0.0121898, -0.00335767
0.331354, -0.943498, 0.00404979
-0.0105086, -0.00798252, -0.999913
0.943448, 0.331282, -0.0125599

13
0.00458809, 0.041404, 0.0391685
-0.985909, 0.166917, 0.0110105
-0.163032, -0.944053, -0.286677
-0.0374568, -0.284433, 0.957964

14
-0.0260444, -0.0363502, 0.0398227
0.822529, -0.568675, 0.00738242
0.553691, 0.797757, -0.238769
0.129893, 0.200482, 0.971048

15
0.0330457, -0.0305725, -0.0177203
-0.130383, 0.966596, -0.220662
0.513206, -0.124628, -0.849169
-0.848304, -0.223962, -0.479814

16
-0.00277106, 0.000919428, -0.0130265
0.835672, 0.549115, -0.0112366
0.0708558, -0.128075, -0.98923
-0.54464, 0.825875, -0.145936

17
-0.0039054, -0.00163154, -0.0131756
0.0566656, 0.998362, -0.00793376
0.14824, -0.0162718, -0.988818
-0.987327, 0.0548559, -0.148919

18
0.0318121, -0.0322651, 0.0388433
0.678474, 0.734363, -0.019617
-0.703075, 0.641362, -0.307148
-0.212976, 0.222184, 0.95146

19
0.0440083, -0.00327677, 0.0384732
0.0484525, 0.998805, -0.00633616
-0.943068, 0.043657, -0.329723
-0.329053, 0.0219513, 0.944056

20
-0.0124328, -0.0184808, 0.0302681
0.838784, -0.544465, 9.22631e-06
0.391985, 0.60389, 0.694021
-0.377875, -0.58213, 0.719955

21
-0.0457911, 0.0689172, 0.0188104
-0.831294, -0.555471, -0.0200701
0.421275, -0.653194, 0.629178
-0.3626, 0.514576, 0.777002

22
0.0035505, 0.00375204, 0.00120224
0.800038, -0.599946, 0.00190362
0.0456606, 0.0640525, 0.996901
-0.598209, -0.797473, 0.0786383

23
-0.0032953, -0.0212264, -0.00791823
-0.997158, 0.0752074, 0.00454811
-0.00575519, -0.0158411, -0.999858
-0.0751247, -0.997042, 0.0162289

24
-0.021168, -0.0446268, 0.0424362
-0.903918, 0.427271, -0.0192801
-0.393576, -0.813298, 0.428537
0.167421, 0.394951, 0.903318

25
-0.0346205, -0.0258014, 0.0374747
0.621787, -0.783185, 0.00127473
0.770866, 0.611717, -0.177675
0.138372, 0.111459, 0.984088

26
0.00507412, -0.0103966, -0.0108087
-0.720823, -0.693075, 0.00777227
-0.0344182, 0.0245921, -0.999105
0.692264, -0.720446, -0.0415809

27
-0.000756187, -0.0358562, 0.0355124
-0.997392, 0.0656036, -0.0300903
-0.0627518, -0.582243, 0.810589
0.0356577, 0.810364, 0.584841

28
-0.00177245, 0.000171671, -0.0138032
0.701196, 0.712904, -0.00960397
0.108478, -0.119991, -0.986831
-0.704668, 0.69092, -0.161471

29
0.0130152, -0.0386671, 0.0376122
0.939635, 0.342109, -0.00686258
-0.338663, 0.926931, -0.161574
-0.0489147, 0.154145, 0.986837

30
0.0238381, -0.0801879, 0.00476905
-0.957658, -0.287902, 0.00198232
0.0701255, -0.239927, -0.968255
0.279238, -0.927118, 0.249957

31
-0.0160101, 0.0396173, 0.0393356
-0.953614, -0.300915, 0.00841498
0.287082, -0.917476, -0.275357
0.0905795, -0.260168, 0.961305

32
0.0901443, -0.0130091, 0.0254766
-0.130383, 0.966596, -0.220662
-0.798772, 0.029435, 0.600913
0.587335, 0.254608, 0.768253

33
0.00446235, -0.00717171, -0.0121942
-0.596946, -0.802246, 0.00753975
-0.0600821, 0.0353313, -0.997568
0.800028, -0.595947, -0.0692915

34
0.00975456, -0.0147651, -0.00850963
-0.687825, -0.725833, 0.00790881
-0.00224549, -0.00876783, -0.999959
0.725873, -0.687815, 0.00440088

35
-0.0172211, 0.0429726, 0.0402284
-0.951736, -0.306852, 0.00629396
0.279699, -0.875595, -0.39383
0.126359, -0.373062, 0.919162

36
-0.0137145, 0.0059758, -0.00965364
0.567243, 0.823459, -0.0122371
0.00827848, -0.0205596, -0.999754
-0.823509, 0.567003, -0.0184793

37
0.0634479, -0.0243975, -0.00650252
-0.280365, -0.959858, 0.00825692
-0.0171522, -0.0035909, -0.999846
0.95974, -0.280464, -0.015457

38
-0.0158476, -0.00996516, -0.0208428
0.588364, -0.808596, 0.000737716
-0.29252, -0.213699, -0.932075
0.75383, 0.548184, -0.362263

39
-0.049685, 0.00749013, 0.040473
-0.207937, -0.977968, 0.0184842
0.902536, -0.199115, -0.381814
0.377082, -0.0627106, 0.924054

40
0.00033371, 0.0119442, 0.0168231
-0.977805, 0.209295, 0.00965083
-0.102835, -0.439282, -0.892444
-0.182544, -0.873629, 0.451055

41
0.0502059, 0.0433989, -0.00984016
0.655673, -0.755039, 0.00292639
-0.014851, -0.0167714, -0.999749
0.754899, 0.655465, -0.0222097

42
-0.00285369, 0.0285486, -0.0169908
-0.991249, 0.127557, 0.0339712
0.0384079, 0.524917, -0.850287
-0.126292, -0.841541, -0.525223

43
-0.0234123, 0.00066991, -0.0248204
-0.207937, -0.977968, 0.0184842
-0.377082, 0.0627106, -0.924054
0.902536, -0.199115, -0.381814

44
-0.000864447, -0.0333361, -0.00172134
-0.999428, -0.0333895, 0.00542037
-0.00474288, -0.0203366, -0.999782
0.0334925, -0.999235, 0.0201666

45
-0.00212291, 0.000731878, 0.00311444
-0.993371, 0.114734, 0.00711784
-0.0272548, -0.174915, -0.984206
-0.111677, -0.977876, 0.176882

46
-0.0395793, 0.023485, 0.0459677
-0.593321, -0.804607, 0.0240439
0.730012, -0.55042, -0.405118
0.339195, -0.222813, 0.913948

47
-0.0108249, 0.0173387, -0.00195606
-0.831294, -0.555471, -0.0200701
-0.0414894, 0.0980177, -0.994319
0.554283, -0.825739, -0.104528

48
-0.0150106, 0.000681146, -0.0189465
-0.331289, -0.94336, 0.0178591
-0.311661, 0.0915441, -0.945773
0.89057, -0.31889, -0.324336

49
-0.00395153, -0.00103711, -0.0154441
0.313105, -0.949716, 0.00213788
-0.183864, -0.0628248, -0.980942
0.931751, 0.306745, -0.194289

50
-0.0695221, -0.0143993, -0.00612896
-0.200448, 0.979681, -0.00676073
0.00917907, -0.00502249, -0.999945
-0.979661, -0.200499, -0.00798581

51
0.0243375, 0.0300072, 0.0403057
0.770911, -0.636937, -0.00268871
0.625058, 0.755709, 0.195467
-0.122468, -0.152368, 0.980707

52
-0.0326531, -0.00715785, -0.0164323
0.216406, -0.9763, 0.00257928
-0.501394, -0.113405, -0.857755
0.837719, 0.18433, -0.514053

53
0.00250116, 0.0276155, -0.00242428
0.999796, 0.019233, -0.00614629
-0.00626252, 0.00598867, -0.999962
-0.0191954, 0.999797, 0.00610789

54
0.00172165, 0.0165317, 0.0137167
-0.974844, 0.22289, -0.000334596
-0.0869887, -0.379076, 0.921268
0.205214, 0.898121, 0.388928

55
-0.0124599, -0.0494074, 0.0438569
-0.980579, 0.196017, 0.00648491
-0.167765, -0.85546, 0.489941
0.101584, 0.479338, 0.871732

56
-0.0030726, -0.00225703, -0.014728
-0.25997, -0.965554, 0.0110128
-0.176605, 0.0363311, -0.983611
0.949329, -0.257654, -0.179967

57
-0.000732995, -0.0211368, -0.00495276
-0.995362, -0.0960471, 0.005467
-0.00394861, -0.0159918, -0.999864
0.0961215, -0.995248, 0.0155383

58
-0.0362099, 0.00166717, -0.0192031
-0.254175, -0.966279, 0.0412357
-0.50215, 0.0954091, -0.859501
0.826584, -0.23917, -0.509468

59
-0.0680044, 0.0203311, -0.00634919
0.314227, 0.949304, -0.00915332
0.008887, -0.0125827, -0.999881
-0.949306, 0.314109, -0.0123903

60
0.0396757, 0.0343928, 0.0258316
0.655673, -0.755039, 0.00292639
0.523293, 0.451625, -0.722634
0.544295, 0.475343, 0.691225

61
-0.00784559, -0.0246855, -0.00568213
-0.980579, 0.196017, 0.00648491
0.0296505, 0.11548, 0.992867
0.19387, 0.973777, -0.119049

62
0.0352975, -0.0183578, 0.0405912
0.41789, 0.908401, -0.0132813
-0.89713, 0.410311, -0.163715
-0.143269, 0.0803298, 0.986418

63
0.000115262, -0.0419713, 0.0431749
-0.999769, -0.0213253, -0.00253021
0.0203317, -0.977883, 0.208161
-0.00691334, 0.208061, 0.978091

64
-0.0349293, -0.0660016, 0.0184158
-0.894281, 0.447497, -0.00267982
-0.297258, -0.598497, -0.743935
-0.334513, -0.664491, 0.668246

65
-0.00349699, -0.0683091, 0.0556063
-0.997392, 0.0656036, -0.0300903
-0.069586, -0.984722, 0.159628
-0.0191584, 0.161306, 0.986719

66
0.0349601, 0.0293907, 0.0422713
-0.662017, 0.749468, -0.00567047
-0.672921, -0.597699, -0.435814
-0.330018, -0.2847, 0.900019

67
0.0390839, -0.0226449, 0.0410394
0.477187, 0.878773, -0.00712947
-0.823232, 0.44416, -0.353569
-0.30754, 0.174588, 0.935381

68
0.00611115, -0.0496395, 0.0441501
-0.991951, -0.126405, -0.00735224
0.107442, -0.871025, 0.479346
-0.0669956, 0.474698, 0.877595

69
0.00321584, -0.0240553, -0.0050805
-0.991951, -0.126405, -0.00735224
-0.0207795, 0.105237, 0.99423
-0.124902, 0.986381, -0.107016

70
-0.00482408, 0.037353, 0.0408702
-0.99733, -0.0728394, 0.00516506
0.0716085, -0.989422, -0.12616
0.0142998, -0.125453, 0.991997

71
-0.00859746, -0.000244633, -0.00997258
0.264468, 0.964327, -0.0114497
0.0788242, -0.0334473, -0.996327
-0.961168, 0.262594, -0.0848581

72
-0.00239557, -0.00185878, -0.0169154
0.41789, 0.908401, -0.0132813
0.143269, -0.0803298, -0.986418
-0.89713, 0.410311, -0.163715

73
0.0145829, 0.0199794, -0.004011
-0.78204, 0.623165, 0.00890252
0.0838685, 0.119384, -0.9893
-0.61756, -0.772925, -0.145627

74
-0.00195865, -0.00584544, -0.0150377
-0.99733, -0.0728394, 0.00516506
-0.0142998, 0.125453, -0.991997
0.0716085, -0.989422, -0.12616

75
0.0294079, -0.00246379, -0.021676
0.108232, 0.994086, 0.00888998
0.496849, -0.0463451, -0.866599
-0.861061, 0.0982108, -0.498927

76
-0.0789497, -0.0156692, 0.00374566
-0.166565, 0.986016, -0.0054075
0.0112338, -0.00358612, -0.99993
-0.985967, -0.166614, -0.0104793

77
0.0189136, 0.00115788, -0.0184944
-0.141625, 0.989911, -0.00429591
0.431458, 0.0578212, -0.900278
-0.890947, -0.129356, -0.435294

78
0.0123487, 0.00564526, -0.00320758
0.440448, -0.897765, 0.00485428
-0.00644325, -0.00856786, -0.999943
0.897755, 0.440392, -0.00955822

79
-0.0325156, -0.0159681, -0.019388
0.619934, -0.783675, -0.0391751
-0.423628, -0.292255, -0.857395
0.66047, 0.548124, -0.513166

80
-0.00630364, -0.080537, 0.0119325
-0.987827, 0.14433, -0.0580182
-0.0285449, -0.534834, -0.844475
-0.152913, -0.83254, 0.532443

81
-0.000140694, -0.00195977, -0.0154515
-0.132482, 0.991144, -0.00907817
0.19391, 0.0169352, -0.980873
-0.972032, -0.131709, -0.194437

82
0.0243604, 0.0157932, -0.0218237
-0.635498, 0.771896, -0.0178713
0.397347, 0.307113, -0.864753
-0.66201, -0.55665, -0.50188

83
-0.00257337, -0.0364458, 0.0332188
-0.995788, 0.0893625, -0.0205323
-0.069922, -0.595229, 0.800508
0.059314, 0.798572, 0.59897

84
0.0738494, -0.039146, 0.00441209
0.442179, 0.89684, -0.0125113
-0.377436, 0.198709, 0.904465
0.813646, -0.395213, 0.426365

85
0.0107722, 0.0349042, 0.0409132
-0.950375, 0.311086, 0.00352382
-0.309268, -0.943468, -0.119257
-0.0337747, -0.114429, 0.992857

86
-0.0076526, -0.0224371, -0.00272623
-0.965787, 0.259324, -0.00238778
0.0288118, 0.116443, 0.992779
0.257729, 0.958745, -0.119931

87
0.0152105, -0.0059621, 0.0188171
0.218523, 0.975722, -0.0146216
-0.364975, 0.0678254, -0.928543
-0.905009, 0.208245, 0.370936

88
-0.0489237, -0.0103967, 0.0402606
-0.166565, 0.986016, -0.0054075
-0.906615, -0.155303, -0.392338
-0.387692, -0.0604472, 0.919805

89
0.0330338, -0.00335429, 0.0337554
0.108232, 0.994086, 0.00888998
-0.605381, 0.0729995, -0.792581
-0.788543, 0.080401, 0.609702

90
-0.00485451, -0.00648651, -0.0206681
0.822529, -0.568675, 0.00738242
-0.129893, -0.200482, -0.971048
0.553691, 0.797757, -0.238769

91
-0.00815475, -0.0192478, -0.00524126
-0.903918, 0.427271, -0.0192801
0.00406177, 0.0536513, 0.998551
0.427687, 0.90253, -0.0502318

92
-0.00397972, -0.00100249, 0.00406486
0.313105, -0.949716, 0.00213788
0.186698, 0.0593435, -0.980623
0.931187, 0.307437, 0.195891

93
-0.00306031, 0.0771185, 0.00610436
0.999877, 0.0147838, -0.00529668
-0.00597232, 0.0460377, -0.998922
-0.014524, 0.99883, 0.0461204

94
0.0277977, 0.0327721, 0.0408756
-0.766085, 0.642739, -0.000660226
-0.598917, -0.714226, -0.362188
-0.233264, -0.277071, 0.932105

95
-0.0297477, 0.00075188, -0.000818172
-0.254175, -0.966279, 0.0412357
-0.147607, -0.00337988, -0.98904
0.955828, -0.257476, -0.14177

96
0.0477146, 0.0626577, 0.00499146
0.800038, -0.599946, 0.00190362
0.18674, 0.246003, -0.95111
0.570146, 0.76128, 0.308845

97
-0.0112032, -0.0103474, -0.0195166
0.76441, -0.644727, -0.00229278
-0.218111, -0.25525, -0.941953
0.606717, 0.720538, -0.335738

98
-0.00212291, 0.000731878, 0.00311444
-0.993371, 0.114734, 0.00711784
-0.0272548, -0.174915, -0.984206
-0.111677, -0.977876, 0.176882

99
0.00664277, 0.0402692, 0.0417702
-0.977805, 0.209295, 0.00965083
-0.201793, -0.928368, -0.312109
-0.0563633, -0.307129, 0.949997

100
-0.00720261, -0.010721, -0.00305366
-0.894281, 0.447497, -0.00267982
-0.0263434, -0.046665, 0.998563
0.446729, 0.893067, 0.0535202

101
-0.0269236, -0.0124622, -0.00102932
0.619934, -0.783675, -0.0391751
-0.138631, -0.0602507, -0.98851
0.77231, 0.618242, -0.145993

102
-0.00388371, -0.0049349, -0.00079044
-0.960948, 0.276729, -0.000725907
-0.044629, -0.152385, 0.987313
0.273107, 0.948789, 0.158785

103
0.0233403, 0.0190378, 0.0305069
-0.662017, 0.749468, -0.00567047
-0.495406, -0.443252, -0.747062
-0.562412, -0.491758, 0.66473

104
-0.00221936, 0.00110685, -0.0163907
-0.993371, 0.114734, 0.00711784
0.0175567, 0.212617, -0.976978
-0.113606, -0.970376, -0.213222

105
-0.00147224, -2.77863e-05, -0.0198084
0.939635, 0.342109, -0.00686258
0.0489147, -0.154145, -0.986837
-0.338663, 0.926931, -0.161574

106
0.0221571, 0.0016415, -0.00287976
-0.298176, 0.95401, -0.0309258
0.126613, 0.00741797, -0.991924
-0.946076, -0.299683, -0.123002

107
0.00431032, -0.0347798, 0.0316381
-0.991951, -0.126405, -0.00735224
0.0736255, -0.623063, 0.778699
-0.103012, 0.77189, 0.627355

108
-0.076496, -0.00334112, -0.00639396
-0.0392363, 0.999201, -0.00765803
0.0135764, -0.00713014, -0.999882
-0.999138, -0.0393356, -0.0132858

109
0.0408192, 0.0700914, 0.00333248
0.864719, -0.502255, -0.00116557
0.0221279, 0.0404152, -0.998938
0.501769, 0.863774, 0.0460617

110
0.027944, -0.00181105, 0.0324606
-0.0293501, 0.999421, -0.0172196
-0.703248, -0.0328885, -0.710183
-0.710338, -0.00873429, 0.703806

111
-0.0488204, -0.00942015, 0.0430474
0.218102, -0.975878, -0.00965307
0.892693, 0.203489, -0.402109
0.394373, 0.0790836, 0.915541

112
-0.00993125, 0.00465973, 0.000228399
0.720993, 0.692853, -0.0111187
-0.0329923, 0.0503508, 0.998187
0.692157, -0.719319, 0.0591614

113
-0.0338509, 0.00391891, 0.0296504
-0.207937, -0.977968, 0.0184842
0.689531, -0.15996, -0.70637
0.693764, -0.134135, 0.707601

114
-0.0137284, 0.022357, -0.0205837
-0.831294, -0.555471, -0.0200701
-0.250446, 0.406553, -0.87863
0.496213, -0.725373, -0.477081

115
0.0339711, 0.0212701, 0.0423731
-0.549295, 0.835621, -0.00342628
-0.803411, -0.52924, -0.272831
-0.229796, -0.147112, 0.962056

116
0.0236376, -0.0247016, 0.0342555
-0.699485, -0.714576, 0.010078
0.448403, -0.427865, 0.784771
-0.556467, 0.553455, 0.619704

117
0.0155602, -0.00661378, -0.0194441
0.218523, 0.975722, -0.0146216
0.381862, -0.0992915, -0.91887
-0.898014, 0.195211, -0.394288

118
-0.0249882, -0.0781978, 0.00793347
-0.960948, 0.276729, -0.000725907
-0.0632818, -0.2223, -0.972922
-0.269397, -0.934882, 0.23113

119
0.0052904, 0.00216367, -0.0193712
-0.549295, 0.835621, -0.00342628
0.229796, 0.147112, -0.962056
-0.803411, -0.52924, -0.272831

120
-0.000610552, -0.00322094, 0.00336952
-0.999769, -0.0213253, -0.00253021
0.0013935, -0.181996, 0.983298
-0.0214296, 0.983068, 0.181984

121
-0.00242334, -0.00439583, -0.0129892
-0.970875, 0.239536, 0.00485646
0.030114, 0.142116, -0.989392
-0.237685, -0.96043, -0.14519

122
0.00482367, 0.0583714, 0.0434806
-0.993371, 0.114734, 0.00711784
-0.111677, -0.977876, 0.176882
0.0272548, 0.174915, 0.984206

123
-0.00963644, -0.0348633, 0.0311645
-0.980579, 0.196017, 0.00648491
-0.11612, -0.606908, 0.786244
0.158053, 0.770221, 0.617883

124
-0.0413459, -0.0132331, 0.0433174
0.313105, -0.949716, 0.00213788
0.931751, 0.306745, -0.194289
0.183864, 0.0628248, 0.980942

125
-0.0222082, -0.0404419, 0.041422
-0.894281, 0.447497, -0.00267982
-0.422805, -0.842944, 0.332687
0.146618, 0.298649, 0.943033

126
-0.00598063, 0.00641466, 0.0166788
0.9056, 0.424113, -0.00419794
-0.237844, 0.516009, 0.822901
0.351169, -0.74422, 0.56817

127
0.0456839, -0.0073573, 0.0426489
0.130279, 0.991458, -0.00626834
-0.900196, 0.115633, -0.419853
-0.415541, 0.0603408, 0.907571

128
-0.000729783, 0.0302755, 0.0384987
-0.991249, 0.127557, 0.0339712
-0.101981, -0.576606, -0.810633
-0.0838143, -0.807004, 0.584568

129
-0.0332405, -0.00582756, 0.0318688
0.218102, -0.975878, -0.00965307
0.673821, 0.157735, -0.721862
0.705972, 0.150935, 0.691969

130
0.0192771, 0.0120355, -0.00336717
-0.635498, 0.771896, -0.0178713
0.11376, 0.0707145, -0.990988
-0.763676, -0.631804, -0.13275

131
-0.0239044, -0.00319991, -0.0228351
0.218102, -0.975878, -0.00965307
-0.394373, -0.0790836, -0.915541
0.892693, 0.203489, -0.402109

132
-0.0236253, 0.0219324, 0.0313469
-0.765882, -0.642805, 0.0150771
0.429741, -0.529184, -0.731633
0.478276, -0.553865, 0.681532

133
-0.00330658, -0.00197156, 0.00477753
-0.25997, -0.965554, 0.0110128
0.200131, -0.0650343, -0.977608
0.94465, -0.251945, 0.210144

134
-0.00300245, -0.00654772, -0.0146925
-0.950375, 0.311086, 0.00352382
0.0337747, 0.114429, -0.992857
-0.309268, -0.943468, -0.119257

135
0.00258309, 0.0389948, 0.0431192
-0.993371, 0.114734, 0.00711784
-0.113606, -0.970376, -0.213222
-0.0175567, -0.212617, 0.976978

136
0.0628744, -0.0355768, 0.0393985
0.477187, 0.878773, -0.00712947
-0.799577, 0.437521, 0.411403
0.364649, -0.190616, 0.911426

137
0.00122, -0.00495628, 0.00425055
-0.957658, -0.287902, 0.00198232
0.0420724, -0.133129, 0.990205
-0.284819, 0.948361, 0.139604

138
-0.0142767, -0.0466506, 0.046836
-0.965787, 0.259324, -0.00238778
-0.227085, -0.841204, 0.490722
0.125247, 0.474476, 0.871313

139
-0.0103295, 0.0152252, -0.0220826
-0.876844, -0.480767, -0.00263981
-0.183952, 0.340563, -0.922051
0.444191, -0.80801, -0.387059

140
-0.0054379, -0.0359407, 0.0412497
-0.996313, 0.0857893, -0.000444084
-0.0857666, -0.995901, 0.0287411
0.00202342, 0.0286733, 0.999587

141
-0.0256025, -0.0170137, 0.033395
0.588364, -0.808596, 0.000737716
0.584506, 0.424677, -0.691378
0.558732, 0.407213, 0.722493

142
-0.00522988, -0.0184392, -0.00105291
-0.982379, 0.186899, 0.000175346
0.0163317, 0.0849085, 0.996255
0.186184, 0.978703, -0.0864647

143
0.0441037, -0.00114851, 0.0433707
-0.0293501, 0.999421, -0.0172196
-0.921551, -0.0337275, -0.386789
-0.387146, 0.00451646, 0.922008

144
0.0380315, 0.0144034, 0.0421491
-0.393314, 0.919349, -0.0100436
-0.879297, -0.379326, -0.288007
-0.268589, -0.104446, 0.957576

145
-0.0109779, 0.00902326, 0.0175738
0.7842, 0.620477, -0.00615825
-0.284924, 0.368887, 0.884726
0.551224, -0.692048, 0.46607

146
-0.0196832, -0.0771154, -0.00606812
-0.974844, 0.22289, -0.000334596
0.0018349, 0.00652409, -0.999977
-0.222883, -0.974822, -0.00676895

147
-0.00146122, -0.0280959, 0.0156221
-0.995788, 0.0893625, -0.0205323
-0.041901, -0.24432, 0.968789
0.081557, 0.965568, 0.247035

148
-0.0328193, 0.029188, 0.0445125
0.720993, 0.692853, -0.0111187
-0.652095, 0.683832, 0.327331
0.234396, -0.228753, 0.944844

149
0.000940229, -0.0271383, -0.00171108
-0.997392, 0.0656036, -0.0300903
-0.0191584, 0.161306, 0.986719
0.069586, 0.984722, -0.159628

150
0.0343353, -0.0349949, 0.0469128
-0.699485, -0.714576, 0.010078
0.627221, -0.607094, 0.487884
-0.342512, 0.347589, 0.87285

151
0.0380489, -0.00356075, 0.0437112
0.0566656, 0.998362, -0.00793376
-0.987327, 0.0548559, -0.148919
-0.14824, 0.0162718, 0.988818

152
0.00590798, -0.00949595, -0.00471264
0.678474, 0.734363, -0.019617
-0.0722909, 0.0401678, -0.996574
-0.731059, 0.677568, 0.0803406

153
0.0106007, -0.00193763, -0.00589715
0.0484525, 0.998805, -0.00633616
-0.0568915, -0.00357359, -0.998374
-0.997204, 0.0487342, 0.0566504

154
0.0511133, 0.0625518, 0.00791874
0.770911, -0.636937, -0.00268871
0.122468, 0.152368, -0.980707
0.625058, 0.755709, 0.195467

155
-0.0458231, 0.0487531, 0.0472333
-0.765882, -0.642805, 0.0150771
0.642065, -0.765831, -0.0354268
0.034319, -0.0174523, 0.999259

156
0.0394215, -0.0103071, 0.0427022
0.207949, 0.978086, -0.0102508
-0.948039, 0.198959, -0.248268
-0.240788, 0.0613452, 0.968637

157
-0.0262478, -0.00568951, 0.00193662
0.216406, -0.9763, 0.00257928
-0.142647, -0.0342323, -0.989181
0.965826, 0.213697, -0.146674

158
-0.0185362, 0.0145828, -0.0234862
-0.765882, -0.642805, 0.0150771
-0.277414, 0.309195, -0.909637
0.580057, -0.700857, -0.41513

159
-0.0386705, 0.0461908, 0.0431482
0.796647, 0.604416, -0.00598084
-0.591875, 0.778034, -0.210587
-0.122629, 0.171303, 0.977557

160
0.0172258, 0.0201605, 0.0303978
-0.766085, 0.642739, -0.000660226
-0.464061, -0.553828, -0.691319
-0.444703, -0.529303, 0.722549

161
-0.0269021, 0.0138012, 0.0347376
-0.593321, -0.804607, 0.0240439
0.544639, -0.423255, -0.724033
0.592739, -0.416489, 0.689346

162
-0.00221936, 0.00110685, -0.0163907
-0.993371, 0.114734, 0.00711784
0.0175567, 0.212617, -0.976978
-0.113606, -0.970376, -0.213222

163
-0.0336684, 0.0341659, 0.0427522
-0.765882, -0.642805, 0.0150771
0.580057, -0.700857, -0.41513
0.277414, -0.309195, 0.909637

164
-0.0483093, 0.0643556, 0.00362044
0.831736, 0.555123, -0.0072461
0.00117696, -0.0148151, -0.99989
-0.555169, 0.831636, -0.0129756

165
0.0173834, -0.00306071, -0.0220691
-0.0293501, 0.999421, -0.0172196
0.387146, -0.00451646, -0.922008
-0.921551, -0.0337275, -0.386789

166
0.00749606, 0.000659369, -0.02013
-0.393314, 0.919349, -0.0100436
0.268589, 0.104446, -0.957576
-0.879297, -0.379326, -0.288007

167
-0.0333325, -0.019386, 0.0360578
0.619934, -0.783675, -0.0391751
0.448079, 0.394559, -0.802214
0.644132, 0.479767, 0.595749

168
-0.00243523, -0.00115018, 0.0255949
-0.996313, 0.0857893, -0.000444084
-0.0592153, -0.683933, 0.727138
0.0620769, 0.724483, 0.686492

169
0.0113122, -0.00998507, -0.022854
0.523334, 0.852021, -0.0134915
0.285224, -0.190068, -0.939426
-0.802975, 0.487785, -0.342486

170
-0.0233415, 0.0385975, 0.0433729
-0.876844, -0.480767, -0.00263981
0.444191, -0.80801, -0.387059
0.183952, -0.340563, 0.922051

171
-0.00534164, 0.0294253, 0.0442635
-0.995362, -0.0960471, 0.005467
0.0961215, -0.995248, 0.0155383
0.00394861, 0.0159918, 0.999864

172
0.014049, 0.000543848, 0.000388456
-0.141625, 0.989911, -0.00429591
0.0576644, 0.00391753, -0.998328
-0.988239, -0.141636, -0.0576374

173
-0.0268787, 0.0306518, 0.043457
0.796647, 0.604416, -0.00598084
-0.593749, 0.784364, 0.179538
0.113207, -0.139477, 0.983733

174
-0.0154358, 0.0113341, -0.00450101
-0.765882, -0.642805, 0.0150771
-0.034319, 0.0174523, -0.999259
0.642065, -0.765831, -0.0354268

175
0.00528824, 0.00107871, -0.00293607
-0.495063, 0.86882, -0.00799763
-0.0967457, -0.0642696, -0.993232
-0.863454, -0.490939, 0.115872

176
0.0123557, 0.0188477, -0.0205272
-0.836587, 0.547833, 0.000753278
0.260187, 0.398537, -0.879472
-0.482104, -0.735559, -0.475951

177
0.00395123, 0.00136311, 7.53454e-05
-0.549295, 0.835621, -0.00342628
-0.0951478, -0.0666178, -0.993232
-0.830194, -0.545251, 0.1161

178
0.0281805, 0.00292403, -0.0213913
-0.298176, 0.95401, -0.0309258
0.479023, 0.121537, -0.869348
-0.825608, -0.274033, -0.493232

179
0.0134831, -0.00284592, -0.00295513
-0.0293501, 0.999421, -0.0172196
0.00501342, -0.0170796, -0.999842
-0.999557, -0.0294318, -0.00450923

180
-0.055302, 0.0599518, 0.00519804
0.765269, 0.643665, -0.00760979
-0.0191276, 0.0109215, -0.999757
-0.643426, 0.765229, 0.0206697

181
-0.0102222, -0.0447254, 0.0476369
-0.982379, 0.186899, 0.000175346
-0.165761, -0.871711, 0.461133
0.086338, 0.452979, 0.887331

182
0.0107881, -0.00738659, -0.0221346
0.384516, 0.923046, -0.0115452
0.298697, -0.136244, -0.944573
-0.873457, 0.359755, -0.328099

183
-0.0011661, -0.000162067, 0.00569352
0.701196, 0.712904, -0.00960397
-0.169444, 0.153547, -0.973505
-0.692541, 0.684245, 0.228464

184
0.0650509, -0.0486431, 0.0242167
0.585922, 0.810294, -0.0109471
-0.643698, 0.473578, 0.601147
0.49229, -0.345178, 0.799064

185
0.0111782, -0.00509429, -0.00410125
0.165162, 0.986141, -0.015752
-0.0347257, -0.010147, -0.999345
-0.985655, 0.165601, 0.0325685

186
-0.0323157, 0.0741939, 0.0101415
0.931979, 0.362452, -0.00655205
-0.068364, 0.157978, -0.985073
-0.356007, 0.918516, 0.172011

187
-0.00762405, 0.00459887, -0.00112854
0.7842, 0.620477, -0.00615825
-0.0522912, 0.0759718, 0.995738
0.6183, -0.780536, 0.0920226

188
-0.029336, -0.0616918, 0.0471979
-0.903918, 0.427271, -0.0192801
-0.427687, -0.90253, 0.0502318
0.00406177, 0.0536513, 0.998551

189
-0.0417088, 0.00880911, 0.0434509
-0.25997, -0.965554, 0.0110128
0.949329, -0.257654, -0.179967
0.176605, -0.0363311, 0.983611

190
0.0188217, -0.0809703, 0.00837413
-0.970706, -0.240239, 0.00386397
0.0212431, -0.101831, -0.994575
0.239329, -0.965358, 0.103951

191
-0.0385268, 0.00464202, 0.0362259
-0.254175, -0.966279, 0.0412357
0.571499, -0.184453, -0.799604
0.780246, -0.179673, 0.599111

192
0.0387654, 0.00377891, 0.043314
-0.132482, 0.991144, -0.00907817
-0.972032, -0.131709, -0.194437
-0.19391, -0.0169352, 0.980873

193
-0.0104083, -0.0323607, 0.0341302
-0.965787, 0.259324, -0.00238778
-0.161869, -0.595597, 0.786805
0.202615, 0.760273, 0.617197

194
0.0214511, -0.0045927, -0.0237223
0.130279, 0.991458, -0.00626834
0.415541, -0.0603408, -0.907571
-0.900196, 0.115633, -0.419853

195
-0.0103081, 0.078567, 0.00338712
-0.995362, -0.0960471, 0.005467
0.0404322, -0.366091, 0.9297
-0.0872936, 0.925609, 0.368276

196
-0.0410387, 0.0710301, 0.0150316
-0.876844, -0.480767, -0.00263981
0.339934, -0.623851, 0.703743
-0.339984, 0.616176, 0.710449

197
0.00994403, 0.0371216, 0.0432942
-0.959369, 0.282103, 0.00543586
-0.277629, -0.940365, -0.196559
-0.050338, -0.190081, 0.980477

198
0.00100175, -0.0796302, 0.0102961
-0.999769, -0.0213253, -0.00253021
0.00691334, -0.208061, -0.978091
0.0203317, -0.977883, 0.208161

199
0.00410322, 0.0624799, 0.0585981
-0.991249, 0.127557, 0.0339712
-0.131377, -0.97836, -0.159852
0.0128458, -0.162916, 0.986556

200
0.0264546, -0.0273354, 0.000353973
-0.130383, 0.966596, -0.220662
0.149509, -0.200848, -0.968146
-0.980126, -0.159221, -0.118327

201
-0.00205392, 0.00022673, 0.00645705
0.835672, 0.549115, -0.0112366
-0.142962, 0.197723, -0.969777
-0.530297, 0.812021, 0.243734

202
0.0364085, 0.0192008, 0.0393688
-0.495063, 0.86882, -0.00799763
-0.83475, -0.478163, -0.273042
-0.241048, -0.128497, 0.961969

203
0.0766212, 0.0095733, 0.0182039
-0.141625, 0.989911, -0.00429591
-0.739566, -0.102922, 0.665169
0.658016, 0.0973819, 0.746681

204
0.0173545, 0.0296049, 0.0412172
0.864719, -0.502255, -0.00116557
0.501769, 0.863774, 0.0460617
-0.0221279, -0.0404152, 0.998938

205
0.0142652, -0.00591872, -0.0233469
0.165162, 0.986141, -0.015752
0.345111, -0.0727474, -0.935738
-0.923915, 0.149112, -0.352344

206
-0.0652292, -0.0458679, 0.0110979
0.588364, -0.808596, 0.000737716
0.558732, 0.407213, 0.722493
-0.584506, -0.424677, 0.691378

207
0.0242082, -0.0388242, 0.0476287
-0.839331, -0.543566, 0.0077249
0.485255, -0.742734, 0.461384
-0.245055, 0.391002, 0.887167

208
0.00672342, 0.00171749, -0.0223817
-0.495063, 0.86882, -0.00799763
0.241048, 0.128497, -0.961969
-0.83475, -0.478163, -0.273042

209
-0.00111922, -0.000606278, -0.000311108
0.939635, 0.342109, -0.00686258
-0.0844095, 0.21231, -0.97355
-0.331603, 0.915361, 0.228371

210
-0.00850034, 0.0117841, -0.00296676
-0.876844, -0.480767, -0.00263981
3.49865e-05, 0.00542693, -0.999985
0.480775, -0.876831, -0.00474175

211
0.0203479, -0.0718903, 0.0207909
-0.960103, -0.279635, 0.00277434
0.172237, -0.599121, -0.781913
0.220312, -0.750239, 0.623381

212
0.028037, -0.0283748, 0.0436119
0.701196, 0.712904, -0.00960397
-0.704668, 0.69092, -0.161471
-0.108478, 0.119991, 0.986831

213
0.0361345, -0.0367909, 0.0489177
-0.694471, -0.719364, 0.0150327
0.619166, -0.586837, 0.52178
-0.366528, 0.371669, 0.852947

214
0.00951509, 0.0109144, -0.0238391
-0.766085, 0.642739, -0.000660226
0.233264, 0.277071, -0.932105
-0.598917, -0.714226, -0.362188

215
-0.0608414, 0.0577215, 0.00545361
0.720993, 0.692853, -0.0111187
-0.234396, 0.228753, -0.944844
-0.652095, 0.683832, 0.327331

216
-0.000969889, -0.027096, -0.00385512
-0.995788, 0.0893625, -0.0205323
-0.007501, 0.143785, 0.989581
0.0913836, 0.985566, -0.142509

217
0.00998636, -0.00397521, 0.047266
0.331354, -0.943498, 0.00404979
0.943448, 0.331282, -0.0125599
0.0105086, 0.00798252, 0.999913

218
-0.0305405, -0.014788, 0.0333228
0.540583, -0.840918, -0.025032
0.546083, 0.373372, -0.749924
0.639971, 0.391727, 0.66105

219
0.0673524, 0.036752, 0.0305681
-0.495063, 0.86882, -0.00799763
-0.760704, -0.428974, 0.487145
0.419811, 0.247252, 0.873284

220
-0.0206057, -0.00732401, -0.00287185
0.540583, -0.840918, -0.025032
-0.0663888, -0.0129787, -0.997709
0.838667, 0.541007, -0.0628436

221
0.01917, -0.0208388, 0.029345
0.678474, 0.734363, -0.019617
-0.568054, 0.507516, -0.647875
-0.465819, 0.45071, 0.761494

222
0.0143527, 0.0848648, 0.00727617
0.273577, -0.805037, -0.526376
-0.213593, 0.482742, -0.849316
0.937835, 0.344783, -0.0398832

223
0.0300409, -0.00537442, 0.0311611
0.130279, 0.991458, -0.00626834
-0.672652, 0.0837394, -0.735206
-0.7284, 0.0999984, 0.677815

224
-0.0301008, -0.00719503, 0.0442669
-0.166565, 0.986016, -0.0054075
-0.985967, -0.166614, -0.0104793
-0.0112338, 0.00358612, 0.99993

225
0.0476185, -0.00505708, 0.0466003
0.108232, 0.994086, 0.00888998
-0.861061, 0.0982108, -0.498927
-0.496849, 0.0463451, 0.866599

226
-0.00618497, 0.00675185, -0.0224975
-0.953614, -0.300915, 0.00841498
-0.0905795, 0.260168, -0.961305
0.287082, -0.917476, -0.275357

227
-0.00299579, -0.000788475, -0.0206134
0.621787, -0.783185, 0.00127473
-0.138372, -0.111459, -0.984088
0.770866, 0.611717, -0.177675

228
-0.00933903, -0.00820583, -0.000215251
0.76441, -0.644727, -0.00229278
0.0306721, 0.0399175, -0.998732
0.644001, 0.76337, 0.0502884

229
0.00921215, 0.0140216, -0.00188776
-0.836587, 0.547833, 0.000753278
0.0558886, 0.0867143, -0.994664
-0.544976, -0.832081, -0.103162

230
-0.00132701, -0.000450605, 0.00395112
-0.959369, 0.282103, 0.00543586
-0.0597376, -0.18425, -0.981062
-0.275759, -0.941525, 0.193616

231
0.018846, -0.0211544, -0.00151234
-0.694471, -0.719364, 0.0150327
-0.101683, 0.118805, 0.987697
-0.712299, 0.684399, -0.155653

232
-0.00278562, -0.00182702, 0.00517301
0.931979, 0.362452, -0.00655205
-0.0730778, 0.205548, 0.975915
0.355069, -0.909054, 0.218054

233
0.00640986, -0.0022623, -0.0193911
0.0463395, 0.998889, -0.00856203
0.272563, -0.0208896, -0.961911
-0.961021, 0.0422408, -0.273228

234
0.0575568, -0.0583085, 0.00887923
-0.694471, -0.719364, 0.0150327
0.366528, -0.371669, -0.852947
0.619166, -0.586837, 0.52178

235
0.00485226, -0.00202336, 5.41934e-05
0.0463395, 0.998889, -0.00856203
-0.115951, -0.00313459, -0.99325
-0.992173, 0.0470195, 0.115677

236
-0.0271943, -0.00584784, 0.021422
0.216406, -0.9763, 0.00257928
0.237817, 0.0501516, -0.970014
0.946896, 0.21053, 0.243034

237
0.00935617, -0.016583, -0.0010676
-0.839331, -0.543566, 0.0077249
-0.0407024, 0.0770068, 0.996199
-0.542095, 0.835826, -0.0867586

238
0.00684906, -0.0254183, 0.033366
-0.960103, -0.279635, 0.00277434
0.220312, -0.750239, 0.623381
-0.172237, 0.599121, 0.781913

239
0.00730718, -0.0113062, -0.024087
0.678474, 0.734363, -0.019617
0.212976, -0.222184, -0.95146
-0.703075, 0.641362, -0.307148

240
0.0456473, 0.0164738, 0.0462721
-0.480665, 0.873216, -0.0803403
-0.736292, -0.451653, -0.503868
-0.476272, -0.183038, 0.860036

241
-0.00955414, 0.0178459, -0.0254212
-0.951736, -0.306852, 0.00629396
-0.126359, 0.373062, -0.919162
0.279699, -0.875595, -0.39383

242
0.0209181, -0.0339706, 0.0437318
0.835672, 0.549115, -0.0112366
-0.54464, 0.825875, -0.145936
-0.0708558, 0.128075, 0.98923

243
-0.00554445, 0.00526569, -0.00305571
-0.953614, -0.300915, 0.00841498
0.026177, -0.110739, -0.993505
0.299892, -0.9472, 0.113479

244
0.0498006, -0.0131429, 0.0487288
-0.130383, 0.966596, -0.220662
-0.848304, -0.223962, -0.479814
-0.513206, 0.124628, 0.849169

245
0.0169263, -0.00387823, -0.00475872
0.130279, 0.991458, -0.00626834
0.03942, -0.0114969, -0.999157
-0.990693, 0.129922, -0.040581

246
0.0244515, -0.00226351, 0.0162695
0.108232, 0.994086, 0.00888998
-0.257537, 0.0366746, -0.965572
-0.960188, 0.102217, 0.259983

247
-0.0647954, -0.0131382, 0.0292527
-0.166565, 0.986016, -0.0054075
-0.68924, -0.12035, -0.714468
-0.705127, -0.115278, 0.699648

248
-0.00169068, 0.008423, -0.0230635
-0.985909, 0.166917, 0.0110105
0.0374568, 0.284433, -0.957964
-0.163032, -0.944053, -0.286677

249
0.0371997, -0.0248709, 0.0412416
0.523334, 0.852021, -0.0134915
-0.802975, 0.487785, -0.342486
-0.285224, 0.190068, 0.939426

250
0.024124, 0.0313255, 0.0448258
0.800038, -0.599946, 0.00190362
0.570146, 0.76128, 0.308845
-0.18674, -0.246003, 0.95111

251
-0.0524316, 0.00885521, 0.0492454
-0.254175, -0.966279, 0.0412357
0.826584, -0.23917, -0.509468
0.50215, -0.0954091, 0.859501

252
-0.0142745, -0.0305682, 0.0307985
-0.903918, 0.427271, -0.0192801
-0.299548, -0.600248, 0.741602
0.305292, 0.676123, 0.670563

253
-0.0163267, 0.00493623, -0.000956034
-0.593321, -0.804607, 0.0240439
-0.0340118, -0.00478471, -0.99941
0.804247, -0.593789, -0.0245272

254
0.00482367, 0.0583714, 0.0434806
-0.993371, 0.114734, 0.00711784
-0.111677, -0.977876, 0.176882
0.0272548, 0.174915, 0.984206

255
-0.0200385, 0.00710466, -0.0199856
-0.593321, -0.804607, 0.0240439
-0.339195, 0.222813, -0.913948
0.730012, -0.55042, -0.405118

256
-0.0171209, 0.0357267, 0.043524
0.931979, 0.362452, -0.00655205
-0.356007, 0.918516, 0.172011
0.068364, -0.157978, 0.985073

257
-0.00298407, -0.00152898, 0.00631136
0.0566656, 0.998362, -0.00793376
-0.240878, 0.00595923, -0.970537
-0.9689, 0.0569072, 0.240821

258
-0.032535, 0.0208591, 0.0411487
-0.596946, -0.802246, 0.00753975
0.800028, -0.595947, -0.0692915
0.0600821, -0.0353313, 0.997568

259
-0.0029453, -0.00127603, 0.00479967
0.796647, 0.604416, -0.00598084
-0.122629, 0.171303, 0.977557
0.591875, -0.778034, 0.210587

260
-0.040617, 0.0387287, 0.0492667
0.273577, -0.805037, -0.526376
0.948185, 0.133801, 0.288172
-0.16156, -0.577939, 0.799928

261
0.0133075, -0.00219149, -0.0252158
0.0484525, 0.998805, -0.00633616
0.329053, -0.0219513, -0.944056
-0.943068, 0.043657, -0.329723

262
-0.019756, -0.00246119, -0.00378655
0.218102, -0.975878, -0.00965307
-0.0227346, 0.00480797, -0.99973
0.975661, 0.218263, -0.0211376

263
-0.00178688, 0.0065737, -0.00364259
-0.985909, 0.166917, 0.0110105
-0.0277842, -0.0984918, -0.99475
-0.164956, -0.981039, 0.101742

264
-0.025068, -0.00963143, -0.021723
0.540583, -0.840918, -0.025032
-0.382279, -0.219025, -0.897714
0.749422, 0.494858, -0.439867

265
0.0805493, -0.00629046, 0.0037643
0.0566656, 0.998362, -0.00793376
-0.51479, 0.0360256, 0.856559
0.855442, -0.0444533, 0.515988

266
-0.0171209, 0.0357267, 0.043524
0.931979, 0.362452, -0.00655205
-0.356007, 0.918516, 0.172011
0.068364, -0.157978, 0.985073

267
-0.00296083, 0.0366846, 0.0430684
-0.999428, -0.0333895, 0.00542037
0.032758, -0.915391, 0.401231
-0.00843517, 0.401179, 0.915961

268
0.0408328, -0.00332986, 0.0423659
0.0463395, 0.998889, -0.00856203
-0.961021, 0.0422408, -0.273228
-0.272563, 0.0208896, 0.961911

269
-0.0674067, -0.0146627, 0.0587294
0.216406, -0.9763, 0.00257928
0.965826, 0.213697, -0.146674
0.142647, 0.0342323, 0.989181

270
-0.0264268, 0.0200641, 0.0412683
-0.687825, -0.725833, 0.00790881
0.725873, -0.687815, 0.00440088
0.00224549, 0.00876783, 0.999959

271
0.0311078, -0.0238347, 0.0437752
0.585922, 0.810294, -0.0109471
-0.803264, 0.578948, -0.139949
-0.107062, 0.0907923, 0.990098

272
0.0159334, -0.0176794, -0.00256569
-0.699485, -0.714576, 0.010078
-0.0764125, 0.0888051, 0.993114
-0.71055, 0.693898, -0.11672

273
-0.00269358, 0.000106805, 0.00675026
0.585922, 0.810294, -0.0109471
-0.208484, 0.137673, -0.968288
-0.78309, 0.569623, 0.249599

274
-0.00328208, -0.000984019, -0.00110746
0.621787, -0.783185, 0.00127473
0.167158, 0.13112, -0.977172
0.76514, 0.607806, 0.212444

275
0.0132035, 0.0114642, 0.0412578
0.655673, -0.755039, 0.00292639
0.754899, 0.655465, -0.0222097
0.014851, 0.0167714, 0.999749

276
0.0197214, -0.00257305, 0.0370983
0.0566656, 0.998362, -0.00793376
-0.855442, 0.0444533, -0.515988
-0.51479, 0.0360256, 0.856559

277
0.0828064, 0.00931823, 0.00537732
-0.132482, 0.991144, -0.00907817
-0.551131, -0.0660488, 0.831801
0.823835, 0.115202, 0.555

278
-0.00278562, -0.00182702, 0.00517301
0.931979, 0.362452, -0.00655205
-0.0730778, 0.205548, 0.975915
0.355069, -0.909054, 0.218054

279
-0.0124367, 0.000143229, 0.000384553
-0.331289, -0.94336, 0.0178591
0.0528695, -0.0374583, -0.997899
0.942047, -0.329649, 0.0622845

280
-0.00150027, -0.00167721, 0.0050654
0.80479, -0.593557, -0.00192645
0.129664, 0.172639, 0.976413
-0.579224, -0.786057, 0.215901

281
0.0119547, -0.040378, 0.0456831
-0.957658, -0.287902, 0.00198232
0.279238, -0.927118, 0.249957
-0.0701255, 0.239927, 0.968255

282
-0.00310792, 0.0217077, 0.00127774
-0.991249, 0.127557, 0.0339712
-0.0128458, 0.162916, -0.986556
-0.131377, -0.97836, -0.159852

283
-0.0196322, 0.000227831, -0.00568617
-0.207937, -0.977968, 0.0184842
-0.002993, -0.018261, -0.999829
0.978138, -0.207957, 0.000870075

284
-0.00254109, 0.0546108, 0.041297
0.999877, 0.0147838, -0.00529668
-0.015704, 0.940417, -0.339661
-4.04046e-05, 0.339702, 0.940533

285
-0.043956, 0.0120485, 0.044559
-0.331289, -0.94336, 0.0178591
0.89057, -0.31889, -0.324336
0.311661, -0.0915441, 0.945773

286
0.00207076, -0.0276824, 0.000832998
-0.987827, 0.14433, -0.0580182
-0.0321452, 0.175523, 0.98395
0.152197, 0.973838, -0.168747

287
-0.0554628, -0.00218832, 0.0362555
-0.0392363, 0.999201, -0.00765803
-0.917887, -0.03907, -0.394913
-0.394896, -0.0084657, 0.918687

288
-0.00115475, -0.0143155, 0.0135105
-0.995678, -0.0927076, 0.00552372
0.0305989, -0.383625, -0.922982
0.0876865, -0.918824, 0.384804

289
-0.0101248, 0.0814586, 0.00405037
-0.995678, -0.0927076, 0.00552372
0.040367, -0.378443, 0.924744
-0.0836404, 0.92097, 0.38055

290
0.0375936, 0.02827, 0.046508
-0.635498, 0.771896, -0.0178713
-0.66201, -0.55665, -0.50188
-0.397347, -0.307113, 0.864753

291
-0.0306335, -0.0336118, 0.044368
0.76441, -0.644727, -0.00229278
0.606717, 0.720538, -0.335738
0.218111, 0.25525, 0.941953

292
0.0875955, -0.00919932, 0.0230849
0.108232, 0.994086, 0.00888998
-0.788543, 0.080401, 0.609702
0.605381, -0.0729995, 0.792581

293
0.0100389, 0.011578, 0.0144199
-0.766085, 0.642739, -0.000660226
-0.258556, -0.309115, -0.915203
-0.588441, -0.700953, 0.402992

294
-0.0131195, -0.00796261, -0.00162957
0.588364, -0.808596, 0.000737716
0.0182248, 0.0123489, -0.999758
0.808391, 0.588235, 0.0220021

295
-0.000756307, -0.000198959, 0.00100594
0.770911, -0.636937, -0.00268871
0.126053, 0.148427, 0.980857
-0.624345, -0.756492, 0.194712

296
0.00267157, -0.00390406, 0.00970172
-0.371258, -0.928487, 0.00890559
0.283435, -0.122455, -0.951141
0.884213, -0.350594, 0.308628

297
0.00404136, 0.0749861, 0.0096521
-0.997158, 0.0752074, 0.00454811
-0.0234319, -0.366916, 0.929959
0.0716086, 0.927209, 0.367636

298
-0.000628743, 0.00920726, -0.0213351
-0.977805, 0.209295, 0.00965083
0.0563633, 0.307129, -0.949997
-0.201793, -0.928368, -0.312109

299
-0.0108618, 0.0230523, 0.0304081
-0.953614, -0.300915, 0.00841498
0.230566, -0.748076, -0.622272
0.193546, -0.591467, 0.782756

300
