0
0.0036667, 0.0138151, -0.00989878
0.904946, -0.4253, -0.0138721
-0.0147716, 0.00118275, -0.99989
0.425269, 0.905052, -0.00521204

1
-0.00628281, 0.010606, -0.00753113
0.901045, 0.433586, -0.0110131
-0.00217792, -0.0208684, -0.99978
-0.433721, 0.90087, -0.0178591

2
-0.0135829, -0.0013918, -0.00781515
0.000467819, 0.999821, 0.0189274
0.0235526, 0.0189111, -0.999544
-0.999722, 0.000913396, -0.0235396

3
0.0203431, 0.0189453, -0.0220891
-0.708119, 0.705921, 0.0155793
0.335669, 0.355961, -0.872134
-0.621204, -0.612345, -0.489019

4
-0.0428674, 0.0619648, 0.0132658
-0.857199, -0.514867, 0.0110172
0.364767, -0.59192, 0.718732
-0.36353, 0.620116, 0.6952

5
0.0144637, -0.0426806, 0.0385463
-0.943732, -0.33055, 0.0103545
0.321189, -0.908648, 0.266825
-0.0787903, 0.255137, 0.963689

6
-0.00706825, 0.00452986, -0.00964539
0.660542, 0.750789, 1.41622e-05
0.045165, -0.0397172, -0.99819
-0.74943, 0.659347, -0.0601442

7
-0.0229104, -0.03893, 0.0387858
-0.869573, 0.493635, 0.0129572
-0.475353, -0.843897, 0.248753
0.133728, 0.21015, 0.96848

8
0.00847764, -0.00689859, -0.00628803
-0.470361, -0.882408, -0.0107989
-0.041698, 0.0344469, -0.998536
0.881488, -0.469223, -0.0529971

9
0.000382696, -0.0161058, -0.00846757
-0.95387, -0.300088, 0.00886892
-0.0194349, 0.0322431, -0.999291
0.299589, -0.953366, -0.0365879

10
-0.00268934, 0.00555047, -0.0108223
0.983326, 0.181245, -0.0148514
0.000616252, -0.084988, -0.996382
-0.181852, 0.979759, -0.0836826

11
0.0133867, 0.00484502, -0.00380002
-0.474348, 0.880233, 0.013542
-0.00357446, 0.0134568, -0.999903
-0.88033, -0.47435, -0.00323686

12
-0.00140761, -0.0153847, -0.00860249
-0.999617, -0.0243198, 0.0132405
-0.014182, 0.0389564, -0.99914
0.0237831, -0.998945, -0.0392864

13
0.0126383, -0.0077053, -0.00485088
-0.425711, -0.904782, -0.0118122
-0.0169203, 0.0210118, -0.999636
0.904701, -0.425357, -0.0242542

14
-0.00679062, 0.00300785, 0.022316
0.773498, 0.633797, 0.00132135
-0.367855, 0.447238, 0.815267
0.516123, -0.631094, 0.579084

15
0.0264008, -0.0400533, 0.0398729
-0.814922, -0.579339, 0.0163724
0.543951, -0.754782, 0.366634
-0.200048, 0.307684, 0.930221

16
-0.0226725, 0.0114741, 0.01409
-0.549381, -0.835557, -0.00497035
0.343914, -0.231538, 0.910007
-0.761514, 0.498231, 0.414563

17
0.0292209, -0.00269994, -0.00380049
-0.0852898, -0.996236, -0.0154669
-0.00191548, 0.0156874, -0.999875
0.996354, -0.0852495, -0.00324625

18
-0.0761855, 0.0394329, 0.0453843
-0.528756, -0.848404, 0.0250669
0.815505, -0.499622, 0.292112
-0.235305, 0.174898, 0.956056

19
0.0421454, -0.00905024, 0.0388161
0.163508, 0.986455, 0.0131221
-0.955596, 0.16167, -0.246373
-0.245157, 0.0277444, 0.969086

20
-0.0343049, -0.0265841, 0.0365886
0.637098, -0.770564, -0.0184002
0.756861, 0.629928, -0.174219
0.145837, 0.097068, 0.984535

21
-0.0129353, 0.00442561, -0.0198879
-0.512535, -0.858637, -0.00711412
-0.275617, 0.172356, -0.945689
0.81323, -0.482738, -0.324994

22
-0.0656893, -0.0464519, 0.0108817
-0.662521, 0.744963, 0.0780831
-0.422514, -0.285596, -0.860184
-0.618505, -0.602881, 0.50397

23
-0.0126905, 0.00743707, -0.00359648
0.597491, 0.801872, 0.00234814
0.00073431, 0.00238116, -0.999997
-0.801875, 0.597491, 0.000833898

24
0.0241843, -0.0420117, 0.0396782
-0.853605, -0.520712, 0.0147627
0.487199, -0.787996, 0.37643
-0.184379, 0.328515, 0.926327

25
-0.0382352, 0.0247582, 0.0408072
-0.617937, -0.786226, -0.0014708
0.746345, -0.586002, -0.315548
0.247231, -0.196087, 0.948908

26
-0.0425201, -0.0726529, 0.00750923
-0.869573, 0.493635, 0.0129572
-0.133728, -0.21015, -0.96848
-0.475353, -0.843897, 0.248753

27
0.0738008, -0.00963395, 0.0142577
-0.104897, -0.994342, -0.0167702
0.357636, -0.0219826, -0.933602
0.927951, -0.10393, 0.357918

28
-0.0390454, -0.0190719, 0.03951
0.447934, -0.89391, -0.0167231
0.877556, 0.443163, -0.183034
0.171027, 0.0673115, 0.982964

29
-0.0291818, -0.0412103, 0.0416287
-0.848851, 0.527663, 0.0319951
-0.46669, -0.776442, 0.423484
0.248299, 0.344543, 0.905338

30
-0.00477255, 0.000213763, -0.0142904
0.0298697, -0.999392, -0.0180111
-0.213509, 0.011224, -0.976877
0.976484, 0.0330246, -0.213044

31
-0.0308952, 0.00491264, -0.018837
-0.581066, -0.811601, 0.0605461
-0.425066, 0.239201, -0.872984
0.694032, -0.532998, -0.483976

32
-0.0245881, 0.0111948, -0.0187034
-0.597683, -0.801683, 0.00891093
-0.390553, 0.281429, -0.876508
0.700173, -0.527354, -0.481305

33
-0.00229401, -0.00839553, -0.00887892
-0.984746, 0.173416, 0.0142064
0.00426623, 0.105687, -0.99439
-0.173945, -0.979161, -0.104815

34
-0.0533589, 0.0497659, 0.0192223
-0.714462, -0.699666, -0.00337559
0.507156, -0.521193, 0.686405
-0.482013, 0.488698, 0.727212

35
0.0672746, 0.0180701, -0.00772425
0.209819, -0.977599, -0.0166204
-0.0247277, 0.0116876, -0.999626
0.977428, 0.210151, -0.0217215

36
0.081604, -0.00162988, 0.00240887
0.000467819, 0.999821, 0.0189274
-0.404337, -0.0171221, 0.91445
0.91461, -0.00808084, 0.404257

37
-0.00366268, -0.000401243, -0.0137478
-0.287859, -0.957574, -0.0137544
-0.189773, 0.0711139, -0.979249
0.938682, -0.279276, -0.202192

38
0.0256451, -0.0756023, 0.00666935
-0.943732, -0.33055, 0.0103545
0.0787903, -0.255137, -0.963689
0.321189, -0.908648, 0.266825

39
-0.0206237, -0.045208, 0.0416356
-0.91998, 0.39164, 0.0159913
-0.34847, -0.835888, 0.424098
0.179461, 0.384589, 0.905475

40
-0.00127602, -0.0316358, 0.0312401
0.999608, -0.0253964, -0.0117837
0.00927811, 0.697604, -0.716423
0.0264149, 0.716033, 0.697566

41
0.0318007, -0.0370394, 0.0419455
-0.738864, -0.673817, 0.00713061
0.616497, -0.671663, 0.410853
-0.27205, 0.30796, 0.911674

42
-0.003719, -0.000393423, -0.0160616
0.446028, -0.894866, -0.0165284
-0.175942, -0.069558, -0.98194
0.877555, 0.440881, -0.188469

43
0.0500944, 0.00955645, 0.0479104
-0.10051, 0.989574, 0.103159
-0.856553, -0.0333143, -0.514982
-0.506176, -0.140122, 0.850971

44
-0.00865875, 0.0407327, 0.0410215
-0.987655, -0.156164, 0.0122929
0.145208, -0.942148, -0.302111
0.0587604, -0.296596, 0.953194

45
-0.0020673, -0.000116425, -0.0169049
0.754929, 0.655785, -0.00528079
0.091366, -0.113146, -0.989369
-0.649411, 0.746421, -0.145334

46
-0.0231004, 0.0350102, 0.0415732
-0.874966, -0.484181, 0.00188011
0.466426, -0.843911, -0.265067
0.129927, -0.231048, 0.964228

47
-0.00133999, 0.000825077, -0.0175322
0.346915, -0.937728, -0.017788
-0.15419, -0.0383145, -0.987298
0.925136, 0.345251, -0.15788

48
-0.01503, -0.0790658, 0.0103231
-0.984566, 0.17453, 0.0129702
-0.0639481, -0.289779, -0.954955
-0.16291, -0.941046, 0.296467

49
-0.0135829, -0.0013918, -0.00781515
0.000467819, 0.999821, 0.0189274
0.0235526, 0.0189111, -0.999544
-0.999722, 0.000913396, -0.0235396

50
0.0267214, -0.00926333, -0.0185495
0.611189, 0.788542, 0.06819
0.415525, -0.246351, -0.875586
-0.673637, 0.563483, -0.478226

51
-0.0103717, 0.0441199, 0.0417958
-0.987157, -0.158432, 0.0205143
0.135577, -0.898743, -0.416989
0.0845018, -0.408853, 0.90868

52
0.00626142, 3.36989e-06, -0.0193496
-0.0999535, 0.994754, 0.0217673
0.250909, 0.0463693, -0.966899
-0.962836, -0.0911833, -0.254228

53
0.00170538, -0.00389308, -0.017253
0.809976, 0.586441, -0.00509762
0.120468, -0.174881, -0.977192
-0.573957, 0.790888, -0.212297

54
-0.0398873, -0.0145217, 0.0397267
0.346915, -0.937728, -0.017788
0.925136, 0.345251, -0.15788
0.15419, 0.0383145, 0.987298

55
0.0183472, 0.037443, 0.0406347
-0.911468, 0.411108, 0.0147206
-0.393137, -0.859971, -0.325412
-0.12112, -0.30239, 0.945458

56
-0.00387502, 0.00227992, -0.015861
-0.974618, -0.223641, 0.0102061
-0.0643222, 0.236064, -0.969606
0.214435, -0.945652, -0.244457

57
0.00757437, 0.0159014, 0.0132752
0.83916, -0.543705, -0.0139385
0.205853, 0.341228, -0.917163
0.503423, 0.766778, 0.398268

58
-0.028445, 0.00771467, -0.0211121
-0.528756, -0.848404, 0.0250669
-0.410264, 0.229614, -0.882588
0.743035, -0.476957, -0.469479

59
0.0232922, 0.0194258, -0.0176384
-0.521203, 0.851884, 0.0513965
0.421257, 0.309176, -0.852615
-0.74222, -0.422735, -0.520005

60
-0.00803926, 0.000456747, -0.016488
-0.335999, -0.9418, -0.0108065
-0.238558, 0.0961968, -0.966352
0.91115, -0.322116, -0.256996

61
0.0182686, 0.0328678, 0.0396666
0.879563, -0.475431, -0.018278
0.471633, 0.866188, 0.165166
-0.0626928, -0.153894, 0.986096

62
0.0043242, -0.0279612, 0.0120884
-0.961312, -0.275325, 0.00868149
0.0953872, -0.362285, -0.927174
0.258419, -0.890475, 0.374531

63
0.0254435, -0.00970459, 0.0150535
-0.368607, -0.929532, -0.00991834
0.350916, -0.12926, -0.927443
0.860806, -0.345342, 0.373834

64
0.00218907, -0.00473284, -0.0178172
0.856467, 0.516166, -0.00613549
0.110287, -0.194583, -0.974666
-0.504283, 0.834093, -0.22358

65
-0.0195407, 0.0145474, -0.0202337
-0.717626, -0.696429, 0.000426407
-0.314996, 0.324037, -0.892064
0.62112, -0.640302, -0.45191

66
-0.00440376, -0.000126691, 0.00521221
0.0298697, -0.999392, -0.0180111
0.176428, 0.0230076, -0.984045
0.98386, 0.0262155, 0.177008

67
-0.0382771, -0.0734267, 0.010335
-0.894804, 0.446211, 0.0148853
-0.121118, -0.210523, -0.970057
-0.429716, -0.869814, 0.242421

68
-0.00559511, 0.00512954, -0.0178385
-0.926415, -0.376486, 0.00362036
-0.110142, 0.261805, -0.958815
0.360033, -0.88866, -0.284007

69
-0.00221676, 0.027506, 0.0329277
-0.999624, 0.0120642, 0.0246357
-0.0263572, -0.671253, -0.74076
0.00760014, -0.74113, 0.671318

70
-0.0118244, 0.00959104, -0.0189999
-0.857199, -0.514867, 0.0110172
-0.197884, 0.309555, -0.930063
0.475448, -0.79943, -0.367234

71
-0.0534257, 0.0599498, 0.00906661
0.773498, 0.633797, 0.00132135
-0.104841, 0.130005, -0.985955
-0.625067, 0.762496, 0.167007

72
0.00546586, 0.0135253, -0.0199837
-0.914704, 0.403717, 0.0181411
0.140951, 0.36078, -0.921939
-0.378747, -0.840744, -0.386911

73
0.00402021, -0.00230249, -0.0178064
0.410755, 0.911676, 0.0112854
0.208182, -0.0817308, -0.974669
-0.88766, 0.402699, -0.223365

74
-0.0139317, 0.0141389, -0.021016
-0.840739, -0.541431, 0.00328192
-0.223186, 0.341029, -0.913174
0.493302, -0.768473, -0.407556

75
0.034151, 0.00338883, 0.0307514
-0.170834, 0.985154, 0.0169624
-0.620905, -0.0942709, -0.778197
-0.765044, -0.143474, 0.627792

76
-0.0474168, 0.0087667, 0.042692
-0.236727, -0.971546, -0.00767692
0.900975, -0.216561, -0.37596
0.3636, -0.0959168, 0.926604

77
0.0161864, -0.00229357, 0.0390843
0.000467819, 0.999821, 0.0189274
-0.91461, 0.00808084, -0.404257
-0.404337, -0.0171221, 0.91445

78
0.0592307, -0.0331693, 0.0251046
-0.458953, -0.888429, -0.00741796
0.619813, -0.314184, -0.719111
0.636549, -0.334636, 0.694856

79
-0.00931844, 0.0163927, -0.0212091
-0.925562, -0.378593, -0.00131066
-0.154655, 0.381246, -0.911446
0.345567, -0.843397, -0.411419

80
-0.00155409, -0.0477091, 0.0422934
0.999608, -0.0253964, -0.0117837
0.0186804, 0.918516, -0.394942
0.0208537, 0.394567, 0.918631

81
0.00382938, -0.00306753, -0.0179511
0.519584, 0.854394, 0.00661159
0.196668, -0.112063, -0.974045
-0.831477, 0.507399, -0.226258

82
-0.00166275, -0.0215116, -0.0233853
0.999608, -0.0253964, -0.0117837
-0.0208537, -0.394567, -0.918631
0.0186804, 0.918516, -0.394942

83
0.000371078, -0.0330785, -0.00702386
-0.992781, -0.119438, 0.0110142
-0.0118565, 0.00634345, -0.99991
0.119357, -0.992821, -0.00771376

84
0.0452746, 0.0131444, 0.0511299
-0.450683, 0.890791, -0.0580989
-0.751005, -0.413534, -0.514763
-0.482573, -0.188362, 0.855361

85
-0.0389375, 0.0257391, 0.0426793
-0.619706, -0.784823, -0.00420782
0.728016, -0.572832, -0.376639
0.293185, -0.236469, 0.92635

86
-0.00755832, -0.049397, 0.0460167
-0.985723, 0.16837, -0.00153232
-0.14774, -0.860508, 0.487543
0.0807689, 0.480809, 0.873097

87
0.00257391, 0.00545899, 0.0186028
0.918758, -0.394446, -0.0172255
0.235918, 0.513479, 0.825035
-0.316586, -0.762071, 0.564819

88
0.0570033, 0.0483378, -0.0072456
0.635256, -0.772064, -0.0191589
-0.0215551, 0.00707327, -0.999743
0.772001, 0.635505, -0.0121486

89
-0.0260648, 0.057089, 0.0493373
-0.925562, -0.378593, -0.00131066
0.378446, -0.925094, -0.031306
0.0106398, -0.0294717, 0.999509

90
-0.00229067, -0.00142926, -0.0174994
-0.428111, 0.903472, 0.021432
0.133051, 0.0864676, -0.98733
-0.893878, -0.419836, -0.157225

91
-0.00507956, -0.00643348, -0.00259801
-0.869573, 0.493635, 0.0129572
-0.0583611, -0.128792, 0.989953
0.490344, 0.86008, 0.140803

92
0.0418578, 0.00224407, 0.0417068
-0.0999535, 0.994754, 0.0217673
-0.962836, -0.0911833, -0.254228
-0.250909, -0.0463693, 0.966899

93
0.0174941, -0.0178108, -0.0206748
0.64808, 0.761534, -0.00762414
0.346498, -0.303761, -0.887507
-0.678183, 0.572534, -0.460732

94
-0.0125896, 0.0128962, -0.00542961
-0.853817, -0.520565, 0.00295278
-0.0211709, 0.0290553, -0.999354
0.520143, -0.853328, -0.0358288

95
-0.0205409, -0.0389113, 0.0418647
-0.894804, 0.446211, 0.0148853
-0.429716, -0.869814, 0.242421
0.121118, 0.210523, 0.970057

96
0.0130612, 0.0213551, -0.00264626
-0.935025, 0.354106, -0.018364
0.0736853, 0.143386, -0.98692
-0.346841, -0.924148, -0.160162

97
0.0560195, 0.0640476, 0.0458934
-0.770558, 0.637281, 0.0105987
-0.614487, -0.747207, 0.253154
0.16925, 0.188557, 0.967368

98
-0.0100657, -0.0184657, -0.00590346
-0.91998, 0.39164, 0.0159913
0.0324465, 0.0354338, 0.998845
0.390621, 0.919436, -0.0453057

99
-0.00346041, 0.00136221, 0.00362199
-0.974618, -0.223641, 0.0102061
0.0226347, -0.143791, -0.989349
0.222727, -0.964007, 0.145203

100
0.0101553, -0.0251783, -0.00409048
-0.913217, -0.407392, 0.0081417
-0.0452027, 0.121144, 0.991605
-0.404959, 0.905183, -0.129046

101
0.0234025, 0.00215698, -0.0059558
-0.170834, 0.985154, 0.0169624
0.101922, 0.034792, -0.994184
-0.980014, -0.168111, -0.106352

102
-0.00375373, 5.89504e-05, -0.0213491
0.637098, -0.770564, -0.0184002
-0.145837, -0.097068, -0.984535
0.756861, 0.629928, -0.174219

103
0.0333613, 0.0305406, 0.0442732
0.707386, -0.706664, -0.0151786
0.63961, 0.630828, 0.439267
-0.300839, -0.320439, 0.898228

104
0.0218889, -0.0367083, 0.0420951
0.856467, 0.516166, -0.00613549
-0.504283, 0.834093, -0.22358
-0.110287, 0.194583, 0.974666

105
-0.0387997, -0.0189596, 0.0424588
0.446028, -0.894866, -0.0165284
0.877555, 0.440881, -0.188469
0.175942, 0.069558, 0.98194

106
0.0205666, -0.0475214, 0.0456988
-0.913217, -0.407392, 0.0081417
0.356835, -0.78992, 0.498694
-0.196733, 0.458321, 0.86674

107
0.00736963, -0.0157509, -0.00630248
-0.853605, -0.520712, 0.0147627
0.0160994, 0.00195544, 0.999868
-0.520672, 0.85373, 0.00671395

108
0.00744821, -0.0146838, -0.00577544
-0.814922, -0.579339, 0.0163724
0.023341, -0.00457994, 0.999717
-0.5791, 0.815074, 0.0172546

109
-0.0194584, 0.0243656, 0.0304276
-0.853817, -0.520565, 0.00295278
0.352826, -0.582848, -0.731984
0.382767, -0.623939, 0.681315

110
-0.0203781, -0.0149004, 0.0295079
0.637098, -0.770564, -0.0184002
0.643439, 0.544832, -0.537722
0.424374, 0.330742, 0.842921

111
-0.00694252, -0.000157919, 0.00298052
-0.335999, -0.9418, -0.0108065
0.128284, -0.0343941, -0.991141
0.933085, -0.334409, 0.132374

112
-0.00610395, 0.0238344, 0.031613
-0.987655, -0.156164, 0.0122929
0.111668, -0.756929, -0.643885
0.109856, -0.634564, 0.765023

113
0.0356315, 0.00945231, 0.0348178
-0.10051, 0.989574, 0.103159
-0.597647, 0.0228439, -0.801434
-0.795434, -0.142204, 0.58912

114
-0.00984708, 0.00261569, -0.0203527
-0.417995, -0.908367, -0.0122556
-0.244267, 0.125376, -0.961569
0.874994, -0.398937, -0.274291

115
-0.00781792, 0.0196254, -0.0244876
-0.987157, -0.158432, 0.0205143
-0.0845018, 0.408853, -0.90868
0.135577, -0.898743, -0.416989

116
-0.00627546, 0.00436697, -0.0198915
-0.874966, -0.484181, 0.00188011
-0.129927, 0.231048, -0.964228
0.466426, -0.843911, -0.265067

117
-0.00162218, -0.00900706, -0.0118399
-0.996611, -0.0812524, 0.0127903
-0.0211332, 0.102666, -0.994491
0.0794917, -0.991392, -0.104035

118
-0.00503885, -0.0347619, 0.0333649
-0.985723, 0.16837, -0.00153232
-0.105585, -0.611008, 0.784551
0.131158, 0.773512, 0.620062

119
0.0290827, 0.00346253, -0.0245739
-0.170834, 0.985154, 0.0169624
0.469199, 0.0964769, -0.877807
-0.866411, -0.142, -0.478715

120
0.0157912, 0.027616, -0.0209206
-0.935025, 0.354106, -0.018364
0.200807, 0.486127, -0.850504
-0.292241, -0.79893, -0.525648

121
0.0169131, -0.0443813, 0.0445464
-0.90798, -0.417563, 0.0348312
0.39132, -0.815317, 0.426764
-0.149802, 0.401123, 0.903692

122
0.00158482, -0.00355701, 0.00225275
0.809976, 0.586441, -0.00509762
-0.108346, 0.141091, -0.98405
-0.576368, 0.797609, 0.177818

123
0.0571611, -0.040883, -0.00837624
-0.549381, -0.835557, -0.00497035
-0.0263168, 0.0232482, -0.999383
0.835157, -0.548911, -0.0347613

124
-0.00360418, -0.00069902, 0.00575888
-0.287859, -0.957574, -0.0137544
0.183891, -0.0411735, -0.982084
0.939852, -0.285231, 0.187941

125
-0.00477847, 0.0119091, -0.0212132
-0.995869, -0.0887439, 0.0192131
-0.0491207, 0.348581, -0.93599
0.0763661, -0.933068, -0.351501

126
0.0166689, 0.0069079, -0.02292
-0.474348, 0.880233, 0.013542
0.333585, 0.193958, -0.922551
-0.814687, -0.433093, -0.385637

127
-0.00871035, 0.0803705, 0.00363969
-0.996611, -0.0812524, 0.0127903
0.0499447, -0.47424, 0.878978
-0.0653534, 0.876638, 0.476691

128
0.0232561, 0.0246539, 0.0325658
-0.770558, 0.637281, 0.0105987
-0.39152, -0.460148, -0.796854
-0.502943, -0.618172, 0.604079

129
0.0315066, 0.073373, 0.00662958
0.918758, -0.394446, -0.0172255
0.0570414, 0.175781, -0.982775
0.390679, 0.90195, 0.184

130
0.0243798, -0.0346934, 0.0422214
0.809976, 0.586441, -0.00509762
-0.573957, 0.790888, -0.212297
-0.120468, 0.174881, 0.977192

131
0.0355698, -0.0228343, 0.0420641
0.519584, 0.854394, 0.00661159
-0.831477, 0.507399, -0.226258
-0.196668, 0.112063, 0.974045

132
-0.00369249, -0.000740492, 0.00344429
0.446028, -0.894866, -0.0165284
0.173277, 0.104455, -0.979318
0.878085, 0.433939, 0.201649

133
-0.0276663, 0.0378926, 0.0418404
-0.853817, -0.520565, 0.00295278
0.472447, -0.777253, -0.415538
0.218609, -0.353398, 0.909571

134
0.0131008, 0.0112907, -0.00374279
0.707386, -0.706664, -0.0151786
-0.0331709, -0.0546401, 0.997955
-0.706049, -0.705436, -0.0620924

135
-0.00614073, 0.0411335, 0.0431613
-0.995869, -0.0887439, 0.0192131
0.0763661, -0.933068, -0.351501
0.0491207, -0.348581, 0.93599

136
0.0325756, 0.0148968, -0.0203873
-0.10051, 0.989574, 0.103159
0.506176, 0.140122, -0.850971
-0.856553, -0.0333143, -0.514982

137
-0.00433636, 0.00845511, -0.0217437
-0.987655, -0.156164, 0.0122929
-0.0587604, 0.296596, -0.953194
0.145208, -0.942148, -0.302111

138
0.0489433, 0.00573869, 0.0432522
-0.170834, 0.985154, 0.0169624
-0.866411, -0.142, -0.478715
-0.469199, -0.0964769, 0.877807

139
0.040724, 0.0188646, 0.0424894
-0.474348, 0.880233, 0.013542
-0.814687, -0.433093, -0.385637
-0.333585, -0.193958, 0.922551

140
0.00646899, 0.0160067, -0.025805
-0.923958, 0.382157, 0.0160433
0.13284, 0.359941, -0.92347
-0.358685, -0.851116, -0.383336

141
0.0117193, -0.0155181, -0.00517299
-0.738864, -0.673817, 0.00713061
-0.0154185, 0.0274841, 0.999503
-0.673679, 0.738387, -0.0306962

142
-0.00148658, 0.013649, 0.0387644
-0.999617, -0.0243198, 0.0132405
0.0165455, -0.907997, -0.41865
0.0222039, -0.418271, 0.908051

143
0.0784087, -0.0013547, 0.00633674
0.00604017, -0.999802, -0.0189563
-0.000632032, 0.0189528, -0.99982
0.999982, 0.00605107, -0.000517428

144
0.00662344, -0.00235395, -0.0219568
0.163508, 0.986455, 0.0131221
0.245157, -0.0277444, -0.969086
-0.955596, 0.16167, -0.246373

145
-0.01702, 0.00172342, -0.00327547
-0.236727, -0.971546, -0.00767692
0.00886541, 0.00574116, -0.999944
0.971536, -0.236782, 0.00725407

146
-0.00371895, -0.000279317, -0.0187899
0.447934, -0.89391, -0.0167231
-0.171027, -0.0673115, -0.982964
0.877556, 0.443163, -0.183034

147
0.042314, -0.00226898, 0.0440234
0.0167038, 0.999602, 0.0227275
-0.95323, 0.0227814, -0.301386
-0.301784, -0.0166302, 0.953231

148
-0.0301491, 0.00517503, 0.030467
-0.236897, -0.971455, -0.0124327
0.723007, -0.167734, -0.670169
0.648954, -0.16775, 0.742104

149
0.00605369, -0.0108643, 0.011155
-0.714462, -0.699666, -0.00337559
0.251242, -0.252046, -0.934532
0.653009, -0.668536, 0.355863

150
0.0322514, -0.0333209, 0.0427836
0.712265, 0.701902, 0.0034704
-0.650761, 0.662206, -0.371475
-0.263037, 0.26233, 0.928436

151
0.00512505, -0.000536823, 0.000118844
-0.0999535, 0.994754, 0.0217673
-0.136651, 0.00794533, -0.990587
-0.985564, -0.101987, 0.13514

152
0.0264052, 0.011316, 0.0315993
-0.474348, 0.880233, 0.013542
-0.625015, -0.325901, -0.709327
-0.61996, -0.344932, 0.704749

153
-0.0012545, -0.00213282, 0.0272978
-0.999617, -0.0243198, 0.0132405
0.00678904, -0.678814, -0.734279
0.0268454, -0.733907, 0.678719

154
-0.00368068, -0.0461469, 0.0428568
-0.997412, 0.0706564, 0.0133086
-0.060835, -0.928003, 0.367571
0.0383217, 0.36581, 0.9299

155
0.020694, 0.0224783, -0.0228895
-0.770558, 0.637281, 0.0105987
0.31483, 0.395025, -0.863039
-0.554186, -0.661685, -0.505026

156
-0.0243459, -0.0133995, -0.0205799
0.596369, -0.802184, -0.0290677
-0.383788, -0.253141, -0.888046
0.705018, 0.540759, -0.458834

157
0.0144876, -0.0341513, 0.0328579
-0.913217, -0.407392, 0.0081417
0.254386, -0.554399, 0.79242
-0.318312, 0.725723, 0.609921

158
0.0240111, 0.0214025, 0.0332922
-0.708119, 0.705921, 0.0155793
-0.445462, -0.429513, -0.785546
-0.547842, -0.5632, 0.618608

159
0.0709819, 0.00478126, 0.0112524
0.0760563, -0.996929, -0.0186556
0.355511, 0.0445928, -0.933608
0.931573, 0.0643745, 0.357811

160
-0.00284771, -0.00942214, -0.00206091
-0.984566, 0.17453, 0.0129702
-0.00326267, -0.092402, 0.995716
0.174981, 0.980307, 0.0915453

161
-0.00954155, -0.0142499, 0.0159488
-0.859227, 0.511446, 0.0123445
-0.221612, -0.393838, 0.892065
0.461104, 0.76375, 0.451739

162
-0.0791694, -0.0113148, 0.0031216
-0.134131, 0.990819, 0.0169081
0.00246293, 0.0173955, -0.999846
-0.990961, -0.134068, -0.00477359

163
-0.0196857, -0.010614, -0.00184151
0.596369, -0.802184, -0.0290677
-0.084775, -0.0269323, -0.996036
0.798221, 0.596469, -0.0840667

164
-0.0444536, -0.00852543, 0.0439752
0.179738, -0.983556, -0.0176675
0.935932, 0.17651, -0.304755
0.302862, 0.0382406, 0.952267

165
-0.00495252, -0.0322658, 0.0463508
-0.989315, 0.145007, 0.015153
-0.145226, -0.989292, -0.0145217
0.012885, -0.0165672, 0.99978

166
0.0252234, -0.00176978, 0.0346286
0.0167038, 0.999602, 0.0227275
-0.765182, 0.0274114, -0.643231
-0.643598, -0.00664625, 0.765335

167
-0.00200901, 0.00344766, 0.00856113
0.983326, 0.181245, -0.0148514
-0.0690222, 0.296419, -0.952561
-0.168245, 0.937703, 0.303986

168
-0.0197801, 0.00781705, -0.000100332
-0.597683, -0.801683, 0.00891093
-0.0928796, 0.0581967, -0.993975
0.796334, -0.59491, -0.109243

169
0.00332257, 0.0364008, 0.0428462
-0.994147, 0.107141, 0.0138859
-0.108025, -0.983872, -0.14257
-0.00161317, -0.143235, 0.989687

170
-0.0020533, -0.0145698, -0.00282489
-0.997412, 0.0706564, 0.0133086
0.0121241, -0.0171667, 0.999779
0.0708693, 0.997353, 0.0162657

171
-0.00442896, -0.00522913, 0.000724674
-0.894804, 0.446211, 0.0148853
-0.0525466, -0.138366, 0.988986
0.443356, 0.884167, 0.147257

172
0.0155354, 0.0298195, 0.0345921
-0.935025, 0.354106, -0.018364
-0.19315, -0.552082, -0.811109
-0.297357, -0.75486, 0.584606

173
0.0134453, -0.0141776, -0.00193949
0.64808, 0.761534, -0.00762414
0.060593, -0.0615399, -0.996264
-0.759158, 0.645196, -0.0860264

174
-0.0429213, -0.00199867, 0.0452057
0.0298697, -0.999392, -0.0180111
0.976484, 0.0330246, -0.213044
0.213509, -0.011224, 0.976877

175
-0.0183981, -0.0768109, 0.014941
-0.976087, 0.216882, 0.0147323
-0.0939591, -0.35981, -0.928283
-0.196027, -0.907468, 0.371584

176
0.0110817, -0.00861765, -0.0202671
0.609019, 0.793118, 0.00769524
0.268209, -0.196802, -0.943044
-0.746431, 0.576396, -0.332578

177
-0.0113807, 0.0377593, 0.0448421
-0.974618, -0.223641, 0.0102061
0.214435, -0.945652, -0.244457
0.0643222, -0.236064, 0.969606

178
-0.0133661, 0.0346768, 0.0397205
-0.961312, -0.275325, 0.00868149
0.258419, -0.890475, 0.374531
-0.0953872, 0.362285, 0.927174

179
-0.00300419, 0.0768074, 0.00818114
0.999747, 0.018163, -0.0132603
-0.0156799, 0.140307, -0.989984
-0.0161206, 0.989941, 0.140556

180
-0.00181277, 0.0365472, 0.042861
0.999747, 0.018163, -0.0132603
-0.0161206, 0.989941, 0.140556
0.0156799, -0.140307, 0.989984

181
-0.00412923, 0.00879061, -0.00196598
-0.995869, -0.0887439, 0.0192131
-0.0161576, -0.0350224, -0.999256
0.0893507, -0.995439, 0.0334438

182
0.0180568, 0.0151189, 0.000654807
-0.521203, 0.851884, 0.0513965
0.105155, 0.123868, -0.986711
-0.84693, -0.508872, -0.15414

183
0.0402141, -0.0299967, 0.0347166
-0.549381, -0.835557, -0.00497035
0.761514, -0.498231, -0.414563
0.343914, -0.231538, 0.910007

184
-0.0411081, 0.0100068, 0.0453243
-0.287859, -0.957574, -0.0137544
0.938682, -0.279276, -0.202192
0.189773, -0.0711139, 0.979249

185
-0.0324277, 0.0118296, 0.034149
-0.528756, -0.848404, 0.0250669
0.529474, -0.352782, -0.771494
0.663382, -0.39466, 0.635743

186
-0.000735238, -0.00146554, 0.000666729
0.918758, -0.394446, -0.0172255
0.0968071, 0.182761, 0.97838
-0.382769, -0.900562, 0.206098

187
0.0544775, 0.0457837, 0.0119299
0.635256, -0.772064, -0.0191589
0.275518, 0.249732, -0.928291
0.721485, 0.584423, 0.371361

188
0.0261504, 0.0123425, -0.00214461
-0.10051, 0.989574, 0.103159
0.139857, 0.116707, -0.98327
-0.985057, -0.0844006, -0.150129

189
-0.00376469, 0.00636583, -0.0023553
-0.987655, -0.156164, 0.0122929
0.00128121, -0.0865256, -0.996249
0.156642, -0.983934, 0.0856575

190
-0.020548, 0.00273448, -0.0224362
-0.236727, -0.971546, -0.00767692
-0.3636, 0.0959168, -0.926604
0.900975, -0.216561, -0.37596

191
0.0134925, -0.0171116, -0.000410773
-0.712189, -0.701889, 0.011811
-0.0726898, 0.0904702, 0.993243
-0.698214, 0.706518, -0.115452

192
0.031853, 0.00188584, -0.0173763
-0.450683, 0.890791, -0.0580989
0.482573, 0.188362, -0.855361
-0.751005, -0.413534, -0.514763

193
0.0137755, 0.0137737, -0.00606236
0.664322, -0.747304, -0.01458
-0.00107818, 0.0185483, -0.999827
0.747445, 0.664223, 0.0115163

194
-0.017196, 0.00892096, -0.0224701
-0.619706, -0.784823, -0.00420782
-0.293185, 0.236469, -0.92635
0.728016, -0.572832, -0.376639

195
0.00662769, -0.000667106, 0.0400422
0.0760563, -0.996929, -0.0186556
0.931573, 0.0643745, 0.357811
-0.355511, -0.0445928, 0.933608

196
-0.00556465, 0.00315801, -0.000432955
-0.874966, -0.484181, 0.00188011
0.0584568, -0.109491, -0.992267
0.480642, -0.86809, 0.124104

197
-0.0750523, 0.0198939, -0.00660524
0.246614, 0.969021, 0.0133771
0.00266097, 0.0131263, -0.99991
-0.96911, 0.246628, 0.000658589

198
0.0413034, -0.0709122, 0.0101537
-0.853605, -0.520712, 0.0147627
0.184379, -0.328515, -0.926327
0.487199, -0.787996, 0.37643

199
-0.00839936, -0.0439485, 0.0411096
-0.984566, 0.17453, 0.0129702
-0.16291, -0.941046, 0.296467
0.0639481, 0.289779, 0.954955

200
-0.0180897, 0.0364723, 0.0443026
-0.926415, -0.376486, 0.00362036
0.360033, -0.88866, -0.284007
0.110142, -0.261805, 0.958815

201
0.0315833, -0.0721625, 0.0484121
-0.913217, -0.407392, 0.0081417
0.391431, -0.88264, -0.260248
0.113209, -0.234476, 0.965508

202
0.00421041, 0.00982201, -0.000870595
-0.914704, 0.403717, 0.0181411
-0.014719, 0.0115783, -0.999825
-0.403856, -0.914811, -0.00464843

203
-0.0261234, 0.0156784, 0.0319469
-0.619706, -0.784823, -0.00420782
0.560402, -0.438734, -0.702468
0.549467, -0.437682, 0.711702

204
0.024463, 0.0212713, 0.0403451
0.682785, -0.730354, -0.0196847
0.730618, 0.68258, 0.0167595
0.00119604, -0.0258252, 0.999666

205
0.0326617, 0.0358113, 0.0455138
-0.770558, 0.637281, 0.0105987
-0.554186, -0.661685, -0.505026
-0.31483, -0.395025, 0.863039

206
-0.0211971, -0.0276651, 0.03008
-0.848851, 0.527663, 0.0319951
-0.336146, -0.585488, 0.737706
0.407993, 0.615447, 0.674363

207
0.010309, -0.0108281, -0.00303322
0.712265, 0.701902, 0.0034704
-0.0060208, 0.0110536, -0.999921
-0.701884, 0.712188, 0.0120991

208
0.00556959, -0.00243841, -0.00247645
0.163508, 0.986455, 0.0131221
-0.139195, 0.036236, -0.989602
-0.976673, 0.159981, 0.143234

209
-0.00266251, -0.0297826, 0.0322844
-0.997412, 0.0706564, 0.0133086
-0.0415391, -0.717374, 0.695449
0.0586852, 0.693096, 0.718452

210
-0.011313, -0.032675, 0.0357445
-0.954524, 0.297709, 0.015894
-0.1689, -0.583925, 0.794043
0.245675, 0.755249, 0.607653

211
-0.0484235, -0.0741244, 0.0244726
-0.827337, 0.561557, -0.0129279
-0.446095, -0.670866, -0.5924
-0.341339, -0.484348, 0.80554

212
-0.0105673, -0.00155208, 0.000504798
0.179738, -0.983556, -0.0176675
0.0783572, 0.0322176, -0.996405
0.980589, 0.177708, 0.0828594

213
-0.00671706, 0.015223, -0.00551374
-0.987157, -0.158432, 0.0205143
-0.0261864, 0.0337966, -0.999086
0.157594, -0.986791, -0.0375113

214
-0.00850348, 0.00173509, -0.000909927
-0.417995, -0.908367, -0.0122556
0.109172, -0.0368346, -0.99334
0.901866, -0.416549, 0.114565

215
-0.00356336, 0.0796051, 0.00312058
-0.999617, -0.0243198, 0.0132405
0.0222039, -0.418271, 0.908051
-0.0165455, 0.907997, 0.41865

216
0.0639227, 0.0289916, 0.0227347
-0.428111, 0.903472, 0.021432
-0.726148, -0.358011, 0.586973
0.537986, 0.235727, 0.809323

217
0.0506499, -0.00212122, 0.03792
0.00604017, -0.999802, -0.0189563
0.923621, 0.0128434, -0.383093
0.38326, -0.0151945, 0.923515

218
0.0208007, -0.0216486, 0.0321421
0.712265, 0.701902, 0.0034704
-0.500565, 0.511409, -0.698495
-0.49205, 0.495777, 0.715606

219
0.0167542, -0.0267822, 0.0293172
-0.814922, -0.579339, 0.0163724
0.42599, -0.579583, 0.694706
-0.392981, 0.573106, 0.719108

220
0.00879066, -0.00704578, -0.000956898
0.609019, 0.793118, 0.00769524
-0.0378539, 0.0387555, -0.998531
-0.792251, 0.607834, 0.0536255

221
-0.0167467, -0.0697658, 0.0206418
-0.976087, 0.216882, 0.0147323
-0.161823, -0.679694, -0.715422
-0.145149, -0.700698, 0.698537

222
-0.00191079, 0.00024416, 0.00195986
0.346915, -0.937728, -0.017788
0.211581, 0.0967238, -0.972562
0.91372, 0.333633, 0.231961

223
0.0139883, -0.0178026, 0.0140685
-0.738864, -0.673817, 0.00713061
0.243561, -0.257176, 0.935168
-0.628298, 0.692698, 0.354134

224
-0.00767448, 0.0123078, -0.00220348
-0.925562, -0.378593, -0.00131066
-0.0106398, 0.0294717, -0.999509
0.378446, -0.925094, -0.031306

225
-0.0274375, 0.0355111, 0.0450205
-0.840739, -0.541431, 0.00328192
0.493302, -0.768473, -0.407556
0.223186, -0.341029, 0.913174

226
0.0224895, -0.0774853, 0.00639334
-0.957549, -0.287958, 0.013437
-0.0126603, -0.00455969, -0.999909
0.287993, -0.957632, 0.000720516

227
0.0277457, 0.0509778, 0.024659
0.879563, -0.475431, -0.018278
0.377826, 0.721307, -0.580486
0.289165, 0.503668, 0.814065

228
-0.0776832, 0.0346313, 0.00746682
-0.425711, -0.904782, -0.0118122
0.361846, -0.182189, 0.914262
-0.829359, 0.384937, 0.404952

229
-0.019332, -0.0803902, 0.00576305
-0.976087, 0.216882, 0.0147323
-0.0117905, 0.0148519, -0.99982
-0.217062, -0.976085, -0.0119396

230
-0.0664348, -0.0312274, 0.00902791
-0.376983, 0.926056, 0.0174262
-0.351917, -0.125806, -0.927538
-0.85676, -0.355798, 0.373322

231
0.081604, -0.00162988, 0.00240887
0.000467819, 0.999821, 0.0189274
-0.404337, -0.0171221, 0.91445
0.91461, -0.00808084, 0.404257

232
-0.0158776, 0.0107842, -0.00144478
-0.717626, -0.696429, 0.000426407
-0.0533257, 0.0543383, -0.997098
0.694384, -0.715566, -0.0761321

233
0.0334348, -0.00238511, 0.0463528
0.00604017, -0.999802, -0.0189563
0.999982, 0.00605107, -0.000517428
0.000632032, -0.0189528, 0.99982

234
-0.00486649, 0.0246067, 0.0328733
-0.995869, -0.0887439, 0.0192131
0.0517554, -0.728646, -0.682932
0.0746056, -0.679117, 0.730229

235
0.0251823, 0.0021311, 0.0134719
-0.170834, 0.985154, 0.0169624
-0.280872, -0.0321898, -0.959205
-0.944419, -0.168629, 0.282201

236
-0.0146391, -0.0306777, 0.0300745
-0.91998, 0.39164, 0.0159913
-0.253268, -0.625084, 0.738326
0.299154, 0.675195, 0.674254

237
0.0211477, -0.0242597, 0.0363964
-0.712189, -0.701889, 0.011811
0.442313, -0.435611, 0.783966
-0.545112, 0.563556, 0.620692

238
-0.0254034, 0.00236432, -0.000291131
-0.581066, -0.811601, 0.0605461
-0.127116, 0.0170238, -0.991742
0.803868, -0.583964, -0.113059

239
0.0155639, -0.0281844, 0.0289499
-0.853605, -0.520712, 0.0147627
0.379555, -0.602296, 0.702266
-0.356787, 0.605061, 0.711761

240
0.0349928, -0.0275973, 0.043514
0.609019, 0.793118, 0.00769524
-0.746431, 0.576396, -0.332578
-0.268209, 0.196802, 0.943044

241
-0.00984409, -0.00172914, 0.0296425
0.0760563, -0.996929, -0.0186556
0.724613, 0.0424093, 0.68785
-0.684947, -0.0658334, 0.725613

242
0.0346198, 0.0317645, 0.0459685
-0.708119, 0.705921, 0.0155793
-0.621204, -0.612345, -0.489019
-0.335669, -0.355961, 0.872134

243
0.0674833, 0.00434134, 0.0204982
0.0760563, -0.996929, -0.0186556
0.684947, 0.0658334, -0.725613
0.724613, 0.0424093, 0.68785

244
0.0695254, 0.0319801, 0.00867005
-0.428111, 0.903472, 0.021432
-0.464995, -0.24055, 0.852007
0.774919, 0.354788, 0.523092

245
-0.00454011, 0.0354293, 0.0430864
-0.996611, -0.0812524, 0.0127903
0.0794917, -0.991392, -0.104035
0.0211332, -0.102666, 0.994491

246
0.0625398, 0.0603004, 0.0220005
-0.708119, 0.705921, 0.0155793
-0.547842, -0.5632, 0.618608
0.445462, 0.429513, 0.785546

247
-0.018864, 0.0395002, 0.0449341
-0.925562, -0.378593, -0.00131066
0.345567, -0.843397, -0.411419
0.154655, -0.381246, 0.911446

248
-0.00158297, -0.00239478, 0.00160029
0.879563, -0.475431, -0.018278
0.122566, 0.189296, 0.974241
-0.459724, -0.859146, 0.224769

249
0.02104, -0.0253598, 0.0306143
-0.738864, -0.673817, 0.00713061
0.46546, -0.502684, 0.728461
-0.487265, 0.541552, 0.68505

250
-0.0262749, -0.00236881, 0.0134922
0.209819, -0.977599, -0.0166204
0.396891, 0.0696234, 0.915221
-0.893562, -0.198627, 0.402608

251
-0.00893934, -0.0230905, -0.00122806
-0.954524, 0.297709, 0.015894
0.054288, 0.121145, 0.991149
0.293149, 0.946939, -0.131798

252
0.0222679, 0.0196898, 0.0324496
0.707386, -0.706664, -0.0151786
0.475796, 0.460182, 0.749567
-0.522707, -0.537455, 0.661755

253
-0.0115387, 0.0105384, -0.00199198
-0.840739, -0.541431, 0.00328192
-0.0174183, 0.020988, -0.999628
0.541161, -0.840483, -0.0270762

254
0.0213345, -0.00669423, 2.42757e-05
0.611189, 0.788542, 0.06819
0.126105, -0.0119631, -0.991945
-0.781374, 0.614865, -0.106751

255
-0.0231761, -0.0778359, 0.00372976
-0.96524, 0.260971, 0.0143642
-0.016008, -0.00417418, -0.999863
-0.260875, -0.965338, 0.00820671

256
-0.0146703, 0.019742, 0.0328315
-0.874966, -0.484181, 0.00188011
0.381201, -0.691254, -0.613884
0.29853, -0.536411, 0.789394

257
0.0352256, -0.00238302, 0.043339
0.000467819, 0.999821, 0.0189274
-0.999722, 0.000913396, -0.0235396
-0.0235526, -0.0189111, 0.999544

258
-0.0248955, 0.0142919, 0.0311579
-0.617937, -0.786226, -0.0014708
0.594922, -0.466356, -0.65466
0.514025, -0.405414, 0.755922

259
-0.0146033, -0.009146, -0.00123202
0.625544, -0.77991, -0.0208431
-0.0223072, 0.00882534, -0.999712
0.77987, 0.625829, -0.011877

260
-0.00134384, -0.000792363, 0.00257903
0.754929, 0.655785, -0.00528079
-0.164107, 0.181109, -0.969674
-0.634941, 0.732902, 0.244344

261
-0.0293902, 0.0789316, 0.00508034
-0.95387, -0.300088, 0.00886892
0.132603, -0.394626, 0.909223
-0.269347, 0.868457, 0.416215

262
0.0316856, -0.0347397, 0.0490346
-0.712189, -0.701889, 0.011811
0.617249, -0.618116, 0.486761
-0.334352, 0.353956, 0.873455

263
-0.0783165, -0.0141485, 0.0125112
0.179738, -0.983556, -0.0176675
0.637974, 0.102877, 0.763155
-0.748788, -0.14844, 0.645974

264
-0.0115242, -0.000666699, 0.0233674
0.0298697, -0.999392, -0.0180111
0.539505, 0.0312885, -0.841401
0.841452, 0.0154153, 0.540111

265
0.00529238, 0.0123589, -0.00667618
-0.923958, 0.382157, 0.0160433
-0.0145347, 0.00683426, -0.999871
-0.382217, -0.924072, -0.000760043

266
0.0390436, -0.066577, 0.0114262
-0.841618, -0.539558, 0.0235846
0.192734, -0.340852, -0.920149
0.504513, -0.769868, 0.390858

267
-0.0450836, 0.0200818, 0.0464912
-0.528756, -0.848404, 0.0250669
0.743035, -0.476957, -0.469479
0.410264, -0.229614, 0.882588

268
-0.0400691, 0.0234911, 0.0491872
-0.597683, -0.801683, 0.00891093
0.700173, -0.527354, -0.481305
0.390553, -0.281429, 0.876508

269
0.00637242, -0.0391881, 0.0431809
0.983326, 0.181245, -0.0148514
-0.181852, 0.979759, -0.0836826
-0.000616252, 0.084988, 0.996382

270
0.0581912, 0.0670662, 0.0222832
-0.770558, 0.637281, 0.0105987
-0.502943, -0.618172, 0.604079
0.39152, 0.460148, 0.796854

271
-0.0154798, -0.0467224, 0.0486251
-0.954524, 0.297709, 0.015894
-0.250059, -0.828497, 0.501062
0.162339, 0.474301, 0.865266

272
0.0243897, 0.000675834, 0.0331623
-0.0999535, 0.994754, 0.0217673
-0.793526, -0.0664976, -0.604892
-0.600272, -0.077734, 0.79601

273
-0.0241612, 0.0193423, 0.0349229
-0.717626, -0.696429, 0.000426407
0.453297, -0.467559, -0.758888
0.528711, -0.544404, 0.651221

274
-0.00984758, 0.00671062, 0.000193822
-0.857199, -0.514867, 0.0110172
-0.000874841, -0.0199374, -0.999801
0.514984, -0.857038, 0.0166399

275
-0.0378931, -0.057843, 0.0577865
-0.827337, 0.561557, -0.0129279
-0.5568, -0.81686, 0.150713
0.0740736, 0.131889, 0.988493

276
0.00905282, -0.0065362, 0.0198001
0.519584, 0.854394, 0.00661159
-0.448878, 0.279545, -0.848742
-0.727008, 0.438025, 0.528766

277
0.030273, -0.0766672, 0.00576329
-0.90798, -0.417563, 0.0348312
0.149802, -0.401123, -0.903692
0.39132, -0.815317, 0.426764

278
-0.0351426, 0.0140255, 0.042734
-0.368607, -0.929532, -0.00991834
0.860806, -0.345342, 0.373834
-0.350916, 0.12926, 0.927443

279
-0.0534405, 0.0599548, 0.0120389
0.773401, 0.633916, 0.00153044
-0.104174, 0.129477, -0.986095
-0.625299, 0.762487, 0.166175

280
-0.0233413, -0.0789504, 0.0128725
-0.96524, 0.260971, 0.0143642
-0.114622, -0.373275, -0.920613
-0.234891, -0.890258, 0.390213

281
-0.00707608, -0.007392, 0.0398693
0.83916, -0.543705, -0.0139385
0.501534, 0.783478, -0.366914
0.210414, 0.300909, 0.93015

282
-0.00809914, 0.0284793, 0.0303586
-0.987157, -0.158432, 0.0205143
0.0929194, -0.673869, -0.732985
0.129953, -0.721665, 0.679936

283
-0.0140906, 0.00170138, -0.00409487
-0.236897, -0.971455, -0.0124327
0.0523635, 1.12047e-05, -0.998628
0.970123, -0.237223, 0.0508661

284
0.0643752, 0.0458323, 0.0105288
-0.59565, 0.803017, 0.0190692
-0.395197, -0.313646, 0.863392
0.6993, 0.506744, 0.504174

285
-0.00155207, -0.00485146, 0.00581149
0.999747, 0.018163, -0.0132603
0.00831726, 0.249207, 0.968414
0.0208939, -0.96828, 0.248993

286
0.0254777, -0.000144397, 0.000949494
-0.450683, 0.890791, -0.0580989
0.158442, 0.0157717, -0.987242
-0.878511, -0.454139, -0.148247

287
0.0109513, 0.0108907, 0.0130247
0.664322, -0.747304, -0.01458
0.285039, 0.271324, -0.919313
0.690962, 0.606564, 0.393257

288
-0.014357, 0.00657653, -0.0033117
-0.619706, -0.784823, -0.00420782
0.00773211, -0.000744043, -0.99997
0.784796, -0.61972, 0.00652942

289
0.0496759, -0.0530354, 0.0465689
-0.712189, -0.701889, 0.011811
0.672883, -0.687359, -0.273434
0.200038, -0.186789, 0.961818

290
0.00779894, 0.0828176, 0.00518207
-0.994147, 0.107141, 0.0138859
-0.0428299, -0.508844, 0.859793
0.0991852, 0.854165, 0.510454

291
-0.0128405, 0.0248135, 0.033593
-0.925562, -0.378593, -0.00131066
0.260078, -0.633301, -0.728896
0.275125, -0.67498, 0.684623

292
-0.018848, 0.0221049, 0.0337467
-0.840739, -0.541431, 0.00328192
0.370342, -0.579471, -0.725989
0.394975, -0.609152, 0.687698

293
0.0129714, 0.0221289, 0.0168472
-0.935025, 0.354106, -0.018364
-0.0646539, -0.221185, -0.973086
-0.348637, -0.908673, 0.229708

294
0.00999567, -0.0303076, 0.0329412
-0.90798, -0.417563, 0.0348312
0.304206, -0.599751, 0.740107
-0.288151, 0.682598, 0.671587

295
-0.0752847, 0.0375909, 0.00673825
-0.470361, -0.882408, -0.0107989
0.375855, -0.211388, 0.902246
-0.798432, 0.420323, 0.431086

296
-0.0212165, 0.0788623, 0.00624637
-0.974618, -0.223641, 0.0102061
0.141487, -0.57998, 0.80225
-0.173497, 0.783331, 0.596901

297
0.0447687, -0.047914, 0.055024
-0.712189, -0.701889, 0.011811
0.698214, -0.706518, 0.115452
-0.0726898, 0.0904702, 0.993243

298
0.0566574, -0.00822507, 0.0379533
-0.104897, -0.994342, -0.0167702
0.909047, -0.0890335, -0.40707
0.403274, -0.0579454, 0.913243

299
0.0640276, 0.0170466, 0.0114854
0.209819, -0.977599, -0.0166204
0.3512, 0.0912193, -0.931846
0.912488, 0.189682, 0.362472

300
-0.0614078, 0.0580551, 0.00469639
-0.714462, -0.699666, -0.00337559
0.284092, -0.294503, 0.912447
-0.639402, 0.65095, 0.409181

301
0.0257897, 0.00128229, 0.0204038
-0.450683, 0.890791, -0.0580989
-0.18981, -0.15922, -0.968825
-0.872271, -0.425605, 0.240839

302
