0
0.0193043, -0.012741, 0.012025
-0.97938, -0.201097, -0.0193614
-0.0104424, -0.0453185, 0.998918
-0.201757, 0.978522, 0.0422841

1
0.0218699, 0.00102632, -0.0520664
-0.178305, 0.98391, -0.0113072
0.983531, 0.178558, 0.0279858
0.0295546, -0.00613098, -0.999544

2
-0.0415438, -0.0158725, 0.000976963
-0.158936, -0.987289, 0.000253814
0.0131045, -0.00185253, 0.999912
-0.987202, 0.158925, 0.0132323

3
0.024103, 0.0815534, 0.00292465
-0.149695, -0.988631, -0.0141311
-0.264814, 0.0263189, 0.96394
-0.95261, 0.148039, -0.265743

4
0.0101551, -0.0139691, 0.0100272
-0.353961, 0.93526, -0.000136821
-0.00222566, -0.000696034, 0.999997
0.935258, 0.35396, 0.00232794

5
0.0258411, 0.0805914, 0.00422873
-0.125768, -0.991904, -0.0175794
-0.268248, 0.0169417, 0.963201
-0.955105, 0.125855, -0.268207

6
0.0345671, 0.11033, 0.000511373
-0.486173, -0.873075, 0.0370879
-0.180563, 0.141891, 0.973275
-0.855005, 0.466483, -0.226629

7
0.05036, 0.00831435, 0.00692984
-0.065416, 0.997804, -0.0103922
-0.00194665, 0.0102869, 0.999945
0.997856, 0.0654326, 0.00126945

8
0.032895, -0.0082075, 0.00960229
-0.950252, 0.31118, -0.0136954
-0.0297504, -0.0469056, 0.998456
0.310057, 0.949193, 0.0538299

9
0.0162266, -0.0138658, -0.0358753
0.181582, 0.983325, 0.00996443
0.899814, -0.170231, 0.401691
0.396689, -0.0639736, -0.915721

10
0.0366255, 0.102924, -0.00491056
-0.484251, -0.874148, 0.0369699
-0.500298, 0.31132, 0.807949
-0.717777, 0.372754, -0.588091

11
0.00659736, -0.0218659, -0.0121795
-0.0174709, 0.999847, -0.000322825
0.381742, 0.0069688, 0.924243
0.924104, 0.0160241, -0.381806

12
0.025073, -0.0201331, -0.0318289
0.0346936, -0.999374, -0.00689792
-0.894169, -0.0341227, 0.446427
-0.446383, -0.00932026, -0.894793

13
0.0467628, 0.000519662, -0.00792962
0.0336283, 0.99943, -0.00303434
0.353514, -0.00905496, 0.935385
0.934825, -0.0325281, -0.353617

14
0.03344, -0.0259324, 0.00137209
-0.964677, -0.26112, -0.034854
0.0360538, 0.000195576, -0.99935
0.260957, -0.965306, 0.00922572

15
0.033728, 0.0797926, -0.00712555
-0.125768, -0.991904, -0.0175794
-0.613332, 0.0638149, 0.787243
-0.779748, 0.109792, -0.616392

16
-0.0360498, -0.0459409, -0.000185222
0.834694, -0.550712, 0.001395
-0.00647864, -0.00728648, 0.999952
-0.550676, -0.834664, -0.00964985

17
0.0386634, -0.00197306, -0.0490875
-0.0697428, 0.997544, -0.00648207
0.99755, 0.0697757, 0.00498459
0.00542464, -0.00611855, -0.999967

18
-0.00113737, 0.0135673, -0.0520858
-0.646549, -0.762865, 0.0032705
-0.762799, 0.64654, 0.0111114
-0.010591, 0.00468932, -0.999933

19
0.0350411, 0.120188, 0.000631789
-0.545095, -0.836986, 0.0482351
-0.157707, 0.158875, 0.974621
-0.823408, 0.523654, -0.218601

20
0.0384303, -0.00996192, 0.00458259
-0.434136, 0.900847, -0.000628089
-0.0123762, -0.00526719, 0.99991
0.900762, 0.434104, 0.0134358

21
0.0286545, -0.0160429, 0.00988562
-0.973773, 0.226714, -0.0191259
-0.0320883, -0.053628, 0.998045
0.225246, 0.972484, 0.0594964

22
-0.0355757, 0.00741099, -0.00354312
0.250962, 0.967993, 0.00268908
0.378438, -0.0955561, -0.920681
-0.890956, 0.232073, -0.390306

23
0.0453279, 0.0106701, 0.00463461
-0.383243, 0.923556, -0.0130234
-0.0217056, 0.00509082, 0.999751
0.923392, 0.383431, 0.0180953

24
0.0365798, 0.108983, -0.0048167
-0.486173, -0.873075, 0.0370879
-0.494014, 0.309606, 0.812462
-0.720823, 0.376675, -0.581834

25
0.0389209, 0.107704, -0.00476192
-0.476267, -0.878577, 0.035668
-0.499624, 0.303775, 0.811232
-0.723564, 0.368543, -0.583636

26
0.0517832, 0.0352214, -0.0167339
-0.470228, 0.88234, -0.0190437
0.600912, 0.3359, 0.725311
0.646368, 0.329618, -0.688158

27
0.0267108, 0.0812333, -0.00230518
-0.149695, -0.988631, -0.0141311
-0.609204, 0.0809675, 0.788869
-0.778756, 0.126698, -0.614399

28
0.0259628, -0.015605, 0.0173206
-0.984498, 0.17398, -0.0222347
-0.037162, -0.0830174, 0.995855
0.171413, 0.981244, 0.0881959

29
0.053418, -0.041712, 0.00573428
-0.122204, -0.992379, -0.0158133
-0.412817, 0.0653115, -0.908469
0.902579, -0.104491, -0.417652

30
0.0483659, 0.000494934, 0.00169223
0.0336283, 0.99943, -0.00303434
-0.0311375, 0.00408227, 0.999507
0.998949, -0.0335172, 0.0312571

31
0.00966279, -0.0207506, -0.0198813
0.0346936, -0.999374, -0.00689792
-0.655281, -0.0279586, 0.754867
-0.754588, -0.021669, -0.655841

32
0.0103845, -0.0217936, 0.00695829
-0.0174709, 0.999847, -0.000322825
-0.000955247, 0.000306183, 0.999999
0.999847, 0.0174712, 0.000949752

33
0.0303003, 0.106603, -0.000771925
-0.484251, -0.874148, 0.0369699
-0.187534, 0.144975, 0.971501
-0.854595, 0.463517, -0.234136

34
-0.00809669, -0.0186464, -0.0140508
-0.0851186, -0.996367, -0.00272868
-0.358147, 0.0280403, 0.933244
-0.929777, 0.0804137, -0.359232

35
-0.00953937, 0.00294926, 0.0105763
-0.932399, 0.361425, -0.0019793
-0.00665567, -0.0116943, 0.999909
0.361369, 0.932328, 0.0133093

36
0.0335287, 0.0801936, -0.00178438
-0.149695, -0.988631, -0.0141311
-0.860849, 0.12329, 0.4937
-0.486345, 0.0860689, -0.869518

37
0.0422027, 0.0152671, 0.00702462
-0.193257, 0.98104, -0.0145492
-0.0139807, 0.0120738, 0.999829
0.981049, 0.193427, 0.0113823

38
0.0503276, 0.000133985, 0.00170381
-0.0598751, 0.998182, -0.00688841
-0.026799, 0.00529086, 0.999627
0.997846, 0.0600373, 0.0264335

39
-0.00245804, -0.0133194, -0.0400748
0.677916, 0.734848, 0.0207055
0.73478, -0.678196, 0.0121838
0.0229956, 0.00695437, -0.999711

40
0.016201, -0.034655, 0.00922818
0.480034, 0.877231, 0.00569064
-0.0433877, 0.0172624, 0.998909
0.876176, -0.479757, 0.0463476

41
0.0302118, 0.113038, 0.00717238
-0.486173, -0.873075, 0.0370879
0.160378, -0.0474252, 0.985916
-0.85902, 0.485274, 0.163079

42
0.0341023, 0.0344146, 0.00733275
-0.961489, 0.274312, -0.0170941
-0.0187532, -0.00342682, 0.999818
0.274203, 0.961635, 0.00843907

43
0.0483726, 0.00195124, 0.000999347
-0.0617699, 0.998061, -0.00766323
-0.00931127, 0.00710132, 0.999931
0.998047, 0.061837, 0.00885456

44
0.0513026, 0.0319308, 0.00296777
-0.339397, 0.940398, -0.0214698
-0.00985795, 0.0192674, 0.999766
0.940592, 0.339529, 0.00273109

45
0.0243533, -0.0522752, -0.0175859
-0.962283, -0.271315, -0.0199765
-0.0825461, 0.361159, -0.928843
0.259223, -0.892162, -0.369933

46
-0.00928238, 0.0265408, 0.00343694
-0.92991, -0.367047, -0.0233165
-0.0260372, 0.0024622, 0.999658
-0.366864, 0.930199, -0.0118465

47
-0.00851023, 0.000775598, -0.037074
-0.893224, -0.449374, -0.014604
-0.449075, 0.893274, -0.0198199
0.0219519, -0.0111453, -0.999697

48
-0.0102481, 0.0093671, -0.0444275
-0.598324, -0.801253, -0.00133811
-0.738182, 0.550576, 0.389813
-0.311602, 0.234222, -0.920893

49
0.0574457, 0.121159, -0.00088765
-0.501272, -0.864451, 0.0380987
-0.851503, 0.484979, -0.199344
0.153846, -0.132367, -0.979189

50
0.0260215, -0.0177511, -0.00206994
-0.984498, 0.17398, -0.0222347
0.0312638, 0.298808, 0.953801
0.172587, 0.93832, -0.299615

51
0.0512806, -0.0208828, 0.0115949
-0.396069, 0.918206, 0.00527826
-0.0288391, -0.0181849, 0.999419
0.917768, 0.395686, 0.0336827

52
0.0236706, 0.0815355, 0.00876134
-0.149695, -0.988631, -0.0141311
0.119891, -0.0323365, 0.99226
-0.981436, 0.146842, 0.123369

53
-0.00252734, -0.0148682, 0.00910287
-0.0359673, -0.999352, 0.00105252
0.0438509, -0.00052603, 0.999038
-0.99839, 0.0359789, 0.0438414

54
0.0422304, -0.0599635, 0.00387083
0.729586, 0.683677, 0.0170417
-0.00970156, -0.0145696, 0.999847
0.68382, -0.72964, -0.00399708

55
0.0503657, 0.00522387, 0.00690771
-0.0593998, 0.998202, -0.00805273
-0.000272346, 0.00805077, 0.999968
0.998234, 0.0594001, -0.000206358

56
0.0552717, -0.0148953, 0.00193394
-0.575623, 0.817704, 0.00423808
-0.0142937, -0.0152438, 0.999782
0.81759, 0.575437, 0.0204628

57
-0.00934248, -0.0432885, -0.0430871
0.88629, -0.463129, 0.0011962
-0.463101, -0.886258, -0.00916941
0.00530676, 0.00757279, -0.999957

58
0.0195716, 0.0502952, -0.000712545
0.377044, 0.92619, -0.00309923
0.655131, -0.26906, -0.705982
-0.654707, 0.264156, -0.708223

59
0.0483677, -0.000969378, 0.000960647
-0.0697428, 0.997544, -0.00648207
-0.00542464, 0.00611855, 0.999967
0.99755, 0.0697757, 0.00498459

60
-0.0120498, 0.023031, -0.00192253
-0.646549, -0.762865, 0.0032705
0.010591, -0.00468932, 0.999933
-0.762799, 0.64654, 0.0111114

61
0.0388765, -0.0195112, -0.0400256
-0.018329, -0.99983, -0.00219917
-0.998565, 0.018195, 0.0503624
-0.0503138, 0.00311911, -0.998729

62
0.03583, -0.0162242, -0.0021369
-0.950566, -0.308534, -0.0350787
0.0330705, 0.0117376, -0.999384
0.308756, -0.951141, -0.00095403

63
0.0420431, 0.110059, -0.00701596
-0.528628, -0.847662, 0.0449566
-0.471175, 0.337069, 0.815094
-0.706078, 0.409699, -0.577582

64
0.0242371, 0.0397691, -0.0400789
-0.908141, -0.41853, -0.0106291
-0.418324, 0.908133, -0.0173125
0.0168984, -0.0112758, -0.999794

65
0.0190657, -0.0628477, -0.0151826
0.999408, 0.0279003, 0.0201175
-0.00792651, -0.382315, 0.923998
0.033471, -0.923611, -0.381868

66
-0.0378416, -0.044571, 0.00100602
0.69044, -0.723383, 0.00314474
0.0047171, 0.00884933, 0.99995
-0.723375, -0.69039, 0.0095222

67
0.016749, -0.0367838, 0.000512087
0.762369, 0.647137, 0.00275864
0.00305744, -0.00786455, 0.999964
0.647136, -0.762333, -0.00797427

68
-0.0114273, -0.00586159, 0.0075621
0.0839668, -0.996453, 0.00554661
0.0125144, 0.00662033, 0.9999
-0.99639, -0.083889, 0.0130259

69
0.042167, -0.00309716, 0.00111989
-0.868291, -0.495438, -0.0247325
0.0235545, 0.00862377, -0.999685
0.495496, -0.8686, 0.00418186

70
0.0464255, 0.0125486, 0.00300865
0.0313408, 0.999385, -0.0157472
-0.00432929, 0.0158905, 0.999864
0.999499, -0.0312684, 0.00482465

71
-0.00138947, -0.0610346, -0.00240646
0.757954, -0.652301, 0.00300469
-0.0160735, -0.0140717, 0.999772
-0.65211, -0.757829, -0.0211505

72
-0.0055354, -0.0269666, 0.00899525
-0.0344332, -0.999362, -0.00943803
0.0413415, -0.0108598, 0.999086
-0.998552, 0.0340115, 0.041689

73
0.00518538, -0.0342291, -0.0211329
-0.402984, -0.914947, -0.0218302
-0.629704, 0.259883, 0.732075
-0.664136, 0.308761, -0.680875

74
0.0220278, -0.0204289, -0.0150451
0.729386, 0.684102, -0.00115578
0.260136, -0.275792, 0.925347
0.632713, -0.675236, -0.379118

75
0.0477901, -0.0142159, 0.00132414
0.250962, 0.967993, 0.00268908
-0.00867709, -0.000528272, 0.999962
0.967958, -0.250976, 0.00826679

76
0.0414421, -0.0626286, 0.00684381
0.792389, 0.609756, 0.0178169
-0.0059467, -0.0214846, 0.999751
0.609987, -0.792298, -0.0133981

77
0.0320075, -0.0174851, -0.00265585
-0.993145, 0.11681, -0.00421015
0.0323938, 0.309672, 0.950292
0.112307, 0.943641, -0.311333

78
0.00997775, -0.034773, -0.00163824
0.722132, 0.691752, 0.00210979
-0.0077625, 0.00505362, 0.999957
0.691711, -0.722118, 0.0090191

79
0.0255416, 0.0805605, 0.0081189
-0.125768, -0.991904, -0.0175794
0.117674, -0.0325107, 0.99252
-0.985056, 0.122759, 0.12081

80
0.0540106, 0.122979, -0.00480408
-0.501272, -0.864451, 0.0380987
-0.845561, 0.498716, 0.19055
-0.183721, 0.0633025, -0.980938

81
0.0321999, -0.0151513, 0.0167121
-0.993145, 0.11681, -0.00421015
-0.01305, -0.0750166, 0.997097
0.116155, 0.990317, 0.0760267

82
0.0185634, -0.00890162, 0.00118758
-0.995053, -0.0964182, -0.023932
-0.023286, -0.00781953, 0.999698
-0.0965762, 0.99531, 0.00553565

83
-0.0114108, -0.018416, 0.00517329
-0.0851186, -0.996367, -0.00272868
0.024926, -0.00486714, 0.999677
-0.996059, 0.0850232, 0.0252497

84
-0.0280826, -0.0550114, -0.00663239
-0.396069, 0.918206, 0.00527826
0.377858, 0.168223, -0.910453
-0.836871, -0.358608, -0.41358

85
0.0179594, -0.0186562, 0.010792
0.999589, 0.0118028, 0.0261292
-0.0263315, 0.0173207, 0.999503
0.0113444, -0.99978, 0.0176244

86
0.00695565, -0.0255234, -0.0490645
-0.799458, -0.600127, -0.0267371
-0.599907, 0.7999, -0.0164672
0.0312694, 0.00287498, -0.999507

87
-0.0243759, 0.00421713, -0.0520885
0.75297, 0.658052, 0.00197017
0.658038, -0.752969, 0.00479591
0.00463943, -0.00231473, -0.999987

88
0.0294015, 0.056831, -0.00675916
-0.227846, -0.973673, -0.00685732
-0.888023, 0.204904, 0.411617
-0.399376, 0.0998748, -0.911331

89
-0.029726, -0.0554395, -0.00589826
-0.364503, 0.931173, 0.0073671
0.386792, 0.158595, -0.908427
-0.847071, -0.328275, -0.417979

90
0.071428, -0.0435289, -0.0194299
-0.122204, -0.992379, -0.0158133
-0.726795, 0.100327, -0.679488
0.675896, -0.0715431, -0.733516

91
0.0438812, -0.0194448, -0.0369653
0.0346936, -0.999374, -0.00689792
-0.996928, -0.035092, 0.0700221
-0.0702203, 0.00444741, -0.997522

92
0.0426753, 0.0995853, -0.00461434
-0.484251, -0.874148, 0.0369699
-0.736896, 0.430269, 0.521395
-0.471683, 0.225243, -0.852514

93
-0.00422412, -0.0220603, -0.0284109
-0.0174709, 0.999847, -0.000322825
0.706323, 0.0125705, 0.707778
0.707674, 0.0121375, -0.706435

94
0.0416017, 0.000668193, -0.0162056
0.0336283, 0.99943, -0.00303434
0.684346, -0.0208137, 0.72886
0.728381, -0.0265869, -0.684656

95
0.0155399, -0.020939, -0.00840219
-0.993169, 0.113998, -0.0248877
0.064785, 0.361343, -0.93018
-0.0970459, -0.925438, -0.36626

96
0.0465903, 0.10357, -0.00101878
-0.486173, -0.873075, 0.0370879
-0.85902, 0.485274, 0.163079
-0.160378, 0.0474252, -0.985916

97
-0.011365, -0.0121132, 0.0150224
0.0890328, -0.996028, 0.000783798
0.0419947, 0.00454003, 0.999108
-0.995143, -0.0889204, 0.0422321

98
0.0454061, 0.0530666, -0.00402474
-0.227846, -0.973673, -0.00685732
-0.708807, 0.170686, -0.684441
0.667592, -0.151087, -0.729036

99
0.0187088, 0.0304668, -0.0400644
0.999589, 0.0118028, 0.0261292
0.0113444, -0.99978, 0.0176244
0.0263315, -0.0173207, -0.999503

100
0.0328784, -0.0619608, -0.00631959
-0.799458, -0.600127, -0.0267371
-0.200685, 0.308765, -0.929726
0.566209, -0.737911, -0.367281

101
0.027641, -0.0104672, -0.000976149
-0.96396, 0.265395, -0.0186363
-0.0238733, -0.0165205, 0.999578
0.264976, 0.963998, 0.022261

102
0.0266086, 0.0125383, -0.0370824
0.0313408, 0.999385, -0.0157472
0.999499, -0.0312684, 0.00482465
0.00432929, -0.0158905, -0.999864

103
0.0466476, -0.00889755, 0.00792885
0.564682, 0.825305, 0.0024757
-0.0182018, 0.00945473, 0.99979
0.825108, -0.564608, 0.0203609

104
-0.00228128, -0.0320439, 0.0018736
-0.112716, -0.993549, -0.0124865
0.0177274, -0.0145754, 0.999737
-0.993469, 0.112465, 0.0192559

105
-0.00612192, 0.0193786, -0.0098616
-0.92991, -0.367047, -0.0233165
-0.164448, 0.358247, 0.91903
-0.328974, 0.85845, -0.393497

106
-0.00560293, -0.0162374, -0.00153686
-0.00857676, -0.999962, 0.00158581
0.01106, 0.00149091, 0.999938
-0.999902, 0.00859377, 0.0110468

107
0.0360015, -0.00194117, -0.0490847
-0.0418284, 0.999107, -0.00598598
0.99905, 0.0418976, 0.0119462
0.0121863, -0.00548061, -0.999911

108
0.0453563, -0.0136706, 0.0116653
-0.600313, 0.799765, 0.00044144
-0.0277993, -0.0214181, 0.999384
0.799282, 0.599931, 0.0350904

109
-0.00502922, -0.033168, 0.0050459
-0.150324, -0.988536, -0.0141099
0.0203254, -0.0173593, 0.999643
-0.988428, 0.149984, 0.0227019

110
-0.0126589, 0.00416668, -0.0127459
-0.193257, 0.98104, -0.0145492
0.388348, 0.0628666, -0.919366
-0.901021, -0.183324, -0.393134

111
0.0431347, 0.129758, 0.00591408
-0.501272, -0.864451, 0.0380987
-0.153846, 0.132367, 0.979189
-0.851503, 0.484979, -0.199344

112
0.0268417, -0.00805034, -0.010638
-0.890503, 0.454875, -0.00971315
0.151565, 0.316711, 0.936334
0.428991, 0.832336, -0.350975

113
0.0118349, -0.0357289, 0.0133355
0.682729, 0.730668, 0.0021526
-0.0515121, 0.0451932, 0.997649
0.728854, -0.681235, 0.068493

114
-0.0215949, 0.0106724, -0.00781486
-0.799458, -0.600127, -0.0267371
-0.258464, 0.303452, 0.917122
-0.542276, 0.740111, -0.397708

115
0.00587835, -0.0304941, -0.0210016
0.75297, 0.658052, 0.00197017
0.247534, -0.28601, 0.925702
0.609724, -0.696539, -0.378247

116
0.015927, 0.0598834, 0.00754147
-0.227846, -0.973673, -0.00685732
0.029143, -0.0138587, 0.999479
-0.973261, 0.227527, 0.0315335

117
0.0282629, -0.0506555, -0.0473384
-0.97938, -0.201097, -0.0193614
-0.182403, 0.92138, -0.343204
0.0868565, -0.332595, -0.939061

118
-0.0118025, -0.0101815, -0.0481908
0.75297, 0.658052, 0.00197017
0.606173, -0.694767, 0.387109
0.256107, -0.290287, -0.922032

119
-0.00464209, -0.0102289, -0.0455755
-0.799458, -0.600127, -0.0267371
-0.566209, 0.737911, 0.367281
-0.200685, 0.308765, -0.929726

120
0.021216, 0.0587466, -0.00677802
-0.227846, -0.973673, -0.00685732
-0.667592, 0.151087, 0.729036
-0.708807, 0.170686, -0.684441

121
-0.0311444, 0.00445371, 0.00546017
0.682729, 0.730668, 0.0021526
0.326511, -0.30245, -0.895497
-0.65366, 0.612084, -0.445063

122
-0.0444501, -0.0329044, 0.00105734
0.247669, -0.968836, 0.00403446
0.0273965, 0.0111659, 0.999562
-0.968457, -0.24745, 0.0293082

123
0.0274901, 0.0860687, 0.00456495
-0.150468, -0.98849, -0.0156986
0.127015, -0.0350771, 0.99128
-0.980422, 0.147162, 0.130831

124
0.0552546, -0.0222593, 0.00484462
-0.364503, 0.931173, 0.0073671
-0.0331896, -0.0208975, 0.999231
0.930611, 0.363978, 0.0385225

125
-0.0364965, -0.0316323, -0.0400891
-0.353961, 0.93526, -0.000136821
0.935258, 0.35396, 0.00232794
0.00222566, 0.000696034, -0.999997

126
-0.00555087, -0.0269832, 0.00560083
-0.0340021, -0.999381, -0.00903329
0.0334754, -0.0101723, 0.999388
-0.998861, 0.0336789, 0.0338005

127
0.0316664, -0.00188664, -0.0370834
0.147165, -0.98911, 0.00220651
-0.989005, -0.147116, 0.0150032
-0.0145152, -0.00439019, -0.999885

128
0.00710081, -0.0362865, 0.0177833
0.57361, 0.818936, 0.0177521
-0.0899671, 0.0414456, 0.995082
0.814173, -0.572386, 0.097451

129
0.0341023, 0.0344146, 0.00733275
-0.961489, 0.274312, -0.0170941
-0.0187532, -0.00342682, 0.999818
0.274203, 0.961635, 0.00843907

130
0.0284112, -0.0187181, -0.00943759
-0.973773, 0.226714, -0.0191259
0.056552, 0.322608, 0.944842
0.220379, 0.91898, -0.326968

131
0.0403884, 0.116563, -0.00183852
-0.545095, -0.836986, 0.0482351
-0.460807, 0.347175, 0.816778
-0.700378, 0.422994, -0.574932

132
0.0523896, 0.0772777, 0.00126608
-0.125768, -0.991904, -0.0175794
-0.779748, 0.109792, -0.616392
0.613332, -0.0638149, -0.787243

133
0.0165585, 0.0515381, 0.00414862
0.377044, 0.92619, -0.00309923
0.354716, -0.147491, -0.923267
-0.855579, 0.347013, -0.384145

134
-0.000501637, -0.0263595, -0.0391058
0.88629, -0.463129, 0.0011962
-0.425818, -0.815898, -0.391138
0.182124, 0.346153, -0.920331

135
0.06161, 0.118602, -0.00411787
-0.501272, -0.864451, 0.0380987
-0.493318, 0.249334, -0.833348
0.710889, -0.436529, -0.551434

136
0.0315464, 0.0118378, -0.00662661
0.52436, 0.851395, 0.0131189
0.851084, -0.524524, 0.0230416
0.0264986, -0.00091683, -0.999648

137
0.0305354, 0.080103, -0.00179657
-0.125768, -0.991904, -0.0175794
-0.865041, 0.100973, 0.491435
-0.485681, 0.0770137, -0.870737

138
0.0480241, 0.0169981, -0.00139811
-0.275884, 0.961072, -0.0151377
-0.0231571, 0.00909849, 0.99969
0.960912, 0.276149, 0.0197455

139
-0.0302839, -0.0373028, -0.0400868
0.834694, -0.550712, 0.001395
-0.550676, -0.834664, -0.00964985
0.00647864, 0.00728648, -0.999952

140
0.0503779, -0.00103867, 0.00108999
-0.0418284, 0.999107, -0.00598598
-0.0121863, 0.00548061, 0.999911
0.99905, 0.0418976, 0.0119462

141
0.0547147, 0.099031, -0.00136879
-0.486173, -0.873075, 0.0370879
-0.476902, 0.229521, -0.84846
0.732257, -0.430186, -0.527959

142
0.0101923, -0.0509811, -0.0181616
-0.961489, 0.274312, -0.0170941
0.207152, 0.682402, -0.701011
-0.180631, -0.677555, -0.712946

143
-0.00245422, -0.0214217, 0.0164119
0.0346936, -0.999374, -0.00689792
0.0702203, -0.00444741, 0.997522
-0.996928, -0.035092, 0.0700221

144
0.00343509, -0.00110447, -0.0347552
-0.0617699, 0.998061, -0.00766323
0.71231, 0.038704, -0.700797
-0.699142, -0.0487468, -0.713319

145
0.0476257, 0.0779049, -3.9134e-05
-0.125768, -0.991904, -0.0175794
-0.955105, 0.125855, -0.268207
0.268248, -0.0169417, -0.963201

146
-0.0122207, 0.0390069, -0.0204938
0.52436, 0.851395, 0.0131189
0.620545, -0.371543, -0.690565
-0.58307, 0.370246, -0.723151

147
0.0483678, 0.0778183, -0.000460718
-0.125768, -0.991904, -0.0175794
-0.485681, 0.0770137, -0.870737
0.865041, -0.100973, -0.491435

148
0.0426232, 0.105628, -0.0045738
-0.486173, -0.873075, 0.0370879
-0.732257, 0.430186, 0.527959
-0.476902, 0.229521, -0.84846

149
0.0331312, -0.047577, 0.01052
0.677916, 0.734848, 0.0207055
-0.0229956, -0.00695437, 0.999711
0.73478, -0.678196, 0.0121838

150
0.00229491, -0.019489, -0.0305404
-0.0851186, -0.996367, -0.00272868
-0.686695, 0.0566789, 0.724733
-0.721945, 0.0635621, -0.689024

151
-0.0107874, -0.000375439, -0.00860683
-0.932399, 0.361425, -0.0019793
0.132141, 0.345982, 0.928889
0.336408, 0.865834, -0.370353

152
0.035076, 0.120502, 0.00647596
-0.545095, -0.836986, 0.0482351
0.169402, -0.053612, 0.984088
-0.821081, 0.544592, 0.171011

153
0.0309603, -0.0270019, -0.0196539
-0.993145, 0.11681, -0.00421015
0.072906, 0.647215, 0.758813
0.0913615, 0.753305, -0.651295

154
0.020801, -0.0232011, -0.0342382
-0.995053, -0.0964182, -0.023932
-0.0847554, 0.698261, 0.710808
-0.051824, 0.70932, -0.702979

155
0.0465995, 0.0273837, 2.94097e-05
-0.346512, 0.937857, -0.0188312
-0.0138149, 0.0149706, 0.999792
0.937944, 0.3467, 0.00776888

156
0.0607771, 0.096116, 0.00164947
-0.476267, -0.878577, 0.035668
-0.477289, 0.224239, -0.849654
0.738488, -0.421686, -0.526133

157
0.031757, -0.0222622, 0.0204587
-0.964677, -0.26112, -0.034854
0.133173, -0.369226, -0.919748
0.227296, -0.891902, 0.390958

158
0.0482964, 0.04469, 0.00116606
-0.135802, 0.990735, 0.00174707
-0.0250526, -0.00519684, 0.999673
0.990419, 0.135713, 0.0255262

159
0.0144562, 0.0782374, 0.0089545
-0.997948, -0.0591805, -0.0244461
-0.0255313, 0.0176514, 0.999518
-0.0587205, 0.998091, -0.0191261

160
0.0155858, -0.0578411, -0.0520681
-0.96396, 0.265395, -0.0186363
0.264976, 0.963998, 0.022261
0.0238733, 0.0165205, -0.999578

161
0.00490367, -0.0282394, -0.0267673
0.480034, 0.877231, 0.00569064
0.58887, -0.327033, 0.739108
0.65023, -0.351446, -0.673563

162
-0.0501892, -0.02286, -0.017848
-0.0174709, 0.999847, -0.000322825
0.707674, 0.0121375, -0.706435
-0.706323, -0.0125705, -0.707778

163
-0.00735199, -0.0295625, 0.014721
-0.402984, -0.914947, -0.0218302
0.0243469, -0.0345616, 0.999106
-0.914883, 0.402092, 0.0362039

164
-0.021971, 0.00280122, -0.0181948
0.0336283, 0.99943, -0.00303434
0.728381, -0.0265869, -0.684656
-0.684346, 0.0208137, -0.72886

165
0.0547611, 0.0930302, -0.00130315
-0.484251, -0.874148, 0.0369699
-0.471683, 0.225243, -0.852514
0.736896, -0.430269, -0.521395

166
0.01555, 0.00687794, -0.0520737
-0.275884, 0.961072, -0.0151377
0.960912, 0.276149, 0.0197455
0.0231571, -0.00909849, -0.99969

167
-0.0313822, -0.00601345, -0.0460215
0.543092, 0.839672, 0.00156686
0.838492, -0.542427, 0.0519986
0.0445117, -0.0269262, -0.998646

168
0.0514199, -0.0238896, 0.00125326
-0.116093, 0.993174, 0.0113236
-0.0318681, -0.0151194, 0.999378
0.992727, 0.11566, 0.0334058

169
0.0525968, -0.0183598, -0.00115663
-0.566288, 0.824203, 0.00287616
-0.0137442, -0.0129323, 0.999822
0.824093, 0.566147, 0.0186514

170
0.0162145, 0.0399017, 0.0508951
-0.868291, -0.495438, -0.0247325
0.495496, -0.8686, 0.00418186
-0.0235545, -0.00862377, 0.999685

171
0.0120794, -0.0460205, -0.0520803
-0.566288, 0.824203, 0.00287616
0.824093, 0.566147, 0.0186514
0.0137442, 0.0129323, -0.999822

172
-0.0153685, -0.0422398, -0.0461838
0.786826, -0.617168, 0.00281449
-0.572807, -0.728558, 0.375627
-0.229775, -0.297166, -0.926767

173
0.0458322, -0.0397434, -0.0430563
-0.137922, -0.990344, -0.014003
-0.989952, 0.137394, 0.033447
-0.0312001, 0.0184754, -0.999342

174
-0.0403582, -0.0471567, -0.00163689
-0.193737, 0.980983, 0.0117514
0.403205, 0.0905386, -0.91062
-0.894367, -0.171683, -0.413078

175
0.00436308, 0.0336913, 0.000410394
-0.94704, -0.320709, -0.0161248
-0.0184826, 0.0043088, 0.99982
-0.320582, 0.947168, -0.0100081

176
-0.0174342, 0.0144925, 0.0130839
-0.0831376, -0.996442, 0.0138594
0.00460272, 0.0135234, 0.999898
-0.996527, 0.0831929, 0.00346203

177
-0.0141739, -0.0524441, -0.00815959
0.88629, -0.463129, 0.0011962
-0.182124, -0.346153, 0.920331
-0.425818, -0.815898, -0.391138

178
0.0364865, 0.043383, -0.00855455
0.377044, 0.92619, -0.00309923
0.855579, -0.347013, 0.384145
0.354716, -0.147491, -0.923267

179
0.0513471, -0.00372146, -0.00201466
-0.0945158, 0.995498, -0.00706709
-0.00808872, 0.0063307, 0.999947
0.995491, 0.0945679, 0.00745396

180
-0.00593784, 0.027103, 0.000889591
0.564682, 0.825305, 0.0024757
0.332571, -0.224801, -0.915893
-0.755335, 0.518012, -0.401414

181
0.0136146, -0.0285795, -0.0420407
-0.92991, -0.367047, -0.0233165
-0.328974, 0.85845, -0.393497
0.164448, -0.358247, -0.91903

182
0.0465058, -0.0369384, -0.049076
-0.112716, -0.993549, -0.0124865
-0.993469, 0.112465, 0.0192559
-0.0177274, 0.0145754, -0.999737

183
0.0640301, 0.117201, -0.00406765
-0.501272, -0.864451, 0.0380987
-0.727812, 0.397407, -0.558889
0.467991, -0.307884, -0.828367

184
0.0292949, -0.00712171, 0.00220156
-0.970961, 0.23855, -0.0181113
-0.0237426, -0.0207542, 0.999503
0.238055, 0.970908, 0.0258153

185
0.044844, -0.00887768, 0.00486265
0.684184, 0.729255, 0.00889298
-0.0199675, 0.00654151, 0.999779
0.729036, -0.684211, 0.019037

186
0.0483393, -0.0220409, -0.00765631
-0.396069, 0.918206, 0.00527826
0.324571, 0.134622, 0.936232
0.858943, 0.372526, -0.351342

187
0.0247664, -0.0270398, -0.0191798
-0.984498, 0.17398, -0.0222347
0.09493, 0.635142, 0.76654
0.147485, 0.752546, -0.641812

188
0.0431644, 0.129826, 0.00786355
-0.501272, -0.864451, 0.0380987
0.183721, -0.0633025, 0.980938
-0.845561, 0.498716, 0.19055

189
-0.0196325, 0.0162988, 0.00106539
-0.598324, -0.801253, -0.00133811
0.00539253, -0.00569676, 0.999969
-0.801236, 0.598299, 0.00772929

190
0.0126245, -0.00654826, 0.0069842
-0.502377, 0.864648, -0.000427531
-0.00148406, -0.000367813, 0.999999
0.864647, 0.502377, 0.00146797

191
0.0255231, -0.0252025, -0.0194379
-0.960083, 0.279282, -0.0155393
0.169355, 0.624607, 0.762354
0.222618, 0.729292, -0.646973

192
0.0193765, -0.0125402, -0.0179619
-0.995053, -0.0964182, -0.023932
-0.0584716, 0.373664, 0.925719
-0.0803136, 0.922539, -0.377454

193
0.0466423, 0.103504, -0.00510512
-0.476267, -0.878577, 0.035668
-0.859684, 0.456739, -0.228764
0.184696, -0.139616, -0.972828

194
-0.0142108, -0.0636885, -0.0210212
-0.575623, 0.817704, 0.00423808
0.588231, 0.417674, -0.692483
-0.568016, -0.396116, -0.721422

195
0.0398304, 4.37489e-05, 0.0202321
-0.868291, -0.495438, -0.0247325
0.211379, -0.324432, -0.921989
0.448764, -0.805782, 0.386427

196
-0.0396004, -0.00385788, -0.00615682
0.181582, 0.983325, 0.00996443
0.396689, -0.0639736, -0.915721
-0.899814, 0.170231, -0.401691

197
-0.00853609, -0.0187574, 0.0124289
-0.018329, -0.99983, -0.00219917
0.0503138, -0.00311911, 0.998729
-0.998565, 0.018195, 0.0503624

198
0.0217321, -0.00193168, -0.0490705
-0.0598751, 0.998182, -0.00688841
0.997846, 0.0600373, 0.0264335
0.026799, -0.00529086, -0.999627

199
0.0187387, 0.030746, 0.04788
-0.950566, -0.308534, -0.0350787
0.308756, -0.951141, -0.00095403
-0.0330705, -0.0117376, 0.999384

200
-0.0143884, -0.0528799, -0.0179341
0.88629, -0.463129, 0.0011962
-0.331214, -0.632034, 0.700593
-0.323709, -0.621324, -0.71356

201
0.0293967, 0.0462808, -0.00508911
0.377044, 0.92619, -0.00309923
0.926195, -0.37704, 0.00158475
0.000299247, -0.00346801, -0.999994

202
-0.0211556, 0.0139048, 0.00107472
-0.638194, -0.769866, -0.00379009
0.00599434, -0.00989184, 0.999933
-0.769852, 0.638129, 0.0109278

203
-0.0135717, -0.008547, -0.00552811
0.147165, -0.98911, 0.00220651
-0.365066, -0.0522427, 0.929515
-0.919277, -0.137597, -0.368778

204
-0.000751974, 0.0316123, 0.00100062
0.52436, 0.851395, 0.0131189
0.350177, -0.201574, -0.914737
-0.776159, 0.484246, -0.403837

205
0.0410403, 0.0790697, -0.0027286
-0.149695, -0.988631, -0.0141311
-0.95261, 0.148039, -0.265743
0.264814, -0.0263189, -0.96394

206
0.0226282, -0.0254689, -0.0239113
-0.97938, -0.201097, -0.0193614
-0.150047, 0.659875, 0.736241
-0.13528, 0.723965, -0.676442

207
-0.0242904, -0.0069824, -0.0210451
-0.178305, 0.98391, -0.0113072
0.71636, 0.121924, -0.686996
-0.674563, -0.130595, -0.726574

208
0.0241033, -0.0567619, -0.0167088
-0.92991, -0.367047, -0.0233165
-0.241001, 0.656009, -0.715242
0.277823, -0.659491, -0.698488

209
0.0545172, -0.0379031, -0.0446324
-0.112716, -0.993549, -0.0124865
-0.92463, 0.109482, -0.364792
0.363806, -0.0295726, -0.931005

210
0.0262749, -0.0135198, -0.0384107
-0.0118471, -0.999927, 0.00226863
-0.906357, 0.0116967, 0.42235
-0.422346, 0.00294742, -0.90643

211
0.0438392, -0.0167417, -0.0520861
-0.00857676, -0.999962, 0.00158581
-0.999902, 0.00859377, 0.0110468
-0.01106, -0.00149091, -0.999938

212
0.0457139, -0.0137694, -0.0469146
-0.0118471, -0.999927, 0.00226863
-0.939535, 0.0103549, -0.342296
0.342248, -0.00618667, -0.939589

213
0.0466904, -0.0470994, -0.00201719
0.41143, 0.911176, 0.0219931
-0.0306592, -0.0102806, 0.999477
0.910925, -0.411889, 0.0237062

214
0.025785, 0.0233145, 0.0471703
-0.868291, -0.495438, -0.0247325
0.466792, -0.799182, -0.378699
0.167856, -0.340366, 0.925189

215
0.0583884, 0.0972951, -0.00120152
-0.476267, -0.878577, 0.035668
-0.723564, 0.368543, -0.583636
0.499624, -0.303775, -0.811232

216
-0.0202594, 0.0323144, 0.00930287
-0.158622, 0.987327, 0.00488342
0.0308738, 0.00990362, -0.999474
-0.986857, -0.158388, -0.0320535

217
0.060286, -0.00085937, 0.00408979
0.577205, 0.816533, -0.0103726
-0.0153382, 0.0235408, 0.999605
0.816455, -0.576818, 0.026112

218
0.0417966, -0.00498367, -0.0520866
-0.0945158, 0.995498, -0.00706709
0.995491, 0.0945679, 0.00745396
0.00808872, -0.0063307, -0.999947

219
0.0520345, 0.124214, -0.00277028
-0.501272, -0.864451, 0.0380987
-0.710889, 0.436529, 0.551434
-0.493318, 0.249334, -0.833348

220
-0.00255731, -0.0130704, 0.00907705
-0.0118471, -0.999927, 0.00226863
0.0433489, 0.00175307, 0.999058
-0.99899, 0.0119343, 0.043325

221
0.0108286, -0.0765658, -0.0346847
-0.960083, 0.279282, -0.0155393
0.270482, 0.912805, -0.305985
-0.0712717, -0.297974, -0.95191

222
-0.013995, -0.0220376, -0.039255
-0.502377, 0.864648, -0.000427531
0.798262, 0.463995, 0.384039
0.332257, 0.192591, -0.923317

223
0.00683413, -0.0397579, -0.0400601
-0.396069, 0.918206, 0.00527826
0.917768, 0.395686, 0.0336827
0.0288391, 0.0181849, -0.999419

224
0.0299143, -0.0594012, -0.0400351
-0.97938, -0.201097, -0.0193614
-0.201757, 0.978522, 0.0422841
0.0104424, 0.0453185, -0.998918

225
0.00829409, -0.0333156, -0.0018494
0.75297, 0.658052, 0.00197017
-0.00463943, 0.00231473, 0.999987
0.658038, -0.752969, 0.00479591

226
0.0513049, 0.0774835, -0.000494694
-0.149695, -0.988631, -0.0141311
-0.486345, 0.0860689, -0.869518
0.860849, -0.12329, -0.4937

227
-0.0216037, 0.0103284, 0.000169777
-0.799458, -0.600127, -0.0267371
-0.0312694, -0.00287498, 0.999507
-0.599907, 0.7999, -0.0164672

228
-0.0161244, 0.0146205, 0.00261653
-0.893224, -0.449374, -0.014604
-0.0219519, 0.0111453, 0.999697
-0.449075, 0.893274, -0.0198199

229
0.0367763, 0.0401316, 0.0508843
-0.302486, 0.953135, -0.00594105
-0.952606, -0.302518, -0.03202
-0.0323166, -0.00402612, 0.99947

230
0.00639374, -0.048856, -0.0469254
-0.890503, 0.454875, -0.00971315
0.428991, 0.832336, -0.350975
-0.151565, -0.316711, -0.936334

231
0.0455485, -0.0197549, 0.0109449
0.181582, 0.983325, 0.00996443
-0.0221486, -0.00604075, 0.999736
0.983126, -0.181755, 0.0206824

232
0.000433504, -0.0149951, -0.0101798
-0.0359673, -0.999352, 0.00105252
-0.341555, 0.0132825, 0.939768
-0.939173, 0.0334414, -0.341811

233
-0.027275, -0.0430824, -0.0400847
-0.932399, 0.361425, -0.0019793
0.361369, 0.932328, 0.0133093
0.00665567, 0.0116943, -0.999909

234
0.0500091, -0.0167801, -0.0429357
-0.00857676, -0.999962, 0.00158581
-0.928022, 0.00736906, -0.372454
0.372428, -0.00466612, -0.928049

235
0.0328851, 0.0243695, -0.0370775
-0.339397, 0.940398, -0.0214698
0.940592, 0.339529, 0.00273109
0.00985795, -0.0192674, -0.999766

236
0.0319001, 0.111751, 0.00119169
-0.476267, -0.878577, 0.035668
-0.184696, 0.139616, 0.972828
-0.859684, 0.456739, -0.228764

237
0.0489347, 0.0339943, -0.0032534
-0.470228, 0.88234, -0.0190437
0.307816, 0.184192, 0.933447
0.827125, 0.43307, -0.35821

238
0.0406604, -0.0250874, -0.0161119
-0.575623, 0.817704, 0.00423808
0.568016, 0.396116, 0.721422
0.588231, 0.417674, -0.692483

239
0.000415423, -0.0131494, -0.010204
-0.0118471, -0.999927, 0.00226863
-0.342248, 0.00618667, 0.939589
-0.939535, 0.0103549, -0.342296

240
-0.00250039, -0.0103651, -0.040076
0.181582, 0.983325, 0.00996443
0.983126, -0.181755, 0.0206824
0.0221486, 0.00604075, -0.999736

241
0.0322842, -0.0109226, -0.00970722
-0.950252, 0.31118, -0.0136954
0.091168, 0.319905, 0.943053
0.29784, 0.89489, -0.33236

242
0.0452247, -0.0137548, -0.0430421
-0.0118471, -0.999927, 0.00226863
-0.99899, 0.0119343, 0.043325
-0.0433489, -0.00175307, -0.999058

243
0.0434214, -0.0133197, 0.011271
0.713136, 0.700978, 0.00812757
-0.0248641, 0.0137054, 0.999597
0.700584, -0.713051, 0.027203

244
0.0431594, 0.105545, -0.00134306
-0.476267, -0.878577, 0.035668
-0.864925, 0.4754, 0.160935
-0.15835, 0.0457977, -0.98632

245
0.0428217, -0.0281047, -0.046915
-0.0344332, -0.999362, -0.00943803
-0.938362, 0.0355785, -0.343818
0.343935, -0.00298247, -0.938989

246
0.0509311, -0.055041, 0.00667396
-0.402984, -0.914947, -0.0218302
-0.372604, 0.185805, -0.909199
0.835925, -0.358258, -0.415789

247
-0.0240817, 0.0287289, -0.017384
0.729386, 0.684102, -0.00115578
0.485001, -0.518296, -0.704375
-0.482463, 0.5132, -0.709827

248
-0.0187281, 0.00315948, -0.0454396
0.250962, 0.967993, 0.00268908
0.897597, -0.231669, -0.375031
-0.362405, 0.0965323, -0.927008

249
-0.0250362, -0.0543376, 0.00372021
0.786826, -0.617168, 0.00281449
-0.00691964, -0.00426166, 0.999967
-0.617136, -0.78682, -0.00762377

250
0.00106539, -0.0339668, -0.0106657
-0.137922, -0.990344, -0.014003
-0.350013, 0.0355096, 0.936072
-0.926536, 0.134006, -0.351531

251
0.00990484, -0.0367698, -0.0400583
-0.193737, 0.980983, 0.0117514
0.980587, 0.193262, 0.0331549
0.0302533, 0.0179467, -0.999381

252
0.00678214, -0.0425962, -0.0400584
-0.600313, 0.799765, 0.00044144
0.799282, 0.599931, 0.0350904
0.0277993, 0.0214181, -0.999384

253
0.0449805, 0.00579682, -0.00138955
-0.178305, 0.98391, -0.0113072
-0.0295546, 0.00613098, 0.999544
0.983531, 0.178558, 0.0279858

254
0.0546477, -0.00623969, -0.0196272
0.0890328, -0.996028, 0.000783798
-0.733367, -0.0660865, -0.676613
0.673978, 0.0596659, -0.736338

255
0.0213298, -0.0134958, -0.0430801
-0.961489, 0.274312, -0.0170941
0.274203, 0.961635, 0.00843907
0.0187532, 0.00342682, -0.999818

256
0.0388577, 0.000977799, -0.0490858
-0.0617699, 0.998061, -0.00766323
0.998047, 0.061837, 0.00885456
0.00931127, -0.00710132, -0.999931

257
0.0660576, -0.0187655, -0.0238423
0.0346936, -0.999374, -0.00689792
-0.754588, -0.021669, -0.655841
0.655281, 0.0279586, -0.754867

258
0.0249491, 0.00112875, -0.0490645
0.0336283, 0.99943, -0.00303434
0.998949, -0.0335172, 0.0312571
0.0311375, -0.00408227, -0.999507

259
-0.0395601, -0.0226824, -0.0430892
-0.0174709, 0.999847, -0.000322825
0.999847, 0.0174712, 0.000949752
0.000955247, -0.000306183, -0.999999

260
0.0492675, 0.0958831, -0.00580421
-0.484251, -0.874148, 0.0369699
-0.854595, 0.463517, -0.234136
0.187534, -0.144975, -0.971501

261
0.0424948, 0.0409517, -0.00420884
0.377044, 0.92619, -0.00309923
0.654707, -0.264156, 0.708223
0.655131, -0.26906, -0.705982

262
-0.0165543, -0.056961, 0.00677326
0.88629, -0.463129, 0.0011962
-0.00530676, -0.00757279, 0.999957
-0.463101, -0.886258, -0.00916941

263
0.0245565, -0.0582762, -0.0490741
-0.995053, -0.0964182, -0.023932
-0.0965762, 0.99531, 0.00553565
0.023286, 0.00781953, -0.999698

264
0.0270447, -0.0609163, -0.036944
-0.993145, 0.11681, -0.00421015
0.116155, 0.990317, 0.0760267
0.01305, 0.0750166, -0.997097

265
0.018182, -0.0208155, -0.0417851
-0.0851186, -0.996367, -0.00272868
-0.9107, 0.0766886, 0.405888
-0.404204, 0.0370336, -0.913919

266
-0.0145962, -0.0102909, -0.0249708
-0.932399, 0.361425, -0.0019793
0.25082, 0.650986, 0.716454
0.260233, 0.667525, -0.697632

267
-0.0442247, -0.0227484, 0.004993
-0.0174709, 0.999847, -0.000322825
0.383507, 0.00640304, -0.923516
-0.923373, -0.0162584, -0.383561

268
0.0245972, -0.023136, 0.00410358
0.729386, 0.684102, -0.00115578
-0.00179457, 0.00360284, 0.999992
0.6841, -0.729378, 0.00385553

269
-0.00433578, -0.0304316, -0.00453386
-0.402984, -0.914947, -0.0218302
-0.327617, 0.121943, 0.936908
-0.854559, 0.384711, -0.348893

270
-0.0221575, 0.00280305, -0.0196578
0.0336283, 0.99943, -0.00303434
0.411049, -0.016598, -0.911462
-0.910993, 0.0294037, -0.411372

271
0.017411, -0.00957828, -0.0324339
0.0890328, -0.996028, 0.000783798
-0.903322, -0.0804143, 0.421359
-0.419623, -0.0382228, -0.906893

272
0.0463621, -0.0397625, -0.0469234
-0.137922, -0.990344, -0.014003
-0.926536, 0.134006, -0.351531
0.350013, -0.0355096, -0.936072

273
0.0474584, -0.0123827, 0.0111435
0.274274, 0.961639, 0.00492587
-0.0250593, 0.00202655, 0.999684
0.961325, -0.274311, 0.0246539

274
-0.00926184, -0.0344541, -0.0460875
0.786826, -0.617168, 0.00281449
-0.617136, -0.78682, -0.00762377
0.00691964, 0.00426166, -0.999967

275
0.0270893, -0.0138201, -0.020187
-0.96396, 0.265395, -0.0186363
0.0793458, 0.353643, 0.932009
0.253942, 0.89694, -0.361956

276
0.0183915, 0.0496627, -0.0365975
0.999589, 0.0118028, 0.0261292
0.0205575, -0.930305, -0.366211
0.0199858, 0.366597, -0.930165

277
0.0281095, -0.0106133, 0.00254327
-0.96127, 0.275015, -0.0180549
-0.0263312, -0.0264317, 0.999304
0.274346, 0.961077, 0.0326495

278
0.0442724, 0.0532838, 0.00279463
-0.227846, -0.973673, -0.00685732
-0.399376, 0.0998748, -0.911331
0.888023, -0.204904, -0.411617

279
0.0237513, -0.0374016, -0.0355127
-0.122204, -0.992379, -0.0158133
-0.902579, 0.104491, 0.417652
-0.412817, 0.0653115, -0.908469

280
0.0100517, -0.0396223, -0.0370507
-0.364503, 0.931173, 0.0073671
0.930611, 0.363978, 0.0385225
0.0331896, 0.0208975, -0.999231

281
0.0415613, 0.0840366, -0.00235391
-0.150468, -0.98849, -0.0156986
-0.980422, 0.147162, 0.130831
-0.127015, 0.0350771, -0.99128

282
-0.0409776, -0.0322254, -0.0490673
0.247669, -0.968836, 0.00403446
-0.968457, -0.24745, 0.0293082
-0.0273965, -0.0111659, -0.999562

283
0.00963538, 0.0216476, -0.040069
0.713136, 0.700978, 0.00812757
0.700584, -0.713051, 0.027203
0.0248641, -0.0137054, -0.999597

284
0.0505351, -0.00234756, 0.00337448
0.0228259, 0.999739, 0.000816728
-0.0154309, -0.000464527, 0.999881
0.99962, -0.0228358, 0.0154163

285
0.0435652, -0.0592706, 0.00131281
0.813259, 0.581687, 0.015773
-0.0180265, -0.00190868, 0.999836
0.581622, -0.81341, 0.00893351

286
0.0760133, -0.0169669, -0.0201173
-0.00857676, -0.999962, 0.00158581
-0.714858, 0.00502248, -0.699251
0.699217, -0.00713095, -0.714874

287
0.0334176, 0.0308202, -0.0118301
-0.961489, 0.274312, -0.0170941
0.0876074, 0.364836, 0.926941
0.260507, 0.889746, -0.374817

288
0.0476486, 0.00187699, -0.00283397
-0.0617699, 0.998061, -0.00766323
0.373334, 0.0302248, 0.927205
0.925638, 0.0544124, -0.374477

289
0.0477458, -0.00684315, -0.00247852
0.0890328, -0.996028, 0.000783798
-0.419623, -0.0382228, -0.906893
0.903322, 0.0804143, -0.421359

290
0.0160118, -0.0319089, -0.0394363
-0.961489, 0.274312, -0.0170941
0.260507, 0.889746, -0.374817
-0.0876074, -0.364836, -0.926941

291
0.0523323, 0.100237, -0.00421382
-0.486173, -0.873075, 0.0370879
-0.720823, 0.376675, -0.581834
0.494014, -0.309606, -0.812462

292
0.0197255, -0.000178373, -0.0454494
-0.0617699, 0.998061, -0.00766323
0.925638, 0.0544124, -0.374477
-0.373334, -0.0302248, -0.927205

293
0.0377665, -0.00199815, -0.0430842
0.0839668, -0.996453, 0.00554661
-0.99639, -0.083889, 0.0130259
-0.0125144, -0.00662033, -0.9999

294
-0.00990754, 0.00482746, -0.0490859
-0.638194, -0.769866, -0.00379009
-0.769852, 0.638129, 0.0109278
-0.00599434, 0.00989184, -0.999933

295
0.0465452, 0.112601, -0.00100964
-0.545095, -0.836986, 0.0482351
-0.821081, 0.544592, 0.171011
-0.169402, 0.053612, -0.984088

296
0.0491978, 0.101914, -0.00582195
-0.486173, -0.873075, 0.0370879
-0.855005, 0.466483, -0.226629
0.180563, -0.141891, -0.973275

297
0.0247725, -0.0801507, -0.0346038
-0.993145, 0.11681, -0.00421015
0.112307, 0.943641, -0.311333
-0.0323938, -0.309672, -0.950292

298
0.0252203, -0.0662566, -0.0445211
-0.995053, -0.0964182, -0.023932
-0.0803136, 0.922539, -0.377454
0.0584716, -0.373664, -0.925719

299
