0
-0.00668912, -0.0485338, -0.0352628
0.00271498, 0.999177, -0.0404693
0.991133, 0.00268761, 0.132849
0.132848, -0.0404711, -0.99031

1
0.0114007, -0.0249655, -0.0202833
0.0251668, 0.999003, -0.0368749
0.865899, -0.00335013, 0.500208
0.499585, -0.0445186, -0.86512

2
-0.017773, -0.0286043, -0.0279883
-0.0498936, -0.997362, 0.0527252
-0.816031, 0.0711463, 0.573613
-0.575851, -0.0144057, -0.817428

3
0.011325, -0.018794, -0.0203354
0.0259896, 0.999135, -0.0324532
0.866746, -0.00634722, 0.498709
0.498072, -0.04109, -0.866162

4
0.00272223, 0.0208022, -0.0264699
0.0162201, 0.999502, -0.0270848
0.989149, -0.0120844, 0.146417
0.146017, -0.0291658, -0.988852

5
-0.0192048, 0.0213135, -0.0207329
0.0162201, 0.999502, -0.0270848
0.513433, -0.0315702, -0.857549
-0.857976, 3.27091e-06, -0.513689

6
0.0329244, 0.0771834, -0.00465726
-0.392204, 0.63127, -0.669085
0.298613, 0.775344, 0.556482
0.870061, 0.0184576, -0.492598

7
0.0224139, 0.0192172, -0.00109322
0.000724375, -0.999997, -0.00241412
0.210981, 0.00251261, -0.977487
0.97749, 0.000198734, 0.210982

8
0.0199393, 0.0105716, 0.0115778
-0.00675455, -0.999892, 0.0130589
0.792097, -0.0133209, -0.610249
0.610357, 0.00622194, 0.792102

9
-0.0260218, 0.0207398, -0.0110135
0.0348161, 0.999394, -5.27621e-05
0.144324, -0.00508011, -0.989517
-0.988918, 0.0344435, -0.144414

10
1.98781e-05, -0.0250328, -0.025969
0.0183787, 0.998948, -0.0420235
0.919794, -0.000415005, 0.3924
0.39197, -0.0458648, -0.918834

11
0.0231735, 0.0276799, 0.00164668
-0.0168314, -0.999858, -0.000522386
0.358422, -0.00554587, -0.933543
0.933408, -0.0159001, 0.358465

12
-0.0280844, 0.0120275, -0.00846989
0.0461048, 0.998896, 0.00897258
0.0845913, 0.00504581, -0.996403
-0.995349, 0.0466979, -0.0842653

13
0.0076686, 0.0407919, -0.0278782
0.0330323, 0.998754, -0.0374064
0.837821, -0.00726423, 0.545896
0.544944, -0.0493721, -0.837017

14
0.0262161, 0.0351891, -0.00888043
-0.0421342, -0.9987, 0.0286831
-0.319401, -0.013738, -0.94752
0.946683, -0.0490844, -0.318407

15
-0.00197774, -0.000545624, -0.0278139
0.0221385, 0.999274, -0.0310035
0.956157, -0.0121049, 0.292605
0.292018, -0.036122, -0.955731

16
0.0180471, 0.0191775, 0.014024
0.000724375, -0.999997, -0.00241412
0.56899, 0.0023974, -0.822341
0.822344, -0.000777927, 0.56899

17
0.0238993, 0.0622775, -0.0134302
-0.392204, 0.63127, -0.669085
0.60884, 0.723388, 0.325613
0.689557, -0.279659, -0.668058

18
-0.0239465, 0.00247797, -0.00721725
0.00812202, 0.99929, -0.0367856
0.118125, -0.037488, -0.992291
-0.992966, 0.00371411, -0.118346

19
-0.0233179, 0.0347698, -0.0122795
0.0143045, 0.999859, 0.00876877
0.343878, 0.00331541, -0.939009
-0.938906, 0.0164474, -0.343782

20
-0.000107751, 0.0302088, -0.000456738
-0.22076, 0.193402, 0.955961
-0.974849, -0.0130202, -0.222487
-0.0305827, -0.981033, 0.191412

21
-0.0191939, 0.034819, -0.0246166
0.0143045, 0.999859, 0.00876877
0.677005, -0.00323112, -0.735971
-0.735839, 0.0164642, -0.676956

22
-0.0229601, -0.0118119, -0.0199678
0.0232613, 0.9968, -0.0764704
0.483538, -0.0781668, -0.871826
-0.875014, -0.0166965, -0.483809

23
-0.00902492, -0.0581676, -0.032139
0.12344, 0.975368, -0.18281
0.988323, -0.137417, -0.0658283
-0.089328, -0.172549, -0.980942

24
-0.000185384, 0.0478016, 0.014649
-0.0235525, 0.97787, 0.207882
-0.995468, -0.00377572, -0.0950231
-0.0921354, -0.209178, 0.973527

25
-0.0247057, -0.0108743, -0.00827626
0.0232613, 0.9968, -0.0764704
0.111877, -0.0786061, -0.990608
-0.99345, 0.0144876, -0.113348

26
0.0122723, 0.0349182, 0.00356104
0.138534, 0.461523, 0.876245
-0.985594, -0.0224269, 0.167634
0.0970186, -0.886845, 0.451768

27
-0.00161339, -0.0536931, -0.0209964
0.00823874, 0.885217, 0.465105
0.992824, -0.0627342, 0.101813
0.119305, 0.460929, -0.879381

28
0.00641552, 0.0428354, 0.00773082
-0.0105746, 0.670256, 0.742054
-0.979715, 0.14157, -0.141834
-0.200117, -0.728501, 0.655163

29
0.0215602, 0.0103612, -0.00369448
-0.00675455, -0.999892, 0.0130589
0.12851, -0.0138188, -0.991612
0.991685, -0.0050197, 0.128589

30
-0.00171856, -0.0279536, -0.0415027
0.0188022, 0.999056, -0.0391552
0.974811, -0.00961289, 0.222826
0.222239, -0.0423585, -0.974072

31
-0.0165307, -0.0144184, -0.0252543
-0.0248288, -0.999343, 0.0263979
-0.666075, 0.0362282, 0.745004
-0.745471, 0.000914574, -0.666537

32
-0.0246096, 0.0174528, -0.00712318
0.0345492, 0.999403, 0.000779549
0.1857, -0.00565321, -0.98259
-0.981999, 0.0340925, -0.185785

33
0.00559642, 0.0149546, -0.026977
-0.0147487, -0.999535, 0.0266716
-0.999225, 0.0157074, 0.0360972
-0.0364994, -0.0261185, -0.998992

34
-0.0134129, 0.0517015, -0.0267164
0.0236693, 0.94709, -0.320094
0.983983, -0.078658, -0.159972
-0.176686, -0.31118, -0.933782

35
-0.0223751, -0.00737266, 0.0209613
-0.0531157, -0.996849, 0.0589192
0.830318, -0.0113103, 0.557175
-0.554753, 0.0785165, 0.828302

36
0.0249258, 0.0276528, -0.0029467
-0.0168314, -0.999858, -0.000522386
-0.0260608, 0.000960985, -0.99966
0.999519, -0.0168121, -0.0260733

37
0.0109706, 0.0485306, -0.0284333
0.0519894, 0.997182, -0.0540813
0.789933, -0.00793102, 0.613142
0.610985, -0.0745975, -0.78812

38
-0.00706903, -0.0247319, -0.0265617
0.0251668, 0.999003, -0.0368749
0.991169, -0.0201317, 0.131065
0.130192, -0.0398478, -0.990688

39
0.0151717, 0.027807, 0.016205
-0.0168314, -0.999858, -0.000522386
0.688339, -0.0112084, -0.725303
0.725194, -0.0125675, 0.68843

40
-0.0198957, 0.0428381, -0.0145159
0.0378601, 0.996044, 0.0803906
0.400113, 0.058608, -0.91459
-0.915684, 0.0667918, -0.396311

41
-0.00077489, -0.0374897, -0.0399765
-0.0136328, -0.997931, 0.0628311
-0.998864, 0.0107222, -0.0464309
0.0456612, -0.0633927, -0.996944

42
0.0295506, 0.0618418, 0.00218506
0.278355, -0.499268, -0.820518
0.527616, 0.793327, -0.303733
0.802583, -0.348373, 0.484248

43
-0.0217857, 0.0497936, -0.00941248
-0.0243309, 0.99243, 0.120378
0.194197, 0.122812, -0.973244
-0.980661, -0.000302916, -0.195715

44
-0.0250016, -0.016705, -0.00844636
0.0345985, 0.994815, -0.0956314
0.0785254, -0.0980989, -0.992074
-0.996312, 0.0268148, -0.0815124

45
-0.00443629, -0.0217453, -0.0254891
0.0236888, 0.999092, -0.0354164
0.969775, -0.0143593, 0.243576
0.242846, -0.040116, -0.969235

46
0.0458683, 0.0610907, 0.00391275
-0.22076, 0.193402, 0.955961
-0.401313, -0.911339, 0.0916994
0.888939, -0.363396, 0.278802

47
0.0249823, 0.0268237, 0.00768854
-0.0451468, -0.997761, 0.0493507
0.455742, -0.0645319, -0.88777
0.888966, -0.0175888, 0.457635

48
-0.018676, 0.0509104, -0.0191232
0.0925525, -0.896076, 0.434145
-0.761142, 0.217436, 0.611051
-0.641947, -0.387001, -0.661917

49
0.00252268, -0.0485576, -0.0352317
0.00271498, 0.999177, -0.0404693
0.864848, 0.0179707, 0.501711
0.502026, -0.0363619, -0.864088

50
0.0228074, -0.00439951, 0.00216481
-0.029496, -0.998065, 0.0547332
0.372175, -0.0617858, -0.926104
0.927694, -0.00694605, 0.373278

51
0.020046, -0.025962, 0.00736739
-0.0189907, -0.998736, 0.0465388
0.500615, -0.0497905, -0.864237
0.865462, 0.00688555, 0.500927

52
-0.0136772, -0.0426097, 0.0321317
-0.0192298, -0.987192, 0.158374
0.995744, -0.00462945, 0.0920468
-0.0901346, 0.15947, 0.983079

53
0.00953153, -0.0476638, -0.00874648
0.277614, 0.362384, 0.889723
0.842199, -0.537376, -0.0439125
0.462203, 0.761515, -0.454383

54
0.0249568, 0.0276591, -0.0159548
-0.0168314, -0.999858, -0.000522386
-0.406576, 0.00732154, -0.913588
0.913462, -0.0151646, -0.406642

55
0.021997, -0.00825142, 0.00770961
-0.021613, -0.999024, 0.0385116
0.457654, -0.044134, -0.888034
0.888867, -0.00156805, 0.458162

56
0.0232283, 0.0357889, 0.000771301
-0.0395597, -0.999086, 0.0161788
0.305827, -0.0275207, -0.951689
0.951265, -0.0327006, 0.306636

57
0.0184727, 0.0105835, 0.0117334
-0.00675455, -0.999892, 0.0130589
0.498229, -0.0146879, -0.866921
0.867019, 0.000650647, 0.498274

58
0.0229113, -0.0107168, 0.000168684
-0.0297993, -0.997882, 0.0578278
0.236099, -0.0632434, -0.969669
0.971272, -0.0152423, 0.237483

59
-0.0243003, 0.00560823, -0.00668417
0.0235847, 0.999486, -0.0216964
0.172696, -0.0254493, -0.984646
-0.984693, 0.0194757, -0.173207

60
-0.0263496, -0.0229299, -0.00927015
0.0227051, 0.98963, -0.141833
0.167242, -0.14363, -0.975398
-0.985654, -0.00157393, -0.168769

61
-0.0396749, -0.054409, 0.00829662
-0.323227, -0.876753, -0.356129
-0.469002, -0.178444, 0.864983
-0.821926, 0.446611, -0.353521

62
0.0242097, 0.0495078, 0.00231208
0.0519894, 0.997182, -0.0540813
-0.262182, 0.0658841, 0.962767
0.963617, -0.0358745, 0.264869

63
-0.0237018, 0.0344643, 0.00480704
0.02425, 0.999373, 0.0257862
-0.596208, 0.0351621, -0.802059
-0.802463, 0.00407603, 0.596688

64
0.025228, 0.0264179, -0.000289421
-0.0451468, -0.997761, 0.0493507
0.0808581, -0.0528888, -0.995321
0.995703, -0.0409452, 0.0830648

65
-0.0307965, 0.0565438, -0.00491196
0.0925525, -0.896076, 0.434145
-0.457541, 0.348984, 0.817842
-0.884358, -0.274333, -0.377692

66
0.0365914, 0.0783474, -0.00546967
0.278355, -0.499268, -0.820518
0.180318, 0.866255, -0.465926
0.9434, -0.0182619, 0.331153

67
-0.0234758, -0.017299, -0.0211318
-0.0354135, -0.998915, 0.0302548
-0.637263, 0.0458919, 0.769279
-0.769832, 0.00796254, -0.638196

68
0.0195996, -0.0172155, 0.00102497
-0.0198155, -0.999106, 0.03735
0.200683, -0.0405717, -0.978816
0.979456, -0.0119002, 0.201308

69
0.025384, -0.00422731, 0.00380717
-0.0291852, -0.998107, 0.0541302
0.440809, -0.0614547, -0.895495
0.897126, -0.00227417, 0.441768

70
0.0251435, 0.0356915, 0.00703949
-0.0421342, -0.9987, 0.0286831
0.443555, -0.0444221, -0.895145
0.895256, -0.0249937, 0.444851

71
-0.0157819, 0.0136083, -0.0284892
-0.0310753, -0.998912, 0.0347831
-0.711228, 0.0465498, 0.701418
-0.702274, -0.00294198, -0.711901

72
0.0225244, -0.0579228, -0.00618399
-0.20209, 0.978942, 0.028861
-0.0550595, -0.040779, 0.99765
0.977818, 0.200026, 0.0621411

73
-0.0101615, 0.0342592, 0.0244853
0.0143045, 0.999859, 0.00876877
-0.938906, 0.0164474, -0.343782
-0.343878, -0.00331541, 0.939009

74
-0.0267029, -0.0533217, -0.00943093
0.0536388, 0.997792, 0.0391668
0.527519, 0.00498885, -0.849529
-0.847848, 0.0662289, -0.526086

75
0.0119703, 0.0484508, -0.0201989
-0.0375351, -0.86812, 0.494934
-0.995145, -0.0126188, -0.0976039
0.0909774, -0.496194, -0.863432

76
-0.0247244, 0.034585, 0.0110878
0.0143045, 0.999859, 0.00876877
-0.420748, 0.0139745, -0.90707
-0.907065, 0.00928575, 0.420889

77
-0.0145728, 0.0465812, 0.0140138
0.0885659, -0.955882, -0.28008
0.943308, -0.009811, 0.331773
-0.319884, -0.293586, 0.900823

78
-0.018904, -0.0532216, -0.0226627
0.0536388, 0.997792, 0.0391668
0.972531, -0.0433033, -0.228708
-0.226507, 0.0503586, -0.972707

79
-0.0170041, 0.0109514, 0.0215533
-0.00675455, -0.999892, 0.0130589
0.991685, -0.0050197, 0.128589
-0.12851, 0.0138188, 0.991612

80
-0.0274758, 0.0175405, 0.00753643
0.0345492, 0.999403, 0.000779549
-0.20423, 0.00782375, -0.978892
-0.978313, 0.0336607, 0.204378

81
0.0231973, 0.00206386, -0.00196721
-0.014053, -0.999209, 0.037214
0.0714784, -0.0381263, -0.996713
0.997343, -0.0113468, 0.0719576

82
0.00870016, -0.0554871, -0.0145682
-0.120959, 0.896553, 0.4261
0.854261, -0.124608, 0.504689
0.505575, 0.425048, -0.750818

83
-0.00913333, 0.0347828, 0.0157031
0.0191829, -0.998663, -0.0479984
0.995657, 0.0147071, 0.0919231
-0.0910943, -0.0495534, 0.994609

84
-0.0184283, -0.0463456, -0.0257894
-0.0542631, -0.998376, 0.0173615
-0.681657, 0.0497432, 0.729979
-0.729657, 0.0277763, -0.683249

85
-0.00542155, -0.0368264, -0.0014282
-0.0568087, 0.138855, 0.988682
0.984966, -0.154022, 0.0782267
0.163141, 0.978262, -0.128017

86
-0.0113487, -0.0416812, 0.0106003
-0.325295, -0.451315, 0.830962
0.945487, -0.140921, 0.293591
-0.0154025, 0.881167, 0.472554

87
-0.0239787, 0.0390204, -0.00725239
0.00956521, 0.998363, 0.0563855
0.119329, 0.0548455, -0.991339
-0.992809, 0.0162108, -0.118609

88
0.0245306, 0.0210834, -0.00303247
0.0162201, 0.999502, -0.0270848
-0.146017, 0.0291658, 0.988852
0.989149, -0.0120844, 0.146417

89
-0.00148487, 0.00313488, 0.0155872
0.00812202, 0.99929, -0.0367856
-0.992966, 0.00371411, -0.118346
-0.118125, 0.037488, 0.992291

90
0.00304607, 0.0351996, -0.0425485
-0.0421342, -0.9987, 0.0286831
-0.99685, 0.0400908, -0.068431
0.0671922, -0.031476, -0.997243

91
-0.0249467, -0.0172498, -0.0212277
-0.0354135, -0.998915, 0.0302548
-0.883356, 0.0454457, 0.466494
-0.467362, -0.0102056, -0.884007

92
0.0243552, 0.0516722, -0.0217093
0.126002, 0.990954, -0.0461875
0.414058, -0.010225, 0.910193
0.901487, -0.13381, -0.411601

93
0.0230561, -0.00451805, -0.00280887
-0.0291852, -0.998107, 0.0541302
0.0639388, -0.0559065, -0.996387
0.997527, -0.0256188, 0.0654494

94
0.0226145, -0.00656627, -0.00148262
-0.0290246, -0.997763, 0.0602216
0.0891576, -0.062591, -0.994049
0.995595, -0.0234827, 0.0907748

95
-0.025947, -0.0271347, -0.00792346
-0.0498936, -0.997362, 0.0527252
-0.169833, 0.0604944, 0.983614
-0.984209, 0.0401216, -0.172403

96
0.0220915, -0.000755524, -0.01763
0.0201661, 0.999288, -0.0319003
0.259354, 0.025586, 0.965443
0.965572, -0.0277427, -0.258653

97
0.025533, 0.0227832, -0.0153327
0.0505947, 0.998698, -0.0065381
0.193771, -0.00339405, 0.981041
0.979741, -0.0509023, -0.19369

98
-0.022432, -0.0519112, 0.00434978
0.271034, 0.492118, -0.827261
-0.642148, -0.547793, -0.536254
-0.717068, 0.676567, 0.167542

99
0.0230564, 9.10802e-05, 0.00950005
0.0201661, 0.999288, -0.0319003
-0.499371, 0.0377091, 0.865567
0.866153, -0.00152498, 0.499776

100
0.0193498, -0.04833, 0.000485328
-0.0192298, -0.987192, 0.158374
0.0901346, -0.15947, -0.983079
0.995744, -0.00462945, 0.0920468

101
0.022323, 0.0523238, -0.0132739
0.126002, 0.990954, -0.0461875
0.0375554, 0.0417603, 0.998422
0.991319, -0.127537, -0.0319538

102
-0.00715518, -0.0185162, -0.0265812
0.0259896, 0.999135, -0.0324532
0.991373, -0.0215885, 0.129281
0.128469, -0.0355332, -0.991077

103
0.0046143, -0.014988, -0.0269329
-0.0248288, -0.999343, 0.0263979
-0.998114, 0.0262639, 0.0554848
-0.0561416, -0.0249705, -0.998111

104
0.0201232, -0.0517172, 0.00373931
0.0129293, -0.994327, 0.105578
0.121189, -0.10325, -0.987245
0.992545, 0.0255593, 0.119166

105
0.0197237, -0.0474414, -0.00651958
0.00271498, 0.999177, -0.0404693
-0.132848, 0.0404711, 0.99031
0.991133, 0.00268761, 0.132849

106
0.00945944, 0.0392751, 0.0158043
0.0378601, 0.996044, 0.0803906
-0.999098, 0.0392793, -0.016145
-0.0192388, -0.0797068, 0.996633

107
0.01139, -0.000624977, -0.0203057
0.0201661, 0.999288, -0.0319003
0.866153, -0.00152498, 0.499776
0.499371, -0.0377091, -0.865567

108
-0.0239738, -0.039396, -0.0171955
-0.0646138, -0.99626, 0.0573616
-0.27596, 0.0730787, 0.958387
-0.958995, 0.0460955, -0.27965

109
-0.025556, 0.0146481, -0.00736089
-0.0310753, -0.998912, 0.0347831
-0.00633169, 0.034996, 0.999367
-0.999497, 0.0308354, -0.00741231

110
0.0197743, -0.0241279, 0.00417965
0.0183787, 0.998948, -0.0420235
-0.39197, 0.0458648, 0.918834
0.919794, -0.000415005, 0.3924

111
-0.0163207, 0.0473663, 0.0235654
-0.0122355, -0.986635, -0.162486
0.984521, -0.0403004, 0.170573
-0.174842, -0.157883, 0.971856

112
-0.00708379, -0.000452276, -0.0265741
0.0201661, 0.999288, -0.0319003
0.991322, -0.0158395, 0.130495
0.129896, -0.0342551, -0.990936

113
-0.00154505, 0.0375182, 0.0155396
0.00956521, 0.998363, 0.0563855
-0.992809, 0.0162108, -0.118609
-0.119329, -0.0548455, 0.991339

114
-0.0188592, 0.0136014, -0.0228731
-0.0316458, -0.998651, 0.0411776
-0.470158, 0.051229, 0.881094
-0.882015, 0.00852292, -0.471145

115
0.00823228, -0.0580338, -0.0221385
-0.287165, 0.943504, 0.16534
0.733357, 0.105512, 0.671607
0.616218, 0.314115, -0.722224

116
0.0251676, 0.0406626, -0.0158774
0.0330323, 0.998754, -0.0374064
0.207095, 0.0297747, 0.977868
0.977763, -0.0400479, -0.205854

117
0.0246273, -0.00470319, -0.00239215
-0.029496, -0.998065, 0.0547332
-0.0111677, -0.0544245, -0.998455
0.999503, -0.0300617, -0.00954074

118
-0.0124464, -0.0421537, -0.0378977
-0.0699714, -0.993842, 0.0859138
-0.975647, 0.086129, 0.201729
-0.207886, -0.0697063, -0.975666

119
-0.0207541, -0.0460602, -0.022915
-0.0596106, -0.997983, 0.0218276
-0.595002, 0.0530805, 0.80197
-0.801511, 0.0348184, -0.596966

120
0.00151316, -0.0283345, 0.0196144
0.0412589, 0.98214, -0.183574
-0.970348, -0.00440772, -0.241672
-0.238165, 0.188101, 0.952836

121
0.0250719, 0.0522037, 0.00570152
-0.136791, -0.990537, 0.0111387
0.412764, -0.0672166, -0.908354
0.900507, -0.119657, 0.418053

122
0.0217828, 0.000186331, 0.0127444
0.0221385, 0.999274, -0.0310035
-0.635694, 0.0380047, 0.771005
0.771623, 0.00263983, 0.636074

123
0.0235187, -0.0219744, -0.0132518
0.0236888, 0.999092, -0.0354164
0.146756, 0.0315673, 0.988669
0.988889, -0.028618, -0.145875

124
-0.025947, -0.0271347, -0.00792346
-0.0498936, -0.997362, 0.0527252
-0.169833, 0.0604944, 0.983614
-0.984209, 0.0401216, -0.172403

125
-0.029265, -0.0165921, -0.00456716
-0.0354135, -0.998915, 0.0302548
0.0937408, 0.0268201, 0.995235
-0.994967, 0.0380808, 0.0926893

126
-0.00741729, 0.0500978, -0.0187802
-0.0375351, -0.86812, 0.494934
-0.95421, 0.178227, 0.240247
-0.296774, -0.463253, -0.835058

127
0.0225174, -0.0125653, -0.0157553
0.0209253, 0.999092, -0.0371078
0.28375, 0.029655, 0.958439
0.95867, -0.030585, -0.282872

128
0.0220289, -0.018986, -0.0176729
0.0259896, 0.999135, -0.0324532
0.260692, 0.0245668, 0.965109
0.965072, -0.0335432, -0.259828

129
-0.0224613, -0.0460114, -0.0191793
-0.0542631, -0.998376, 0.0173615
-0.350542, 0.0353272, 0.935881
-0.934974, 0.0446979, -0.351889

130
0.014641, 0.0537885, 0.0185341
-0.136791, -0.990537, 0.0111387
0.725954, -0.107891, -0.679228
0.674002, -0.0848263, 0.733843

131
-0.0239059, -0.0170957, -0.0121152
0.0345985, 0.994815, -0.0956314
0.45382, -0.100893, -0.885363
-0.890421, -0.0127672, -0.454958

132
0.00150549, 0.0549642, -0.0382267
-0.136791, -0.990537, 0.0111387
-0.989919, 0.136272, -0.0386187
0.0367354, -0.0163092, -0.999192

133
-0.0179327, -0.0363728, 0.014822
-0.198562, -0.49193, 0.84769
0.979714, -0.0757269, 0.185542
-0.0270807, 0.867335, 0.496987

134
0.0259419, 0.0206042, -0.0059463
-0.0450652, -0.99739, 0.0564127
-0.0666327, -0.0533433, -0.996351
0.996759, -0.0486597, -0.0640549

135
-0.00696342, -0.0477978, 0.0222833
0.283099, 0.815424, -0.504914
-0.868124, -0.00592351, -0.496313
-0.407696, 0.578834, 0.706212

136
0.0221002, -0.025136, -0.0176017
0.0251668, 0.999003, -0.0368749
0.259023, 0.0291105, 0.965432
0.965543, -0.0338483, -0.258032

137
-0.0213017, 0.0143056, -0.0133943
-0.0310753, -0.998912, 0.0347831
-0.388341, 0.0441322, 0.920459
-0.920992, 0.0150958, -0.389289

138
-0.0168482, -0.0108527, -0.0329353
-0.0531157, -0.996849, 0.0589192
-0.830274, 0.076868, 0.55203
-0.554819, -0.0195976, -0.83174

139
0.00805927, -0.018558, 0.0267425
0.0227051, 0.98963, -0.141833
-0.985654, -0.00157393, -0.168769
-0.167242, 0.14363, 0.975398

140
-0.00646951, 0.0489663, -0.0371657
0.0519894, 0.997182, -0.0540813
0.963617, -0.0358745, 0.264869
0.262182, -0.0658841, -0.962767

141
-0.0196856, -0.0280525, -0.0248753
-0.0463761, -0.998245, 0.0368259
-0.595013, 0.0572173, 0.801677
-0.802377, 0.0152668, -0.596622

142
-0.0142701, -0.0143905, -0.0220724
-0.0248288, -0.999343, 0.0263979
-0.900653, 0.0338205, 0.433222
-0.43383, -0.013019, -0.900901

143
-0.0196039, 0.0155369, -0.0190881
-0.0147487, -0.999535, 0.0266716
-0.348666, 0.0301413, 0.936762
-0.937131, 0.00451659, -0.348948

144
-0.014161, 0.0132768, -0.0365607
-0.0310753, -0.998912, 0.0347831
-0.925838, 0.0418806, 0.375593
-0.376641, -0.0205319, -0.926132

145
0.00128339, -0.0128693, -0.0359143
0.0209253, 0.999092, -0.0371078
0.878524, -0.000657598, 0.477698
0.47724, -0.0425961, -0.87774

146
-0.022834, -0.0322287, -0.00669242
0.0412589, 0.98214, -0.183574
0.238165, -0.188101, -0.952836
-0.970348, -0.00440772, -0.241672

147
-0.0236503, 0.0159481, -0.00591419
-0.0147487, -0.999535, 0.0266716
0.0364994, 0.0261185, 0.998992
-0.999225, 0.0157074, 0.0360972

148
-0.0227571, -0.0151115, -0.00892627
-0.0511442, -0.997533, 0.0480777
-0.195029, 0.0571899, 0.979129
-0.979463, 0.0407002, -0.197473

149
-0.0167601, 0.0211444, -0.0255079
0.0162201, 0.999502, -0.0270848
0.969733, -0.0223258, -0.243145
-0.243629, -0.0223212, -0.969612

150
0.0317411, -0.0626612, -0.00451852
0.00823874, 0.885217, 0.465105
0.617671, -0.370286, 0.693809
0.786393, 0.281566, -0.549824

151
-0.025292, 0.0585093, -0.00687839
-0.0105746, 0.670256, 0.742054
-0.551259, 0.615233, -0.563562
-0.834267, -0.415023, 0.362979

152
-0.0227882, -0.0142311, -0.0100097
0.0483461, 0.99658, -0.0670075
0.285397, -0.078072, -0.955224
-0.957189, 0.0270576, -0.288196

153
0.000129099, 0.0451494, -0.0280214
-0.0470217, -0.852194, 0.521108
-0.977454, 0.146761, 0.151805
-0.205846, -0.502221, -0.839882

154
-0.0203506, -0.0281828, -0.022455
-0.0498936, -0.997362, 0.0527252
-0.533545, 0.0712434, 0.842765
-0.844298, 0.0139174, -0.535693

155
0.0205473, -0.0459857, -0.000575326
-0.0113053, -0.991827, 0.127092
-0.0131984, -0.126941, -0.991822
0.999849, -0.0128902, -0.0116554

156
0.0220216, -0.0543008, -0.0208259
0.0129293, -0.994327, 0.105578
-0.616142, -0.0910822, -0.782351
0.787529, -0.0549359, -0.613824

157
-0.00905219, -0.0417908, 0.029529
-0.0113053, -0.991827, 0.127092
0.999849, -0.0128902, -0.0116554
0.0131984, 0.126941, 0.991822

158
-0.0186962, -0.0400816, -0.0231578
-0.0646138, -0.99626, 0.0573616
-0.621946, 0.085156, 0.778417
-0.78039, 0.0146207, -0.625122

159
0.020058, -0.000242361, -0.00284056
0.0201661, 0.999288, -0.0319003
-0.129896, 0.0342551, 0.990936
0.991322, -0.0158395, 0.130495

160
-0.0174289, 0.034422, 0.0177712
0.0143045, 0.999859, 0.00876877
-0.735839, 0.0164642, -0.676956
-0.677005, 0.00323112, 0.735971

161
-0.0104365, 0.0411188, -0.0351378
0.0330323, 0.998754, -0.0374064
0.982587, -0.0256051, 0.18403
0.182842, -0.0428339, -0.982209

162
-0.0279357, -0.0550422, -0.00391786
-0.270628, -0.93746, 0.218927
-0.0849781, 0.249788, 0.964564
-0.958926, 0.242434, -0.147263

163
-0.0122386, 0.0347956, -0.0332863
0.0143045, 0.999859, 0.00876877
0.907065, -0.00928575, -0.420889
-0.420748, 0.0139745, -0.90707

164
-0.00859156, -0.0551981, -0.032477
0.107811, 0.979857, -0.168098
0.991505, -0.118349, -0.0539538
-0.0727612, -0.160853, -0.984293

165
-0.0233705, 0.0143596, -0.00795137
-0.0316458, -0.998651, 0.0411776
-0.096837, 0.0440678, 0.994324
-0.994797, 0.0274786, -0.0981008

166
0.0185123, 0.0362765, 0.0193472
-0.0395597, -0.999086, 0.0161788
0.646581, -0.0379398, -0.761902
0.761819, -0.0196797, 0.647491

167
0.0225583, 0.0362151, -0.00143139
0.0191829, -0.998663, -0.0479984
0.0910943, 0.0495534, -0.994609
0.995657, 0.0147071, 0.0919231

168
-0.0240169, -0.0457117, -0.0158935
-0.0596106, -0.997983, 0.0218276
-0.242985, 0.0357156, 0.969372
-0.968197, 0.0524811, -0.244624

169
0.00920516, 0.0195145, 0.0244485
0.0348161, 0.999394, -5.27621e-05
-0.988918, 0.0344435, -0.144414
-0.144324, 0.00508011, 0.989517

170
0.000654617, 0.0538911, -0.0387598
0.126002, 0.990954, -0.0461875
0.930231, -0.101848, 0.352558
0.344665, -0.0873879, -0.934649

171
-0.0307012, -0.0451261, 0.00597855
-0.0542631, -0.998376, 0.0173615
0.413256, -0.00662607, 0.910591
-0.908997, 0.0565863, 0.412944

172
0.0308915, -0.0849778, 0.00565736
-0.290235, -0.339072, 0.894871
0.119997, -0.940637, -0.317495
0.949402, 0.0152337, 0.313694

173
0.0222568, -0.00856473, -0.000272068
-0.021613, -0.999024, 0.0385116
0.0826628, -0.0401744, -0.995767
0.996343, -0.018338, 0.0834504

174
0.0203274, -0.0356023, -0.00546935
-0.111167, -0.98105, 0.158694
-0.0692777, -0.151645, -0.986004
0.991384, -0.120605, -0.051107

175
-0.00845232, -0.0415729, -0.0375197
-0.0646138, -0.99626, 0.0573616
-0.991601, 0.0705528, 0.108396
-0.112037, -0.049876, -0.992452

176
0.0225419, -0.0344776, -7.42669e-06
-0.0242154, -0.995392, 0.0927864
0.0753903, -0.0943676, -0.992679
0.99686, -0.0170429, 0.0773281

177
0.0303014, 0.0512827, -0.011983
-0.136791, -0.990537, 0.0111387
-0.344886, 0.0370812, -0.937912
0.928623, -0.13214, -0.346695

178
-0.0260271, -0.0191377, -0.0111974
0.0433544, 0.993283, -0.107285
0.328771, -0.115589, -0.937309
-0.943414, 0.00536432, -0.331574

179
0.0171132, -0.060365, -0.0272639
-0.196039, -0.945413, -0.260313
-0.947173, 0.251281, -0.199304
0.253836, 0.207489, -0.94473

180
0.0200678, -0.0262472, 0.00125536
-0.0189907, -0.998736, 0.0465388
0.13131, -0.0486354, -0.990148
0.991159, -0.0126926, 0.132067

181
0.0260138, -0.0187591, -0.00749641
0.0259896, 0.999135, -0.0324532
0.610165, 0.00986038, 0.792213
0.791848, -0.0403912, -0.609382

182
-0.0244533, -0.034478, -0.0190904
0.0412589, 0.98214, -0.183574
0.591371, -0.172096, -0.787821
-0.805343, -0.0760555, -0.58791

183
-0.00978312, 0.0244433, -0.0350516
0.0505947, 0.998698, -0.0065381
0.979316, -0.0483265, 0.196482
0.19591, -0.0163438, -0.980486

184
-0.0255112, -0.0463971, 0.00797374
0.107811, 0.979857, -0.168098
-0.0727612, -0.160853, -0.984293
-0.991505, 0.118349, 0.0539538

185
-0.027703, 0.0347, 0.00283233
0.0143045, 0.999859, 0.00876877
-0.0416022, 0.00935721, -0.99909
-0.999032, 0.0139267, 0.0417302

186
-0.0271201, 0.020779, 0.0066244
0.0348161, 0.999394, -5.27621e-05
-0.245104, 0.00848757, -0.96946
-0.968871, 0.0337658, 0.245251

187
0.021945, -0.0340206, 0.00544175
-0.111167, -0.98105, 0.158694
0.315382, -0.186255, -0.930507
0.942431, -0.0533923, 0.330111

188
0.000719611, 0.0280443, 0.0276949
-0.0168314, -0.999858, -0.000522386
0.999519, -0.0168121, -0.0260733
0.0260608, -0.000960985, 0.99966

189
0.0192815, 0.0421132, 0.0176571
0.0330323, 0.998754, -0.0374064
-0.824083, 0.0483937, 0.564398
0.565505, 0.0121826, 0.824655

190
-0.0260041, 0.0383138, 0.00560223
0.00956521, 0.998363, 0.0563855
-0.269686, 0.0568742, -0.961267
-0.962901, -0.00601165, 0.269789

191
0.0145921, -0.0033669, 0.0165673
-0.029496, -0.998065, 0.0547332
0.698858, -0.0597408, -0.712761
0.714652, 0.0172271, 0.699268

192
-0.0251161, 0.0479077, 0.00546248
-0.0243309, 0.99243, 0.120378
-0.556114, 0.0866268, -0.826579
-0.83075, -0.0870552, 0.549796

193
0.00444853, -0.045847, 0.0318209
0.00271498, 0.999177, -0.0404693
-0.966526, 0.0130046, 0.256239
0.256554, 0.038419, 0.965766

194
0.0177531, 0.00261176, 0.0106881
-0.014053, -0.999209, 0.037214
0.447704, -0.0395663, -0.893306
0.894071, 0.00410724, 0.447906

195
0.01139, -0.000624977, -0.0203057
0.0201661, 0.999288, -0.0319003
0.866153, -0.00152498, 0.499776
0.499371, -0.0377091, -0.865567

196
-0.0271808, 0.034503, 0.00657626
0.02425, 0.999373, 0.0257862
-0.243735, 0.0309257, -0.969349
-0.969539, 0.0172217, 0.244333

197
0.0297, -0.0560652, 0.0294883
0.283099, 0.815424, -0.504914
-0.902141, 0.405109, 0.148421
0.325571, 0.413486, 0.850313

198
-0.0200875, 0.0380371, 0.00949706
0.00956521, 0.998363, 0.0563855
-0.871571, 0.0359653, -0.488949
-0.490177, -0.044467, 0.870488

199
-0.022755, -0.00911967, -0.00893873
-0.0531157, -0.996849, 0.0589192
-0.194776, 0.0682115, 0.978473
-0.979409, 0.0404963, -0.197785

200
-0.0160781, 0.0479765, 0.022861
-0.0460498, -0.961216, -0.271924
0.992865, -0.0740139, 0.0934899
-0.10999, -0.265679, 0.957767

201
-0.0265353, -0.0455611, -0.00601515
-0.0542631, -0.998376, 0.0173615
0.0339408, 0.0155329, 0.999303
-0.99795, 0.0548146, 0.0330428

202
0.0252796, 0.0354564, -0.00094794
-0.0421342, -0.9987, 0.0286831
0.0671922, -0.031476, -0.997243
0.99685, -0.0400908, 0.068431

203
0.0200986, -0.0272232, -0.0123897
0.0188022, 0.999056, -0.0391552
0.167722, 0.0354555, 0.985197
0.985655, -0.025091, -0.166897

204
0.0242584, -0.0122824, -0.00715725
0.0209253, 0.999092, -0.0371078
-0.104716, 0.039102, 0.993733
0.994282, -0.0169084, 0.105439

205
0.01424, 0.0365108, 0.0195468
-0.0421342, -0.9987, 0.0286831
0.752391, -0.0506054, -0.65677
0.657367, -0.00609158, 0.753546

206
0.0252101, 0.0409513, -0.00813241
0.0330323, 0.998754, -0.0374064
-0.182842, 0.0428339, 0.982209
0.982587, -0.0256051, 0.18403

207
0.00451389, -0.0558421, -0.0331976
0.0129293, -0.994327, 0.105578
-0.992545, -0.0255593, -0.119166
0.121189, -0.10325, -0.987245

208
0.0208666, -0.00018633, 7.89048e-05
0.0221385, 0.999274, -0.0310035
-0.292018, 0.036122, 0.955731
0.956157, -0.0121049, 0.292605

209
0.00469409, 0.0475109, 0.0169335
0.0885659, -0.955882, -0.28008
0.993917, 0.103286, -0.0382114
0.065454, -0.274992, 0.959216

210
-0.00893122, 0.0482887, 0.0272656
-0.0426147, -0.989795, -0.135975
0.994759, -0.0293735, -0.0979414
0.0929479, -0.139436, 0.985859

211
0.0103527, -0.00529752, 0.0136286
-0.0290246, -0.997763, 0.0602216
0.953929, -0.0456477, -0.296541
0.298627, 0.0488401, 0.953119

212
-0.0269725, 0.0059902, 0.00800734
0.0235847, 0.999486, -0.0216964
-0.217275, -0.0160591, -0.975978
-0.975825, 0.0277322, 0.216785

213
0.0220532, 0.0208094, -0.0146258
0.0162201, 0.999502, -0.0270848
0.243629, 0.0223212, 0.969612
0.969733, -0.0223258, -0.243145

214
-0.0248064, -0.0256114, 0.0219694
-0.0498936, -0.997362, 0.0527252
0.844298, -0.0139174, 0.535693
-0.533545, 0.0712434, 0.842765

215
0.0139391, -0.0592258, -0.0221026
-0.20209, 0.978942, 0.028861
0.652489, 0.112605, 0.749385
0.730355, 0.170275, -0.661505

216
0.0127453, -0.0519444, 0.0122885
-0.290235, -0.339072, 0.894871
0.756179, -0.654359, -0.00268745
0.586478, 0.675903, 0.446318

217
0.0197435, -0.027577, -0.0215879
0.0188022, 0.999056, -0.0391552
0.532149, 0.0231547, 0.846334
0.846442, -0.0367493, -0.531211

218
0.00272434, -0.0475162, -0.0269925
-0.0542631, -0.998376, 0.0173615
-0.99795, 0.0548146, 0.0330428
-0.0339408, -0.0155329, -0.999303

219
-0.029321, -0.0380634, -7.40472e-05
-0.0646138, -0.99626, 0.0573616
0.112037, 0.049876, 0.992452
-0.991601, 0.0705528, 0.108396

220
-0.0204207, -0.0141448, -0.0185563
-0.0248288, -0.999343, 0.0263979
-0.330094, 0.0331205, 0.943367
-0.943622, 0.0147089, -0.330699

221
0.0206561, 0.00897509, 0.00709709
0.0328746, 0.999298, -0.0179898
-0.540424, 0.0329142, 0.840749
0.840751, -0.0179172, 0.541126

222
0.0102645, 0.0352528, 0.0136765
0.0191829, -0.998663, -0.0479984
0.954728, 0.0325508, -0.295694
0.296861, -0.0401532, 0.954076

223
-0.0295096, -0.0267297, -0.00138998
-0.0463761, -0.998245, 0.0368259
0.146629, 0.0296635, 0.988747
-0.988104, 0.051254, 0.144996

224
0.0214728, 0.00839721, -0.0235109
0.0328746, 0.999298, -0.0179898
0.569941, -0.0039576, 0.821676
0.821028, -0.0372653, -0.569671

225
0.0162768, -0.0127198, -0.0234333
0.0209253, 0.999092, -0.0371078
0.629018, 0.0156933, 0.777232
0.777109, -0.0396053, -0.628119

226
0.0222464, 0.00853699, -0.0143326
0.0328746, 0.999298, -0.0179898
0.212363, 0.0106045, 0.977133
0.976638, -0.0359432, -0.211866

227
0.0126564, -0.0431105, 0.0211614
-0.0113053, -0.991827, 0.127092
0.697667, -0.0988756, -0.709566
0.716333, 0.080646, 0.693083

228
0.0353267, 0.0919487, 0.00786541
-0.392204, 0.63127, -0.669085
-0.0570757, 0.709261, 0.702632
0.918106, 0.313764, -0.242145

229
0.0273105, 0.0192275, -0.00388712
0.000724375, -0.999997, -0.00241412
-0.179148, 0.00224529, -0.98382
0.983822, 0.00114514, -0.179146

230
-0.0154941, -0.040802, 0.0229777
0.0707486, 0.967294, -0.243592
-0.812744, -0.0856807, -0.576286
-0.57831, 0.23875, 0.7801

231
-0.0278377, 0.03469, 0.0101587
0.0191829, -0.998663, -0.0479984
0.885007, -0.00537567, 0.465546
-0.465182, -0.0514095, 0.883721

232
-0.00695546, 0.0378645, 0.00504915
0.138534, 0.461523, 0.876245
-0.947698, 0.318661, -0.0180099
-0.287537, -0.82792, 0.48153

233
-0.00922673, 0.0477715, 0.0311232
-0.0426147, -0.989795, -0.135975
0.954607, -0.0804975, 0.286786
-0.294805, -0.117581, 0.948296

234
0.0220915, -0.000755524, -0.01763
0.0201661, 0.999288, -0.0319003
0.259354, 0.025586, 0.965443
0.965572, -0.0277427, -0.258653

235
0.0262383, 0.058893, -0.00250626
0.0236693, 0.94709, -0.320094
-0.213317, 0.317594, 0.923921
0.976696, 0.046413, 0.209548

236
-0.0261685, -0.0361365, 0.0100756
0.100601, 0.976431, -0.190951
-0.78459, -0.04016, -0.618712
-0.611799, 0.212061, 0.762058

237
0.00931042, 0.0229866, 0.0228878
-0.0450652, -0.99739, 0.0564127
0.895386, -0.0653692, -0.440466
0.443004, 0.0306615, 0.895995

238
-0.013384, 0.0153545, -0.0224841
-0.0147487, -0.999535, 0.0266716
-0.909196, 0.0245068, 0.415647
-0.416108, -0.0181194, -0.909135

239
0.0200166, -0.0184532, -0.0028812
0.0259896, 0.999135, -0.0324532
-0.128469, 0.0355332, 0.991077
0.991373, -0.0215885, 0.129281

240
0.0260513, 0.0355562, -0.00670196
-0.0395597, -0.999086, 0.0161788
-0.0814859, -0.0129119, -0.996591
0.995889, -0.0407432, -0.0809006

241
0.0142583, 0.0224095, 0.0166381
-0.0450652, -0.99739, 0.0564127
0.657699, -0.072127, -0.74982
0.751932, 0.00331182, 0.659233

242
-0.00991102, 0.0298356, -0.00345983
0.110932, -0.0566531, -0.992212
0.984841, 0.140228, 0.102101
0.133352, -0.988497, 0.0713501

243
0.0234826, 0.0492865, 0.00984394
-0.0426147, -0.989795, -0.135975
0.294805, 0.117581, -0.948296
0.954607, -0.0804975, 0.286786

244
0.0171601, -0.0480754, -0.0223432
0.00271498, 0.999177, -0.0404693
0.606899, 0.0305178, 0.794193
0.794775, -0.026717, -0.606316

245
0.00803783, -0.0186004, -0.0421538
-0.0198155, -0.999106, 0.03735
-0.979456, 0.0119002, -0.201308
0.200683, -0.0405717, -0.978816

246
0.0179057, 0.0374168, 0.014036
0.00956521, 0.998363, 0.0563855
-0.962901, -0.00601165, 0.269789
0.269686, -0.0568742, 0.961267

247
0.0216111, -0.0263026, 0.0118246
0.0188022, 0.999056, -0.0391552
-0.578366, 0.0428129, 0.814653
0.815561, 0.00732875, 0.578625

248
0.0198, -0.0213738, 0.0012029
0.0236888, 0.999092, -0.0354164
-0.242846, 0.040116, 0.969235
0.969775, -0.0143593, 0.243576

249
-0.00901718, -0.0169601, 0.0158381
0.0433544, 0.993283, -0.107285
-0.943414, 0.00536432, -0.331574
-0.328771, 0.115589, 0.937309

250
0.021218, -0.0340005, -0.00168898
-0.057121, -0.989378, 0.133676
0.00726509, -0.134303, -0.990914
0.998341, -0.0556308, 0.0148594

251
-0.0225785, -0.0387077, 0.00584739
-0.290235, -0.339072, 0.894871
0.949402, 0.0152337, 0.313694
-0.119997, 0.940637, 0.317495

252
0.0139095, 0.0279348, 0.0200234
-0.0451468, -0.997761, 0.0493507
0.761243, -0.0663507, -0.645063
0.646893, 0.00844537, 0.762534

253
0.0230564, 9.10802e-05, 0.00950005
0.0201661, 0.999288, -0.0319003
-0.499371, 0.0377091, 0.865567
0.866153, -0.00152498, 0.499776

254
-0.0252114, -0.038388, -0.0198333
0.0317689, 0.977939, -0.206461
0.668761, -0.174312, -0.722755
-0.742798, -0.115112, -0.659545

255
-0.0295998, -0.00835647, -0.00219692
-0.0531157, -0.996849, 0.0589192
0.194854, 0.047522, 0.97968
-0.979393, 0.0635171, 0.191716

256
0.0033488, -0.0410589, -0.0049216
0.555856, -0.414413, -0.720615
-0.825416, -0.172386, -0.53756
0.0985483, 0.893613, -0.437885

257
-0.0240642, -0.0370409, 0.0236069
-0.0646138, -0.99626, 0.0573616
0.78039, -0.0146207, 0.625122
-0.621946, 0.085156, 0.778417

258
0.0243668, 0.0545363, -0.0230358
-0.0122355, -0.986635, -0.162486
-0.572529, 0.140137, -0.807819
0.819793, 0.0831437, -0.566592

259
0.00921738, 0.0330586, 0.0283267
0.02425, 0.999373, 0.0257862
-0.969539, 0.0172217, 0.244333
0.243735, -0.0309257, 0.969349

260
-0.0173477, -0.0284268, 0.012498
-0.111167, -0.98105, 0.158694
0.942431, -0.0533923, 0.330111
-0.315382, 0.186255, 0.930507

261
-0.0162414, -0.0464082, -0.0225569
-0.0542631, -0.998376, 0.0173615
-0.908997, 0.0565863, 0.412944
-0.413256, 0.00662607, -0.910591

262
-0.0257697, -0.0178757, 0.000590666
0.0433544, 0.993283, -0.107285
-0.0572839, -0.104738, -0.992849
-0.997416, 0.04919, 0.0523583

263
0.00246009, 0.0108028, 0.0202396
-0.00675455, -0.999892, 0.0130589
0.965376, -0.00992584, -0.260673
0.260774, 0.010846, 0.965339

264
-0.0227231, 0.0173952, -0.0168797
0.0345492, 0.999403, 0.000779549
0.54736, -0.0182695, -0.836698
-0.836184, 0.029334, -0.547664

265
0.0223703, -0.035222, 0.00106205
-0.0136328, -0.997931, 0.0628311
0.0456612, -0.0633927, -0.996944
0.998864, -0.0107222, 0.0464309

266
-0.017773, -0.0286043, -0.0279883
-0.0498936, -0.997362, 0.0527252
-0.816031, 0.0711463, 0.573613
-0.575851, -0.0144057, -0.817428

267
0.00633968, -0.0278802, -0.03576
0.0188022, 0.999056, -0.0391552
0.815561, 0.00732875, 0.578625
0.578366, -0.0428129, -0.814653

268
0.0251651, 0.00236361, 0.000519491
0.00812202, 0.99929, -0.0367856
-0.489125, 0.0360557, 0.871468
0.872176, 0.0109147, 0.48907

269
0.0211413, -0.0486972, -0.0290651
-0.0596106, -0.997983, 0.0218276
-0.801511, 0.0348184, -0.596966
0.595002, -0.0530805, -0.80197

270
-0.0362508, 0.0612554, -0.00263944
0.138534, 0.461523, 0.876245
-0.466804, 0.810755, -0.353228
-0.873443, -0.360101, 0.327758

271
0.0152061, -0.00063976, -0.0185776
0.0221385, 0.999274, -0.0310035
0.771623, 0.00263983, 0.636074
0.635694, -0.0380047, -0.771005

272
-0.0232294, 0.0518907, -0.00719709
-0.0235525, 0.97787, 0.207882
0.0921354, 0.209178, -0.973527
-0.995468, -0.00377572, -0.0950231

273
0.00400603, 0.0370266, 0.0302012
-0.0395597, -0.999086, 0.0161788
0.995889, -0.0407432, -0.0809006
0.0814859, 0.0129119, 0.996591

274
-0.0213844, -0.000176525, -0.0297751
0.0221385, 0.999274, -0.0310035
0.995124, -0.0250068, -0.0954102
-0.0961163, -0.0287401, -0.994955

275
0.0112028, 0.00280457, 0.0133917
-0.014053, -0.999209, 0.037214
0.948779, -0.0250734, -0.314945
0.315629, 0.0308819, 0.94838

276
0.0400019, 0.0872554, 0.00309432
0.283723, -0.129048, -0.950183
-0.118066, 0.978662, -0.16817
0.95161, 0.159898, 0.262433

277
0.021093, 0.020682, -0.0199048
0.0162201, 0.999502, -0.0270848
0.857976, -3.27091e-06, 0.513689
0.513433, -0.0315702, -0.857549

278
0.0230087, 0.0211561, 0.00146752
-0.0450652, -0.99739, 0.0564127
0.319883, -0.067904, -0.945021
0.946385, -0.0245421, 0.322108

279
0.0107726, -0.0424519, 0.0208556
0.271034, 0.492118, -0.827261
-0.961111, 0.0910572, -0.260719
-0.0529763, 0.865753, 0.497659

280
0.00820964, 0.0235808, -0.0275604
0.0505947, 0.998698, -0.0065381
0.829798, -0.0383933, 0.556741
0.555765, -0.0335934, -0.83066

281
0.0164004, 0.0479881, 0.00615367
0.278355, -0.499268, -0.820518
0.794589, 0.599622, -0.0952988
0.53958, -0.625448, 0.56362

282
-0.00166888, 0.0482229, -0.0282959
0.0925525, -0.896076, 0.434145
-0.948866, 0.0527862, 0.311233
-0.301805, -0.440751, -0.845371

283
0.0240618, -0.0110275, -0.00460103
-0.0297993, -0.997882, 0.0578278
-0.153563, -0.0525962, -0.986738
0.987689, -0.0382843, -0.15167

284
0.0232882, -0.016956, 0.00992518
-0.0198155, -0.999106, 0.03735
0.560229, -0.0420374, -0.827271
0.828101, 0.00453175, 0.560561

285
0.00188527, -0.0301573, 0.0152729
-0.111167, -0.98105, 0.158694
0.991384, -0.120605, -0.051107
0.0692777, 0.151645, 0.986004

286
0.0221071, -0.0116177, 0.00952579
0.0209253, 0.999092, -0.0371078
-0.47724, 0.0425961, 0.87774
0.878524, -0.000657598, 0.477698

287
-0.0281213, 0.0118704, 0.00920152
0.0461048, 0.998896, 0.00897258
-0.302751, 0.0225322, -0.952803
-0.951954, 0.0412123, 0.303456

288
0.0118026, 0.0553286, 0.0224955
0.126002, 0.990954, -0.0461875
-0.901487, 0.13381, 0.411601
0.414058, -0.010225, 0.910193

289
-0.0225488, 0.020618, -0.0271452
0.0348161, 0.999394, -5.27621e-05
0.801323, -0.0279474, -0.597578
-0.597218, 0.0207631, -0.80181

290
-0.020333, 0.0309927, -0.00728033
0.283723, -0.129048, -0.950183
0.924355, -0.226791, 0.306812
-0.255087, -0.965356, 0.05494

291
-0.00815253, 0.00316679, 0.0158083
-0.014053, -0.999209, 0.037214
0.997343, -0.0113468, 0.0719576
-0.0714784, 0.0381263, 0.996713

292
0.0254713, 0.0228371, -0.00758264
0.0505947, 0.998698, -0.0065381
-0.19591, 0.0163438, 0.980486
0.979316, -0.0483265, 0.196482

293
-0.0319898, -0.0649678, -0.00654868
0.271034, 0.492118, -0.827261
-0.318857, -0.765006, -0.55955
-0.908224, 0.415435, -0.0504268

294
0.0350438, -0.0949086, 0.00324126
-0.290235, -0.339072, 0.894871
-0.586478, -0.675903, -0.446318
0.756179, -0.654359, -0.00268745

295
-0.0239164, -0.0213179, -0.0264608
0.0236888, 0.999092, -0.0354164
0.988889, -0.028618, -0.145875
-0.146756, -0.0315673, -0.988669

296
0.0259431, 0.0359904, 0.00459666
0.0191829, -0.998663, -0.0479984
0.465182, 0.0514095, -0.883721
0.885007, -0.00537567, 0.465546

297
-0.00129659, 0.046955, 0.0208762
0.00179513, -0.985843, -0.16766
0.992074, 0.0228207, -0.123564
0.125641, -0.16611, 0.978071

298
0.00216615, -0.0251777, 0.0311906
0.0188022, 0.999056, -0.0391552
-0.985655, 0.025091, 0.166897
0.167722, 0.0354555, 0.985197

299
-0.0225577, 0.0352618, -0.0271782
0.02425, 0.999373, 0.0257862
0.802463, -0.00407603, -0.596688
-0.596208, 0.0351621, -0.802059

300
