0
0.0418665, 0.00463471, 0.00679763
0.99998, 0.00285664, 0.00559884
0.00182511, 0.720414, -0.693542
-0.00601468, 0.693539, 0.720394

1
0.044915, 0.00837203, 0.00220894
-0.99973, -0.00330864, 0.022986
0.0183777, -0.717831, 0.695975
0.0141973, 0.69621, 0.717698

2
-0.0270608, 0.00837363, 0.00193196
-0.998353, -0.00148159, -0.0573496
-0.0396786, -0.704167, 0.708925
-0.041434, 0.710033, 0.702949

3
-0.0180204, 0.00837374, 0.00198783
-0.997874, 0.0016288, 0.0651547
0.0449301, -0.706986, 0.705798
0.0472131, 0.707225, 0.70541

4
-0.0561908, -0.00201046, 0.01002
-0.998291, -0.00708375, 0.0580112
-0.0136485, -0.93692, -0.349278
0.056826, -0.349473, 0.935222

5
0.0359406, 0.00180578, 0.00701083
0.999992, 0.00392837, -0.00089137
-0.00240182, 0.403817, -0.914836
-0.00323386, 0.914831, 0.403824

6
-0.0262555, -8.56523e-05, -0.0118678
-0.998353, -0.00148159, -0.0573496
-0.0230957, 0.925458, 0.378146
0.0525144, 0.378848, -0.923968

7
0.0359464, 0.000684926, 0.0086076
0.999992, 0.00392837, -0.00089137
-0.00345654, 0.723169, -0.690662
-0.00206856, 0.69066, 0.723177

8
0.0419142, 0.00837105, 0.00226529
-0.999692, -0.003483, 0.0245549
0.0195344, -0.720594, 0.693082
0.0152801, 0.693349, 0.72044

9
-0.0392113, -0.0137163, -0.000524401
-0.999318, -0.00252333, 0.0368299
-0.0351746, 0.367903, -0.929199
-0.0112051, -0.929861, -0.367741

10
-0.0148308, -0.0144586, -0.000542831
-0.997189, 0.00269357, 0.0748837
-0.0681084, 0.384087, -0.920781
-0.0312421, -0.923293, -0.382824

11
-0.0597126, -0.0126167, 0.00189187
-0.999154, -0.00711711, 0.040499
-0.0404512, 0.346987, -0.936997
-0.00738391, -0.937843, -0.346982

12
-0.00946945, -0.0128764, -0.00171707
-0.997482, 0.00384854, -0.0708158
0.0667058, 0.39, -0.918396
0.0240837, -0.920807, -0.389275

13
-0.0300227, -0.0109101, -0.00389838
-0.999201, -0.00176062, -0.0399394
0.027224, 0.701635, -0.712017
0.0292765, -0.712535, -0.701026

14
-0.0504386, -0.0104549, 0.00810016
-0.996292, -0.00569716, 0.0858479
-0.0760107, -0.40918, -0.909282
0.0403076, -0.912436, 0.407229

15
0.00847047, -0.0135478, -0.000915177
-0.996247, -0.00193583, 0.0865332
-0.080254, 0.39512, -0.915117
-0.0324195, -0.918627, -0.393793

16
-0.05038, -0.00363232, 0.0092337
-0.996292, -0.00569716, 0.0858479
-0.0547997, -0.727207, -0.684227
0.0663274, -0.686395, 0.724198

17
-0.0302405, -0.00979188, 0.00150074
-0.999201, -0.00176062, -0.0399394
0.0363553, 0.375551, -0.926089
0.0166298, -0.9268, -0.375186

18
0.0364241, 0.00822449, -0.00939173
-0.995849, -0.00174913, -0.0910034
-0.0855209, 0.360242, 0.928931
0.0311584, 0.932857, -0.358896

19
0.0447994, 0.004682, 0.00375113
0.999924, 0.00269115, 0.012014
0.00643973, 0.717366, -0.696667
-0.0104933, 0.696691, 0.717294

20
-0.0566115, -0.0096323, 0.00185115
-0.998291, -0.00708375, 0.0580112
-0.056826, 0.349473, -0.935222
-0.0136485, -0.93692, -0.349278

21
0.0475205, -0.0128817, -0.00173099
-0.996231, -0.00175873, -0.0867267
0.0791412, 0.390905, -0.917022
0.0355147, -0.920429, -0.389292

22
0.0242982, -0.00893839, -0.00198247
-0.996808, -0.00253094, -0.0797913
0.0721629, 0.398874, -0.914162
0.0341404, -0.917002, -0.397419

23
-0.0242677, -0.00981707, 0.00143976
-0.9991, -0.000519783, -0.0424137
0.0390383, 0.379802, -0.924244
0.0165892, -0.925068, -0.379439

24
0.0419822, 0.000138515, 0.00999078
0.999982, 0.00335784, -0.00502305
-0.00326367, 0.999821, 0.0186394
0.00508474, -0.0186226, 0.999814

25
0.00847047, -0.0135478, -0.000915177
-0.996247, -0.00193583, 0.0865332
-0.080254, 0.39512, -0.915117
-0.0324195, -0.918627, -0.393793

26
-0.00408968, -0.00991692, 0.00278518
-0.99475, 0.00389027, -0.102259
0.102306, 0.0149743, -0.99464
-0.00233817, -0.99988, -0.0152937

27
-0.00314765, 0.00720943, 0.00761006
-0.999691, 0.00265192, -0.0247043
-0.0115547, -0.92985, 0.367759
-0.0219961, 0.36793, 0.929593

28
-0.0572363, -0.0100184, -0.00894782
-0.998291, -0.00708375, 0.0580112
-0.0305311, 0.909617, -0.414325
-0.049833, -0.415388, -0.908278

29
0.0148442, -0.00962425, -0.010103
0.999957, 0.00227469, -0.00894487
0.00911842, -0.393436, 0.919307
-0.0014281, -0.919349, -0.39344

30
0.0359006, 0.00836965, -0.000671658
-0.998847, -0.00282376, -0.047921
-0.0310219, -0.723847, 0.689262
-0.0366338, 0.689954, 0.722925

31
0.0174953, -0.0129021, -0.00178403
-0.995764, -0.0015797, -0.0919311
0.0838564, 0.394457, -0.91508
0.0377084, -0.918913, -0.392654

32
-0.0530865, -0.0126474, -0.00124498
-0.98765, -0.0032754, 0.156641
-0.147764, 0.351851, -0.92432
-0.0520868, -0.93605, -0.34799

33
0.00804681, -0.0102308, -0.00571854
-0.996247, -0.00193583, 0.0865332
-0.0617387, 0.716587, -0.69476
-0.0606636, -0.697495, -0.714017

34
0.0419895, -0.00676664, 0.00180875
-0.999582, -0.00275, -0.0287878
0.0287325, 0.0183837, -0.999418
0.00327763, -0.999827, -0.018297

35
-0.00978445, -0.00984734, 0.00288439
-0.997482, 0.00384854, -0.0708158
0.0708445, 0.00793539, -0.997456
-0.0032768, -0.999961, -0.00818805

36
-0.0267839, -0.00556653, -0.00883992
0.999831, 0.000983462, 0.0183342
-0.00618011, -0.922271, 0.386495
0.0172892, -0.386544, -0.922109

37
0.0358225, -0.00909436, 0.00559838
-0.998999, -0.00288092, -0.0446343
0.0426649, -0.360904, -0.931626
-0.0134248, -0.932598, 0.360666

38
0.047207, 0.00473622, 0.00667307
-0.997681, -0.00204234, -0.0680267
-0.0461852, -0.71384, 0.698785
-0.0499873, 0.700306, 0.71209

39
-0.00301131, 0.00837192, 0.00221764
-0.999691, 0.00265192, -0.0247043
-0.0190927, -0.718268, 0.695504
-0.0158999, 0.695761, 0.718097

40
-0.0264481, 0.00479414, -0.00864215
-0.998353, -0.00148159, -0.0573496
-0.041434, 0.710033, 0.702949
0.0396786, 0.704167, -0.708925

41
-0.0240394, -0.00676832, -0.00397692
-0.9991, -0.000519783, -0.0424137
0.0424151, -0.00311723, -0.999095
0.0003871, -0.999995, 0.00313647

42
-0.0386039, -0.0143938, -0.000246581
-0.993895, -0.00122936, 0.110322
-0.10305, 0.367527, -0.924286
-0.03941, -0.930012, -0.36541

43
0.0232624, -0.0129288, -0.0018778
-0.990462, -0.00145851, -0.137782
0.125753, 0.399159, -0.908217
0.0563216, -0.916881, -0.395168

44
0.0148075, -0.00989581, 0.00124986
-0.999455, -0.00184254, -0.0329633
0.0295816, 0.393362, -0.918908
0.0146596, -0.919382, -0.393093

45
-0.0120519, -0.00899216, -0.0108711
0.999981, -0.00317582, 0.00533944
-0.00615176, -0.386273, 0.922364
-0.000866789, -0.922379, -0.386285

46
-0.00288421, -0.00894716, -0.00197371
-0.998884, 0.00305575, -0.0471319
0.0444731, 0.396849, -0.916806
0.0159027, -0.917879, -0.396542

47
-0.0300282, -0.0067681, -0.000936652
-0.999133, -0.00180475, -0.0415952
0.041607, -0.00709433, -0.999109
0.00150806, -0.999973, 0.00716327

48
-2.1089e-05, 0.0113715, 0.00224149
-0.999745, 0.00196296, -0.0224897
-0.0170319, -0.719456, 0.694329
-0.0148174, 0.694535, 0.719306

49
0.0505921, -0.0144686, -0.000607185
-0.993366, -0.00162703, -0.114984
0.105412, 0.386756, -0.916138
0.0459614, -0.922181, -0.384019

50
0.0447935, 0.0073784, -0.00321749
-0.99973, -0.00330864, 0.022986
0.0224118, -0.396761, 0.917648
0.00608377, 0.917916, 0.396728

51
0.020697, -0.014504, 0.00221348
-0.995848, -0.00194563, -0.091007
0.0827777, 0.396541, -0.914277
0.0378669, -0.918015, -0.394734

52
0.0148643, 0.00723483, 0.00155122
0.999929, 0.00208735, 0.0117505
0.0116833, -0.37215, -0.928099
0.0024357, 0.92817, -0.372148

53
-0.0509617, -0.00676404, 0.00227435
-0.996292, -0.00569716, 0.0858479
-0.0856497, -0.0288587, -0.995907
0.0081513, -0.999567, 0.0282637

54
-0.056447, 0.00219272, -0.0112382
-0.998757, -0.0101317, -0.0488135
-0.0486244, 0.414076, 0.908943
0.0110034, 0.910186, -0.414054

55
-0.0300287, -0.00676806, -0.00393057
-0.999201, -0.00176062, -0.0399394
0.0399519, -0.00770748, -0.999172
0.00145133, -0.999969, 0.00777166

56
-0.0627734, -0.00960836, 0.00191303
-0.999567, -0.00793296, 0.0283455
-0.02934, 0.345679, -0.937894
-0.00235816, -0.938319, -0.345762

57
-0.0662008, 0.00840604, 0.00532003
-0.996253, -0.0115291, -0.0857173
-0.0255571, -0.907576, 0.419108
-0.082627, 0.419729, 0.903881

58
0.0672801, -0.00976437, 0.00290781
-0.99103, 0.00137216, 0.133635
-0.133636, -0.000399531, -0.99103
-0.00130646, -0.999999, 0.000579317

59
-0.0565853, -0.0104126, 0.00220659
-0.998291, -0.00708375, 0.0580112
-0.049833, -0.415388, -0.908278
0.0305311, -0.909617, 0.414325

60
0.0470626, 0.00773806, 0.00366014
-0.996649, -0.00179242, -0.0817728
-0.0560012, -0.71372, 0.698189
-0.0596143, 0.700429, 0.711228

61
0.00278202, -0.00894003, -0.00198951
-0.99905, 0.000121019, 0.043573
-0.0399155, 0.398505, -0.916297
-0.0174749, -0.917166, -0.398122

62
-0.0439989, -0.0127101, -0.00140288
-0.983644, -0.00135756, 0.180118
-0.168386, 0.361997, -0.916845
-0.0639576, -0.932178, -0.356305

63
-0.0533549, -0.00964954, 0.0017884
-0.994316, -0.00528123, 0.106336
-0.101372, 0.352212, -0.930414
-0.0325389, -0.935905, -0.350745

64
-0.0267595, -0.00986228, -0.00994256
0.999831, 0.000983462, 0.0183342
-0.0165953, -0.378816, 0.925323
0.00785532, -0.925471, -0.378736

65
-0.056914, -0.0109012, -0.00351044
-0.998291, -0.00708375, 0.0580112
-0.0472774, 0.681414, -0.730369
-0.0343559, -0.731863, -0.680585

66
0.0170652, -0.00989533, 0.00282278
-0.995764, -0.0015797, -0.0919311
0.0919036, 0.0127785, -0.995686
0.00274762, -0.999917, -0.0125791

67
-0.0210493, -0.00976837, 0.00500065
-0.999675, 0.00062667, 0.0254835
-0.0254841, -0.000877541, -0.999675
-0.000604104, -0.999999, 0.000893225

68
-0.0504386, -0.0104549, 0.00810016
-0.996292, -0.00569716, 0.0858479
-0.0760107, -0.40918, -0.909282
0.0403076, -0.912436, 0.407229

69
0.0319841, 0.010583, 0.00380386
-0.996164, -0.00223724, -0.0874739
-0.0587525, -0.723717, 0.687591
-0.0648446, 0.690093, 0.72081

70
0.0300032, -0.00676566, 0.00176367
-0.999799, -0.00419316, -0.0195866
0.0194857, 0.0228905, -0.999548
0.00463961, -0.999729, -0.0228042

71
0.014979, -0.00676768, -0.00412348
-0.999455, -0.00184254, -0.0329633
0.0329398, 0.0115867, -0.99939
0.00222335, -0.999931, -0.0115197

72
0.0569608, -0.00976836, 0.00200504
-0.994562, -0.000543597, -0.104146
0.104147, -0.00128247, -0.994561
0.000407076, -0.999999, 0.00133211

73
-0.000361411, -0.00992869, 0.00115939
-0.998506, 0.00270974, -0.054578
0.0511219, 0.39915, -0.915459
0.0193042, -0.916882, -0.398692

74
-0.0336471, 0.00494795, 0.00647007
-0.998477, -0.00237727, -0.0551093
-0.0377106, -0.699712, 0.713429
-0.0402567, 0.714421, 0.698557

75
-0.0211979, -0.0136316, -0.000734291
-0.999675, 0.00062667, 0.0254835
-0.023313, 0.381872, -0.923921
-0.0103105, -0.924215, -0.381734

76
0.00309753, 0.0118429, 0.00284186
-0.999348, 9.62201e-05, 0.036096
0.0249916, -0.719703, 0.693833
0.0260451, 0.694282, 0.719231

77
0.0209898, -0.00676722, -0.00115637
-0.995848, -0.00194563, -0.091007
0.0909677, 0.0150475, -0.99574
0.00330677, -0.999885, -0.014808

78
0.0126215, -0.000190067, 0.00990001
-0.998814, -0.00224404, 0.0486401
0.0201693, -0.928275, 0.371346
0.0443181, 0.371887, 0.927219

79
-0.039157, -0.00906893, -0.0016807
-0.999309, -0.00241409, 0.0370781
-0.0353713, 0.36741, -0.929386
-0.0113792, -0.930056, -0.367241

80
0.0220401, 0.00811206, 0.00726267
-0.991285, -0.00144826, -0.131725
-0.0903869, -0.719953, 0.688112
-0.0958326, 0.694022, 0.713547

81
-0.026749, 0.00727469, -0.0034665
-0.998353, -0.00148159, -0.0573496
-0.0525144, -0.378848, 0.923968
-0.0230957, 0.925458, 0.378146

82
0.0361635, -0.00891482, -0.00204558
-0.998999, -0.00288092, -0.0446343
0.0396614, 0.404249, -0.913789
0.0206759, -0.914645, -0.40373

83
-0.036359, 0.00498875, 0.00644086
-0.999617, -0.00257767, -0.0275564
-0.0179662, -0.696923, 0.716921
-0.0210527, 0.717142, 0.696609

84
-0.0333847, 0.00814874, 0.00157719
-0.998477, -0.00237727, -0.0551093
-0.0502456, -0.373052, 0.926449
-0.0227611, 0.927807, 0.372365

85
0.056562, -0.00900225, 0.00581004
-0.994562, -0.000543597, -0.104146
0.096375, -0.383868, -0.918345
-0.0394792, -0.923388, 0.381833

86
0.00294807, -0.00976689, 0.00182006
-0.99905, 0.000121019, 0.043573
-0.0435644, 0.0171867, -0.998903
-0.000869763, -0.999852, -0.0171651

87
-0.0517803, -0.0120304, -0.00757522
-0.996292, -0.00569716, 0.0858479
-0.0403076, 0.912436, -0.407229
-0.0760107, -0.40918, -0.909282

88
-0.0506155, -0.00889381, 0.00605908
-0.995649, -0.00520185, 0.0930369
-0.0827845, -0.408946, -0.908796
0.0427745, -0.912544, 0.406737

89
-0.0297835, -0.0106669, -0.00664415
-0.999133, -0.00180475, -0.0415952
0.0378628, 0.376119, -0.925797
0.0173156, -0.92657, -0.375724

90
-0.038958, 0.00330745, 0.00999041
0.99985, 0.002757, -0.0170901
-0.00301546, 0.999881, -0.015116
0.0170464, 0.0151652, 0.99974

91
0.0196959, -0.00991856, 0.00275819
-0.991581, -0.0014118, -0.129483
0.129447, 0.0151339, -0.991471
0.00335933, -0.999884, -0.0148237

92
0.0417842, 0.00739902, -0.00316485
-0.999692, -0.003483, 0.0245549
0.0238949, -0.400409, 0.916025
0.00664148, 0.91633, 0.400369

93
0.0672801, -0.00976437, 0.00290781
-0.99103, 0.00137216, 0.133635
-0.133636, -0.000399531, -0.99103
-0.00130646, -0.999999, 0.000579317

94
0.0059554, 0.011372, 0.00221767
-0.99679, -0.00137583, 0.0800483
0.0566796, -0.718273, 0.693449
0.0565425, 0.69576, 0.716045

95
0.0328502, 0.0011354, 0.00922543
0.999933, 0.00404222, 0.0108788
0.00458641, 0.723438, -0.690374
-0.0106608, 0.690377, 0.723371

96
-0.0272938, 0.00431795, 0.00793171
0.999873, 0.00132044, 0.0158795
0.0141922, 0.379286, -0.925171
-0.00724449, 0.925279, 0.379219

97
-0.0298695, -0.0144706, -0.00441404
-0.999133, -0.00180475, -0.0415952
0.0283542, 0.702071, -0.711542
0.030487, -0.712104, -0.701411

98
0.0112268, 0.0027968, -0.0109889
-0.998474, -0.00225429, 0.055182
0.0503895, 0.371795, 0.926946
-0.022606, 0.928312, -0.371114

99
0.0272358, -0.00892647, -0.00201471
-0.998048, -0.00312154, -0.0623756
0.0558736, 0.4016, -0.914109
0.0279035, -0.91581, -0.400642

100
-0.0514219, -0.0107862, -0.00333336
-0.996292, -0.00569716, 0.0858479
-0.0822494, 0.355856, -0.930914
-0.0252459, -0.934523, -0.355005

101
0.0523599, -0.00576518, 0.00790648
-0.994316, -0.00191801, -0.106455
0.00188448, -0.999998, 0.000415588
-0.106456, 0.000212613, 0.994317

102
0.0270007, -0.00976621, 0.00178841
-0.998048, -0.00312154, -0.0623756
0.0622986, 0.0205653, -0.997846
0.00439758, -0.999784, -0.0203306

103
-0.0509617, -0.00676404, 0.00227435
-0.996292, -0.00569716, 0.0858479
-0.0856497, -0.0288587, -0.995907
0.0081513, -0.999567, 0.0282637

104
-0.0298081, -0.00987531, -0.00931422
-0.999201, -0.00176062, -0.0399394
0.0139481, 0.920901, -0.389547
0.0374661, -0.389792, -0.92014

105
-0.00908957, -0.01391, -0.00712408
-0.997482, 0.00384854, -0.0708158
0.0524117, 0.71269, -0.699518
0.0477776, -0.701468, -0.711098

106
0.0485168, 0.00436883, -0.0139902
-0.996649, -0.00179242, -0.0817728
-0.0596143, 0.700429, 0.711228
0.0560012, 0.71372, -0.698189

107
0.0498108, -0.00981335, 0.00288035
-0.993154, -0.00167385, -0.116799
0.11679, 0.00450954, -0.993146
0.00218909, -0.999988, -0.00428318

108
-0.0420843, 0.00722978, -0.00719601
-0.984831, -0.000789312, 0.173515
0.173468, 0.0192009, 0.984652
-0.00410885, 0.999815, -0.0187728

109
-0.0272857, 0.00842562, 0.00707972
0.999873, 0.00132044, 0.0158795
0.0103395, 0.704503, -0.709626
-0.0121242, 0.7097, 0.7044

110
0.0059554, 0.011372, 0.00221767
-0.99679, -0.00137583, 0.0800483
0.0566796, -0.718273, 0.693449
0.0565425, 0.69576, 0.716045

111
-0.0563746, -0.00640503, 0.0063207
-0.998291, -0.00708375, 0.0580112
-0.0577234, -0.0356729, -0.997695
0.00913684, -0.999338, 0.035203

112
-0.0270324, -0.00676827, 0.00203451
0.999999, 0.00108478, 0.000725028
-0.000729664, 0.00427904, 0.999991
0.00108167, -0.99999, 0.00427982

113
0.0149882, -0.0109095, -0.0041712
-0.999455, -0.00184254, -0.0329633
0.0217198, 0.715251, -0.69853
0.0248641, -0.698865, -0.714821

114
0.0447487, 0.0040429, 0.0081144
0.999924, 0.00269115, 0.012014
0.00996514, 0.396147, -0.918133
-0.00723016, 0.918183, 0.39609

115
0.0349505, 0.00457876, 0.00680486
-0.995849, -0.00174913, -0.0910034
-0.061514, -0.723989, 0.687063
-0.0670872, 0.689809, 0.720876

116
0.0149325, 0.00495789, -0.00849383
0.999998, 0.0022253, -3.54349e-05
0.00153023, -0.699035, -0.715086
-0.00161605, 0.715084, -0.699037

117
-0.0603815, -0.00394635, -0.0130874
-0.999154, -0.00711711, 0.040499
-0.0233821, 0.908512, -0.417204
-0.0338245, -0.417798, -0.90791

118
0.0226185, -0.00994576, 0.00271951
-0.990462, -0.00145851, -0.137782
0.137734, 0.0178999, -0.990307
0.00391065, -0.999839, -0.0175282

119
-0.0183748, 0.00729633, -0.00341233
-0.997874, 0.0016288, 0.0651547
0.0595776, -0.382527, 0.922021
0.0264252, 0.923943, 0.381617

120
-0.0270241, -0.010651, -0.00368917
0.999999, 0.00108478, 0.000725028
-0.000260185, -0.378726, 0.925509
0.00127856, -0.925508, -0.378726

121
0.0094598, -0.0129064, -0.00179869
-0.995855, -0.00207234, 0.0909332
-0.0843461, 0.395213, -0.914709
-0.0340424, -0.918587, -0.393749

122
-0.00306583, -0.00976711, 0.00483461
-0.999565, 0.0027206, -0.0293784
0.0294175, 0.0156377, -0.999445
-0.00225968, -0.999874, -0.0157109

123
0.023996, -0.00976679, 0.00181839
-0.996808, -0.00253094, -0.0797913
0.0797348, 0.0175902, -0.996661
0.00392604, -0.999842, -0.0173323

124
-0.0626502, -0.00694505, 0.00700447
-0.999567, -0.00793296, 0.0283455
-0.0134066, -0.734608, -0.678359
0.0262042, -0.678445, 0.734184

125
-0.0268508, -0.0098101, -0.00496452
0.999831, 0.000983462, 0.0183342
-0.0183382, 0.00418199, 0.999823
0.000906615, -0.999991, 0.00419932

126
0.0448084, 0.00408433, 0.00313579
0.999924, 0.00269115, 0.012014
0.0119735, 0.014619, -0.999821
-0.0028663, 0.99989, 0.0145856

127
-0.00109187, 0.00765323, 0.00372906
-0.994938, 0.00336632, -0.100435
-0.0721895, -0.719221, 0.691021
-0.069909, 0.694773, 0.715823

128
-0.0120748, -0.00976825, -0.00704736
0.999981, -0.00317582, 0.00533944
-0.00535178, -0.00389014, 0.999978
-0.00315498, -0.999987, -0.00390706

129
-0.00287983, 0.00738169, -0.00320918
-0.999691, 0.00265192, -0.0247043
-0.023724, -0.397337, 0.917366
-0.00738316, 0.917669, 0.397277

130
-0.00459914, -0.0100228, 0.00773706
-0.99475, 0.00389027, -0.102259
0.0936239, -0.368803, -0.92478
-0.0413111, -0.929499, 0.366503

131
0.00315165, 0.000454268, 0.010728
0.999941, -0.00062441, -0.0108739
-0.00710275, 0.71949, -0.694467
0.00825732, 0.694503, 0.719443

132
0.0475205, -0.0128817, -0.00173099
-0.996231, -0.00175873, -0.0867267
0.0791412, 0.390905, -0.917022
0.0355147, -0.920429, -0.389292

133
0.00279456, 0.00789596, 0.00163825
-0.998822, 6.75077e-05, 0.0485264
0.0336853, -0.718851, 0.694347
0.0349301, 0.695164, 0.718002

134
-0.0523945, -0.00943139, 0.00318523
-0.98765, -0.0032754, 0.156641
-0.156449, -0.0331431, -0.98713
0.0084248, -0.999445, 0.0322213

135
-0.0271457, 0.00731704, -0.00164532
0.999873, 0.00132044, 0.0158795
0.015158, -0.386075, -0.922343
0.00491277, 0.922466, -0.386046

136
0.0329138, 0.00422881, 0.00222504
0.999933, 0.00404222, 0.0108788
0.0107814, 0.0233779, -0.999669
-0.00429521, 0.999719, 0.0233328

137
0.0419271, 0.00422978, -0.00381841
0.99998, 0.00285664, 0.00559884
0.00554356, 0.0190036, -0.999804
-0.00296247, 0.999815, 0.0189873

138
-0.021086, -0.00601314, -0.00782042
0.999955, -0.000708671, -0.00950456
0.00851659, -0.381237, 0.924438
-0.00427861, -0.924477, -0.381214

139
-0.00907612, -0.00976791, 0.00490171
-0.999679, 0.0035141, -0.0251057
0.0251362, 0.00891546, -0.999644
-0.00328902, -0.999954, -0.00900093

140
0.023996, -0.00976679, 0.00181839
-0.996808, -0.00253094, -0.0797913
0.0797348, 0.0175902, -0.996661
0.00392604, -0.999842, -0.0173323

141
-0.0677839, 0.00829103, 0.00304674
-0.991894, -0.00255915, 0.127046
0.0953856, -0.675567, 0.731102
0.0839571, 0.737294, 0.670335

142
0.0148088, 0.00471689, 0.00671727
0.999929, 0.00208735, 0.0117505
0.0067213, 0.715102, -0.698988
-0.00986186, 0.699017, 0.715037

143
-0.0242813, -0.0106086, 0.00177024
-0.9991, -0.000519783, -0.0424137
0.0393346, -0.385561, -0.921843
-0.0158739, -0.922682, 0.385235

144
-0.0267159, -0.0033778, -0.012668
0.999831, 0.000983462, 0.0183342
-0.012326, -0.704143, 0.709951
0.0136081, -0.710057, -0.704012

145
0.0664561, -0.00900563, -0.00321042
-0.99103, 0.00137216, 0.133635
-0.123963, -0.383052, -0.915371
0.0499332, -0.923726, 0.379786

146
0.0299341, 0.00655377, 0.00137272
0.99998, 0.0042474, 0.00467108
0.00589158, -0.361882, -0.932205
-0.00226906, 0.932214, -0.3619

147
0.0666629, -0.0128318, -0.0016373
-0.99103, 0.00137216, 0.133635
-0.122963, 0.382314, -0.915814
-0.0523472, -0.924031, -0.378716

148
0.0503262, -0.0106517, 0.00163569
-0.993366, -0.00162703, -0.114984
0.107037, -0.378603, -0.919349
-0.0420376, -0.925558, 0.376265

149
-0.0528948, -0.00643533, 0.00624994
-0.994316, -0.00528123, 0.106336
-0.106108, -0.0327541, -0.993815
0.0087315, -0.999449, 0.0320076

150
0.0479925, -0.0139099, -0.00713175
-0.996231, -0.00175873, -0.0867267
0.059526, 0.713382, -0.698242
0.0630973, -0.700773, -0.710589

151
0.035996, -0.00976558, 0.00175866
-0.998999, -0.00288092, -0.0446343
0.0445547, 0.0234578, -0.998731
0.00392429, -0.999721, -0.023306

152
0.0325825, 0.0093768, -0.00298017
-0.996164, -0.00223724, -0.0874739
-0.0790952, -0.40454, 0.911093
-0.037425, 0.914517, 0.402812

153
0.0353802, 0.00794702, 0.00203784
-0.995849, -0.00174913, -0.0910034
-0.0825047, -0.4049, 0.910631
-0.0384401, 0.914359, 0.403075

154
-0.0006067, -0.00694565, 0.00579506
-0.998506, 0.00270974, -0.054578
0.0546179, 0.0178911, -0.998347
-0.0017288, -0.999836, -0.0180124

155
0.00688851, 0.00766511, 0.00372831
-0.996123, -0.00155914, 0.0879605
0.0622983, -0.718461, 0.692771
0.0621161, 0.695565, 0.715773

156
-0.0566116, 0.00746826, -0.00896388
-0.998757, -0.0101317, -0.0488135
-0.0407123, 0.73087, 0.681302
0.0287736, 0.682442, -0.730373

157
0.0559961, -0.00358335, 0.0111854
-0.994562, -0.000543597, -0.104146
0.0402314, -0.924369, -0.379371
-0.0960635, -0.381498, 0.919364

158
-0.0392683, -0.0070257, -0.0098318
0.99985, 0.002757, -0.0170901
0.0169028, -0.368627, 0.929424
-0.00373744, -0.929573, -0.368618

159
0.0149254, 0.00837282, -0.0038478
0.999929, 0.00208735, 0.0117505
0.00986186, -0.699017, -0.715037
0.0067213, 0.715102, -0.698988

160
-0.0146522, -0.0106352, 0.00169761
-0.997189, 0.00269357, 0.0748837
-0.0702514, -0.381276, -0.921788
0.0260685, -0.924457, 0.380393

161
0.0631887, 0.00806754, -0.0037974
-0.999173, -0.000263195, -0.0406652
-0.0376109, 0.386251, 0.921627
0.0154644, 0.922394, -0.385941

162
0.0209229, 0.00723041, -0.0068559
-0.991128, -0.00133485, -0.132908
-0.132871, -0.0155543, 0.991011
-0.00339014, 0.999878, 0.015239

163
-0.0568614, -0.0100108, -0.00296861
0.999889, 0.00940635, 0.0115401
-0.0143993, 0.414028, 0.91015
0.00378328, -0.910216, 0.414118

164
-0.0599208, -0.0138998, -0.00347083
-0.999154, -0.00711711, 0.040499
-0.0345463, 0.679471, -0.732888
-0.0223018, -0.733668, -0.679143

165
-0.0390121, -0.00976707, 0.00515012
-0.999318, -0.00252333, 0.0368299
-0.0367851, -0.0159441, -0.999196
0.00310852, -0.99987, 0.0158404

166
-0.0268508, -0.0098101, -0.00496452
0.999831, 0.000983462, 0.0183342
-0.0183382, 0.00418199, 0.999823
0.000906615, -0.999991, 0.00419932

167
0.0419386, -0.00958035, -0.00519282
0.999982, 0.00335784, -0.00502305
0.00508474, -0.0186226, 0.999814
0.00326367, -0.999821, -0.0186394

168
-0.0696445, -0.00105841, -0.0116682
-0.991894, -0.00255915, 0.127046
0.0410637, 0.939699, 0.339528
-0.120254, 0.341993, -0.931976

169
0.0122328, -0.00282715, 0.00698374
-0.998474, -0.00225429, 0.055182
0.00160198, -0.999928, -0.0118626
0.0552048, -0.0117561, 0.998406

170
0.0119341, 0.0113728, 0.00215948
-0.998474, -0.00225429, 0.055182
0.0401685, -0.715369, 0.697591
0.0379029, 0.698743, 0.714368

171
0.0488999, -0.00338358, 0.0105331
-0.993154, -0.00167385, -0.116799
0.0841313, -0.70391, -0.705289
-0.0810354, -0.710287, 0.699232

172
-0.0210502, -0.00676836, -0.00399257
0.999955, -0.000708671, -0.00950456
0.00950566, 0.00156483, 0.999954
-0.000693765, -0.999999, 0.0015715

173
-0.00894453, -0.0135748, -0.000871231
-0.999679, 0.0035141, -0.0251057
0.0244815, 0.390903, -0.920106
0.00658054, -0.920425, -0.390863

174
0.0148888, -0.00965099, -0.00512408
0.999957, 0.00227469, -0.00894487
0.00897083, -0.0116679, 0.999892
0.00217008, -0.999929, -0.0116879

175
-0.0267595, -0.00986228, -0.00994256
0.999831, 0.000983462, 0.0183342
-0.0165953, -0.378816, 0.925323
0.00785532, -0.925471, -0.378736

176
0.0446206, 0.000183043, -0.011773
-0.99973, -0.00330864, 0.022986
0.00608377, 0.917916, 0.396728
-0.0224118, 0.396761, -0.917648

177
0.027333, 0.00354853, -0.0106213
-0.994099, -0.00191487, -0.108464
-0.101746, 0.363248, 0.92612
0.0376258, 0.931691, -0.361299

178
0.0664561, -0.00900563, -0.00321042
-0.99103, 0.00137216, 0.133635
-0.123963, -0.383052, -0.915371
0.0499332, -0.923726, 0.379786

179
-0.0516153, -0.00929771, 0.0081012
-0.98765, -0.0032754, 0.156641
-0.141316, -0.413091, -0.899659
0.0676538, -0.910684, 0.407527

180
0.00311197, 0.00272613, 0.00694831
0.999941, -0.00062441, -0.0108739
-0.00340215, 0.930497, -0.366285
0.0103469, 0.3663, 0.930439

181
-0.0360142, -0.0129042, -0.000247488
0.999997, 0.0022924, -0.000210368
-0.00071184, 0.394832, 0.918753
0.00218921, -0.91875, 0.394833

182
-0.0362319, 0.00817043, 0.00153015
-0.999617, -0.00257767, -0.0275564
-0.0246551, -0.369434, 0.92893
-0.0125748, 0.929253, 0.369229

183
-0.069124, 0.00722207, -0.00743797
-0.991894, -0.00255915, 0.127046
0.126814, 0.0436471, 0.990966
-0.00808121, 0.999044, -0.0429687

184
0.0234207, -0.0069627, 0.00891661
-0.996808, -0.00253094, -0.0797913
0.0591571, -0.694557, -0.717001
-0.0536049, -0.719433, 0.69249

185
0.0471149, -0.00985712, 0.00286635
-0.996231, -0.00175873, -0.0867267
0.0867078, 0.00891616, -0.996194
0.0025253, -0.999959, -0.00873006

186
-0.0599567, -0.00976077, -0.00362824
-0.999154, -0.00711711, 0.040499
-0.0401977, -0.0383225, -0.998457
0.00865815, -0.99924, 0.038004

187
0.0470639, -0.0104691, 0.00346535
-0.996231, -0.00175873, -0.0867267
0.0630973, -0.700773, -0.710589
-0.059526, -0.713382, 0.698242

188
0.00248547, -0.0101911, -0.00878531
-0.99905, 0.000121019, 0.043573
-0.0301897, 0.719155, -0.694193
-0.0314197, -0.694849, -0.718469

189
0.026759, -0.00908387, 0.00562247
-0.998048, -0.00312154, -0.0623756
0.0592393, -0.363601, -0.929669
-0.0197778, -0.93155, 0.363076

190
0.0498282, -0.00681239, 0.00588334
-0.993366, -0.00162703, -0.114984
0.114976, 0.00441247, -0.993358
0.00212359, -0.999989, -0.00419613

191
0.00896437, -0.00976744, 0.00485555
-0.996247, -0.00193583, 0.0865332
-0.0865515, 0.0135001, -0.996156
0.000760185, -0.999907, -0.013617

192
0.0149366, -0.0127699, -0.000572369
0.999957, 0.00227469, -0.00894487
0.00745751, 0.371877, 0.928252
0.00543788, -0.928279, 0.371844

193
0.0203001, -0.0129144, -0.00183616
-0.991581, -0.0014118, -0.129483
0.118308, 0.396621, -0.910327
0.0526407, -0.917981, -0.393115

194
0.0599549, 0.00723159, 0.00196587
0.999979, 0.000205123, 0.00646948
0.00646999, -0.00258306, -0.999976
-0.000188407, 0.999997, -0.00258433

195
0.0124434, -0.00588494, 0.00597919
-0.998814, -0.00224404, 0.0486401
0.00167424, -0.99993, -0.0117522
0.048663, -0.0116568, 0.998747

196
0.0214942, 0.0015452, 0.0114429
-0.991285, -0.00144826, -0.131725
-0.046833, -0.93074, 0.36267
-0.123127, 0.365678, 0.922561

197
-0.039404, -0.0105482, -0.0084325
-0.999309, -0.00241409, 0.0370781
-0.0283242, 0.695359, -0.718104
-0.024049, -0.718658, -0.694948

198
-0.00700376, 0.00470832, 0.00668359
-0.995628, 0.00396293, -0.0933276
-0.068009, -0.715652, 0.695139
-0.0640352, 0.698446, 0.712792

199
0.0512535, 0.011932, -0.00441524
-0.995377, -0.00179417, -0.0960235
-0.0878589, -0.386796, 0.917971
-0.0387885, 0.922164, 0.38485

200
-0.0030665, -0.00976714, 0.0018366
-0.998884, 0.00305575, -0.0471319
0.0471735, 0.0153841, -0.998768
-0.00232691, -0.999877, -0.0155111

201
-0.0422927, -0.00946338, 0.00793967
-0.983644, -0.00135756, 0.180118
-0.164292, -0.403179, -0.900253
0.0738421, -0.91512, 0.396362

202
-0.0695202, 0.000609466, -0.0106638
-0.991894, -0.00255915, 0.127046
0.0839571, 0.737294, 0.670335
-0.0953856, 0.675567, -0.731102

203
-0.0030763, -0.0139088, -0.00722457
-0.99475, 0.00389027, -0.102259
0.0739948, 0.717611, -0.692503
0.0706881, -0.696434, -0.714131

204
0.0147985, -0.0106921, 0.00156882
-0.999455, -0.00184254, -0.0329633
0.0312833, -0.371952, -0.927725
-0.0105514, -0.92825, 0.371807

205
0.0513612, 0.00348918, -0.0107678
-0.993808, -0.00170192, -0.111094
-0.103485, 0.37812, 0.919955
0.040441, 0.925755, -0.375955

206
0.0275693, 0.00291833, -0.0109422
-0.998806, -0.00327384, -0.0487387
-0.0466001, 0.363081, 0.930591
0.0146495, 0.931752, -0.3628

207
-0.00580356, 0.0103613, -0.000257397
-0.9993, 0.00334036, -0.0372724
-0.0355758, -0.393767, 0.918521
-0.0116085, 0.919204, 0.39361

208
0.00896437, -0.00976744, 0.00485555
-0.996247, -0.00193583, 0.0865332
-0.0865515, 0.0135001, -0.996156
0.000760185, -0.999907, -0.013617

209
0.00300504, 0.008369, 0.00596977
-0.998822, 6.75077e-05, 0.0485264
0.017754, -0.93016, 0.366726
0.0451621, 0.367155, 0.929063

210
0.00307354, 0.00705338, 0.00316617
0.999941, -0.00062441, -0.0108739
-0.0108612, 0.0176687, -0.999785
0.000816404, 0.999844, 0.0176609

211
0.0149364, 0.00342638, 0.00592315
0.999998, 0.0022253, -3.54349e-05
-0.000907446, 0.393143, -0.919477
-0.00203219, 0.919475, 0.393144

212
-0.00059766, 0.0109884, -0.00105491
-0.994938, 0.00336632, -0.100435
-0.0934475, -0.398595, 0.912354
-0.0369618, 0.917121, 0.396892

213
-0.0564108, 0.00249367, -0.0120408
-0.998757, -0.0101317, -0.0488135
-0.0266021, 0.936395, 0.349939
0.0421632, 0.350802, -0.9355

214
-0.0511159, 0.00422729, -0.00429365
-0.994442, -0.00422972, 0.105203
0.105037, 0.0291423, 0.994041
-0.00727038, 0.999566, -0.028536

215
-0.0359578, 0.00341474, -0.00796596
-0.999617, -0.00257767, -0.0275564
-0.0263255, 0.395852, 0.917937
0.00854212, 0.918311, -0.395768

216
-0.0519449, -0.0106739, -0.00826778
-0.995649, -0.00520185, 0.0930369
-0.0711988, 0.686583, -0.723557
-0.0601138, -0.727033, -0.683966

217
-0.00064088, -0.007563, 0.00638973
-0.998506, 0.00270974, -0.054578
0.0373982, -0.69434, -0.718675
-0.0398431, -0.719642, 0.693201

218
0.0179956, -0.0139093, -0.00718618
-0.995764, -0.0015797, -0.0919311
0.0630428, 0.716084, -0.695161
0.0669285, -0.698012, -0.712951

219
-0.0338176, 0.000115694, 0.00976771
-0.998477, -0.00237727, -0.0551093
-0.0194345, -0.919847, 0.391797
-0.0516235, 0.392271, 0.9184

220
0.0204804, -0.0107113, 0.0045023
-0.995848, -0.00194563, -0.091007
0.0853086, -0.368737, -0.925611
-0.0317568, -0.929532, 0.367372

221
0.0299591, 0.00807314, -0.00537466
0.99998, 0.0042474, 0.00467108
0.00631144, -0.691078, -0.722752
0.000158269, 0.722767, -0.691091

222
0.0236879, -0.00907302, 0.00564564
-0.996808, -0.00253094, -0.0797913
0.0751678, -0.366372, -0.927427
-0.026886, -0.930465, 0.365393

223
-0.00654026, 0.00801885, 0.00187945
-0.995628, 0.00396293, -0.0933276
-0.0873374, -0.393892, 0.914998
-0.0331349, 0.919148, 0.392516

224
-0.00881151, -0.0102799, -0.00570658
-0.999679, 0.0035141, -0.0251057
0.0200997, 0.713378, -0.700491
0.0154483, -0.70077, -0.71322

225
0.0149415, 0.00122198, 0.00914257
0.999998, 0.0022253, -3.54349e-05
-0.00161605, 0.715084, -0.699037
-0.00153023, 0.699035, 0.715086

226
-0.0151241, -0.0109196, -0.00781081
-0.997908, 0.00258536, 0.0646026
-0.0222654, 0.924339, -0.380922
-0.0606995, -0.381563, -0.922348

227
0.0543467, 0.00346959, -0.0108172
-0.994316, -0.00191801, -0.106455
-0.0990735, 0.382879, 0.91847
0.0389978, 0.923796, -0.380893

228
-0.0648336, 0.00664799, -0.0103337
-0.996253, -0.0115291, -0.0857173
-0.082627, 0.419729, 0.903881
0.0255571, 0.907576, -0.419108

229
0.0149345, 0.00423096, 0.0021052
0.999998, 0.0022253, -3.54349e-05
-6.06867e-05, 0.0113485, -0.999936
-0.00222476, 0.999933, 0.0113486

230
-0.0379101, -0.00660354, 0.00609051
-0.993895, -0.00122936, 0.110322
-0.110287, -0.0163491, -0.993765
0.00302536, -0.999866, 0.0161138

231
-0.0392515, 0.0034049, -0.00798417
-0.998877, -0.00216366, 0.0473279
0.0425549, 0.398127, 0.916343
-0.0208252, 0.917328, -0.397588

232
0.0359174, 0.00422869, -0.00376919
-0.995849, -0.00174913, -0.0910034
-0.0909348, -0.024169, 0.995564
-0.00394083, 0.999706, 0.0239096

233
0.0328407, -0.0021586, 0.0113167
0.999933, 0.00404222, 0.0108788
0.000157601, 0.932566, -0.361
-0.0116044, 0.360977, 0.932502

234
0.00595635, -0.00676712, 0.00183326
-0.996427, -0.00129733, 0.0844539
-0.0844638, 0.0157924, -0.996301
-4.1195e-05, -0.999874, -0.0158455

235
0.0599303, 0.00648028, 0.00579458
0.999979, 0.000205123, 0.00646948
0.00590539, 0.380296, -0.924846
-0.00265002, 0.924865, 0.380287

236
-0.0449676, -0.013907, -0.0067017
-0.983644, -0.00135756, 0.180118
-0.131093, 0.691171, -0.710702
-0.123528, -0.72269, -0.680044

237
0.00896846, -0.0139092, -0.0072025
-0.995855, -0.00207234, 0.0909332
-0.0648982, 0.716657, -0.6944
-0.0637289, -0.697423, -0.713821

238
-0.0264821, 0.00419006, -0.00803399
-0.998353, -0.00148159, -0.0573496
-0.0573553, 0.00414746, 0.998345
-0.00124129, 0.99999, -0.00422561

239
0.00270569, 0.0103861, -0.000194568
-0.998822, 6.75077e-05, 0.0485264
0.0444884, -0.398104, 0.916261
0.0193804, 0.91734, 0.397632

240
0.0359177, 0.00722891, 0.00522163
0.999992, 0.00392837, -0.00089137
-0.000981446, 0.0229879, -0.999735
-0.00390684, 0.999728, 0.0229915

241
-0.0563341, -0.00698959, 0.00694725
-0.998291, -0.00708375, 0.0580112
-0.0343559, -0.731863, -0.680585
0.0472774, -0.681414, 0.730369

242
-0.00290568, -0.0135351, -0.000963074
-0.999565, 0.0027206, -0.0293784
0.0280429, 0.397083, -0.917354
0.00916991, -0.917779, -0.396986

243
0.010222, -0.00569656, 0.00671235
-0.995855, -0.00207234, 0.0909332
-0.0340424, -0.918587, -0.393749
0.0843461, -0.395213, 0.914709

244
-0.0273699, 0.00731958, 0.00733951
-0.998353, -0.00148159, -0.0573496
-0.0208021, -0.922283, 0.385954
-0.0534644, 0.386511, 0.920734

245
0.00317425, 0.0079844, 0.00497619
-0.999348, 9.62201e-05, 0.036096
0.0330563, -0.399228, 0.916256
0.0144987, 0.916852, 0.398965

246
-0.000380712, -0.010727, 0.00147286
-0.998506, 0.00270974, -0.054578
0.0497988, -0.366092, -0.929245
-0.0224986, -0.930575, 0.36541

247
0.0299251, -0.00609226, 0.00560614
-0.999799, -0.00419316, -0.0195866
0.0197779, -0.361432, -0.932189
-0.0031704, -0.932389, 0.361442

248
0.0149434, -0.010254, -0.00873451
0.999992, 0.00222453, -0.00342231
0.00398306, -0.715079, 0.699032
-0.000892203, -0.69904, -0.715082

249
-0.0523662, -0.00630358, 0.0111992
-0.994316, -0.00528123, 0.106336
-0.0946896, -0.412734, -0.905917
0.0486726, -0.910836, 0.409888

250
0.0148059, -0.00309739, -0.0127254
0.999957, 0.00227469, -0.00894487
0.00787781, -0.715307, 0.698766
-0.00480886, -0.698806, -0.715295

251
0.035897, 0.011218, -0.000428395
0.999992, 0.00392837, -0.00089137
0.000588344, -0.361341, -0.932433
-0.00398503, 0.932425, -0.361341

252
-0.0302525, -0.0105819, 0.00183491
-0.999201, -0.00176062, -0.0399394
0.0374661, -0.389792, -0.92014
-0.0139481, -0.920901, 0.389547

253
9.91074e-05, 0.0103906, -0.00318727
-0.999745, 0.00196296, -0.0224897
-0.0214058, -0.398904, 0.916743
-0.00717171, 0.916991, 0.398844

254
0.0666629, -0.0128318, -0.0016373
-0.99103, 0.00137216, 0.133635
-0.122963, 0.382314, -0.915814
-0.0523472, -0.924031, -0.378716

255
0.0210043, -0.0139089, -0.00721792
-0.991581, -0.0014118, -0.129483
0.0891572, 0.717726, -0.690594
0.093908, -0.696324, -0.711558

256
0.00270569, 0.0103861, -0.000194568
-0.998822, 6.75077e-05, 0.0485264
0.0444884, -0.398104, 0.916261
0.0193804, 0.91734, 0.397632

257
0.0678012, -0.00550308, 0.00672893
-0.99103, 0.00137216, 0.133635
-0.0523472, -0.924031, -0.378716
0.122963, -0.382314, 0.915814

258
0.0359538, -0.000961665, 0.00965388
0.999992, 0.00392837, -0.00089137
-0.00398503, 0.932425, -0.361341
-0.000588344, 0.361341, 0.932433

259
0.0195115, 0.00767196, 0.00366461
-0.991128, -0.00133485, -0.132908
-0.091557, -0.718019, 0.689975
-0.0963514, 0.696022, 0.711526

260
-0.0569897, -0.00964076, 0.00784822
0.999889, 0.00940635, 0.0115401
-0.012857, 0.936382, 0.350748
-0.00750665, -0.350858, 0.936399

261
0.0228565, 0.00464868, 0.00672831
-0.994989, -0.0020649, -0.0999595
-0.0679409, -0.719519, 0.691142
-0.0733499, 0.69447, 0.715773

262
-0.0364381, 0.000169404, 0.00976077
-0.999617, -0.00257767, -0.0275564
-0.00854212, -0.918311, 0.395768
-0.0263255, 0.395852, 0.917937

263
-0.0267159, -0.0033778, -0.012668
0.999831, 0.000983462, 0.0183342
-0.012326, -0.704143, 0.709951
0.0136081, -0.710057, -0.704012

264
-0.0267312, 0.00806588, -0.0037976
-0.998353, -0.00148159, -0.0573496
-0.0534644, 0.386511, 0.920734
0.0208021, 0.922283, -0.385954

265
-0.00240285, -0.00529472, -0.0119384
-0.998884, 0.00305575, -0.0471319
0.0202023, 0.929653, -0.367882
0.0426921, -0.368423, -0.928677

266
-0.0302612, -0.0105855, 0.00482612
-0.999133, -0.00180475, -0.0415952
0.039017, -0.389227, -0.920315
-0.0145291, -0.92114, 0.38896

267
-0.0394004, -0.0105427, -0.00543835
-0.999318, -0.00252333, 0.0368299
-0.028209, 0.69574, -0.717739
-0.0238129, -0.718289, -0.695337

268
0.0418629, -0.000292535, 0.00995618
0.99998, 0.00285664, 0.00559884
-0.000615538, 0.930981, -0.365066
-0.00625528, 0.365056, 0.930965

269
0.00669605, 0.000910905, 0.0112608
-0.99679, -0.00137583, 0.0800483
0.0307273, -0.929853, 0.366645
0.0739288, 0.367928, 0.926911

270
-0.0506649, -0.00613245, 0.0141597
-0.98765, -0.0032754, 0.156641
-0.104669, -0.73015, -0.675222
0.116583, -0.683279, 0.72079

271
-0.0150808, -0.0139104, -0.00702301
-0.997908, 0.00258536, 0.0646026
-0.0437992, 0.70796, -0.704893
-0.0475585, -0.706248, -0.706366

272
0.0276642, -0.0101546, -0.00880768
-0.998048, -0.00312154, -0.0623756
0.0409422, 0.721496, -0.691207
0.0471613, -0.692412, -0.719959

273
-0.0518374, 0.00109356, -0.011239
-0.994442, -0.00422972, 0.105203
0.0691314, 0.727407, 0.682715
-0.0794133, 0.686193, -0.723071

274
0.0418839, 0.00797818, 0.00199397
0.99998, 0.00285664, 0.00559884
0.0039879, 0.40017, -0.916432
-0.0048584, 0.916437, 0.40015

275
-0.00268737, 0.00019168, -0.0117688
-0.999691, 0.00265192, -0.0247043
-0.00738316, 0.917669, 0.397277
0.023724, 0.397337, -0.917366

276
0.0481922, 0.0035066, -0.00773916
-0.997681, -0.00204234, -0.0680267
-0.0638565, 0.373824, 0.925299
0.0235402, 0.927497, -0.373088

277
-0.0360221, -0.00989934, -0.00487555
0.999997, 0.0022924, -0.000210368
0.00018012, 0.0131867, 0.999913
0.00229498, -0.99991, 0.0131863

278
0.0149481, -0.010333, 0.0013326
0.999957, 0.00227469, -0.00894487
0.00480886, 0.698806, 0.715295
0.00787781, -0.715307, 0.698766

279
-0.027024, -0.00742026, -0.00856939
0.999999, 0.00108478, 0.000725028
0.000248905, -0.704074, 0.710126
0.00128081, -0.710126, -0.704074

280
0.00987457, -0.00990343, 0.00281201
-0.995855, -0.00207234, 0.0909332
-0.0909531, 0.0136007, -0.995762
0.0008268, -0.999905, -0.0137329

281
-0.0213199, -0.0103843, -0.00560196
-0.999675, 0.00062667, 0.0254835
-0.0175928, 0.706486, -0.707508
-0.0184471, -0.707727, -0.706245

282
0.00669605, 0.000910905, 0.0112608
-0.99679, -0.00137583, 0.0800483
0.0307273, -0.929853, 0.366645
0.0739288, 0.367928, 0.926911

283
0.0600453, 0.00293606, -0.011881
0.999979, 0.000205123, 0.00646948
0.00265002, -0.924865, -0.380287
0.00590539, 0.380296, -0.924846

284
0.036471, -0.0101232, -0.00884863
-0.998999, -0.00288092, -0.0446343
0.02873, 0.723496, -0.68973
0.0342798, -0.690322, -0.72269

285
0.0469989, -0.000161013, 0.0098712
-0.997681, -0.00204234, -0.0680267
-0.0235402, -0.927497, 0.373088
-0.0638565, 0.373824, 0.925299

286
-0.0176695, 0.00729815, 0.00738859
-0.997874, 0.0016288, 0.0651547
0.0234423, -0.923814, 0.382124
0.0608132, 0.382839, 0.921811

287
0.0299252, 0.00068702, 0.00860548
0.99998, 0.0042474, 0.00467108
0.000158269, 0.722767, -0.691091
-0.00631144, 0.691078, 0.722752

288
0.0213368, -0.0143908, -0.00479053
-0.995848, -0.00194563, -0.091007
0.0619856, 0.717666, -0.693624
0.0666621, -0.696385, -0.714565

289
0.0149256, 0.00815404, -0.0035909
0.999998, 0.0022253, -3.54349e-05
0.000795311, -0.372173, -0.928163
-0.00207863, 0.928161, -0.372174

290
-0.0186786, 0.00422993, -0.00798978
-0.997874, 0.0016288, 0.0651547
0.065155, 0.00016881, 0.997875
0.00161434, 0.999999, -0.000274576

291
0.0265473, -0.00698333, 0.00890379
-0.998048, -0.00312154, -0.0623756
0.0471613, -0.692412, -0.719959
