0
-0.0382242, -0.00154402, -0.0219706
-0.837319, -0.54665, -0.00845198
-0.512219, 0.778988, 0.361676
-0.191126, 0.307167, -0.932266

1
0.00269264, -0.00676583, -0.0146181
-0.989552, 0.144103, -0.00457355
0.144143, 0.989503, -0.0102939
0.00304216, -0.0108456, -0.999937

2
-0.0468722, 0.00139697, -0.0220863
-0.834707, -0.550387, -0.0183604
-0.463995, 0.684947, 0.561743
-0.296601, 0.47741, -0.827108

3
-0.00225418, 0.0353215, 0.0212318
-0.932114, 0.362004, -0.0107642
-0.259287, -0.646289, 0.717691
0.252851, 0.671761, 0.696278

4
-0.0458287, 0.00277717, -0.0241018
-0.833761, -0.551828, -0.0180948
-0.484107, 0.714896, 0.504543
-0.265485, 0.429428, -0.863197

5
-0.0567744, -0.020003, -0.0109343
-0.833243, 0.552495, -0.0213266
0.291498, 0.406192, -0.866047
-0.469824, -0.727844, -0.499508

6
-0.0576488, -0.0209431, -0.00112255
-0.833243, 0.552495, -0.0213266
0.0895156, 0.0967387, -0.991276
-0.545612, -0.827883, -0.130064

7
-0.0544171, -0.0181313, -0.00388563
-0.836907, 0.547061, -0.0176638
0.0832506, 0.0953299, -0.991958
-0.540978, -0.831647, -0.125325

8
0.00978216, 0.0152793, 0.00963433
-0.997005, -0.0770481, 0.00671726
0.0585054, -0.694546, 0.717065
-0.0505831, 0.71531, 0.696974

9
-0.0416699, 0.0193141, -0.00129732
-0.809373, 0.529968, -0.253081
0.402332, 0.186422, -0.896312
-0.427837, -0.827273, -0.364108

10
-0.000334174, 0.000443668, 0.0403708
0.0871122, -0.996003, 0.019717
0.996198, 0.0870816, -0.00240727
0.000680655, 0.0198518, 0.999803

11
0.0025441, 0.0133965, -0.0110382
0.999963, -0.00623448, -0.0059907
-0.00864247, -0.741126, -0.67131
-0.000254597, 0.671337, -0.741152

12
0.00796151, -0.00117987, -0.0138971
-0.984464, -0.175577, 0.00191532
-0.1754, 0.983858, 0.0354821
-0.00811424, 0.0345949, -0.999368

13
-0.0426184, 0.0187277, 0.00344463
-0.831139, 0.547747, -0.0958142
0.0738828, -0.0620006, -0.995338
-0.551134, -0.834344, 0.0110621

14
-0.0403162, 0.0227457, 0.00644522
-0.831139, 0.547747, -0.0958142
-0.142651, -0.376571, -0.915339
-0.537455, -0.747106, 0.391119

15
-0.0442654, -0.0277848, -0.00732884
0.835222, 0.549631, -0.0176186
0.398028, -0.626331, -0.670285
-0.379445, 0.552824, -0.741894

16
-0.0121652, -0.0092244, -0.0068981
-0.293268, 0.955659, -0.0266207
0.013141, -0.0238129, -0.99963
-0.95594, -0.29351, -0.00557475

17
-0.0406795, 0.0150399, 0.00269662
-0.817127, 0.535629, -0.213082
0.377022, 0.216956, -0.900436
-0.43607, -0.816107, -0.379225

18
0.0146852, 0.0236066, 0.00790018
-0.969692, 0.244301, -0.0037072
-0.0920294, -0.351148, 0.931786
0.226335, 0.903887, 0.362989

19
-0.0327296, -0.0226487, -0.0159818
-0.796181, -0.545256, -0.262282
-0.604215, 0.739366, 0.29709
0.031932, 0.395012, -0.918121

20
-0.0507609, -0.0130878, -0.0209151
-0.836907, 0.547061, -0.0176638
0.441396, 0.655472, -0.612802
-0.323662, -0.520655, -0.790039

21
-0.0416849, 0.015891, -0.00143743
-0.831554, 0.551523, 0.0658827
0.160767, 0.35252, -0.921891
-0.53167, -0.75601, -0.381806

22
-0.056611, -0.0242383, -0.0135274
-0.836579, 0.54784, -0.00271503
0.269017, 0.406474, -0.87316
-0.477249, -0.731198, -0.487425

23
-0.0438288, -0.0228855, 0.0031906
0.834196, 0.547102, -0.0692543
0.186591, -0.398193, -0.898124
-0.518942, 0.736289, -0.434255

24
0.0102572, 0.00609665, 0.0122472
-0.969692, 0.244301, -0.0037072
-0.225117, -0.887444, 0.402201
0.0949681, 0.390845, 0.915544

25
-0.0349399, -0.020952, -0.0127992
-0.796181, -0.545256, -0.262282
-0.449824, 0.243495, 0.859284
-0.404665, 0.802126, -0.439136

26
-0.0477596, -0.00676687, -0.020246
-0.833243, 0.552495, -0.0213266
0.449103, 0.653806, -0.608969
-0.322509, -0.516997, -0.792907

27
-0.0297267, -0.0377991, -0.0159033
0.861486, -0.507508, 0.0166408
-0.198981, -0.307254, 0.930592
-0.46717, -0.805003, -0.36568

28
-0.0240361, -0.0206319, 0.0256767
-0.932114, 0.362004, -0.0107642
-0.252851, -0.671761, -0.696278
-0.259287, -0.646289, 0.717691

29
-0.05718, 0.0158219, 0.0141169
-0.834707, -0.550387, -0.0183604
0.296601, -0.47741, 0.827108
-0.463995, 0.684947, 0.561743

30
-0.0468483, 0.0189348, -0.012174
-0.84573, -0.533598, -0.00362669
-0.158263, 0.244338, 0.956688
-0.509601, 0.809674, -0.291093

31
-0.0315946, -0.0311716, -0.0123295
0.909168, -0.416174, 0.0145924
-0.15985, -0.316419, 0.935055
-0.384528, -0.852454, -0.354203

32
-0.0166922, -0.00621714, 0.0176933
-0.945362, -0.326007, -0.00316878
0.304185, -0.878502, -0.368381
0.117311, -0.349218, 0.929669

33
-0.0160624, -0.0299998, -0.00427659
-0.84697, -0.531638, -0.00158502
-0.0336011, 0.0565059, -0.997837
0.530577, -0.845085, -0.0657224

34
-0.0114268, 0.0367572, -0.00781551
-0.986705, -0.162427, -0.00560694
-0.00617039, 0.00296471, 0.999977
-0.162407, 0.986716, -0.00392753

35
-0.0366879, -0.00458861, -0.0145225
-0.832958, 0.553107, -0.015927
0.549304, 0.823077, -0.144255
-0.0666795, -0.128907, -0.989412

36
-0.0379161, 0.00430787, -0.0139091
-0.836579, 0.54784, -0.00271503
0.543869, 0.831089, 0.116178
0.0659036, 0.0957157, -0.993225

37
-0.0481359, 0.0136576, -0.0232405
-0.837319, -0.54665, -0.00845198
-0.400088, 0.602143, 0.690908
-0.372595, 0.581892, -0.722894

38
0.00408109, 0.00266724, -0.0178134
-0.989552, 0.144103, -0.00457355
0.132007, 0.918332, 0.373149
0.0579718, 0.368646, -0.92776

39
0.00759327, 0.00660176, 0.0139054
-0.996764, 0.0802615, 0.00435961
-0.0708799, -0.903244, 0.423234
0.0379072, 0.421555, 0.90601

40
-0.0159832, 0.0269562, 0.00267896
-0.60976, -0.792122, 0.0270968
0.021258, 0.0178307, 0.999615
-0.792301, 0.610102, 0.00596644

41
0.0109103, -0.00161894, -0.0122463
-0.98381, -0.179106, 0.0062665
-0.178965, 0.983681, 0.0185114
-0.00947975, 0.0170902, -0.999809

42
-0.0366879, -0.00458861, -0.0145225
-0.832958, 0.553107, -0.015927
0.549304, 0.823077, -0.144255
-0.0666795, -0.128907, -0.989412

43
-0.000263739, -0.0294206, 0.00144989
0.878339, -0.477936, 0.00991328
0.0110812, 0.0410878, 0.999094
-0.477911, -0.877433, 0.0413851

44
-0.0478207, -0.0108555, -0.0216724
-0.836579, 0.54784, -0.00271503
0.431174, 0.65535, -0.620165
-0.337972, -0.519988, -0.784466

45
-0.0429331, 0.0251341, 0.0102966
0.833884, -0.550268, 0.0429193
0.498151, 0.783823, 0.370766
-0.237662, -0.287796, 0.927734

46
-0.0448673, -0.0252168, 0.00180144
0.835182, 0.54787, -0.0480648
-0.00831586, -0.0748046, -0.997164
-0.549912, 0.833212, -0.0579194

47
0.00577213, -0.00800266, -0.0169261
-0.996554, 0.0829485, -0.000519495
0.0767869, 0.920122, -0.384031
-0.0313768, -0.382748, -0.92332

48
0.0134343, 0.0186789, 0.0103789
-0.969692, 0.244301, -0.0037072
-0.171639, -0.670321, 0.721948
0.173888, 0.700704, 0.691937

49
-0.0316982, -0.0229104, -0.0185685
-0.796181, -0.545256, -0.262282
-0.570442, 0.53192, 0.625825
-0.201722, 0.647886, -0.734542

50
-0.0435211, -0.0149633, -0.0174425
-0.832958, 0.553107, -0.015927
0.481973, 0.711093, -0.511906
-0.271813, -0.434073, -0.858894

51
0.00922311, -0.00827299, -0.0156657
-0.984464, -0.175577, 0.00191532
-0.165154, 0.922205, -0.349661
0.059626, -0.344545, -0.936874

52
-0.0510186, -0.0260367, -0.00988722
-0.832958, 0.553107, -0.015927
0.148606, 0.195883, -0.969302
-0.533007, -0.809755, -0.245357

53
-0.0331897, -0.0339816, 0.00691008
0.909168, -0.416174, 0.0145924
-0.000529116, 0.0338872, 0.999426
-0.41643, -0.908653, 0.0305889

54
-0.0346718, -0.0309589, 0.00719026
-0.796181, -0.545256, -0.262282
0.546002, -0.834249, 0.0768747
-0.260725, -0.0820002, 0.961924

55
-0.0286708, 0.0285271, 0.0168275
-0.945362, -0.326007, -0.00316878
0.224788, -0.658823, 0.717929
-0.236137, 0.677991, 0.696109

56
-0.0360534, 0.0192845, -0.0108643
0.83468, -0.55072, 0.00402772
-0.231293, -0.343895, 0.910077
-0.499813, -0.760555, -0.41442

57
0.00878244, 0.000372586, -0.0126706
-0.999786, 0.0204075, 0.0034453
0.0203895, 0.999779, -0.00515672
-0.00354977, -0.00508537, -0.999981

58
-0.0406921, 0.0109044, -0.00765045
-0.817127, 0.535629, -0.213082
0.5152, 0.512752, -0.686771
-0.258596, -0.670959, -0.69494

59
-0.02287, 0.022911, 0.00722637
0.838527, -0.544826, 0.00606239
0.303012, 0.457053, -0.836234
0.452831, 0.703042, 0.54834

60
0.0139074, -0.0037139, -0.0147781
0.878339, -0.477936, 0.00991328
-0.477911, -0.877433, 0.0413851
-0.0110812, -0.0410878, -0.999094

61
-0.0548904, 0.0234722, 0.0111418
-0.837319, -0.54665, -0.00845198
0.191126, -0.307167, 0.932266
-0.512219, 0.778988, 0.361676

62
-0.000450566, 0.0285036, 0.00599868
0.918997, -0.394126, 0.0104168
-0.000368677, -0.0272798, -0.999628
0.394264, 0.918651, -0.0252154

63
0.00698651, 0.0230277, -0.00492755
-0.989552, 0.144103, -0.00457355
-0.00304216, 0.0108456, 0.999937
0.144143, 0.989503, -0.0102939

64
0.00872226, -0.00199091, -0.0161361
-0.999786, 0.0204075, 0.0034453
0.0201959, 0.925621, 0.377912
0.00452318, 0.377901, -0.925835

65
0.00601287, 0.00552074, -0.0180546
-0.992577, -0.121611, 0.00158637
-0.110686, 0.908659, 0.4026
-0.0504022, 0.399436, -0.915375

66
0.00488889, -0.0120424, 0.0355794
0.610019, -0.792158, 0.0190505
0.565694, 0.452208, 0.689564
-0.554858, -0.40987, 0.723975

67
-0.0388163, 0.0195318, 0.00429012
-0.831554, 0.551523, 0.0658827
-0.262268, -0.285311, -0.921853
-0.489627, -0.783849, 0.381898

68
0.00813214, -0.0117004, -0.0122245
-0.992577, -0.121611, 0.00158637
-0.113907, 0.924963, -0.362587
0.0426273, -0.360076, -0.931949

69
0.00429955, -0.0333967, -0.00423134
0.891656, 0.4527, 0.0034289
-0.00889908, 0.00995434, 0.999911
0.452625, -0.891607, 0.0129045

70
-0.0414084, -0.0279096, -0.00734385
0.834196, 0.547102, -0.0692543
0.370978, -0.649648, -0.663576
-0.408035, 0.527861, -0.744896

71
0.00810684, -0.00242463, 0.0131638
-0.969692, 0.244301, -0.0037072
-0.244324, -0.969461, 0.0212214
0.00159043, 0.021484, 0.999768

72
-0.036221, -0.0213864, -0.00800736
-0.796181, -0.545256, -0.262282
-0.260725, -0.0820002, 0.961924
-0.546002, 0.834249, -0.0768747

73
-0.0295115, -0.00196267, 0.00859296
0.832139, -0.554451, 0.0113188
0.554556, 0.832078, -0.0107072
-0.00348153, 0.0151868, 0.999879

74
-0.0450434, 3.8561e-05, 0.0232306
-0.833761, -0.551828, -0.0180948
0.430536, -0.670319, 0.60441
-0.34566, 0.496143, 0.796468

75
-0.0322914, 0.00146714, 0.0110822
0.841706, 0.539936, 0.000445735
-0.539871, 0.841617, -0.0148371
-0.00838623, 0.0122479, 0.99989

76
0.0444675, 0.00356827, 0.000270334
0.0871122, -0.996003, 0.019717
-0.000680655, -0.0198518, -0.999803
0.996198, 0.0870816, -0.00240727

77
-0.0568703, 0.0189091, -0.0072997
-0.833761, -0.551828, -0.0180948
-0.154589, 0.201856, 0.967138
-0.530042, 0.80916, -0.253607

78
-0.0424378, 0.021889, -0.0106487
0.833793, -0.552069, -0.00313167
-0.205462, -0.315565, 0.926393
-0.512421, -0.771776, -0.376545

79
-0.040665, 0.0178155, -0.00467472
-0.831554, 0.551523, 0.0658827
0.35199, 0.614999, -0.705606
-0.429676, -0.563559, -0.705535

80
-0.00352506, -0.0259087, 0.00458701
0.748217, -0.663351, 0.0117204
0.0205146, 0.0407892, 0.998957
-0.663137, -0.747196, 0.0441275

81
-0.0479773, -0.0282913, -0.00919689
0.827024, -0.561741, 0.0218542
-0.181147, -0.229489, 0.956306
-0.532181, -0.794847, -0.291551

82
-0.00658575, 0.00782432, -0.0215897
-0.986705, -0.162427, -0.00560694
-0.152406, 0.912741, 0.379046
-0.0564497, 0.374861, -0.925361

83
0.00910201, -0.0110858, -0.0159745
-0.992053, 0.125791, 0.00283944
0.112598, 0.897628, -0.426129
-0.056152, -0.422423, -0.904658

84
0.00733215, -0.0051994, -0.0143981
-0.992577, -0.121611, 0.00158637
-0.121549, 0.992349, 0.0216551
-0.00420774, 0.0213015, -0.999764

85
0.00864035, -0.00614109, -0.0153221
-0.999786, 0.0204075, 0.0034453
0.017479, 0.921729, -0.38744
-0.0110823, -0.387297, -0.921888

86
-0.0448924, 0.0208287, -0.00739842
0.847664, 0.530533, -0.00115037
0.00729122, -0.0138177, -0.999878
-0.530484, 0.847552, -0.015581

87
0.00646724, 0.000394146, -0.00963394
-0.996554, 0.0829485, -0.000519495
0.0829492, 0.996553, -0.00145924
0.000396662, -0.00149731, -0.999999

88
-0.0424751, 0.0178207, -0.00298298
-0.831139, 0.547747, -0.0958142
0.441953, 0.546129, -0.711632
-0.337467, -0.633811, -0.695988

89
0.0164429, 0.000901948, -0.0168902
0.878339, -0.477936, 0.00991328
-0.445772, -0.826366, -0.344102
0.172651, 0.297819, -0.93888

90
0.0010086, 0.0132973, 0.0139569
-0.998987, 0.0448972, -0.00309487
-0.0338393, -0.704044, 0.70935
0.0296689, 0.708736, 0.70485

91
0.0067045, -0.0105263, -0.0153992
-0.987449, 0.157928, -0.00150412
0.141678, 0.881559, -0.450312
-0.0697909, -0.444873, -0.89287

92
-0.0455453, -0.0118919, 0.0158632
0.838527, -0.544826, 0.00606239
0.452831, 0.703042, 0.54834
-0.303012, -0.457053, 0.836234

93
-0.00537259, -0.0249015, -0.047585
-0.92837, -0.371627, -0.00467834
-0.340879, 0.856438, -0.387705
0.148088, -0.358339, -0.921772

94
0.0156264, 0.0269686, 0.00601442
0.834018, -0.551539, 0.0147743
0.00729304, -0.0157551, -0.999849
0.551689, 0.834, -0.00911763

95
0.0118497, -0.00684855, -0.0142374
-0.98381, -0.179106, 0.0062665
-0.16897, 0.915343, -0.365508
0.0597288, -0.360649, -0.930787

96
0.00239902, -0.00228248, -0.0189369
0.999963, -0.00623448, -0.0059907
-0.00307211, -0.903851, 0.427836
-0.00808203, -0.427802, -0.903836

97
-0.0327993, 0.00119423, -0.017066
-0.832958, 0.553107, -0.015927
0.533007, 0.809755, 0.245357
0.148606, 0.195883, -0.969302

98
0.0102448, -0.00215987, -0.0121274
-0.992053, 0.125791, 0.00283944
0.125516, 0.990954, -0.0474945
-0.00878814, -0.0467607, -0.998867

99
-0.0203729, 0.0121969, -0.0178447
-0.92837, -0.371627, -0.00467834
-0.345752, 0.858977, 0.377643
-0.136324, 0.35221, -0.92594

100
-0.0137165, 0.00216807, -0.0147466
0.891656, 0.4527, 0.0034289
0.452625, -0.891607, 0.0129045
0.00889908, -0.00995434, -0.999911

101
-0.00588143, 0.0314563, -0.00727156
-0.99869, -0.0510008, -0.00418291
-0.00382293, -0.00715382, 0.999967
-0.051029, 0.998673, 0.00694947

102
-0.0308402, 0.0356014, -0.0012546
0.903061, 0.429503, 0.00261523
0.00781828, -0.01035, -0.999916
-0.42944, 0.903006, -0.0127047

103
0.00544872, 0.00752306, 0.0146784
-0.999497, -0.0314849, 0.00388905
0.0303749, -0.914394, 0.403684
-0.00915384, 0.403599, 0.91489

104
-0.0114957, -0.0319315, 0.0038363
-0.979914, -0.199313, -0.00654951
0.0109859, -0.0211608, -0.999716
0.199118, -0.979707, 0.0229254

105
0.00974136, -0.0119365, -0.0115513
-0.994362, 0.106008, 0.00262295
0.0950604, 0.902084, -0.420961
-0.0469915, -0.418338, -0.907075

106
0.0372579, 0.000828396, 0.0485865
-0.0428561, 0.998656, -0.0291499
-0.923947, -0.0285157, 0.381456
0.380112, 0.0432807, 0.923927

107
0.0108947, 7.56694e-05, 0.0176328
-0.954298, -0.298702, 0.00963309
0.274858, -0.889864, -0.364136
0.11734, -0.344846, 0.931296

108
0.0025175, 0.011401, -0.0134015
0.999963, -0.00623448, -0.0059907
-0.00788717, -0.941621, -0.336583
-0.00354255, 0.336618, -0.941635

109
-0.0411356, 0.0176333, -0.00652586
-0.809373, 0.529968, -0.253081
0.535433, 0.488815, -0.688747
-0.241304, -0.692961, -0.679395

110
0.0129968, 0.00125937, 0.0226778
0.0871122, -0.996003, 0.019717
0.920107, 0.072856, -0.384832
0.381857, 0.0516653, 0.922776

111
-0.0193982, -0.00129812, 0.0366116
0.0871122, -0.996003, 0.019717
0.920628, 0.0880499, 0.380384
-0.3806, -0.014984, 0.924618

112
-0.0409404, 0.0225382, 0.00312098
-0.809373, 0.529968, -0.253081
0.207981, -0.144353, -0.967423
-0.549236, -0.835641, 0.00661223

113
0.0122141, -0.00748013, -0.0116105
0.912044, -0.410048, 0.00610628
-0.409828, -0.910818, 0.0495082
-0.014739, -0.0476562, -0.998755

114
-0.0164861, -0.0294662, 0.0395488
-0.845832, -0.533445, -0.00233938
0.475894, -0.752583, -0.455131
0.241027, -0.386078, 0.890421

115
-0.022364, -0.0257255, -0.0288478
0.861486, -0.507508, 0.0166408
-0.362613, -0.591927, 0.719815
-0.355462, -0.626145, -0.693966

116
-0.0574627, 0.01921, 0.0108211
-0.833761, -0.551828, -0.0180948
0.265485, -0.429428, 0.863197
-0.484107, 0.714896, 0.504543

117
-0.045117, -0.02638, -0.00387254
0.835222, 0.549631, -0.0176186
0.0131404, -0.0519774, -0.998562
-0.549756, 0.833789, -0.050635

118
0.0314829, -0.00472722, -0.0445923
-0.123927, -0.991944, 0.0262378
-0.992025, 0.124462, 0.0198714
-0.0229769, -0.023566, -0.999458

119
0.00247811, 0.00672323, -0.0151069
0.999963, -0.00623448, -0.0059907
-0.00593112, -0.998762, 0.0493859
-0.00629118, -0.0493486, -0.998762

120
0.000845656, 0.00951855, 0.0117346
-0.998987, 0.0448972, -0.00309487
-0.0426172, -0.921673, 0.385619
0.0144608, 0.38536, 0.922653

121
-0.00474026, 0.00956902, -0.0128673
-0.99869, -0.0510008, -0.00418291
-0.0486076, 0.919916, 0.389091
-0.015996, 0.388785, -0.92119

122
-0.00234669, -0.0298983, 0.00796933
0.76823, -0.640136, 0.0069492
0.0278125, 0.0442188, 0.998635
-0.63957, -0.766988, 0.051774

123
-0.0229519, 0.00799798, -0.0187045
0.853963, 0.520319, 0.00381501
0.483803, -0.791291, -0.373889
-0.191523, 0.321133, -0.927466

124
0.00677503, -0.00552515, 0.0146897
-0.996064, 0.0886285, -0.000729205
-0.0821376, -0.926144, -0.368117
-0.033301, -0.366608, 0.929779

125
-0.00393594, -0.00567459, -0.019042
-0.99869, -0.0510008, -0.00418291
-0.0456817, 0.925391, -0.37625
0.0230599, -0.375566, -0.926509

126
-0.0327993, 0.00119423, -0.017066
-0.832958, 0.553107, -0.015927
0.533007, 0.809755, 0.245357
0.148606, 0.195883, -0.969302

127
-0.0507652, -0.0131419, -0.0223889
-0.836907, 0.547061, -0.0176638
0.283937, 0.406331, -0.86849
-0.467939, -0.731861, -0.495392

128
-0.0578109, 0.0196917, 0.0121709
-0.833761, -0.551828, -0.0180948
0.0600166, -0.123161, 0.99057
-0.548853, 0.824813, 0.135806

129
-0.0291237, -0.00432153, 0.0130666
0.847664, 0.530533, -0.00115037
-0.530484, 0.847552, -0.015581
-0.00729122, 0.0138177, 0.999878

130
-0.041081, 0.0148005, 0.0210004
0.847664, 0.530533, -0.00115037
-0.369953, 0.589539, -0.718038
-0.380264, 0.60908, 0.696003

131
0.02843, -0.0127801, -0.0446044
-0.709396, -0.704518, 0.0203144
-0.704401, 0.709671, 0.0136533
-0.0240355, -0.00462389, -0.9997

132
-0.00834473, -0.00205741, 0.00264782
0.0303263, -0.999024, 0.0321262
0.00436934, 0.0322732, 0.99947
-0.999531, -0.0301699, 0.0053438

133
0.00372776, 0.0243581, -0.00375081
-0.992577, -0.121611, 0.00158637
0.00420774, -0.0213015, 0.999764
-0.121549, 0.992349, 0.0216551

134
-0.0299414, -0.00242618, 0.0174891
0.832139, -0.554451, 0.0113188
0.511011, 0.774551, 0.372745
-0.215436, -0.304392, 0.927865

135
-0.0279483, 0.0308699, 0.00210836
-0.92837, -0.371627, -0.00467834
-0.00636696, 0.00331699, 0.999974
-0.371602, 0.928376, -0.00544553

136
-0.0317054, -0.0408562, -0.00670239
0.861486, -0.507508, 0.0166408
-0.00505643, 0.024196, 0.999694
-0.507756, -0.861307, 0.0182783

137
-0.0396478, 0.0220415, -0.0106501
0.834172, -0.551004, -0.0234901
-0.189839, -0.326868, 0.925807
-0.517801, -0.767823, -0.377266

138
-0.0443497, 0.0216129, -0.00732703
0.833884, -0.550268, 0.0429193
-0.237662, -0.287796, 0.927734
-0.498151, -0.783823, -0.370766

139
-0.0369495, 0.00323856, 0.00833067
-0.84697, -0.531638, -0.00158502
0.530577, -0.845085, -0.0657224
0.0336011, -0.0565059, 0.997837

140
-0.00630177, 0.0311631, -0.00104262
0.914569, -0.404279, 0.011086
-0.00127355, -0.03029, -0.99954
0.404429, 0.914134, -0.0282172

141
-0.0073119, 0.0312445, 0.00316528
0.832139, -0.554451, 0.0113188
0.00348153, -0.0151868, -0.999879
0.554556, 0.832078, -0.0107072

142
0.00739628, -0.0225024, 0.0140276
-0.973819, 0.227323, -0.00065992
-0.0945472, -0.407664, -0.908224
-0.206729, -0.884384, 0.418484

143
-0.0315898, 0.00204043, 0.0132041
-0.839491, 0.54323, -0.0124495
-0.541825, -0.835151, 0.0945965
0.0409905, 0.0861584, 0.995438

144
0.00605455, -0.010533, 0.0156462
-0.969692, 0.244301, -0.0037072
-0.226335, -0.903887, -0.362989
-0.0920294, -0.351148, 0.931786

145
-0.0405432, -0.0293536, -0.00833004
0.834196, 0.547102, -0.0692543
0.498887, -0.8022, -0.328005
-0.235008, 0.23907, -0.942134

146
0.00793621, 0.0054469, 0.015299
-0.997818, 0.0658743, 0.00441208
-0.0581823, -0.908954, 0.412817
0.0312044, 0.41166, 0.910803

147
0.00554483, -0.0304717, 0.000943284
-0.973819, 0.227323, -0.00065992
-0.00823849, -0.0381934, -0.999236
-0.227174, -0.97307, 0.0390663

148
0.00575382, -0.0208201, 0.0114553
0.999988, 0.00378811, -0.00313125
-0.000575536, 0.722992, 0.690856
0.0048809, -0.690846, 0.722985

149
-0.00739159, -0.0340996, 0.00728288
0.671587, -0.740918, 0.00320582
0.0260371, 0.0279243, 0.999271
-0.740468, -0.671014, 0.038045

150
-0.0407283, 0.00908467, 0.013933
-0.845832, -0.533445, -0.00233938
0.506939, -0.805155, 0.307796
-0.166076, 0.259158, 0.951449

151
-0.0206862, -0.00739973, -0.0139961
0.909168, -0.416174, 0.0145924
-0.41643, -0.908653, 0.0305889
0.000529116, -0.0338872, -0.999426

152
-0.0327277, -0.00345636, -0.0106048
-0.84573, -0.533598, -0.00362669
-0.531374, 0.841545, 0.0971742
-0.0488, 0.0841103, -0.995261

153
-0.0385756, 0.0168959, -0.00070601
-0.817127, 0.535629, -0.213082
0.181446, -0.111869, -0.977017
-0.547157, -0.83701, -0.00577628

154
0.00832586, -0.000347693, -0.0110909
-0.987449, 0.157928, -0.00150412
0.157601, 0.9847, -0.0743475
-0.0102604, -0.0736514, -0.997231

155
0.0110835, -0.0027206, -0.0165377
-0.98381, -0.179106, 0.0062665
-0.161714, 0.902263, 0.399713
-0.0772451, 0.392228, -0.916619

156
0.00807227, 0.0211256, 0.0065186
-0.999486, -0.0317136, 0.00462355
0.0156356, -0.356586, 0.934132
-0.027976, 0.933724, 0.356899

157
0.00621435, 0.00861965, -0.0136064
-0.984464, -0.175577, 0.00191532
-0.158943, 0.895727, 0.415223
-0.0746192, 0.408468, -0.909718

158
-0.0401306, 0.000917761, -0.0155954
-0.836579, 0.54784, -0.00271503
0.527689, 0.804455, -0.272756
-0.147242, -0.229614, -0.962079

159
-0.0403739, -0.0176424, -0.0232088
0.827024, -0.561741, 0.0218542
-0.371015, -0.516195, 0.77194
-0.422349, -0.646521, -0.63532

160
-0.039091, -0.0192051, -0.00382968
-0.796181, -0.545256, -0.262282
-0.031932, -0.395012, 0.918121
-0.604215, 0.739366, 0.29709

161
-0.0140489, 0.0296235, -0.0103986
-0.832958, 0.553107, -0.015927
0.0666795, 0.128907, 0.989412
0.549304, 0.823077, -0.144255

162
-0.000444642, -0.0278252, -0.0113358
0.76823, -0.640136, 0.0069492
-0.219057, -0.252661, 0.942431
-0.601529, -0.725526, -0.334328

163
0.00435322, 0.022157, 0.00571041
-0.999098, 0.0424404, -0.00121737
-0.0176129, -0.388199, 0.921407
0.0386323, 0.920598, 0.388596

164
-0.058546, -0.0219176, 0.00868379
-0.833243, 0.552495, -0.0213266
-0.126095, -0.227442, -0.965593
-0.538336, -0.801885, 0.259182

165
-0.0483617, 0.0265319, -0.00436122
0.841706, 0.539936, 0.000445735
0.00838623, -0.0122479, -0.99989
-0.539871, 0.841617, -0.0148371

166
0.00914949, 0.00478033, -0.0133758
-0.987449, 0.157928, -0.00150412
0.149531, 0.937929, 0.312936
0.050832, 0.308783, -0.949773

167
-0.043691, 0.0155924, -0.00295471
0.834172, -0.551004, -0.0234901
0.231904, 0.311802, 0.921412
-0.500377, -0.774063, 0.387877

168
-0.0289359, -0.0158731, -0.0153784
-0.837319, -0.54665, -0.00845198
-0.49734, 0.768028, -0.403468
0.227047, -0.333628, -0.914955

169
0.000137455, -0.0242328, -0.0121139
-0.989552, 0.144103, -0.00457355
0.104076, 0.692015, -0.714341
-0.0997735, -0.707353, -0.699783

170
0.0284712, -0.0100447, -0.0446034
-0.637774, -0.769897, 0.022445
-0.769874, 0.638091, 0.0115466
-0.0232117, -0.00991567, -0.999681

171
-0.0354555, 0.00580489, 0.0175631
0.847664, 0.530533, -0.00115037
-0.487313, 0.777748, -0.397032
-0.209744, 0.33711, 0.917804

172
-0.0473813, -0.0207494, -0.0164959
-0.832958, 0.553107, -0.015927
0.341267, 0.490852, -0.801624
-0.435566, -0.673155, -0.597616

173
-0.0215538, 0.0172258, 0.0127508
-0.979914, -0.199313, -0.00654951
0.179757, -0.897034, 0.403755
-0.0863488, 0.394468, 0.914844

174
0.0191585, -0.0238485, -0.000442333
-0.95335, -0.301655, 0.0112613
-0.00717521, -0.0146501, -0.999867
0.30178, -0.953304, 0.0118022

175
-0.0167678, -0.0159726, -0.0211229
0.861486, -0.507508, 0.0166408
-0.47104, -0.786484, 0.399453
-0.189638, -0.351962, -0.916602

176
-0.0473813, -0.0207494, -0.0164959
-0.832958, 0.553107, -0.015927
0.341267, 0.490852, -0.801624
-0.435566, -0.673155, -0.597616

177
0.0460113, -0.00597563, -0.0231693
-0.123927, -0.991944, 0.0262378
-0.717715, 0.0713444, -0.692672
0.685221, -0.104672, -0.720775

178
-0.0331181, 0.0194029, -0.0153324
-0.817127, 0.535629, -0.213082
0.547157, 0.83701, 0.00577628
0.181446, -0.111869, -0.977017

179
-0.0448663, 0.0225407, -0.00248167
0.83367, -0.550917, 0.0385223
-0.235323, -0.291263, 0.927248
-0.499617, -0.782085, -0.372461

180
-0.0130437, 0.00737548, 0.0157052
-0.932114, 0.362004, -0.0107642
-0.336312, -0.854165, 0.396606
0.134379, 0.373303, 0.917926

181
-0.0529475, 0.0106105, -0.0220783
-0.834707, -0.550387, -0.0183604
-0.315172, 0.450112, 0.835504
-0.451586, 0.703188, -0.549178

182
0.00998481, 0.0230385, 0.00907832
-0.999176, 0.040514, 0.00249294
-0.012377, -0.362588, 0.931867
0.0386576, 0.931068, 0.362791

183
-0.0288969, 0.0137443, 0.0170346
0.838527, -0.544826, 0.00606239
0.453237, 0.691304, -0.562738
0.302403, 0.474619, 0.826613

184
0.0104108, 0.00750661, 0.0137896
-0.997005, -0.0770481, 0.00671726
0.0734093, -0.915415, 0.395761
-0.0243436, 0.395069, 0.918329

185
-0.0505565, -0.0201312, -0.0199673
0.838449, -0.544896, 0.00951807
-0.279458, -0.414886, 0.865894
-0.467874, -0.728668, -0.500137

186
0.00441017, -0.0290788, 0.00459095
-0.973666, 0.227965, -0.00260245
-0.00361695, -0.0268602, -0.999633
-0.227951, -0.973299, 0.0269774

187
0.00278066, 0.0279899, -0.00283895
-0.984464, -0.175577, 0.00191532
0.00811424, -0.0345949, 0.999368
-0.1754, 0.983858, 0.0354821

188
-0.0419975, 0.026024, -0.0147502
0.83367, -0.550917, 0.0385223
-0.408605, -0.568383, 0.714131
-0.371531, -0.61109, -0.698951

189
-0.0412541, 0.00160001, -0.0164532
-0.836907, 0.547061, -0.0176638
0.531657, 0.804823, -0.263821
-0.13011, -0.230184, -0.96441

190
-0.008044, 0.0302394, 0.00602444
-0.834088, 0.551446, -0.0143156
-0.194486, -0.269686, 0.943104
0.51621, 0.789415, 0.33219

191
-0.0169695, 0.00267419, 0.0063742
-0.123927, -0.991944, 0.0262378
0.0229769, 0.023566, 0.999458
-0.992025, 0.124462, 0.0198714

192
0.00523017, 0.0139071, 0.0101959
-0.999497, -0.0314849, 0.00388905
0.0245597, -0.690339, 0.723069
-0.020081, 0.7228, 0.690765

193
-0.00918922, -0.0278661, 0.00653368
-0.945362, -0.326007, -0.00316878
0.00802529, -0.0135532, -0.999876
0.325924, -0.94527, 0.0154289

194
-0.0113699, -0.00652493, -0.012432
0.861486, -0.507508, 0.0166408
-0.507756, -0.861307, 0.0182783
0.00505643, -0.024196, -0.999694

195
-0.0421671, -0.024576, 0.00985249
0.834196, 0.547102, -0.0692543
-0.518942, 0.736289, -0.434255
-0.186591, 0.398193, 0.898124

196
-0.00509126, 0.0169113, -0.0185862
-0.99869, -0.0510008, -0.00418291
-0.0387862, 0.70111, 0.711998
-0.0333797, 0.711227, -0.702169

197
0.00924356, 0.0227116, -0.0111798
-0.999786, 0.0204075, 0.0034453
0.0110823, 0.387297, 0.921888
0.017479, 0.921729, -0.38744

198
-0.0140489, 0.0296235, -0.0103986
-0.832958, 0.553107, -0.015927
0.0666795, 0.128907, 0.989412
0.549304, 0.823077, -0.144255

199
0.00747137, 0.0237937, 0.00813705
-0.976988, 0.21321, -0.0060627
-0.0841639, -0.359233, 0.929445
0.195989, 0.908567, 0.368911

200
-0.0166548, -0.029945, -0.021262
-0.950002, 0.312046, -0.011081
0.219803, 0.643126, -0.733537
-0.221771, -0.699297, -0.67956

201
0.0100784, 0.00749409, 0.0137835
-0.996575, 0.0826579, 0.00228559
-0.0749946, -0.915135, 0.396111
0.0348333, 0.394583, 0.9182

202
0.00853898, 0.0253155, -0.00467043
-0.996554, 0.0829485, -0.000519495
-0.000396662, 0.00149731, 0.999999
0.0829492, 0.996553, -0.00145924

203
-0.0488551, 0.00301819, 0.0194622
-0.834707, -0.550387, -0.0183604
0.451586, -0.703188, 0.549178
-0.315172, 0.450112, 0.835504

204
-0.0211259, 0.0327208, -0.0062857
-0.836907, 0.547061, -0.0176638
0.540978, 0.831647, 0.125325
0.0832506, 0.0953299, -0.991958

205
0.00998481, 0.0230385, 0.00907832
-0.999176, 0.040514, 0.00249294
-0.012377, -0.362588, 0.931867
0.0386576, 0.931068, 0.362791

206
-0.0152995, 0.00762639, -0.00790436
0.284072, 0.958553, -0.0219137
0.018422, -0.0283077, -0.999429
-0.958626, 0.283506, -0.0256999

207
0.00253176, -0.0252601, -0.0286038
0.671587, -0.740918, 0.00320582
-0.505179, -0.454733, 0.733493
-0.542001, -0.494224, -0.679689

208
-0.0352669, 0.0205048, -0.00698497
0.83468, -0.55072, 0.00402772
-0.516969, -0.780964, 0.350482
-0.189872, -0.294623, -0.936561

209
-0.04488, 0.0211082, -0.00349452
0.833884, -0.550268, 0.0429193
-0.0289373, 0.0340672, 0.999001
-0.551181, -0.834293, 0.0124848

210
0.00930993, 0.0253925, -0.00779966
-0.999786, 0.0204075, 0.0034453
0.00354977, 0.00508537, 0.999981
0.0203895, 0.999779, -0.00515672

211
0.0254993, 0.0203849, 0.00320384
0.873905, -0.486013, 0.00898224
-0.000650194, -0.019647, -0.999807
0.486096, 0.87373, -0.0174856

212
0.0127889, -0.0245027, -0.000406266
-0.997005, -0.0770481, 0.00671726
-0.00560197, -0.0146823, -0.999877
0.0771372, -0.996919, 0.0142067

213
0.0178248, -0.00182981, 0.0460181
0.610019, -0.792158, 0.0190505
0.734968, 0.574637, 0.360021
-0.29614, -0.205618, 0.93275

214
-0.0391318, 0.0192842, 0.00238088
-0.831554, 0.551523, 0.0658827
-0.0549319, 0.0363734, -0.997827
-0.552721, -0.833366, 4.97833e-05

215
-0.0413958, -0.0296693, 0.0113716
0.835182, 0.54787, -0.0480648
-0.511234, 0.741161, -0.435108
-0.202759, 0.387967, 0.899094

216
-0.0497809, -0.0305787, 0.000260046
0.827024, -0.561741, 0.0218542
0.0362992, 0.0921546, 0.995083
-0.560993, -0.822164, 0.0966048

217
0.0260813, 0.0188076, -0.00376279
0.871765, -0.489817, 0.0102342
-0.00513354, -0.0300207, -0.999536
0.489897, 0.871308, -0.0286855

218
0.0330729, 0.0150772, -0.00372137
0.725501, -0.688039, 0.0158242
-0.00256022, -0.025691, -0.999667
0.688216, 0.725219, -0.0204004

219
0.0085009, 0.00857256, 0.0130741
-0.999486, -0.0317136, 0.00462355
0.0308381, -0.912387, 0.408166
-0.00872592, 0.408098, 0.912896

220
-0.00382727, -0.00914928, -0.0153177
-0.986705, -0.162427, -0.00560694
-0.147683, 0.910472, -0.386303
0.0678511, -0.380339, -0.922355

221
-0.0394569, 0.0263973, -0.0117611
0.833793, -0.552069, -0.00313167
-0.385917, -0.58689, 0.711778
-0.394788, -0.592267, -0.702398

222
0.00823454, 0.0169749, 0.0131248
-0.999486, -0.0317136, 0.00462355
0.0251514, -0.686763, 0.726446
-0.0198629, 0.726189, 0.687208

223
0.0167125, -0.00494481, -0.043085
0.614591, -0.788659, 0.0171762
-0.72174, -0.553387, 0.415758
-0.318386, -0.267918, -0.909313

224
-0.0395646, -0.0343822, 0.00970151
0.835222, 0.549631, -0.0176186
-0.50288, 0.75043, -0.428914
-0.222523, 0.367098, 0.903174

225
-0.0537043, -0.0164582, 0.014156
-0.836907, 0.547061, -0.0176638
-0.323662, -0.520655, -0.790039
-0.441396, -0.655472, 0.612802

226
0.00372448, 0.00748952, 0.0103718
-0.999098, 0.0424404, -0.00121737
-0.0397714, -0.925459, 0.376754
0.014863, 0.376463, 0.926312

227
0.00830032, 0.0116029, 0.0129701
-0.996064, 0.0886285, -0.000729205
-0.0816274, -0.914114, 0.397156
0.0345327, 0.395652, 0.917751

228
0.000230667, -0.0300763, -0.0151107
0.853963, 0.520319, 0.00381501
0.191523, -0.321133, 0.927466
0.483803, -0.791291, -0.373889

229
0.0458109, -0.0103153, -0.000526236
0.284072, 0.958553, -0.0219137
-0.38387, 0.134646, 0.913518
0.878605, -0.251093, 0.406209

230
-0.0046241, -0.00256011, -0.0164965
0.0303263, -0.999024, 0.0321262
-0.378467, 0.018271, 0.925434
-0.925118, -0.0402237, -0.377543

231
0.0188641, -0.00236849, -0.0402922
0.169031, -0.98513, 0.0307959
-0.902842, -0.142227, 0.405769
-0.395355, -0.0963913, -0.913457

232
0.0134266, 0.0228478, -0.00832046
-0.992053, 0.125791, 0.00283944
0.00878814, 0.0467607, 0.998867
0.125516, 0.990954, -0.0474945

233
-0.0396576, 0.0297918, 0.00637064
0.833884, -0.550268, 0.0429193
0.551181, 0.834293, -0.0124848
-0.0289373, 0.0340672, 0.999001

234
-0.0359531, 0.0195463, 0.00413305
0.83468, -0.55072, 0.00402772
0.189872, 0.294623, 0.936561
-0.516969, -0.780964, 0.350482

235
-0.049818, -0.0151827, 0.000468804
-0.262633, 0.964716, -0.0186411
0.00296804, -0.0185115, -0.999824
-0.964891, -0.262642, 0.0019984

236
-0.00489972, -0.00272623, -0.0126583
-0.986705, -0.162427, -0.00560694
-0.162407, 0.986716, -0.00392753
0.00617039, -0.00296471, -0.999977

237
-0.0367439, 0.0157913, -0.0105067
-0.817127, 0.535629, -0.213082
0.574943, 0.730486, -0.368552
-0.0417535, -0.423664, -0.904857

238
-0.0369197, 0.00305544, 0.0117409
-0.845832, -0.533445, -0.00233938
0.531905, -0.843041, -0.0797371
0.0405631, -0.0686885, 0.996813

239
0.0056027, 0.0208052, 0.0135517
0.999988, 0.00378811, -0.00313125
-0.00428912, 0.361582, -0.932331
-0.00239957, 0.932333, 0.361594

240
-0.0218985, 0.0175366, -0.019628
-0.832958, 0.553107, -0.015927
0.435566, 0.673155, 0.597616
0.341267, 0.490852, -0.801624

241
0.00721259, 0.00535584, 0.0166929
-0.976677, -0.21459, 0.00728436
0.198837, -0.891139, 0.407843
-0.0810275, 0.399779, 0.913023

242
-0.0366902, 0.0265664, -0.0117574
0.834172, -0.551004, -0.0234901
-0.373542, -0.59582, 0.710961
-0.405738, -0.584289, -0.702839

243
-0.0361196, 0.0192798, 0.00220762
0.83468, -0.55072, 0.00402772
-0.0224166, -0.0266658, 0.999393
-0.550278, -0.834264, -0.0346027

244
-0.0449666, 0.0226562, 0.0013421
0.83367, -0.550917, 0.0385223
0.186884, 0.347063, 0.919033
-0.519681, -0.758971, 0.392294

245
0.00855063, -0.0241515, 0.00711214
-0.995374, -0.0958694, 0.00627624
-0.00389751, -0.0249793, -0.99968
0.0959955, -0.99508, 0.0244901

246
-0.0218985, 0.0175366, -0.019628
-0.832958, 0.553107, -0.015927
0.435566, 0.673155, 0.597616
0.341267, 0.490852, -0.801624

247
0.0056793, -0.000204619, 0.0113766
-0.999497, -0.0314849, 0.00388905
0.0315657, -0.999241, 0.0228422
0.00316692, 0.0229534, 0.999732

248
0.00831488, -0.019832, -0.0133024
0.720621, -0.693313, 0.00469495
-0.692818, -0.719814, 0.0432685
-0.0266191, -0.0344329, -0.999052

249
0.00130147, 0.0252924, -0.00518398
-0.950002, 0.312046, -0.011081
0.00139155, 0.0397191, 0.99921
0.31224, 0.949236, -0.0381675

250
0.00493302, 0.0227501, 0.00541757
-0.999497, -0.0314849, 0.00388905
0.0150055, -0.361187, 0.932373
-0.027951, 0.931962, 0.361477

251
0.00974802, 0.025044, -0.00521278
-0.915065, 0.403054, -0.0142381
-0.00339491, 0.0276042, 0.999613
0.403291, 0.91476, -0.0238913

252
0.00739255, -0.024496, -0.000400681
-0.996575, 0.0826579, 0.00228559
-0.00348261, -0.0143403, -0.999891
-0.0826162, -0.996475, 0.014579

253
0.00505367, -0.0166274, -0.0158222
-0.996554, 0.0829485, -0.000519495
0.0589344, 0.70361, -0.708138
-0.0583735, -0.705728, -0.706074

254
0.0176524, -0.0218705, 0.00657792
-0.954298, -0.298702, 0.00963309
-0.00322459, -0.02194, -0.999754
0.29884, -0.954094, 0.0199741

255
0.00741635, -0.00200766, 0.00902928
-0.997818, 0.0658743, 0.00441208
-0.0656948, -0.997299, 0.0328441
0.00656374, 0.0324826, 0.999451

256
0.00936433, 0.00763814, 0.0106659
-0.999176, 0.040514, 0.00249294
-0.0360869, -0.914753, 0.402398
0.0185832, 0.401976, 0.915462

257
-0.0389976, -0.029331, 0.0104654
0.834196, 0.547102, -0.0692543
-0.408035, 0.527861, -0.744896
-0.370978, 0.649648, 0.663576

258
0.0085933, 0.0284494, -0.00110974
0.866752, -0.498515, 0.0149726
0.00482678, -0.0216349, -0.999754
0.498717, 0.866611, -0.0163459

259
0.0110161, -0.000339392, 0.0151272
-0.957923, 0.287, -0.00366231
-0.264455, -0.877569, 0.39992
0.111563, 0.384061, 0.916543

260
0.0304086, -0.010478, -0.04768
-0.60976, -0.792122, 0.0270968
-0.740125, 0.556837, -0.377024
0.283561, -0.249949, -0.925807

261
0.01351, 0.00368388, 0.0126477
-0.973819, 0.227323, -0.00065992
-0.206729, -0.884384, 0.418484
0.0945472, 0.407664, 0.908224

262
0.00936433, 0.00763814, 0.0106659
-0.999176, 0.040514, 0.00249294
-0.0360869, -0.914753, 0.402398
0.0185832, 0.401976, 0.915462

263
-0.053951, -0.0167901, 0.0155717
-0.836907, 0.547061, -0.0176638
-0.13011, -0.230184, -0.96441
-0.531657, -0.804823, 0.263821

264
0.00272655, 0.0255278, 0.00945537
-0.976677, -0.21459, 0.00728436
0.0833042, -0.347444, 0.933993
-0.197894, 0.912817, 0.357216

265
0.0136776, 0.0249084, -0.00844648
-0.994362, 0.106008, 0.00262295
0.00703646, 0.041281, 0.999123
0.105807, 0.993508, -0.0417942

266
0.00932799, 0.0231276, 0.00994588
-0.996064, 0.0886285, -0.000729205
-0.033301, -0.366608, 0.929779
0.0821376, 0.926144, 0.368117

267
0.00218892, 0.0265217, -0.00109536
0.903845, -0.427654, 0.0132769
0.00181804, -0.027192, -0.999629
0.427856, 0.903533, -0.0237998

268
-0.0421284, 0.0222821, 0.0024138
0.833793, -0.552069, -0.00313167
0.00627299, 0.00380166, 0.999973
-0.552042, -0.83379, 0.00663292

269
0.00830273, -0.0249088, -0.00646079
0.999945, -0.00964091, -0.0041113
0.00447801, 0.0383297, 0.999255
-0.00947614, -0.999219, 0.0383708

270
-0.0235693, 0.030181, -0.00818787
-0.833243, 0.552495, -0.0213266
0.545612, 0.827883, 0.130064
0.0895156, 0.0967387, -0.991276

271
0.00942754, -0.0225266, 7.42709e-05
-0.999486, -0.0317136, 0.00462355
-0.00373952, -0.0278784, -0.999604
0.0318299, -0.999108, 0.0277455

272
-0.0142844, -0.0327284, -0.00467907
-0.84573, -0.533598, -0.00362669
-0.248433, 0.399753, -0.882314
0.472251, -0.745299, -0.470647

273
0.00739983, 0.0115594, -0.0158635
-0.996554, 0.0829485, -0.000519495
0.0583735, 0.705728, 0.706074
0.0589344, 0.70361, -0.708138

274
-0.0196792, -0.00991879, 0.00868088
-0.932114, 0.362004, -0.0107642
-0.362136, -0.932002, 0.0151416
-0.00455094, 0.0180118, 0.999827

275
-0.0398468, 0.021774, -0.0114405
0.834172, -0.551004, -0.0234901
-0.500377, -0.774063, 0.387877
-0.231904, -0.311802, -0.921412

276
-0.0330512, 0.0238282, -0.0117529
0.83468, -0.55072, 0.00402772
-0.404957, -0.608769, 0.68221
-0.373255, -0.571058, -0.731145

277
-0.0445712, 0.0218736, 0.000318988
0.833884, -0.550268, 0.0429193
0.184193, 0.350744, 0.918178
-0.520298, -0.757749, 0.393835

278
-0.0247171, 0.0225967, 0.0201429
0.903061, 0.429503, 0.00261523
-0.298132, 0.631203, -0.716031
-0.309189, 0.64584, 0.698064

279
-0.0452928, 0.0165338, -0.0216468
-0.84573, -0.533598, -0.00362669
-0.341232, 0.535587, 0.772468
-0.410245, 0.654537, -0.635043

280
-0.0300209, -0.0280583, -0.0215896
0.909168, -0.416174, 0.0145924
-0.294834, -0.618553, 0.72833
-0.294086, -0.666477, -0.685071

281
0.00513477, 0.0115093, 0.0100938
-0.995374, -0.0958694, 0.00627624
0.0901798, -0.909775, 0.405187
-0.0331351, 0.403879, 0.914212

282
-0.0334803, 0.0233177, 0.0073776
0.83468, -0.55072, 0.00402772
0.550278, 0.834264, 0.0346027
-0.0224166, -0.0266658, 0.999393

283
-0.00829216, 0.0270748, 0.0140697
0.914569, -0.404279, 0.011086
0.153592, 0.32184, -0.934253
0.374131, 0.856141, 0.356438

284
-0.0185162, -0.0244465, -0.00636979
-0.537955, 0.842811, -0.0165579
0.00470046, -0.0166428, -0.99985
-0.842961, -0.537952, 0.00499149

285
0.0218202, 0.0138289, -0.0154501
0.912044, -0.410048, 0.00610628
-0.300214, -0.677744, -0.671219
0.27937, 0.610348, -0.741234

286
0.0370201, 0.0121413, 0.0123083
0.610019, -0.792158, 0.0190505
0.29614, 0.205618, -0.93275
0.734968, 0.574637, 0.360021

287
-0.0419063, 0.0226067, 0.00432464
0.833793, -0.552069, -0.00313167
0.217053, 0.32259, 0.921316
-0.50762, -0.768867, 0.388801

288
-0.0155425, -0.0308727, 0.010668
-0.84697, -0.531638, -0.00158502
0.172, -0.271195, -0.947032
0.503048, -0.80238, 0.321136

289
-0.0167047, 0.00296885, -0.0127279
-0.92837, -0.371627, -0.00467834
-0.371602, 0.928376, -0.00544553
0.00636696, -0.00331699, -0.999974

290
-0.0418785, 0.0181064, 0.00243806
0.834172, -0.551004, -0.0234901
0.0227658, -0.00815357, 0.999708
-0.551034, -0.834463, 0.00574255

291
0.00739255, -0.024496, -0.000400681
-0.996575, 0.0826579, 0.00228559
-0.00348261, -0.0143403, -0.999891
-0.0826162, -0.996475, 0.014579

292
0.00831774, -0.0226837, -0.00802782
0.999945, -0.00964091, -0.0041113
0.000510783, -0.346972, 0.937875
-0.0104685, -0.937826, -0.346948

293
-0.0106388, -0.00596333, 0.00664646
0.169031, -0.98513, 0.0307959
0.0197575, 0.034626, 0.999205
-0.985413, -0.168288, 0.0253165

294
0.0085933, 0.0284494, -0.00110974
0.866752, -0.498515, 0.0149726
0.00482678, -0.0216349, -0.999754
0.498717, 0.866611, -0.0163459

295
0.0138983, 0.011521, 0.0111535
-0.973666, 0.227965, -0.00260245
-0.209215, -0.888932, 0.407467
0.0905747, 0.397281, 0.913216

296
0.0159956, -0.00473011, -0.0429208
0.748217, -0.663351, 0.0117204
-0.604808, -0.67471, 0.423053
-0.272725, -0.323624, -0.906029

297
0.00775084, -0.0151279, 0.0181066
-0.995374, -0.0958694, 0.00627624
0.0651231, -0.721291, -0.689564
0.0706351, -0.685965, 0.724198

298
-0.0510186, -0.0260367, -0.00988722
-0.832958, 0.553107, -0.015927
0.148606, 0.195883, -0.969302
-0.533007, -0.809755, -0.245357

299
