0
-0.00946391, -0.024627, -0.0186812
0.999713, 0.0207176, 0.0120316
-0.000805516, -0.472848, 0.881144
0.0239443, -0.880901, -0.472695

1
0.00965389, -0.029916, -0.0133859
-0.998816, -0.0445899, -0.0194286
-0.00135857, 0.424867, -0.905255
0.0486197, -0.904157, -0.424425

2
0.0107959, 0.0184812, 0.0148575
-0.999414, 0.0194322, -0.0281624
-0.0338502, -0.68155, 0.730988
-0.00498935, 0.731513, 0.681809

3
-0.0130062, -0.0191701, -0.0144149
-0.879801, -0.129805, -0.457275
0.303018, 0.588032, -0.749932
0.366237, -0.798354, -0.478018

4
-0.00160838, -0.0136017, 0.00278924
-0.498615, 0.86194, 0.0918891
-0.189724, -0.00508201, -0.981824
-0.845806, -0.506986, 0.166065

5
-0.00424963, -0.0257556, -0.00990343
0.999874, 0.0137571, -0.00787235
0.0109285, -0.238614, 0.971053
0.0114805, -0.971017, -0.238735

6
0.00941112, -0.0202053, -0.0231918
-0.998816, -0.0445899, -0.0194286
-0.0198611, 0.738532, -0.673926
0.0443989, -0.672742, -0.738543

7
0.0119103, -0.0298672, -0.00888379
-0.98652, 0.0294809, 0.160964
-0.130197, 0.454475, -0.881193
-0.0991325, -0.890271, -0.44451

8
-0.00175496, -0.00292712, -0.0211339
-0.000136803, -0.996191, 0.087195
-0.61473, 0.0688578, 0.785726
-0.788738, -0.0534939, -0.612398

9
-0.0192654, -0.0272344, -0.0122128
-0.988909, 0.00803755, 0.148307
-0.124384, 0.500873, -0.856537
-0.0811673, -0.865484, -0.494318

10
0.00785702, 0.0083245, -0.0267966
0.92382, 0.0188449, -0.382363
-0.0901298, -0.960006, -0.265075
-0.372066, 0.279344, -0.885174

11
-0.014503, -0.027029, 0.00180468
0.999545, -0.0276226, -0.0121475
0.0147382, 0.0956071, 0.99531
-0.0263317, -0.995036, 0.0959707

12
-0.00162881, -0.0191121, -0.0284821
0.823683, -0.153521, -0.545874
0.117239, -0.895748, 0.428825
-0.554799, -0.417213, -0.719813

13
-0.00929483, -0.0298783, -0.0123628
-0.998327, 0.0459157, 0.0351336
-0.0135652, 0.404696, -0.914351
-0.0562014, -0.913298, -0.403396

14
-0.00104971, -0.0197872, 0.0131995
0.999953, -0.00128892, -0.00955702
0.00800264, 0.663898, 0.74778
0.00538106, -0.747822, 0.663877

15
-0.00116628, -0.0253294, 0.00175053
0.999953, -0.00128892, -0.00955702
0.00945272, 0.327183, 0.944914
0.00190898, -0.94496, 0.32718

16
-0.00866148, -0.0246271, -0.0142329
0.998903, -0.0371128, -0.0285699
0.0175877, -0.268122, 0.963224
-0.0434082, -0.96267, -0.267175

17
-0.0149114, -0.0176216, 0.017417
-0.997938, 0.00175733, 0.0641577
-0.0359727, -0.843171, -0.536441
0.0531532, -0.537643, 0.841496

18
-0.0171002, 0.0187152, -0.017559
-0.886472, -0.158264, -0.434879
-0.460026, 0.403761, 0.790793
0.050433, 0.901071, -0.430729

19
0.00597366, -0.0177981, -0.0224808
0.997843, -0.0375265, -0.053857
0.0034767, -0.789105, 0.614248
-0.0655494, -0.61311, -0.787273

20
0.00822247, -0.0112887, 0.0174519
-0.998816, -0.0445899, -0.0194286
0.0486197, -0.904157, -0.424425
0.00135857, -0.424867, 0.905255

21
-0.00957459, -0.0261274, -0.00690112
0.999713, 0.0207176, 0.0120316
-0.00990728, -0.0997481, 0.994963
0.0218134, -0.994797, -0.0995143

22
0.00930761, 0.013602, 0.0172033
-0.999014, -0.0335912, -0.0290446
0.0121054, -0.835291, 0.549675
-0.0427249, 0.548781, 0.834874

23
-0.00108246, 0.0235166, 0.00393307
0.999953, -0.00128892, -0.00955702
-0.0094637, 0.0593433, -0.998193
0.00185373, 0.998237, 0.0593283

24
0.00513635, 0.0253814, -0.00195322
-0.999311, 0.0231892, 0.0289896
0.0251171, -0.152685, 0.987956
0.0273362, 0.988003, 0.151997

25
0.00948074, -0.0142518, 0.018466
-0.999073, 0.0290972, -0.0317371
-0.00421538, -0.799657, -0.600442
-0.0428499, -0.599751, 0.799038

26
-0.0143959, -0.0266653, 0.00978773
0.999545, -0.0276226, -0.0121475
0.023693, 0.469113, 0.88282
-0.0186872, -0.882706, 0.469554

27
-0.0138125, -0.0305925, -0.00853712
-0.998201, 0.0398821, -0.0447685
0.0552585, 0.322211, -0.945054
-0.0232659, -0.945827, -0.323835

28
-0.0176828, 0.00156196, 0.0510321
0.0348731, 0.997687, -0.0583562
-0.890978, 0.0574873, 0.450392
0.452705, 0.0362875, 0.890922

29
0.00839921, 0.0195089, 0.0182514
-0.999529, 0.0286229, -0.0111061
-0.0271444, -0.654839, 0.755281
0.0143456, 0.755226, 0.655307

30
0.0140638, -0.021453, 0.0134557
-0.942032, 0.326652, 0.0766472
-0.263469, -0.578721, -0.771794
-0.207751, -0.747249, 0.631236

31
0.00940182, -0.0235698, 0.0124072
-0.999073, 0.0290972, -0.0317371
0.0125035, -0.509272, -0.860515
-0.0412013, -0.860114, 0.508436

32
-0.00542653, 0.0229685, -0.0162615
-0.999538, -0.0303191, -0.00197611
-0.0129144, 0.36508, 0.930887
-0.0275022, 0.930482, -0.365303

33
-0.00170526, -0.0282856, -0.0223616
-0.791445, 0.218181, 0.570975
-0.0652882, 0.898606, -0.433873
-0.607744, -0.380664, -0.696952

34
0.0143862, -0.0187085, -0.022703
0.999716, 0.00889389, 0.0220993
-0.0053915, -0.819144, 0.573563
0.0232037, -0.573519, -0.818863

35
-0.0104305, 0.021377, -0.0175802
0.999713, 0.0207176, 0.0120316
0.0224299, -0.632895, -0.773913
-0.00841888, 0.77396, -0.633178

36
-0.0142423, 0.0140776, -0.0216971
-0.886472, -0.158264, -0.434879
-0.405709, 0.717852, 0.565764
0.222638, 0.677968, -0.700565

37
0.00626267, -0.00691298, -0.0247105
0.997843, -0.0375265, -0.053857
-0.0218726, -0.963666, 0.266215
-0.0618902, -0.264463, -0.962408

38
-0.00978166, -0.00522146, -0.0256945
0.999713, 0.0207176, 0.0120316
0.0163616, -0.957245, 0.288817
0.0175008, -0.288537, -0.957309

39
0.00714235, 0.0102082, -0.0203419
0.997843, -0.0375265, -0.053857
-0.0592293, -0.868418, -0.492283
-0.0282967, 0.494411, -0.868767

40
-0.00739716, -0.00079257, -0.0302387
-0.886472, -0.158264, -0.434879
-0.12945, 0.986994, -0.0953182
0.444308, -0.0282018, -0.89543

41
0.009462, 0.0168827, 0.017407
0.998639, 0.0381035, 0.0356162
-0.00400773, 0.7369, -0.67599
-0.0520031, 0.674927, 0.73605

42
-0.0111706, 0.00646914, 0.022497
0.998292, 0.0134531, -0.0568498
-0.0383015, 0.885514, -0.463031
0.0441121, 0.464417, 0.884517

43
-0.0146666, -0.025267, -0.015664
0.999545, -0.0276226, -0.0121475
0.0035396, -0.292454, 0.956273
-0.0299674, -0.95588, -0.292223

44
0.00623779, -0.00563077, -0.023486
0.999213, -0.00645361, -0.0391497
0.0103289, -0.910359, 0.413691
-0.03831, -0.41377, -0.909575

45
0.00638378, 0.0172065, 0.0238656
-0.860984, 0.0450558, -0.506632
-0.31288, -0.832234, 0.457704
-0.401014, 0.552591, 0.730637

46
-0.0105154, -0.00140598, -0.00376888
-0.000136803, -0.996191, 0.087195
-0.2661, 0.0840875, 0.960271
-0.963946, -0.0230712, -0.265098

47
0.00184154, 0.00238595, -0.0210447
0.999862, -0.0133007, -0.00996864
-0.0150455, -0.979133, -0.202664
-0.00706505, 0.202786, -0.979198

48
0.0114277, 0.0290602, -0.000262767
-0.999414, 0.0194322, -0.0281624
-0.0274637, 0.0353294, 0.998998
0.0204077, 0.999187, -0.034775

49
-0.0151677, -0.0234697, -0.00639292
-0.957109, -0.229585, -0.176731
0.121534, 0.235585, -0.964225
0.263007, -0.944347, -0.197578

50
-0.00540109, 0.0199476, 0.0172183
-0.999538, -0.0303191, -0.00197611
0.0204666, -0.719943, 0.693731
-0.022456, 0.69337, 0.720232

51
-0.0151756, -0.0195206, -0.0207663
-0.998441, 0.0306831, 0.0466274
-0.00448552, 0.78855, -0.614954
-0.0556367, -0.614205, -0.787183

52
-0.0123655, 0.0193685, -0.00129112
0.470796, 0.783222, 0.406096
-0.0477692, 0.482255, -0.874728
-0.880948, 0.392419, 0.264458

53
-0.0168738, -0.027948, -0.0128239
-0.997938, 0.00175733, 0.0641577
-0.0531532, 0.537643, -0.841496
-0.0359727, -0.843171, -0.536441

54
-0.00704865, -0.00860401, 0.0213432
0.998903, -0.0371128, -0.0285699
0.0434082, 0.96267, 0.267175
0.0175877, -0.268122, 0.963224

55
0.0107389, -0.0251763, 0.0128217
-0.999014, -0.0335912, -0.0290446
0.0427249, -0.548781, -0.834874
0.0121054, -0.835291, 0.549675

56
-0.00899934, 0.0138205, 0.0171364
-0.999269, 0.0226936, 0.0307784
-0.00181618, -0.832127, 0.554582
0.038197, 0.554121, 0.831559

57
0.0087348, -0.00650095, -0.0254065
0.92382, 0.0188449, -0.382363
0.0591144, -0.99383, 0.0938439
-0.378235, -0.109298, -0.919234

58
0.0101818, 0.00811846, 0.0169066
-0.999073, 0.0290972, -0.0317371
-0.0412013, -0.860114, 0.508436
-0.0125035, 0.509272, 0.860515

59
-0.00475521, 0.00329216, -0.0233561
0.999874, 0.0137571, -0.00787235
0.0114805, -0.971017, -0.238735
-0.0109285, 0.238614, -0.971053

60
-0.00552464, 0.0248071, 0.00515259
-0.999538, -0.0303191, -0.00197611
0.0103151, -0.3998, 0.916544
-0.0285789, 0.916101, 0.399928

61
-0.00644107, 0.0068974, 0.0206656
-0.998327, 0.0459157, 0.0351336
-0.0301484, -0.931962, 0.361299
0.0493325, 0.359636, 0.931788

62
-0.0162394, -0.00634829, 0.0358941
-0.641665, -0.766753, -0.0188732
0.596953, -0.483814, -0.639977
0.481573, -0.421917, 0.768162

63
-0.00457938, -0.00469508, -0.0203213
-0.999538, -0.0303191, -0.00197611
-0.0303508, 0.999364, 0.0187388
0.00140671, 0.0187901, -0.999822

64
0.011412, -0.0306649, -0.00398352
-0.999014, -0.0335912, -0.0290446
0.0216513, 0.202593, -0.979024
0.0387709, -0.978687, -0.201666

65
0.0122552, -0.0211719, -0.0201985
0.998639, 0.0381035, 0.0356162
-0.0161981, -0.422524, 0.906207
0.0495783, -0.905551, -0.421331

66
0.0059586, -0.0240308, -0.0136092
-0.998505, 0.0341998, 0.0426412
-0.0132025, 0.606106, -0.795275
-0.0530433, -0.794649, -0.604748

67
0.00438164, 0.0181374, -0.0221747
-0.999311, 0.0231892, 0.0289896
0.0370901, 0.590659, 0.806068
0.00156916, 0.806588, -0.591112

68
0.00899265, 0.0290051, -1.16941e-06
0.999607, -0.0272061, 0.00670751
0.00589535, -0.0298231, -0.999538
0.0273936, 0.999185, -0.029651

69
0.0112153, 0.0288403, 0.00336902
-0.999073, 0.0290972, -0.0317371
-0.037975, -0.248082, 0.967994
0.0202925, 0.968302, 0.248957

70
-0.00489767, 0.0174293, -0.016745
0.999874, 0.0137571, -0.00787235
0.00642441, -0.805789, -0.592168
-0.01449, 0.592043, -0.805776

71
-0.00551804, 0.02491, 0.000237328
-0.999538, -0.0303191, -0.00197611
-0.00140671, -0.0187901, 0.999822
-0.0303508, 0.999364, 0.0187388

72
-0.00093036, 0.00802757, 0.0219359
0.999953, -0.00128892, -0.00955702
-0.00538106, 0.747822, -0.663877
0.00800264, 0.663898, 0.74778

73
-0.00523907, 0.017145, -0.0217319
-0.999538, -0.0303191, -0.00197611
-0.022456, 0.69337, 0.720232
-0.0204666, 0.719943, -0.693731

74
0.0143183, -0.021359, -0.0185628
0.999716, 0.00889389, 0.0220993
-0.0138608, -0.537314, 0.843268
0.0193742, -0.843335, -0.537038

75
-0.000641405, -0.00964274, -0.0280108
-0.791445, 0.218181, 0.570975
0.172255, 0.975877, -0.134134
-0.586467, -0.00780639, -0.809936

76
-0.00638931, 0.00907513, 0.0214303
0.998903, -0.0371128, -0.0285699
0.0182578, 0.870301, -0.492181
0.0431306, 0.491119, 0.870024

77
0.010353, -8.48941e-05, -0.0238829
-0.98652, 0.0294809, 0.160964
0.0417622, 0.996424, 0.0734562
-0.158223, 0.0791882, -0.984223

78
0.0102421, -0.00423516, -0.0213462
-0.993485, -0.0259587, 0.110971
-0.0352946, 0.995924, -0.0830099
-0.108364, -0.0863858, -0.990351

79
-0.0083244, -0.0267254, 0.000278356
0.998903, -0.0371128, -0.0285699
0.0328606, 0.120685, 0.992147
-0.0333734, -0.991997, 0.121772

80
-0.0150868, -0.0259541, 0.0149173
-0.997938, 0.00175733, 0.0641577
-0.0535753, -0.573241, -0.817633
0.035341, -0.819385, 0.572154

81
-0.00522263, 0.000460095, 0.0138911
-0.0272888, 0.981498, -0.189515
-0.512772, -0.176487, -0.840189
-0.858091, 0.0742503, 0.508101

82
-0.00996699, -0.00499675, -0.0237556
-0.999587, 0.025134, -0.0139032
0.0273492, 0.980757, -0.193308
0.00877706, -0.193608, -0.98104

83
-0.0133338, -0.0250261, -0.0142518
-0.998201, 0.0398821, -0.0447685
0.0599557, 0.659637, -0.749189
-0.000348361, -0.750526, -0.660841

84
-0.00961722, -0.0176641, -0.0179327
0.999713, 0.0207176, 0.0120316
0.00841888, -0.77396, 0.633178
0.0224299, -0.632895, -0.773913

85
-0.0100088, -0.0249963, 0.0129849
-0.999269, 0.0226936, 0.0307784
-0.038197, -0.554121, -0.831559
-0.00181618, -0.832127, 0.554582

86
0.00676705, -0.0259154, -0.00663398
0.999213, -0.00645361, -0.0391497
0.0393466, 0.0338941, 0.998651
-0.00511796, -0.999405, 0.0341213

87
0.0100342, -0.0114538, 0.0211887
-0.999014, -0.0335912, -0.0290446
0.0441052, -0.826659, -0.560971
-0.00516623, -0.561699, 0.827325

88
0.0117669, 0.0172321, -0.0204624
-0.999414, 0.0194322, -0.0281624
-0.00498935, 0.731513, 0.681809
0.0338502, 0.68155, -0.730988

89
0.00784254, -0.0128843, -0.0236214
-0.996377, 0.0416223, 0.0741656
0.0111541, 0.928478, -0.37122
-0.0843121, -0.369047, -0.925578

90
0.00930711, 0.0219304, 0.0075884
-0.999014, -0.0335912, -0.0290446
-0.00516623, -0.561699, 0.827325
-0.0441052, 0.826659, 0.560971

91
0.0119268, -0.0256231, -0.00622813
0.998639, 0.0381035, 0.0356162
-0.0339379, -0.0438218, 0.998463
0.0396057, -0.998312, -0.042469

92
-0.0159474, -0.0291245, -0.00835984
-0.996103, 0.0123362, 0.0873258
-0.078583, 0.32532, -0.942333
-0.0400337, -0.945523, -0.323083

93
0.00893804, -0.0241526, 0.0101882
-0.998816, -0.0445899, -0.0194286
0.0334187, -0.338909, -0.940225
0.03534, -0.939762, 0.339998

94
-0.00120313, 0.0034537, -0.0204095
0.0150787, -0.945093, -0.326454
-0.628453, -0.262899, 0.732073
-0.777701, 0.194122, -0.597911

95
0.0126522, 0.0139257, 0.0168925
-0.993533, -0.0100574, -0.113096
-0.0546664, -0.83065, 0.554105
-0.0995159, 0.556705, 0.824728

96
0.00915246, -0.0260997, 0.00363368
-0.998816, -0.0445899, -0.0194286
0.0173508, 0.0465201, -0.998767
0.0454387, -0.997922, -0.0456914

97
0.00587091, -0.0151892, -0.0227539
-0.998505, 0.0341998, 0.0426412
0.00810125, 0.864067, -0.503311
-0.054058, -0.502213, -0.863053

98
-0.0176506, -0.0041811, -0.0255586
-0.997938, 0.00175733, 0.0641577
-0.0121484, 0.976383, -0.215706
-0.0630215, -0.216041, -0.974348

99
0.00969622, -0.00519136, -0.0276016
-0.961504, -0.0128313, 0.274491
-0.0196305, 0.999564, -0.0220377
-0.274089, -0.0265777, -0.961337

100
0.00857568, -0.0184864, 0.0158127
-0.998816, -0.0445899, -0.0194286
0.0443989, -0.672742, -0.738543
0.0198611, -0.738532, 0.673926

101
-0.000997368, 0.0179971, 0.0135802
0.999953, -0.00128892, -0.00955702
-0.00803393, 0.436835, -0.899506
0.00533423, 0.899541, 0.436804

102
0.00488666, 0.00905957, -0.0274947
-0.791445, 0.218181, 0.570975
0.383574, 0.90458, 0.186025
-0.475905, 0.36624, -0.799614

103
0.0142487, -0.0265667, -0.0133194
0.999716, 0.00889389, 0.0220993
-0.0202199, -0.173683, 0.984594
0.0125951, -0.984761, -0.173454

104
-0.0104124, -0.01942, -0.0178095
-0.999587, 0.025134, -0.0139032
0.0286262, 0.832011, -0.554021
-0.00235714, -0.55419, -0.832387

105
-0.00615446, 0.019095, 0.0166254
0.998903, -0.0371128, -0.0285699
0.000362635, 0.61611, -0.78766
0.0468345, 0.786785, 0.615448

106
-0.00501647, 0.00990057, -0.0231765
-0.999538, -0.0303191, -0.00197611
-0.0285789, 0.916101, 0.399928
-0.0103151, 0.3998, -0.916544

107
0.0101852, -0.0095141, 0.0172147
-0.999414, 0.0194322, -0.0281624
-0.00834436, -0.936648, -0.350172
-0.0331828, -0.349732, 0.936262

108
-0.0108991, -0.0295947, -0.00120659
-0.999587, 0.025134, -0.0139032
0.018575, 0.196449, -0.980338
-0.0219085, -0.980192, -0.196835

109
0.00630157, -0.0260001, -0.0185003
0.999213, -0.00645361, -0.0391497
0.0343929, -0.351142, 0.935691
-0.0197857, -0.9363, -0.350643

110
-0.0140184, -0.00159864, 0.0218247
-0.996378, 0.0132717, 0.0839885
-0.0114091, -0.999679, 0.022619
0.0842617, 0.0215788, 0.99621

111
0.00854581, -0.0231905, -0.0189091
-0.997632, -0.00760904, 0.0683598
-0.0497759, 0.765771, -0.641184
-0.0474691, -0.643068, -0.764336

112
-0.0113039, 0.0214074, 0.00130925
0.916359, -0.398174, -0.0417438
-0.00767388, 0.0867786, -0.996198
0.400283, 0.913196, 0.0764649

113
-0.0112278, -0.0179865, 0.0157055
0.998292, 0.0134531, -0.0568498
0.0260969, 0.767937, 0.639993
0.052267, -0.640384, 0.766275

114
-0.00131828, -0.0268625, -0.022369
-0.791445, 0.218181, 0.570975
-0.292892, 0.684529, -0.667558
-0.536497, -0.695569, -0.477864

115
-0.0194631, 0.00487903, -0.020144
0.916359, -0.398174, -0.0417438
-0.400283, -0.913196, -0.0764649
-0.00767388, 0.0867786, -0.996198

116
0.00818851, 0.0130245, -0.0200925
-0.997632, -0.00760904, 0.0683598
0.0248074, 0.887165, 0.460784
-0.0641525, 0.461389, -0.884876

117
0.0119993, -0.0228484, 0.00159255
0.942639, -0.331484, 0.0393712
0.0104234, 0.147114, 0.989065
-0.333652, -0.93192, 0.142131

118
0.0102662, -0.000208804, 0.0207604
-0.999414, 0.0194322, -0.0281624
-0.0204077, -0.999187, 0.034775
-0.0274637, 0.0353294, 0.998998

119
-0.00218641, -0.0172749, 0.00201803
-0.641665, -0.766753, -0.0188732
0.0815862, -0.0437676, -0.995705
0.762633, -0.640449, 0.0906406

120
0.00904811, -0.0251252, -0.0117941
-0.997632, -0.00760904, 0.0683598
-0.0641525, 0.461389, -0.884876
-0.0248074, -0.887165, -0.460784

121
0.0136713, -0.0248491, 0.0121077
0.999716, 0.00889389, 0.0220993
-0.0232037, 0.573519, 0.818863
-0.0053915, -0.819144, 0.573563

122
0.00854121, 0.00630883, -0.0247817
0.999607, -0.0272061, 0.00670751
-0.0230523, -0.934539, -0.355113
0.0159297, 0.354819, -0.934799

123
-0.0179393, -0.0106213, -0.0232644
-0.996378, 0.0132717, 0.0839885
-0.021705, 0.915325, -0.40213
-0.0822138, -0.402497, -0.911722

124
-0.0144388, 0.00135888, -0.02199
-0.990015, -0.00266141, -0.140934
-0.00510232, 0.999843, 0.016961
0.140867, 0.0175107, -0.989874

125
-0.0199451, -0.00813086, -0.0243531
-0.996931, -0.0288321, 0.0727843
-0.0469543, 0.964139, -0.26121
-0.062643, -0.263826, -0.962534

126
-0.0176555, -0.0213597, -0.0182007
-0.996378, 0.0132717, 0.0839885
-0.0515146, 0.691621, -0.720421
-0.0676495, -0.722138, -0.688433

127
-0.0146897, -0.00416862, 0.0204962
-0.997938, 0.00175733, 0.0641577
-0.0128936, -0.984735, -0.17358
0.0628733, -0.17405, 0.982728

128
0.00556267, 0.0205753, -0.0184639
0.999696, -0.0246365, -0.000555363
-0.0162547, -0.642309, -0.766274
0.0185216, 0.76605, -0.642514

129
0.00950188, -0.00221366, 0.00272765
0.0348731, 0.997687, -0.0583562
0.0772821, 0.0555248, 0.995462
0.996399, -0.0392247, -0.075167

130
0.00878047, 0.0175092, -0.0212149
-0.999529, 0.0286229, -0.0111061
0.0028659, 0.447142, 0.894458
0.030568, 0.894005, -0.447013

131
-0.0110682, -0.0165657, -0.0198237
-0.997793, 0.0577426, -0.0327974
0.0642809, 0.715862, -0.695277
-0.0166686, -0.69585, -0.717993

132
-0.00665009, -0.0139998, 0.020725
-0.641665, -0.766753, -0.0188732
0.367223, -0.285525, -0.885225
0.67336, -0.574948, 0.464781

133
0.00738617, 0.00611961, 0.0204927
-0.998816, -0.0445899, -0.0194286
0.03534, -0.939762, 0.339998
-0.0334187, 0.338909, 0.940225

134
-0.0186472, 0.0232208, -0.0221538
-0.670655, -0.365119, -0.645685
-0.672302, 0.666997, 0.321131
0.313418, 0.649464, -0.692795

135
-0.0140686, 0.00645023, 0.0217009
-0.979728, 0.0380688, 0.196682
0.0583021, -0.8851, 0.461735
0.191661, 0.463841, 0.864938

136
0.00981587, -0.00535616, 0.0216469
-0.999014, -0.0335912, -0.0290446
0.0387709, -0.978687, -0.201666
-0.0216513, -0.202593, 0.979024

137
-0.0140897, -0.0256131, 0.00649659
-0.998441, 0.0306831, 0.0466274
-0.0531182, -0.265686, -0.962595
-0.0171472, -0.963571, 0.266902

138
0.0170324, -0.0150211, 0.0309533
0.470796, 0.783222, 0.406096
-0.83217, 0.547099, -0.0904169
-0.292991, -0.295373, 0.909346

139
0.0121913, -0.0263662, -0.0090733
-0.993485, -0.0259587, 0.110971
-0.113622, 0.301313, -0.946731
-0.00886126, -0.953172, -0.3023

140
0.00810224, 0.00857331, 0.0167942
-0.999529, 0.0286229, -0.0111061
-0.030568, -0.894005, 0.447013
0.0028659, 0.447142, 0.894458

141
-0.014989, -0.008166, -0.0242408
-0.998441, 0.0306831, 0.0466274
0.0171472, 0.963571, -0.266902
-0.0531182, -0.265686, -0.962595

142
-0.00992659, 0.0271025, -0.0190348
0.470796, 0.783222, 0.406096
0.292991, 0.295373, -0.909346
-0.83217, 0.547099, -0.0904169

143
-0.0182119, -0.0268885, -0.00804407
-0.996931, -0.0288321, 0.0727843
-0.077497, 0.495196, -0.865318
-0.0110936, -0.868303, -0.495911

144
0.00633945, -0.0189981, -0.0186877
0.999213, -0.00645361, -0.0391497
0.0242033, -0.682719, 0.73028
-0.0314412, -0.730652, -0.682025

145
0.0116725, 0.0261838, 0.00590623
-0.996377, 0.0416223, 0.0741656
0.0517305, -0.395577, 0.916975
0.0675048, 0.917489, 0.391991

146
0.00236374, 0.00906342, 0.0224232
0.999862, -0.0133007, -0.00996864
0.00564306, 0.835743, -0.549092
0.0156345, 0.54896, 0.835702

147
0.0108483, 0.0081332, 0.0242573
-0.973931, -0.0224581, -0.225731
-0.0578092, -0.937661, 0.342709
-0.219356, 0.346824, 0.911919

148
-0.0115264, 0.0135262, -0.0202065
-0.998201, 0.0398821, -0.0447685
0.000348361, 0.750526, 0.660841
0.0599557, 0.659637, -0.749189

149
0.00992198, 0.00329708, 0.020665
-0.999073, 0.0290972, -0.0317371
-0.0332802, -0.989531, 0.140429
-0.0273188, 0.141355, 0.989582

150
0.00541339, 0.0136515, 0.0199683
0.999696, -0.0246365, -0.000555363
0.0185216, 0.76605, -0.642514
0.0162547, 0.642309, 0.766274

151
0.00199092, 0.012149, -0.0190879
0.999862, -0.0133007, -0.00996864
-0.0166039, -0.826998, -0.56196
-0.000769579, 0.562047, -0.827105

152
-0.00850656, -0.0256861, 0.00455715
-0.998327, 0.0459157, 0.0351336
-0.03404, 0.0243864, -0.999123
-0.0467322, -0.998648, -0.0227827

153
0.0118277, 0.0238301, -0.0180668
-0.999414, 0.0194322, -0.0281624
-0.0175635, 0.415012, 0.909646
0.0293642, 0.909608, -0.414428

154
-0.0143428, 0.000340398, 0.0215179
-0.979728, 0.0380688, 0.196682
-0.0194813, -0.99523, 0.0955899
0.199383, 0.0898205, 0.975796

155
-0.0145206, -0.0281206, -0.00107967
-0.998441, 0.0306831, 0.0466274
-0.0425129, 0.123281, -0.991461
-0.0361694, -0.991897, -0.121784

156
0.00222461, -0.00342858, 0.0257623
0.470796, 0.783222, 0.406096
-0.656702, 0.618488, -0.431526
-0.589146, -0.0635232, 0.805526

157
-0.0127218, -0.0179977, -0.0267479
-0.957109, -0.229585, -0.176731
-0.100036, 0.834338, -0.542101
0.271911, -0.50117, -0.821519

158
-0.00192707, 0.00902563, -0.0254623
-0.75608, 0.177122, -0.630056
0.0931228, 0.982003, 0.164313
0.64782, 0.065561, -0.758967

159
-0.0125572, -0.0300313, 0.00176983
-0.997793, 0.0577426, -0.0327974
0.0336669, 0.0141504, -0.999333
-0.05724, -0.998231, -0.0160632

160
-0.0174864, -0.0157036, -0.0226881
-0.997938, 0.00175733, 0.0641577
-0.035341, 0.819385, -0.572154
-0.0535753, -0.573241, -0.817633

161
-0.0117682, -0.00319943, -0.00411911
-0.0272888, 0.981498, -0.189515
-0.145362, -0.191467, -0.970675
-0.989002, 0.00105979, 0.147898

162
-0.012765, 0.0284265, -0.000305209
0.998292, 0.0134531, -0.0568498
-0.0554117, -0.0901942, -0.994381
-0.018505, 0.995833, -0.0892947

163
-0.0322263, -0.0064272, -0.0474169
-0.664577, 0.743805, 0.0713544
0.729484, 0.625155, 0.277549
0.161835, 0.236504, -0.958058

164
0.0184554, -0.0117083, -0.0239319
-0.992036, -0.00670259, -0.125779
0.0537298, 0.880654, -0.470703
0.113923, -0.473713, -0.87328

165
0.000625966, -0.0289875, -0.0244509
0.76916, 0.159603, 0.618805
-0.395292, -0.642019, 0.656929
0.502132, -0.749892, -0.430726

166
0.00360061, -0.0138404, -0.0235183
-0.999311, 0.0231892, 0.0289896
0.00156916, 0.806588, -0.591112
-0.0370901, -0.590659, -0.806068

167
-0.00466557, -0.0016582, -0.0206218
0.999874, 0.0137571, -0.00787235
0.0147887, -0.988416, 0.151044
-0.00570323, -0.151141, -0.988496

168
0.0136654, 0.0221699, 0.00725844
-0.993533, -0.0100574, -0.113096
-0.0885883, -0.554378, 0.827536
-0.0710208, 0.832204, 0.549902

169
-0.0094588, 0.0233943, -0.00896748
-0.999587, 0.025134, -0.0139032
-0.00877706, 0.193608, 0.98104
0.0273492, 0.980757, -0.193308

170
0.00829155, -0.00117768, -0.0201697
-0.997632, -0.00760904, 0.0683598
-0.00163109, 0.9962, 0.0870818
-0.0687626, 0.0867641, -0.993853

171
0.0154529, -0.0305568, -0.00375512
-0.993533, -0.0100574, -0.113096
0.109023, 0.193708, -0.974983
0.0317134, -0.981008, -0.191359

172
0.0108716, 0.0237322, 0.00950589
-0.999073, 0.0290972, -0.0317371
-0.0428499, -0.599751, 0.799038
0.00421538, 0.799657, 0.600442

173
-0.0147599, 0.00713299, 0.00850596
-0.148278, -0.962518, 0.227095
0.0146777, 0.227467, 0.973675
-0.988837, 0.147708, -0.0196008

174
-0.0105879, -0.0249025, -0.0150983
-0.999587, 0.025134, -0.0139032
0.0255451, 0.556598, -0.830389
-0.0131325, -0.830402, -0.557011

175
-0.014389, -0.0258118, 0.00894887
-0.996103, 0.0123362, 0.0873258
-0.0838747, -0.43855, -0.894784
0.0272585, -0.898622, 0.437875

176
0.0106545, 0.0114652, 0.0150351
-0.999414, 0.0194322, -0.0281624
-0.0293642, -0.909608, 0.414428
-0.0175635, 0.415012, 0.909646

177
-0.0184674, 0.00126021, -0.0467432
-0.444755, 0.895293, 0.0253535
0.745097, 0.354137, 0.56517
0.497014, 0.270253, -0.824585

178
0.00973786, -0.000512167, 0.018728
-0.999014, -0.0335912, -0.0290446
0.027534, -0.981718, 0.188341
-0.0348402, 0.187355, 0.981674

179
-0.016527, 0.0258611, -0.00262863
-0.992001, -0.0294235, 0.122756
0.126147, -0.195303, 0.972596
-0.00464257, 0.980301, 0.197453

180
-0.00624284, -0.00162673, -0.0291826
-0.860751, -0.105285, -0.498018
-0.253339, 0.937203, 0.239728
0.441505, 0.332514, -0.833372

181
-0.0143427, -0.0112873, 0.0197475
-0.988909, 0.00803755, 0.148307
-0.0811673, -0.865484, -0.494318
0.124384, -0.500873, 0.856537

182
0.0102176, -0.00968976, -0.0228419
-0.993485, -0.0259587, 0.110971
-0.0740771, 0.887055, -0.455682
-0.0866088, -0.460933, -0.883198

183
-0.00623409, -0.024477, -0.0186606
-0.812377, -0.220342, -0.5399
0.156713, 0.809307, -0.566095
0.56168, -0.544492, -0.622932

184
0.0131528, -0.0139339, 0.0179889
-0.98256, -0.0259847, -0.184123
0.0964139, -0.91788, -0.384969
-0.158999, -0.396007, 0.904377

185
0.0178979, -0.00199714, -0.0223375
-0.942032, 0.326652, 0.0766472
0.333202, 0.937602, 0.0993896
-0.0393988, 0.119167, -0.992092

186
-0.0111016, 0.000355346, 0.0222613
0.998292, 0.0134531, -0.0568498
-0.018505, 0.995833, -0.0892947
0.0554117, 0.0901942, 0.994381

187
0.0193487, -0.00401562, -0.0219912
0.987474, 0.157701, -0.00513917
0.157519, -0.987179, -0.0257938
-0.00914097, 0.0246611, -0.999654

188
-0.0102681, -0.0023155, -0.00412628
0.0150787, -0.945093, -0.326454
-0.283002, -0.317175, 0.905157
-0.959001, 0.0787385, -0.272246

189
0.0181463, 0.00482681, 0.0183145
0.987474, 0.157701, -0.00513917
-0.149027, 0.921472, -0.358721
-0.0518349, 0.354993, 0.933431

190
-0.0128871, 0.00975829, 0.0187104
-0.995413, 0.0190608, 0.093749
0.0101586, -0.95335, 0.301695
0.0951262, 0.301263, 0.948784

191
0.0063048, -0.00143871, -0.0224668
0.999213, -0.00645361, -0.0391497
-0.00511796, -0.999405, 0.0341213
-0.0393466, -0.0338941, -0.998651

192
-0.000505569, 0.009849, 0.0120071
0.0931471, 0.796599, -0.597289
-0.638756, -0.412361, -0.649576
-0.76375, 0.442028, 0.470422

193
0.000301465, -0.00641967, -0.018191
0.0163609, 0.956076, -0.292663
0.582884, 0.2287, 0.779707
0.812391, -0.183345, -0.553539

194
-0.023822, -0.00548725, -0.0208213
-0.900709, -0.411177, 0.140206
-0.421085, 0.905695, -0.0490284
-0.106825, -0.103199, -0.988908

195
-0.0170708, 0.028185, -0.00473254
-0.750062, 0.221718, 0.623095
0.64482, 0.035733, 0.763499
0.147017, 0.974456, -0.16977

196
-0.00880518, 0.0122118, -0.0235736
-0.664577, 0.743805, 0.0713544
0.401389, 0.274818, 0.873706
0.630258, 0.609285, -0.481193

197
-0.00667675, -0.00307586, -0.0300391
-0.872942, -0.109065, -0.475476
-0.0150181, 0.980233, -0.197275
0.487593, -0.165069, -0.857324

198
0.0111353, -0.000149448, 0.0239666
-0.954314, 0.0796917, -0.287981
-0.0682459, -0.996436, -0.049585
-0.290906, -0.0276661, 0.956352

199
0.011431, 0.0290773, -0.00036801
-0.999414, 0.0194322, -0.0281624
-0.0331828, -0.349732, 0.936262
0.00834436, 0.936648, 0.350172

200
0.0135011, -0.0182627, 0.0154379
-0.973931, -0.0224581, -0.225731
0.180536, -0.679251, -0.711354
-0.137353, -0.733562, 0.665598

201
0.00230862, 0.0248202, -0.0041287
0.999862, -0.0133007, -0.00996864
-0.0122849, -0.187348, -0.982217
0.0111966, 0.982203, -0.187486

202
-0.00489271, 0.0268307, 0.000314517
0.999874, 0.0137571, -0.00787235
-0.00570323, -0.151141, -0.988496
-0.0147887, 0.988416, -0.151044

203
-0.0150407, 0.000933611, -0.0227449
-0.976166, -0.0454669, -0.212208
-0.0455984, 0.998951, -0.0042767
0.21218, 0.00550156, -0.977215

204
-0.0222198, 0.0286532, -0.00101961
-0.947442, -0.0695466, -0.312277
-0.30408, -0.107649, 0.946545
-0.0994452, 0.991754, 0.080843

205
-0.0174088, -0.0270772, -0.00633294
-0.947699, -0.0526044, -0.3148
0.303941, 0.15224, -0.940448
0.0973969, -0.986943, -0.128289

206
0.010996, 0.00322134, 0.0241085
-0.973931, -0.0224581, -0.225731
0.0305352, -0.99901, -0.0323542
-0.224781, -0.0384036, 0.973652

207
-0.0176863, -0.0281316, -0.00133759
-0.996931, -0.0288321, 0.0727843
-0.0758432, 0.125217, -0.989226
0.0194077, -0.99171, -0.127019

208
-0.00103689, -0.0155416, 0.0139687
0.999953, -0.00128892, -0.00955702
0.00533423, 0.899541, 0.436804
0.00803393, -0.436835, 0.899506

209
-0.00784191, 0.00137936, -0.0301844
-0.879801, -0.129805, -0.457275
-0.222399, 0.962613, 0.154645
0.420105, 0.237754, -0.875777

210
-0.00818143, -0.0235944, 0.0110624
-0.998327, 0.0459157, 0.0351336
-0.0493325, -0.359636, -0.931788
-0.0301484, -0.931962, 0.361299

211
0.00433397, -0.0173323, -0.00905654
-0.744438, 0.641595, 0.184845
0.0312577, 0.310027, -0.950214
-0.666959, -0.701598, -0.250851

212
0.00853072, 0.0012404, -0.022303
-0.996377, 0.0416223, 0.0741656
0.0425699, 0.99903, 0.0112413
-0.0736258, 0.0143577, -0.997183

213
0.0162263, -0.0311031, -0.00531711
-0.992036, -0.00670259, -0.125779
0.118548, 0.287751, -0.95034
0.0425627, -0.957682, -0.284665

214
0.000410652, -0.0220663, -0.0259684
0.76916, 0.159603, 0.618805
0.0755478, -0.98423, 0.15995
0.634575, -0.0762778, -0.769088

215
-0.00927022, -0.000288312, 0.0187446
-0.999269, 0.0226936, 0.0307784
-0.0162953, -0.980838, 0.194143
0.0345944, 0.1935, 0.98049

216
-0.0100464, 0.00685248, -0.0244867
0.999713, 0.0207176, 0.0120316
0.0239443, -0.880901, -0.472695
0.000805516, 0.472848, -0.881144

217
-0.00676228, -0.00629487, -0.0300832
-0.879801, -0.129805, -0.457275
-0.0447032, 0.980323, -0.192272
0.473235, -0.14872, -0.868292

218
0.00752903, 0.00314016, 0.0199859
-0.998816, -0.0445899, -0.0194286
0.0454387, -0.997922, -0.0456914
-0.0173508, -0.0465201, 0.998767

219
-0.00982079, 0.00027644, -0.00221242
0.0931471, 0.796599, -0.597289
-0.29786, -0.550129, -0.780153
-0.950054, 0.250577, 0.186032

220
0.010285, 0.0241962, -0.0116186
-0.996377, 0.0416223, 0.0741656
0.0843121, 0.369047, 0.925578
0.0111541, 0.928478, -0.37122

221
0.0114843, 0.0107267, -0.0243413
-0.986322, -0.00141946, 0.164827
0.0525687, 0.945037, 0.322709
-0.156226, 0.326959, -0.932036

222
-0.0128824, 0.0127326, 0.0181555
-0.995413, 0.0190608, 0.093749
0.0457885, -0.765493, 0.641813
0.0839976, 0.643162, 0.761109

223
-0.000968139, 0.00174937, 0.0188298
0.999953, -0.00128892, -0.00955702
-0.00190898, 0.94496, -0.32718
0.00945272, 0.327183, 0.944914

224
-0.0238077, -0.00492926, -0.0394119
-0.611988, -0.781272, 0.122822
-0.718633, 0.484503, -0.498822
0.330208, -0.393537, -0.857958

225
0.00984203, -0.00194504, -0.0222615
-0.993388, 0.0393104, 0.107863
0.0338105, 0.998056, -0.0523535
-0.109711, -0.0483605, -0.992786

226
0.00654291, -0.000963766, -0.00884226
-0.0734172, -0.963607, -0.257045
0.0127533, 0.256812, -0.966377
0.99722, -0.0742269, -0.00656525

227
0.00366004, -0.0108362, -0.0238726
-0.999311, 0.0231892, 0.0289896
0.0156435, 0.971226, -0.237647
-0.0336663, -0.23703, -0.970919

228
-0.0148016, -0.0279584, 0.00454519
-0.996103, 0.0123362, 0.0873258
-0.0879215, -0.0612792, -0.994241
-0.00691386, -0.998044, 0.062125

229
-0.0118493, 0.00110842, -0.0240676
-0.998201, 0.0398821, -0.0447685
0.0232659, 0.945827, 0.323835
0.0552585, 0.322211, -0.945054

230
-0.0157107, -0.0280716, 0.00527132
-0.997938, 0.00175733, 0.0641577
-0.0630215, -0.216041, -0.974348
0.0121484, -0.976383, 0.215706

231
-0.00813968, -0.027416, 0.00763414
0.998903, -0.0371128, -0.0285699
0.0431306, 0.491119, 0.870024
-0.0182578, -0.870301, 0.492181

232
-0.0172051, -0.0256387, 0.00624046
-0.996931, -0.0288321, 0.0727843
-0.062643, -0.263826, -0.962534
0.0469543, -0.964139, 0.26121

233
-0.0137529, -0.00642681, 0.0234171
-0.988909, 0.00803755, 0.148307
-0.0273891, -0.991278, -0.128908
0.145977, -0.13154, 0.980504

234
-0.000986844, -0.00232944, 0.0174227
0.999953, -0.00128892, -0.00955702
0.00185373, 0.998237, 0.0593283
0.0094637, -0.0593433, 0.998193

235
-0.0131099, 0.0121106, 0.0181822
-0.996103, 0.0123362, 0.0873258
0.0272585, -0.898622, 0.437875
0.0838747, 0.43855, 0.894784

236
-0.00777314, -0.0324968, -0.0130718
-0.812377, -0.220342, -0.5399
0.35973, 0.539334, -0.761389
0.458953, -0.812754, -0.358879

237
-0.0132638, -0.0215372, -6.25799e-05
-0.900709, -0.411177, 0.140206
-0.106825, -0.103199, -0.988908
0.421085, -0.905695, 0.0490284

238
-0.0193677, -0.0194928, -0.0209462
-0.996931, -0.0288321, 0.0727843
-0.0673525, 0.789787, -0.609673
-0.0399059, -0.612704, -0.789305

239
-0.0177985, 0.0262155, 0.000385291
-0.684932, 0.107834, 0.720583
0.615194, -0.444313, 0.651247
0.390391, 0.889358, 0.237986

240
-0.000933018, -0.0182344, -0.0192491
-0.70131, 0.267532, 0.66075
-0.0281838, 0.915774, -0.400703
-0.712299, -0.29964, -0.634702

241
-0.00724802, -0.00321912, -0.0293788
-0.888417, 0.108223, -0.446097
0.114994, 0.993294, 0.0119578
0.4444, -0.0406752, -0.894905

242
-0.0138666, 0.0102594, -0.0247575
-0.943284, -0.0602721, -0.326469
-0.213204, 0.863773, 0.456553
0.254477, 0.500264, -0.827634

243
-0.0159889, -0.0270222, 0.00246596
-0.996378, 0.0132717, 0.0839885
-0.0842617, -0.0215788, -0.99621
-0.0114091, -0.999679, 0.022619

244
-0.00955532, 0.0139245, -0.0191477
-0.999587, 0.025134, -0.0139032
0.0131325, 0.830402, 0.557011
0.0255451, 0.556598, -0.830389

245
0.0100978, 0.0217053, -0.01657
-0.993485, -0.0259587, 0.110971
0.0866088, 0.460933, 0.883198
-0.0740771, 0.887055, -0.455682

246
0.0100514, -0.0282518, 0.00249961
-0.997632, -0.00760904, 0.0683598
-0.0687626, 0.0867641, -0.993853
0.00163109, -0.9962, -0.0870818

247
0.00222034, 0.0231565, -0.0107637
0.999862, -0.0133007, -0.00996864
-0.0156345, -0.54896, -0.835702
0.00564306, 0.835743, -0.549092

248
0.014887, -0.0239789, 0.0100271
-0.973931, -0.0224581, -0.225731
0.219356, -0.346824, -0.911919
-0.0578092, -0.937661, 0.342709

249
0.0177813, -0.0220124, -0.0180664
-0.992036, -0.00670259, -0.125779
0.0932361, 0.632336, -0.769063
0.0846892, -0.774665, -0.626675

250
0.00290187, -0.023006, -0.0288226
0.76916, 0.159603, 0.618805
-0.173044, -0.88012, 0.442092
0.615181, -0.44712, -0.649335

251
0.0120218, -0.0231325, -0.00448348
-0.942032, 0.326652, 0.0766472
-0.0393988, 0.119167, -0.992092
-0.333202, -0.937602, -0.0993896

252
0.0142354, 0.0235027, 0.00692854
-0.98256, -0.0259847, -0.184123
-0.158999, -0.396007, 0.904377
-0.0964139, 0.91788, 0.384969

253
0.00627434, -0.0205941, 0.0100798
-0.744438, 0.641595, 0.184845
-0.226356, 0.0179379, -0.973879
-0.628152, -0.766834, 0.131875

254
0.00463434, 0.021856, -0.0164383
-0.999311, 0.0231892, 0.0289896
0.0336663, 0.23703, 0.970919
0.0156435, 0.971226, -0.237647

255
-0.00494799, 0.0227823, -0.0137816
0.999874, 0.0137571, -0.00787235
0.0003903, -0.517887, -0.855449
-0.0158455, 0.855339, -0.517827

256
0.0108623, -0.0184129, 0.0159055
0.998639, 0.0381035, 0.0356162
-0.0520031, 0.674927, 0.73605
0.00400773, -0.7369, 0.67599

257
0.00816576, -0.00629521, -0.022575
-0.997632, -0.00760904, 0.0683598
-0.0278212, 0.953572, -0.299878
-0.0629042, -0.30107, -0.951525

258
-0.0117515, 0.0210612, 0.0157485
0.998292, 0.0134531, -0.0568498
-0.052267, 0.640384, -0.766275
0.0260969, 0.767937, 0.639993

259
0.00577247, 0.0286863, -0.000614356
0.999696, -0.0246365, -0.000555363
0.00160291, 0.0874984, -0.996163
0.0245906, 0.99586, 0.0875113

260
-0.0172501, 0.0271534, 0.00184576
-0.979728, 0.0380688, 0.196682
0.17675, -0.297875, 0.938099
0.0942989, 0.953846, 0.285108

261
0.000532409, -0.00987229, -0.0233617
-0.670655, -0.365119, -0.645685
-0.253769, 0.930878, -0.262806
0.69701, -0.0123974, -0.716955

262
-0.0106078, -0.00928636, -0.0210145
-0.997793, 0.0577426, -0.0327974
0.0657666, 0.927661, -0.367588
0.00919941, -0.368933, -0.92941

263
-0.0152328, -0.0280187, 0.0115925
-0.996378, 0.0132717, 0.0839885
-0.0822138, -0.402497, -0.911722
0.021705, -0.915325, 0.40213

264
-0.0152616, -0.0228971, -0.0157517
-0.990015, -0.00266141, -0.140934
0.0960001, 0.719378, -0.687953
0.103216, -0.694614, -0.71194

265
-0.01331, -0.0020881, 0.0179057
-0.996103, 0.0123362, 0.0873258
-0.00691386, -0.998044, 0.062125
0.0879215, 0.0612792, 0.994241

266
0.0117441, -0.0275115, 0.000914653
0.998639, 0.0381035, 0.0356162
-0.0465109, 0.341552, 0.938711
0.0236034, -0.93909, 0.342859

267
-0.0123001, -0.0110958, -0.0248898
-0.998201, 0.0398821, -0.0447685
0.0555251, 0.896639, -0.439268
0.0226222, -0.440963, -0.89724

268
-0.0116345, 0.00159176, -0.0271085
-0.947442, -0.0695466, -0.312277
-0.0994452, 0.991754, 0.080843
0.30408, 0.107649, -0.946545

269
0.0130698, -0.0221164, -0.0178733
0.942639, -0.331484, 0.0393712
-0.118053, -0.220714, 0.968168
-0.312243, -0.91728, -0.247187

270
0.0311939, 0.0170522, 0.0143032
-0.85621, 0.0637231, 0.512682
0.32581, -0.703541, 0.631568
0.400939, 0.707792, 0.581618

271
-0.0142028, -0.0127737, -0.0233809
-0.990015, -0.00266141, -0.140934
0.0491935, 0.930436, -0.363138
0.132097, -0.366446, -0.921015

272
0.0177907, -0.00958522, -0.0253963
0.942639, -0.331484, 0.0393712
-0.304265, -0.804684, 0.50981
-0.137313, -0.492546, -0.859385

273
-0.0167738, -0.0314377, -0.00614843
-0.996378, 0.0132717, 0.0839885
-0.0734816, 0.362624, -0.929034
-0.0427862, -0.931841, -0.360336

274
0.00227441, 0.0040121, 0.0202028
0.999862, -0.0133007, -0.00996864
0.0111966, 0.982203, -0.187486
0.0122849, 0.187348, 0.982217

275
-0.00950643, 0.0166241, -0.0177824
-0.999587, 0.025134, -0.0139032
0.00235714, 0.55419, 0.832387
0.0286262, 0.832011, -0.554021

276
-0.000306455, -0.0237038, -0.0251954
0.823683, -0.153521, -0.545874
0.320627, -0.667903, 0.671643
-0.467702, -0.728243, -0.500917

277
0.0115735, 0.0237947, -0.0125332
-0.999073, 0.0290972, -0.0317371
-0.0273188, 0.141355, 0.989582
0.0332802, 0.989531, -0.140429

278
-0.0166546, -0.00584313, 0.0216224
-0.996931, -0.0288321, 0.0727843
0.0194077, -0.99171, -0.127019
0.0758432, -0.125217, 0.989226

279
-0.00115319, 0.030672, -0.0360903
0.470796, 0.783222, 0.406096
0.589146, 0.0635232, -0.805526
-0.656702, 0.618488, -0.431526

280
-0.00200341, -0.0141396, 0.0105082
-0.2552, -0.788699, -0.559309
0.589633, 0.331505, -0.736503
0.766293, -0.517743, 0.380443

281
0.0113569, -0.0256913, -0.0163854
-0.993485, -0.0259587, 0.110971
-0.101582, 0.64314, -0.758981
-0.051668, -0.765308, -0.641587

282
0.0106994, 0.0260008, -0.00706421
-0.996377, 0.0416223, 0.0741656
0.0736258, -0.0143577, 0.997183
0.0425699, 0.99903, 0.0112413

283
-0.0166863, -0.0239199, 0.0140282
-0.996931, -0.0288321, 0.0727843
-0.0399059, -0.612704, -0.789305
0.0673525, -0.789787, 0.609673

284
-0.0139254, 0.00810963, 0.0214792
-0.988909, 0.00803755, 0.148307
0.0305588, -0.96616, 0.256127
0.145347, 0.257819, 0.955198

285
-0.00448069, -0.00759518, -0.0257467
-0.999538, -0.0303191, -0.00197611
-0.0275022, 0.930482, -0.365303
0.0129144, -0.36508, -0.930887

286
-0.0148019, 0.0190459, 0.0150419
-0.988909, 0.00803755, 0.148307
0.0838544, -0.793952, 0.602169
0.122588, 0.607927, 0.784473

287
-0.0167166, -0.00826732, 0.019813
-0.996931, -0.0288321, 0.0727843
-0.0110936, -0.868303, -0.495911
0.077497, -0.495196, 0.865318

288
-0.0138433, -0.0153678, -0.0240906
-0.957109, -0.229585, -0.176731
0.0116349, 0.579038, -0.815217
0.289496, -0.782308, -0.551531

289
-0.00481245, -0.0204298, -0.0283609
-0.886472, -0.158264, -0.434879
0.050433, 0.901071, -0.430729
0.460026, -0.403761, -0.790793

290
0.00752547, 0.0172573, -0.0181552
0.997843, -0.0375265, -0.053857
-0.0655494, -0.61311, -0.787273
-0.0034767, 0.789105, -0.614248

291
0.0138336, -0.0269736, 0.00548784
-0.993485, -0.0259587, 0.110971
-0.108364, -0.0863858, -0.990351
0.0352946, -0.995924, 0.0830099

292
0.00523243, 0.00629341, 0.0206353
0.999696, -0.0246365, -0.000555363
0.0233321, 0.953539, -0.300365
0.00792951, 0.300261, 0.953824

293
-0.00402521, -0.00909695, -0.022352
-0.483987, -0.87439, -0.0346347
-0.384948, 0.248284, -0.888915
0.785857, -0.41689, -0.456761

294
-0.0150288, 0.0163095, -0.0228077
-0.997401, -0.0276248, 0.0665387
0.0395951, 0.5614, 0.826597
-0.0601894, 0.827084, -0.558847

295
0.0285776, 0.0274485, -0.000484887
0.797909, -0.224086, -0.559577
-0.507064, 0.252425, -0.824116
0.325924, 0.941311, 0.0877859

296
0.0176455, -0.0145642, 0.0315157
-0.81785, 0.548224, 0.174848
-0.463708, -0.447977, -0.76439
-0.340729, -0.706235, 0.620594

297
0.0233642, 0.00419049, 0.0207142
-0.961504, -0.0128313, 0.274491
0.123025, -0.913306, 0.388248
0.245713, 0.407071, 0.879726
