0
-0.00757447, 0.0768152, 0.0146532
0.326933, -0.291572, -0.898944
-0.618719, 0.652979, -0.436812
0.714354, 0.699002, 0.0330793

1
-0.00177063, 0.00754311, -0.0187323
-0.993876, 0.110497, -0.00121674
-0.00401207, -0.025079, 0.999677
0.110431, 0.99356, 0.0253688

2
-0.0116786, 0.0218747, -0.0227003
0.92153, 0.388307, 0.000256553
0.0212012, -0.049655, -0.998541
-0.387728, 0.920191, -0.0539912

3
-0.00407606, -0.00628011, -0.0224724
0.908548, -0.417759, -0.00426438
-0.0418664, -0.101198, 0.993985
-0.415678, -0.902904, -0.109433

4
-0.0053645, -0.0242824, 0.0266637
-0.993876, 0.110497, -0.00121674
-0.10356, -0.927527, 0.359122
0.0385533, 0.357049, 0.93329

5
0.00667483, -0.00170254, -0.0188837
0.0285677, -0.999584, 0.00386586
0.0224433, -0.00322506, -0.999743
0.99934, 0.0286471, 0.0223418

6
-0.00947727, 0.0410226, 0.0233977
0.324839, 0.308199, 0.894144
-0.062498, 0.950343, -0.304864
-0.943702, 0.0431497, 0.32797

7
0.00825838, -0.0026211, -0.0166976
-0.229696, -0.973229, -0.00813193
0.0661629, -0.00727829, -0.997782
0.971011, -0.229724, 0.0660635

8
0.00682021, 0.016914, 0.0268214
0.908548, -0.417759, -0.00426438
0.368015, 0.795448, 0.481485
-0.197753, -0.439021, 0.876444

9
-0.0148448, 0.0129312, 0.0223799
0.745672, 0.66615, 0.0147745
-0.492362, 0.535927, 0.685829
0.448947, -0.518678, 0.727613

10
-0.0113245, 0.00056057, -0.0186489
0.193928, 0.981014, -0.00194534
-0.0269014, 0.00333563, -0.999633
-0.980647, 0.193909, 0.0270375

11
0.0102679, 0.0185153, 0.0282663
0.866532, -0.499119, -0.00175074
0.482218, 0.836273, 0.260985
-0.128798, -0.226996, 0.965341

12
-0.00593297, 0.0146569, 0.0226861
-0.985342, -0.166744, 0.0360324
0.0862481, -0.669165, -0.738092
0.147184, -0.724165, 0.673737

13
-0.00662194, -0.0125502, -0.0150868
0.912704, -0.408621, -0.000525693
0.0406369, 0.0894873, 0.995159
-0.406595, -0.908307, 0.0982805

14
-0.0542857, -0.0113373, -0.0201241
0.0159415, 0.999863, 0.00449862
0.00253823, 0.00445871, -0.999987
-0.99987, 0.0159527, -0.0024668

15
-0.0050391, 0.00160346, -0.0132761
-0.985342, -0.166744, 0.0360324
-0.0430882, 0.0388912, -0.998314
0.165061, -0.985233, -0.0455058

16
-0.0206618, 0.00571297, -0.025596
0.359378, 0.933191, -0.00156896
0.103868, -0.0416709, -0.993718
-0.927394, 0.356957, -0.111904

17
0.0515704, 0.00656873, -0.0200986
0.0740763, -0.997251, 0.00200961
-0.00180213, -0.00214901, -0.999996
0.997251, 0.0740724, -0.00195637

18
0.00283473, -0.00529625, 0.0187277
0.688538, 0.725196, -0.00228
-0.562711, 0.532278, -0.632485
-0.457462, 0.436773, 0.77457

19
0.00436028, -0.0204706, 0.0213701
-0.951582, -0.307095, 0.0136012
0.244012, -0.727718, 0.641003
-0.186951, 0.613285, 0.767418

20
0.00276254, -0.00268776, -0.0215267
-0.171184, -0.985218, 0.00641938
-0.090279, 0.00919741, -0.995874
0.981094, -0.171057, -0.090519

21
0.00571271, -0.0171371, 0.0226499
-0.890047, -0.45375, 0.0438991
0.359821, -0.640129, 0.678796
-0.279903, 0.619956, 0.733014

22
0.0139717, -0.00425407, -0.0252594
-0.205601, -0.978633, -0.00243529
-0.16115, 0.0363102, -0.986262
0.965277, -0.202384, -0.165172

23
0.000231535, 0.0165533, 0.0220917
-0.984918, 0.168738, 0.0382606
-0.148059, -0.707536, -0.690993
-0.089526, -0.686236, 0.721849

24
0.0329527, 0.000826483, 0.0261372
0.049557, -0.998771, 0.000140289
0.921628, 0.0456752, -0.385378
0.384898, 0.0192275, 0.922759

25
0.0616788, -0.0251501, 0.0194165
-0.406885, -0.196078, -0.892187
0.911545, -0.0236216, -0.410522
0.0594196, -0.980304, 0.188345

26
-0.0397326, -0.0117285, 0.0152669
0.0159415, 0.999863, 0.00449862
-0.70522, 0.014433, -0.708842
-0.708809, 0.00812747, 0.705353

27
-0.0307369, 0.0344327, 0.0327062
0.145083, 0.404461, 0.902974
-0.540263, 0.796949, -0.270164
-0.828895, -0.448647, 0.334139

28
0.0180691, -0.00327198, 0.0258298
0.121034, 0.99263, 0.00610189
-0.849949, 0.106808, -0.515925
-0.512774, 0.0572582, 0.856612

29
0.00780515, 0.0196192, 0.0278501
0.912704, -0.408621, -0.000525693
0.391196, 0.873411, 0.290031
-0.118054, -0.264918, 0.957017

30
0.0599099, 0.0269487, 0.0214249
-0.429063, 0.902588, -0.0352015
-0.807364, -0.365738, 0.463032
0.405053, 0.22709, 0.885642

31
-0.0176956, -0.00679535, 0.0232701
0.320186, -0.947304, -0.00978488
0.64708, 0.226232, -0.728084
0.691931, 0.226791, 0.685418

32
-0.0233494, 0.0021672, 0.0272706
-0.171184, -0.985218, 0.00641938
0.871864, -0.154517, -0.464733
0.458855, -0.0739582, 0.885428

33
-0.0175874, 0.00492537, 0.022587
-0.35707, -0.934033, 0.00910711
0.625086, -0.246185, -0.740717
0.694096, -0.258795, 0.671756

34
0.0130695, 0.000671197, 0.0226244
-0.15504, 0.987773, -0.0163571
-0.662582, -0.116251, -0.739912
-0.732767, -0.103878, 0.672504

35
0.00179794, 0.00297256, 0.029999
0.0740763, -0.997251, 0.00200961
0.997251, 0.0740724, -0.00195637
0.00180213, 0.00214901, 0.999996

36
-8.40322e-05, 0.0143502, 0.0228179
-0.983939, 0.172307, 0.0466266
-0.150595, -0.661041, -0.735082
-0.0958373, -0.730298, 0.676373

37
-0.00948328, 0.00134438, 0.00932068
0.332209, 0.943205, -0.000896477
-0.553365, 0.194132, -0.81
-0.763822, 0.269585, 0.586429

38
-0.0197906, 0.0116056, 0.0352829
0.434177, -0.159332, -0.886625
0.554389, 0.823032, 0.123579
0.71003, -0.54519, 0.445673

39
-0.00441908, -0.0123578, 0.0299986
0.0159415, 0.999863, 0.00449862
-0.99987, 0.0159527, -0.0024668
-0.00253823, -0.00445871, 0.999987

40
0.0109675, -0.00618414, 0.0299985
-0.253945, -0.967219, 0.000366215
0.967205, -0.253943, -0.00527333
0.00519346, -0.00098493, 0.999986

41
0.00801361, 0.0154794, 0.0228473
0.859758, -0.510276, -0.0208431
0.41767, 0.679069, 0.603669
-0.293884, -0.527715, 0.796962

42
0.0177369, 0.00619898, 0.0325667
-0.406885, -0.196078, -0.892187
0.40373, -0.914722, 0.0169086
-0.819419, -0.353322, 0.451349

43
0.0642233, 0.0287354, 0.0197941
-0.414886, 0.909866, -0.00364993
-0.744846, -0.33733, 0.575685
0.522565, 0.241562, 0.817664

44
0.07333, -0.0161085, 0.0143857
0.193928, 0.981014, -0.00194534
-0.6744, 0.134756, 0.725965
0.712444, -0.139473, 0.687729

45
-0.0136773, -0.0193771, 0.0274371
0.854477, -0.519433, 0.00761069
0.464658, 0.757655, -0.458314
0.232297, 0.395155, 0.888758

46
-0.0262364, -0.00463262, 0.0287385
0.11365, -0.993509, 0.00484283
0.968603, 0.109713, -0.223095
0.221115, 0.0300454, 0.974785

47
-0.00220925, 0.00039882, -0.0296375
0.859758, -0.510276, -0.0208431
-0.111678, -0.227677, 0.967311
-0.498342, -0.829326, -0.252734

48
0.0200186, -0.00553031, 0.0299232
0.204054, 0.978959, -0.000863605
-0.977481, 0.203698, -0.0551201
-0.0537844, 0.0120916, 0.998479

49
0.0140647, -0.0182833, 0.0362814
-0.363128, 0.297988, -0.882803
-0.718785, -0.692469, 0.0619205
-0.592863, 0.657031, 0.465644

50
0.00885998, -0.0150902, 0.0230754
0.792258, 0.609835, -0.0207192
-0.463414, 0.579254, -0.670606
-0.396957, 0.540895, 0.741524

51
0.00795077, -0.016625, 0.0389908
-0.342656, 0.323581, -0.881976
-0.810449, -0.576627, 0.103313
-0.475141, 0.750198, 0.459831

52
0.0472264, 0.00630256, 0.0389357
-0.15504, 0.987773, -0.0163571
-0.986661, -0.155655, -0.0476646
-0.0496278, 0.00874896, 0.998729

53
0.00460389, -0.0178727, 0.0299984
-0.941477, -0.337076, -0.000189769
0.337069, -0.941463, 0.00563761
-0.00207896, 0.00524372, 0.999984

54
-0.0757987, 0.0145192, 0.00950048
-0.205601, -0.978633, -0.00243529
0.518279, -0.110995, 0.847978
-0.83013, 0.173083, 0.530025

55
-0.0108394, 0.011583, 0.023208
-0.822311, -0.565419, -0.0640798
0.395575, -0.487054, -0.778652
0.409055, -0.665642, 0.624175

56
0.0239107, -0.00678291, 0.0302063
0.373303, 0.241827, 0.895637
-0.807937, 0.559226, 0.185755
-0.455942, -0.792961, 0.404141

57
-0.0202491, 0.0224515, 0.0356112
0.0324971, 0.422013, 0.906007
-0.897832, 0.410609, -0.159055
-0.439138, -0.808273, 0.39224

58
0.00549787, -0.0137445, 0.0243339
-0.873871, -0.145659, -0.463824
-0.270134, -0.647739, 0.712364
-0.404199, 0.747809, 0.526693

59
-0.00536621, -0.0001054, -0.0244428
0.121034, 0.99263, 0.00610189
0.14848, -0.0120259, -0.988842
-0.981481, 0.12059, -0.148841

60
-0.0557247, -0.0150117, -0.0172166
-0.417512, 0.908655, -0.00540207
0.00617717, -0.00310668, -0.999976
-0.90865, -0.417536, -0.00431584

61
0.0252129, -0.0656921, 0.00159955
0.92153, 0.388307, 0.000256553
-0.167964, 0.398017, 0.90187
0.350101, -0.831144, 0.432007

62
0.0133089, -0.014334, 0.0240919
0.654758, 0.755823, -0.00484235
-0.622997, 0.536043, -0.569677
-0.427979, 0.376018, 0.821854

63
0.0201867, -0.00557868, 0.0266936
0.193928, 0.981014, -0.00194534
-0.916294, 0.180425, -0.357563
-0.350424, 0.0711241, 0.933887

64
0.0398033, -0.0101769, 0.0168002
-0.270857, 0.381227, -0.883913
-0.874703, 0.285908, 0.391345
0.401909, 0.87916, 0.25602

65
-0.0778049, -0.0106281, 0.00895655
0.11365, -0.993509, 0.00484283
0.574952, 0.0697437, 0.815209
-0.810255, -0.0898639, 0.579146

66
-0.0658032, -0.0434704, 0.00846176
0.546045, -0.837743, 0.00467783
0.474796, 0.314065, 0.822151
-0.69022, -0.446711, 0.569251

67
0.0691342, 0.026052, 0.0129658
-0.356785, 0.934181, 0.00333805
-0.558936, -0.216331, 0.800494
0.748528, 0.283738, 0.599331

68
-0.0302408, -0.0727299, 0.0110837
0.934859, -0.355016, 0.00154915
0.219576, 0.581623, 0.783263
-0.278972, -0.7319, 0.621689

69
-0.021012, 0.0108272, 0.0289831
0.389645, -0.207645, -0.897252
0.540603, 0.840312, 0.0402969
0.745604, -0.500758, 0.439677

70
-0.00226942, -0.00670243, -0.0313314
-0.890047, -0.45375, 0.0438991
-0.120899, 0.327798, 0.93698
-0.439545, 0.828649, -0.346613

71
0.0538434, -0.0537488, 0.0116235
0.688538, 0.725196, -0.00228
-0.457462, 0.436773, 0.77457
0.562711, -0.532278, 0.632485

72
0.0141628, 0.00531541, 0.0243345
-0.429063, 0.902588, -0.0352015
-0.683185, -0.349766, -0.641032
-0.5909, -0.250994, 0.766706

73
0.00664777, -0.0216521, 0.0299263
0.92153, 0.388307, 0.000256553
-0.387728, 0.920191, -0.0539912
-0.0212012, 0.049655, 0.998541

74
0.00967665, 0.00550983, -0.0305656
0.546045, -0.837743, 0.00467783
-0.174519, -0.11921, -0.977411
0.819376, 0.532894, -0.211296

75
0.0147223, -0.0126461, 0.0262398
0.0159415, 0.999863, 0.00449862
-0.92473, 0.0130321, 0.380399
0.380289, -0.0102241, 0.924811

76
-0.0262364, -0.00463262, 0.0287385
0.11365, -0.993509, 0.00484283
0.968603, 0.109713, -0.223095
0.221115, 0.0300454, 0.974785

77
0.0235132, -0.0731674, 0.0140575
0.94455, 0.32836, 0.00208125
-0.205507, 0.586189, 0.783677
0.256108, -0.74065, 0.621165

78
-0.0184312, 0.00171295, -0.0302245
-0.863633, -0.464388, 0.19617
-0.391805, 0.373451, -0.840847
0.317219, -0.803043, -0.504474

79
0.010462, -0.00751379, 0.0233057
-0.528412, -0.844036, -0.091562
0.441902, -0.365524, 0.819216
-0.724916, 0.392422, 0.566129

80
-0.00232832, -0.00160411, -0.00953955
-0.337926, 0.941157, -0.00541708
-0.195129, -0.0756899, -0.977853
-0.920723, -0.329384, 0.209224

81
-0.0225662, -0.0151744, 0.0288698
0.546045, -0.837743, 0.00467783
0.819376, 0.532894, -0.211296
0.174519, 0.11921, 0.977411

82
-0.00875366, -0.00200804, 0.0161354
0.0285677, -0.999584, 0.00386586
0.72251, 0.0179761, -0.691127
0.69077, 0.022537, 0.722723

83
0.0119143, -0.0205953, 0.0293499
-0.345345, 0.300122, -0.889192
-0.783974, -0.613081, 0.0975518
-0.51587, 0.730793, 0.447013

84
-0.0769618, 0.0172444, 0.0129405
-0.229696, -0.973229, -0.00813193
0.639824, -0.157293, 0.752253
-0.733393, 0.167586, 0.658825

85
0.0356598, 0.0605816, 0.040373
-0.854897, 0.507197, 0.109097
-0.486693, -0.856887, 0.169922
0.179668, 0.0921692, 0.9794

86
0.0599005, 0.00215976, -0.00100148
0.049557, -0.998771, 0.000140289
0.379526, 0.0187014, -0.924992
0.923853, 0.0458931, 0.379986

87
-0.00916805, 0.021239, 0.030634
-0.961689, -0.27414, -0.000912915
0.261439, -0.916121, -0.303928
0.0824823, -0.292523, 0.952695

88
0.011138, -0.000649232, -0.0311555
0.11365, -0.993509, 0.00484283
-0.221115, -0.0300454, -0.974785
0.968603, 0.109713, -0.223095

89
0.00133417, 0.0103052, -0.0142883
0.934859, -0.355016, 0.00154915
0.0419996, 0.106262, -0.993451
0.352527, 0.928801, 0.11425

90
0.00376101, 0.00104856, 0.0230239
-0.356785, 0.934181, 0.00333805
-0.748528, -0.283738, -0.599331
-0.558936, -0.216331, 0.800494

91
0.0370297, 0.00555994, 0.0152853
0.0740763, -0.997251, 0.00200961
0.703889, 0.0508575, -0.708487
0.706437, 0.0538967, 0.705721

92
-0.0132919, 0.0208987, 0.0268329
-0.420937, 0.12402, 0.898572
0.113151, -0.975693, 0.187669
0.900005, 0.180671, 0.396673

93
0.0180542, 0.00589566, 0.0219687
-0.337926, 0.941157, -0.00541708
-0.789026, -0.286431, -0.543502
-0.513073, -0.179389, 0.83939

94
0.0668324, -0.0153131, 0.00165052
0.204054, 0.978959, -0.000863605
-0.423756, 0.0891229, 0.901381
0.882492, -0.183565, 0.433026

95
0.000781434, -0.0216617, 0.0407745
-0.18554, 0.408651, -0.893633
-0.972823, -0.204597, 0.108422
-0.138528, 0.889463, 0.435506

96
0.0205144, -0.0100513, 0.0296851
0.359378, 0.933191, -0.00156896
-0.927394, 0.356957, -0.111904
-0.103868, 0.0416709, 0.993718

97
0.000362955, -0.0120513, -0.0128114
-0.961689, -0.27414, -0.000912915
0.0238445, -0.0803287, -0.996483
0.273102, -0.958329, 0.083788

98
-0.00649178, 0.00609743, -0.0322048
-0.985342, -0.166744, 0.0360324
-0.102975, 0.412963, -0.904908
0.136008, -0.895354, -0.42408

99
0.0688851, -0.0262609, 0.00619551
0.332209, 0.943205, -0.000896477
-0.493916, 0.174773, 0.851763
0.803545, -0.282521, 0.523926

100
-0.0708971, 0.0230692, 0.0107512
-0.322612, -0.946493, -0.00853352
0.581588, -0.205331, 0.787143
-0.746777, 0.248979, 0.616712

101
0.000617043, 0.00342518, -0.0211665
0.854477, -0.519433, 0.00761069
-0.0367979, -0.0751338, -0.996494
0.518184, 0.851201, -0.0833142

102
-0.0135644, -0.00538121, -0.0293695
-0.356785, 0.934181, 0.00333805
0.229941, 0.0912817, -0.968914
-0.905446, -0.344926, -0.247374

103
0.00582867, -0.00188603, -0.0360408
-0.229696, -0.973229, -0.00813193
-0.310463, 0.0811874, -0.947112
0.922417, -0.215023, -0.3208

104
-0.00803218, -0.0131091, -0.0135857
0.866532, -0.499119, -0.00175074
0.0655425, 0.110311, 0.991734
-0.4948, -0.859483, 0.128302

105
0.00974079, -0.0367291, 0.0307144
-0.951582, -0.307095, 0.0136012
0.296981, -0.907018, 0.298531
-0.0793409, 0.288116, 0.954303

106
-0.0746377, 0.0110155, 0.017568
-0.171184, -0.985218, 0.00641938
0.757575, -0.127459, 0.640183
-0.629901, 0.114452, 0.768196

107
-0.022741, 0.068915, 0.012041
-0.961689, -0.27414, -0.000912915
0.176252, -0.62084, 0.763867
-0.209973, 0.734442, 0.645373

108
0.0555905, 0.0208328, 0.0260015
-0.356785, 0.934181, 0.00333805
-0.802839, -0.308446, 0.510206
0.477654, 0.179354, 0.860046

109
-0.011487, -0.0232717, 0.0280768
0.934859, -0.355016, 0.00154915
0.341765, 0.898765, -0.274624
0.0961036, 0.257264, 0.961551

110
0.0309688, -0.0128565, 0.0154413
0.0159415, 0.999863, 0.00449862
-0.708809, 0.00812747, 0.705353
0.70522, -0.014433, 0.708842

111
0.011138, -0.000649232, -0.0311555
0.11365, -0.993509, 0.00484283
-0.221115, -0.0300454, -0.974785
0.968603, 0.109713, -0.223095

112
0.0662085, -0.0332159, 0.0135603
-0.451325, -0.0816522, -0.888616
0.850529, 0.261952, -0.45605
0.270013, -0.96162, -0.048778

113
0.00425651, 0.000543571, -0.0471759
-0.337926, 0.941157, -0.00541708
0.513073, 0.179389, -0.83939
-0.789026, -0.286431, -0.543502

114
0.0367018, -0.0261839, 0.0439786
-0.528412, -0.844036, -0.091562
0.825065, -0.535949, 0.178959
-0.200121, 0.0190197, 0.979587

115
-0.0106635, -0.072095, 0.0130299
-0.993876, 0.110497, -0.00121674
-0.0385533, -0.357049, -0.93329
-0.10356, -0.927527, 0.359122

116
-0.0140474, 0.000471136, 0.0347235
-0.429572, 0.0664946, 0.900581
-0.18008, -0.983562, -0.0132756
0.884895, -0.167879, 0.434485

117
0.021267, -0.00946722, 0.0293705
0.332209, 0.943205, -0.000896477
-0.931392, 0.327898, -0.158088
-0.148816, 0.0533534, 0.987425

118
-0.0758051, -0.00394381, 0.0110999
0.0285677, -0.999584, 0.00386586
0.69077, 0.022537, 0.722723
-0.72251, -0.0179761, 0.691127

119
0.0702138, -0.00958937, 0.0192001
0.121034, 0.99263, 0.00610189
-0.799003, 0.0937735, 0.593971
0.589021, -0.0767662, 0.804463

120
0.0144501, -0.000631084, 0.036
-0.462214, 0.0184941, -0.886575
0.0534852, -0.997381, -0.0486899
-0.885154, -0.0699239, 0.460015

121
0.0554862, -0.0178844, -0.00111047
-0.253945, -0.967219, 0.000366215
0.365335, -0.0962699, -0.925885
0.895568, -0.23499, 0.377806

122
0.0478093, 0.00632793, -0.000957052
0.0740763, -0.997251, 0.00200961
0.379966, 0.0263608, -0.924625
0.922029, 0.0692563, 0.380874

123
-0.00841341, -0.000507863, 0.0150084
-0.171184, -0.985218, 0.00641938
0.629901, -0.114452, -0.768196
0.757575, -0.127459, 0.640183

124
0.0289506, 0.0668702, 0.012191
0.912704, -0.408621, -0.000525693
0.118054, 0.264918, -0.957017
0.391196, 0.873411, 0.290031

125
-0.025164, 0.00815881, 0.0324017
0.157494, -0.402952, -0.901568
0.980512, -0.0447624, 0.191291
-0.117437, -0.914126, 0.388049

126
0.0358317, 0.0629575, 0.0110504
0.866532, -0.499119, -0.00175074
0.128798, 0.226996, -0.965341
0.482218, 0.836273, 0.260985

127
-0.0512774, -0.0583395, 0.00683949
-0.007512, 0.431356, -0.90215
0.0231121, -0.90186, -0.43141
-0.999705, -0.0240913, -0.00319476

128
-0.0247152, 0.00714404, 0.0311608
-0.322612, -0.946493, -0.00853352
0.912496, -0.308603, -0.268541
0.251538, -0.0944213, 0.963231

129
-0.0710224, 0.0287576, 0.0159821
-0.397851, -0.91744, 0.00428776
0.734641, -0.315773, 0.600492
-0.549561, 0.242056, 0.799619

130
0.0620912, -0.0158146, 0.0224984
0.4248, 0.199769, 0.882971
-0.885622, -0.110488, 0.451073
0.187668, -0.973594, 0.129984

131
0.0525961, -0.0355736, 0.0388069
-0.528412, -0.844036, -0.091562
0.838844, -0.502431, -0.209535
0.130851, -0.187527, 0.973505

132
-0.0114341, -0.0091222, 0.0254834
-0.703638, 0.698784, 0.12882
-0.314515, -0.468857, 0.825381
0.637161, 0.540254, 0.549683

133
-0.0497135, 0.0571204, 0.0102187
0.779529, 0.62636, 0.00286132
-0.148226, 0.188907, -0.970744
-0.608575, 0.756299, 0.240101

134
-0.000564181, -0.0642591, 0.0175947
-0.40494, -0.239858, 0.882322
-0.325194, -0.864104, -0.384153
0.85456, -0.442485, 0.27191

135
0.0136889, -0.0606605, 0.0158686
-0.403523, 0.197161, -0.893475
0.564112, -0.715221, -0.412598
-0.72038, -0.670512, 0.177388

136
-0.014518, -0.00581501, -0.00988859
-0.356785, 0.934181, 0.00333805
-0.134062, -0.0476643, -0.989826
-0.924517, -0.353602, 0.142244

137
-0.00561274, 0.0107759, -0.0112551
0.94455, 0.32836, 0.00208125
-0.0357803, 0.109221, -0.993373
-0.326411, 0.938217, 0.114913

138
-0.0123562, 0.00921615, 0.0348398
0.326933, -0.291572, -0.898944
0.714354, 0.699002, 0.0330793
0.618719, -0.652979, 0.436812

139
0.0285364, 0.00329093, 0.0342225
-0.15504, 0.987773, -0.0163571
-0.892564, -0.147155, -0.426234
-0.423429, -0.0514836, 0.904465

140
0.0197142, -0.00810546, 0.0298989
0.308445, 0.951242, -0.00111968
-0.949356, 0.307759, -0.0633032
-0.0598721, 0.0205885, 0.997994

141
0.0418472, -0.0129571, -0.000752905
0.0159415, 0.999863, 0.00449862
-0.384979, 0.00198552, 0.922923
0.922788, -0.0164446, 0.384957

142
-0.0321896, 0.0106209, 0.0342033
-0.35707, -0.934033, 0.00910711
0.843123, -0.326482, -0.427263
0.402051, -0.144884, 0.904082

143
0.0116823, -0.000491909, -0.0116547
0.11365, -0.993509, 0.00484283
0.166385, 0.0142271, -0.985958
0.97949, 0.11286, 0.166922

144
0.0131729, -0.00252663, 0.024033
-0.522383, -0.226357, -0.822118
0.0585298, -0.971368, 0.230259
-0.8507, 0.0721652, 0.520675

145
0.0215613, -0.065208, -0.0197189
-0.941477, -0.337076, -0.000189769
0.00207896, -0.00524372, -0.999984
0.337069, -0.941463, 0.00563761

146
0.0170979, 0.0120195, 0.03261
0.401138, 0.21738, 0.889851
-0.576075, 0.815151, 0.0605589
-0.712198, -0.536913, 0.452215

147
0.0162993, 0.00690459, 0.0252377
-0.414886, 0.909866, -0.00364993
-0.767827, -0.352265, -0.535118
-0.488171, -0.21921, 0.84477

148
-0.0406098, -0.0638292, 0.0173585
0.854477, -0.519433, 0.00761069
0.392432, 0.655018, 0.645716
-0.340392, -0.548763, 0.76354

149
0.0290301, 0.0651181, -0.00219181
-0.00350228, -0.470443, -0.882423
-0.256848, 0.853248, -0.453869
0.966445, 0.225059, -0.123821

150
0.0116823, -0.000491909, -0.0116547
0.11365, -0.993509, 0.00484283
0.166385, 0.0142271, -0.985958
0.97949, 0.11286, 0.166922

151
-0.0327105, -0.0119873, 0.0345927
0.320186, -0.947304, -0.00978488
0.862615, 0.2958, -0.410364
0.391634, 0.122952, 0.911869

152
0.0272244, -0.0717937, 0.00729874
-0.403523, 0.197161, -0.893475
0.796849, -0.404184, -0.449074
-0.449668, -0.893176, 0.00599041

153
-0.0259745, 0.0251599, 0.0327333
0.745672, 0.66615, 0.0147745
-0.626688, 0.693622, 0.355178
0.226354, -0.274105, 0.934682

154
-0.0342981, 0.0333927, 0.0321535
-0.521475, -0.447136, 0.726728
0.705533, -0.704956, 0.0725266
0.479882, 0.550551, 0.683086

155
-0.00595578, 0.0107815, 0.034585
0.157494, -0.402952, -0.901568
0.950816, 0.308466, 0.02823
0.266728, -0.861672, 0.431715

156
-0.0262347, 0.0040496, 0.0323123
-0.205601, -0.978633, -0.00243529
0.965277, -0.202384, -0.165172
0.16115, -0.0363102, 0.986262

157
-0.0185024, -0.015289, 0.0286203
-0.34039, -0.267621, 0.901395
0.653784, -0.756351, 0.0223283
0.675796, 0.596919, 0.432421

158
-0.024769, 0.00480574, 0.0273548
-0.229696, -0.973229, -0.00813193
0.922417, -0.215023, -0.3208
0.310463, -0.0811874, 0.947112

159
-0.00595778, 0.00418403, -0.0317597
0.745672, 0.66615, 0.0147745
0.226354, -0.274105, 0.934682
0.626688, -0.693622, -0.355178

160
0.0590681, -0.018832, -0.0202644
-0.253945, -0.967219, 0.000366215
-0.00519346, 0.00098493, -0.999986
0.967205, -0.253943, -0.00527333

161
-0.0235411, -0.0120356, 0.0261454
0.0159415, 0.999863, 0.00449862
-0.922788, 0.0164446, -0.384957
-0.384979, 0.00198552, 0.922923

162
-0.00814344, 0.030217, 0.0342446
-0.985342, -0.166744, 0.0360324
0.136008, -0.895354, -0.42408
0.102975, -0.412963, 0.904908

163
-0.0334866, 0.000322235, 0.0154236
0.0740763, -0.997251, 0.00200961
0.706437, 0.0538967, 0.705721
-0.703889, -0.0508575, 0.708487

164
0.0294544, -0.0110394, 0.0260917
-0.253945, -0.967219, 0.000366215
0.891593, -0.234236, -0.38755
0.374931, -0.0980898, 0.921849

165
0.00398784, -0.0023971, 0.0162975
0.193928, 0.981014, -0.00194534
-0.712444, 0.139473, -0.687729
-0.6744, 0.134756, 0.725965

166
0.00986539, -0.0069257, 0.0294529
-0.403523, 0.197161, -0.893475
-0.449668, -0.893176, 0.00599041
-0.796849, 0.404184, 0.449074

167
0.00907876, 0.00875679, 0.0253527
0.327006, 0.362422, 0.872764
-0.702074, 0.711369, -0.0323491
-0.632581, -0.602166, 0.487069

168
-0.0139697, 0.0199297, 0.0333239
-0.429572, 0.0664946, 0.900581
0.172262, -0.972938, 0.154005
0.88645, 0.221293, 0.406493

169
0.0153428, -0.0171433, 0.0278817
0.688538, 0.725196, -0.00228
-0.69494, 0.658906, -0.287925
-0.2073, 0.199832, 0.95765

170
0.0208727, 0.00438169, 0.0261556
0.0740763, -0.997251, 0.00200961
0.92065, 0.0676116, -0.384489
0.383296, 0.0303317, 0.923127

171
-0.064496, 0.0310651, 0.0390939
-0.464856, -0.880962, -0.0883994
0.870344, -0.473001, 0.137006
-0.16251, -0.0132499, 0.986618

172
0.0136629, -0.031745, 0.0328482
-0.890047, -0.45375, 0.0438991
0.439545, -0.828649, 0.346613
-0.120899, 0.327798, 0.93698

173
-0.00854456, -0.0026477, 0.0207597
0.11365, -0.993509, 0.00484283
0.810255, 0.0898639, -0.579146
0.574952, 0.0697437, 0.815209

174
-0.0261662, 0.00404998, -0.0227568
0.204054, 0.978959, -0.000863605
0.0537844, -0.0120916, -0.998479
-0.977481, 0.203698, -0.0551201

175
0.0550103, -0.0189936, 0.00833776
-0.270857, 0.381227, -0.883913
-0.654316, 0.600584, 0.45953
0.70605, 0.702826, 0.0867707

176
-0.00216682, -0.00270151, 0.029065
0.747534, -0.664223, -0.00111231
0.612283, 0.688428, 0.388814
-0.257493, -0.291332, 0.921316

177
0.00833266, -0.00356506, -0.0304278
-0.322612, -0.946493, -0.00853352
-0.251538, 0.0944213, -0.963231
0.912496, -0.308603, -0.268541

178
0.00631101, 0.0608264, 0.019287
0.373303, 0.241827, 0.895637
0.455942, 0.792961, -0.404141
-0.807937, 0.559226, 0.185755

179
-0.0447834, -0.0424538, 0.0241306
-0.703638, 0.698784, 0.12882
-0.637161, -0.540254, -0.549683
-0.314515, -0.468857, 0.825381

180
-0.00244777, -0.0120419, 0.0285697
-0.007512, 0.431356, -0.90215
-0.999705, -0.0240913, -0.00319476
-0.0231121, 0.90186, 0.43141

181
0.0676758, 0.0236841, 0.01705
-0.337926, 0.941157, -0.00541708
-0.775965, -0.275346, 0.567506
0.532621, 0.195978, 0.823351

182
0.00340526, 0.0327033, 0.0325659
-0.984918, 0.168738, 0.0382606
-0.171049, -0.916289, -0.362154
-0.0260514, -0.363237, 0.931333

183
-0.031262, 0.0778807, 0.00901407
0.389645, -0.207645, -0.897252
-0.745604, 0.500758, -0.439677
0.540603, 0.840312, 0.0402969

184
0.0124693, 0.0662468, 0.0214494
0.401138, 0.21738, 0.889851
0.437531, 0.807988, -0.394617
-0.80477, 0.547633, 0.229004

185
0.00316223, 0.0297782, 0.0343088
-0.983939, 0.172307, 0.0466266
-0.175807, -0.890195, -0.420291
-0.030912, -0.421738, 0.906191

186
0.00401202, -0.00339623, 0.0225874
0.332209, 0.943205, -0.000896477
-0.803545, 0.282521, -0.523926
-0.493916, 0.174773, 0.851763

187
-0.00225992, -0.00117814, -0.0275909
0.654758, 0.755823, -0.00484235
0.156991, -0.14226, -0.9773
-0.739355, 0.639135, -0.211803

188
0.0294509, 0.0662928, 0.0110231
0.908548, -0.417759, -0.00426438
0.197753, 0.439021, -0.876444
0.368015, 0.795448, 0.481485

189
-0.0133677, -0.00308654, -0.0328599
-0.569272, 0.818512, 0.0772502
0.399629, 0.193372, 0.896049
0.718489, 0.540967, -0.437182

190
0.0548513, 0.0498495, 0.00791042
0.448346, -0.00861099, 0.893819
0.893696, 0.0234826, -0.448058
-0.017131, 0.999687, 0.0182239

191
-0.00854456, -0.0026477, 0.0207597
0.11365, -0.993509, 0.00484283
0.810255, 0.0898639, -0.579146
0.574952, 0.0697437, 0.815209

192
-0.0165719, -0.00413921, -0.0296107
-0.703638, 0.698784, 0.12882
0.4683, 0.319706, 0.823701
0.534404, 0.639914, -0.552198

193
0.0532385, -0.0489454, 0.0208363
0.654758, 0.755823, -0.00484235
-0.633812, 0.55253, 0.541288
0.411794, -0.351344, 0.840823

194
0.011023, -0.00130902, 0.0294021
0.448346, -0.00861099, 0.893819
-0.017131, 0.999687, 0.0182239
-0.893696, -0.0234826, 0.448058

195
0.0110613, -0.0359068, 0.0263003
-0.941477, -0.337076, -0.000189769
0.312207, -0.871805, -0.377469
0.12707, -0.355438, 0.926022

196
0.00967265, -0.00419718, -0.0109751
-0.322612, -0.946493, -0.00853352
0.116806, -0.0308635, -0.992675
0.939296, -0.321246, 0.120513

197
0.00066195, 0.0435253, 0.0263129
0.373303, 0.241827, 0.895637
0.112052, 0.946606, -0.302292
-0.920918, 0.213204, 0.326274

198
-0.00916144, -0.0033449, -0.031519
0.320186, -0.947304, -0.00978488
-0.391634, -0.122952, -0.911869
0.862615, 0.2958, -0.410364

199
-0.0623949, -0.0301157, 0.0217544
-0.203981, -0.386017, 0.899657
0.638551, 0.644115, 0.421152
-0.742055, 0.660383, 0.115104

200
-0.0849661, -0.0257549, 0.0107691
-0.381544, 0.217298, 0.898446
-0.854095, 0.288813, -0.432561
-0.353478, -0.932399, 0.0753977

201
-0.010136, 0.00154102, -0.0323639
-0.35707, -0.934033, 0.00910711
-0.402051, 0.144884, -0.904082
0.843123, -0.326482, -0.427263

202
-0.0315844, -0.0419212, 0.03823
-0.18554, 0.408651, -0.893633
-0.589936, -0.773617, -0.231284
-0.785844, 0.484273, 0.384615

203
-0.0198772, -0.0201496, 0.0391843
-0.703638, 0.698784, 0.12882
-0.534404, -0.639914, 0.552198
0.4683, 0.319706, 0.823701

204
0.064052, -0.0148311, 0.0110461
-0.345345, 0.300122, -0.889192
-0.776615, 0.440548, 0.450317
0.526882, 0.846076, 0.0809383

205
0.0171239, 0.0304813, 0.0313648
0.859758, -0.510276, -0.0208431
0.498342, 0.829326, 0.252734
-0.111678, -0.227677, 0.967311

206
0.0101814, 0.0017675, 0.0388017
-0.451325, -0.0816522, -0.888616
0.270013, -0.96162, -0.048778
-0.850529, -0.261952, 0.45605

207
-0.00708136, 0.0590424, 0.0163161
0.324839, 0.308199, 0.894144
0.303399, 0.86149, -0.407167
-0.895784, 0.403546, 0.186338

208
-0.00565206, 1.13748e-05, -0.0134389
-0.35707, -0.934033, 0.00910711
-0.0487977, 0.00891649, -0.998769
0.932802, -0.357075, -0.0487625

209
0.0216991, 0.010099, 0.0295514
0.37259, 0.261673, 0.890339
-0.469997, 0.880482, -0.0620909
-0.800175, -0.395322, 0.451044

210
-0.0242888, -0.0425136, 0.0282523
-0.413915, -0.208168, 0.886194
-0.434242, -0.81045, -0.393197
0.800067, -0.547573, 0.245062

211
-0.00368578, 0.00511522, 0.00731491
0.94455, 0.32836, 0.00208125
-0.157969, 0.459947, -0.873782
-0.287872, 0.825002, 0.486314

212
0.00189417, -0.0116361, 0.0248395
-0.109536, 0.530226, -0.840751
-0.948801, -0.307892, -0.0705606
-0.296273, 0.789977, 0.536805

213
0.00330075, -0.00187328, -0.038098
0.0285677, -0.999584, 0.00386586
-0.361696, -0.0139423, -0.932192
0.931858, 0.0252323, -0.361944

214
-0.00684901, 0.00064151, -0.0454485
-0.397851, -0.91744, 0.00428776
-0.468412, 0.199105, -0.860783
0.788863, -0.344472, -0.508954

215
-0.017084, -0.0108513, 0.0220262
-0.569272, 0.818512, 0.0772502
-0.510866, -0.425788, 0.746807
0.644163, 0.385672, 0.660539

216
0.00261741, -0.0140401, 0.0243406
-0.0477671, 0.536675, -0.842436
-0.958281, -0.262571, -0.112935
-0.281808, 0.801895, 0.526828

217
0.0586518, -0.00586064, 0.0148067
0.324839, 0.308199, 0.894144
-0.84795, -0.323815, 0.419672
0.41888, -0.894515, 0.156149

218
-0.0412404, -0.068131, 0.0152252
-0.42362, -0.168362, 0.890056
-0.83919, -0.296983, -0.455588
0.341036, -0.939923, -0.0154798

219
-0.0101234, 0.00924836, 0.0241886
-0.863633, -0.464388, 0.19617
0.143135, -0.599002, -0.787851
0.483375, -0.652335, 0.583788

220
-0.0252074, -0.00243777, 0.0266088
0.0285677, -0.999584, 0.00386586
0.931858, 0.0252323, -0.361944
0.361696, 0.0139423, 0.932192

221
-0.0118853, 0.0294286, 0.0359512
0.434177, -0.159332, -0.886625
0.240472, 0.969017, -0.0563798
0.868138, -0.188729, 0.45904

222
-0.00384461, 0.00505064, -0.0321085
-0.984918, 0.168738, 0.0382606
0.0260514, 0.363237, -0.931333
-0.171049, -0.916289, -0.362154

223
-0.0682232, -0.0215735, 0.0235016
-0.242244, -0.368894, 0.897349
0.747413, 0.518771, 0.415031
-0.618621, 0.771229, 0.150048

224
-0.00447957, 0.00482311, 0.0211926
-0.961689, -0.27414, -0.000912915
0.209973, -0.734442, -0.645373
0.176252, -0.62084, 0.763867

225
-0.000220234, -0.00994094, -0.0321972
-0.961689, -0.27414, -0.000912915
-0.0824823, 0.292523, -0.952695
0.261439, -0.916121, -0.303928

226
-0.0215011, -0.00187691, 0.0154576
0.049557, -0.998771, 0.000140289
0.708291, 0.035243, 0.70504
-0.704179, -0.0348403, 0.709167

227
-0.0461774, -0.0509577, 0.0227132
-0.439106, -0.0727161, 0.895488
-0.793002, -0.437124, -0.424348
0.422296, -0.896457, 0.13428

228
0.000890436, -0.00332542, -0.0309946
0.558178, 0.82972, 0.00136899
0.232953, -0.155131, -0.960035
-0.796348, 0.536189, -0.279876

229
0.0654168, -0.0229575, 0.00201924
0.308445, 0.951242, -0.00111968
-0.418618, 0.136795, 0.897801
0.854179, -0.276453, 0.4404

230
0.0444459, -0.0387657, 0.0154015
-0.007512, 0.431356, -0.90215
-0.403923, 0.823991, 0.397348
0.914762, 0.367384, 0.168045

231
0.00152003, -0.00167875, 0.0250683
0.204054, 0.978959, -0.000863605
-0.882492, 0.183565, -0.433026
-0.423756, 0.0891229, 0.901381

232
-0.0702861, -0.036663, 0.00807841
-0.420937, 0.12402, 0.898572
-0.874797, 0.206463, -0.438296
-0.239879, -0.970563, 0.0215837

233
-0.0505287, -0.0114833, -0.000980808
0.0159415, 0.999863, 0.00449862
-0.380289, 0.0102241, -0.924811
-0.92473, 0.0130321, 0.380399

234
-0.0092244, 0.000269758, 0.00689181
-0.863633, -0.464388, 0.19617
-0.05274, -0.303768, -0.951285
0.501355, -0.831907, 0.237852

235
0.0107025, 0.00874124, 0.0239789
0.291768, 0.452236, 0.842825
-0.692192, 0.707955, -0.140247
-0.660107, -0.542477, 0.519593

236
0.00194556, -0.0215934, 0.0309582
-0.155341, 0.395415, -0.905271
-0.972192, -0.22376, 0.0690879
-0.175245, 0.89083, 0.419179

237
-0.00749277, -0.0433888, 0.0299831
-0.993876, 0.110497, -0.00121674
-0.110431, -0.99356, -0.0253688
-0.00401207, -0.025079, 0.999677

238
-0.00458941, -0.0235728, 0.0274147
-0.054678, -0.405593, 0.912417
0.99704, -0.0716464, 0.0279005
0.0540551, 0.911241, 0.40831

239
0.0105287, 0.0115798, 0.0329981
0.747534, -0.664223, -0.00111231
0.664214, 0.747513, 0.00664462
-0.00358204, -0.00570589, 0.999977

240
-0.0173055, -0.0289619, 0.0411915
-0.18554, 0.408651, -0.893633
-0.845759, -0.529406, -0.0664924
-0.500266, 0.743461, 0.443846

241
0.0146145, 0.0338052, 0.0326985
0.908548, -0.417759, -0.00426438
0.415678, 0.902904, 0.109433
-0.0418664, -0.101198, 0.993985

242
-0.066835, 0.00926423, 0.0209276
-0.418508, -0.19024, 0.888065
0.878383, 0.163764, 0.449026
-0.230856, 0.967982, 0.0985668

243
-0.0479147, -0.0409914, 0.0151063
-0.007512, 0.431356, -0.90215
-0.361218, -0.842429, -0.399793
-0.932451, 0.322869, 0.162142

244
-0.00526844, -0.00106996, 0.0262488
0.049557, -0.998771, 0.000140289
0.923853, 0.0458931, 0.379986
-0.379526, -0.0187014, 0.924992

245
0.0285807, -0.00995871, 0.0311724
-0.406885, -0.196078, -0.892187
0.686575, -0.709882, -0.157103
-0.602543, -0.676476, 0.423463

246
-0.0135058, 0.0288118, 0.0280807
0.389645, -0.207645, -0.897252
0.214121, 0.967979, -0.131027
0.895728, -0.141067, 0.421629

247
0.0181101, 0.0738706, 0.0108471
0.373303, 0.241827, 0.895637
0.73042, 0.518594, -0.444463
-0.571954, 0.82011, 0.0169573

248
-0.0200434, -0.0227747, 0.00182602
0.747534, -0.664223, -0.00111231
0.250874, 0.280789, 0.926401
-0.615025, -0.692795, 0.376536

249
-0.0160746, -0.0675683, 0.0283898
-0.418508, -0.19024, 0.888065
-0.457871, -0.800266, -0.387207
0.78435, -0.568668, 0.247812

250
0.00680876, 0.0139978, 0.0292747
-0.417512, 0.908655, -0.00540207
-0.841847, -0.384564, 0.378687
0.342018, 0.162654, 0.925509

251
0.0613821, -0.0470039, 0.0105647
-0.462214, 0.0184941, -0.886575
0.885154, 0.0699239, -0.460015
0.0534852, -0.997381, -0.0486899

252
0.0122111, -0.0663277, 0.0281989
-0.873871, -0.145659, -0.463824
0.404199, -0.747809, -0.526693
-0.270134, -0.647739, 0.712364

253
-0.000897883, 0.0581885, 0.00146266
0.291768, 0.452236, 0.842825
0.344969, 0.772106, -0.533712
-0.892114, 0.446468, 0.0692688

254
0.00316486, -0.00337986, 0.0237618
0.359378, 0.933191, -0.00156896
-0.817052, 0.313839, -0.483665
-0.45086, 0.175101, 0.875252

255
-0.0426362, -0.00878716, 0.0182011
-0.417512, 0.908655, -0.00540207
-0.638145, -0.297439, -0.710142
-0.646881, -0.293045, 0.704038

256
-0.0466897, -0.0709225, 0.0119618
-0.415209, -0.176001, 0.892539
-0.838847, -0.305602, -0.450493
0.352049, -0.935752, -0.0207493

257
-0.0541858, 0.0410143, 0.0262547
-0.439106, -0.0727161, 0.895488
0.859345, -0.324797, 0.395009
0.262128, 0.942984, 0.205109

258
0.0133813, -0.00417856, -0.00575943
-0.205601, -0.978633, -0.00243529
0.220512, -0.0439026, -0.974396
0.953469, -0.200873, 0.224827

259
-0.0778049, -0.0106281, 0.00895655
0.11365, -0.993509, 0.00484283
0.574952, 0.0697437, 0.815209
-0.810255, -0.0898639, 0.579146

260
-0.0172905, 0.00154707, 0.0262305
0.0740763, -0.997251, 0.00200961
0.922029, 0.0692563, 0.380874
-0.379966, -0.0263608, 0.924625

261
0.0037577, -0.00144622, 0.0126978
0.121034, 0.99263, 0.00610189
-0.589021, 0.0767662, -0.804463
-0.799003, 0.0937735, 0.593971

262
0.0302664, 0.0479353, 0.00696387
-0.00350228, -0.470443, -0.882423
0.132546, 0.874424, -0.466705
0.991171, -0.118596, 0.0592929

263
0.0232516, 0.0259046, 0.0293193
0.747534, -0.664223, -0.00111231
0.615025, 0.692795, -0.376536
0.250874, 0.280789, 0.926401

264
0.00878586, 0.0296602, 0.0320476
0.401138, 0.21738, 0.889851
-0.259677, 0.958569, -0.117106
-0.878439, -0.184098, 0.440967

265
-0.0101812, -0.0676996, 0.0182497
-0.993876, 0.110497, -0.00121674
-0.0752494, -0.684819, -0.724817
-0.0809233, -0.720287, 0.68894

266
-0.0171229, 0.0735484, 0.0124274
0.259233, 0.347099, 0.901289
0.446104, 0.784647, -0.430489
-0.856615, 0.513665, 0.0485638

267
0.0216765, -0.0160014, 0.036826
-0.528412, -0.844036, -0.091562
0.685678, -0.487874, 0.540208
-0.500626, 0.222671, 0.836535

268
-0.00255766, -0.00179873, -0.0290463
-0.337926, 0.941157, -0.00541708
0.17207, 0.0561216, -0.983485
-0.92531, -0.333277, -0.18091

269
-0.00495098, -0.00211813, -0.0125093
0.320186, -0.947304, -0.00978488
-0.0317142, -0.000395332, -0.999497
0.946824, 0.320335, -0.0301696

270
-0.06532, 0.0274358, 0.0247039
-0.409973, -0.197917, 0.890366
0.911244, -0.131092, 0.390447
0.0394439, 0.971413, 0.234095

271
-0.0255386, -0.00400502, 0.0316971
-0.418713, -0.141361, 0.897049
0.15338, -0.984627, -0.0835695
0.895072, 0.102597, 0.433958

272
-0.0126573, -0.00709181, 0.0254976
-0.63087, 0.703172, 0.327951
-0.255259, -0.587247, 0.768104
0.732698, 0.400862, 0.549967

273
-0.0443247, -0.000515468, -0.000776308
0.0740763, -0.997251, 0.00200961
0.383296, 0.0303317, 0.923127
-0.92065, -0.0676116, 0.384489

274
-0.0379018, -0.0773229, 0.0134536
-0.155341, 0.395415, -0.905271
0.175245, -0.89083, -0.419179
-0.972192, -0.22376, 0.0690879

275
-0.0500354, 0.0524358, 0.0172794
0.745672, 0.66615, 0.0147745
-0.448947, 0.518678, -0.727613
-0.492362, 0.535927, 0.685829

276
-0.0645041, 0.0249386, 0.0225775
-0.415209, -0.176001, 0.892539
0.909716, -0.0757575, 0.408261
-0.0042378, 0.981471, 0.191566

277
-0.0620081, 0.00405998, 0.00796762
-0.40494, -0.239858, 0.882322
0.834212, 0.29813, 0.463907
-0.374318, 0.923897, 0.0793679

278
0.0392716, -0.0667, 0.0135743
-0.0657366, -0.416875, 0.906583
-0.114241, -0.89943, -0.42187
0.991276, -0.131302, 0.0115011

279
0.00256779, -0.0340338, 0.035694
-0.363128, 0.297988, -0.882803
-0.437192, -0.891193, -0.120987
-0.822801, 0.342021, 0.453895

280
0.00366332, 0.0100457, 0.0245886
-0.854897, 0.507197, 0.109097
-0.352241, -0.41307, -0.839821
-0.38089, -0.756389, 0.531788

281
0.0197323, -0.0752133, 0.0173136
-0.403541, 0.231048, -0.885309
0.738974, -0.488241, -0.46426
-0.539511, -0.841568, 0.0262866

282
0.0202386, -0.0615245, -0.000606485
-0.941477, -0.337076, -0.000189769
0.130912, -0.365127, -0.921707
0.310616, -0.867792, 0.387886

283
-0.000888774, -0.00185714, -0.027041
-0.397851, -0.91744, 0.00428776
-0.130871, 0.0521257, -0.990028
0.908068, -0.394445, -0.140805

284
0.0192378, -0.0282324, 0.0330847
0.792258, 0.609835, -0.0207192
-0.580048, 0.742152, -0.33579
-0.1894, 0.278051, 0.941709

285
-0.02476, 0.00625304, -0.0231659
0.308445, 0.951242, -0.00111968
0.0598721, -0.0205885, -0.997994
-0.949356, 0.307759, -0.0633032

286
0.0147613, 0.0633805, 0.0273514
0.4248, 0.199769, 0.882971
0.493528, 0.766562, -0.410869
-0.758931, 0.610308, 0.227044

287
0.0630524, -0.00721801, 0.0144198
0.291768, 0.452236, 0.842825
-0.87475, -0.230261, 0.426372
0.38689, -0.861662, 0.328411

288
0.0126284, 0.000821613, 0.0250713
-0.504174, 0.161074, -0.848448
0.0589418, -0.973743, -0.219886
-0.861588, -0.16087, 0.481442

289
-0.00519206, 0.00962965, -0.0320267
-0.822311, -0.565419, -0.0640798
-0.226537, 0.428586, -0.87464
0.522002, -0.704709, -0.480519

290
0.0567425, 0.0091233, 0.0159929
0.259233, 0.347099, 0.901289
-0.739959, -0.528348, 0.416304
0.620692, -0.774836, 0.119874

291
0.0282487, 0.0692884, 0.0144107
0.157494, -0.402952, -0.901568
-0.266728, 0.861672, -0.431715
0.950816, 0.308466, 0.02823

292
-0.0178809, 0.0174197, 0.0285364
0.779529, 0.62636, 0.00286132
-0.608575, 0.756299, 0.240101
0.148226, -0.188907, 0.970744

293
-0.00837824, 0.000315351, 0.0253981
-0.205601, -0.978633, -0.00243529
0.83013, -0.173083, -0.530025
0.518279, -0.110995, 0.847978

294
-0.0610995, 0.0196422, 0.022828
0.202033, -0.390597, -0.898118
0.66807, -0.615591, 0.418007
-0.716146, -0.684457, 0.136576

295
0.00224859, -0.0266838, 0.0379482
-0.403541, 0.231048, -0.885309
-0.21565, -0.96435, -0.153379
-0.889185, 0.129022, 0.43898

296
-0.0219137, 0.00550543, 0.0286359
-0.37758, 0.223912, 0.898497
-0.372907, -0.92493, 0.073791
0.847569, -0.307194, 0.432734

297
0.0465994, 0.0423347, 0.023952
0.0324971, 0.422013, 0.906007
-0.439138, -0.808273, 0.39224
0.897832, -0.410609, 0.159055

298
0.041322, 0.0462865, 0.0024399
0.747534, -0.664223, -0.00111231
0.257493, 0.291332, -0.921316
0.612283, 0.688428, 0.388814

299
0.0600543, -0.0131438, 0.0200252
-0.342656, 0.323581, -0.881976
-0.749119, 0.472427, 0.464364
0.566928, 0.819822, 0.0805203

300
-0.0620723, -0.0557278, 0.00335294
-0.419274, -0.110384, 0.901124
-0.901838, -0.0634984, -0.427384
0.104396, -0.991858, -0.0729256

301
-0.03279, -0.0502421, 0.00501106
-0.109536, 0.530226, -0.840751
-0.0893698, -0.847668, -0.522945
-0.989957, 0.0178561, 0.140237

302
0.0431648, -0.00757538, 0.0193634
0.327006, 0.362422, 0.872764
-0.943744, 0.0772179, 0.321536
0.0491385, -0.92881, 0.367284

303
-0.0579887, 0.0279664, 0.0254316
-0.42362, -0.168362, 0.890056
0.90582, -0.085316, 0.414984
0.00606838, 0.982026, 0.188647

304
-0.0224717, -0.0162432, 0.0276588
