0
-0.0615472, 0.0093994, -0.00875555
0.999908, 0.00865223, -0.0104869
-0.00174409, -0.683347, -0.730092
-0.0134831, 0.730043, -0.683268

1
-0.0876995, -0.0143469, -0.0143055
-0.999174, -0.034194, -0.0219483
-0.024683, 0.939882, -0.340606
0.0322754, -0.339783, -0.93995

2
-0.0761723, -0.00222642, -0.0177454
0.999964, -0.00420277, 0.00732652
-0.00651147, -0.936068, 0.351758
0.00537977, -0.351793, -0.936062

3
-0.061423, -0.0110822, -0.0138087
0.999908, 0.00865223, -0.0104869
0.0131242, -0.412966, 0.910652
0.00354843, -0.910705, -0.413042

4
-0.0130428, -0.0125048, -0.00511594
-0.998127, -0.0611459, 0.00202471
-0.00945851, 0.121532, -0.992542
0.0604438, -0.990702, -0.121883

5
0.0265779, 0.0119799, -0.0116531
0.195762, 0.977233, 0.0818076
0.274176, 0.0255532, -0.96134
-0.941544, 0.210624, -0.262932

6
-0.0191673, 3.7238e-05, 0.0113776
0.999952, -0.00723828, -0.00659893
0.00157231, 0.7836, -0.621264
0.00966781, 0.621224, 0.783573

7
-0.0162003, -0.000311081, 0.00747794
0.999879, -0.0138243, -0.00708756
0.00661913, 0.791841, -0.610692
0.0140546, 0.610571, 0.791837

8
-0.0674306, -0.00520184, -0.0178576
-0.99978, -0.0204999, 0.00442518
-0.0167311, 0.906872, 0.421073
-0.012645, 0.420906, -0.907016

9
-0.0496582, 0.00480982, -0.0161778
0.999863, 0.0120355, -0.0113447
0.0053242, -0.883618, -0.468178
-0.0156592, 0.468053, -0.883561

10
-0.0525173, -0.0174112, -0.0028039
0.999919, -0.00966576, -0.0082956
0.0125177, 0.625231, 0.780339
-0.00235591, -0.78038, 0.625301

11
-0.0586448, 0.00423329, -0.0164716
0.999879, 0.0102396, -0.0116824
0.00406654, -0.898318, -0.439327
-0.014993, 0.439227, -0.898251

12
-0.0432853, 0.000955795, 0.00872025
0.999949, 0.00844858, -0.00552103
-0.00964218, 0.961306, -0.275313
0.0029814, 0.275352, 0.961339

13
0.0163115, -0.00685509, -0.00825086
0.00580559, 0.999453, 0.0325723
0.255201, 0.0300134, -0.966422
-0.966871, 0.0139231, -0.254887

14
-0.0162003, -0.000311081, 0.00747794
0.999879, -0.0138243, -0.00708756
0.00661913, 0.791841, -0.610692
0.0140546, 0.610571, 0.791837

15
-0.014447, 0.0103945, -0.00582348
-0.998127, -0.0611459, 0.00202471
0.0318694, -0.491406, 0.870347
-0.0522232, 0.868781, 0.492435

16
-0.0283789, -0.0131304, -0.0111681
-0.999629, -0.0252302, 0.0102428
-0.0270182, 0.965838, -0.257736
-0.00339017, -0.257917, -0.966161

17
-0.022634, -0.00175057, -0.0155731
0.999818, 0.0149652, -0.0118441
0.0175093, -0.966186, 0.257252
-0.00759381, -0.257412, -0.966272

18
-0.0761768, 0.00371166, -0.0137191
0.999964, -0.00420277, 0.00732652
-0.000800238, -0.910656, -0.413166
0.00840838, 0.413145, -0.910626

19
-0.0585116, -0.00918692, -0.0164434
-0.999645, -0.0251439, 0.00885374
-0.0242328, 0.995537, 0.0912023
-0.0111074, 0.0909554, -0.995793

20
-0.0316157, 0.000764488, -0.0157306
0.999887, 0.0039942, -0.0144849
0.00795232, -0.958611, 0.284609
-0.0127486, -0.284692, -0.958534

21
-0.0587357, -0.0012511, -0.0192084
-0.999645, -0.0251439, 0.00885374
-0.0181376, 0.88495, 0.465333
-0.0195354, 0.465007, -0.885091

22
-0.0761388, -0.00759056, 0.00622243
-0.999521, -0.0309106, 0.00141047
0.0277234, -0.914845, -0.402853
0.0137428, -0.402621, 0.915264

23
0.0019208, -0.00289012, 0.0104426
-0.999243, 0.0372165, 0.0113512
-0.0381381, -0.879043, -0.475214
-0.00770757, -0.475287, 0.879797

24
-0.0585956, 3.72236e-05, -0.0159388
0.999879, 0.0102396, -0.0116824
0.0134771, -0.945787, 0.324508
-0.00772618, -0.324627, -0.945811

25
-0.049603, 0.000598785, -0.0157811
0.999863, 0.0120355, -0.0113447
0.0148375, -0.955776, 0.293721
-0.00730792, -0.293849, -0.955824

26
-0.0253497, -0.0131143, -0.0111725
-0.999456, -0.0317475, 0.00890792
-0.0329701, 0.966074, -0.256151
-0.000473571, -0.256305, -0.966596

27
-0.0762032, -0.000511914, -0.0160754
0.999946, -0.00834778, 0.00614791
-0.00998399, -0.935153, 0.354104
0.00279325, -0.354146, -0.935186

28
-0.0672872, -0.0114238, -0.0142885
-0.99978, -0.0204999, 0.00442518
-0.0207721, 0.938881, -0.343614
0.00288932, -0.34363, -0.939101

29
-0.028775, -0.000539737, -0.018815
-0.999629, -0.0252302, 0.0102428
-0.0167076, 0.865325, 0.500932
-0.021502, 0.500575, -0.865426

30
-0.0585294, -0.00362093, -0.0134765
0.999879, 0.0102396, -0.0116824
0.00949457, -0.998022, -0.0621395
-0.0122955, 0.0620211, -0.997999

31
-0.0162509, -0.00598205, 0.0114106
0.999879, -0.0138243, -0.00708756
0.0114937, 0.965221, -0.261183
0.0104517, 0.26107, 0.965263

32
-0.0615418, 0.00464325, -0.0121663
0.999908, 0.00865223, -0.0104869
0.00354843, -0.910705, -0.413042
-0.0131242, 0.412966, -0.910652

33
-0.0615065, -0.00105596, -0.0134975
0.999908, 0.00865223, -0.0104869
0.00830074, -0.999417, -0.0331095
-0.0107672, 0.0330194, -0.999397

34
-0.0615418, 0.00464325, -0.0121663
0.999908, 0.00865223, -0.0104869
0.00354843, -0.910705, -0.413042
-0.0131242, 0.412966, -0.910652

35
-0.0909027, -0.00773968, -0.0162446
-0.999533, -0.0222564, -0.0209221
-0.0287508, 0.91683, 0.398242
0.0103185, 0.398657, -0.917042

36
-0.0193675, 0.00501801, 0.00505025
0.999944, 0.0088631, -0.00571439
-0.0104853, 0.777789, -0.628438
-0.00112532, 0.628463, 0.777839

37
-0.0794202, -0.0126111, -0.0126272
-0.999261, 0.037562, -0.00813356
0.0381036, 0.94064, -0.337261
-0.00501746, -0.337322, -0.941376

38
-0.0703664, -0.0100984, -0.0114962
-0.999714, -0.0238778, 0.00106504
-0.0238051, 0.998689, 0.0453265
-0.00214595, 0.0452882, -0.998972

39
0.0022271, 0.0086344, -0.000378318
-0.999243, 0.0372165, 0.0113512
-0.00770757, -0.475287, 0.879797
0.0381381, 0.879043, 0.475214

40
-0.011901, -0.013239, -0.0135869
-0.0586551, 0.99759, 0.0370776
0.119322, 0.0438814, -0.991885
-0.991121, -0.053755, -0.121608

41
0.00205068, 0.00899134, -0.00556139
-0.999387, 0.0328409, 0.0121697
-0.00488363, -0.474751, 0.880107
0.034681, 0.879507, 0.47462

42
-0.0856673, -0.0147483, -0.000712887
-0.999085, 0.0415048, 0.0103302
-0.0094734, 0.020787, -0.999739
-0.0417087, -0.998922, -0.0203748

43
-0.0582522, -0.0169476, -0.00919275
-0.999645, -0.0251439, 0.00885374
-0.0249893, 0.768266, -0.639642
0.00928104, -0.639636, -0.768622

44
-0.0372362, 2.33094e-06, 0.0113853
0.99994, 0.00858357, -0.00675428
-0.0109223, 0.78458, -0.619932
-2.19547e-05, 0.619969, 0.784627

45
-0.014952, -0.0164693, -0.0130403
-0.0623709, 0.997503, 0.0331183
0.108467, 0.039761, -0.993305
-0.992142, -0.058361, -0.110676

46
-0.0705114, -0.00419091, -0.0150903
-0.999714, -0.0238778, 0.00106504
-0.0211718, 0.905337, 0.424166
-0.0110924, 0.424022, -0.905584

47
0.0548349, -0.0118925, 0.0438034
-0.00380204, 0.999635, 0.0267437
-0.966562, 0.00318364, -0.256412
-0.256403, -0.0268243, 0.966198

48
-0.0162509, -0.00598205, 0.0114106
0.999879, -0.0138243, -0.00708756
0.0114937, 0.965221, -0.261183
0.0104517, 0.26107, 0.965263

49
-0.0226834, 0.0043391, -0.0120529
0.999818, 0.0149652, -0.0118441
0.0132705, -0.991147, -0.132106
-0.0137163, 0.131925, -0.991165

50
-0.0761957, -0.00388717, -0.0154949
0.999964, -0.00420277, 0.00732652
-0.00395707, -0.99944, -0.0332337
0.00746209, 0.0332035, -0.999421

51
-0.0825081, -0.0121553, -0.0132122
-0.987592, -0.156424, -0.0138957
-0.13952, 0.914587, -0.37956
0.0720811, -0.372911, -0.925063

52
-0.0582158, -0.0120762, 0.00656858
-0.999498, -0.0308123, 0.00741291
0.00286584, -0.320827, -0.947134
0.0315617, -0.946637, 0.320754

53
-0.00175404, 0.0112249, -0.00631608
0.18444, 0.979359, 0.0826911
0.169135, 0.0512521, -0.984259
-0.968181, 0.195523, -0.156191

54
-0.0127933, 0.00757501, 0.00337792
-0.997561, 0.0676371, 0.0172446
-0.0427636, -0.787474, 0.614863
0.0551672, 0.612626, 0.788445

55
-0.00101461, 0.00720717, -0.00269187
-0.999435, 0.0319395, 0.0104742
-0.00620406, -0.48154, 0.876402
0.0330356, 0.875842, 0.481466

56
0.0649481, 0.0189733, 0.0125979
-0.396349, 0.917468, 0.0340536
-0.356967, -0.188172, 0.914968
0.845862, 0.35049, 0.402088

57
-0.0371932, 0.00274572, 0.00953187
0.999848, -0.0123444, -0.0123094
0.00212277, 0.787058, -0.616875
0.0173032, 0.616755, 0.786965

58
0.0887592, -0.00585831, 0.0512108
0.179349, 0.981014, 0.0737883
-0.981825, 0.173754, 0.0763549
0.0620842, -0.0861413, 0.994347

59
-0.0612535, -0.00508831, 0.00948605
0.999958, 0.00807885, -0.0043603
-0.00795876, 0.999607, 0.0268892
0.00457582, -0.0268534, 0.999629

60
-0.0251035, 0.00769242, 0.000301054
-0.999636, 0.0244808, 0.0113372
-0.012035, -0.780748, 0.62473
0.0241454, 0.624366, 0.780758

61
0.0056788, 0.00723521, 0.000157178
-0.994227, 0.10552, 0.0194501
-0.0321219, -0.46567, 0.884376
0.102377, 0.878645, 0.466371

62
-0.01438, 0.00953238, 0.00115724
-0.998127, -0.0611459, 0.00202471
0.0494284, -0.786469, 0.615649
-0.036052, 0.614596, 0.788018

63
-0.0225405, -0.00872335, -0.0164951
0.999818, 0.0149652, -0.0118441
0.0190825, -0.794132, 0.607446
-0.000315235, -0.607561, -0.794273

64
0.0319088, 0.00433604, -0.0130189
-0.0658006, 0.99783, 0.00246526
0.289463, 0.0214526, -0.956949
-0.954925, -0.0622542, -0.290247

65
-0.0762147, -0.010914, -0.0169424
0.999964, -0.00420277, 0.00732652
-0.00807456, -0.730189, 0.683197
0.00247842, -0.683232, -0.730197

66
-0.0126716, 0.0101222, 0.000424776
-0.997561, 0.0676371, 0.0172446
-0.0183969, -0.493089, 0.869784
0.0673328, 0.867346, 0.493131

67
-0.0252232, -0.0166162, -0.00945646
-0.999456, -0.0317475, 0.00890792
-0.0306417, 0.794453, -0.606553
0.0121796, -0.606496, -0.794993

68
-0.0401782, -0.017654, 0.00111494
0.999966, 0.00461183, -0.0067656
-0.0003088, 0.846943, 0.531684
0.00818211, -0.531664, 0.846916

69
0.0989416, 0.0086814, 0.0173525
-0.0658006, 0.99783, 0.00246526
-0.632863, -0.0436433, 0.773033
0.771463, 0.0493059, 0.634362

70
0.0386597, 0.00660085, -0.00578218
0.0941233, 0.994628, 0.0430745
0.328203, 0.00984768, -0.944556
-0.939906, 0.103042, -0.325513

71
-0.0788771, 0.000980958, -0.0165892
-0.999261, 0.037562, -0.00813356
0.0304912, 0.903655, 0.427174
0.0233954, 0.42661, -0.904133

72
-0.0191784, 0.000930065, 0.00872697
0.999952, -0.00723828, -0.00659893
0.00515233, 0.961684, -0.274113
0.00833019, 0.274066, 0.961675

73
-0.0161196, 0.00647644, 0.00563365
0.999879, -0.0138243, -0.00708756
0.00073681, 0.49791, -0.867229
0.0155178, 0.867119, 0.49786

74
-0.0255408, -0.00855766, -0.0163722
-0.999456, -0.0317475, 0.00890792
-0.0302792, 0.99062, 0.133248
-0.0130547, 0.132906, -0.991043

75
-0.0432632, 6.65309e-05, 0.011372
0.999949, 0.00844858, -0.00552103
-0.0100491, 0.782759, -0.622244
-0.00093545, 0.622268, 0.782804

76
-0.0491936, -0.0172669, 0.00172874
0.999975, 0.00444343, -0.00557177
-0.00103025, 0.863745, 0.503928
0.00705176, -0.50391, 0.863727

77
-0.0671326, -0.0180866, -0.0102289
-0.99978, -0.0204999, 0.00442518
-0.0180852, 0.735912, -0.676836
0.0106185, -0.676767, -0.736121

78
-0.0141639, 0.0104109, -0.00280615
-0.998964, -0.0451223, 0.00587439
0.0273628, -0.49254, 0.869859
-0.0363567, 0.869119, 0.493265

79
0.0954977, -0.00569107, 0.0195432
0.239717, 0.966227, 0.0945598
-0.5356, 0.0503831, 0.842968
0.809734, -0.25272, 0.529588

80
-0.10008, 0.00851925, 0.00388716
-0.999586, 0.0256359, -0.0130385
-0.0286775, -0.922925, 0.38391
-0.00219171, 0.384125, 0.923279

81
0.00213931, 0.00490244, 0.00412934
-0.999243, 0.0372165, 0.0113512
-0.0217157, -0.775503, 0.63097
0.0322854, 0.630246, 0.775724

82
0.0304495, 0.0203374, -0.0062842
0.445812, 0.886541, 0.12368
0.161865, 0.0560506, -0.98522
-0.88037, 0.459242, -0.118512

83
0.0449024, 0.0124805, -0.00350279
0.0910867, 0.994872, 0.0439717
0.342607, 0.0101532, -0.939424
-0.935053, 0.100634, -0.339925

84
-0.0107873, 0.00647142, 0.00327371
-0.999435, -0.032577, 0.00830242
0.0308352, -0.789911, 0.612446
-0.0133935, 0.612355, 0.790469

85
-0.0850676, -0.00343147, 0.0118244
-0.999085, 0.0415048, 0.0103302
-0.0421592, -0.914929, -0.401407
-0.00720896, -0.401476, 0.915841

86
-0.0778646, -0.0140457, 0.00596095
-0.996598, -0.0821962, -0.00600337
0.0362414, -0.371659, -0.927661
0.074019, -0.924723, 0.373374

87
-0.0250758, 0.0102049, -0.002684
-0.999636, 0.0244808, 0.0113372
-0.00187888, -0.482382, 0.875959
0.026913, 0.875619, 0.482253

88
-0.0131197, -0.0123654, -0.000175066
-0.998964, -0.0451223, 0.00587439
0.00635963, -0.266281, -0.963874
0.0450564, -0.962839, 0.266293

89
-0.0642437, -0.00658132, 0.0117616
0.999977, 0.00537498, -0.00405629
-0.00648304, 0.931322, -0.364139
0.00182047, 0.364157, 0.931336

90
-0.0403198, -0.00734592, 0.00912743
0.999874, -0.0110668, -0.0114197
0.0124059, 0.992107, 0.124782
0.00994862, -0.124907, 0.992119

91
-0.084564, 0.0010901, -0.0162014
-0.987592, -0.156424, -0.0138957
-0.149625, 0.910399, 0.385729
-0.0476867, 0.383022, -0.922507

92
-0.0401914, -0.0148573, 0.00107309
0.999966, 0.00461183, -0.0067656
0.00284586, 0.579014, 0.815313
0.00767745, -0.815305, 0.578981

93
0.0268412, 0.0163722, -0.0114022
0.222639, 0.970795, 0.0893821
0.271697, 0.0262644, -0.962025
-0.936276, 0.238469, -0.257914

94
-0.0585288, -0.0069834, -0.0163685
0.999879, 0.0102396, -0.0116824
0.0154079, -0.749564, 0.661753
-0.00198058, -0.661853, -0.749631

95
-0.0495261, -0.00640414, -0.0164379
0.999863, 0.0120355, -0.0113447
0.0165047, -0.770571, 0.63714
-0.00107358, -0.637241, -0.770664

96
-0.0192855, -0.0018917, 0.00867591
0.999944, 0.0088631, -0.00571439
-0.0101178, 0.959086, -0.282935
0.0029729, 0.282977, 0.959122

97
-0.0315673, -0.00299389, -0.0134238
0.999887, 0.0039942, -0.0144849
0.0024683, -0.994588, -0.103871
-0.0148214, 0.103824, -0.994485

98
-0.0701918, -0.0172928, -0.00889083
-0.999714, -0.0238778, 0.00106504
-0.0183501, 0.738203, -0.674329
0.0153153, -0.674156, -0.73843

99
0.0350828, 0.00399604, -0.0135054
-0.0716642, 0.997426, -0.00230709
0.299364, 0.0193026, -0.953944
-0.951444, -0.0690543, -0.299977

100
-0.0838917, -0.00197951, -0.016518
-0.987432, 0.157979, -0.00449166
0.140346, 0.889582, 0.43468
0.0726659, 0.428587, -0.900574

101
-0.0372144, 0.00389251, 0.0066592
0.999848, -0.0123444, -0.0123094
-0.00466045, 0.491125, -0.871077
0.0167984, 0.871002, 0.490993

102
-0.0789443, -0.00141737, 0.012293
-0.996598, -0.0821962, -0.00600337
0.0779659, -0.916681, -0.39194
0.0267128, -0.391075, 0.919971

103
-0.0702613, 0.000381705, 0.0100563
0.999969, 0.00731536, -0.00306931
-0.00792779, 0.935717, -0.352662
0.00029216, 0.352675, 0.935746

104
-0.00889605, 0.00974848, 0.00174091
-0.997103, -0.0760621, -0.000275879
0.0589328, -0.774838, 0.629407
-0.0480878, 0.627567, 0.777076

105
-0.017535, -0.0147411, 0.00400118
-0.99758, 0.0670968, 0.0182364
-0.0359751, -0.273634, -0.961161
-0.0595008, -0.959491, 0.275385

106
-0.0371908, -0.0068792, 0.00935693
0.99994, 0.00858357, -0.00675428
-0.00773878, 0.993166, 0.116457
0.00770774, -0.116398, 0.993173

107
-0.0851436, -0.00971823, -0.013482
-0.987432, 0.157979, -0.00449166
0.157471, 0.98588, 0.0569577
0.0134263, 0.0555345, -0.998366

108
-0.0524174, -0.0139482, 0.00520352
0.999919, -0.00966576, -0.0082956
0.0124664, 0.876277, 0.481647
0.00261375, -0.481712, 0.876326

109
-0.00198571, 0.00930037, -0.00401714
0.145972, 0.986386, 0.0757316
0.179787, 0.0488265, -0.982493
-0.972815, 0.157032, -0.170212

110
-0.0614465, -0.00683056, -0.0125464
0.999908, 0.00865223, -0.0104869
0.0117893, -0.935977, 0.351863
-0.00677109, -0.351955, -0.935993

111
-0.0761835, 0.0100525, -0.00917048
0.999964, -0.00420277, 0.00732652
0.00247842, -0.683232, -0.730197
0.00807456, 0.730189, -0.683197

112
-0.000922769, 0.00782218, 0.00419649
-0.999435, 0.0319395, 0.0104742
-0.018374, -0.780055, 0.625441
0.0281468, 0.624895, 0.780201

113
-0.0791958, -0.00682641, -0.0134883
-0.999261, 0.037562, -0.00813356
0.0371233, 0.998125, 0.0486604
0.0099461, 0.0483225, -0.998782

114
-0.0402043, 0.0026823, 0.00952415
0.999874, -0.0110668, -0.0114197
0.00173759, 0.789848, -0.6133
0.0158071, 0.613202, 0.789768

115
-0.0796332, -0.0176254, -0.00961634
-0.999261, 0.037562, -0.00813356
0.0332831, 0.73995, -0.671838
-0.0192171, -0.671612, -0.740654

116
-0.0762606, -0.00754266, -0.0162842
0.999946, -0.00834778, 0.00614791
-0.0102929, -0.728443, 0.68503
-0.00124008, -0.685056, -0.728489

117
-0.00111444, 0.00469682, 0.00329786
-0.999661, 0.0238357, 0.0104464
-0.0120754, -0.780415, 0.625145
0.0230533, 0.624807, 0.780439

118
-0.00832133, 0.010391, -0.00596287
-0.998531, -0.0541281, 0.00257139
0.028533, -0.484837, 0.874139
-0.0460688, 0.872928, 0.48567

119
-0.087756, -0.0176552, -0.00657738
-0.999174, -0.034194, -0.0219483
-0.0104528, 0.738309, -0.674382
0.0392644, -0.673596, -0.738056

120
0.00498902, 0.0110497, -0.0158231
0.239917, 0.966653, 0.0895697
0.183359, 0.0454827, -0.981993
-0.95332, 0.25202, -0.166332

121
0.0460584, 0.0131227, -0.00937856
0.217527, 0.972353, 0.0849155
0.347938, 0.00403474, -0.937509
-0.911933, 0.233479, -0.337441

122
-0.00825952, 0.00958273, 0.00102434
-0.998531, -0.0541281, 0.00257139
0.0439908, -0.781986, 0.621741
-0.0316429, 0.620941, 0.783219

123
-0.0611541, -0.0126594, 0.00889895
0.999942, 0.00990331, -0.0041672
-0.00965324, 0.998369, 0.0562662
0.00471762, -0.0562228, 0.998407

124
-0.0811384, -0.00757868, -0.0142687
-0.978875, 0.204438, 0.00312742
0.191717, 0.923067, -0.333455
-0.0710576, -0.325811, -0.942761

125
-0.0874572, 0.000921118, -0.0161635
-0.984049, -0.177344, -0.0140434
-0.169552, 0.911055, 0.375808
-0.0538527, 0.372194, -0.926591

126
-0.0160074, 0.00880851, 0.000918054
-0.99758, 0.0670968, 0.0182364
-0.0166351, -0.484974, 0.87437
0.0675117, 0.871951, 0.484917

127
-0.0701686, -0.0169809, -0.00112389
0.999969, 0.00731536, -0.00306931
-0.00276391, 0.683913, 0.729559
0.00743613, -0.729527, 0.683911

128
-0.0615472, 0.0093994, -0.00875555
0.999908, 0.00865223, -0.0104869
-0.00174409, -0.683347, -0.730092
-0.0134831, 0.730043, -0.683268

129
-0.00101519, 0.0093806, -0.0008273
-0.999372, 0.0329258, 0.0130845
-0.0176044, -0.781948, 0.623095
0.0307473, 0.622474, 0.782036

130
0.00538417, 0.00180255, 0.00318097
-0.995564, 0.0923277, 0.0181173
-0.0594655, -0.76666, 0.639293
0.0729143, 0.63538, 0.76875

131
0.0997679, 0.00465183, 0.0126063
-0.0139237, 0.999876, 0.0073831
-0.661212, -0.0147461, 0.750054
0.75007, 0.00556173, 0.661336

132
-0.061506, -0.00450101, -0.0162906
0.999908, 0.00865223, -0.0104869
0.0134831, -0.730043, 0.683268
-0.00174409, -0.683347, -0.730092

133
-0.0132514, -0.017008, 0.00638696
-0.0623709, 0.997503, 0.0331183
-0.279466, 0.0144006, -0.960048
-0.958128, -0.0691344, 0.27787

134
0.0391127, 0.00812339, -0.0140054
0.179349, 0.981014, 0.0737883
0.31837, 0.0130914, -0.947876
-0.930846, 0.193493, -0.309977

135
-0.0850103, -0.00629373, 0.0118163
-0.995274, 0.0966399, 0.00947783
-0.0925077, -0.913969, -0.395099
-0.0295199, -0.394109, 0.91859

136
-0.072858, 0.00624725, 0.00724384
-0.999627, 0.0272433, 0.00197888
-0.0244846, -0.925803, 0.377213
0.0121086, 0.377023, 0.926125

137
0.0811557, -0.00890772, 0.0170899
-0.0586551, 0.99759, 0.0370776
-0.489525, -0.0611122, 0.869845
0.870014, 0.0328704, 0.49193

138
0.0045865, 0.00286677, -0.0104999
0.197201, 0.977252, 0.0780409
0.192037, 0.039556, -0.98059
-0.961371, 0.20836, -0.179868

139
-0.0787805, 0.00372613, -0.0152465
-0.978875, 0.204438, 0.00312742
0.18581, 0.88309, 0.430845
0.0853192, 0.422324, -0.902421

140
-0.0165945, -0.00282586, 0.011609
-0.99758, 0.0670968, 0.0182364
-0.0675117, -0.871951, -0.484917
-0.0166351, -0.484974, 0.87437

141
-0.061506, -0.00450101, -0.0162906
0.999908, 0.00865223, -0.0104869
0.0134831, -0.730043, 0.683268
-0.00174409, -0.683347, -0.730092

142
0.00186364, 0.00564108, -0.000370766
0.999901, -0.0111601, -0.00859975
-0.00225432, 0.47579, -0.879556
0.0139076, 0.879488, 0.475718

143
-0.0161651, 0.00581692, 0.00329928
-0.99758, 0.0670968, 0.0182364
-0.0595008, -0.959491, 0.275385
0.0359751, 0.273634, 0.961161

144
-0.0732175, -0.00715956, 0.0101988
-0.999627, 0.0272433, 0.00197888
-0.0258753, -0.921237, -0.388139
-0.00875117, -0.388046, 0.921599

145
0.00555623, 0.00425278, 0.000149321
-0.995564, 0.0923277, 0.0181173
-0.0270359, -0.465152, 0.884818
0.0901204, 0.880403, 0.465585

146
0.0383988, 0.00354126, -0.00536791
-0.0790776, 0.996819, -0.00997094
0.316998, 0.0156618, -0.948297
-0.945124, -0.0781498, -0.317228

147
-0.0614465, -0.00683056, -0.0125464
0.999908, 0.00865223, -0.0104869
0.0117893, -0.935977, 0.351863
-0.00677109, -0.351955, -0.935993

148
0.0201361, -0.0222763, 0.0344931
-0.196629, 0.980432, 0.00949107
-0.824643, -0.160134, -0.542514
-0.530378, -0.114501, 0.839993

149
0.0173095, -0.00251582, -0.016195
0.207049, 0.974908, 0.0817634
0.24595, 0.0290209, -0.968848
-0.94691, 0.220708, -0.23377

150
0.0383988, 0.00354126, -0.00536791
-0.0790776, 0.996819, -0.00997094
0.316998, 0.0156618, -0.948297
-0.945124, -0.0781498, -0.317228

151
-0.0845566, -0.00611997, -0.0159634
-0.987432, 0.157979, -0.00449166
0.150622, 0.932086, -0.329436
-0.0478573, -0.325973, -0.944167

152
-0.0612244, -0.0043878, 0.0116732
0.999942, 0.00990331, -0.0041672
-0.0107238, 0.943888, -0.330091
0.000664381, 0.330116, 0.94394

153
-0.0907089, 0.00879593, 0.00731064
-0.977147, 0.212496, 0.00535089
-0.195167, -0.906864, 0.373507
0.0842215, 0.363927, 0.927612

154
-0.028547, -0.00858136, -0.0163752
-0.999629, -0.0252302, 0.0102428
-0.0236642, 0.991018, 0.131617
-0.0134715, 0.131326, -0.991248

155
-0.0403034, -0.014418, 0.00466902
0.999949, -0.00434171, -0.00907357
0.00984155, 0.608765, 0.793289
0.00207944, -0.793338, 0.608777

156
-0.0861595, 0.0080651, 0.00778102
-0.981093, -0.193237, -0.0108038
0.175563, -0.912075, 0.370537
-0.0814552, 0.361634, 0.928755

157
0.0470691, 0.0121401, -0.00321552
0.547091, 0.818823, 0.173836
0.324257, -0.0158488, -0.945836
-0.771718, 0.573827, -0.27418

158
0.0697366, -0.00220582, 0.0488873
0.179349, 0.981014, 0.0737883
-0.930846, 0.193493, -0.309977
-0.31837, -0.0130914, 0.947876

159
-0.0250794, 0.00561966, 0.00689948
-0.999636, 0.0244808, 0.0113372
-0.020359, -0.960252, 0.278392
0.0177018, 0.27806, 0.960401

160
-0.0612303, -0.0067347, 0.011747
0.999958, 0.00807885, -0.0043603
-0.00910402, 0.933793, -0.357699
0.00118182, 0.357724, 0.933827

161
-0.00868457, 0.00697504, 0.00203468
-0.997103, -0.0760621, -0.000275879
0.0360445, -0.475697, 0.87887
-0.0669799, 0.876314, 0.477061

162
-0.016963, -0.00727733, 0.00782712
-0.99758, 0.0670968, 0.0182364
-0.0560066, -0.619986, -0.782612
-0.0412044, -0.781739, 0.622243

163
0.0523575, -0.0150023, 0.0439359
0.207049, 0.974908, 0.0817634
-0.94691, 0.220708, -0.23377
-0.24595, -0.0290209, 0.968848

164
-0.00108577, 0.00720774, 0.000311461
-0.999661, 0.0238357, 0.0104464
-0.00233407, -0.481907, 0.876219
0.0259195, 0.875898, 0.481799

165
0.0383546, 0.00390968, -0.00270459
-0.0139237, 0.999876, 0.0073831
0.323841, 0.0114952, -0.946042
-0.946009, -0.0107815, -0.323961

166
-0.0086798, -0.01471, -0.0144908
-0.0884325, 0.995573, 0.0318535
0.136417, 0.0437825, -0.989684
-0.986697, -0.0831749, -0.139685

167
-0.0192401, -0.0153291, -0.00422215
0.999944, 0.0088631, -0.00571439
-0.00112532, 0.628463, 0.777839
0.0104853, -0.777789, 0.628438

168
-0.00112427, 0.00766255, -0.00483561
-0.999372, 0.0329258, 0.0130845
-0.00449784, -0.484215, 0.874937
0.0351437, 0.874329, 0.484059

169
0.0156185, 0.0103068, 0.00269827
-0.978449, 0.204952, 0.0251285
-0.0639194, -0.416352, 0.906954
0.196345, 0.885802, 0.42048

170
-0.0782547, -0.00979334, 0.0124925
-0.996598, -0.0821962, -0.00600337
0.0618085, -0.697245, -0.714163
0.0545157, -0.712105, 0.699953

171
-0.0674506, -0.00371481, -0.0154888
-0.99978, -0.0204999, 0.00442518
-0.0202966, 0.998915, 0.0419207
-0.00527975, 0.0418217, -0.999111

172
-0.0788715, 0.000531641, -0.0193498
-0.999261, 0.037562, -0.00813356
0.0192171, 0.671612, 0.740654
0.0332831, 0.73995, -0.671838

173
0.00213459, 0.0095094, -6.84217e-05
-0.999387, 0.0328409, 0.0121697
-0.0177837, -0.775186, 0.631483
0.0301722, 0.630879, 0.775294

174
-0.0764933, 0.00388171, 0.00647421
-0.999521, -0.0309106, 0.00141047
0.029321, -0.931589, 0.362329
-0.00988582, 0.362197, 0.932049

175
-0.061212, -0.0154385, -0.000189067
0.999958, 0.00807885, -0.0043603
-0.0023921, 0.68784, 0.725858
0.00886329, -0.725817, 0.687831

176
-0.0842148, 0.00211395, 0.0096257
-0.995274, 0.0966399, 0.00947783
-0.0967627, -0.995216, -0.013495
0.00812833, -0.0143483, 0.999864

177
-0.0402051, 0.00510914, 0.00615297
0.999949, -0.00434171, -0.00907357
-0.00568735, 0.499985, -0.866016
0.00829664, 0.866023, 0.499935

178
-0.0495925, 0.00700732, -0.00806364
0.999863, 0.0120355, -0.0113447
-0.00107358, -0.637241, -0.770664
-0.0165047, 0.770571, -0.63714

179
-0.0431942, -0.0162926, -0.00117286
0.999949, 0.00844858, -0.00552103
-0.00093545, 0.622268, 0.782804
0.0100491, -0.782759, 0.622244

180
0.0451472, 0.0116237, -0.00940443
0.131691, 0.989608, 0.0577432
0.342732, 0.0092042, -0.939388
-0.930157, 0.143499, -0.337958

181
-0.0761906, 0.00637539, -0.00878197
0.999946, -0.00834778, 0.00614791
-0.00124008, -0.685056, -0.728489
0.0102929, 0.728443, -0.68503

182
-0.0376684, -0.0175008, -0.00876262
0.999848, -0.0123444, -0.0123094
0.0151737, 0.268613, 0.963129
-0.00858281, -0.963169, 0.26876

183
-0.0371811, -0.0163199, -0.00120755
0.99994, 0.00858357, -0.00675428
-2.19547e-05, 0.619969, 0.784627
0.0109223, -0.78458, 0.619932

184
-0.0258576, -0.0196338, -0.0052396
-0.242023, 0.969659, 0.034439
0.00589444, 0.0369629, -0.999299
-0.970253, -0.241651, -0.0146615

185
-0.0611417, -0.0164654, 0.00281735
0.999942, 0.00990331, -0.0041672
-0.00349001, 0.666198, 0.745767
0.0101617, -0.745709, 0.666194

186
-0.0910619, -0.00070855, -0.0161177
-0.999533, -0.0222564, -0.0209221
-0.030511, 0.694481, 0.718864
-0.00146936, 0.719167, -0.694836

187
-0.00204518, 0.000616442, -0.00935375
0.153995, 0.98558, 0.0701271
0.166137, 0.0441354, -0.985115
-0.974004, 0.163354, -0.156944

188
0.0421295, 0.0109015, 0.00985626
0.131691, 0.989608, 0.0577432
-0.0393127, 0.0634184, -0.997212
-0.990511, 0.129054, 0.0472558

189
-0.0879375, -0.00663606, -0.0154814
-0.999174, -0.034194, -0.0219483
-0.0351554, 0.998367, 0.0450248
0.0203729, 0.0457592, -0.998745

190
-0.0795262, 0.00630705, 0.00313178
-0.996598, -0.0821962, -0.00600337
0.074019, -0.924723, 0.373374
-0.0362414, 0.371659, 0.927661

191
0.0567502, -0.000314447, 0.0313424
-0.242023, 0.969659, 0.034439
-0.69024, -0.197009, 0.696244
0.681904, 0.144736, 0.716979

192
-0.0193113, -0.0118445, 0.00260098
0.999952, -0.00723828, -0.00659893
0.00953358, 0.873807, 0.48618
0.00224709, -0.48622, 0.873834

193
-0.0141555, 0.0060694, 0.00727571
-0.998127, -0.0611459, 0.00202471
0.0594624, -0.961798, 0.267224
-0.0143923, 0.266844, 0.963632

194
-0.0162398, -0.00411478, 0.00932822
0.999879, -0.0138243, -0.00708756
0.0146185, 0.991655, 0.128089
0.00525768, -0.128177, 0.991737

195
-0.0433264, 0.00371507, 0.00551432
0.999949, 0.00844858, -0.00552103
-0.00892622, 0.485043, -0.874445
-0.00470988, 0.87445, 0.485094

196
-0.070712, 0.00421281, -0.0149931
-0.999714, -0.0238778, 0.00106504
-0.0153153, 0.674156, 0.73843
-0.0183501, 0.738203, -0.674329

197
-0.0733193, -0.0106356, 0.00663533
-0.999627, 0.0272433, 0.00197888
-0.0205567, -0.702614, -0.711275
-0.0179871, -0.71105, 0.702911

198
-0.0401835, 0.00816021, 0.00603856
0.999874, -0.0110668, -0.0114197
-0.00994862, 0.124907, -0.992119
0.0124059, 0.992107, 0.124782

199
0.00182645, -0.00326938, 0.00686832
0.999901, -0.0111601, -0.00859975
0.00824012, 0.958326, -0.285557
0.0114282, 0.285458, 0.958323

200
0.0649148, 0.0034573, 0.052261
-0.0233867, 0.999635, 0.0135315
-0.955271, -0.0183533, -0.295162
-0.294805, -0.0198291, 0.955352

201
-0.0373213, -0.00728404, 0.00918072
0.999848, -0.0123444, -0.0123094
0.0137362, 0.992646, 0.120272
0.0107342, -0.120423, 0.992665

202
-0.080186, -0.00299291, -0.0159585
-0.978875, 0.204438, 0.00312742
0.204316, 0.977485, 0.0527072
0.00771834, 0.0522327, -0.998605

203
-0.0908873, -0.0149685, -0.00928949
-0.999533, -0.0222564, -0.0209221
-0.00146936, 0.719167, -0.694836
0.030511, -0.694481, -0.718864

204
0.0237329, 0.0108508, 0.00832875
-0.714604, -0.67053, -0.199327
0.0389701, -0.322661, 0.945712
-0.698443, 0.668041, 0.256706

205
-0.0193534, 0.00523336, 0.00783887
0.999944, 0.0088631, -0.00571439
-0.00925655, 0.478081, -0.878267
-0.00505223, 0.878271, 0.478136

206
-0.0702233, -0.00602959, 0.00716281
0.999969, 0.00731536, -0.00306931
-0.00721252, 0.999453, 0.0322775
0.00330375, -0.0322543, 0.999474

207
0.0673237, -0.00529814, 0.0490791
0.261567, 0.960059, 0.0993412
-0.915185, 0.279397, -0.290472
-0.306626, -0.0149378, 0.951713

208
-0.0898819, -0.0086208, 0.00866731
-0.960822, 0.277149, 0.00298259
-0.254975, -0.879626, -0.401554
-0.108667, -0.386582, 0.915831

209
-0.0254739, -0.0172292, 0.00178647
0.99988, -0.0127188, -0.00883702
0.0154352, 0.865174, 0.501234
0.00127048, -0.50131, 0.865267

210
-0.00143803, -0.00877435, 0.0056395
-0.999435, 0.0319395, 0.0104742
-0.0330356, -0.875842, -0.481466
-0.00620406, -0.48154, 0.876402

211
-0.0642447, -0.0153673, -0.000114117
0.999977, 0.00537498, -0.00405629
-0.000799059, 0.692839, 0.721092
0.00668621, -0.721072, 0.692827

212
-0.0581937, -0.015538, -0.0048371
-0.999498, -0.0308123, 0.00741291
-0.00943043, 0.065857, -0.997785
0.0302559, -0.997353, -0.0661145

213
-0.0611839, -0.0102313, 0.00751099
0.999942, 0.00990331, -0.0041672
-0.00711308, 0.900857, 0.434057
0.00805265, -0.434002, 0.900876

214
-0.0495314, -0.00313706, -0.0134386
0.999863, 0.0120355, -0.0113447
0.0109114, -0.995473, -0.0944156
-0.0124297, 0.0942789, -0.995468

215
0.0588345, 0.00342315, 0.012642
0.445812, 0.886541, 0.12368
-0.88037, 0.459242, -0.118512
-0.161865, -0.0560506, 0.98522

216
-0.0816838, -0.00751172, 0.0102508
-0.983842, 0.178936, 0.00600173
-0.166152, -0.900036, -0.402901
-0.0666919, -0.397389, 0.915224

217
-0.0730452, -0.000644615, 0.00755231
-0.999627, 0.0272433, 0.00197888
-0.0272545, -0.999611, -0.0059136
0.001817, -0.00596532, 0.999981

218
0.0295964, 0.0206422, 0.00226898
0.370093, 0.921567, 0.117238
0.185142, 0.0504996, -0.981413
-0.910359, 0.38492, -0.151931

219
-0.0909137, -0.0183037, -0.00448015
-0.999533, -0.0222564, -0.0209221
0.0103185, 0.398657, -0.917042
0.0287508, -0.91683, -0.398242

220
-0.0432111, -0.0118269, 0.00261014
0.999949, 0.00844858, -0.00552103
-0.00470988, 0.87445, 0.485094
0.00892622, -0.485043, 0.874445

221
-0.0491861, -0.0111598, 0.00795962
0.999975, 0.00444343, -0.00557177
-0.00365042, 0.990834, 0.135035
0.00612072, -0.135011, 0.990825

222
-0.0587036, 0.00372752, 0.00649294
-0.999498, -0.0308123, 0.00741291
0.0315617, -0.946637, 0.320754
-0.00286584, 0.320827, 0.947134

223
-0.0763137, -0.0018794, 0.00748985
-0.999521, -0.0309106, 0.00141047
0.0308722, -0.999283, -0.0219313
0.00208737, -0.0218772, 0.999758

224
-0.0921727, 0.00205752, 0.00759158
-0.977147, 0.212496, 0.00535089
-0.212541, -0.977102, -0.00990622
0.00312333, -0.0108171, 0.999937

225
-0.0160649, 0.00754868, 0.00240653
-0.99758, 0.0670968, 0.0182364
-0.0412044, -0.781739, 0.622243
0.0560066, 0.619986, 0.782612

226
-0.0129989, 0.00409515, 0.00513073
-0.997561, 0.0676371, 0.0172446
-0.06062, -0.961973, 0.266335
0.0346029, 0.26464, 0.963726

227
-0.0193686, -0.0163052, -0.00118757
0.999952, -0.00723828, -0.00659893
0.00966781, 0.621224, 0.783573
-0.00157231, -0.7836, 0.621264

228
-0.0856644, -0.0130551, -0.0163567
-0.987432, 0.157979, -0.00449166
0.120843, 0.736391, -0.665677
-0.101855, -0.657853, -0.746227

229
0.0018607, 0.00190572, 0.00413493
0.999901, -0.0111601, -0.00859975
0.00323949, 0.776138, -0.630555
0.0137116, 0.630464, 0.776097

230
0.00367001, -0.0110469, -0.017212
0.041065, 0.997893, 0.0502285
0.196216, 0.0412378, -0.979693
-0.9797, 0.0500867, -0.194109

231
-0.0191795, 0.00369366, 0.00552451
0.999952, -0.00723828, -0.00659893
-0.00224709, 0.48622, -0.873834
0.00953358, 0.873807, 0.48618

232
-0.0848507, 0.00271008, 0.00812218
-0.999085, 0.0415048, 0.0103302
-0.0349085, -0.930838, 0.36376
0.0247135, 0.363066, 0.931436

233
-0.0585532, -0.00123628, 0.00613246
-0.999498, -0.0308123, 0.00741291
0.0302559, -0.997353, -0.0661145
0.00943043, -0.065857, 0.997785

234
0.0203167, 0.00282239, 0.0439717
0.18444, 0.979359, 0.0826911
-0.829758, 0.200253, -0.520961
-0.526767, 0.0274726, 0.849565

235
-0.0835821, -0.00534592, -0.0135384
-0.987592, -0.156424, -0.0138957
-0.156484, 0.987675, 0.0033388
0.0132022, 0.00547183, -0.999898

236
-0.040431, -0.011665, 0.00357666
0.999874, -0.0110668, -0.0114197
0.0152688, 0.868787, 0.49495
0.00444378, -0.495062, 0.868846

237
-0.0860194, 0.0098655, -0.0115528
-0.987592, -0.156424, -0.0138957
-0.0720811, 0.372911, 0.925063
-0.13952, 0.914587, -0.37956

238
-0.0227701, 0.0111245, -0.0107962
0.999818, 0.0149652, -0.0118441
0.00701133, -0.865215, -0.501353
-0.0177506, 0.501178, -0.865162

239
-0.0935462, -0.00432411, 0.010212
-0.977147, 0.212496, 0.00535089
-0.197557, -0.898585, -0.391811
-0.0784503, -0.383914, 0.92003

240
-0.00152101, -0.00937072, 0.00772442
-0.999372, 0.0329258, 0.0130845
-0.0307473, -0.622474, -0.782036
-0.0176044, -0.781948, 0.623095

241
0.00134792, -0.0155185, 0.00141673
-0.999243, 0.0372165, 0.0113512
-0.00747394, 0.102713, -0.994683
-0.0381845, -0.994015, -0.102357

242
-0.100618, -0.011608, 0.00557357
-0.999586, 0.0256359, -0.0130385
-0.00894952, -0.708073, -0.706082
-0.0273333, -0.705673, 0.70801

243
-0.010684, 0.00340725, 0.00368356
-0.999435, -0.032577, 0.00830242
0.0336134, -0.964121, 0.263326
-0.000573853, 0.263457, 0.964671

244
0.0290095, 0.00754832, -0.0153882
0.110139, 0.992225, 0.0579537
0.282545, 0.0246462, -0.958937
-0.95291, 0.121991, -0.277634

245
-0.0371937, -0.0118653, 0.00258856
0.99994, 0.00858357, -0.00675428
-0.00420008, 0.873022, 0.487663
0.0100825, -0.487605, 0.873006

246
0.00214549, 0.00788686, 0.00520561
-0.999387, 0.0328409, 0.0121697
-0.0279764, -0.957605, 0.286722
0.0210699, 0.286206, 0.957936

247
-0.100632, -0.0137805, 0.00233257
-0.999586, 0.0256359, -0.0130385
0.00219171, -0.384125, -0.923279
-0.0286775, -0.922925, 0.38391

248
-0.0999821, 0.00958622, -0.00152581
-0.999586, 0.0256359, -0.0130385
-0.0273333, -0.705673, 0.70801
0.00894952, 0.708073, 0.706082

249
-0.09529, -0.00582171, 0.0140115
-0.959926, -0.280232, -0.00349856
0.260739, -0.888437, -0.377749
0.102749, -0.363523, 0.925902

250
-0.0101769, -0.0123719, 0.0028101
-0.999435, -0.032577, 0.00830242
0.000573853, -0.263457, -0.964671
0.0336134, -0.964121, 0.263326

251
-0.0402662, 0.00460153, 0.00327947
0.999966, 0.00461183, -0.0067656
-0.00818211, 0.531664, -0.846916
-0.0003088, 0.846943, 0.531684

252
-0.100563, -0.00836114, 0.00773669
-0.999586, 0.0256359, -0.0130385
-0.0187283, -0.924224, -0.381391
-0.0218278, -0.380989, 0.924322

253
-0.0776999, -0.0154825, -0.00170749
-0.996598, -0.0821962, -0.00600337
0.00515681, 0.0105077, -0.999931
0.0822536, -0.996561, -0.0100481

254
-0.0258179, -0.000513591, -0.0187988
-0.999456, -0.0317475, 0.00890792
-0.0229786, 0.864353, 0.502361
-0.0236483, 0.501883, -0.864612

255
-0.00126734, -0.00265156, 0.00543245
-0.999661, 0.0238357, 0.0104464
-0.0248397, -0.993642, -0.10981
0.00776258, -0.110032, 0.993898

256
-0.037443, -0.0116281, 0.00364969
0.999848, -0.0123444, -0.0123094
0.0167984, 0.871002, 0.490993
0.00466045, -0.491125, 0.871077

257
-0.0805252, -0.00105592, 0.00770949
-0.983842, 0.178936, 0.00600173
-0.179026, -0.983599, -0.0219912
0.00196826, -0.0227104, 0.99974

258
-0.0881614, 0.000478974, -0.0163747
-0.999174, -0.034194, -0.0219483
-0.0392644, 0.673596, 0.738056
-0.0104528, 0.738309, -0.674382

259
0.0193269, -0.0103921, -0.0173271
-0.00380204, 0.999635, 0.0267437
0.256403, 0.0268243, -0.966198
-0.966562, 0.00318364, -0.256412

260
-0.0492068, -0.0144731, 0.00159617
0.999975, 0.00444343, -0.00557177
0.00174677, 0.605158, 0.796103
0.00690924, -0.796093, 0.605135

261
-0.0762489, -0.00409106, -0.0134992
0.999946, -0.00834778, 0.00614791
-0.00815507, -0.999494, -0.0307307
0.00640134, 0.0306789, -0.999509

262
-0.0522434, 0.00289726, 0.00654988
0.999919, -0.00966576, -0.0082956
0.00235591, 0.78038, -0.625301
0.0125177, 0.625231, 0.780339

263
-0.0613711, 0.00762159, 0.00501308
0.999942, 0.00990331, -0.0041672
-0.00805265, 0.434002, -0.900876
-0.00711308, 0.900857, 0.434057

264
-0.0523424, -0.00713602, 0.00630626
0.999919, -0.00966576, -0.0082956
0.0105172, 0.993917, 0.109629
0.00718549, -0.109707, 0.993938

265
0.0137355, 0.00122037, 0.0034876
-0.978449, 0.204952, 0.0251285
-0.20586, -0.977706, -0.0413966
0.016084, -0.0456774, 0.998827

266
-0.0854389, -0.0120556, 0.0105571
-0.999085, 0.0415048, 0.0103302
-0.0361912, -0.691646, -0.721329
-0.0227938, -0.721043, 0.692515

267
-0.0910369, -0.00428941, -0.0135011
-0.999533, -0.0222564, -0.0209221
-0.0226135, 0.9996, 0.0169905
0.0205355, 0.0174557, -0.999637

268
-0.00805848, 0.00616592, 0.00716952
-0.998531, -0.0541281, 0.00257139
0.0527514, -0.960085, 0.274689
-0.0123997, 0.274421, 0.96153

269
-0.0813322, -0.0199369, -0.00919468
-0.987592, -0.156424, -0.0138957
-0.101316, 0.702261, -0.704674
0.119986, -0.694522, -0.709395

270
-0.0588448, 0.00481408, -0.0142994
-0.999645, -0.0251439, 0.00885374
-0.00928104, 0.639636, 0.768622
-0.0249893, 0.768266, -0.639642

271
0.0572793, -0.00597906, 0.04665
0.0641811, 0.996813, 0.0473817
-0.961414, 0.0744902, -0.26483
-0.267515, -0.0285563, 0.96313

272
0.0550993, 0.00269026, 0.0438594
0.32799, 0.937128, 0.119218
-0.910694, 0.347208, -0.223792
-0.251115, -0.0351699, 0.967318

273
0.00150237, 0.00898799, -0.00688777
0.199315, 0.976437, 0.0827294
0.181113, 0.0462628, -0.982374
-0.963053, 0.210785, -0.167625

274
-0.0162398, -0.00411478, 0.00932822
0.999879, -0.0138243, -0.00708756
0.0146185, 0.991655, 0.128089
0.00525768, -0.128177, 0.991737

275
0.0853855, -0.00590408, 0.0256095
0.145972, 0.986386, 0.0757316
-0.815013, 0.0765131, 0.574369
0.560755, -0.145564, 0.815086

276
-0.0101908, -0.0115008, 0.0045557
-0.999435, -0.032577, 0.00830242
0.0133935, -0.612355, -0.790469
0.0308352, -0.789911, 0.612446

277
-0.0402255, 0.00198091, 0.00751298
0.999966, 0.00461183, -0.0067656
-0.00767745, 0.815305, -0.578981
0.00284586, 0.579014, 0.815313

278
-0.0432161, -0.00682092, 0.00936385
0.999949, 0.00844858, -0.00552103
-0.00776728, 0.993504, 0.113533
0.00644435, -0.113484, 0.993519

279
-0.0524843, -0.0147561, -0.00192493
0.999919, -0.00966576, -0.0082956
0.0106633, 0.279, 0.960232
-0.0069669, -0.960243, 0.27908

280
-0.0585761, 0.00669221, -0.00843282
0.999879, 0.0102396, -0.0116824
-0.00198058, -0.661853, -0.749631
-0.0154079, 0.749564, -0.661753

281
-0.0642901, -0.00136939, 0.00723813
0.999977, 0.00537498, -0.00405629
-0.00668621, 0.721072, -0.692827
-0.000799059, 0.692839, 0.721092

282
0.0589007, 0.00193613, 0.0230621
0.445812, 0.886541, 0.12368
-0.751413, 0.445734, -0.486518
-0.486446, 0.12396, 0.864872

283
-0.0192305, -0.00684758, 0.00936087
0.999952, -0.00723828, -0.00659893
0.00794796, 0.99336, 0.11477
0.00572438, -0.114817, 0.99337

284
-0.00158685, -0.0261393, -0.0164948
-0.196629, 0.980432, 0.00949107
0.174428, 0.0445046, -0.983664
-0.964838, -0.191762, -0.179766

285
-0.0613281, -0.0162123, -0.00899714
0.999908, 0.00865223, -0.0104869
0.0107672, -0.0330194, 0.999397
0.00830074, -0.999417, -0.0331095

286
-0.0252165, -0.000209921, 0.00740093
-0.999636, 0.0244808, 0.0113372
-0.0255834, -0.993566, -0.110328
0.00856331, -0.110578, 0.993831

287
-0.0613042, 0.00194739, 0.0108889
0.999958, 0.00807885, -0.0043603
-0.00886329, 0.725817, -0.687831
-0.0023921, 0.68784, 0.725858

288
0.0531373, 0.00154633, 0.0393485
0.179349, 0.981014, 0.0737883
-0.738155, 0.183774, -0.649118
-0.650355, 0.0619516, 0.7571

289
-0.0822358, -0.0128126, -0.0156289
-0.978875, 0.204438, 0.00312742
0.149931, 0.72812, -0.668851
-0.139016, -0.654252, -0.74339

290
-0.0494217, -0.013125, -0.0143648
0.999863, 0.0120355, -0.0113447
0.0156592, -0.468053, 0.883561
0.0053242, -0.883618, -0.468178

291
-0.0793965, 0.00434368, 0.00849279
-0.996598, -0.0821962, -0.00600337
0.0822536, -0.996561, -0.0100481
-0.00515681, -0.0105077, 0.999931

292
-0.0934508, -0.0120681, 0.00971074
-0.959926, -0.280232, -0.00349856
0.201571, -0.681695, -0.703322
0.194708, -0.675842, 0.710863

293
-0.0012985, -0.00211507, 0.00646136
-0.999372, 0.0329258, 0.0130845
-0.0341898, -0.993076, -0.112388
0.00929345, -0.112765, 0.993578

294
-0.0763625, -0.0142394, -0.00880892
0.999946, -0.00834778, 0.00614791
-0.00640134, -0.0306789, 0.999509
-0.00815507, -0.999494, -0.0307307

295
-0.0903938, 0.0104205, 0.000329697
-0.977147, 0.212496, 0.00535089
