0
0.00952723, 0.0408245, 0.0357694
0.999984, -0.00427807, -0.00361454
0.00515018, 0.955995, 0.293339
0.00220056, -0.293353, 0.956002

1
-0.00983916, -0.0264396, -0.0119827
0.162383, 0.986644, -0.0128503
0.0561797, -0.0222465, -0.998173
-0.985127, 0.161364, -0.0590418

2
-0.0194357, 0.00146232, -0.00922654
-0.000472444, -1, 0.000720594
-0.183919, -0.000621411, -0.982941
0.982941, -0.000596915, -0.183918

3
0.0095019, 0.0422643, 0.0371244
0.999994, -0.00203041, -0.00268097
0.00290525, 0.923099, 0.384551
0.001694, -0.384557, 0.9231

4
0.00649496, 0.0401158, 0.0364134
0.999993, -0.00291776, -0.00235053
0.00340878, 0.968877, 0.24752
0.00155517, -0.247526, 0.96888

5
-0.00248892, -0.00295224, -0.0138036
0.691602, -0.722275, 0.00222952
-0.0240703, -0.0261329, -0.999369
0.721878, 0.691112, -0.0354589

6
0.00215367, 0.0163892, -0.0171564
-0.00210089, -0.999998, -0.000302034
-0.102514, 0.000515815, -0.994731
0.994729, -0.00205886, -0.102515

7
0.0240001, -0.0435996, 0.0346504
-0.998786, -0.0483067, 0.00960744
0.0485412, -0.932408, 0.358133
-0.00834215, 0.358164, 0.933621

8
0.0113987, -0.0213127, -0.00967947
0.0238073, -0.999689, -0.00747695
-0.0131515, 0.00716524, -0.999888
0.99963, 0.023903, -0.0129768

9
0.00344746, 0.0287997, -0.0219341
-0.121782, 0.992445, 0.0149083
0.254422, 0.0457313, -0.966011
-0.959395, -0.11385, -0.258069

10
-0.0570367, -0.0078435, -0.00624794
-0.246721, 0.969086, 0.00135986
0.00387622, 0.00239008, -0.99999
-0.969079, -0.246713, -0.00434607

11
-0.0135697, -0.00088961, -0.00999348
0.0123523, 0.999923, 0.000747837
0.0192647, 0.000509774, -0.999814
-0.999738, 0.0123644, -0.0192569

12
-0.00901516, -0.045682, 0.0359521
0.999935, 0.0105102, 0.00451156
-0.00748613, 0.899635, -0.436579
-0.00864727, 0.436517, 0.899654

13
0.0512248, -0.000320728, -0.00593635
0.443743, -0.896124, -0.00733187
-0.00156363, 0.00740725, -0.999971
0.896153, 0.443742, 0.00188571

14
0.0414082, 0.0276217, 0.0342068
-0.0520941, 0.998639, -0.00261677
-0.923445, -0.0491688, -0.380569
-0.380179, -0.0174089, 0.924749

15
0.00931541, 0.0114924, -0.00913182
0.999994, -0.00203041, -0.00268097
0.00267685, -0.00202928, 0.999994
-0.00203584, -0.999996, -0.00202383

16
0.0153013, -0.041832, 0.0368162
0.999905, 0.0137845, -0.000640706
-0.0136034, 0.976842, -0.213528
-0.00231751, 0.213516, 0.976937

17
-0.0135686, -0.0101437, -0.0131639
0.00729964, 0.999973, -0.000710024
0.0226594, -0.00087527, -0.999743
-0.999717, 0.00728168, -0.0226652

18
0.00012331, -0.0414936, 0.037322
0.999974, 0.00495237, 0.00515055
-0.0040627, 0.987058, -0.16031
-0.00587781, 0.160285, 0.987053

19
0.0366499, 0.0354043, 0.0429588
-0.0839309, 0.985684, 0.146226
-0.693711, 0.0475469, -0.718683
-0.715347, -0.161758, 0.679789

20
-0.0566848, -0.0121511, -0.00628157
-0.272877, 0.962047, 0.0018571
0.00432152, 0.0031561, -0.999986
-0.962039, -0.272865, -0.00501874

21
0.00646164, 0.0419414, 0.0385951
0.999998, -0.00114301, -0.00157346
0.00172981, 0.892515, 0.451015
0.000888824, -0.451016, 0.892515

22
-0.0634864, -0.0149057, -0.00959803
-0.208008, 0.978121, 0.00341725
0.0103891, 0.0057028, -0.99993
-0.978072, -0.207958, -0.011348

23
0.0063543, 0.0146335, -0.00978725
0.999998, -0.00114301, -0.00157346
0.00148313, -0.0751342, 0.997172
-0.00125799, -0.997173, -0.0751323

24
0.00932089, 0.0085636, -0.0093606
0.999994, -0.0020767, -0.00276416
0.00287111, 0.0533951, 0.998569
-0.00192614, -0.998571, 0.0534007

25
-0.057548, 0.00637291, -0.0091378
-0.20238, 0.979304, -0.00253527
0.00261208, -0.00204903, -0.999994
-0.979304, -0.202385, -0.00214333

26
0.000214066, -0.000154913, -0.0200461
0.999974, 0.00495237, 0.00515055
0.00587781, -0.160285, -0.987053
-0.0040627, 0.987058, -0.16031

27
-0.0378509, -0.026851, 0.02539
-0.978989, 0.188875, 0.076859
-0.0608059, -0.630168, 0.774074
0.194637, 0.753136, 0.628412

28
-0.0278197, -0.00672991, 0.0264359
0.999689, -0.0195568, 0.0154425
0.0029939, 0.709492, 0.704707
-0.0247381, -0.704442, 0.709331

29
-0.0140701, 0.00316494, -0.0177186
0.999907, -0.00915855, 0.0101479
0.00903962, -0.113853, -0.993456
0.010254, 0.993455, -0.11376

30
0.000449809, 0.0408711, 0.039519
0.999999, 0.00141381, -7.5843e-05
-0.00125669, 0.910992, 0.412421
0.000652176, -0.412421, 0.910993

31
0.0387085, -0.0193875, 0.0375171
0.000172949, 0.999997, -0.00240442
-0.990958, -0.000151229, -0.134175
-0.134175, 0.00240589, 0.990955

32
-0.00413068, -0.0195154, -0.0187394
0.000172949, 0.999997, -0.00240442
0.134175, -0.00240589, -0.990955
-0.990958, -0.000151229, -0.134175

33
0.0258276, 0.00765934, 0.0261662
0.00688568, 0.999969, 0.00384691
-0.583905, 0.00714369, -0.81179
-0.811793, 0.0033435, 0.583936

34
-0.000754339, -0.010435, -0.0180945
0.00171265, 0.999998, -0.00125957
0.181276, -0.00154916, -0.983431
-0.983431, 0.00145594, -0.181278

35
0.0153449, -0.0412964, 0.0402904
0.999891, 0.0147417, -0.000989605
-0.0147041, 0.986312, -0.164233
-0.00144501, 0.164229, 0.986421

36
-0.0115143, 0.0382837, 0.0442134
0.999996, 0.00281076, 0.00057722
-0.00252173, 0.764877, 0.644171
0.00136911, -0.64417, 0.764881

37
-0.00581929, -0.0274987, -0.00200154
0.260975, -0.965257, 0.0131016
0.139106, 0.0241728, -0.989982
0.95527, 0.260184, 0.140582

38
-0.0135778, -0.0154937, -0.0126616
-0.99978, -0.0200227, -0.00628394
0.00602949, 0.012743, -0.999901
0.0201008, -0.999718, -0.0126194

39
0.0294378, 0.00371712, -0.00740384
-0.979814, 0.197587, -0.0303914
0.011363, -0.0967337, -0.995245
-0.199587, -0.975501, 0.0925359

40
0.0104436, 0.0141154, -0.00753201
0.0122971, 0.999908, 0.00572771
0.0300962, 0.00535543, -0.999533
-0.999471, 0.0124637, -0.0300275

41
-0.00912549, -0.0301296, 0.0241744
0.999935, 0.0105102, 0.00451156
-0.00360712, 0.664106, -0.74763
-0.0108539, 0.747564, 0.664101

42
-0.0119327, -0.0134636, -0.00975613
0.421044, 0.90698, -0.010469
0.00875393, -0.0156047, -0.99984
-0.906998, 0.420885, -0.0145099

43
0.0407759, -0.0193753, 0.0369498
-0.00116523, 0.999994, -0.00337944
-0.919612, -0.00239909, -0.392821
-0.392826, 0.00265004, 0.919609

44
0.000214066, -0.000154913, -0.0200461
0.999974, 0.00495237, 0.00515055
0.00587781, -0.160285, -0.987053
-0.0040627, 0.987058, -0.16031

45
0.0767867, 0.0266068, 0.00964082
0.0234838, -0.999723, 0.00136009
0.373356, 0.00750818, -0.927658
0.927391, 0.0222927, 0.373429

46
-0.0116694, -0.00363058, -0.0195666
0.999968, 0.00334813, 0.00731444
0.00785571, -0.2107, -0.977519
-0.00173171, 0.977545, -0.21072

47
-0.0424571, 0.0164664, 0.0377059
-0.00210089, -0.999998, -0.000302034
0.994729, -0.00205886, -0.102515
0.102514, -0.000515815, 0.994731

48
0.0074513, -0.0138923, -0.00722481
-0.00784272, 0.999961, -0.00410208
-0.0360834, -0.00438254, -0.999339
-0.999318, -0.00768952, 0.0361164

49
0.00012331, -0.0414936, 0.037322
0.999974, 0.00495237, 0.00515055
-0.0040627, 0.987058, -0.16031
-0.00587781, 0.160285, 0.987053

50
-0.0338763, -0.0574671, 0.037479
-0.789707, -0.416134, 0.450773
0.182515, -0.860868, -0.474969
0.585706, -0.292813, 0.755783

51
0.0382165, -0.0401385, 0.0366807
-0.378641, 0.838735, -0.391349
-0.887089, -0.449485, -0.105049
-0.264014, 0.307386, 0.914227

52
-0.00730757, 0.0257869, -0.0165171
-0.054483, 0.998513, 0.00177267
0.0895007, 0.00665167, -0.995965
-0.994495, -0.0541045, -0.08973

53
-0.00879888, 0.00133436, 0.0439687
-0.272877, 0.962047, 0.0018571
-0.962039, -0.272865, -0.00501874
-0.00432152, -0.0031561, 0.999986

54
0.0393534, -0.0104304, 0.0401409
0.00171265, 0.999998, -0.00125957
-0.983431, 0.00145594, -0.181278
-0.181276, 0.00154916, 0.983431

55
-0.0343171, -0.00459289, -0.0243662
-0.000751275, -0.999998, 0.00171167
-0.666713, -0.000774846, -0.745314
0.745315, -0.00170113, -0.666711

56
-0.0118131, -0.00331957, -6.05854e-05
0.999968, 0.00334813, 0.00731444
0.00659504, 0.179429, -0.983749
-0.00460615, 0.983765, 0.179401

57
-0.0209165, 0.0388693, 0.0373837
0.999799, 0.0176872, 0.00947956
-0.0189253, 0.988152, 0.152308
-0.00667334, -0.152457, 0.988288

58
0.0510883, 0.00757409, -0.0121025
0.301631, -0.953417, -0.00378734
-0.00251337, 0.0031772, -0.999992
0.953421, 0.301638, -0.00143795

59
0.0220153, -0.011583, -0.0107101
-0.998786, -0.0483067, 0.00960744
0.0108688, -0.0259163, 0.999605
-0.0480386, 0.998496, 0.0264099

60
-0.0560537, -0.0262033, -0.00944187
-0.313948, 0.949431, 0.00403768
0.00654143, 0.00641561, -0.999958
-0.949418, -0.313909, -0.00822481

61
0.0117494, 0.0251168, 0.0373523
0.0234838, -0.999723, 0.00136009
0.927391, 0.0222927, 0.373429
-0.373356, -0.00750818, 0.927658

62
0.00628949, 0.00299969, -0.00492586
0.999993, -0.00291776, -0.00235053
0.00274127, 0.142088, 0.98985
-0.00255416, -0.98985, 0.142095

63
0.0399974, 0.00441522, 0.0378367
0.00337395, 0.99999, 0.00289583
-0.937342, 0.00417145, -0.348387
-0.348395, -0.00153894, 0.937346

64
-0.0111711, 0.005665, -0.00489745
0.999956, 0.00858103, 0.00384582
-0.00454187, 0.0826284, 0.99657
0.00823383, -0.996543, 0.0826637

65
0.0399629, -0.0134525, 0.0378239
-0.00784272, 0.999961, -0.00410208
-0.937058, -0.00878132, -0.349063
-0.349086, 0.00110628, 0.93709

66
-0.0370749, 0.039326, 0.0380345
-0.98937, -0.145136, 0.00905901
0.114098, -0.813389, -0.570421
0.0901574, -0.563324, 0.821302

67
-0.0119756, -0.0419728, 0.0398453
0.999968, 0.00334813, 0.00731444
-0.00173171, 0.977545, -0.21072
-0.00785571, 0.2107, 0.977519

68
0.019254, 0.0271497, 0.03226
-0.054483, 0.998513, 0.00177267
-0.884544, -0.0474405, -0.464039
-0.463265, -0.0268502, 0.885813

69
-0.0114713, 0.0261001, 0.0289766
0.999996, 0.00281076, 0.00057722
-0.00180584, 0.460141, 0.887844
0.00222992, -0.887841, 0.460144

70
-0.0314875, -0.0174911, 0.0367747
-0.997405, 0.0716039, -0.00744083
-0.0685757, -0.913567, 0.400864
0.0219057, 0.400334, 0.916107

71
0.050425, -0.00427436, 0.0131396
0.462747, -0.886454, -0.00802019
0.336465, 0.183997, -0.923546
0.820157, 0.424669, 0.383405

72
-0.0666118, -0.0157186, -0.00960822
0.195619, 0.98058, 0.0139797
0.0140645, 0.0114485, -0.999836
-0.980579, 0.195784, -0.0115518

73
-0.0150348, -0.0408152, 0.0376422
0.999907, -0.00915855, 0.0101479
0.010254, 0.993455, -0.11376
-0.00903962, 0.113853, 0.993456

74
-0.0345871, 0.0191398, -0.0136657
-0.98937, -0.145136, 0.00905901
-0.0396313, 0.209173, -0.977075
0.139914, -0.967048, -0.212702

75
0.0104203, -0.0195679, -0.00958064
-0.00116523, 0.999994, -0.00337944
0.0110041, -0.00336641, -0.999934
-0.999939, -0.00120234, -0.0110001

76
0.0615556, 0.0022837, 0.00951985
-0.11235, -0.993669, 0.000440502
0.368615, -0.0420896, -0.928629
0.922768, -0.104169, 0.37101

77
-0.0194564, -0.00439473, -0.00933551
0.00219968, -0.999997, -0.000541744
-0.186098, 0.000122924, -0.982531
0.982529, 0.00226207, -0.186097

78
-0.055313, 0.0731398, 0.00796348
-0.922275, -0.386041, 0.0195502
0.235415, -0.520865, 0.820536
-0.306577, 0.761362, 0.57126

79
-0.0249435, -0.0767989, 0.00773562
-0.999421, 0.0312735, -0.0134169
-0.000935654, -0.41937, -0.907815
-0.0340172, -0.907277, 0.419156

80
0.0217798, 0.0388531, 0.037381
-0.999643, 0.0243217, 0.0110962
-0.0257308, -0.987961, -0.152551
0.00725236, -0.152782, 0.988233

81
-0.0448302, -0.0363863, 0.0362722
0.242278, -0.96994, -0.0227416
0.876946, 0.228956, -0.422546
0.415052, 0.0824305, 0.906056

82
0.000471171, 0.0396938, 0.042358
0.999994, 0.00322602, 0.00115226
-0.00325112, 0.787766, 0.615966
0.00107941, -0.615966, 0.787772

83
0.00642516, 0.0265804, 0.0265684
0.999998, -0.00114301, -0.00157346
0.00193827, 0.65198, 0.758234
0.000159198, -0.758236, 0.651981

84
0.0092214, 0.00571791, -0.00728883
0.999984, -0.00427807, -0.00361454
0.00400394, 0.0948203, 0.995486
-0.00391603, -0.995485, 0.094836

85
0.00363348, 0.00869341, 0.034343
-0.22763, 0.973747, 0.00119958
-0.903023, -0.211558, 0.373887
0.364326, 0.0840248, 0.927473

86
-0.018286, -0.0260803, 0.0409611
0.195619, 0.98058, 0.0139797
-0.980579, 0.195784, -0.0115518
-0.0140645, -0.0114485, 0.999836

87
-0.0373648, -0.0095638, -0.00875631
-0.975323, 0.203132, 0.0865064
0.0835649, -0.0230295, 0.996236
0.204359, 0.978881, 0.00548653

88
0.0352842, -0.0104641, 0.0379565
0.00729964, 0.999973, -0.000710024
-0.999717, 0.00728168, -0.0226652
-0.0226594, 0.00087527, 0.999743

89
-0.0293838, 0.00894561, 0.00918596
-0.997405, 0.0716039, -0.00744083
-0.0330006, -0.36291, 0.931239
0.06398, 0.929069, 0.364332

90
-0.0114401, 0.0228338, -0.00915211
0.999996, 0.00281076, 0.00057722
0.000299871, -0.30243, 0.953172
0.00285371, -0.953167, -0.30243

91
-0.070071, 0.00515982, -0.00956346
0.493156, 0.869779, 0.016786
0.0175504, 0.00934452, -0.999802
-0.869764, 0.493353, -0.0106566

92
0.00955104, 0.0613907, 0.0409691
0.999994, -0.00203041, -0.00268097
0.00203584, 0.999996, 0.00202383
0.00267685, -0.00202928, 0.999994

93
-0.0115954, 0.0743166, 0.00919023
0.999996, 0.00281076, 0.00057722
-0.00136911, 0.64417, -0.764881
-0.00252173, 0.764877, 0.644171

94
0.014682, -0.00019223, -0.0172423
0.999891, 0.0147417, -0.000989605
0.00144501, -0.164229, -0.986421
-0.0147041, 0.986312, -0.164233

95
0.0177485, -0.0227298, -0.0087553
0.999902, 0.0139776, -5.5869e-05
0.00406291, -0.294465, -0.955654
-0.0133742, 0.95556, -0.294493

96
-0.0207107, -0.0222436, 0.034687
0.9998, -0.0160872, 0.011853
0.0198179, 0.874208, -0.485147
-0.00255731, 0.485285, 0.874352

97
0.0104499, -0.0111239, -0.00773093
-0.0121418, 0.999911, -0.00546363
0.0340703, -0.00504716, -0.999407
-0.999346, -0.0123208, -0.034006

98
-0.0150318, 0.00432563, 0.0379671
-0.22763, 0.973747, 0.00119958
-0.973706, -0.227609, -0.00950165
-0.00897917, -0.0033309, 0.999954

99
0.024675, -0.0194313, 0.0259335
-0.00116523, 0.999994, -0.00337944
-0.699282, -0.0032306, -0.714838
-0.714845, 0.00153023, 0.699282

100
-0.0340338, 0.0399903, 0.0373944
-0.991153, -0.131318, -0.0192633
0.129057, -0.919689, -0.370833
0.0309808, -0.370038, 0.9285

101
-0.0235132, -0.0765016, -0.00244043
-0.997977, 0.0620629, -0.0137712
0.0143075, 0.00820501, -0.999864
-0.0619414, -0.998039, -0.00907638

102
0.000487731, 0.0115185, -0.0076509
0.999999, 0.00141381, -7.5843e-05
0.000121618, -0.0324052, 0.999475
0.00141061, -0.999474, -0.0324053

103
-0.0413767, 0.036117, 0.036558
-0.58132, -0.813566, -0.0133475
0.79257, -0.562453, -0.235541
0.184121, -0.147504, 0.971773

104
0.0361584, 0.0401528, 0.0357517
-0.964869, 0.262552, -0.00974259
-0.230996, -0.865402, -0.444658
-0.125177, -0.426787, 0.895647

105
0.0770858, -0.0351117, 0.000425698
-0.132057, -0.991241, 0.00138443
-0.0109491, 6.21055e-05, -0.99994
0.991182, -0.132064, -0.0108614

106
0.0775804, -0.0336957, 0.0101975
0.0778738, 0.996952, -0.00467191
-0.547409, 0.0466747, 0.835563
0.833234, -0.062511, 0.549375

107
0.0147445, -0.00329814, -0.00320146
0.999905, 0.0137845, -0.000640706
-0.0030647, 0.176558, -0.984285
-0.0134548, 0.984194, 0.176583

108
0.0271684, 0.0124098, -0.0113496
-0.982705, 0.184348, 0.0174941
-0.00862292, 0.0488141, -0.998771
-0.184975, -0.981648, -0.0463803

109
-0.0003959, -0.0276475, 0.00108764
0.0778738, 0.996952, -0.00467191
-0.202109, 0.011198, -0.979299
-0.976262, 0.077206, 0.202365

110
0.00943986, 0.0260652, 0.026253
0.999994, -0.00203041, -0.00268097
0.00333237, 0.705669, 0.708534
0.000453263, -0.708539, 0.705672

111
0.025223, 0.000546884, -0.000234102
-0.994125, 0.107602, 0.0116989
-0.0303827, -0.173682, -0.984333
-0.103885, -0.978906, 0.175931

112
-0.0251308, -0.0314972, -0.0101868
0.180809, -0.983107, -0.028442
-0.322791, -0.032, -0.945929
0.929039, 0.180213, -0.323124

113
-0.0476822, -0.0694604, 0.0155668
-0.975323, 0.203132, 0.0865064
-0.203593, -0.675889, -0.708325
-0.0854145, -0.708457, 0.700566

114
0.0235601, -0.0218761, -0.0116162
0.999806, 0.018913, 0.00542576
0.00965962, -0.231573, -0.97277
-0.0171415, 0.972634, -0.231711

115
0.0332762, 0.0404542, 0.0362191
-0.982705, 0.184348, 0.0174941
-0.174195, -0.888244, -0.425063
-0.0628205, -0.420759, 0.904995

116
0.0390735, -0.0305478, 0.0400792
0.0778738, 0.996952, -0.00467191
-0.979292, 0.0756143, -0.1878
-0.186875, 0.0191999, 0.982196

117
-0.00909407, -0.0175977, -0.0119838
0.999935, 0.0105102, 0.00451156
0.00512422, -0.059014, -0.998244
-0.0102255, 0.998202, -0.059064

118
0.0251859, 0.0267472, 0.0234053
-0.0520941, 0.998639, -0.00261677
-0.707663, -0.0387639, -0.705486
-0.704627, -0.0348998, 0.708719

119
0.0397514, 0.0276258, 0.0377365
-0.0446679, 0.999001, 0.00163385
-0.934437, -0.0412026, -0.353737
-0.353316, -0.0173274, 0.935343

120
0.0368483, 0.0590515, 0.0409079
-0.982705, 0.184348, 0.0174941
-0.184975, -0.981648, -0.0463803
0.00862292, -0.0488141, 0.998771

121
0.000471373, 0.0250097, 0.0281604
0.999999, 0.00141381, -7.5843e-05
-0.000911453, 0.683821, 0.729649
0.00108345, -0.729649, 0.683821

122
-0.0244567, -0.0139345, 0.0379599
0.0121067, 0.999888, 0.00874611
-0.999774, 0.0122573, -0.0173731
-0.0174784, -0.00853381, 0.999811

123
0.0653339, -0.00131918, -0.00968106
-0.0562381, -0.998417, -0.0004943
-0.0129602, 0.00122506, -0.999915
0.998333, -0.0562269, -0.0130086

124
0.0234696, -0.0279327, 0.0261698
0.999806, 0.018913, 0.00542576
-0.00529049, 0.524009, -0.851696
-0.0189513, 0.851503, 0.524008

125
0.0210468, -0.0291741, 0.0327475
0.0778738, 0.996952, -0.00467191
-0.833234, 0.062511, -0.549375
-0.547409, 0.0466747, 0.835563

126
0.0301822, 0.0250598, 0.0246415
-0.982705, 0.184348, 0.0174941
-0.136895, -0.659613, -0.739033
-0.1247, -0.728647, 0.673442

127
-0.02268, -0.0036867, -0.0197862
0.999809, -0.0160342, 0.0111382
0.00742647, -0.215271, -0.976526
0.0180556, 0.976423, -0.215111

128
-0.0410125, -0.0817287, 0.00684549
-0.99076, 0.135414, -0.00762718
-0.0603012, -0.49017, -0.869539
-0.121487, -0.861044, 0.493806

129
0.0170718, 0.00786295, -0.0110865
0.00688568, 0.999969, 0.00384691
0.161141, 0.00268715, -0.986928
-0.986907, 0.00741556, -0.161117

130
-0.0253781, 0.0610805, -0.00904985
0.771752, 0.635891, -0.00652333
-0.00479015, -0.00444477, -0.999979
-0.635906, 0.771766, -0.000384247

131
0.00749143, 0.0262573, -0.00747413
-0.0446679, 0.999001, 0.00163385
-0.0311719, 0.000240914, -0.999514
-0.998515, -0.0446971, 0.03113

132
0.0176767, -0.0179852, -0.00988321
0.999889, 0.0149088, -0.000300838
0.00174531, -0.137041, -0.990564
-0.0148093, 0.990453, -0.137052

133
-0.0777136, 0.0260219, 0.000346589
0.0109859, 0.999933, -0.00361248
0.0137764, -0.00376371, -0.999898
-0.999845, 0.010935, -0.0138168

134
-0.0385515, -0.0156006, -0.0111806
-0.978989, 0.188875, 0.076859
0.094633, 0.0869515, 0.991708
0.180626, 0.978144, -0.102998

135
-0.0248517, 0.00295668, -0.00545501
-0.999248, -0.0366174, -0.0127837
0.0174806, -0.130971, -0.991232
0.034622, -0.99071, 0.131512

136
-0.0212518, -0.0506453, 0.041787
0.9998, -0.0160872, 0.011853
0.0122051, 0.961307, 0.27521
-0.0158217, -0.27501, 0.961311

137
0.0238804, -0.010765, 0.0281014
-0.0121418, 0.999911, -0.00546363
-0.682553, -0.012281, -0.730733
-0.730735, -0.00514323, 0.682641

138
0.025037, 0.000949366, -0.0197381
-0.994125, 0.107602, 0.0116989
0.0116851, 0.21415, -0.976731
-0.107604, -0.970856, -0.214149

139
-0.0301856, 0.0208723, 0.00892584
-0.993247, -0.110199, -0.036291
0.0425311, -0.0548128, -0.99759
0.107944, -0.992397, 0.0591295

140
-0.0632681, -0.00688827, -0.0125057
-0.22763, 0.973747, 0.00119958
0.00897917, 0.0033309, -0.999954
-0.973706, -0.227609, -0.00950165

141
0.0383887, 0.036074, 0.0356687
-0.243821, 0.966204, 0.0836671
-0.93416, -0.210802, -0.287937
-0.260569, -0.148364, 0.953987

142
-0.000479945, -0.0104109, 0.00141254
0.00171265, 0.999998, -0.00125957
-0.208865, -0.000874074, -0.977944
-0.977943, 0.00193795, 0.208863

143
0.0526461, 0.0351102, 0.0541229
-0.0839309, 0.985684, 0.146226
-0.914657, -0.0179746, -0.403832
-0.395423, -0.16764, 0.903071

144
-0.0531059, -0.0111729, 0.0128714
-0.272877, 0.962047, 0.0018571
-0.364164, -0.101505, -0.925787
-0.890462, -0.253302, 0.378041

145
0.0308563, -0.0792716, 0.00142774
-0.997178, -0.0745617, 0.0087682
-0.0079823, -0.0108319, -0.999909
0.0746499, -0.997158, 0.0102061

146
0.00942031, 0.0236489, 0.0265181
0.999984, -0.00427807, -0.00361454
0.00560026, 0.770962, 0.636856
6.21606e-05, -0.636866, 0.770974

147
-0.0469852, -0.0804714, 0.0127323
-0.96159, 0.266016, -0.0676809
-0.132775, -0.666578, -0.733515
-0.240241, -0.696354, 0.676295

148
-0.0233369, -0.0765102, 0.000571436
-0.998213, 0.0581446, -0.0138008
0.0142894, 0.00799655, -0.999866
-0.0580265, -0.998276, -0.00881311

149
-0.0283134, -0.0353145, 0.0255243
0.373728, -0.924957, 0.0691458
0.552019, 0.161895, -0.817964
0.745387, 0.343866, 0.571099

150
-0.0243883, -0.0466521, 0.0366487
-0.999421, 0.0312735, -0.0134169
-0.0247154, -0.938081, -0.345534
-0.0233922, -0.345002, 0.93831

151
-0.0314102, 0.0256982, 0.0277889
-0.993247, -0.110199, -0.036291
0.0806021, -0.430414, -0.899025
0.0834515, -0.895879, 0.43639

152
-0.059734, -0.00608572, 0.00666374
-0.22763, 0.973747, 0.00119958
-0.364326, -0.0840248, -0.927473
-0.903023, -0.211558, 0.373887

153
-0.031817, -0.0153538, -0.0092036
-0.99076, 0.135414, -0.00762718
0.00922006, 0.123351, 0.99232
0.135315, 0.983081, -0.123459

154
0.000117061, -0.000844759, -0.000549543
0.999974, 0.00495237, 0.00515055
0.00387566, 0.229647, -0.973266
-0.00600278, 0.973261, 0.229622

155
0.0233882, 0.0045009, 0.027603
0.00337395, 0.99999, 0.00289583
-0.732666, 0.00444284, -0.680574
-0.68058, 0.00017455, 0.732673

156
-0.0523504, 0.0258753, 0.0368943
0.0109859, 0.999933, -0.00361248
-0.918464, 0.00866234, -0.39541
-0.395352, 0.00766186, 0.918498

157
-0.0267278, 0.0395858, 0.0362747
-0.999248, -0.0366174, -0.0127837
0.0386761, -0.965417, -0.257827
-0.0029007, -0.258127, 0.966107

158
-0.0355124, -0.0771944, 0.00175798
-0.997405, 0.0716039, -0.00744083
0.00600451, -0.0202537, -0.999777
-0.0717386, -0.997227, 0.0197712

159
0.0369087, -0.0134349, 0.0409063
0.00522517, 0.999986, -0.00119887
-0.998727, 0.00515843, -0.0501779
-0.050171, 0.00145953, 0.99874

160
0.0114084, -0.0565149, 0.0131525
-0.281401, 0.898217, -0.337667
-0.425338, -0.432184, -0.795176
-0.860175, -0.0801407, 0.503663

161
-0.0397552, -0.0417752, 0.0378095
-0.978989, 0.188875, 0.076859
-0.130662, -0.870412, 0.474668
0.156552, 0.454652, 0.876803

162
0.00938316, 0.0133859, 0.00954296
0.999994, -0.0020767, -0.00276416
0.00338966, 0.431467, 0.902122
-0.000680794, -0.902126, 0.431472

163
-0.0276683, 0.00952676, 0.0372202
0.999689, -0.0195568, 0.0154425
0.0122329, 0.925064, 0.379615
-0.0217093, -0.379308, 0.925016

164
-0.0119788, -0.0240702, 0.0320929
0.999968, 0.00334813, 0.00731444
0.00140636, 0.822502, -0.56876
-0.00792043, 0.568752, 0.822471

165
0.0187619, 0.0389544, 0.0403967
0.999827, -0.0160276, -0.00941605
0.0172636, 0.988441, 0.150619
0.00689313, -0.150756, 0.988547

166
-0.0116351, 0.0402411, 0.0385866
0.999956, 0.00858103, 0.00384582
-0.00934516, 0.952307, 0.305
-0.00104519, -0.305022, 0.952345

167
-0.0212509, -0.081958, -0.000794013
0.9998, -0.0160872, 0.011853
-0.00255731, 0.485285, 0.874352
-0.0198179, -0.874208, 0.485147

168
0.0587137, -0.0102555, 0.0439397
-0.0121418, 0.999911, -0.00546363
-0.999346, -0.0123208, -0.034006
-0.0340703, 0.00504716, 0.999407

169
-0.0272656, -0.0044322, 0.0281275
0.00219968, -0.999997, -0.000541744
0.563161, 0.00168645, -0.826345
0.826344, 0.00151261, 0.563164

170
-0.0346473, 0.0212123, 0.0293552
-0.97992, -0.198824, 0.015032
0.143236, -0.754386, -0.640614
0.138709, -0.625597, 0.767716

171
-0.0212982, -0.0319181, 0.0379626
-0.997977, 0.0620629, -0.0137712
-0.0619414, -0.998039, -0.00907638
-0.0143075, -0.00820501, 0.999864

172
0.0298329, 0.0387847, 0.0398059
-0.994125, 0.107602, 0.0116989
-0.107604, -0.970856, -0.214149
-0.0116851, -0.21415, 0.976731

173
0.0137763, -0.0303314, -0.0103127
0.0845103, 0.996391, -0.00788986
0.0846732, -0.0150708, -0.996295
-0.992818, 0.0835291, -0.0856413

174
-0.0101973, -0.0101547, 0.00605163
0.00729964, 0.999973, -0.000710024
-0.36164, 0.00197793, -0.932316
-0.932289, 0.00706234, 0.361645

175
-0.032883, -0.0364951, 0.0409582
-0.997405, 0.0716039, -0.00744083
-0.0717386, -0.997227, 0.0197712
-0.00600451, 0.0202537, 0.999777

176
-0.0115143, 0.0382837, 0.0442134
0.999996, 0.00281076, 0.00057722
-0.00252173, 0.764877, 0.644171
0.00136911, -0.64417, 0.764881

177
-0.0212973, -0.0319077, 0.0409627
-0.998213, 0.0581446, -0.0138008
-0.0580265, -0.998276, -0.00881311
-0.0142894, -0.00799655, 0.999866

178
-0.0595481, -0.0133762, 0.0227038
0.0121067, 0.999888, 0.00874611
-0.694588, 0.0147015, -0.719258
-0.719306, 0.00263288, 0.694688

179
-0.037944, -0.0401789, 0.0426451
-0.96159, 0.266016, -0.0676809
-0.240241, -0.696354, 0.676295
0.132775, 0.666578, 0.733515

180
0.00354287, -0.00766669, 0.037969
0.301631, -0.953417, -0.00378734
0.953421, 0.301638, -0.00143795
0.00251337, -0.0031772, 0.999992

181
0.014737, -0.00366572, -0.022707
0.999905, 0.0137845, -0.000640706
0.00231751, -0.213516, -0.976937
-0.0136034, 0.976842, -0.213528

182
-0.0674968, -0.0209717, 0.0226609
-0.0383743, 0.999235, 0.00751093
-0.703962, -0.0216986, -0.709906
-0.7092, -0.0325296, 0.704256

183
-0.0267567, -0.00440098, -0.0274271
0.00219968, -0.999997, -0.000541744
-0.54793, -0.000752091, -0.836524
0.836521, 0.00213692, -0.54793

184
-0.0248168, -0.0750599, 0.00235508
-0.999421, 0.0312735, -0.0134169
0.0121534, -0.0402477, -0.999116
-0.0317859, -0.9987, 0.0398443

185
-0.0532746, 0.0691758, 0.0258495
-0.922275, -0.386041, 0.0195502
0.334817, -0.772577, 0.539465
-0.193151, 0.50408, 0.841781

186
0.0650967, 0.00187482, -0.00966077
-0.11235, -0.993669, 0.000440502
-0.0125724, 0.000978242, -0.99992
0.993589, -0.112347, -0.0126027

187
-0.0029264, -0.0194688, 0.000732401
0.000172949, 0.999997, -0.00240442
-0.255262, -0.00228062, -0.966869
-0.966872, 0.000780976, 0.255261

188
0.000117061, -0.000844759, -0.000549543
0.999974, 0.00495237, 0.00515055
0.00387566, 0.229647, -0.973266
-0.00600278, 0.973261, 0.229622

189
0.0625436, 0.0262897, 0.0224695
0.0234838, -0.999723, 0.00136009
0.699833, 0.0154677, -0.714139
0.71392, 0.0177225, 0.700003

190
-0.0316145, 0.00370242, -0.00453687
-0.97992, -0.198824, 0.015032
0.00320125, -0.0910674, -0.99584
0.199366, -0.975795, 0.0898752

191
0.0266844, 0.0425934, -0.0112222
-0.0839309, 0.985684, 0.146226
0.395423, 0.16764, -0.903071
-0.914657, -0.0179746, -0.403832

192
0.00978066, 0.00910242, 0.040246
-0.246721, 0.969086, 0.00135986
-0.896795, -0.228848, 0.378664
0.367269, 0.092205, 0.925533

193
0.0241036, -0.0685489, 0.050921
0.999806, 0.018913, 0.00542576
-0.0195333, 0.987215, 0.15819
-0.00236455, -0.158265, 0.987394

194
0.0250601, 0.00112998, 0.0259607
-0.997178, -0.0745617, 0.0087682
0.0584298, -0.697438, 0.71426
-0.0471411, 0.712756, 0.699826

195
0.0350734, 0.0382953, 0.0357143
-0.979814, 0.197587, -0.0303914
-0.180046, -0.938264, -0.295372
-0.0868767, -0.283938, 0.954899

196
-0.0634824, 0.012064, -0.0093201
-0.208524, 0.977994, -0.00674408
0.00706856, -0.00538843, -0.99996
-0.977992, -0.208564, -0.00578939

197
-0.079075, 0.00522658, 0.00303569
-0.165041, 0.986285, -0.00176462
0.0186741, 0.001336, -0.999825
-0.98611, -0.165045, -0.0186385

198
0.0201307, -0.00290586, -0.0196582
-0.999643, 0.0243217, 0.0110962
-0.00725236, 0.152782, -0.988233
-0.0257308, -0.987961, -0.152551

199
0.00642382, 0.0225193, 0.0279897
0.999993, -0.00291776, -0.00235053
0.00374444, 0.800401, 0.599453
0.000132309, -0.599458, 0.800406

200
0.0150499, -0.0239536, 0.0290123
0.999905, 0.0137845, -0.000640706
-0.011681, 0.820775, -0.571132
-0.0073469, 0.571085, 0.820858

201
-0.0755901, -0.0211182, 0.000809193
-0.0383743, 0.999235, 0.00751093
0.00370426, 0.00765867, -0.999964
-0.999257, -0.0383451, -0.00399532

202
0.0238356, -0.0764512, -0.00206843
-0.998621, -0.0516795, 0.00928137
-0.00931188, 0.000349626, -0.999957
0.051674, -0.998664, -0.000830377

203
-0.0290283, 0.00892772, -0.00839479
-0.991153, -0.131318, -0.0192633
0.0207654, -0.0100792, -0.999734
0.131089, -0.991289, 0.0127169

204
0.00653502, 0.0790832, 0.00508377
0.999993, -0.00291776, -0.00235053
-0.00155517, 0.247526, -0.96888
0.00340878, 0.968877, 0.24752

205
0.0240165, 0.0137435, 0.0282466
0.0122971, 0.999908, 0.00572771
-0.685452, 0.0126001, -0.728009
-0.728014, 0.00502633, 0.685544

206
-0.0210801, -0.0408178, 0.0406421
0.9998, -0.0160872, 0.011853
0.0173307, 0.993373, -0.113617
-0.00994663, 0.1138, 0.993454

207
0.0136015, -0.0109804, 0.0115213
-0.0121418, 0.999911, -0.00546363
-0.350956, -0.00937794, -0.936345
-0.936313, -0.00945146, 0.351039

208
-0.0212579, -0.0682762, 0.018368
0.9998, -0.0160872, 0.011853
0.00522133, 0.78289, 0.622138
-0.019288, -0.621952, 0.782817

209
0.0397217, -0.0105104, 0.0394853
-0.0121418, 0.999911, -0.00546363
-0.910237, -0.0133144, -0.413874
-0.41391, -5.19912e-05, 0.910318

210
-0.0619137, 0.0100907, 0.0228622
-0.43995, 0.897951, -0.0112984
-0.62316, -0.314327, -0.716149
-0.646618, -0.308029, 0.697856

211
-0.0833573, -0.00440123, 0.0660776
-0.000751275, -0.999998, 0.00171167
0.943721, -0.00127511, -0.330741
0.330743, 0.00136686, 0.94372

212
0.0400898, 0.00750993, 0.0394766
0.00688568, 0.999969, 0.00384691
-0.850118, 0.00787941, -0.526534
-0.526548, 0.000355214, 0.850145

213
-0.0296303, -0.0323191, 0.0247386
0.242278, -0.96994, -0.0227416
0.651359, 0.179983, -0.737114
0.71905, 0.163774, 0.675385

214
0.035454, -0.00153332, 0.0409601
0.0123523, 0.999923, 0.000747837
-0.999738, 0.0123644, -0.0192569
-0.0192647, -0.000509774, 0.999814

215
0.0390566, 0.0350102, 0.037152
-0.17468, 0.983489, 0.0472951
-0.913587, -0.143976, -0.380301
-0.367213, -0.109639, 0.923653

216
0.0178007, -0.0263128, 0.0293449
0.999902, 0.0139776, -5.5869e-05
-0.00658405, 0.467465, -0.883987
-0.0123299, 0.883901, 0.467511

217
0.0377317, 0.0458695, -0.0269648
-0.0839309, 0.985684, 0.146226
0.715347, 0.161758, -0.679789
-0.693711, 0.0475469, -0.718683

218
-0.037916, 0.0380279, 0.0386908
-0.97992, -0.198824, 0.015032
0.185415, -0.936367, -0.298057
0.0733364, -0.289285, 0.95443

219
-0.0200585, -0.0127902, 0.0343307
-0.997977, 0.0620629, -0.0137712
-0.0627016, -0.925207, 0.374246
0.0104856, 0.374352, 0.927227

220
-0.0758166, -0.0459934, 0.0297065
0.260975, -0.965257, 0.0131016
0.829321, 0.231128, 0.508731
-0.494084, -0.121901, 0.860826

221
-0.0150833, 0.0437473, 0.0381101
-0.99978, -0.0200227, -0.00628394
0.0162633, -0.928496, 0.370987
-0.0132628, 0.370803, 0.928617

222
-0.0269178, 0.0477875, 0.037095
0.999689, -0.0195568, 0.0154425
0.0240007, 0.92233, -0.385656
-0.00670085, 0.385907, 0.922513

223
-0.0426972, -0.058998, 0.0426599
-0.978989, 0.188875, 0.076859
-0.203091, -0.936962, -0.284352
0.0183071, -0.293987, 0.955634

224
0.00951297, 0.0418519, 0.035119
0.999994, -0.0020767, -0.00276416
0.00287825, 0.942993, 0.3328
0.00191546, -0.332806, 0.942993

225
0.0361086, 0.0158431, 0.0133041
-0.246721, 0.969086, 0.00135986
-0.374432, -0.0966213, 0.922207
0.893829, 0.227019, 0.386695

226
0.0260989, 0.0369297, 0.0266201
-0.0839309, 0.985684, 0.146226
-0.367154, 0.10583, -0.92412
-0.926366, -0.13125, 0.353015

227
0.00956796, 0.0764585, 0.00486286
0.999984, -0.00427807, -0.00361454
-0.00220056, 0.293353, -0.956002
0.00515018, 0.955995, 0.293339

228
0.0386961, 0.0322056, 0.0392699
-0.121782, 0.992445, 0.0149083
-0.959395, -0.11385, -0.258069
-0.254422, -0.0457313, 0.966011

229
-0.0265237, -0.00450459, 0.0306414
-0.000751275, -0.999998, 0.00171167
0.433441, -0.00186816, -0.90118
0.901182, 6.48719e-05, 0.433442

230
0.0790314, -0.0105503, -0.00110797
0.00171265, 0.999998, -0.00125957
-0.54382, 0.0019884, 0.8392
0.8392, -0.000752276, 0.543822

231
-0.0199725, 0.0015575, 0.00472985
0.9998, -0.0160872, 0.011853
0.0158217, 0.27501, -0.961311
0.0122051, 0.961307, 0.27521

232
0.023643, -0.0412, 0.0404719
0.999806, 0.018913, 0.00542576
-0.0121401, 0.809977, -0.586336
-0.0154841, 0.586156, 0.81005

233
0.0299801, 0.00928082, 0.0112872
-0.979814, 0.197587, -0.0303914
-0.0658806, -0.462678, -0.884075
-0.188743, -0.864227, 0.466356

234
0.00818866, 0.0317435, -0.00892493
-0.17468, 0.983489, 0.0472951
-0.0103545, 0.0461961, -0.998879
-0.984571, -0.174974, 0.00211398

235
-0.0412791, 0.00150945, 0.0418562
-0.000472444, -1, 0.000720594
0.837737, -0.000789281, -0.546074
0.546074, 0.00034568, 0.837737

236
-0.0056911, 0.0721483, 0.00510215
0.999996, 0.00276826, 0.00111035
0.00101975, 0.0325193, -0.999471
-0.0028029, 0.999467, 0.0325163

237
-0.0091532, -0.0202677, 0.00734154
0.999935, 0.0105102, 0.00451156
0.000821047, 0.327473, -0.94486
-0.011408, 0.944802, 0.327443

238
-0.0115678, 0.0553707, 0.0536279
0.999996, 0.00281076, 0.00057722
-0.00285371, 0.953167, 0.30243
0.000299871, -0.30243, 0.953172

239
-0.00679338, -0.0280264, -0.0214791
0.260975, -0.965257, 0.0131016
-0.237049, -0.0772352, -0.968423
0.935788, 0.249629, -0.248969

240
-0.0212173, 0.0746122, 0.00242148
0.999799, 0.0176872, 0.00947956
0.00667334, 0.152457, -0.988288
-0.0189253, 0.988152, 0.152308

241
0.0232164, 0.0269034, 0.0274081
-0.0446679, 0.999001, 0.00163385
-0.728099, -0.0314353, -0.684751
-0.684015, -0.031776, 0.728775

242
-0.0198363, -0.00207163, -0.00015628
0.999799, 0.0176872, 0.00947956
-0.0134078, 0.237298, 0.971344
0.0149309, -0.971276, 0.237487

243
0.0105643, -0.0139469, -0.0264838
-0.00784272, 0.999961, -0.00410208
0.349086, -0.00110628, -0.93709
-0.937058, -0.00878132, -0.349063

244
0.0105501, 0.00470074, -0.02645
0.00337395, 0.99999, 0.00289583
0.348395, 0.00153894, -0.937346
-0.937342, 0.00417145, -0.348387

245
-0.0826618, -0.00454999, 0.020628
0.00219968, -0.999997, -0.000541744
0.826344, 0.00151261, 0.563164
-0.563161, -0.00168645, 0.826345

246
0.0180532, -0.0422259, 0.0401051
0.999889, 0.0149088, -0.000300838
-0.0130141, 0.862616, -0.505692
-0.00727974, 0.505639, 0.862714

247
-0.0239541, -0.0417443, 0.0397957
0.999809, -0.0160342, 0.0111382
0.0180556, 0.976423, -0.215111
-0.00742647, 0.215271, 0.976526

248
-0.0355677, -0.0399993, 0.0404463
-0.99076, 0.135414, -0.00762718
-0.121487, -0.861044, 0.493806
0.0603012, 0.49017, 0.869539

249
-0.0114523, 0.0231804, 0.029126
0.999956, 0.00858103, 0.00384582
-0.00903378, 0.76309, 0.646229
0.00261061, -0.646236, 0.763134

250
0.00949225, 0.0761086, 0.00789139
0.999994, -0.00203041, -0.00268097
-0.001694, 0.384557, -0.9231
0.00290525, 0.923099, 0.384551

251
-0.023814, 0.0164289, 0.0319584
-0.00210089, -0.999998, -0.000302034
0.87978, -0.00170475, -0.475378
0.475377, -0.00126444, 0.879781

252
-0.0142821, 0.00156231, 0.00172331
0.999907, -0.00915855, 0.0101479
0.0122756, 0.274992, -0.961368
0.00601414, 0.961403, 0.275079

253
-0.0109543, 0.0153695, -0.0238077
-0.58132, -0.813566, -0.0133475
-0.184121, 0.147504, -0.971773
0.79257, -0.562453, -0.235541

254
0.0293514, 0.0133496, -0.0124337
-0.964869, 0.262552, -0.00974259
0.0272503, 0.0631245, -0.997634
-0.261315, -0.962851, -0.0680614

255
0.019004, 0.0746378, 0.00537342
0.999827, -0.0160276, -0.00941605
-0.00689313, 0.150756, -0.988547
0.0172636, 0.988441, 0.150619

256
-0.00890987, -0.0108286, 0.0409673
-0.313948, 0.949431, 0.00403768
-0.949418, -0.313909, -0.00822481
-0.00654143, -0.00641561, 0.999958

257
-0.00877661, 0.00437267, 0.0439688
-0.246721, 0.969086, 0.00135986
-0.969079, -0.246713, -0.00434607
-0.00387622, -0.00239008, 0.99999

258
-0.0434046, -0.0596593, 0.0407812
-0.975323, 0.203132, 0.0865064
-0.204359, -0.978881, -0.00548653
0.0835649, -0.0230295, 0.996236

259
-0.0273239, -0.033005, 0.0279889
0.180809, -0.983107, -0.028442
0.428683, 0.104803, -0.897356
0.885178, 0.150058, 0.44039

260
0.0150691, -0.0230492, 0.0333936
0.999891, 0.0147417, -0.000989605
-0.0130318, 0.848386, -0.529218
-0.00696202, 0.529173, 0.848485

261
-0.0115678, 0.0553707, 0.0536279
0.999996, 0.00281076, 0.00057722
-0.00285371, 0.953167, 0.30243
0.000299871, -0.30243, 0.953172

262
0.00956758, -0.0258817, 0.0439677
0.462747, -0.886454, -0.00802019
0.886485, 0.462756, 0.000793982
0.00300756, -0.00747719, 0.999968

263
-0.0352349, 0.0259065, 0.023994
-0.98937, -0.145136, 0.00905901
0.0709108, -0.535898, -0.841299
0.126958, -0.831714, 0.540493

264
0.00409215, 0.0263441, 0.0200096
-0.054483, 0.998513, 0.00177267
-0.639928, -0.0335542, -0.767702
-0.766501, -0.0429611, 0.640805

265
0.0144366, -0.0196278, -0.0286717
-0.00116523, 0.999994, -0.00337944
0.392826, -0.00265004, -0.919609
-0.919612, -0.00239909, -0.392821

266
0.0182141, -0.0557846, 0.053752
0.999902, 0.0139776, -5.5869e-05
-0.0133742, 0.95556, -0.294493
-0.00406291, 0.294465, 0.955654

267
-0.0323121, 0.00567382, -0.0239335
-0.97992, -0.198824, 0.015032
-0.0733364, 0.289285, -0.95443
0.185415, -0.936367, -0.298057

268
0.020258, -0.0193996, 0.0311782
0.000172949, 0.999997, -0.00240442
-0.864179, -0.00106041, -0.503183
-0.503184, 0.00216488, 0.864176

269
-0.00563379, 0.0358662, 0.0439429
0.999996, 0.00276826, 0.00111035
-0.0028029, 0.999467, 0.0325163
-0.00101975, -0.0325193, 0.999471

270
0.00963024, 0.0677431, 0.0324089
0.999984, -0.00427807, -0.00361454
0.0020857, 0.883422, -0.468573
0.00519775, 0.468558, 0.883417

271
0.000329221, 0.0163872, 0.00226717
-0.00210089, -0.999998, -0.000302034
0.285956, -0.000311342, -0.958243
0.95824, -0.00209954, 0.285956

272
0.0451763, -0.0105361, 0.0382016
0.00729964, 0.999973, -0.000710024
-0.932289, 0.00706234, 0.361645
0.36164, -0.00197793, 0.932316

273
0.022568, -0.0339603, 0.026732
0.0546882, 0.99735, -0.0479783
-0.477398, -0.0160855, -0.87854
-0.876984, 0.0709506, 0.475253

274
-0.049407, -0.0834129, 0.0171916
-0.978989, 0.188875, 0.076859
-0.194637, -0.753136, -0.628412
-0.0608059, -0.630168, 0.774074

275
-0.0264481, 0.0604193, 0.0226812
0.999689, -0.0195568, 0.0154425
0.0247381, 0.704442, -0.709331
0.0029939, 0.709492, 0.704707

276
0.00956076, 0.0611619, 0.0378978
0.999994, -0.0020767, -0.00276416
0.00192614, 0.998571, -0.0534007
0.00287111, 0.0533951, 0.998569

277
-0.00567346, 0.0533518, 0.0360819
0.999996, 0.00276826, 0.00111035
-0.0021993, 0.935832, -0.35244
-0.00201475, 0.352436, 0.935834

278
0.0277075, 0.01708, -0.0302838
-0.982705, 0.184348, 0.0174941
0.0628205, 0.420759, -0.904995
-0.174195, -0.888244, -0.425063

279
-0.00054742, -0.0277271, -0.0184206
0.0778738, 0.996952, -0.00467191
0.186875, -0.0191999, -0.982196
-0.979292, 0.0756143, -0.1878

280
0.0212599, 0.0205308, 0.0307009
-0.999643, 0.0243217, 0.0110962
-0.0265475, -0.854289, -0.519119
-0.00314645, -0.519228, 0.85463

281
0.0583602, 0.00735781, 0.0463158
0.00688568, 0.999969, 0.00384691
-0.986907, 0.00741556, -0.161117
-0.161141, -0.00268715, 0.986928

282
-0.0315889, -0.0786736, 0.0219094
-0.789707, -0.416134, 0.450773
-0.0555185, -0.683283, -0.72804
0.610967, -0.599964, 0.51649

283
0.0222476, -0.049909, 0.0311911
-0.378641, 0.838735, -0.391349
-0.71853, -0.532902, -0.446912
-0.583392, 0.111977, 0.804435

284
6.79448e-05, -0.0232171, 0.0304979
0.999974, 0.00495237, 0.00515055
-0.0015041, 0.850585, -0.525836
-0.00698511, 0.525815, 0.85057

285
-0.0411863, -0.00447023, 0.0417956
0.00219968, -0.999997, -0.000541744
0.836521, 0.00213692, -0.54793
0.54793, 0.000752091, 0.836524

286
0.0178319, -0.0276449, 0.0271456
0.999889, 0.0149088, -0.000300838
-0.00923766, 0.603454, -0.797345
-0.0117059, 0.797259, 0.603524

287
0.0322149, 0.0252185, 0.0238347
-0.964869, 0.262552, -0.00974259
-0.165509, -0.636203, -0.75356
-0.204047, -0.725474, 0.657307

288
-0.0151023, -0.00479297, 0.0409659
-0.208008, 0.978121, 0.00341725
-0.978072, -0.207958, -0.011348
-0.0103891, -0.0057028, 0.99993

289
-0.0116279, 0.0819957, 0.0281655
0.999996, 0.00281076, 0.00057722
-0.00222992, 0.887841, -0.460144
-0.00180584, 0.460141, 0.887844

290
0.0147103, -0.000803763, 0.00225715
0.999891, 0.0147417, -0.000989605
-0.00429198, 0.225717, -0.974183
-0.0141378, 0.974081, 0.225756

291
0.0203674, -0.00206901, -0.000168539
-0.999643, 0.0243217, 0.0110962
-0.0165471, -0.236924, -0.971387
-0.0209968, -0.971224, 0.237242

292
0.000411463, 0.0679987, 0.0396056
0.999999, 0.00141381, -7.5843e-05
-0.00134977, 0.935794, -0.352544
-0.000427456, 0.352544, 0.935795

293
-0.0304122, 0.0257149, 0.037962
-0.43995, 0.897951, -0.0112984
-0.897869, -0.440072, -0.0129351
-0.0165872, 0.00445374, 0.999853

294
-0.0548739, -0.0205953, 0.0370852
-0.0383743, 0.999235, 0.00751093
-0.921775, -0.0324954, -0.386361
-0.385821, -0.0217497, 0.922317

295
-0.0593869, 0.00152324, 0.0491164
-0.000472444, -1, 0.000720594
0.982941, -0.000596915, -0.183918
0.183919, 0.000621411, 0.982941

296
