0
0.00826636, 0.00112924, -0.0103603
-0.00234386, -0.999996, -0.00163768
-0.0306328, 0.00170871, -0.999529
0.999528, -0.00229259, -0.0306367

1
0.0292909, -0.0278958, 0.0256077
-0.995745, -0.0921457, -0.00128352
0.0457764, -0.506661, 0.860929
-0.0799813, 0.857207, 0.508723

2
0.0230968, 0.00863955, -0.0117139
0.989598, 0.143596, -0.00877014
-0.000377414, -0.05837, -0.998295
-0.143863, 0.987914, -0.0577086

3
0.0182277, -0.0430966, 0.0356561
-0.999586, -0.0277051, 0.00782572
0.0287622, -0.949286, 0.313094
-0.00124547, 0.31319, 0.94969

4
0.0112839, 0.0126529, -0.00933731
-0.0118195, -0.99993, 0.000137492
-0.0101783, -1.71834e-05, -0.999948
0.999878, -0.0118203, -0.0101774

5
-0.0100076, -0.0269708, -0.0118518
0.156734, 0.98756, -0.0126169
0.0577509, -0.021917, -0.99809
-0.985951, 0.155706, -0.0604676

6
0.0166291, -0.0752224, 0.0028028
-0.999319, -0.0357982, 0.00897836
-0.00728246, -0.0472261, -0.998858
0.0361813, -0.998243, 0.0469333

7
-0.0268077, -0.0427454, 0.036449
-0.999662, 0.0245279, -0.0086324
-0.0259292, -0.965239, 0.260079
-0.00195312, 0.260215, 0.965549

8
-0.013444, 0.026321, -0.0103457
-0.0986556, 0.995109, 0.00506911
0.0296971, 0.0080358, -0.999527
-0.994678, -0.0984584, -0.0303446

9
-0.0189649, 0.0269241, -0.0114277
-0.0857703, -0.996214, 0.0141521
-0.0530113, -0.00962112, -0.998548
0.994904, -0.0863959, -0.0519854

10
-0.0136303, 0.0257874, -0.0102189
-0.0491427, 0.998792, -0.000232439
0.027788, 0.0011346, -0.999613
-0.998405, -0.0491302, -0.0278102

11
-0.0114537, 0.026324, 0.0300668
0.99997, 0.00731412, 0.00271466
-0.00588, 0.477877, 0.878407
0.00512751, -0.878397, 0.477905

12
0.0145258, 0.0187018, -0.0289617
-0.0101925, 0.999941, -0.00375356
0.402681, 0.000668584, -0.91534
-0.915284, -0.0108411, -0.402664

13
0.0812127, 0.0356499, 0.00052743
-0.0986556, 0.995109, 0.00506911
-0.408083, -0.0451025, 0.91183
0.907598, 0.0878885, 0.410537

14
-0.0342151, -0.0424157, 0.0384024
-0.993704, 0.111801, -0.00722658
-0.107971, -0.938454, 0.328094
0.0298994, 0.326809, 0.944617

15
0.00198011, -0.00944057, -0.0142282
0.0263549, -0.999652, -0.00102261
-0.107985, -0.00182994, -0.994151
0.993803, 0.0263112, -0.107996

16
0.0400783, -0.00758207, 0.0351155
-0.0115868, 0.999901, -0.00795564
-0.938813, -0.0136172, -0.344158
-0.344232, 0.00348118, 0.938878

17
0.0437102, 0.00283461, -0.00897554
0.151821, -0.988406, 0.00201659
-0.00260178, -0.00243987, -0.999994
0.988405, 0.151815, -0.00294204

18
-0.0682362, 0.0016421, 0.00991052
-0.448012, 0.893972, -0.00996824
-0.330935, -0.176184, -0.927061
-0.830522, -0.412035, 0.374779

19
-0.00749316, -0.0202607, -0.016453
-0.00976804, 0.999944, -0.00395201
0.0925252, -0.00303142, -0.995706
-0.995662, -0.0100918, -0.0924905

20
0.0401898, -0.0135857, 0.0351562
-0.00717871, 0.999955, -0.006239
-0.939671, -0.00887954, -0.341963
-0.342003, 0.00340776, 0.939693

21
-0.00850244, 0.00517381, -0.0220633
0.0179088, -0.999827, -0.00501981
-0.264745, 9.94481e-05, -0.964318
0.964152, 0.0185987, -0.264698

22
0.0238681, -0.0430757, 0.037549
-0.998316, -0.0563888, 0.0136313
0.0573961, -0.925871, 0.373454
-0.00843783, 0.373608, 0.927548

23
0.0835926, -0.0416505, 0.0018836
0.156734, 0.98756, -0.0126169
-0.430662, 0.0798349, 0.898975
0.8888, -0.135467, 0.437817

24
-0.00581525, 0.0720427, 0.0179631
0.999986, 0.00523898, 0.000641843
-0.00283529, 0.63575, -0.77189
-0.00445197, 0.771878, 0.635756

25
0.0241424, -0.0156524, -0.00650353
-0.997938, 0.0627705, 0.0133744
-0.0124991, 0.0143159, -0.999819
-0.0629506, -0.997925, -0.0135018

26
-0.0329254, -0.0746685, 0.00927755
-0.998781, 0.0487322, -0.00785767
-0.0241239, -0.620778, -0.783615
-0.0430652, -0.78247, 0.621197

27
-0.0391587, -0.0426155, 0.0370281
-0.962554, 0.271069, 0.00338022
-0.247311, -0.883163, 0.398573
0.111026, 0.382812, 0.91713

28
0.0469525, 0.00403657, -0.00909968
0.115867, -0.993263, 0.00208632
-0.00514656, -0.00270079, -0.999983
0.993251, 0.115854, -0.00542482

29
0.0561975, -0.0105354, 0.0484265
-0.0103553, 0.999919, -0.00738302
-0.965053, -0.0119272, -0.261783
-0.26185, 0.00441416, 0.965098

30
0.0273573, 0.0111925, -0.00858667
0.798988, -0.601332, -0.00423752
-0.000478079, 0.00641152, -0.999979
0.601347, 0.798974, 0.00483524

31
0.0241639, 0.0113369, -0.00851516
0.801884, -0.597472, -0.00318514
0.00118949, 0.00692734, -0.999975
0.597479, 0.80186, 0.0062656

32
0.0544174, -0.00568872, 0.00981042
-0.540678, -0.841172, 0.00980558
0.30868, -0.209226, -0.927869
0.782549, -0.498652, 0.372777

33
0.046691, 0.0029558, -0.00908628
0.154251, -0.98803, 0.00199747
-0.00478711, -0.002769, -0.999985
0.98802, 0.154239, -0.00515693

34
-0.0236466, -0.0194595, 0.0349992
0.0151133, -0.999885, -0.00153035
0.876443, 0.0139841, -0.481302
0.481268, 0.0059328, 0.876553

35
-0.00623188, -0.0299531, 0.0268925
0.99993, 0.011481, 0.00268278
-0.00548506, 0.654401, -0.756128
-0.0104367, 0.756061, 0.654418

36
-0.029295, 0.0284602, 0.0299013
-0.0746153, -0.996772, 0.0296195
0.411608, -0.0578386, -0.909524
0.908301, -0.0556728, 0.414595

37
0.0211468, -0.0471625, 0.0301272
-0.235493, 0.894682, -0.379588
-0.762299, -0.412315, -0.498895
-0.602862, 0.171873, 0.779113

38
-0.00420429, 0.0104824, -0.015918
0.0049204, 0.999988, -0.000712497
0.141787, -0.00140296, -0.989896
-0.989885, 0.00476966, -0.141792

39
0.048399, -0.00934069, -0.0120347
-0.691608, -0.722168, 0.0123525
-0.0115232, -0.00606772, -0.999915
0.722181, -0.691691, -0.00412518

40
0.0592445, 0.00220028, -0.00943819
-0.0408465, -0.999163, 0.00232759
-0.0122799, -0.00182735, -0.999923
0.99909, -0.0408719, -0.012195

41
0.00676142, 0.01455, -0.00833303
0.999953, 0.00962979, -0.00129098
0.00234323, -0.110074, 0.993921
0.00942915, -0.993877, -0.110092

42
0.0472225, 0.00382604, -0.0120979
0.0516561, -0.998662, 0.0022337
-0.00526573, -0.00250903, -0.999983
0.998651, 0.0516435, -0.0053883

43
0.038651, 0.0163089, 0.0395477
0.000619951, 0.999999, -0.00118203
-0.967524, 0.000301023, -0.252781
-0.25278, 0.00130035, 0.967523

44
-0.00268925, 0.0218736, 0.0330149
0.999997, -0.00174, -0.00163505
0.00235118, 0.836865, 0.547404
0.000415835, -0.547406, 0.836867

45
0.0141997, -0.0816325, 0.0157043
-0.371356, 0.627773, -0.684102
0.111214, -0.70141, -0.704028
-0.921806, -0.337527, 0.190656

46
-0.00893776, -0.0149806, -0.026492
0.999966, 0.0066644, 0.0047567
0.00680428, -0.353238, -0.935509
-0.00455435, 0.93551, -0.353272

47
-0.00594782, 0.0458011, 0.0356045
0.999818, 0.0189294, -0.00228342
-0.0183198, 0.920552, -0.39019
-0.00528406, 0.390161, 0.920732

48
0.0401559, 0.0192104, 0.0369386
-0.0101925, 0.999941, -0.00375356
-0.915284, -0.0108411, -0.402664
-0.402681, -0.000668584, 0.91534

49
-0.0680122, 0.00241893, -0.00937729
0.563361, 0.8261, 0.0135045
0.016678, 0.00497122, -0.999849
-0.826042, 0.563501, -0.0109771

50
-0.0445349, -0.0764443, 0.00817216
-0.986963, 0.158366, 0.0287227
-0.0743657, -0.290433, -0.954001
-0.142739, -0.9437, 0.298423

51
-0.0450967, -0.0630473, -0.00918858
-0.685855, 0.727731, 0.00329543
0.00298167, 0.00733831, -0.999969
-0.727732, -0.685823, -0.00720286

52
0.0340302, -0.0773241, 0.0125953
-0.987209, -0.148052, 0.0591505
0.0591693, -0.684744, -0.726377
0.148045, -0.713587, 0.684746

53
0.023959, 0.0303521, -0.0315305
-0.158811, 0.987304, -0.00317633
0.507952, 0.0789464, -0.85776
-0.846619, -0.137835, -0.514041

54
-0.0336934, -0.0066057, -0.00435977
-0.986963, 0.158366, 0.0287227
0.014081, -0.0928133, 0.995584
0.160332, 0.983009, 0.0893733

55
0.0292273, 0.0408903, 0.0350515
-0.992948, 0.116733, 0.0207031
-0.116634, -0.930546, -0.347104
-0.0212532, -0.347071, 0.937598

56
0.0386699, 0.00435934, 0.0386689
0.00170384, 0.999997, -0.0018706
-0.949949, 0.00103418, -0.312404
-0.312401, 0.00230926, 0.949948

57
0.00319099, 0.0199319, 0.0354044
0.999907, -0.0128305, -0.00452474
0.0134602, 0.884566, 0.466221
-0.00197943, -0.466239, 0.884657

58
0.0103493, -0.00843699, -0.0290363
-0.0115868, 0.999901, -0.00795564
0.344232, -0.00348118, -0.938878
-0.938813, -0.0136172, -0.344158

59
-0.0123414, 0.00913891, -0.0180972
-0.694721, -0.719266, -0.00440378
-0.13033, 0.131899, -0.982658
0.707373, -0.682099, -0.185375

60
-0.0345537, -0.0224885, -0.0242849
0.00826114, -0.999965, 0.00117478
-0.6691, -0.00640078, -0.743145
0.743127, 0.00535318, -0.669129

61
-0.00477254, 0.0240224, -0.0190083
-0.0236784, -0.999701, 0.00612176
-0.203685, -0.00117084, -0.979036
0.97875, -0.0244289, -0.203597

62
0.0091608, -0.0423203, 0.0393323
-0.999791, -0.0202077, 0.00295623
0.0202588, -0.963007, 0.268713
-0.00258322, 0.268717, 0.963216

63
0.000666149, 0.0262673, 0.0299607
0.999967, 0.00814271, -0.000760399
-0.00320537, 0.475773, 0.879562
0.0075238, -0.879531, 0.475783

64
-0.0122586, -0.019197, -0.0264212
0.999912, 0.0130673, 0.00227188
0.00745194, -0.411795, -0.911246
-0.010972, 0.911183, -0.411856

65
0.0241753, 0.0190056, 0.0257501
-0.0101925, 0.999941, -0.00375356
-0.691512, -0.00976001, -0.722299
-0.722293, -0.0047664, 0.691571

66
-0.0301503, -0.00915197, -0.00590995
-0.993704, 0.111801, -0.00722658
-0.0136952, -0.0571988, 0.998269
0.111194, 0.992083, 0.0583698

67
-0.00639424, 0.067329, 0.0186029
0.999818, 0.0189294, -0.00228342
-0.0149032, 0.701171, -0.712837
-0.0118925, 0.712742, 0.701326

68
0.0198361, -0.0937687, 0.00150772
-0.371356, 0.627773, -0.684102
0.455508, -0.518853, -0.723397
-0.809078, -0.580252, -0.0932768

69
0.0214772, -0.0118378, -0.00833191
-0.998316, -0.0563888, 0.0136313
0.014169, -0.00914698, 0.999858
-0.0562561, 0.998367, 0.00993055

70
-0.00221119, 0.0145377, -0.00821836
0.99995, 0.00986592, 0.00156463
-0.0004919, -0.107809, 0.994172
0.00997709, -0.994123, -0.107799

71
0.00972041, -0.0731943, 0.0175482
-0.999791, -0.0202077, 0.00295623
0.0101393, -0.616789, -0.787063
0.0177281, -0.786869, 0.616865

72
-0.0255496, -0.0061889, -0.00536757
-0.999662, 0.0245279, -0.0086324
-0.0117271, -0.128973, 0.991579
0.023208, 0.991345, 0.129217

73
0.00369869, 0.0656022, 0.0180962
0.999907, -0.0128305, -0.00452474
0.00697975, 0.769257, -0.638901
0.0116781, 0.63881, 0.769276

74
-0.0215752, 0.000371619, 0.0344679
0.0516561, -0.998662, 0.0022337
0.924648, 0.0486725, 0.377699
-0.377302, -0.0174451, 0.925926

75
0.00443051, 0.00433583, -0.00508315
0.00170384, 0.999997, -0.0018706
-0.074909, -0.00173772, -0.997189
-0.997189, 0.00183918, 0.0749058

76
-0.0106347, -0.0139646, -0.0115637
-0.00392925, 0.999982, -0.00449787
0.0547225, -0.00427615, -0.998492
-0.998494, -0.00416946, -0.0547048

77
-0.0311614, -0.0136345, -0.00969159
-0.962554, 0.271069, 0.00338022
0.00793272, 0.0157007, 0.999845
0.270974, 0.962432, -0.0172631

78
-0.0497493, -0.0199242, 0.0233028
-0.174255, 0.9847, -0.000913463
-0.691763, -0.123076, -0.711559
-0.700785, -0.123361, 0.702626

79
-0.00624431, -0.0304603, 0.0281752
0.999941, 0.0102811, 0.00356401
-0.00205514, 0.500082, -0.865976
-0.0106854, 0.865917, 0.500073

80
-0.0167355, -0.0311404, 0.0374272
-0.0327086, 0.999465, 0.000112434
-0.924617, -0.0303018, 0.37969
0.37949, 0.0123152, 0.925114

81
0.0382006, 0.010314, 0.0406664
0.0049204, 0.999988, -0.000712497
-0.989885, 0.00476966, -0.141792
-0.141787, 0.00140296, 0.989896

82
-0.00261679, 0.0717911, 0.0242112
0.999997, -0.00174, -0.00163505
0.000515576, 0.825992, -0.563682
0.00233134, 0.56368, 0.82599

83
0.0463962, 0.00426184, 0.0386641
0.00710121, 0.999974, -0.00135529
-0.943655, 0.00714968, 0.330855
0.330856, -0.00107054, 0.943681

84
0.00175946, 0.0162827, -0.00199263
0.000619951, 0.999999, -0.00118203
-0.136717, -0.00108617, -0.99061
-0.99061, 0.000775733, 0.136716

85
0.0394586, -0.0225303, 0.0378834
0.0095369, 0.999954, -0.00119286
-0.934198, 0.00848431, -0.356653
-0.356627, 0.00451573, 0.934236

86
-0.0273778, -0.077285, 0.00432904
-0.999662, 0.0245279, -0.0086324
0.00195312, -0.260215, -0.965549
-0.0259292, -0.965239, 0.260079

87
0.0067514, 0.0181917, -0.00950665
0.999953, 0.0096593, -0.00128029
0.00312571, -0.193543, 0.981087
0.00922882, -0.981044, -0.193564

88
0.00643255, -0.0621771, 0.0377574
0.999863, 0.0165076, -0.000737716
-0.0162762, 0.991583, 0.128449
0.0028519, -0.12842, 0.991716

89
0.00731187, -0.0222778, -0.00742785
0.0095369, 0.999954, -0.00119286
-0.0280219, -0.000925188, -0.999607
-0.999562, 0.00956658, 0.0280118

90
0.00848237, -0.0122081, 0.0157259
-0.999791, -0.0202077, 0.00295623
0.0124985, -0.490937, 0.871105
-0.0161517, 0.870961, 0.491087

91
0.000669293, 0.0223267, -0.0081042
0.999967, 0.00814271, -0.000760399
0.00305359, -0.2855, 0.958374
0.00758667, -0.958344, -0.285515

92
-0.0672525, 0.0005025, -0.00914391
-0.134814, 0.990868, -0.00254542
0.00659508, -0.00167152, -0.999977
-0.990849, -0.134827, -0.0063095

93
-0.0434728, 0.0042389, 0.0393875
0.0179088, -0.999827, -0.00501981
0.964152, 0.0185987, -0.264698
0.264745, -9.94481e-05, 0.964318

94
0.00661093, 0.0395319, 0.0417882
0.999953, 0.0096593, -0.00128029
-0.00733016, 0.832301, 0.554276
0.0064195, -0.55424, 0.832332

95
0.0267389, 0.00578064, -0.00559225
-0.991294, 0.13159, 0.0045882
-0.0130559, -0.0635591, -0.997893
-0.131021, -0.989265, 0.0647237

96
0.0235116, -0.0137686, 0.0250365
-0.00717871, 0.999955, -0.006239
-0.737264, -0.00950772, -0.675538
-0.675566, -0.000249692, 0.737299

97
0.0376637, -0.0196046, 0.0379568
-0.00976804, 0.999944, -0.00395201
-0.995662, -0.0100918, -0.0924905
-0.0925252, 0.00303142, 0.995706

98
-0.037492, 0.0253008, 0.0253979
-0.975142, -0.21955, 0.0299458
0.0856486, -0.498105, -0.862876
0.204361, -0.838862, 0.504527

99
0.0224242, -0.0225482, -0.00825135
0.00438707, 0.99999, 0.000133299
0.348456, -0.00140377, -0.937324
-0.937315, 0.00415856, -0.348458

100
-0.0169208, 0.0100181, -0.00204776
-0.732138, -0.681088, 0.00965455
0.0853698, -0.105812, -0.990715
0.675785, -0.724516, 0.135614

101
0.0334203, 0.0383483, 0.0368855
-0.970571, 0.240791, -0.00331794
-0.233874, -0.945798, -0.225318
-0.0573926, -0.217911, 0.97428

102
-0.00460033, 0.0241378, 0.000499652
-0.0236784, -0.999701, 0.00612176
0.186371, -0.0104302, -0.982424
0.982194, -0.0221213, 0.186562

103
-0.0123595, -0.0147856, -0.00741777
0.999912, 0.0130673, 0.00227188
0.00268591, -0.0317544, -0.999492
-0.0129885, 0.99941, -0.0317867

104
-0.0511511, -0.0259647, 0.0387529
0.0123627, -0.99992, -0.00254972
0.947877, 0.0109072, 0.31845
-0.318397, -0.00635372, 0.947936

105
0.0377771, 0.0631075, 0.0534353
-0.978371, 0.158257, -0.133212
-0.171272, -0.980859, 0.0926318
-0.116003, 0.113444, 0.986749

106
-0.0412812, -0.0258409, 0.0380538
0.0123627, -0.99992, -0.00254972
0.997569, 0.0125084, -0.0685502
0.0685766, -0.00169606, 0.997644

107
0.0366542, 0.0537164, 0.0505259
-0.978371, 0.158257, -0.133212
-0.113843, -0.949609, -0.292032
-0.172716, -0.27055, 0.947086

108
0.00177998, 0.0240286, -0.00195205
-0.0246902, 0.999695, -0.00109335
-0.137459, -0.00447823, -0.990497
-0.9902, -0.0243053, 0.137528

109
-0.0113645, 0.0179059, 0.0112738
0.999968, 0.0074618, 0.00279106
-0.00396325, 0.16202, 0.98678
0.00691095, -0.986759, 0.162044

110
0.0774553, -0.00720692, 0.00328968
0.0101966, -0.999939, 0.0041299
-0.0175622, -0.00430856, -0.999836
0.999794, 0.0101224, -0.017605

111
-0.0639338, 0.0289283, 0.0379881
-0.0562345, -0.998377, 0.00894823
0.994837, -0.0552723, 0.085108
-0.0844753, 0.013688, 0.996332

112
0.00657862, 0.0401421, 0.0409782
0.999953, 0.00962979, -0.00129098
-0.00781468, 0.876099, 0.482069
0.00577324, -0.482036, 0.876133

113
-0.00237469, 0.0252847, 0.0285096
0.99995, 0.00986592, 0.00156463
-0.0074027, 0.626719, 0.77921
0.00670705, -0.779183, 0.62676

114
-0.0363308, -0.0788968, 0.00594604
-0.997185, 0.0749641, -0.00152117
-0.0420495, -0.575917, -0.816426
-0.0620787, -0.814064, 0.577448

115
-0.0122642, -0.0282989, 0.0283851
0.999912, 0.0130673, 0.00227188
-0.00728504, 0.684236, -0.729224
-0.0110835, 0.729144, 0.684271

116
-0.0805257, -0.0262443, 0.00597613
0.0123627, -0.99992, -0.00254972
0.44511, 0.00321981, 0.89547
-0.895391, -0.0122053, 0.445114

117
0.0134829, 0.0188613, -0.0102002
-0.00743516, 0.999968, -0.00279841
0.0874544, -0.00213751, -0.996166
-0.996141, -0.00765138, -0.0874357

118
0.0243882, 0.00138413, -0.00359475
-0.970571, 0.240791, -0.00331794
-0.036476, -0.160617, -0.986343
-0.238035, -0.957195, 0.164674

119
-0.0435258, 0.0253024, 0.0401233
-0.0236784, -0.999701, 0.00612176
0.97875, -0.0244289, -0.203597
0.203685, 0.00117084, 0.979036

120
-0.0714861, 0.0293065, 0.0327271
-0.0562345, -0.998377, 0.00894823
0.886783, -0.0458268, 0.459909
-0.458753, 0.0337979, 0.887921

121
-0.011315, 0.0185614, -0.00822417
0.999968, 0.0074618, 0.00279106
-0.00101686, -0.22793, 0.973677
0.00790155, -0.973649, -0.227915

122
0.0738104, -0.00720609, 0.0124894
0.0101966, -0.999939, 0.0041299
0.366379, -0.000106917, -0.930466
0.93041, 0.0110007, 0.366356

123
-0.0308582, 0.0253074, 0.0273359
-0.999106, -0.0421589, 0.00302451
0.0203676, -0.542913, -0.839542
0.0370362, -0.83873, 0.543287

124
0.0710823, -0.0093007, -0.00976118
0.0891794, -0.996011, 0.00300401
-0.0183128, -0.00465517, -0.999821
0.995847, 0.0891085, -0.0186549

125
0.015413, -0.0795797, 0.00147177
-0.997675, -0.0676732, 0.00800568
-0.00753483, -0.00721012, -0.999946
0.0677273, -0.997681, 0.00668346

126
0.00670618, 0.0252133, 0.0284196
0.999953, 0.00962979, -0.00129098
-0.0050105, 0.624943, 0.780655
0.00832433, -0.780611, 0.624961

127
-0.00885912, -0.029123, 0.04117
-0.685855, 0.727731, 0.00329543
-0.727732, -0.685823, -0.00720286
-0.00298167, -0.00733831, 0.999969

128
0.0408923, 0.0332966, 0.0370595
-0.158811, 0.987304, -0.00317633
-0.846619, -0.137835, -0.514041
-0.507952, -0.0789464, 0.85776

129
-0.0306805, 0.0183954, -0.0103026
-0.999106, -0.0421589, 0.00302451
-0.0117865, 0.209174, -0.977807
0.0405907, -0.976969, -0.209484

130
0.00291853, 0.0240354, -0.0214278
-0.0246902, 0.999695, -0.00109335
0.251937, 0.00516389, -0.96773
-0.967429, -0.0241689, -0.251988

131
0.0675994, 0.029546, 0.0191189
-0.0516499, 0.998665, 0.000220159
-0.772643, -0.0400999, 0.633573
0.632736, 0.0325539, 0.773683

132
0.0103449, -0.00850601, -0.00804928
-0.0145882, 0.999848, -0.00952818
0.044553, -0.00886975, -0.998968
-0.998901, -0.0149976, -0.0444169

133
-0.0330192, -0.0227965, -0.00977001
-0.993208, 0.116192, -0.00615371
0.0241714, 0.257774, 0.965903
0.113816, 0.959194, -0.258831

134
-0.00710634, 0.00510112, -0.00260445
0.0179088, -0.999827, -0.00501981
0.124372, 0.0072093, -0.992209
0.992074, 0.0171449, 0.12448

135
-0.00263951, 0.0743498, 0.00759367
0.999997, -0.00174, -0.00163505
-0.000415835, 0.547406, -0.836867
0.00235118, 0.836865, 0.547404

136
0.0365175, 0.00433122, 0.0380946
0.00710121, 0.999974, -0.00135529
-0.998436, 0.00701512, -0.0554611
-0.0554501, 0.00174702, 0.99846

137
0.00291378, 0.0162589, -0.0214675
0.000619951, 0.999999, -0.00118203
0.25278, -0.00130035, -0.967523
-0.967524, 0.000301023, -0.252781

138
0.0386931, 0.0249857, 0.0395581
-0.0246902, 0.999695, -0.00109335
-0.967429, -0.0241689, -0.251988
-0.251937, -0.00516389, 0.96773

139
-0.0334596, -0.0835411, 0.0246421
-0.998755, 0.0495961, -0.0053326
-0.0398671, -0.857912, -0.512248
-0.0299804, -0.511398, 0.858821

140
0.0774411, -0.000948961, -0.00265165
0.0155939, -0.999875, 0.00272584
-0.016392, -0.00298145, -0.999861
0.999744, 0.015547, -0.0164365

141
0.0233983, -0.00797278, 0.02792
-0.0145882, 0.999848, -0.00952818
-0.674826, -0.0168768, -0.737784
-0.737833, -0.00433305, 0.674969

142
-0.0415393, -0.041956, 0.0391899
-0.952253, 0.294794, 0.0794374
-0.184291, -0.762442, 0.620257
0.243415, 0.576002, 0.780366

143
-0.0299518, 0.0280514, -0.0108252
-0.908677, -0.402752, -0.10999
-0.0440942, 0.354555, -0.933995
0.415165, -0.843849, -0.339935

144
-0.0405393, -0.0245146, -0.0135489
-0.952253, 0.294794, 0.0794374
0.154361, 0.240383, 0.958326
0.263414, 0.924831, -0.27441

145
0.0103971, -0.0302494, 0.0104552
-0.0327086, 0.999465, 0.000112434
-0.385463, -0.0127185, 0.922636
0.922143, 0.0301347, 0.385673

146
-0.015029, -0.0137662, 0.0381705
-0.174255, 0.9847, -0.000913463
-0.98468, -0.174257, -0.00631699
-0.00637952, -0.000201297, 0.99998

147
-0.00601517, -0.0608219, 0.0514687
0.999941, 0.0102811, 0.00356401
-0.00900895, 0.965907, -0.258732
-0.00610254, 0.258685, 0.965943

148
0.00672676, 0.0257159, 0.0280147
0.999953, 0.0096593, -0.00128029
-0.00431554, 0.556847, 0.830604
0.00873597, -0.830559, 0.556863

149
-0.0433793, -0.0308277, 0.0384203
0.0646129, -0.997907, -0.00272432
0.942947, 0.0619474, -0.32713
0.326614, 0.0185679, 0.944975

150
-0.0401784, 0.00115844, 0.041148
-0.00234386, -0.999996, -0.00163768
0.999528, -0.00229259, -0.0306367
0.0306328, -0.00170871, 0.999529

151
0.0401898, 0.0191962, 0.0385154
-0.00743516, 0.999968, -0.00279841
-0.886847, -0.00788695, -0.461996
-0.462004, -0.000953258, 0.886877

152
-0.0407293, 0.0377192, 0.0428121
-0.908677, -0.402752, -0.10999
0.366689, -0.643933, -0.671484
0.199615, -0.650494, 0.732811

153
0.0300337, -0.0472871, -0.0252552
0.127828, 0.980427, -0.149742
0.676649, -0.196595, -0.709575
-0.725125, -0.0106191, -0.688535

154
-0.0118007, 0.0769456, 0.00529666
0.999998, 0.00214701, 0.000484439
0.000423641, 0.0282281, -0.999601
-0.00215983, 0.999599, 0.0282271

155
0.0229408, -0.0223852, 0.0275034
0.0095369, 0.999954, -0.00119286
-0.726611, 0.00611038, -0.687021
-0.686982, 0.0074188, 0.726636

156
0.00669573, -0.079515, 0.00648421
0.999863, 0.0165076, -0.000737716
-0.00949238, 0.610348, 0.792076
0.0135256, -0.791961, 0.610422

157
-0.0302948, -0.0213406, 0.0104015
-0.998755, 0.0495961, -0.0053326
-0.0124418, -0.144161, 0.989476
0.0483054, 0.988311, 0.144599

158
-0.0757208, -0.0330666, 0.001042
-0.0327086, 0.999465, 0.000112434
0.00323229, 0.000218274, -0.999995
-0.99946, -0.032708, -0.0032377

159
0.0089179, -0.00191588, 0.0346736
0.0155939, -0.999875, 0.00272584
0.929916, 0.0155045, 0.367445
-0.367441, -0.00319509, 0.930041

160
0.0244955, 0.00861735, -0.00992241
-0.992948, 0.116733, 0.0207031
-0.0249984, -0.0354524, -0.999059
-0.115889, -0.99253, 0.0381205

161
0.0300038, 0.0223912, -0.0128901
-0.991528, 0.129882, 0.00135432
0.0326333, 0.25919, -0.965275
-0.125723, -0.957053, -0.261233

162
0.0303088, -0.0378376, 0.0410863
0.989598, 0.143596, -0.00877014
-0.143863, 0.987914, -0.0577086
0.000377414, 0.05837, 0.998295

163
0.00345607, 0.0386319, 0.0409581
0.999907, -0.0128305, -0.00452474
0.0131931, 0.995654, 0.0921889
0.00332225, -0.09224, 0.995731

164
0.0216824, 0.00437033, 0.0290758
0.00170384, 0.999997, -0.0018706
-0.758088, 7.17435e-05, -0.652153
-0.65215, 0.00252924, 0.758085

165
-0.0487409, -0.00109374, 0.00755432
0.0516561, -0.998662, 0.0022337
0.387032, 0.0220811, 0.921802
-0.920618, -0.0467522, 0.387655

166
-0.0125399, 0.00921121, 0.00141069
-0.694721, -0.719266, -0.00440378
0.150291, -0.139169, -0.978798
0.703403, -0.680653, 0.204783

167
-0.0245794, -0.0223864, -0.00751872
0.00826114, -0.999965, 0.00117478
-0.333785, -0.00386498, -0.942641
0.942613, 0.00739517, -0.333806

168
0.0363323, -0.0397506, 0.0395329
-0.94295, -0.332921, -0.00287351
0.280623, -0.799408, 0.531223
-0.179152, 0.50011, 0.847227

169
0.0365538, -0.0135423, 0.0410962
-0.00392925, 0.999982, -0.00449787
-0.998494, -0.00416946, -0.0547048
-0.0547225, 0.00427615, 0.998492

170
-0.00996817, 0.0254803, -0.00757304
-0.0562345, -0.998377, 0.00894823
0.0844753, -0.013688, -0.996332
0.994837, -0.0552723, 0.085108

171
-0.00952654, 0.0403461, 0.0372784
-0.930789, -0.36551, 0.00589554
0.339185, -0.857512, 0.386817
-0.13633, 0.362045, 0.922138

172
-0.0118884, 0.0745348, 0.0475766
0.999968, 0.0074618, 0.00279106
-0.00691095, 0.986759, -0.162044
-0.00396325, 0.16202, 0.98678

173
-0.0304479, 0.0133036, 0.0411661
-0.210399, 0.977606, -0.0042738
-0.977504, -0.210439, -0.0141759
-0.0147579, 0.00119505, 0.99989

174
-0.00990209, -0.0285393, -0.00585857
0.0646129, -0.997907, -0.00272432
0.0590976, 0.00655169, -0.998231
0.996159, 0.0643376, 0.0593973

175
0.0174889, -0.0300977, 0.0275293
0.999802, 0.0197359, -0.00249512
-0.0117931, 0.487019, -0.873312
-0.0160204, 0.873168, 0.487155

176
-0.0333321, -0.0779642, 0.0526454
-0.998755, 0.0495961, -0.0053326
-0.0483054, -0.988311, -0.144599
-0.0124418, -0.144161, 0.989476

177
0.0391187, -0.00763337, 0.039468
-0.0145882, 0.999848, -0.00952818
-0.905814, -0.0172503, -0.423324
-0.423424, 0.00245524, 0.905928

178
0.0737858, -0.0009809, 0.00654381
0.0155939, -0.999875, 0.00272584
0.367441, 0.00319509, -0.930041
0.929916, 0.0155045, 0.367445

179
0.0296056, 0.0619515, 0.0369141
-0.997938, 0.0627705, 0.0133744
-0.0533756, -0.927441, 0.37014
0.0356378, 0.368663, 0.92888

180
-0.0423557, -0.0367634, 0.0389001
0.157793, -0.986848, 0.0350989
0.944819, 0.140548, -0.295911
0.287086, 0.0798547, 0.95457

181
-0.00549388, 0.0111068, 0.0146636
0.999986, 0.00523898, 0.000641843
-0.00302806, 0.469831, 0.882751
0.00432316, -0.882741, 0.46984

182
-0.0307716, -0.027108, 0.0304838
-0.998781, 0.0487322, -0.00785767
-0.0305552, -0.485347, 0.873788
0.0387679, 0.872963, 0.486244

183
-0.0314229, 0.0152712, -0.00979765
-0.989321, -0.144561, -0.0186181
-0.00191401, 0.140609, -0.990063
0.145743, -0.979454, -0.139384

184
0.0313861, 0.0392512, 0.0385066
-0.991294, 0.13159, 0.0045882
-0.126044, -0.938284, -0.32208
-0.0380773, -0.319854, 0.946701

185
0.0288989, -0.0182591, -0.0111567
-0.94295, -0.332921, -0.00287351
-0.0581255, 0.156121, 0.986026
-0.32782, 0.929941, -0.166566

186
0.0375384, -0.0396627, 0.03918
-0.943439, -0.31399, -0.106456
0.185151, -0.76532, 0.616445
-0.27503, 0.561868, 0.780168

187
0.0198324, -0.0751934, -0.000136662
-0.999098, -0.0409682, 0.0111387
-0.00912103, -0.0491111, -0.998752
0.0414641, -0.997953, 0.0486931

188
-0.00569942, 0.0284757, -0.00131239
-0.23185, -0.971898, -0.0407392
0.155685, 0.00426637, -0.987798
0.960212, -0.235363, 0.150321

189
-0.0423839, -0.0605774, 0.00997241
-0.685855, 0.727731, 0.00329543
-0.275736, -0.255674, -0.926607
-0.673478, -0.636426, 0.376017

190
-0.0569271, 0.047135, 0.0521278
-0.580849, -0.810539, -0.0751128
0.801037, -0.585561, 0.124328
-0.144756, 0.0120477, 0.989394

191
0.000263881, -0.0095057, 0.00520506
0.0263549, -0.999652, -0.00102261
0.280547, 0.0083782, -0.959804
0.959478, 0.0250086, 0.28067

192
0.0197996, 0.0103999, 0.0341857
0.0049204, 0.999988, -0.000712497
-0.860275, 0.0038697, -0.509815
-0.509806, 0.00312144, 0.860284

193
-0.0423108, -0.0106646, 0.0408791
0.0263549, -0.999652, -0.00102261
0.993803, 0.0263112, -0.107996
0.107985, 0.00182994, 0.994151

194
-0.0063751, 0.0294531, -0.0207852
-0.23185, -0.971898, -0.0407392
-0.223623, 0.0940112, -0.970131
0.946699, -0.215815, -0.239135

195
-0.0570697, 0.0475962, 0.0482545
-0.580849, -0.810539, -0.0751128
0.795458, -0.545598, -0.263761
0.172807, -0.212954, 0.961659

196
-0.0450967, -0.0630473, -0.00918858
-0.685855, 0.727731, 0.00329543
0.00298167, 0.00733831, -0.999969
-0.727732, -0.685823, -0.00720286

197
-0.0260321, 0.00459515, 0.0306525
0.0179088, -0.999827, -0.00501981
0.789447, 0.017221, -0.613578
0.613558, 0.00702555, 0.789618

198
0.018746, -0.0383006, 0.0381091
-0.999098, -0.0409682, 0.0111387
0.0414641, -0.997953, 0.0486931
0.00912103, 0.0491111, 0.998752

199
0.0326591, -0.0225909, -0.02486
0.00438707, 0.99999, 0.000133299
0.680626, -0.00288833, -0.732625
-0.732618, 0.00330481, -0.680632

200
-0.0178594, 0.010751, -0.0215204
-0.732138, -0.681088, 0.00965455
-0.17974, 0.179502, -0.967198
0.657014, -0.709858, -0.25384

201
0.0842071, -0.0104095, 0.0261977
-0.0103553, 0.999919, -0.00738302
-0.867551, -0.00531249, 0.497319
0.49724, 0.0115551, 0.867536

202
0.0185677, -0.00073483, 0.0266971
0.798988, -0.601332, -0.00423752
0.424878, 0.569493, -0.703673
0.425554, 0.560426, 0.710511

203
0.021141, 0.0245429, 0.0310533
-0.0246902, 0.999695, -0.00109335
-0.797375, -0.020353, -0.603141
-0.602979, -0.0140199, 0.797634

204
0.0712198, -0.00424536, -0.00973136
-0.0497194, -0.998755, 0.00404559
-0.0182375, -0.00314205, -0.999829
0.998597, -0.0497847, -0.0180585

205
-0.0318308, 0.0145756, 0.0401323
-0.997809, -0.0655556, -0.00896585
0.0637865, -0.917042, -0.393655
0.0175843, -0.393365, 0.919214

206
0.00647522, 0.0393998, 0.0407006
0.999944, -0.00933948, -0.00503086
0.00994014, 0.990543, 0.136839
0.00370528, -0.136881, 0.990581

207
0.000286263, 0.0748777, 0.0509323
0.999967, 0.00814271, -0.000760399
-0.00817772, 0.994651, -0.102972
-8.21403e-05, 0.102975, 0.994684

208
-0.00244675, 0.00136932, 0.0381707
0.0516561, -0.998662, 0.0022337
0.998651, 0.0516435, -0.0053883
0.00526573, 0.00250903, 0.999983

209
0.00382837, 0.0786265, 0.00982041
0.999907, -0.0128305, -0.00452474
0.00197943, 0.466239, -0.884657
0.0134602, 0.884566, 0.466221

210
0.00679252, 0.00429558, -0.0244486
0.00170384, 0.999997, -0.0018706
0.312401, -0.00230926, -0.949948
-0.949949, 0.00103418, -0.312404

211
0.0142492, -0.0206317, 0.0105124
-0.930789, -0.36551, 0.00589554
0.13633, -0.362045, -0.922138
0.339185, -0.857512, 0.386817

212
-0.00893721, -0.0633389, 0.041146
0.999966, 0.0066644, 0.0047567
-0.00681156, 0.999477, 0.0316232
-0.00454347, -0.0316545, 0.999489

213
0.0727905, -0.0258969, 0.0350454
-0.371356, 0.627773, -0.684102
-0.894197, -0.043416, 0.445563
0.250011, 0.777185, 0.577476

214
-0.0785852, 0.00272191, -0.00953723
-0.210399, 0.977606, -0.0042738
0.0147579, -0.00119505, -0.99989
-0.977504, -0.210439, -0.0141759

215
-0.0552246, 0.0502023, 0.0401114
-0.694721, -0.719266, -0.00440378
0.703403, -0.680653, 0.204783
-0.150291, 0.139169, 0.978798

216
-0.0832992, -0.0227847, 0.0663178
0.00826114, -0.999965, 0.00117478
0.942613, 0.00739517, -0.333806
0.333785, 0.00386498, 0.942641

217
0.0189996, -0.0287804, 0.0381665
0.589134, -0.807988, -0.00875404
0.807911, 0.589198, -0.011182
0.0141928, -0.000484797, 0.999899

218
-0.0117648, 0.0532842, 0.0362157
0.999998, 0.00214701, 0.000484439
-0.0018333, 0.934312, -0.356452
-0.00121792, 0.356451, 0.934313

219
0.0211582, -0.0378778, 0.0287751
0.127828, 0.980427, -0.149742
-0.410986, -0.0850445, -0.907666
-0.902635, 0.177567, 0.392071

220
0.00238953, -0.0284762, 0.0243215
0.156734, 0.98756, -0.0126169
-0.656337, 0.0946034, -0.748514
-0.738009, 0.125599, 0.662999

221
-0.042507, 0.0379671, 0.0395476
-0.580849, -0.810539, -0.0751128
0.668777, -0.422573, -0.611694
0.464061, -0.405535, 0.78752

222
0.0160222, -0.0489294, 0.0107765
0.499278, 0.866356, 0.0121824
-0.345343, 0.186085, 0.919843
0.794645, -0.463464, 0.392098

223
0.0135969, 0.00200725, 0.00297861
0.849325, -0.52785, 0.00465822
0.120805, 0.202954, 0.971708
-0.513862, -0.824732, 0.236141

224
-0.0333127, -0.0759011, 0.0508724
-0.998781, 0.0487322, -0.00785767
-0.0475099, -0.992246, -0.114847
-0.0133935, -0.114334, 0.993352

225
-0.00757194, -0.0327357, -0.00423284
0.157793, -0.986848, 0.0350989
0.0963333, -0.0199909, -0.995148
0.982762, 0.160408, 0.0919119

226
0.0255062, -0.00154426, 0.0290432
-0.997938, 0.0627705, 0.0133744
-0.053351, -0.695517, -0.716526
-0.0356746, -0.715763, 0.697432

227
-0.0057672, 0.0600567, 0.0409394
0.999986, 0.00523898, 0.000641843
-0.00515287, 0.995343, -0.0962616
-0.00114317, 0.0962569, 0.995356

228
0.0270765, 0.0244061, 0.0248414
-0.992948, 0.116733, 0.0207031
-0.0996223, -0.726894, -0.679486
-0.0642692, -0.676756, 0.733396

229
0.025319, -0.0276907, -0.00856094
-0.987209, -0.148052, 0.0591505
0.00198904, 0.359544, 0.933126
-0.159419, 0.921308, -0.35465

230
0.0189966, -0.0793564, 0.00549582
-0.999586, -0.0277051, 0.00782572
0.00124547, -0.31319, -0.94969
0.0287622, -0.949286, 0.313094

231
-0.0378315, -0.000493292, 0.0237168
0.0516561, -0.998662, 0.0022337
0.709876, 0.0382916, 0.703285
-0.702429, -0.0347433, 0.710905

232
0.00965916, 0.00436208, 0.0137121
0.00170384, 0.999997, -0.0018706
-0.450815, -0.000901618, -0.892617
-0.892616, 0.00236417, 0.450812

233
0.00358669, 0.0484823, 0.0418911
0.999907, -0.0128305, -0.00452474
0.0109175, 0.955163, -0.295878
0.00811814, 0.295802, 0.955215

234
0.0450473, 0.00286344, 0.026093
-0.0408465, -0.999163, 0.00232759
0.69778, -0.0301929, -0.715675
0.715147, -0.0276087, 0.698429

235
0.00516842, -0.0251307, -0.0152559
0.0123627, -0.99992, -0.00254972
-0.0685766, 0.00169606, -0.997644
0.997569, 0.0125084, -0.0685502

236
0.0395978, 0.0197634, -0.01143
-0.978371, 0.158257, -0.133212
0.172716, 0.27055, -0.947086
-0.113843, -0.949609, -0.292032

237
0.0169375, -0.00891219, -0.00811998
-0.999586, -0.0277051, 0.00782572
0.00985616, -0.0739267, 0.997215
-0.0270494, 0.996879, 0.0741691

238
-0.0382011, 0.0132447, 0.041169
-0.0118195, -0.99993, 0.000137492
0.999878, -0.0118203, -0.0101774
0.0101783, 1.71834e-05, 0.999948

239
0.0156009, 0.0189313, 0.00919337
-0.00743516, 0.999968, -0.00279841
-0.300409, -0.00490286, -0.953798
-0.953781, -0.00625097, 0.300436

240
-0.00636467, -0.0302831, -0.024024
0.222214, -0.97466, 0.0256773
-0.232352, -0.0785144, -0.969458
0.946907, 0.209461, -0.243911

241
0.0500147, -0.0743978, 0.0310627
-0.943439, -0.31399, -0.106456
0.324949, -0.811974, -0.484878
0.0658079, -0.492046, 0.868079

242
0.0097706, -0.0771441, 0.00752155
-0.999791, -0.0202077, 0.00295623
0.00258322, -0.268717, -0.963216
0.0202588, -0.963007, 0.268713

243
0.000209825, 0.0821382, 0.0281606
0.999967, 0.00814271, -0.000760399
-0.0075238, 0.879531, -0.475783
-0.00320537, 0.475773, 0.879562

244
0.0249791, 0.0190489, 0.0263
-0.00743516, 0.999968, -0.00279841
-0.642538, -0.00692179, -0.766222
-0.766217, -0.0038989, 0.642569

245
-0.0344728, 0.0278739, 0.0271747
-0.908677, -0.402752, -0.10999
0.262387, -0.345983, -0.900805
0.324746, -0.8474, 0.420064

246
-0.00314973, 0.010491, 0.00356249
0.0049204, 0.999988, -0.000712497
-0.247819, 0.000529104, -0.968806
-0.968794, 0.00494348, 0.247818

247
0.0245962, 0.00195396, -0.0230943
-0.970571, 0.240791, -0.00331794
0.0573926, 0.217911, -0.97428
-0.233874, -0.945798, -0.225318

248
-0.0369479, -0.0867072, 0.0255493
-0.997185, 0.0749641, -0.00152117
-0.0626051, -0.843606, -0.5333
-0.0412616, -0.531704, 0.845925

249
0.0586855, 0.000703796, -0.0123875
0.589134, -0.807988, -0.00875404
-0.0141928, 0.000484797, -0.999899
0.807911, 0.589198, -0.011182

250
-0.0120826, -0.0441664, 0.0397339
0.999912, 0.0130673, 0.00227188
-0.010972, 0.911183, -0.411856
-0.00745194, 0.411795, 0.911246

251
-0.041723, 0.0372687, 0.0395315
-0.732138, -0.681088, 0.00965455
0.657014, -0.709858, -0.25384
0.17974, -0.179502, 0.967198

252
0.0352587, -0.0226117, 0.0458028
0.00438707, 0.99999, 0.000133299
-0.732618, 0.00330481, -0.680632
-0.680626, 0.00288833, 0.732625

253
-0.0422373, -0.0398769, 0.0350004
0.121225, -0.978152, 0.16889
0.949484, 0.0646509, -0.307083
0.289455, 0.197584, 0.936577

254
0.0176821, -0.0261248, 0.0260507
-0.999586, -0.0277051, 0.00782572
0.0260962, -0.757174, 0.652692
-0.0121575, 0.652626, 0.757583

255
-0.0325798, -0.0285758, 0.0268366
-0.997185, 0.0749641, -0.00152117
-0.0412616, -0.531704, 0.845925
0.0626051, 0.843606, 0.5333

256
-0.0670257, -0.000786275, -0.00934057
0.499278, 0.866356, 0.0121824
0.0149576, 0.00543991, -0.999873
-0.866313, 0.499397, -0.0102426

257
0.0592786, 0.0755476, 0.00720027
0.849325, -0.52785, 0.00465822
0.0850367, 0.128106, -0.988108
0.520976, 0.839621, 0.153691

258
-0.0803934, 0.00372724, 0.00957889
0.0179088, -0.999827, -0.00501981
0.613558, 0.00702555, 0.789618
-0.789447, -0.017221, 0.613578

259
-0.0251714, -0.0393919, 0.02556
0.121225, -0.978152, 0.16889
0.766439, -0.0158827, -0.64212
0.630774, 0.207285, 0.747768

260
-0.0411935, 0.0366489, 0.0403045
-0.694721, -0.719266, -0.00440378
0.707373, -0.682099, -0.185375
0.13033, -0.131899, 0.982658

261
-0.0382551, -0.0224361, 0.0463288
0.00826114, -0.999965, 0.00117478
0.743127, 0.00535318, -0.669129
0.6691, 0.00640078, 0.743145

262
0.0173243, -0.0241023, 0.00896511
0.999802, 0.0197359, -0.00249512
-0.00476467, 0.1158, -0.993261
-0.019314, 0.993076, 0.115871

263
0.00963289, -0.0318334, 0.0441703
-0.999278, -0.0373892, 0.00679603
0.0373778, -0.9993, -0.00180047
0.00685859, -0.00154515, 0.999975

264
-0.0822869, 0.001327, -0.00151332
-0.00234386, -0.999996, -0.00163768
0.410804, -0.00245598, 0.91172
-0.911721, 0.00146418, 0.410808

265
0.0102188, -0.0490291, 0.0357141
-0.999278, -0.0373892, 0.00679603
0.0319079, -0.922641, -0.384337
0.0206404, -0.383843, 0.923168

266
0.0173066, -0.0256662, -0.0104811
0.999802, 0.0197359, -0.00249512
0.00298916, -0.273049, -0.961996
-0.0196671, 0.961798, -0.273054

267
-0.00254186, 0.040242, 0.0410337
0.99995, 0.00986592, 0.00156463
-0.00940587, 0.877193, 0.480046
0.00336361, -0.480037, 0.877242

268
0.0103064, -0.0142001, -0.0289266
-0.00717871, 0.999955, -0.006239
0.342003, -0.00340776, -0.939693
-0.939671, -0.00887954, -0.341963

269
-0.063944, -0.022469, -0.0121443
-0.174255, 0.9847, -0.000913463
0.00637952, 0.000201297, -0.99998
-0.98468, -0.174257, -0.00631699

270
-0.0549832, -0.0323921, 0.0373033
-0.0327086, 0.999465, 0.000112434
-0.922143, -0.0301347, -0.385673
-0.385463, -0.0127185, 0.922636

271
-0.00616049, -0.0254608, -0.00976503
0.999941, 0.0102811, 0.00356401
0.00610254, -0.258685, -0.965943
-0.00900895, 0.965907, -0.258732

272
-0.00552276, -0.029578, -0.00454588
0.222214, -0.97466, 0.0256773
0.147701, 0.00761926, -0.989003
0.963746, 0.223563, 0.145651

273
-0.0255734, 0.0248305, 0.0325015
-0.0236784, -0.999701, 0.00612176
0.8263, -0.0230174, -0.56276
0.562732, -0.00826681, 0.826598

274
-0.0610951, -0.0411371, 0.0376217
0.222214, -0.97466, 0.0256773
0.963746, 0.223563, 0.145651
-0.147701, -0.00761926, 0.989003

275
0.0374746, -0.0216521, -0.0133766
-0.943439, -0.31399, -0.106456
-0.183241, 0.226223, 0.956685
-0.276307, 0.922081, -0.270964

276
-0.00788151, -0.0138669, 0.00774986
-0.00392925, 0.999982, -0.00449787
-0.33155, -0.00554623, -0.943421
-0.943429, -0.00221567, 0.331566

277
-0.00701609, -0.0253739, 0.02102
0.0123627, -0.99992, -0.00254972
0.656897, 0.0100441, -0.753913
0.753879, 0.00764549, 0.656969

278
0.0351586, 0.0241047, 0.0263312
-0.978371, 0.158257, -0.133212
0.0416295, -0.480167, -0.876189
-0.202627, -0.862783, 0.463193

279
0.0438329, 0.0840497, 0.0338382
-0.978371, 0.158257, -0.133212
-0.202627, -0.862783, 0.463193
-0.0416295, 0.480167, 0.876189

280
-0.0123614, -0.0179818, 0.0118277
0.999912, 0.0130673, 0.00227188
-0.00248903, 0.353121, -0.935575
-0.0130277, 0.935487, 0.353122

281
-0.0709859, -0.0261579, 0.0183281
0.0123627, -0.99992, -0.00254972
0.753879, 0.00764549, 0.656969
-0.656897, -0.0100441, 0.753913

282
0.0189647, -0.0198092, 0.0323974
-0.00976804, 0.999944, -0.00395201
-0.884464, -0.0104836, -0.46649
-0.466506, -0.00106128, 0.884518

283
-0.00885912, -0.029123, 0.04117
-0.685855, 0.727731, 0.00329543
-0.727732, -0.685823, -0.00720286
-0.00298167, -0.00733831, 0.999969

284
-0.0425289, 0.0355433, 0.0396781
-0.23185, -0.971898, -0.0407392
0.946699, -0.215815, -0.239135
0.223623, -0.0940112, 0.970131

285
0.0210373, -0.0113525, -0.0129176
-0.0103553, 0.999919, -0.00738302
0.26185, -0.00441416, -0.965098
-0.965053, -0.0119272, -0.261783

286
0.00454106, -0.0715139, -0.0169667
-0.235493, 0.894682, -0.379588
0.265253, -0.316576, -0.910725
-0.934978, -0.315156, -0.162766

287
-0.00616312, -0.0230602, -0.0282353
0.99993, 0.011481, 0.00268278
0.00754325, -0.448081, -0.893961
-0.0090615, 0.893919, -0.448136

288
-0.0383166, 0.0275068, -0.02491
-0.0746153, -0.996772, 0.0296195
-0.681645, 0.0293011, -0.731096
0.727868, -0.0747409, -0.681632

289
0.00198502, -0.0189966, -0.0142896
0.0151133, -0.999885, -0.00153035
-0.109233, -0.000129695, -0.994016
0.993901, 0.01519, -0.109223

290
0.0198464, -0.043485, -0.00905749
0.127828, 0.980427, -0.149742
0.347649, -0.185694, -0.919053
-0.928871, 0.065423, -0.364581

291
-0.0117963, 0.0737521, 0.0105159
0.999998, 0.00214701, 0.000484439
-0.000435137, 0.408609, -0.912709
-0.00215754, 0.912707, 0.408609

292
0.00878299, -0.0249167, 0.0305247
-0.999791, -0.0202077, 0.00295623
0.0177281, -0.786869, 0.616865
-0.0101393, 0.616789, 0.787063

293
0.000698846, 0.0205113, 0.0113202
0.999967, 0.00814271, -0.000760399
-8.21403e-05, 0.102975, 0.994684
0.00817772, -0.994651, 0.102972

294
-0.0423839, -0.0605774, 0.00997241
-0.685855, 0.727731, 0.00329543
-0.275736, -0.255674, -0.926607
-0.673478, -0.636426, 0.376017

295
-0.0435792, -0.0722831, 0.018067
-0.986963, 0.158366, 0.0287227
-0.123329, -0.629463, -0.767181
-0.103415, -0.760721, 0.640788

296
