0
0.00720102, -0.0244351, -0.00906811
0.205066, -0.978683, 0.011297
-0.0514592, -0.0223072, -0.998426
0.977395, 0.204161, -0.0549367

1
-0.022065, -0.0125852, -0.011117
-0.999482, -0.0319615, -0.00372203
0.00256981, 0.036016, -0.999348
0.0320747, -0.99884, -0.0359152

2
-0.0370323, 0.0334135, -0.0259832
-0.26009, -0.965434, 0.01705
-0.672666, 0.168493, -0.720507
0.692729, -0.198866, -0.693238

3
-0.0106231, -0.025364, -0.0144381
0.00567926, 0.999982, -0.00211405
0.0423231, -0.00235256, -0.999101
-0.999088, 0.00558469, -0.0423357

4
-0.0433535, -0.0140377, -0.00935719
0.112111, 0.993692, -0.00268133
0.000413115, -0.00274495, -0.999996
-0.993696, 0.11211, -0.000718248

5
-0.0434044, 0.0106016, 0.0366132
0.00360764, -0.999984, 0.0042463
0.978695, 0.00265906, -0.2053
0.205285, 0.00489648, 0.97869

6
0.0219389, -0.0791446, 0.00768876
-0.9995, -0.0299229, 0.0101921
0.00229571, -0.390282, -0.920693
0.0315276, -0.920209, 0.390155

7
-0.0814688, -0.0417815, 0.0108686
0.188626, -0.982046, 0.00238274
0.660585, 0.128676, 0.739642
-0.726669, -0.137942, 0.672996

8
0.00190539, -0.0261304, -0.0123292
0.0510613, -0.998689, 0.0036239
-0.119818, -0.00972844, -0.992748
0.991482, 0.0502568, -0.120158

9
0.0123355, -0.0459543, 0.0340546
0.999948, 0.00942778, -0.00388927
-0.0101982, 0.92747, -0.373758
8.34773e-05, 0.373778, 0.927518

10
-0.0797113, 0.00281521, 0.000341162
-0.031483, 0.999498, -0.00359136
0.00685513, -0.00337713, -0.999971
-0.999481, -0.0315067, -0.00674536

11
-0.0622101, -0.0261272, -0.00956456
-0.30966, 0.950838, -0.00430243
0.00595878, -0.00258419, -0.999979
-0.950829, -0.309679, -0.00486561

12
0.0403671, -0.0104874, 0.0356889
-0.00511188, 0.999976, -0.00473193
-0.960195, -0.00623, -0.279262
-0.279284, 0.00311602, 0.960203

13
-0.0136612, -0.0110952, -0.0100634
-0.00897487, 0.99995, -0.0044211
0.0148825, -0.00428722, -0.99988
-0.999849, -0.00903959, -0.0148433

14
-0.0287325, -0.0446108, 0.0364807
-0.998173, 0.0601399, -0.00589957
-0.0574542, -0.914256, 0.401043
0.0187249, 0.400649, 0.91604

15
0.00508972, 0.0252723, -0.0161403
-0.0615809, -0.998095, 0.00377436
-0.0764686, 0.000947504, -0.997072
0.995168, -0.0616892, -0.0763813

16
0.00324425, -0.0225363, 0.0406785
0.380902, 0.924615, -0.00131367
-0.924614, 0.380898, -0.00242394
-0.00174084, 0.00213792, 0.999996

17
0.00828831, 0.004495, -0.0143896
0.00290827, -0.99999, 0.00341949
-0.0413563, -0.00353685, -0.999138
0.99914, 0.00276434, -0.0413662

18
-0.0269966, -0.00625035, -0.0119774
-0.998569, -0.0533246, -0.00407287
-0.00199139, 0.113179, -0.993573
0.0534428, -0.992143, -0.113123

19
0.0228889, -0.0156218, -0.00955905
-0.999462, 0.028769, 0.0157552
-0.0156117, 0.00520734, -0.999865
-0.0288471, -0.999573, -0.0047554

20
-0.00520839, 0.0422101, 0.0368652
0.999782, 0.0208266, -0.00133066
-0.0187286, 0.923541, 0.383041
0.00920635, -0.382933, 0.92373

21
-0.0499191, -0.0239952, -0.0094382
-0.327028, 0.945004, -0.00452225
0.0036887, -0.00350886, -0.999987
-0.945007, -0.32704, -0.00233834

22
0.0591916, -0.000909246, -0.00942122
0.0746874, -0.997198, 0.00423011
-0.00167734, -0.00436758, -0.999989
0.997206, 0.0746795, -0.00199884

23
-0.00471334, 0.00186119, -0.022476
0.0108168, -0.999938, 0.00247705
-0.203056, -0.00462212, -0.979156
0.979107, 0.0100883, -0.203094

24
-0.053921, -0.0267459, -0.00950863
-0.262036, 0.965048, -0.00437476
0.0047625, -0.00323999, -0.999983
-0.965046, -0.262053, -0.00374704

25
0.0212165, -0.0451291, 0.0367134
-0.9995, -0.0299229, 0.0101921
0.0315276, -0.920209, 0.390155
-0.00229571, 0.390282, 0.920693

26
-0.0428994, -0.00359832, -0.00944248
0.380902, 0.924615, -0.00131367
0.00174084, -0.00213792, -0.999996
-0.924614, 0.380898, -0.00242394

27
-0.00750698, -0.0170801, -0.0163157
-0.00847775, 0.999958, -0.00359798
0.0799166, -0.00290907, -0.996797
-0.996765, -0.00873814, -0.0798886

28
0.0188013, -0.0723849, 0.0361193
0.999794, 0.019031, -0.00709804
-0.0149377, 0.925712, 0.377935
0.0137632, -0.377751, 0.925805

29
-0.028792, -0.0434773, 0.0372537
-0.99825, 0.0589805, -0.0042145
-0.0564715, -0.929796, 0.363717
0.0175336, 0.363318, 0.9315

30
-0.0232127, -0.039523, -0.00606823
-0.997579, -0.0691561, -0.00728721
0.00761969, -0.00454512, -0.999961
0.0691202, -0.997595, 0.00506107

31
-0.0478698, -0.0260175, -0.00939803
-0.427473, 0.904015, -0.00483474
0.00345446, -0.00371452, -0.999987
-0.904021, -0.427485, -0.00153503

32
-0.0246006, -0.0239512, 0.00739047
0.0291069, -0.999575, 0.00149542
0.394028, 0.0128487, 0.919008
-0.918637, -0.0261602, 0.394235

33
-0.0297568, -0.0185582, -0.00945318
-0.998302, -0.0582359, -0.00121984
0.00106414, 0.00270454, -0.999996
0.058239, -0.998299, -0.00263798

34
-0.0842602, -0.0462011, 0.00478619
0.249333, -0.968385, 0.0079385
0.535855, 0.144787, 0.831803
-0.806655, -0.203142, 0.555014

35
-0.0233634, -0.0748406, -0.0154851
-0.0733751, -0.857346, 0.509484
-0.527941, -0.400019, -0.749175
0.846105, -0.323948, -0.423277

36
-0.00353598, 0.0119599, -0.0164921
-0.510098, 0.860099, 0.00544183
0.0689829, 0.0472165, -0.9965
-0.857346, -0.507937, -0.0834172

37
-0.0464616, 0.00164091, 0.0368415
0.00280115, -0.999984, 0.00498941
0.92327, 0.000669539, -0.384152
0.384142, 0.00568264, 0.923256

38
-0.0117506, -0.0409373, 0.0428975
0.999979, 0.00604766, -0.00242961
-0.00630807, 0.804355, -0.594115
-0.00163873, 0.594118, 0.804376

39
0.0422286, 0.0106031, 0.0360066
-0.0147869, 0.999815, -0.0123173
-0.90645, -0.0186037, -0.421902
-0.422053, 0.00492642, 0.906558

40
-0.0205111, -0.044888, 0.0366103
0.99999, -0.00419709, -0.00162558
0.0032133, 0.918626, -0.395114
0.00315163, 0.395105, 0.918631

41
0.0423208, 0.00458524, 0.0360495
-0.0144795, 0.999826, -0.0117399
-0.907311, -0.0180721, -0.420071
-0.420211, 0.0045693, 0.907415

42
0.00923971, -0.0428975, 0.0421083
0.999953, 0.00862144, -0.00440007
-0.00950446, 0.788546, -0.614902
-0.00183168, 0.614915, 0.788591

43
0.018239, 0.0264096, 0.0234375
-0.999697, 0.0188351, 0.0158281
-0.0245333, -0.714929, -0.698766
-0.00184534, -0.698943, 0.715175

44
0.0405139, -0.00443908, 0.0377652
-0.0109383, 0.999906, -0.00824174
-0.941675, -0.013073, -0.336271
-0.336347, 0.00408281, 0.941729

45
0.01214, -0.0296306, 0.0233729
0.999948, 0.00942778, -0.00388927
-0.00945382, 0.713832, -0.700253
-0.00382554, 0.700253, 0.713884

46
-0.0252769, -0.0175457, 0.010263
0.933422, -0.358736, 0.00570646
0.135615, 0.367503, 0.920081
-0.332163, -0.85805, 0.391686

47
-0.000906553, -0.0269086, -0.0178433
0.0355953, 0.999364, -0.00224442
0.170255, -0.00827712, -0.985365
-0.984757, 0.0346923, -0.170441

48
-0.00426586, -0.0107821, -0.018654
-0.0022548, 0.999988, -0.00426578
0.126665, -0.00394583, -0.991938
-0.991943, -0.00277695, -0.126654

49
0.038113, -0.0401205, 0.0349944
-0.871802, -0.48622, -0.0595901
0.445192, -0.837176, 0.317713
-0.204366, 0.250454, 0.946313

50
-0.0828919, 0.0163216, 0.0117994
0.00556829, -0.999979, 0.00335005
0.724809, 0.006344, 0.688921
-0.688928, -0.00140797, 0.724829

51
0.0100045, 0.0153509, -0.0126883
0.999907, -0.0134791, -0.00210802
-0.00220671, -0.00731084, -0.999971
0.0134633, 0.999882, -0.0073399

52
-0.0204616, -0.0288146, 0.0255537
0.99999, -0.00419709, -0.00162558
0.00176263, 0.6975, -0.716582
0.0041414, 0.716572, 0.697501

53
-0.0633279, -0.0220195, -0.00953611
-0.407505, 0.91319, -0.00494839
0.00594029, -0.00276787, -0.999979
-0.913184, -0.407526, -0.00429669

54
-0.0451196, -0.0248882, 0.0374917
0.0443667, -0.999015, -0.000520215
0.93533, 0.0417214, -0.351307
0.350983, 0.0150998, 0.93626

55
-0.00315295, -0.0254889, -0.0160437
0.249333, -0.968385, 0.0079385
-0.186372, -0.0560265, -0.980881
0.950315, 0.243086, -0.194449

56
-0.0485622, -0.0181034, -0.0124263
-0.209194, 0.977865, -0.00419973
0.00293182, -0.00366754, -0.999989
-0.97787, -0.209204, -0.0020997

57
-0.0442531, 0.0405759, 0.0347944
0.649858, -0.598607, -0.468353
0.694715, 0.717778, 0.0465431
0.308313, -0.355618, 0.882315

58
-0.0302576, 0.00163209, 0.0259772
0.00280115, -0.999984, 0.00498941
0.705985, -0.00155608, -0.708225
0.708221, 0.00550629, 0.705969

59
0.0385257, -0.0399303, 0.0373092
0.625616, 0.779074, -0.0405939
-0.736893, 0.573059, -0.358597
-0.256111, 0.254258, 0.932609

60
0.00927012, 0.0720254, -0.0098098
0.933422, -0.358736, 0.00570646
0.00182122, -0.0111673, -0.999936
0.358777, 0.933372, -0.0097705

61
-0.0119915, -0.0221189, -0.00937476
0.999979, 0.00604766, -0.00242961
-0.000900001, -0.24108, -0.970505
-0.00645501, 0.970486, -0.24107

62
0.0265595, 0.00422206, 0.0245581
-0.0144795, 0.999826, -0.0117399
-0.677439, -0.018445, -0.735348
-0.735437, -0.00269441, 0.677588

63
0.00906482, -0.0301497, 0.0273413
0.999953, 0.00862144, -0.00440007
-0.00808003, 0.493204, -0.869876
-0.00532945, 0.869871, 0.493251

64
0.0133786, 0.00360939, -0.0113634
-0.0144795, 0.999826, -0.0117399
0.041011, -0.0111374, -0.999097
-0.999054, -0.0149478, -0.0408426

65
0.0088572, -0.0254512, -0.010637
0.999953, 0.00862144, -0.00440007
-0.00194495, -0.266343, -0.963876
-0.00948193, 0.96384, -0.266314

66
0.0584602, -0.0104078, 0.0359237
-0.0022548, 0.999988, -0.00426578
-0.964908, -0.00105556, 0.262585
0.262577, 0.00470816, 0.964899

67
0.0179046, -0.0291089, 0.0258515
0.999794, 0.019031, -0.00709804
-0.018432, 0.703251, -0.710703
-0.0085337, 0.710687, 0.703456

68
-0.042682, 0.0302921, 0.0364451
-0.104684, -0.994504, 0.00187135
0.969927, -0.102512, -0.220755
0.219733, -0.0212944, 0.975328

69
0.0317372, -0.00923202, -0.00539264
-0.987999, -0.15126, -0.0312868
-0.028109, -0.0231017, 0.999338
-0.151883, 0.988224, 0.0185727

70
-0.0266564, -0.014744, -0.0103194
-0.998173, 0.0601399, -0.00589957
-0.00468719, 0.0202805, 0.999783
0.0602465, 0.997984, -0.0199616

71
0.0282954, -0.0219171, -0.0113495
-0.999045, -0.0432155, -0.00650932
-0.0158753, 0.22009, 0.97535
-0.0407176, 0.974522, -0.220565

72
0.0754514, 0.00142461, 0.000121615
6.44963e-05, -0.999976, 0.00687529
-0.0123578, -0.00687556, -0.9999
0.999924, -2.04734e-05, -0.0123579

73
-0.0047954, -0.0214899, -0.0198127
0.0240748, -0.999708, 0.00225134
-0.209716, -0.00725221, -0.977736
0.977466, 0.0230667, -0.209829

74
0.0661016, -0.0266819, 0.0225988
-0.0307924, -0.999524, 0.00181064
0.698031, -0.0228008, -0.715705
0.715405, -0.0207744, 0.698401

75
0.0133831, 0.00959166, -0.0114644
-0.0147869, 0.999815, -0.0123173
0.0430429, -0.0116708, -0.999005
-0.998964, -0.0153023, -0.0428624

76
-0.0214777, -0.0103055, 0.00753942
0.0596906, -0.998209, 0.00386893
0.396297, 0.0272546, 0.917718
-0.91618, -0.0532459, 0.397214

77
-0.0396009, 0.00453362, 0.0376356
0.00290827, -0.99999, 0.00341949
0.99914, 0.00276434, -0.0413662
0.0413563, 0.00353685, 0.999138

78
-0.0277678, -0.000690791, -0.01898
-0.95778, -0.286878, 0.0189353
-0.0732345, 0.179753, -0.980982
0.278019, -0.940951, -0.193174

79
0.000715009, 0.0400824, 0.0391472
0.999909, 0.0126507, -0.00471232
-0.0111064, 0.969317, 0.245562
0.00767427, -0.245487, 0.969369

80
-0.0048615, 0.00155384, 0.0370064
-0.00327225, 0.99999, -0.00292519
-0.926555, -0.00193162, 0.376153
0.376144, 0.00394122, 0.926553

81
0.0372151, -0.0255256, 0.0376338
0.00567926, 0.999982, -0.00211405
-0.999088, 0.00558469, -0.0423357
-0.0423231, 0.00235256, 0.999101

82
0.0230575, -0.0106185, 0.0266909
-0.00511188, 0.999976, -0.00473193
-0.780227, -0.00694822, -0.625458
-0.625476, 0.000494712, 0.780243

83
-0.0305281, -0.025665, -0.011232
-0.998839, 0.0472703, 0.00933004
0.0221041, 0.277493, 0.960473
0.0428129, 0.959564, -0.278215

84
-0.0129005, 0.0266506, -0.008332
-0.0942777, -0.995521, 0.00702563
0.0190356, -0.00885839, -0.99978
0.995364, -0.0941232, 0.0197855

85
0.0163616, 0.00987321, 0.00781387
-0.0147869, 0.999815, -0.0123173
-0.34252, -0.0166383, -0.939363
-0.939394, -0.00967132, 0.342703

86
-0.0445026, 0.029965, 0.0372411
-0.0942777, -0.995521, 0.00702563
0.926881, -0.0903484, -0.36432
0.363323, -0.0278353, 0.931247

87
0.0389016, 0.00475935, 0.040262
0.000570157, 0.999967, -0.00804492
-0.991697, -0.000469123, -0.128594
-0.128594, 0.00805145, 0.991665

88
0.0383355, -0.0164978, 0.0375186
-0.00847775, 0.999958, -0.00359798
-0.996765, -0.00873814, -0.0798886
-0.0799166, 0.00290907, 0.996797

89
0.0617664, -0.0222265, 0.0434682
-0.0123475, 0.999879, -0.00950023
-0.995747, -0.0131629, -0.0911842
-0.0912982, 0.00833393, 0.995789

90
0.0309492, 0.00170056, 0.0406737
6.44963e-05, -0.999976, 0.00687529
0.999924, -2.04734e-05, -0.0123579
0.0123578, 0.00687556, 0.9999

91
-0.00450293, -0.0214389, -0.000305948
0.0240748, -0.999708, 0.00225134
0.180308, 0.00212707, -0.983608
0.983316, 0.0240861, 0.180307

92
0.0275772, 0.0261675, 0.0248896
-0.997259, 0.0733508, 0.00973781
-0.0494077, -0.562135, -0.825569
-0.0550822, -0.823786, 0.564218

93
0.0266493, -0.0153147, -0.00801721
-0.990965, -0.131945, 0.0240581
0.0113428, 0.0962853, 0.995289
-0.13364, 0.98657, -0.0939187

94
-0.0709445, 0.0275837, -0.00973152
0.46455, 0.885547, 0.000516787
0.0075059, -0.00335397, -0.999966
-0.885515, 0.464538, -0.00820491

95
-0.0237992, 0.029618, -0.0109613
-0.0976156, -0.995219, 0.0031748
-0.271798, 0.0235901, -0.962065
0.957391, -0.0947754, -0.272801

96
0.0252429, 0.0231586, -0.0100198
-0.994799, 0.0951998, 0.0362227
-0.00430282, 0.316025, -0.948741
-0.101767, -0.943963, -0.313971

97
-0.00588975, -0.0315205, 0.0376781
-0.999682, 0.0248011, -0.00448035
-0.0248118, -0.999689, 0.00234408
-0.00442083, 0.0024545, 0.999987

98
-0.0430579, -0.0343386, 0.037723
0.188626, -0.982046, 0.00238274
0.92415, 0.176684, -0.338719
0.332216, 0.0660932, 0.940885

99
0.000379153, 0.0616807, 0.0258648
0.999909, 0.0126507, -0.00471232
-0.0132799, 0.858997, -0.511809
-0.00242689, 0.511825, 0.859086

100
-0.0254592, 0.0106338, 0.0289601
0.00360764, -0.999984, 0.0042463
0.825637, 0.000582851, -0.564201
0.56419, 0.00554134, 0.825627

101
-0.00901954, -0.0183451, -0.00866231
0.999974, 0.00667705, -0.00259683
-0.00144651, -0.166835, -0.985984
-0.0070167, 0.985962, -0.166821

102
0.0487121, 0.00476416, 0.0415551
0.000570157, 0.999967, -0.00804492
-0.965419, 0.00264774, 0.260688
0.260701, 0.00761809, 0.96539

103
-0.0523402, 0.0013863, 0.0328444
-0.00327225, 0.99999, -0.00292519
-0.921148, -0.00415272, -0.389191
-0.3892, 0.001421, 0.921152

104
0.0046322, -0.0108714, -0.00684879
-0.00511188, 0.999976, -0.00473193
-0.109426, -0.00526294, -0.993981
-0.993982, -0.00456332, 0.10945

105
0.0278984, -0.022814, 0.0256613
-0.0123475, 0.999879, -0.00950023
-0.639542, -0.0152005, -0.768606
-0.768657, -0.00341457, 0.639652

106
0.0653098, -0.0212156, -0.00964786
0.0285622, -0.999591, 0.00151651
-0.00648571, -0.00170242, -0.999978
0.999571, 0.0285517, -0.00653168

107
-0.0299988, -0.0148104, 0.00969095
-0.998302, -0.0582359, -0.00121984
0.0232702, -0.379534, -0.924885
0.0533985, -0.923343, 0.380245

108
-0.0147938, 0.0594926, 0.0371667
-0.999781, -0.0208982, 0.000486285
0.0207536, -0.989543, 0.142738
-0.00250178, 0.142717, 0.98976

109
-0.015669, 0.00149644, -0.00940104
0.00280115, -0.999984, 0.00498941
-0.00158138, -0.00499385, -0.999986
0.999995, 0.00279322, -0.00159534

110
0.0165439, -0.0233014, -0.0108805
-0.0123475, 0.999879, -0.00950023
0.0912982, -0.00833393, -0.995789
-0.995747, -0.0131629, -0.0911842

111
0.0454469, 0.00209092, 0.00690968
-0.209194, 0.977865, -0.00419973
-0.376923, -0.0766705, 0.923066
0.902312, 0.194683, 0.384619

112
-0.016482, -0.0659536, 0.00046073
-0.0733751, -0.857346, 0.509484
-0.163963, -0.493539, -0.854128
0.983734, -0.146208, -0.10436

113
0.0238558, -0.00917853, -0.00889079
-0.871802, -0.48622, -0.0595901
-0.0184418, -0.0889842, 0.995862
-0.489511, 0.869294, 0.0686098

114
-0.0118651, -0.0278079, 0.0284681
0.999979, 0.00604766, -0.00242961
-0.00520078, 0.515768, -0.856713
-0.00392799, 0.856707, 0.515788

115
0.0264908, 0.0102284, 0.0244835
-0.0147869, 0.999815, -0.0123173
-0.675938, -0.0190729, -0.736712
-0.73681, -0.00256792, 0.676095

116
-0.02046, -0.0146482, -0.00999593
0.99999, -0.00419709, -0.00162558
-0.00168205, -0.013486, -0.999908
0.00417478, 0.9999, -0.013493

117
-0.0295537, 0.0352402, 0.0242296
-0.201914, -0.974784, -0.0950106
0.49976, -0.019116, -0.865953
0.842301, -0.222331, 0.491018

118
-0.0308284, -0.0424643, 0.0417234
-0.998839, 0.0472703, 0.00933004
-0.0310951, -0.78033, 0.624595
0.0368053, 0.623579, 0.780893

119
0.0774892, 0.0263127, 0.00280404
0.0162453, -0.999749, 0.0154341
-0.0171884, -0.0157131, -0.999729
0.99972, 0.0159756, -0.0174393

120
-0.0303735, -0.0299067, 0.0268002
-0.998839, 0.0472703, 0.00933004
-0.0146433, -0.482297, 0.875885
0.0459033, 0.874731, 0.482429

121
0.0288189, -0.0418297, 0.0405137
-0.999045, -0.0432155, -0.00650932
0.031543, -0.816116, 0.577026
-0.0302488, 0.57627, 0.8167

122
0.0274306, 0.0264717, 0.0264629
-0.997015, 0.0752574, 0.0172644
-0.0509516, -0.473261, -0.879448
-0.0580144, -0.877702, 0.475683

123
0.0095737, -0.0884394, 0.028775
0.999953, 0.00862144, -0.00440007
-0.00532945, 0.869871, 0.493251
0.00808003, -0.493204, 0.869876

124
0.0836545, 0.00491013, 0.0127392
-0.0144795, 0.999826, -0.0117399
-0.735437, -0.00269441, 0.677588
0.677439, 0.018445, 0.735348

125
0.0698051, -0.0104531, 0.0193173
-0.0022548, 0.999988, -0.00426578
-0.790975, 0.000826525, 0.611848
0.611844, 0.00475372, 0.790964

126
0.0182898, -0.0452699, 0.0367729
0.999794, 0.019031, -0.00709804
-0.0202946, 0.921687, -0.387403
-0.000830499, 0.387467, 0.921883

127
0.00739588, -0.00516899, -0.00683575
-0.0109383, 0.999906, -0.00824174
-0.0496191, -0.00877485, -0.99873
-0.998708, -0.0105154, 0.0497105

128
-0.0494869, 0.00450634, 0.0380658
0.00290827, -0.99999, 0.00341949
0.938912, 0.00390742, 0.344136
-0.344146, 0.00220976, 0.938913

129
0.026637, 0.0183571, -0.0125614
-0.997259, 0.0733508, 0.00973781
0.00401244, 0.185016, -0.982727
-0.0738855, -0.979994, -0.184803

130
0.0500349, 0.001674, 0.0366316
6.44963e-05, -0.999976, 0.00687529
0.91908, -0.00265008, -0.394062
0.394071, 0.00634436, 0.919058

131
0.019831, -0.0146674, -0.00972742
-0.9995, -0.0299229, 0.0101921
0.00994413, 0.00842458, 0.999915
-0.0300062, 0.999517, -0.00812281

132
-0.0222094, 0.0145285, -0.0101965
-0.999574, -0.0290436, -0.00295349
0.000692368, 0.0775567, -0.996988
0.0291851, -0.996565, -0.0775035

133
0.0162233, -0.0233932, 0.0109731
0.625616, 0.779074, -0.0405939
-0.339964, 0.225427, -0.913021
-0.70216, 0.585001, 0.405888

134
-0.0703231, 0.0401662, 0.0360496
-0.244138, -0.969557, 0.0188493
0.896647, -0.21829, 0.385193
-0.369352, 0.110941, 0.922644

135
-0.0295691, 0.0376978, 0.0433574
-0.998569, -0.0533246, -0.00407287
0.0534428, -0.992143, -0.113123
0.00199139, -0.113179, 0.993573

136
-0.0052424, -0.0169912, 0.00306124
-0.00847775, 0.999958, -0.00359798
-0.307612, -0.00603157, -0.951493
-0.951474, -0.00695974, 0.30765

137
-0.0199727, -0.0268045, -0.00851578
0.0395658, -0.999185, 0.00798935
-0.223414, -0.0166394, -0.974582
0.97392, 0.0367752, -0.22389

138
0.0318976, 0.0195573, -0.0129683
-0.987291, 0.158019, -0.0169189
0.0561436, 0.24721, -0.967334
-0.148674, -0.95599, -0.25294

139
-0.0285586, -0.0241474, 0.0272063
0.0443667, -0.999015, -0.000520215
0.729817, 0.0327671, -0.682857
0.682201, 0.0299165, 0.730552

140
0.071218, -0.0013462, -0.00998718
0.0660015, -0.997811, 0.00420267
-0.0130117, -0.00507216, -0.999902
0.997735, 0.0659403, -0.013318

141
0.0174094, -0.00564933, -0.010599
-0.0181599, 0.99977, -0.0114282
0.205737, -0.00744891, -0.978579
-0.978439, -0.0201221, -0.205555

142
-0.0277782, -0.0270692, 0.026749
-0.99825, 0.0589805, -0.0042145
-0.0454631, -0.719984, 0.6925
0.0378096, 0.69148, 0.721406

143
0.0002056, -0.0014323, 0.0376781
-0.284291, 0.958726, -0.00475909
-0.958735, -0.2843, -0.00121088
-0.00251391, 0.00421846, 0.999988

144
-0.0255543, 0.00176332, 0.0290238
0.0108168, -0.999938, 0.00247705
0.826871, 0.00755158, -0.562341
0.562288, 0.00813091, 0.826902

145
-0.0270933, -0.00876711, 0.0193582
-0.997858, 0.0653306, -0.00350669
-0.0403397, -0.572179, 0.819136
0.0515082, 0.817522, 0.573589

146
-0.0293819, 0.0457878, 0.0288537
-0.997579, -0.0691561, -0.00728721
0.0434874, -0.702193, 0.710658
-0.0542633, 0.70862, 0.7035

147
0.0320899, 0.0248172, 0.0249364
-0.987291, 0.158019, -0.0169189
-0.0654292, -0.501183, -0.862864
-0.144828, -0.850791, 0.505153

148
0.0743913, -0.00461405, -0.00311173
0.0596906, -0.998209, 0.00386893
-0.0155236, -0.00480363, -0.999868
0.998096, 0.0596227, -0.0157825

149
-0.0156177, 0.00801334, 0.0370567
0.933422, -0.358736, 0.00570646
0.330769, 0.866597, 0.373632
-0.13898, -0.346869, 0.927559

150
0.0118618, -0.0146477, -0.0118393
0.999948, 0.00942778, -0.00388927
-0.00397979, 0.00960187, -0.999946
-0.00938993, 0.999909, 0.0096389

151
-0.0265175, -0.000930439, 0.00150159
-0.997858, 0.0653306, -0.00350669
-0.0175577, -0.215773, 0.976286
0.0630247, 0.974256, 0.216457

152
-0.00886564, -0.0268857, 0.0286405
0.999974, 0.00667705, -0.00259683
-0.00598439, 0.579211, -0.815156
-0.00393872, 0.815151, 0.579236

153
-0.0197796, -0.0235925, 0.0262642
0.0285622, -0.999591, 0.00151651
0.71139, 0.0213929, 0.702472
-0.702217, -0.0189853, 0.711709

154
-0.0387969, -0.0790716, 0.00133561
-0.990658, 0.136364, -0.00117038
-0.000834518, -0.0146444, -0.999892
-0.136366, -0.990551, 0.0146214

155
-0.0032038, -0.0253421, 0.00346469
0.249333, -0.968385, 0.0079385
0.191485, 0.0412632, -0.980628
0.949298, 0.246023, 0.195719

156
-0.00473393, 0.0104897, -0.0225863
0.00360764, -0.999984, 0.0042463
-0.205285, -0.00489648, -0.97869
0.978695, 0.00265906, -0.2053

157
0.0243831, 0.0160408, -0.0295963
-0.992612, 0.118375, 0.0266303
0.0238656, 0.405673, -0.913707
-0.118963, -0.90632, -0.405501

158
-0.0156856, 0.0166309, -0.00759082
0.00556829, -0.999979, 0.00335005
-0.025372, -0.0034903, -0.999672
0.999663, 0.00548147, -0.0253909

159
0.0268034, 0.00419032, -0.00752071
-0.968096, 0.249675, -0.0212887
-0.00346361, -0.0982822, -0.995153
-0.250557, -0.963329, 0.0960114

160
0.00648436, 0.058606, 0.0391548
0.999903, 0.0124299, -0.0062981
-0.013594, 0.969447, -0.244922
0.00306131, 0.244984, 0.969522

161
-0.0702609, 0.0288425, -0.0127326
0.489725, 0.871876, 0.000808478
0.00756888, -0.00332412, -0.999966
-0.871844, 0.489715, -0.00822703

162
0.00631064, -0.019506, 0.0406785
0.112111, 0.993692, -0.00268133
-0.993696, 0.11211, -0.000718248
-0.000413115, 0.00274495, 0.999996

163
0.0364615, -0.0615821, 0.0413182
-0.950965, 0.0698295, -0.301313
-0.0849796, -0.995679, 0.0374526
-0.297395, 0.0612215, 0.95279

164
0.0283304, -0.0284073, 0.0263644
-0.999045, -0.0432155, -0.00650932
0.0175662, -0.533464, 0.84564
-0.0400173, 0.844718, 0.533714

165
0.0351267, -0.0408015, 0.0401975
-0.987999, -0.15126, -0.0312868
0.129565, -0.921841, 0.365271
-0.0840924, 0.356834, 0.930375

166
-0.0143872, 0.0400154, 0.0361309
-0.999781, -0.0208982, 0.000486285
0.0201312, -0.968834, -0.246892
0.00563073, -0.246828, 0.969043

167
-0.0195052, 0.00139026, -0.0285289
0.00280115, -0.999984, 0.00498941
-0.384142, -0.00568264, -0.923256
0.92327, 0.000669539, -0.384152

168
0.0482594, -0.0754862, 0.0339284
-0.957761, -0.283831, -0.0461918
0.273519, -0.84956, -0.451038
0.0887757, -0.444621, 0.891309

169
0.0709913, -0.0443266, 0.014026
0.0177158, 0.977857, -0.208523
-0.639574, 0.171389, 0.74938
0.768525, 0.12009, 0.628449

170
0.00737716, 0.00669813, -0.00728402
-0.0136606, 0.999838, -0.011714
-0.0405842, -0.0122599, -0.999101
-0.999083, -0.0131729, 0.0407451

171
-0.0283162, 0.0293959, 0.0261263
-0.244138, -0.969557, 0.0188493
0.684368, -0.186032, -0.705005
0.687049, -0.159219, 0.708952

172
0.0101499, 0.00651909, 0.00103919
0.753662, -0.657249, 0.00409191
0.133173, 0.1588, 0.978288
-0.643629, -0.736754, 0.207209

173
-0.0226256, 0.000769094, 0.0247412
-0.999482, -0.0319615, -0.00372203
0.0244973, -0.680819, -0.732042
0.0208631, -0.731754, 0.68125

174
0.0173987, 0.0113688, -0.0117411
-0.999697, 0.0188351, 0.0158281
-0.0160428, -0.0113041, -0.999807
-0.0186525, -0.999759, 0.0116029

175
-0.0127463, -0.023427, -0.007635
0.0443667, -0.999015, -0.000520215
0.0336693, 0.0020157, -0.999431
0.998448, 0.044324, 0.0337256

176
-0.0267979, 0.0309464, -0.0095584
-0.26009, -0.965434, 0.01705
-0.356367, 0.079565, -0.930952
0.897416, -0.248208, -0.364742

177
-0.0316455, -0.0414447, 0.0393978
-0.994279, 0.106751, -0.00365646
-0.104836, -0.968732, 0.224873
0.0204634, 0.22397, 0.974381

178
-0.00634767, -0.0506581, 0.033917
-0.999682, 0.0248011, -0.00448035
-0.0212313, -0.924532, -0.380513
-0.0135794, -0.380297, 0.924765

179
-0.0045309, 0.0105733, -0.00307848
0.00360764, -0.999984, 0.0042463
0.184872, -0.00350618, -0.982756
0.982756, 0.00433045, 0.184856

180
0.030018, 0.0384905, 0.0400551
-0.993643, 0.111984, 0.0115359
-0.112402, -0.981177, -0.157028
-0.00626583, -0.157326, 0.987527

181
0.067216, 0.0358259, -0.0101495
0.209604, -0.9777, 0.013031
-0.0134665, -0.0162122, -0.999778
0.977694, 0.209382, -0.0165643

182
0.0240267, -0.003487, 0.00220778
-0.997491, -0.069446, 0.0137589
0.0253729, -0.169244, 0.985248
-0.0660929, 0.983125, 0.170581

183
-0.0307188, -0.0239296, 0.0101142
0.0285622, -0.999591, 0.00151651
0.388511, 0.0124991, 0.921359
-0.921001, -0.0257268, 0.388709

184
-0.0408453, 0.0283094, 0.0375323
-0.0615809, -0.998095, 0.00377436
0.995168, -0.0616892, -0.0763813
0.0764686, -0.000947504, 0.997072

185
-0.0292738, -0.040969, 0.039919
-0.997858, 0.0653306, -0.00350669
-0.0649463, -0.982667, 0.173628
0.00789731, 0.173484, 0.984805

186
-0.00455453, 0.00191124, -0.00296765
0.0108168, -0.999938, 0.00247705
0.187088, -0.000409652, -0.982343
0.982284, 0.0110892, 0.187072

187
-0.00517235, 0.0262312, -0.023359
-0.104684, -0.994504, 0.00187135
-0.219733, 0.0212944, -0.975328
0.969927, -0.102512, -0.220755

188
-0.000416231, -0.0268823, 0.00165952
0.0355953, 0.999364, -0.00224442
-0.219555, 0.0056291, -0.975584
-0.974951, 0.035219, 0.219616

189
0.0163701, 0.00587682, 0.0101239
-0.031483, 0.999498, -0.00359136
-0.388818, -0.00893703, 0.921271
0.920776, 0.0304008, 0.388904

190
-0.0140234, 0.022417, 0.0277186
-0.999781, -0.0208982, 0.000486285
0.0164441, -0.800629, -0.598935
0.012906, -0.598796, 0.800797

191
-0.0592728, 0.00134296, 0.0257836
-0.00327225, 0.99999, -0.00292519
-0.702089, -0.00438041, -0.712075
-0.712081, -0.000276345, 0.702097

192
-0.0783529, -0.0231993, 0.00771932
0.0240748, -0.999708, 0.00225134
0.567812, 0.0155274, 0.823012
-0.822806, -0.0185355, 0.56802

193
-0.033108, -0.0881121, 0.0289553
-0.998839, 0.0472703, 0.00933004
-0.0459033, -0.874731, -0.482429
-0.0146433, -0.482297, 0.875885

194
-0.0089486, -0.0225202, 0.0376778
-0.990771, 0.135421, -0.00587963
-0.135433, -0.990785, 0.00168062
-0.00559786, 0.0024614, 0.999981

195
-0.0356091, -0.0794655, 0.00716873
-0.994279, 0.106751, -0.00365646
-0.0204634, -0.22397, -0.974381
-0.104836, -0.968732, 0.224873

196
-0.013631, 0.00287964, -0.00518436
-0.999781, -0.0208982, 0.000486285
0.00250178, -0.142717, -0.98976
0.0207536, -0.989543, 0.142738

197
0.020622, -0.0290071, 0.0257439
-0.9995, -0.0299229, 0.0101921
0.0282492, -0.700808, 0.71279
-0.0141861, 0.712722, 0.701303

198
-0.0862123, 0.0358668, 0.0288742
-0.0976156, -0.995219, 0.0031748
0.869168, -0.0836971, 0.487383
-0.484787, 0.0503356, 0.873183

199
-0.0274246, -0.000548939, 0.000525544
-0.95778, -0.286878, 0.0189353
0.0387333, -0.194016, -0.980233
0.284882, -0.938114, 0.196936

200
-0.0242197, 0.0378203, -0.0135772
-0.201914, -0.974784, -0.0950106
-0.242213, 0.143694, -0.959523
0.94898, -0.170729, -0.265119

201
0.0211849, 0.0480481, -0.0123778
0.753818, -0.657055, 0.00607507
0.00383634, -0.00484442, -0.999981
0.657072, 0.753827, -0.00113112

202
0.0681786, 0.00222684, -0.00984138
0.0774516, -0.996986, 0.00452016
-0.0100207, -0.00531201, -0.999936
0.996946, 0.0774013, -0.010402

203
-0.0167955, -0.0270396, 0.0130297
0.102425, -0.994722, -0.00615898
0.384409, 0.0452909, -0.922051
0.917463, 0.0920733, 0.387019

204
0.00607062, 0.0764124, 0.00861166
0.999903, 0.0124299, -0.0062981
-0.0117771, 0.512273, -0.858742
-0.00744777, 0.858733, 0.51237

205
0.0596434, -0.075254, 0.00667323
-0.871802, -0.48622, -0.0595901
0.204366, -0.250454, -0.946313
0.445192, -0.837176, 0.317713

206
-0.0136621, 0.00391508, -0.0246659
-0.999781, -0.0208982, 0.000486285
-0.00563073, 0.246828, -0.969043
0.0201312, -0.968834, -0.246892

207
0.0158885, 0.0291228, 0.0376697
-0.997044, 0.0761796, 0.00994683
-0.0760136, -0.996976, 0.016124
0.0111451, 0.0153203, 0.999821

208
-0.020508, -0.0187119, -0.029077
0.99999, -0.00419709, -0.00162558
-0.00315163, -0.395105, -0.918631
0.0032133, 0.918626, -0.395114

209
0.0204157, 0.00471973, 0.0340271
0.000570157, 0.999967, -0.00804492
-0.866998, -0.00351457, -0.498299
-0.498311, 0.00725904, 0.866968

210
0.0237759, -0.00470476, 0.0277467
-0.0109383, 0.999906, -0.00824174
-0.741279, -0.0136403, -0.671058
-0.671107, -0.00123079, 0.741359

211
0.037395, -0.0399061, 0.0405684
-0.957761, -0.283831, -0.0461918
0.186689, -0.735889, 0.650857
-0.218725, 0.614742, 0.757794

212
0.0452618, 0.0262852, 0.0349417
0.0162453, -0.999749, 0.0154341
0.917043, 0.00874642, -0.398691
0.398456, 0.0206306, 0.916955

213
-0.0263366, -0.0267547, 0.0292197
0.0395658, -0.999185, 0.00798935
0.530688, 0.0142382, -0.847447
0.846643, 0.0377698, 0.530819

214
0.0102476, -0.00529687, -0.0261348
-0.0109383, 0.999906, -0.00824174
0.336347, -0.00408281, -0.941729
-0.941675, -0.013073, -0.336271

215
-0.0119841, -0.0304255, -0.0270271
0.999979, 0.00604766, -0.00242961
0.00163873, -0.594118, -0.804376
-0.00630807, 0.804355, -0.594115

216
-0.0046595, 0.0262139, -0.00385674
-0.104684, -0.994504, 0.00187135
0.168168, -0.0195562, -0.985564
0.980184, -0.102858, 0.169291

217
0.0500225, -0.0261666, 0.033635
-0.0307924, -0.999524, 0.00181064
0.91867, -0.0290152, -0.393959
0.393824, -0.0104675, 0.919126

218
-0.00488507, 0.0259964, 0.0260203
0.999782, 0.0208266, -0.00133066
-0.0137798, 0.706699, 0.70738
0.0156727, -0.707208, 0.706832

219
-0.00902051, -0.0252899, -0.0268934
0.999974, 0.00667705, -0.00259683
0.00134878, -0.531447, -0.847091
-0.00703614, 0.847066, -0.531442

220
0.000455121, -0.0108112, 0.025505
-0.00897487, 0.99995, -0.0044211
-0.696476, -0.00942348, -0.717518
-0.717524, -0.00336043, 0.696526

221
-0.0106219, -0.0282169, -0.00696499
0.188626, -0.982046, 0.00238274
0.0467289, 0.00655184, -0.998886
0.980937, 0.188527, 0.0471258

222
-0.0438224, -0.0299892, 0.0399613
0.102425, -0.994722, -0.00615898
0.920563, 0.0971312, -0.378325
0.376926, 0.0330801, 0.925652

223
0.000991185, 0.00288297, -0.00211668
0.999909, 0.0126507, -0.00471232
0.00283986, 0.144141, 0.989553
0.0131978, -0.989476, 0.144092

224
-0.0252781, -0.0218669, 0.0318293
0.0240748, -0.999708, 0.00225134
0.822806, 0.0185355, -0.56802
0.567812, 0.0155274, 0.823012

225
0.0185869, -0.0230918, 0.00852015
-0.0123475, 0.999879, -0.00950023
-0.296707, -0.0127368, -0.954884
-0.954889, -0.00897165, 0.296829

226
0.00632155, -0.0109547, -0.0262844
-0.00511188, 0.999976, -0.00473193
0.279284, -0.00311602, -0.960203
-0.960195, -0.00623, -0.279262

227
-0.00425356, 0.00433332, -0.015751
0.000570157, 0.999967, -0.00804492
0.128594, -0.00805145, -0.991665
-0.991697, -0.000469123, -0.128594

228
0.0269526, 0.0252754, 0.0251275
-0.992612, 0.118375, 0.0266303
-0.100775, -0.682086, -0.724295
-0.0675742, -0.721627, 0.688976

229
0.00011157, 0.0764044, 0.00861366
0.999909, 0.0126507, -0.00471232
-0.0113403, 0.597742, -0.801608
-0.00732417, 0.801588, 0.597831

230
0.0400894, 0.00767106, 0.0376108
-0.0136606, 0.999838, -0.011714
-0.938563, -0.0168618, -0.344696
-0.344838, 0.00628558, 0.938641

231
0.0163963, 0.00387938, 0.00790893
-0.0144795, 0.999826, -0.0117399
-0.344432, -0.0160099, -0.938675
-0.9387, -0.00954792, 0.344604

232
0.0089305, -0.0240234, 0.00881958
0.999953, 0.00862144, -0.00440007
-0.00542548, 0.122776, -0.99242
-0.00801586, 0.992397, 0.122817

233
-0.0476054, -0.0158582, -0.0123818
-0.284291, 0.958726, -0.00475909
0.00251391, -0.00421846, -0.999988
-0.958735, -0.2843, -0.00121088

234
-0.072631, -0.0297711, -0.00966127
-0.202534, 0.979267, -0.00393232
0.00745532, -0.00247352, -0.999969
-0.979247, -0.202557, -0.00679978

235
0.007011, -0.00211559, 0.00292483
0.999903, 0.0124299, -0.0062981
0.00306131, 0.244984, 0.969522
0.013594, -0.969447, 0.244922

236
-0.0069904, -0.0765975, 0.00379652
-0.999587, 0.0283784, -0.00448911
0.00441291, -0.00274718, -0.999986
-0.0283903, -0.999593, 0.00262081

237
0.0395045, 0.0572709, 0.0374363
-0.968096, 0.249675, -0.0212887
-0.250557, -0.963329, 0.0960114
0.00346361, 0.0982822, 0.995153

238
-0.00682944, -0.0766047, -0.00221592
-0.999682, 0.0248011, -0.00448035
0.00442083, -0.0024545, -0.999987
-0.0248118, -0.999689, 0.00234408

239
0.0250191, -0.00197799, 0.00232049
-0.993643, 0.111984, 0.0115359
-0.0372255, -0.23013, -0.972448
-0.106244, -0.966695, 0.232835

240
0.0264788, 0.022593, -0.0115965
-0.997015, 0.0752574, 0.0172644
0.00499412, 0.285983, -0.958222
-0.0770506, -0.955275, -0.285505

241
-0.0127201, -0.0234963, -0.00559651
0.0429487, -0.999077, -0.000380429
0.0144656, 0.00100259, -0.999895
0.998973, 0.0429387, 0.0144953

242
0.0171627, 0.0149577, -0.0309158
-0.999697, 0.0188351, 0.0158281
-0.00768363, 0.372147, -0.928142
-0.023372, -0.927982, -0.37189

243
0.0268854, 0.0258095, 0.0281212
-0.994799, 0.0951998, 0.0362227
-0.0750029, -0.444019, -0.892873
-0.0689178, -0.890946, 0.44885

244
0.0245005, 0.0149902, 0.0367755
-0.999462, 0.028769, 0.0157552
-0.0326256, -0.921492, -0.387025
0.003384, -0.387331, 0.921935

245
-0.0204437, -0.0181958, 0.00918783
0.99999, -0.00419709, -0.00162558
4.36094e-05, 0.370186, -0.928958
0.00450068, 0.928948, 0.370182

246
-0.00291412, -0.010696, 0.000807964
-0.0022548, 0.999988, -0.00426578
-0.262577, -0.00470816, -0.964899
-0.964908, -0.00105556, 0.262585

247
-0.0277044, -0.0286421, 0.0253207
-0.998173, 0.0601399, -0.00589957
-0.045915, -0.691341, 0.721069
0.0392863, 0.720022, 0.692839

248
0.0648259, -0.0104009, 0.0275511
-0.00511188, 0.999976, -0.00473193
-0.876444, -0.00220191, 0.481498
0.481476, 0.00660863, 0.876434

249
0.0450625, -0.0781965, 0.0103224
-0.950965, 0.0698295, -0.301313
0.242237, -0.437591, -0.86593
-0.192319, -0.896459, 0.399218

250
0.0287322, 0.0400588, 0.0385388
-0.997259, 0.0733508, 0.00973781
-0.0667258, -0.834594, -0.546809
-0.0319818, -0.54596, 0.837201

251
0.00942854, -0.060326, 0.0508725
0.999953, 0.00862144, -0.00440007
-0.00948193, 0.96384, -0.266314
0.00194495, 0.266343, 0.963876

252
-0.00887392, 0.00154821, 0.0406779
-0.569933, 0.821673, -0.00548516
-0.821681, -0.569947, -0.00119035
-0.00410433, 0.00382863, 0.999984

253
0.0612807, 0.00491365, 0.0406336
-0.0144795, 0.999826, -0.0117399
-0.999054, -0.0149478, -0.0408426
-0.041011, 0.0111374, 0.999097

254
0.0389981, -0.0104459, 0.0372756
-0.0022548, 0.999988, -0.00426578
-0.991943, -0.00277695, -0.126654
-0.126665, 0.00394583, 0.991938

255
0.0175844, -0.0183576, 0.00957545
0.999794, 0.019031, -0.00709804
-0.0137632, 0.377751, -0.925805
-0.0149377, 0.925712, 0.377935

256
-0.0416779, -0.0375058, 0.0379821
0.230763, -0.97157, 0.0529265
0.925667, 0.202449, -0.319617
0.299815, 0.122748, 0.946067

257
0.0195673, -0.016676, 0.0321962
-0.00847775, 0.999958, -0.00359798
-0.890308, -0.00918624, -0.455265
-0.455279, -0.000656315, 0.890349

258
-0.0222362, -0.00947275, 0.00814135
-0.999482, -0.0319615, -0.00372203
0.0146486, -0.348965, -0.937021
0.0286497, -0.936591, 0.349253

259
0.00446566, -0.0247854, 0.010245
0.205066, -0.978683, 0.011297
0.326491, 0.05752, -0.943449
0.922687, 0.197157, 0.331326

260
-0.0434498, -0.059763, 0.0458733
-0.965252, 0.258013, 0.0414489
-0.247324, -0.9532, 0.173899
0.0843773, 0.157605, 0.983891

261
-0.0351252, -0.0158073, 0.0259227
0.020385, 0.999787, -0.0032056
-0.704782, 0.0120958, -0.709321
-0.709131, 0.0167188, 0.704879

262
0.00786976, 0.0686866, 0.00936033
0.933422, -0.358736, 0.00570646
0.13898, 0.346869, -0.927559
0.330769, 0.866597, 0.373632

263
-0.0149666, -0.010514, 0.0406777
-0.30966, 0.950838, -0.00430243
-0.950829, -0.309679, -0.00486561
-0.00595878, 0.00258419, 0.999979

264
-0.00590683, -0.0134812, 0.0406779
-0.262036, 0.965048, -0.00437476
-0.965046, -0.262053, -0.00374704
-0.0047625, 0.00323999, 0.999983

265
-0.0281503, 0.0283422, 0.0267258
-0.0942777, -0.995521, 0.00702563
0.717289, -0.072819, -0.69296
0.690368, -0.0602913, 0.720941

266
-0.0833183, 0.00139568, 0.00838435
0.00280115, -0.999984, 0.00498941
0.708221, 0.00550629, 0.705969
-0.705985, 0.00155608, 0.708225

267
0.00634017, -0.0286364, 0.0406787
-0.395144, -0.918619, 0.000194794
0.918619, -0.395144, -0.000109493
0.000177554, 0.000135677, 1

268
0.0509008, -0.0215736, 0.0258023
0.0285622, -0.999591, 0.00151651
0.702217, 0.0189853, -0.711709
0.71139, 0.0213929, 0.702472

269
0.0779436, -0.0162758, 0.00588933
-0.00847775, 0.999958, -0.00359798
-0.455279, -0.000656315, 0.890349
0.890308, 0.00918624, 0.455265

270
0.00917562, -0.0534374, 0.0340118
0.999907, -0.0134791, -0.00210802
0.0132829, 0.926569, 0.375891
-0.00311345, -0.375884, 0.926661

271
0.0381059, -0.00468415, 0.0409501
-0.0181599, 0.99977, -0.0114282
-0.825227, -0.021441, -0.564394
-0.564509, -0.000818517, 0.825427

272
0.0414491, -0.0235098, 0.0260593
0.112111, 0.993692, -0.00268133
-0.702941, 0.0812145, 0.706596
0.702357, -0.0773325, 0.707612

273
-0.0274344, -0.00360816, -0.00106509
-0.994279, 0.106751, -0.00365646
-0.0212131, -0.163796, 0.986266
0.104686, 0.980701, 0.165124

274
0.0299401, -0.0692774, 0.0506491
-0.999045, -0.0432155, -0.00650932
0.0436934, -0.984566, -0.169475
0.000915079, -0.169597, 0.985513

275
0.0305464, 0.0545555, 0.0531158
-0.994799, 0.0951998, 0.0362227
-0.101767, -0.943963, -0.313971
0.00430282, -0.316025, 0.948741

276
-0.0207128, -0.0820807, 0.00859328
0.99999, -0.00419709, -0.00162558
0.0041414, 0.716572, 0.697501
-0.00176263, -0.6975, 0.716582

277
0.0193194, -0.0168821, 0.0369323
0.020385, 0.999787, -0.0032056
-0.92486, 0.020075, 0.379778
0.379761, -0.00477704, 0.925072

278
-0.00817175, -0.0319426, -0.00598345
0.230763, -0.97157, 0.0529265
0.0772441, -0.0359306, -0.996365
0.969939, 0.234012, 0.0667566

279
-0.0162454, -0.0236405, -0.0247838
0.0429487, -0.999077, -0.000380429
-0.368926, -0.0155057, -0.92933
0.928466, 0.0400539, -0.369251

280
0.0471006, -0.0255808, 0.0380735
0.00567926, 0.999982, -0.00211405
-0.939233, 0.00605986, 0.343226
0.343233, 3.63149e-05, 0.93925

281
-0.0376265, 0.0226674, 0.0406669
-0.0121748, -0.999905, 0.00646758
0.999709, -0.0123067, -0.0207656
0.0208432, 0.00621288, 0.999763

282
-0.0435159, 0.00158788, 0.0366365
0.0108168, -0.999938, 0.00247705
0.979107, 0.0100883, -0.203094
0.203056, 0.00462212, 0.979156

283
0.0464566, -0.0175219, 0.00995779
0.020385, 0.999787, -0.0032056
-0.385443, 0.0108173, 0.922668
0.922506, -0.017573, 0.385581

284
0.000424405, -0.0261355, 0.00712357
0.0510613, -0.998689, 0.0036239
0.268726, 0.0102445, -0.963162
0.961862, 0.0501542, 0.268897

285
0.0219557, -0.0225502, 0.0376747
0.0291069, -0.999575, 0.00149542
0.999498, 0.0290859, -0.0125363
0.0124874, 0.00185956, 0.99992

286
-0.0413501, -0.0348419, 0.0427227
0.249333, -0.968385, 0.0079385
0.950315, 0.243086, -0.194449
0.186372, 0.0560265, 0.980881

287
0.0190673, 0.0828047, 0.00864171
-0.999697, 0.0188351, 0.0158281
-0.00184534, -0.698943, 0.715175
0.0245333, 0.714929, 0.698766

288
-0.0353025, -0.0199832, -0.0120162
-0.965252, 0.258013, 0.0414489
0.0843773, 0.157605, 0.983891
0.247324, 0.9532, -0.173899

289
-0.0891603, 0.0470258, 0.0299871
-0.201914, -0.974784, -0.0950106
0.842301, -0.222331, 0.491018
-0.49976, 0.019116, 0.865953

290
0.0305952, 0.0217728, 0.0262572
-0.968096, 0.249675, -0.0212887
-0.17962, -0.750673, -0.635789
-0.174721, -0.611681, 0.771569

291
-0.0688704, -0.0325341, 0.034431
0.102425, -0.994722, -0.00615898
0.917463, 0.0920733, 0.387019
-0.384409, -0.0452909, 0.922051

292
0.00692015, 0.0207431, 0.0336158
0.999903, 0.0124299, -0.0062981
-0.00744777, 0.858733, 0.51237
0.0117771, -0.512273, 0.858742

293
-0.0282103, 0.0301719, 0.0270479
-0.0976156, -0.995219, 0.0031748
0.484787, -0.0503356, -0.873183
0.869168, -0.0836971, 0.487383

294
0.0113167, 0.0217414, -0.0103596
-0.0121748, -0.999905, 0.00646758
-0.0208432, -0.00621288, -0.999763
0.999709, -0.0123067, -0.0207656

295
0.0294359, -0.0796362, 0.0100173
