0
-0.0242722, 0.0405881, 0.0374247
0.999785, 0.0196755, 0.00651533
-0.0207148, 0.938163, 0.345573
0.000686895, -0.345634, 0.938369

1
0.0147527, 0.0423968, 0.0339685
0.99992, -0.0112514, -0.00574967
0.0125796, 0.929179, 0.369416
0.00118603, -0.369459, 0.929246

2
-0.0277508, -0.0613881, 0.0368176
-0.999379, 0.0351096, -0.00312428
-0.0341101, -0.985642, -0.165367
-0.00888539, -0.165157, 0.986227

3
-0.0184273, 0.0415761, 0.0366337
0.999986, 0.00350657, 0.00408515
-0.00481134, 0.922545, 0.38586
-0.00241569, -0.385874, 0.922548

4
0.00453705, -0.0244639, -0.0130768
0.032636, -0.999409, -0.0107888
-0.0719775, 0.00841634, -0.997371
0.996872, 0.0333268, -0.0716603

5
0.0231006, -0.0129669, -0.0113367
-0.997288, 0.0712075, 0.0186189
-0.0159334, 0.0380972, -0.999147
-0.0718561, -0.996734, -0.0368593

6
-0.04471, 0.00647713, 0.0350099
-0.0222692, -0.999752, -0.000951716
0.949844, -0.0208605, -0.312028
0.31193, -0.0078526, 0.950073

7
-0.00572788, -0.0282409, 0.0266477
0.999913, -0.00544845, -0.0119865
-0.00627819, 0.602915, -0.797781
0.0115735, 0.797787, 0.602829

8
0.00371545, -0.026156, -0.0135317
0.17991, -0.983681, -0.00204806
-0.0798088, -0.0125214, -0.996732
0.98044, 0.179485, -0.0807591

9
-0.0267224, -0.0448431, 0.0362019
-0.998858, 0.047089, -0.00813615
-0.0463364, -0.912774, 0.405828
0.0116836, 0.405742, 0.913913

10
-0.0143059, 0.00988453, -0.00975183
0.000275161, 0.999992, 0.00391873
0.00516238, 0.00391725, -0.999979
-0.999987, 0.000295385, -0.00516126

11
-0.0183925, -0.0354118, 0.0405054
-0.998452, 0.0556087, -0.00140246
-0.0555998, -0.998437, -0.00571856
-0.00171827, -0.00563173, 0.999983

12
0.0245586, -0.0128279, -0.00843778
-0.994635, 0.102122, 0.0164969
-0.0124265, 0.0403659, -0.999108
-0.102697, -0.993953, -0.0388803

13
-0.0181305, 0.0108704, -0.00966596
0.999986, 0.00350657, 0.00408515
-0.00407303, -0.00345832, 0.999986
0.00352065, -0.999988, -0.00344399

14
-0.0425883, -0.0379158, 0.0400818
0.27977, -0.959944, -0.0153781
0.83469, 0.251117, -0.490135
0.474364, 0.124289, 0.871511

15
-0.0064104, 0.0399879, 0.0382401
0.99998, -0.00632496, 0.000203543
0.0059777, 0.954658, 0.297645
-0.00207691, -0.297638, 0.954677

16
-0.000392583, 0.015963, 0.0108219
0.999998, -0.00136304, 0.00144789
-0.000997013, 0.286315, 0.958135
-0.00172053, -0.958135, 0.286313

17
0.0147797, 0.0412084, 0.0346485
0.999913, -0.0117879, -0.00599489
0.0131118, 0.942773, 0.333178
0.00172436, -0.333227, 0.942845

18
0.0040766, -0.0130813, -0.00800265
-0.999453, 0.0321135, 0.00786017
-0.00688336, 0.0304154, -0.999514
-0.0323369, -0.999021, -0.0301777

19
-0.0270643, -0.0419001, 0.0362281
-0.999379, 0.0351096, -0.00312428
-0.0349139, -0.973818, 0.224634
0.00484433, 0.224603, 0.974438

20
-0.0463452, 0.00938423, 0.0363463
-0.0235093, -0.999724, -0.000351672
0.91655, -0.0214129, -0.399346
0.399228, -0.00971066, 0.9168

21
0.0326709, -0.0213177, -0.0125046
-0.98355, -0.179517, 0.0200533
-0.0197662, -0.00338834, -0.999799
0.179549, -0.983749, -0.00021576

22
-0.0253912, 0.0253198, 0.00990556
-0.0511563, -0.998679, 0.00490287
0.0276995, -0.00632625, -0.999596
0.998306, -0.0509998, 0.0279866

23
-0.00491157, 0.0250047, -0.0150735
-0.0575768, 0.998341, -0.000748689
0.111453, 0.00568254, -0.993753
-0.9921, -0.0573006, -0.111596

24
0.0381877, -0.0205672, 0.0403813
0.0240074, 0.999657, 0.0104465
-0.99725, 0.0246798, -0.0698804
-0.0701143, -0.00874011, 0.997501

25
-0.0184398, 0.0374437, 0.0429301
0.999958, -0.0086926, -0.00303233
0.00881237, 0.808435, 0.588519
-0.00266432, -0.588521, 0.808478

26
-0.0286581, 0.0225356, 0.0286085
-0.998068, -0.0614813, -0.00899311
0.0526673, -0.760276, -0.647461
0.0329695, -0.646684, 0.762045

27
-0.0233365, 0.00791886, -0.00750224
0.999785, 0.0196755, 0.00651533
-0.00729262, 0.0396956, 0.999185
0.0194009, -0.999018, 0.0398305

28
-0.00662243, 0.00507526, -0.00497623
0.99998, -0.00632496, 0.000203543
0.000368757, 0.0903501, 0.99591
-0.00631748, -0.99589, 0.0903506

29
-0.0294278, -0.0447018, 0.0361341
-0.99754, 0.0691134, -0.0117324
-0.0678635, -0.910107, 0.408779
0.0175743, 0.408569, 0.912558

30
0.0365934, -0.0564343, -0.0131093
-0.786136, -0.618053, 0.000685052
-0.00814684, 0.0092541, -0.999924
0.618, -0.786082, -0.0123102

31
-0.0207414, -0.0287528, 0.026036
0.999936, -0.00995291, -0.00540264
0.00070197, 0.530623, -0.847608
0.0113029, 0.84755, 0.530596

32
-0.045825, -0.0639036, 0.0584577
-0.966321, 0.249954, -0.0612039
-0.25015, -0.968196, -0.00456969
-0.0603996, 0.0108944, 0.998115

33
0.0386648, 0.0362253, 0.0350698
-0.310232, 0.943928, 0.112943
-0.919718, -0.267944, -0.286924
-0.240573, -0.192889, 0.951272

34
-0.00312875, -0.0265551, -0.00987471
0.999896, -0.00768987, -0.0122267
-0.0139993, -0.307543, -0.951431
0.00355615, 0.951503, -0.307619

35
0.0155644, -0.0441632, 0.0371584
0.999843, -0.00333201, -0.0173832
-0.00313755, 0.933201, -0.359342
0.0174193, 0.35934, 0.933044

36
0.062427, -0.00199707, -0.010192
-0.297284, -0.954772, 0.00576025
-0.0150456, -0.00134772, -0.999886
0.954671, -0.297337, -0.0139645

37
0.0147635, 0.0337195, -0.010916
-0.257241, 0.962562, 0.0854432
0.122124, 0.120092, -0.985223
-0.958599, -0.243005, -0.148445

38
0.0141208, 0.00794331, -0.009844
0.999913, -0.0117879, -0.00599489
0.00661077, 0.0529219, 0.998577
-0.0114538, -0.998529, 0.0529952

39
0.0235903, 0.0413337, 0.0365316
-0.999161, 0.0384587, 0.0140861
-0.0409052, -0.919705, -0.390474
-0.002062, -0.390722, 0.920506

40
0.0176559, -0.00926413, -0.00583729
0.99983, 0.00209647, -0.0183342
-0.0184384, 0.0731033, -0.997154
-0.000750214, 0.997322, 0.0731296

41
-0.0115511, -0.00796448, -0.0228911
0.999848, -0.0168842, -0.0043234
-0.00868888, -0.267841, -0.963424
0.0151087, 0.963315, -0.267947

42
-0.0143045, 0.0064982, -0.00975571
-0.00745356, 0.999963, 0.00425168
0.00520712, 0.00429056, -0.999977
-0.999959, -0.00743125, -0.0052389

43
-0.00816906, -0.0188962, -0.0129878
0.0240074, 0.999657, 0.0104465
0.0701143, 0.00874011, -0.997501
-0.99725, 0.0246798, -0.0698804

44
-0.0181744, 0.0789963, 0.011334
0.999958, -0.0086926, -0.00303233
0.00266432, 0.588521, -0.808478
0.00881237, 0.808435, 0.588519

45
-0.000402636, 0.0401174, 0.0405041
0.999998, -0.00136304, 0.00144789
0.000511605, 0.879959, 0.47505
-0.00192159, -0.475048, 0.879958

46
0.0150045, 0.05922, 0.036731
0.999913, -0.0117879, -0.00599489
0.00805213, 0.902268, -0.4311
0.0104907, 0.431014, 0.902284

47
-0.0194498, -0.0544946, 0.03659
-0.998452, 0.0556087, -0.00140246
-0.05071, -0.92028, -0.38796
-0.0228646, -0.387288, 0.921675

48
-0.0303272, 0.00901147, 0.0252157
-0.0235093, -0.999724, -0.000351672
0.694004, -0.0160669, -0.719792
0.719587, -0.0171659, 0.69419

49
-0.0206609, -0.0280796, 0.0241142
0.999825, -0.0187314, -0.000210748
0.0135708, 0.732033, -0.681134
0.0129129, 0.681012, 0.732158

50
0.0117297, 0.0398852, 0.0401598
0.999929, -0.0108606, -0.00496304
0.0119188, 0.933008, 0.359657
0.000724481, -0.35969, 0.933071

51
0.014135, 0.010878, -0.0117782
0.99992, -0.0112514, -0.00574967
0.00590974, 0.0142455, 0.999881
-0.0111681, -0.999835, 0.0143109

52
0.0148669, 0.039334, 0.038909
0.999808, -0.0178147, -0.00819602
0.0193005, 0.967897, 0.250605
0.00346846, -0.250715, 0.968055

53
-0.000366958, 0.0141313, -0.00860094
0.999998, -0.00136304, 0.00144789
-0.00157954, -0.102142, 0.994769
-0.00120802, -0.994769, -0.102143

54
0.0145222, 0.0244375, 0.0246849
0.999913, -0.0117879, -0.00599489
0.0127736, 0.743488, 0.668627
-0.00342456, -0.668645, 0.743574

55
0.0366614, 0.0255353, -0.0125369
0.673287, -0.739343, -0.0075449
-0.0057173, 0.00499808, -0.999971
0.739359, 0.673311, -0.000861908

56
-0.0187703, 0.0336614, -0.00996409
-0.200898, -0.978661, -0.0431496
-0.236138, 0.0911287, -0.967437
0.950725, -0.184167, -0.249407

57
0.00878527, 0.0394895, 0.0389492
0.999846, -0.0164606, -0.00610194
0.0174589, 0.968721, 0.247538
0.00183645, -0.247606, 0.968859

58
-0.028833, -0.00662204, -0.00711551
-0.99586, 0.0906775, -0.00636936
-0.0160604, -0.10655, 0.994178
0.0894708, 0.990164, 0.107565

59
-0.00812672, 0.0253712, -0.0129155
-0.050105, 0.998744, 0.000241453
0.0683367, 0.0036695, -0.997656
-0.996403, -0.049971, -0.0684347

60
0.00553748, 0.0360588, 0.0448846
0.999942, -0.0100395, -0.00389471
0.0103068, 0.78751, 0.616215
-0.00311934, -0.61622, 0.787568

61
-0.0257763, -0.0186355, -0.010417
-0.999524, 0.0308488, -0.000381319
0.003894, 0.13841, 0.990367
0.0306045, 0.989894, -0.138464

62
-0.00995563, -0.00257049, -0.000119572
0.999907, -0.0135882, -0.000743274
0.00408294, 0.247451, 0.968892
-0.0129815, -0.968805, 0.247484

63
-0.000405112, 0.0250881, 0.0280653
0.999998, -0.00136304, 0.00144789
-0.000262701, 0.631183, 0.775634
-0.0019711, -0.775633, 0.631181

64
0.015024, 0.0605159, 0.0374351
0.999913, -0.0117879, -0.00599489
0.0114538, 0.998529, -0.0529952
0.00661077, 0.0529219, 0.998577

65
0.0185308, -0.0434242, 0.037968
0.99983, 0.00209647, -0.0183342
-0.00774918, 0.949381, -0.314031
0.0167478, 0.31412, 0.949236

66
0.0798664, 0.0146329, -0.00357366
0.0357442, -0.999355, -0.00352178
-0.0216625, 0.0027484, -0.999762
0.999126, 0.035812, -0.0215503

67
0.00535214, 0.0233358, 0.0300964
0.999942, -0.0100395, -0.00389471
0.00832848, 0.491747, 0.870698
-0.00682612, -0.87068, 0.491803

68
-0.0208821, -0.0224045, -0.0117018
0.999936, -0.00995291, -0.00540264
-0.00749601, -0.224101, -0.974537
0.00848875, 0.974515, -0.224161

69
-0.00962117, 0.0203661, 0.0305116
0.999907, -0.0135882, -0.000743274
0.0120664, 0.860023, 0.510112
-0.00629226, -0.510074, 0.860107

70
0.0031061, -0.00224275, 0.0405044
0.698414, -0.715656, -0.00737477
0.715646, 0.69845, -0.00433484
0.00825316, -0.00225021, 0.999963

71
0.00603761, 0.035349, 0.0434819
-0.999453, 0.0321135, 0.00786017
-0.0323369, -0.999021, -0.0301777
0.00688336, -0.0304154, 0.999514

72
-0.0660547, 0.022408, 0.0254602
0.00930479, 0.999939, -0.00588243
-0.6991, 0.00229905, -0.71502
-0.714964, 0.0107655, 0.699079

73
0.0248031, 0.0263852, -0.0112623
-0.0873423, 0.995933, -0.0221159
0.335991, 0.00855162, -0.941826
-0.937807, -0.0896921, -0.335371

74
-0.0569735, 0.0141164, -0.0062116
0.804905, 0.593212, 0.0150825
0.00879271, 0.0134914, -0.99987
-0.593338, 0.804933, 0.00564332

75
-0.0256011, -0.00384813, -0.00422542
-0.999379, 0.0351096, -0.00312428
-0.00888539, -0.165157, 0.986227
0.0341101, 0.985642, 0.165367

76
0.0148818, -0.0121463, -0.00824017
0.999843, -0.00333201, -0.0173832
-0.017294, 0.0251335, -0.999535
0.00376736, 0.999679, 0.025072

77
-0.0118721, -0.0427382, 0.0386774
0.999848, -0.0168842, -0.0043234
0.0151087, 0.963315, -0.267947
0.00868888, 0.267841, 0.963424

78
0.0246773, -0.00483002, 0.0261963
0.017131, 0.999818, 0.00839729
-0.713622, 0.018109, -0.700297
-0.700322, 0.00600434, 0.713802

79
-0.0104241, 0.00877681, -0.00624566
-0.0218338, -0.999761, -0.00109805
0.0649707, -0.000322907, -0.997887
0.997648, -0.021859, 0.0649622

80
-0.0288171, -0.07744, 0.00721918
-0.999212, 0.0394121, -0.00468707
-0.0122127, -0.417671, -0.908516
-0.0377642, -0.907743, 0.417824

81
-0.0277228, 0.00610787, 0.0254235
-0.0222692, -0.999752, -0.000951716
0.758171, -0.0162675, -0.651853
0.651676, -0.0152378, 0.758345

82
0.0256389, 0.0505836, 0.0351249
0.425122, 0.615193, 0.663935
-0.421338, 0.783703, -0.456382
-0.80109, -0.0857234, 0.592373

83
-0.0297903, 0.00105528, -0.0205941
-0.98017, -0.19781, 0.0117725
-0.055173, 0.215363, -0.974974
0.190324, -0.95629, -0.222006

84
-0.0114424, -0.00650597, -0.00343697
0.999848, -0.0168842, -0.0043234
-0.00224563, 0.121192, -0.992627
0.0172837, 0.992485, 0.121136

85
-0.0105983, 0.00644439, 0.00939797
-0.00745356, 0.999963, 0.00425168
-0.377857, 0.00112014, -0.925863
-0.925834, -0.0085075, 0.377835

86
-0.0208257, -0.0801162, 0.000248727
-0.998452, 0.0556087, -0.00140246
0.00171827, 0.00563173, -0.999983
-0.0555998, -0.998437, -0.00571856

87
-0.020479, 0.00879912, -0.029461
-0.0235093, -0.999724, -0.000351672
-0.399228, 0.00971066, -0.9168
0.91655, -0.0214129, -0.399346

88
0.0678402, -0.000752402, -0.0104342
-0.332365, -0.943123, 0.00723429
-0.0201438, -0.000570163, -0.999797
0.942936, -0.332443, -0.0188086

89
0.0138682, 0.00236153, -0.00254726
0.999808, -0.0178147, -0.00819602
0.0105904, 0.138768, 0.990268
-0.016504, -0.990165, 0.13893

90
-0.0114652, -0.0126023, 0.0150951
0.999848, -0.0168842, -0.0043234
0.00453949, 0.491775, -0.870711
0.0168274, 0.870559, 0.491777

91
0.000155467, 0.00645534, 0.0256755
-0.00745356, 0.999963, 0.00425168
-0.703396, -0.00222081, -0.710795
-0.71076, -0.00828857, 0.703386

92
-0.0311935, -0.0272754, -0.0111815
-0.994624, 0.101826, -0.0188447
0.0163255, 0.333887, 0.942472
0.10226, 0.937097, -0.333754

93
-0.0338782, 0.0397878, 0.0393708
0.99869, 0.0421309, -0.0290444
-0.0161163, 0.797657, 0.602897
0.0485681, -0.601639, 0.797291

94
-0.0139593, -0.0208043, -0.00601752
0.586248, -0.809701, 0.0263977
0.0717772, 0.0194573, -0.997231
0.806946, 0.586519, 0.0695249

95
-0.029782, 0.0232563, 0.0291196
-0.0370662, -0.999306, 0.00364205
0.411863, -0.0185972, -0.911056
0.910492, -0.0322694, 0.412266

96
0.0383031, 0.0396177, 0.03478
-0.942615, 0.331371, -0.0408634
-0.276052, -0.842338, -0.462885
-0.187807, -0.425042, 0.885476

97
0.0228155, 0.025223, 0.0255567
-0.999161, 0.0384587, 0.0140861
-0.0370024, -0.700174, -0.713013
-0.0175588, -0.712936, 0.701009

98
-0.0185982, 0.0242149, 0.0285922
0.999958, -0.0086926, -0.00303233
0.00712197, 0.52168, 0.853112
-0.00583386, -0.853097, 0.52172

99
0.00792209, 0.00238296, -0.00239019
0.999846, -0.0164606, -0.00610194
0.0083779, 0.141955, 0.989838
-0.0154272, -0.989736, 0.142071

100
-0.0462463, -0.0335215, 0.0362774
0.14766, -0.988584, -0.0299685
0.904009, 0.147195, -0.401375
0.401204, 0.0321752, 0.915423

101
0.0392543, -0.0580948, 0.0470337
-0.970303, -0.213482, -0.113739
0.173272, -0.941518, 0.288998
-0.168783, 0.260708, 0.950549

102
-0.0292751, -0.0157429, -0.00987825
-0.990011, 0.139593, -0.0198231
-0.0101312, 0.0698012, 0.997509
0.140629, 0.987746, -0.0676897

103
0.0068143, 0.023381, -0.00635449
-0.030009, 0.999546, -0.00279212
-0.0626739, -0.0046695, -0.998023
-0.997583, -0.0297747, 0.0627855

104
0.0384757, 0.0327923, -0.00971051
0.698414, -0.715656, -0.00737477
-0.00825316, 0.00225021, -0.999963
0.715646, 0.69845, -0.00433484

105
0.00970665, -0.0102598, -0.0072442
0.0172856, 0.999816, 0.00827266
0.01515, 0.00801103, -0.999853
-0.999736, 0.0174084, -0.0150088

106
0.0265225, 0.0358989, 0.02303
-0.217614, 0.965604, 0.142313
-0.491211, 0.0176472, -0.870862
-0.843419, -0.259417, 0.470475

107
-0.0283055, -0.0800987, 0.00398963
-0.999379, 0.0351096, -0.00312428
-0.00484433, -0.224603, -0.974438
-0.0349139, -0.973818, 0.224634

108
-0.0249425, -0.015202, -0.0107536
-0.998858, 0.047089, -0.00813615
-0.00693796, 0.025553, 0.999649
0.0472804, 0.998564, -0.0251971

109
0.0405096, -0.0383581, 0.0349423
0.30748, 0.951083, 0.0299591
-0.841788, 0.286556, -0.457469
-0.443676, 0.115444, 0.888721

110
0.00613813, -0.0153425, -0.00807409
0.999844, -0.0102554, -0.0144037
-0.015282, -0.0914641, -0.995691
0.00889376, 0.995756, -0.0916066

111
0.0114102, -0.0772513, -0.000454592
-0.998262, -0.0579351, 0.0108394
-0.0120523, 0.0206259, -0.999715
0.057695, -0.998107, -0.0212883

112
-0.0265411, -0.0427957, 0.0396058
-0.999524, 0.0308488, -0.000381319
-0.0267847, -0.861576, 0.506922
0.0153094, 0.50669, 0.861992

113
-0.00268588, -0.0296162, 0.0282684
0.999896, -0.00768987, -0.0122267
-0.00738442, 0.455348, -0.890283
0.0124136, 0.89028, 0.455244

114
-0.00884406, 0.0790899, 0.00237938
0.999907, -0.0135882, -0.000743274
0.00119568, 0.14213, -0.989847
0.0135559, 0.989755, 0.142134

115
-0.0875353, 0.0286306, 0.0358901
-0.0511563, -0.998679, 0.00490287
0.911715, -0.0446967, 0.408385
-0.407626, 0.0253615, 0.912797

116
-0.0253583, -0.00154682, 0.00512118
-0.938461, 0.34505, 0.0152188
-0.0662802, -0.223162, 0.972525
0.338966, 0.911668, 0.232299

117
0.0145075, 0.0260239, 0.0233633
0.99992, -0.0112514, -0.00574967
0.0120759, 0.717063, 0.696903
-0.00371825, -0.696917, 0.717142

118
-0.0392322, -0.068181, 0.0183146
-0.989987, 0.141133, 0.00268111
-0.113746, -0.786346, -0.607224
-0.083591, -0.601449, 0.794526

119
-0.0297913, 0.0395441, 0.0380968
-0.998068, -0.0614813, -0.00899311
0.0612751, -0.949879, -0.306554
0.010305, -0.306513, 0.951811

120
-0.0187646, 0.0182641, -0.00921024
0.999958, -0.0086926, -0.00303233
0.000910835, -0.234347, 0.972152
-0.00916116, -0.972114, -0.23433

121
0.0217644, 0.0109088, -0.00991816
-0.999161, 0.0384587, 0.0140861
-0.0137487, 0.00902433, -0.999865
-0.0385806, -0.999219, -0.008488

122
-0.0298423, 0.0294568, 0.0239039
-0.219092, -0.97544, 0.0227007
0.648183, -0.162898, -0.743857
0.729286, -0.148259, 0.667953

123
0.0177203, -0.0250659, -0.00854512
0.0214944, 0.999766, 0.00234132
0.281011, -0.0037941, -0.959697
-0.959464, 0.0212861, -0.281027

124
-0.0499569, 0.0223231, 0.0364808
0.00930479, 0.999939, -0.00588243
-0.919489, 0.00624383, -0.393067
-0.393006, 0.00906623, 0.919491

125
-0.0106186, -0.0155984, 0.0367815
0.698414, -0.715656, -0.00737477
0.664329, 0.644422, 0.378665
-0.266241, -0.269364, 0.925505

126
0.00663015, 0.0545802, 0.0402552
-0.999453, 0.0321135, 0.00786017
-0.0272413, -0.934615, 0.354617
0.0187342, 0.354209, 0.934979

127
-0.0326516, -0.022314, 0.0337589
-0.989987, 0.141133, 0.00268111
-0.120757, -0.856588, 0.501672
0.073099, 0.496325, 0.865054

128
-0.00247357, 0.0220243, 0.00386205
-0.0588883, -0.998259, 0.00339275
0.206563, -0.0155103, -0.97831
0.97666, -0.0569102, 0.207116

129
-0.0287067, -0.0313565, 0.0264034
0.125329, -0.991978, -0.0165176
0.710938, 0.101409, -0.695905
0.691997, 0.0754743, 0.717944

130
0.0111567, 0.00788801, -0.0052542
0.999929, -0.0108606, -0.00496304
0.00523048, 0.0247362, 0.99968
-0.0107343, -0.999635, 0.0247913

131
0.0202131, 0.00576371, 0.0220539
0.880329, -0.474355, 0.00286484
0.297342, 0.556505, 0.775816
-0.369606, -0.682121, 0.630953

132
-0.0127749, 0.0182467, -0.00913777
0.999956, -0.00897733, -0.00272872
0.000562934, -0.232895, 0.972502
-0.00936597, -0.97246, -0.23288

133
-0.00611934, -0.018608, -0.0103864
0.999913, -0.00544845, -0.0119865
-0.0126231, -0.137795, -0.99038
0.00374436, 0.990446, -0.137852

134
-0.0297208, 0.0256349, 0.0289255
-0.0511563, -0.998679, 0.00490287
0.407626, -0.0253615, -0.912797
0.911715, -0.0446967, 0.408385

135
0.0149889, 0.061582, 0.0375003
0.99992, -0.0112514, -0.00574967
0.0111681, 0.999835, -0.0143109
0.00590974, 0.0142455, 0.999881

136
-0.010461, 0.00575588, -0.00872871
-0.0222692, -0.999752, -0.000951716
0.0753035, -0.000728118, -0.99716
0.996912, -0.0222777, 0.075301

137
-0.0783752, -0.00298369, 0.00015442
-0.0180971, 0.999829, 0.00390705
0.00773772, 0.00404763, -0.999962
-0.999806, -0.0180662, -0.00780965

138
-0.0183261, 0.0253926, 0.0257393
0.999986, 0.00350657, 0.00408515
-0.00536954, 0.704653, 0.709532
-0.000390589, -0.709544, 0.704661

139
0.0391208, 0.0275856, 0.0401939
-0.0575768, 0.998341, -0.000748689
-0.9921, -0.0573006, -0.111596
-0.111453, -0.00568254, 0.993753

140
-0.00370593, -0.0693812, -0.00710096
-0.985092, -0.171968, -0.00462131
0.0024637, 0.0127579, -0.999916
0.172013, -0.98502, -0.012144

141
0.0365812, -0.0410719, 0.0378861
-0.970303, -0.213482, -0.113739
0.0954922, -0.770081, 0.630759
-0.222244, 0.601166, 0.767598

142
-0.0353327, -0.0772146, 0.00412983
-0.99586, 0.0906775, -0.00636936
-0.0194011, -0.28048, -0.959664
-0.0888063, -0.955567, 0.281078

143
-0.0287803, -0.077433, 0.0102375
-0.999251, 0.0384036, -0.00468827
-0.0118086, -0.418142, -0.908305
-0.0368425, -0.907569, 0.418283

144
0.0154381, -0.0276749, 0.0267315
0.999843, -0.00333201, -0.0173832
-0.0095648, 0.724652, -0.689049
0.0148926, 0.689107, 0.724506

145
-0.0272788, 0.00512621, -0.00544259
-0.998068, -0.0614813, -0.00899311
0.0139284, -0.0803223, -0.996672
0.0605544, -0.994871, 0.0810234

146
-0.0196203, -0.0240989, -0.00900197
-0.019202, -0.999812, 0.00260962
-0.110194, -0.000477874, -0.99391
0.993725, -0.0193726, -0.110164

147
-0.00308502, -0.0877907, 0.0322147
0.999896, -0.00768987, -0.0122267
0.0124136, 0.89028, 0.455244
0.00738442, -0.455348, 0.890283

148
-0.0346328, 0.021511, -0.0130885
0.99869, 0.0421309, -0.0290444
0.0387036, -0.250592, 0.967319
0.0334757, -0.967176, -0.251894

149
0.0204895, -0.0186912, -0.0109599
0.999888, 0.00188694, -0.0148237
-0.0143756, -0.149367, -0.988677
-0.00407974, 0.98878, -0.149323

150
0.0409973, -0.00519937, 0.0368792
0.017131, 0.999818, 0.00839729
-0.927302, 0.0190283, -0.37383
-0.373922, -0.00138272, 0.927459

151
-0.0272859, -0.018508, 0.00831752
-0.99754, 0.0691134, -0.0117324
-0.0355598, -0.354641, 0.934326
0.0604137, 0.932445, 0.356226

152
-0.00575514, -0.0025167, 0.0339322
-0.786136, -0.618053, 0.000685052
0.574075, -0.729786, 0.371281
-0.228972, 0.292271, 0.92852

153
-0.0304759, -0.0308275, 0.0251133
0.14766, -0.988584, -0.0299685
0.681661, 0.123677, -0.72114
0.716614, 0.0860551, 0.692141

154
0.0224433, -0.00799564, 0.0295371
0.0131817, 0.999888, 0.00710586
-0.780511, 0.014731, -0.624969
-0.625003, 0.00269192, 0.780617

155
-0.0678037, -0.00319573, -0.0128331
-0.141319, 0.989964, 0.000914467
0.00658955, 0.00186439, -0.999977
-0.989942, -0.14131, -0.00678689

156
0.0214529, -0.0704431, 0.0474383
0.999888, 0.00188694, -0.0148237
0.00173212, 0.970674, 0.240394
0.0148426, -0.240393, 0.970562

157
0.00567963, -0.00739824, -0.0234271
0.0131817, 0.999888, 0.00710586
0.278739, 0.00315031, -0.960362
-0.960276, 0.0146398, -0.278667

158
-0.0213298, -0.0639341, 0.0374737
0.999825, -0.0187314, -0.000210748
0.0187268, 0.999173, 0.0360794
-0.000465244, -0.036077, 0.999349

159
-0.0273314, 0.00910835, 0.0280836
-0.0218338, -0.999761, -0.00109805
0.751385, -0.015685, -0.659678
0.659503, -0.0152284, 0.751548

160
-0.0291745, -0.0779482, 0.00404374
-0.998952, 0.045471, -0.0052631
0.00464495, -0.0136893, -0.999896
-0.0455383, -0.998872, 0.0134637

161
0.070209, -0.0239443, -0.0108275
-0.136506, -0.990616, -0.00675393
-0.0255043, 0.0103298, -0.999621
0.990311, -0.136282, -0.026675

162
-0.0078211, -0.0283418, 0.0228908
0.17991, -0.983681, -0.00204806
0.636843, 0.118061, -0.761901
0.749709, 0.135769, 0.64769

163
-0.0056754, -0.0612405, 0.0460253
0.999913, -0.00544845, -0.0119865
0.00374436, 0.990446, -0.137852
0.0126231, 0.137795, 0.99038

164
-0.0296499, 0.0354096, 0.0238225
-0.263868, -0.960338, -0.090136
0.548921, -0.0726678, -0.83271
0.793133, -0.269203, 0.546324

165
0.0354353, 0.0096739, 0.0405052
0.000275161, 0.999992, 0.00391873
-0.999987, 0.000295385, -0.00516126
-0.00516238, -0.00391725, 0.999979

166
-0.0157711, 0.0108838, 0.00990424
-0.998452, 0.0556087, -0.00140246
-0.0228646, -0.387288, 0.921675
0.05071, 0.92028, 0.38796

167
-0.0203702, -0.0121716, -0.0106898
0.999825, -0.0187314, -0.000210748
0.000465244, 0.036077, -0.999349
0.0187268, 0.999173, 0.0360794

168
-0.0836567, 0.0102714, 0.00850102
-0.0235093, -0.999724, -0.000351672
0.719587, -0.0171659, 0.69419
-0.694004, 0.0160669, 0.719792

169
-0.025633, -0.0233932, -0.00927112
-0.999423, 0.0337061, -0.00430179
0.00585466, 0.29552, 0.955318
0.0334714, 0.954742, -0.295547

170
-0.0302771, -0.0237983, 0.0277514
-0.019202, -0.999812, 0.00260962
0.624751, -0.0140364, -0.780698
0.780588, -0.0133606, 0.624903

171
-0.0298689, -0.0800929, 0.00334451
-0.998434, 0.05564, -0.0057509
0.00594164, 0.00326337, -0.999977
-0.05562, -0.998446, -0.00358885

172
0.00515765, 0.0187007, -0.00788974
0.999942, -0.0100395, -0.00389471
0.00106233, -0.267946, 0.963433
-0.0107159, -0.963382, -0.26792

173
-0.0259162, -0.0269268, 0.0288327
-0.999423, 0.0337061, -0.00430179
-0.019528, -0.46614, 0.884496
0.0278077, 0.884069, 0.466529

174
-0.0263957, -0.0392108, 0.0439811
-0.999423, 0.0337061, -0.00430179
-0.028683, -0.768975, 0.638635
0.0182179, 0.638389, 0.769498

175
-0.0260869, -0.0282387, 0.0266256
-0.999524, 0.0308488, -0.000381319
-0.0188872, -0.60209, 0.798205
0.0243941, 0.797832, 0.602386

176
-0.0409772, -0.080169, 0.00505359
-0.989987, 0.141133, 0.00268111
-0.021323, -0.130742, -0.991187
-0.139539, -0.98132, 0.132442

177
0.0570466, 0.0740152, 0.00455092
0.880329, -0.474355, 0.00286484
0.0510988, 0.0888237, -0.994736
0.471604, 0.875841, 0.102433

178
-0.00341015, -0.0360611, -0.0269088
0.999896, -0.00768987, -0.0122267
-0.0142945, -0.648257, -0.761287
-0.00207185, 0.761382, -0.6483

179
-0.0133384, 0.0202357, -0.0087787
-0.0326743, -0.999466, -0.000748794
0.0143182, 0.00028103, -0.999897
0.999363, -0.0326817, 0.0143014

180
-0.0335958, -0.0407761, 0.0426567
-0.994624, 0.101826, -0.0188447
-0.0882286, -0.737992, 0.669017
0.0542161, 0.667083, 0.743008

181
0.0392639, 0.0393726, 0.0325309
0.493121, 0.75354, 0.434751
-0.839391, 0.543433, 0.0101743
-0.228591, -0.369943, 0.900493

182
-0.0164086, -0.0757689, 0.00163952
-0.999487, 0.032019, 0.00068556
-0.00172645, -0.0324922, -0.99947
-0.0319797, -0.998959, 0.0325308

183
-0.0527945, -0.00266289, 0.036549
-0.0180971, 0.999829, 0.00390705
-0.920739, -0.015142, -0.389884
-0.389758, -0.0106532, 0.920856

184
-0.0474832, -0.0216591, -0.01376
-0.931753, 0.310733, 0.187834
0.257022, 0.199044, 0.945685
0.256468, 0.929423, -0.265325

185
0.0183188, -0.0264542, 0.0283465
0.99983, 0.00209647, -0.0183342
-0.0135684, 0.756905, -0.653384
0.0125074, 0.653521, 0.756805

186
-0.0210579, -0.0304015, -0.0294956
0.999936, -0.00995291, -0.00540264
-0.0101739, -0.579973, -0.814572
0.00497398, 0.814575, -0.580037

187
-0.0218813, 0.0482025, 0.0350303
0.999852, 0.0155816, 0.00733438
-0.011553, 0.922713, -0.385315
-0.0127713, 0.385173, 0.922756

188
0.0119391, 0.072933, 0.0100301
0.999929, -0.0108606, -0.00496304
-0.000724481, 0.35969, -0.933071
0.0119188, 0.933008, 0.359657

189
-0.0204504, -0.0166647, 0.0082946
0.999825, -0.0187314, -0.000210748
0.00759628, 0.415698, -0.909471
0.0171233, 0.90931, 0.415767

190
-0.028723, -0.0756921, 0.00184084
-0.999212, 0.0394121, -0.00468707
0.00316871, -0.0384999, -0.999254
-0.0395632, -0.998481, 0.0383447

191
-0.0129781, 0.00885383, -0.0255866
-0.0218338, -0.999761, -0.00109805
-0.321758, 0.00806677, -0.946787
0.94657, -0.0203187, -0.321858

192
0.0354331, 0.00665524, 0.0405051
-0.00745356, 0.999963, 0.00425168
-0.999959, -0.00743125, -0.0052389
-0.00520712, -0.00429056, 0.999977

193
0.00579651, 0.0747449, 0.0116684
0.999942, -0.0100395, -0.00389471
0.00311934, 0.61622, -0.787568
0.0103068, 0.78751, 0.616215

194
0.0238154, 0.000785916, 0.00149764
-0.997602, -0.0660008, 0.0208273
0.0384281, -0.277958, 0.959824
-0.05756, 0.958323, 0.279828

195
-0.0346534, -0.0178621, -0.024383
-0.0213009, -0.999771, -0.00213912
-0.657603, 0.0156223, -0.753202
0.753063, -0.0146372, -0.657785

196
-0.0248176, 0.0778675, 0.00852925
0.999785, 0.0196755, 0.00651533
-0.000686895, 0.345634, -0.938369
-0.0207148, 0.938163, 0.345573

197
0.017306, -0.0116612, -0.0251953
0.99983, 0.00209647, -0.0183342
-0.0167478, -0.31412, -0.949236
-0.00774918, 0.949381, -0.314031

198
0.0386089, -0.00492192, 0.0429945
0.0146513, 0.999865, 0.00737411
-0.749634, 0.0158644, -0.661662
-0.66169, 0.0041663, 0.749766

199
-0.00617788, 0.0757598, 0.00749413
0.99998, -0.00632496, 0.000203543
0.00207691, 0.297638, -0.954677
0.0059777, 0.954658, 0.297645

200
0.0114989, 0.0234019, 0.0297268
0.999929, -0.0108606, -0.00496304
0.0112888, 0.72434, 0.689351
-0.00389181, -0.689358, 0.724411

201
0.0238118, -0.010798, 0.0283257
0.0172856, 0.999816, 0.00827266
-0.696207, 0.0179743, -0.717616
-0.717633, 0.00664496, 0.69639

202
0.00151095, -0.0265995, 0.00584729
0.17991, -0.983681, -0.00204806
0.301465, 0.0571179, -0.951765
0.93635, 0.170615, 0.306821

203
-0.0056518, -0.0428136, 0.0396182
0.999913, -0.00544845, -0.0119865
-0.0013713, 0.862321, -0.506361
0.0130951, 0.506333, 0.862238

204
-0.00260659, -0.0587531, 0.0530778
0.999896, -0.00768987, -0.0122267
0.00355615, 0.951503, -0.307619
0.0139993, 0.307543, 0.951431

205
-0.00936634, 0.0387632, 0.0369986
0.999907, -0.0135882, -0.000743274
0.0135559, 0.989755, 0.142134
-0.00119568, -0.14213, 0.989847

206
-0.00259183, -0.0417174, 0.0435706
0.999896, -0.00768987, -0.0122267
-0.00207185, 0.761382, -0.6483
0.0142945, 0.648257, 0.761287

207
0.0398645, -0.0111672, 0.0394062
0.0172856, 0.999816, 0.00827266
-0.917838, 0.019149, -0.396494
-0.396579, -0.000739314, 0.918

208
0.0255306, -0.0752235, 0.00294857
-0.998898, -0.0399902, 0.0245529
-0.0250847, 0.0128533, -0.999603
0.0396587, -0.999117, -0.0138422

209
-0.0443253, -0.039081, 0.0376881
0.264731, -0.963327, 0.043794
0.858282, 0.214673, -0.46612
0.439624, 0.160984, 0.883637

210
-0.0284799, 0.0207044, 0.0263636
-0.0326743, -0.999466, -0.000748794
0.716781, -0.0229107, -0.696922
0.696532, -0.0233082, 0.717147

211
-0.0331162, 0.0206235, 0.0312963
-0.98017, -0.19781, 0.0117725
0.154723, -0.801081, -0.578213
0.123807, -0.564926, 0.815801

212
0.060815, 0.0192343, 0.0416492
0.425122, 0.615193, 0.663935
-0.90135, 0.220712, 0.372631
0.0827017, -0.756852, 0.648333

213
-0.0207979, -0.0421316, 0.0402348
0.999936, -0.00995291, -0.00540264
0.00497398, 0.814575, -0.580037
0.0101739, 0.579973, 0.814572

214
-0.0266959, -0.0202467, 0.035932
-0.999212, 0.0394121, -0.00468707
-0.0377642, -0.907743, 0.417824
0.0122127, 0.417671, 0.908516

215
0.00581187, -0.0208824, -0.0267772
0.999844, -0.0102554, -0.0144037
-0.0175222, -0.465561, -0.884842
0.00236859, 0.884956, -0.465668

216
-0.0126178, 0.024254, 0.0286558
0.999956, -0.00897733, -0.00272872
0.0070208, 0.522951, 0.852334
-0.00622469, -0.852315, 0.522991

217
-0.0431718, 0.0378246, 0.0376763
-0.263868, -0.960338, -0.090136
0.810656, -0.170156, -0.560254
0.522696, -0.220903, 0.823402

218
0.0357575, 0.0190572, 0.0461252
0.00735239, 0.999972, 0.00145368
-0.752353, 0.00648936, -0.658728
-0.658719, 0.00374955, 0.75238

219
-0.0528055, -0.0149818, 0.0395395
-0.025615, 0.999643, 0.0076412
-0.920467, -0.0206029, -0.390277
-0.38998, -0.0170304, 0.920666

220
0.00923558, 0.0784553, 0.00762095
0.999846, -0.0164606, -0.00610194
-0.00183645, 0.247606, -0.968859
0.0174589, 0.968721, 0.247538

221
0.0442999, 0.0573528, 0.0402668
-0.942615, 0.331371, -0.0408634
-0.32691, -0.940875, -0.0887931
-0.0678708, -0.070339, 0.995212

222
0.0390298, -0.0240543, -0.0149437
-0.970303, -0.213482, -0.113739
-0.168783, 0.260708, 0.950549
-0.173272, 0.941518, -0.288998

223
0.0240729, 0.0511788, 0.0292983
0.493121, 0.75354, 0.434751
-0.688018, 0.643637, -0.335204
-0.532412, -0.13382, 0.835841

224
0.0382285, 0.0287585, 0.0425959
-0.0873423, 0.995933, -0.0221159
-0.737842, -0.0795921, -0.670264
-0.669298, -0.0422243, 0.741793

225
-0.0535661, 0.0762084, 0.00377908
0.929653, 0.368312, -0.00961307
-0.0393647, 0.0733503, -0.996529
-0.366328, 0.926804, 0.0826888

226
-0.0186723, -0.030152, -0.00945943
0.27977, -0.959944, -0.0153781
-0.118833, -0.0187298, -0.992738
0.952684, 0.279565, -0.119313

227
-0.029576, -0.0355862, 0.0254061
0.264731, -0.963327, 0.043794
0.624712, 0.136726, -0.768792
0.73461, 0.230882, 0.637998

228
0.0810752, 0.0186959, 0.0654857
0.00735239, 0.999972, 0.00145368
-0.947165, 0.00743027, -0.320662
-0.320664, 0.000980761, 0.947193

229
-0.0435264, -0.0411519, 0.0381144
-0.931753, 0.310733, 0.187834
-0.138587, -0.782504, 0.607026
0.335604, 0.539567, 0.772164

230
-0.0268354, -0.0152711, -0.0109158
-0.99754, 0.0691134, -0.0117324
-0.00973366, 0.029186, 0.999527
0.0694231, 0.997182, -0.0284415

231
0.0498116, 0.013428, 0.0332769
0.0357442, -0.999355, -0.00352178
0.914782, 0.0341378, -0.402502
0.402363, 0.0111655, 0.915412

232
0.0267837, -0.00463423, 0.0274805
0.0146513, 0.999865, 0.00737411
-0.439353, 0.0130624, -0.898219
-0.898195, 0.00992019, 0.439486

233
-0.027374, -0.0697475, 0.0425755
-0.999524, 0.0308488, -0.000381319
-0.029765, -0.96751, -0.251073
-0.00811424, -0.250942, 0.967968

234
0.0310758, 0.0191942, -0.0244302
0.00735239, 0.999972, 0.00145368
0.658719, -0.00374955, -0.75238
-0.752353, 0.00648936, -0.658728

235
-0.0337546, 0.0268152, 0.0248003
0.99869, 0.0421309, -0.0290444
0.00369666, 0.506702, 0.862114
0.0510385, -0.861091, 0.505882

236
-0.042182, -0.0398065, 0.0379026
0.586248, -0.809701, 0.0263977
0.772988, 0.549319, -0.317391
0.242491, 0.206475, 0.947927

237
-0.0128144, 0.00582674, -0.0280951
-0.0222692, -0.999752, -0.000951716
-0.31193, 0.0078526, -0.950073
0.949844, -0.0208605, -0.312028

238
-0.0258802, -0.0289222, 0.0249583
-0.998858, 0.047089, -0.00813615
-0.0383382, -0.688023, 0.724676
0.0285264, 0.72416, 0.689042

239
-0.0249369, -0.0181053, -0.00746758
-0.0213009, -0.999771, -0.00213912
-0.319361, 0.00883173, -0.947592
0.947394, -0.0195014, -0.319476

240
0.055471, -0.00524133, 0.0528013
0.0146513, 0.999865, 0.00737411
-0.945789, 0.0162512, -0.324374
-0.32445, -0.00222188, 0.9459

241
0.0216482, 0.0148845, -0.0290174
-0.999161, 0.0384587, 0.0140861
0.002062, 0.390722, -0.920506
-0.0409052, -0.919705, -0.390474

242
-0.00793616, -0.0772769, 0.00267801
-0.999329, 0.0365451, 0.00233112
-0.00165795, 0.0184398, -0.999829
-0.0365818, -0.999162, -0.0183669

243
0.021836, -0.0252435, 0.0295008
0.0214944, 0.999766, 0.00234132
-0.479738, 0.0123687, -0.877324
-0.877148, 0.0177344, 0.479892

244
-0.0217471, 0.0129987, 0.0375041
-0.106772, 0.994277, -0.00350556
-0.994245, -0.106798, -0.00848459
-0.00881042, 0.00257947, 0.999958

245
0.0609546, -0.00166814, -0.010156
-0.170734, -0.985313, 0.00296067
-0.013555, -0.000655734, -0.999908
0.985224, -0.170758, -0.0132439

246
0.0212794, -0.0423109, 0.03932
0.999888, 0.00188694, -0.0148237
-0.00927051, 0.856353, -0.516307
0.0117201, 0.516387, 0.856275

247
0.0244841, 0.0330323, 0.0260908
-0.257241, 0.962562, 0.0854432
-0.591477, -0.0869129, -0.801624
-0.764187, -0.256749, 0.591691

248
0.0238689, 0.0191671, 0.0306574
0.00735239, 0.999972, 0.00145368
-0.443003, 0.00456049, -0.896508
-0.89649, 0.0059475, 0.443024

249
0.0202299, -0.0253126, -0.0293091
0.999888, 0.00188694, -0.0148237
-0.0117201, -0.516387, -0.856275
-0.00927051, 0.856353, -0.516307

250
-0.00223836, 0.0219441, -0.0156454
-0.0588883, -0.998259, 0.00339275
-0.182913, 0.00744896, -0.983101
0.981364, -0.0585137, -0.183033

251
0.0380648, -0.0413459, 0.0423455
-0.467321, 0.493807, -0.733325
-0.771033, -0.633493, 0.0647692
-0.432573, 0.595686, 0.676786

252
0.0123712, 0.00690255, 0.0405016
-0.170734, -0.985313, 0.00296067
0.985224, -0.170758, -0.0132439
0.013555, 0.000655734, 0.999908

253
-0.0390318, 0.025843, -0.0258454
-0.0511563, -0.998679, 0.00490287
-0.686323, 0.031589, -0.726611
0.725496, -0.0405356, -0.687032

254
-0.0718329, -0.0369612, 0.0357716
0.125329, -0.991978, -0.0165176
0.911386, 0.108537, 0.396982
-0.392005, -0.0648074, 0.917678

255
-0.0783708, -0.0153586, 0.00313458
-0.025615, 0.999643, 0.0076412
0.00804675, 0.00784963, -0.999937
-0.999639, -0.0255519, -0.00824494

256
-0.0204326, -0.0152841, -0.0299488
0.999825, -0.0187314, -0.000210748
-0.00673662, -0.349036, -0.937085
0.0174794, 0.936922, -0.349101

257
-0.0734637, 0.0100221, 0.0360447
-0.0235093, -0.999724, -0.000351672
0.930396, -0.0220077, 0.365896
-0.365802, 0.00827476, 0.930656

258
0.0337358, 0.025118, 0.022553
-0.942615, 0.331371, -0.0408634
-0.183168, -0.615562, -0.766507
-0.279152, -0.715036, 0.640935

259
0.0266579, 0.0273963, 0.0269477
-0.0873423, 0.995933, -0.0221159
-0.425548, -0.0573749, -0.903115
-0.900711, -0.0694688, 0.428829

260
0.00656955, -0.0418522, 0.0407484
0.999844, -0.0102554, -0.0144037
0.00236859, 0.884956, -0.465668
0.0175222, 0.465561, 0.884842

261
-0.0154834, -0.0476287, 0.0361433
-0.999487, 0.032019, 0.00068556
-0.0302061, -0.935352, -0.352426
-0.0106431, -0.352266, 0.935839

262
-0.0137053, -0.0288765, -0.00871457
0.125329, -0.991978, -0.0165176
0.0133929, 0.018339, -0.999742
0.992025, 0.125076, 0.0155839

263
0.0180327, -0.0780529, 0.00684083
0.99983, 0.00209647, -0.0183342
0.0125074, 0.653521, 0.756805
0.0135684, -0.756905, 0.653384

264
-0.0855242, -0.0275404, -0.000518726
0.032636, -0.999409, -0.0107888
0.447985, 0.00497792, 0.894027
-0.893445, -0.0340107, 0.447883

265
-0.0281962, -0.0288427, 0.0248393
-0.99754, 0.0691134, -0.0117324
-0.0559723, -0.684476, 0.726883
0.0422068, 0.725752, 0.686661

266
0.0292042, -0.080742, 0.00125206
-0.997602, -0.0660008, 0.0208273
-0.0134757, -0.109934, -0.993847
0.0678843, -0.991745, 0.108781

267
-0.00628812, 0.0593873, 0.0403017
0.99998, -0.00632496, 0.000203543
0.00631748, 0.99589, -0.0903506
0.000368757, 0.0903501, 0.99591

268
-0.0253667, 0.0230233, 0.0101182
-0.0370662, -0.999306, 0.00364205
0.0320815, -0.00483262, -0.999474
0.998798, -0.0369299, 0.0322384

269
-0.0284227, -0.0335839, 0.0273864
0.27977, -0.959944, -0.0153781
0.589622, 0.184439, -0.786339
0.757677, 0.210927, 0.617604

270
-0.0606724, 0.0419212, 0.0452624
-0.263868, -0.960338, -0.090136
0.948975, -0.241739, -0.202505
0.172684, -0.138971, 0.975124

271
0.0439414, 0.0562246, 0.0393872
-0.942615, 0.331371, -0.0408634
-0.327998, -0.896173, 0.298817
0.0623985, 0.295072, 0.953435

272
-0.00031554, 0.0767185, 0.0148068
0.999998, -0.00136304, 0.00144789
0.00192159, 0.475048, -0.879958
0.000511605, 0.879959, 0.47505

273
-0.0266498, -0.0183853, 0.0394378
-0.998952, 0.045471, -0.0052631
-0.0438495, -0.917599, 0.395082
0.0131354, 0.394899, 0.918631

274
0.020562, 0.0265109, 0.0342764
-0.0575768, 0.998341, -0.000748689
-0.87393, -0.0507643, -0.483394
-0.48263, -0.027178, 0.875403

275
-0.0450204, 0.033138, 0.0355947
-0.219092, -0.97544, 0.0227007
0.877928, -0.207235, -0.43162
0.425723, -0.0746347, 0.90177

276
-0.0388595, 0.0233932, -0.0256907
-0.0370662, -0.999306, 0.00364205
-0.683572, 0.0226962, -0.729531
0.728942, -0.0295305, -0.683939

277
-0.0876624, 0.0254277, 0.0358379
-0.0370662, -0.999306, 0.00364205
0.910492, -0.0322694, 0.412266
-0.411863, 0.0185972, 0.911056

278
0.0185366, -0.0704098, 0.0351947
0.99983, 0.00209647, -0.0183342
0.00636296, 0.89343, 0.449157
0.017322, -0.449197, 0.893265

279
0.0231782, -0.000260533, 0.0293369
-0.998898, -0.0399902, 0.0245529
0.0457805, -0.715571, 0.697038
-0.0103054, 0.697394, 0.716614

280
0.00582896, -0.0843132, 0.0195713
0.999844, -0.0102554, -0.0144037
0.0170948, 0.76878, 0.639284
0.00451717, -0.639431, 0.768836

281
-0.00611821, -0.0862177, 0.0204397
0.999913, -0.00544845, -0.0119865
0.0115735, 0.797787, 0.602829
0.00627819, -0.602915, 0.797781

282
0.084874, -0.00552211, 0.0324528
0.0146513, 0.999865, 0.00737411
-0.898195, 0.00992019, 0.439486
0.439353, -0.0130624, 0.898219

283
0.0256277, -0.070727, 0.0142216
-0.998898, -0.0399902, 0.0245529
0.0103054, -0.697394, -0.716614
0.0457805, -0.715571, 0.697038

284
0.0219614, -0.0114197, 0.0374893
-0.0663438, -0.997788, -0.00409607
0.997475, -0.0662175, -0.0256864
0.0253584, -0.00578986, 0.999662

285
0.0236394, 0.0239822, 0.0280115
-0.030009, 0.999546, -0.00279212
-0.749715, -0.0243557, -0.661313
-0.66108, -0.017752, 0.750105

286
-0.000368627, 0.0671726, 0.0424854
0.999998, -0.00136304, 0.00144789
0.00172053, 0.958135, -0.286313
-0.000997013, 0.286315, 0.958135

287
0.0150385, 0.0781068, 0.00526413
0.999913, -0.0117879, -0.00599489
-0.00172436, 0.333227, -0.942845
0.0131118, 0.942773, 0.333178

288
-0.0312704, -0.0244533, 0.00812224
-0.994624, 0.101826, -0.0188447
-0.0240504, -0.0501406, 0.998453
0.100724, 0.993538, 0.05232

289
0.0210575, -0.0278907, 0.0261819
0.999888, 0.00188694, -0.0148237
-0.0130499, 0.593555, -0.804688
0.00728028, 0.804792, 0.593513

290
-0.00686759, -0.0501032, 0.0347574
-0.999329, 0.0365451, 0.00233112
-0.0344316, -0.916049, -0.399587
-0.0124675, -0.399399, 0.916692

291
0.00470756, 0.0324726, -0.02684
-0.310232, 0.943928, 0.112943
0.240573, 0.192889, -0.951272
-0.919718, -0.267944, -0.286924

292
0.0352802, 0.0278474, 0.0405045
-0.0251091, 0.999685, 0.000239477
-0.999651, -0.0251063, -0.00827259
-0.00826397, -0.000447111, 0.999966

293
-0.00287442, -0.0242919, 0.00950094
0.999896, -0.00768987, -0.0122267
-0.0115728, 0.0799914, -0.996728
0.00864275, 0.996766, 0.0798941

294
-0.0534702, -0.0781717, 0.00889453
-0.938461, 0.34505, 0.0152188
-0.0684818, -0.142706, -0.987393
-0.338528, -0.927672, 0.157553

295
-0.0272428, 0.00737581, -0.0248215
-0.998068, -0.0614813, -0.00899311
-0.010305, 0.306513, -0.951811
0.0612751, -0.949879, -0.306554

296
-0.0255109, -0.0240343, -0.0276003
-0.019202, -0.999812, 0.00260962
-0.482088, 0.00697209, -0.876095
