0
0.00136896, -0.0170664, -0.00713046
0.116753, -0.0158617, 0.993034
-0.993158, 0.000530464, 0.116776
-0.00237904, -0.999874, -0.0156913

1
0.00633607, 0.000653917, 0.0202049
-0.989586, 0.102945, -0.100611
-0.112327, -0.989355, 0.0925159
-0.0900162, 0.102854, 0.990615

2
-0.00780336, -0.0188978, 0.00223487
0.999908, -0.00630642, 0.0120499
-0.0103191, 0.225356, 0.974222
-0.00885938, -0.974256, 0.22527

3
-1.31641e-05, -0.019769, -0.00117232
0.998454, -0.0520496, -0.0195285
0.0127848, -0.126879, 0.991836
-0.0541024, -0.990552, -0.126017

4
-0.0059797, -0.0186742, -0.0137637
0.989188, -0.0191834, 0.145395
-0.146643, -0.116753, 0.982275
-0.00186808, -0.992976, -0.118304

5
0.00741424, -0.0216901, 0.00596395
0.527347, 0.208442, -0.823685
0.345825, 0.832848, 0.432168
0.776087, -0.512753, 0.367115

6
-0.00764641, -0.0182888, -0.01047
0.999908, -0.00630642, 0.0120499
-0.0129239, -0.16463, 0.986271
-0.00423606, -0.986335, -0.164696

7
0.000385591, -0.0191224, -0.0013734
-0.216135, -0.0273735, 0.97598
-0.975477, -0.0365357, -0.217049
0.0415995, -0.998957, -0.0188055

8
-0.00329678, 0.000267121, -0.0309985
-0.959227, -0.0218727, -0.28179
-0.0235363, 0.99972, 0.00251992
0.281656, 0.00904948, -0.959473

9
-0.00208999, 0.0171929, -0.00211963
0.156281, -0.0990118, -0.982737
-0.987046, -0.0522057, -0.151706
-0.0362838, 0.993716, -0.105888

10
-0.00763035, -0.0230911, -0.0143161
0.999908, -0.00630642, 0.0120499
-0.0135612, -0.529552, 0.848169
0.00103215, -0.848254, -0.529589

11
-0.00322871, 0.0360918, -0.00458499
0.690306, -0.199108, 0.695581
0.519845, -0.532183, -0.668238
0.503228, 0.822884, -0.263864

12
0.00329491, 0.023687, -0.00143075
-0.945201, -0.3262, -0.0137633
-0.0133125, -0.00361452, 0.999905
-0.326219, 0.945294, -0.000926093

13
0.0022638, -0.0195385, 0.00124017
-0.266365, -0.00358048, 0.963865
-0.956661, -0.121114, -0.264824
0.117685, -0.992632, 0.0288352

14
0.00610183, -0.0208101, -0.00626375
-0.95074, 0.0188193, -0.309417
0.304063, -0.137624, -0.942659
-0.0603233, -0.990306, 0.125122

15
-0.0064086, 0.0178577, 0.00409531
-0.998016, -0.0604559, -0.0175808
0.013435, -0.477298, 0.878639
-0.0615102, 0.876659, 0.477164

16
-0.00635963, -0.020016, -0.00243084
0.527347, 0.208442, -0.823685
0.849352, -0.155005, 0.504554
-0.0225052, -0.965674, -0.258782

17
-0.00582934, -0.0171168, -0.0136731
0.989349, -0.0287829, 0.142687
-0.145518, -0.219273, 0.964751
0.00351901, -0.975239, -0.221126

18
-0.00998513, -0.0149549, -0.00704953
-0.959227, -0.0218727, -0.28179
0.281656, 0.00904948, -0.959473
0.0235363, -0.99972, -0.00251992

19
-0.00326323, 0.00327254, -0.031346
-0.959227, -0.0218727, -0.28179
-0.12953, 0.920158, 0.369502
0.251209, 0.390937, -0.885473

20
-0.00221728, 0.0162221, 0.00239907
0.999066, -0.0109823, 0.0417877
0.0431689, 0.213218, -0.97605
0.00180935, 0.976943, 0.213493

21
-0.0113129, -0.00742871, 0.0233724
-0.722393, -0.0249197, -0.691034
0.133591, -0.985553, -0.104113
-0.678456, -0.167526, 0.715285

22
0.000866454, -0.0201684, 0.0041552
-0.996824, -0.0567145, -0.0559066
0.0717426, -0.334785, -0.939559
0.03457, -0.940586, 0.337791

23
-0.000322853, 0.0191821, 0.00567115
0.99813, 0.0587758, 0.0167811
0.0185682, -0.0299924, -0.999378
-0.0582359, 0.997821, -0.0310277

24
-0.00427506, -0.0167655, 0.00204042
-0.998016, -0.0604559, -0.0175808
0.0339943, -0.282391, -0.958697
0.0529943, -0.957393, 0.283886

25
0.00195837, 0.015354, 0.00559569
-0.988354, -0.143512, -0.0505997
-0.0181867, -0.218734, 0.975615
-0.15108, 0.965173, 0.213577

26
0.00272697, 0.0180178, 0.00112062
0.990941, 0.11627, 0.0672159
0.043079, 0.198856, -0.979081
-0.127204, 0.973107, 0.192046

27
-0.00799477, -0.0239056, -0.016256
-0.918024, -0.0199124, -0.396024
0.342878, 0.461776, -0.818045
0.199164, -0.886773, -0.417094

28
0.0184171, 0.0144394, -0.0270837
-0.949579, -0.114387, -0.291917
-0.25943, 0.809495, 0.526701
0.176058, 0.575876, -0.798355

29
-0.00434529, -0.0188004, 0.0130245
-0.998016, -0.0604559, -0.0175808
0.0516866, -0.627273, -0.777082
0.0359513, -0.776449, 0.629154

30
0.0151238, 0.0182681, -0.0178711
-0.949579, -0.114387, -0.291917
-0.307056, 0.527498, 0.792125
0.0633769, 0.841821, -0.536024

31
0.00969296, 0.0212448, -0.0104908
-0.973111, -0.173286, -0.151744
-0.197323, 0.287324, 0.937288
-0.11882, 0.942028, -0.313791

32
-0.00333751, 0.00238763, -0.0320832
-0.997274, -0.0375304, -0.063528
-0.0605941, 0.907855, 0.414883
0.0421035, 0.417602, -0.907654

33
-0.00565325, -0.0115098, 0.0226489
0.759431, 0.076578, 0.646066
-0.362414, 0.874497, 0.322352
-0.540298, -0.478947, 0.691873

34
-0.00192253, 0.0155383, 0.00486625
-0.997265, -0.0434378, 0.05979
0.070768, -0.328145, 0.941973
-0.0212974, 0.943628, 0.330322

35
0.00305656, 0.015289, 0.0054267
0.998017, 0.061675, 0.0125521
-0.0100359, 0.352821, -0.935637
-0.062134, 0.933656, 0.35274

36
-0.00117743, 0.000914951, -0.0333073
-0.918024, -0.0199124, -0.396024
-0.0527892, 0.995986, 0.0722919
0.392995, 0.0872715, -0.91539

37
-0.000217355, 0.0169479, 0.00722158
0.99813, 0.0587758, 0.0167811
-0.00513115, 0.35414, -0.935178
-0.0609087, 0.933344, 0.353779

38
-0.00268127, 0.0150451, -0.00089209
-0.996292, -0.0636972, -0.0578351
-0.0485148, -0.139224, 0.989072
-0.0710531, 0.98821, 0.135617

39
-0.00351313, 0.00179194, -0.031651
-0.997265, -0.0434378, 0.05979
-0.0212974, 0.943628, 0.330322
-0.070768, 0.328145, -0.941973

40
-0.0101108, -0.0047078, -0.0252444
-0.992732, -0.0981002, -0.0697136
-0.104804, 0.989443, 0.100095
0.0591583, 0.106674, -0.992533

41
0.00244717, -0.0219201, 0.00489833
-0.95074, 0.0188193, -0.309417
0.257833, -0.506121, -0.823021
-0.172091, -0.862257, 0.476338

42
0.000608462, 0.0197301, -0.0195636
-0.995408, -0.0512238, -0.0808649
-0.0957122, 0.519562, 0.849055
-0.00147742, 0.852896, -0.522079

43
-0.000343162, 0.00340579, -0.030485
-0.997164, -0.02692, -0.0702838
-0.0540772, 0.905772, 0.420302
0.0523466, 0.42291, -0.904658

44
0.00450343, 0.0150323, 0.0011154
-0.991152, -0.0659982, -0.115156
-0.103776, -0.15557, 0.982359
-0.0827488, 0.985618, 0.147345

45
-0.00106292, 0.0146427, -0.0235191
-0.988151, -0.0726556, -0.135195
-0.147884, 0.686443, 0.711988
0.0410741, 0.723545, -0.689054

46
-0.00671599, 0.0201749, 0.0135769
-0.998016, -0.0604559, -0.0175808
0.0359513, -0.776449, 0.629154
-0.0516866, 0.627273, 0.777082

47
0.00752987, 0.0202799, 0.00604273
-0.949579, -0.114387, -0.291917
-0.176058, -0.575876, 0.798355
-0.25943, 0.809495, 0.526701

48
0.00666269, 0.0179905, -0.0191647
-0.991152, -0.0659982, -0.115156
-0.131893, 0.586932, 0.798821
0.0148683, 0.806942, -0.590444

49
-0.00885655, -0.0222579, -0.0103244
-0.959227, -0.0218727, -0.28179
0.251209, 0.390937, -0.885473
0.12953, -0.920158, -0.369502

50
-0.00686132, 0.0132237, 0.0184288
-0.998202, -0.0396957, -0.0449064
0.0145031, -0.886945, 0.461648
-0.0581549, 0.460166, 0.885926

51
0.00559585, 0.0221291, -0.00607804
-0.905027, -0.406969, -0.123701
-0.163578, 0.0645468, 0.984417
-0.392643, 0.911158, -0.124988

52
-0.00412989, -0.00389325, -0.0259471
-0.999222, 0.0273176, -0.0284398
0.0284965, 0.998715, -0.0419067
0.0272584, -0.0426845, -0.998717

53
-0.00632139, 0.0177687, -0.00454875
-0.998564, -0.0477772, -0.0242352
-0.0289386, 0.100347, 0.994532
-0.045084, 0.993805, -0.101586

54
0.00277854, 0.00981965, 0.018949
-0.991152, -0.0659982, -0.115156
0.0367367, -0.970126, 0.239804
-0.127543, 0.233451, 0.963967

55
-0.00224729, -0.0184021, 0.0019653
-0.116941, -0.104144, 0.987663
-0.992483, 0.0483942, -0.112409
-0.0360904, -0.993384, -0.109021

56
0.00224962, 0.018865, 0.00669242
0.990941, 0.11627, 0.0672159
-0.00887913, 0.556111, -0.83106
-0.134007, 0.822935, 0.552106

57
-0.00251231, 0.0164868, -6.02118e-05
0.999014, 0.0109917, 0.0430036
0.0421251, 0.0704893, -0.996623
-0.0139859, 0.997452, 0.0699568

58
-0.00223336, 0.018259, 0.0163496
-0.995408, -0.0512238, -0.0808649
0.00147742, -0.852896, 0.522079
-0.0957122, 0.519562, 0.849055

59
0.00139891, -0.00167406, -0.0236896
0.99813, 0.0587758, 0.0167811
0.0582359, -0.997821, 0.0310277
0.0185682, -0.0299924, -0.999378

60
-0.0126093, 0.0130126, 0.0162213
-0.991999, -0.123796, 0.0247562
0.125264, -0.940734, 0.315165
-0.0157271, 0.315744, 0.948714

61
-0.00267436, -0.0197336, 0.000718633
-0.338483, 0.016634, 0.940825
-0.931432, 0.136091, -0.33751
-0.133652, -0.990557, -0.0305709

62
0.00582955, -0.0174805, -0.0301542
-0.588074, 0.338608, -0.734516
0.316304, 0.932103, 0.176453
0.744393, -0.128563, -0.655249

63
-0.00794941, -0.00350096, 0.0224121
0.999908, -0.00630642, 0.0120499
0.00423606, 0.986335, 0.164696
-0.0129239, -0.16463, 0.986271

64
-0.00465831, -0.0221871, 0.00569612
-0.998564, -0.0477772, -0.0242352
0.0439887, -0.473022, -0.879952
0.0305779, -0.879755, 0.474444

65
0.000280608, -0.0153483, 0.0161675
-0.986029, 0.0295753, -0.163929
0.0831988, -0.765129, -0.63848
-0.14431, -0.643198, 0.751978

66
0.000402566, 0.0169184, -0.00643361
-0.991594, -0.0481448, -0.120097
-0.120037, -0.00414163, 0.992761
-0.0482936, 0.998832, -0.00167233

67
0.00192087, -0.0200862, 0.00544661
-0.986029, 0.0295753, -0.163929
0.160873, -0.0862181, -0.983202
-0.0432121, -0.995837, 0.0802557

68
-0.00955252, -0.0216556, -0.00904145
0.944805, -0.0646495, 0.32119
-0.327234, -0.234529, 0.915377
0.0161497, -0.969957, -0.24274

69
-0.00202757, 0.0208362, -0.0185311
-0.996292, -0.0636972, -0.0578351
-0.0845473, 0.600324, 0.795275
-0.015937, 0.797216, -0.603484

70
-0.00633035, 0.016551, -0.00177896
-0.998564, -0.0477772, -0.0242352
-0.00948285, -0.287604, 0.957703
-0.0527265, 0.956557, 0.286738

71
-0.00538683, 0.0169115, -0.00849285
-0.997274, -0.0375304, -0.063528
-0.0620869, -0.0383929, 0.997332
-0.0398693, 0.998558, 0.0359581

72
0.00470551, 0.0192793, 0.00684682
-0.985851, -0.113911, -0.122969
-0.0851974, -0.29126, 0.952843
-0.144355, 0.949838, 0.277434

73
-0.00169168, 0.00768314, -0.0324555
-0.918024, -0.0199124, -0.396024
-0.199164, 0.886773, 0.417094
0.342878, 0.461776, -0.818045

74
0.00392036, 0.00159916, -0.0293376
-0.991594, -0.0481448, -0.120097
-0.0905536, 0.921215, 0.378368
0.0924183, 0.386063, -0.917831

75
0.00624747, 0.0195615, -0.00577663
-0.985851, -0.113911, -0.122969
-0.133954, 0.0943982, 0.986481
-0.100763, 0.988996, -0.108321

76
0.00905483, 0.0190765, -0.00134438
0.962434, 0.060501, 0.264689
0.260011, 0.075397, -0.962657
-0.0781985, 0.995316, 0.0568337

77
-0.00148939, -0.0083258, 0.0216334
0.999776, 0.00383717, 0.0208341
-0.00916852, 0.964956, 0.26225
-0.0190977, -0.262382, 0.964775

78
0.00154498, 0.00637964, -0.030696
0.950861, -0.0883207, 0.296755
-0.0363863, -0.983686, -0.176178
0.307473, 0.156723, -0.938562

79
0.00882133, 0.0187726, 0.00243236
-0.949579, -0.114387, -0.291917
-0.261936, -0.22226, 0.939143
-0.172307, 0.968254, 0.181091

80
-0.000908071, -0.00122365, -0.0264419
0.999301, 0.0342588, 0.0149294
0.0315996, -0.987901, 0.151834
0.0199504, -0.151256, -0.988293

81
8.53184e-05, 0.0175143, -0.00498726
0.22451, -0.0387865, -0.9737
-0.974072, 0.019679, -0.22538
0.0279032, 0.999054, -0.0333628

82
0.00830567, 0.0196649, 0.000828949
-0.564071, -0.0769253, -0.822136
-0.821349, 0.154654, 0.54906
0.08491, 0.984969, -0.150418

83
0.0304988, 0.0396452, 0.033971
0.82532, 0.00604682, -0.564633
-0.449429, 0.6124, -0.650369
0.341848, 0.790525, 0.508143

84
-0.012635, -0.0219072, 0.00632057
0.950861, -0.0883207, 0.296755
-0.191687, 0.584751, 0.78824
-0.243145, -0.806391, 0.539087

85
-0.00557283, -0.0133329, 0.0156832
-0.999222, 0.0273176, -0.0284398
-0.000875436, -0.736381, -0.676567
-0.0394247, -0.676016, 0.735832

86
-0.00427506, -0.0167655, 0.00204042
-0.998016, -0.0604559, -0.0175808
0.0339943, -0.282391, -0.958697
0.0529943, -0.957393, 0.283886

87
-0.00475796, -0.0180728, -0.0246011
-0.959227, -0.0218727, -0.28179
0.182518, 0.713308, -0.676668
0.215803, -0.70051, -0.680232

88
-0.00330576, 0.00893239, 0.0174665
0.759431, 0.076578, 0.646066
0.125783, 0.95703, -0.26129
-0.638313, 0.279696, 0.717165

89
-0.00544315, 0.0188452, -0.00875109
-0.997274, -0.0375304, -0.063528
-0.0726181, 0.346661, 0.935175
-0.0130748, 0.937239, -0.348442

90
-0.00671599, 0.0201749, 0.0135769
-0.998016, -0.0604559, -0.0175808
0.0359513, -0.776449, 0.629154
-0.0516866, 0.627273, 0.777082

91
0.0087538, -0.0187928, 0.0032609
-0.99145, -0.0669844, -0.111981
0.126153, -0.272734, -0.953783
0.0333476, -0.959755, 0.278852

92
-0.00594149, 0.0166706, -0.00506459
-0.998202, -0.0396957, -0.0449064
-0.0481781, 0.0857192, 0.995154
-0.035654, 0.995528, -0.0874775

93
0.00207275, -0.0182284, 0.00486824
-0.986029, 0.0295753, -0.163929
0.132091, -0.460746, -0.877648
-0.101486, -0.887039, 0.450402

94
0.000331961, 0.00767237, -0.0290376
-0.98545, -0.0786017, -0.150696
-0.133702, 0.905912, 0.401804
0.104935, 0.416106, -0.903241

95
-0.00153667, 0.0164443, -0.0185458
-0.997164, -0.02692, -0.0702838
-0.069993, 0.674983, 0.734506
0.0276675, 0.737342, -0.674953

96
0.00934205, -0.022021, -0.0162936
-0.95074, 0.0188193, -0.309417
0.25766, 0.602937, -0.755035
0.17235, -0.797567, -0.578086

97
0.00111679, -0.0337109, 0.00316752
0.506025, 0.0894875, -0.857864
0.566798, 0.715198, 0.40894
0.650138, -0.69317, 0.311186

98
-0.000420457, -0.00972958, -0.0294031
0.999776, 0.00383717, 0.0208341
-0.00702101, -0.86786, 0.49676
0.0199873, -0.496795, -0.867638

99
0.00858967, -0.0234903, 0.00545139
-0.489851, 0.0116673, 0.871728
-0.79934, -0.405143, -0.443751
0.347998, -0.914179, 0.207786

100
0.000401463, 0.0195296, -0.0168852
-0.987549, -0.0567753, 0.14671
0.101436, 0.483013, 0.869718
-0.120241, 0.873771, -0.47124

101
-0.0105292, -0.0227188, -0.00638248
0.944805, -0.0646495, 0.32119
-0.308505, 0.15451, 0.93859
-0.110306, -0.985874, 0.126037

102
0.00966932, -0.0171049, 0.000201007
0.961676, -0.0191195, 0.273522
-0.266691, 0.166471, 0.949296
-0.0636836, -0.985861, 0.154992

103
0.0180503, -0.00967385, -0.0287462
0.961676, -0.0191195, 0.273522
-0.160894, -0.847111, 0.506474
0.22202, -0.531072, -0.817722

104
-0.000299848, 0.0175944, 0.00986394
0.99813, 0.0587758, 0.0167811
-0.0280493, 0.684358, -0.728607
-0.0543087, 0.726774, 0.684727

105
0.00293373, 0.017201, 0.00579815
0.998017, 0.061675, 0.0125521
0.0145057, -0.0313308, -0.999404
-0.0612449, 0.997604, -0.0321634

106
-0.00628645, 0.0111438, 0.0165403
-0.988151, -0.0726556, -0.135195
0.0186452, -0.931159, 0.364137
-0.152345, 0.357302, 0.921481

107
-6.79962e-05, -0.021582, 0.000856612
0.998454, -0.0520496, -0.0195285
0.0325157, 0.261847, 0.964562
-0.0450915, -0.963705, 0.263134

108
-0.00476148, 0.00967646, -0.025112
-0.998202, -0.0396957, -0.0449064
-0.0592782, 0.764557, 0.641824
0.00885585, 0.643332, -0.765536

109
-0.00466609, 0.0209057, -0.0262253
-0.918024, -0.0199124, -0.396024
-0.315217, 0.642558, 0.698396
0.240562, 0.765978, -0.59616

110
-0.000543988, -0.00112693, -0.0250596
0.999776, 0.00383717, 0.0208341
0.00116222, -0.991913, 0.126916
0.0211526, -0.126863, -0.991695

111
-0.00149063, 0.0213466, -0.00115317
0.952612, 0.0193421, 0.303572
0.277757, 0.351578, -0.894004
-0.124021, 0.935959, 0.329545

112
-0.0133302, -0.0206403, -0.00307335
-0.266365, -0.00358048, 0.963865
-0.474825, 0.870724, -0.127984
-0.838803, -0.491758, -0.233631

113
0.00213894, 0.0185553, -0.00701111
-0.988354, -0.143512, -0.0505997
-0.0746181, 0.167272, 0.983083
-0.13262, 0.97541, -0.176032

114
0.00933365, 0.023202, 0.00436522
0.82322, 0.103236, -0.558257
-0.552247, 0.373637, -0.745264
0.131647, 0.921812, 0.364598

115
-0.000405444, 0.0163688, -0.0102318
-0.996824, -0.0567145, -0.0559066
-0.0530522, -0.0506458, 0.997307
-0.0593932, 0.997105, 0.0474761

116
-0.00392887, 0.0195884, -0.00738989
-0.98545, -0.0786017, -0.150696
-0.148112, -0.0377545, 0.98825
-0.0833675, 0.996191, 0.0255633

117
0.00313181, 0.0132239, -0.0274869
-0.991594, -0.0481448, -0.120097
-0.119028, 0.703352, 0.700805
0.05073, 0.709209, -0.70317

118
-0.00775565, -0.0234629, 0.00077947
-0.116941, -0.104144, 0.987663
-0.676272, 0.736649, -0.00239584
-0.727311, -0.668209, -0.156575

119
-0.00382251, 0.0199, 0.0134204
-0.996292, -0.0636972, -0.0578351
0.015937, -0.797216, 0.603484
-0.0845473, 0.600324, 0.795275

120
-0.0136289, 0.0165432, -0.00208231
0.931528, 0.0913596, 0.352008
0.316745, 0.271765, -0.908744
-0.178686, 0.958017, 0.224219

121
-0.000310774, -0.0203833, -0.0147512
0.998454, -0.0520496, -0.0195285
-0.00889246, -0.496289, 0.868112
-0.0548766, -0.866596, -0.495984

122
0.0024938, 0.0238195, -0.0102183
-0.979369, -0.198083, -0.039996
-0.0848446, 0.223428, 0.971021
-0.183406, 0.954381, -0.235625

123
0.0077318, 0.0199321, -0.01802
-0.985851, -0.113911, -0.122969
-0.162318, 0.465685, 0.869937
-0.0418307, 0.877589, -0.477586

124
-0.00383985, 0.018572, 0.0133159
-0.997164, -0.02692, -0.0702838
-0.0276675, -0.737342, 0.674953
-0.069993, 0.674983, 0.734506

125
-0.00187913, 0.0118895, 0.00846543
0.999301, 0.0342588, 0.0149294
0.00633917, 0.238311, -0.971168
-0.0368289, 0.970584, 0.237927

126
-0.00217322, 0.0218499, -0.0115852
-0.997164, -0.02692, -0.0702838
-0.0752529, 0.341435, 0.936888
-0.00122372, 0.93952, -0.342492

127
-0.00674548, 0.0207633, 0.00702155
-0.998564, -0.0477772, -0.0242352
0.0114166, -0.63177, 0.775072
-0.0523419, 0.773682, 0.631408

128
0.00428757, 0.00129701, -0.0237015
0.998017, 0.061675, 0.0125521
0.0612449, -0.997604, 0.0321634
0.0145057, -0.0313308, -0.999404

129
-0.00145362, 0.0201402, 0.00760066
-0.991594, -0.0481448, -0.120097
-0.05073, -0.709209, 0.70317
-0.119028, 0.703352, 0.700805

130
-0.00440072, -0.0126567, -0.0248491
-0.999222, 0.0273176, -0.0284398
0.0367587, 0.906358, -0.420909
0.0142784, -0.421627, -0.906657

131
0.0060856, -0.0227604, -0.0063325
-0.95074, 0.0188193, -0.309417
0.304002, 0.251826, -0.918785
0.0606283, -0.96759, -0.245142

132
-0.00198867, 0.0149209, -0.0115496
-0.997164, -0.02692, -0.0702838
-0.0690564, -0.0440943, 0.996638
-0.0299286, 0.998665, 0.0421102

133
8.56515e-05, 0.0230204, 0.0111724
0.835052, 0.142974, 0.53127
0.205168, 0.815062, -0.541831
-0.510485, 0.561456, 0.651285

134
-0.00906955, -0.0181169, 0.00239382
-0.991999, -0.123796, 0.0247562
-0.0334064, 0.068294, -0.997106
0.121747, -0.989955, -0.0718831

135
-0.00549285, -0.0202431, 0.00623547
-0.999222, 0.0273176, -0.0284398
0.0142784, -0.421627, -0.906657
-0.0367587, -0.906358, 0.420909

136
-0.00255904, 0.0168819, -0.00477429
-0.997265, -0.0434378, 0.05979
0.0572309, 0.0579441, 0.996678
-0.046758, 0.997374, -0.0552997

137
-0.0102105, -0.0162066, -0.0115069
-0.918024, -0.0199124, -0.396024
0.392995, 0.0872715, -0.91539
0.0527892, -0.995986, -0.0722919

138
-0.00644978, 0.0142291, 0.0189107
-0.998016, -0.0604559, -0.0175808
0.0529943, -0.957393, 0.283886
-0.0339943, 0.282391, 0.958697

139
-0.00605059, 0.0157073, -0.00883318
-0.998016, -0.0604559, -0.0175808
-0.0111266, -0.105483, 0.994359
-0.0619693, 0.992582, 0.104601

140
0.00308699, 0.0210012, -0.00999487
0.454254, -0.257122, 0.852961
0.854234, -0.14604, -0.498956
0.252859, 0.95528, 0.153303

141
-0.0097617, 0.0172451, 0.0176905
-0.996683, -0.0627421, 0.0518215
0.0801688, -0.866339, 0.492981
0.0139643, 0.4955, 0.868496

142
0.0100609, -0.0264608, -0.00806623
-0.180364, -0.077336, -0.980555
0.86372, 0.464504, -0.195509
0.470591, -0.882188, -0.0169833

143
0.00581361, 0.0158235, 0.00205501
0.917206, 0.0364723, -0.396741
-0.398355, 0.101028, -0.91165
0.0068321, 0.994215, 0.107193

144
-0.00689531, 0.0183962, 0.0178614
-0.998564, -0.0477772, -0.0242352
0.0305779, -0.879755, 0.474444
-0.0439887, 0.473022, 0.879952

145
-0.00189715, 0.00528795, 0.0190611
0.835052, 0.142974, 0.53127
-0.00580391, 0.967879, -0.251351
-0.550141, 0.206807, 0.809058

146
0.0129989, 0.0197726, -0.0139582
-0.941378, -0.173991, -0.289024
-0.336902, 0.440533, 0.832123
-0.017457, 0.880715, -0.473326

147
-0.000991665, 0.0139967, 0.0192726
-0.997265, -0.0434378, 0.05979
0.0651001, -0.89928, 0.432502
0.034981, 0.435212, 0.899648

148
-0.0102292, 0.0137773, 0.00450061
-0.996683, -0.0627421, 0.0518215
0.0665621, -0.262223, 0.962709
-0.0468136, 0.962966, 0.265529

149
0.000245601, -0.022273, 0.0187319
0.998454, -0.0520496, -0.0195285
0.0548766, 0.866596, 0.495984
-0.00889246, -0.496289, 0.868112

150
-0.00198058, 0.0181325, 0.000929419
0.999301, 0.0342588, 0.0149294
0.0199504, -0.151256, -0.988293
-0.0315996, 0.987901, -0.151834

151
-0.00644978, 0.0142291, 0.0189107
-0.998016, -0.0604559, -0.0175808
0.0529943, -0.957393, 0.283886
-0.0339943, 0.282391, 0.958697

152
-0.000493124, 0.0153604, -0.0307017
0.889576, 0.0406856, 0.454972
0.189174, -0.93941, -0.285872
0.415774, 0.340374, -0.843373

153
-0.00333594, -0.0192821, 0.00516426
-0.99713, 0.0265017, -0.0709228
0.0613091, -0.267013, -0.961741
-0.0444251, -0.963328, 0.264622

154
-0.00317469, -0.0114343, -0.0309335
0.989349, -0.0287829, 0.142687
-0.100409, -0.844648, 0.525822
0.105385, -0.534548, -0.838542

155
-0.000408478, 0.0200879, -0.00727222
-0.995408, -0.0512238, -0.0808649
-0.0878612, 0.153624, 0.984215
-0.0379924, 0.986801, -0.157419

156
-0.000693118, 0.0150704, -0.026193
-0.98545, -0.0786017, -0.150696
-0.163681, 0.677717, 0.716874
0.0457815, 0.73111, -0.680722

157
-0.00113653, 0.00448002, -0.0242385
0.999301, 0.0342588, 0.0149294
0.0368289, -0.970584, -0.237927
0.00633917, 0.238311, -0.971168

158
-0.00333269, -0.00864722, 0.0225305
0.999066, -0.0109823, 0.0417877
0.00180935, 0.976943, 0.213493
-0.0431689, -0.213218, 0.97605

159
-0.00364778, -0.020626, 0.00904643
-0.99713, 0.0265017, -0.0709228
0.0396415, -0.615338, -0.787266
-0.0645054, -0.787818, 0.612521

160
0.00451513, 0.0191074, 0.00747947
-0.748117, 0.506186, 0.429064
-0.0849631, -0.714351, 0.694611
0.658105, 0.483196, 0.577425

161
-0.0134873, -0.00575729, 0.0219079
0.737321, -0.652764, -0.173943
0.660756, 0.643287, 0.386759
-0.140567, -0.4001, 0.905627

162
-0.00732804, 0.0128389, 0.0183589
-0.98545, -0.0786017, -0.150696
0.0203414, -0.934808, 0.354569
-0.168741, 0.346345, 0.922806

163
-0.00439639, -0.0185024, 0.00150194
0.506025, 0.0894875, -0.857864
0.860504, 0.0155764, 0.509206
0.05893, -0.995866, -0.0691222

164
-0.00781707, 0.0141015, 0.0206427
0.999908, -0.00630642, 0.0120499
0.0121339, 0.813855, -0.580941
-0.00614324, 0.581034, 0.813856

165
-0.000135788, 0.0072076, -0.0262999
-0.988151, -0.0726556, -0.135195
-0.120908, 0.911079, 0.394101
0.0945401, 0.405778, -0.909069

166
-0.00895366, 0.0178114, -0.00511256
-0.992161, 0.11956, 0.0363662
0.0500779, 0.11376, 0.992245
0.114496, 0.986288, -0.118856

167
-0.00900946, -0.0166505, -0.0241225
-0.992732, -0.0981002, -0.0697136
-0.0322766, 0.775071, -0.631049
0.115939, -0.624212, -0.772604

168
0.00754482, -0.0198384, -0.000695952
0.140521, 0.0231818, 0.989806
-0.966779, -0.212392, 0.142226
0.213524, -0.97691, -0.00743396

169
-0.00724022, 0.0158923, 0.00377901
0.989863, 0.0434602, 0.135214
0.129889, 0.108091, -0.985619
-0.0574506, 0.993191, 0.10135

170
-0.000556791, 0.011008, 0.0138026
0.737321, -0.652764, -0.173943
0.382728, 0.61582, -0.688684
0.556666, 0.441209, 0.703888

171
0.00349692, 0.023731, -0.0163456
-0.945201, -0.3262, -0.0137633
-0.137138, 0.358409, 0.923437
-0.296292, 0.874721, -0.383503

172
-0.00348158, -0.0142919, -0.0292394
-0.959227, -0.0218727, -0.28179
0.0860403, 0.927084, -0.364846
0.269223, -0.374216, -0.887402

173
-0.00171958, 0.0186115, -0.0176395
0.999301, 0.0342588, 0.0149294
0.0364514, -0.805506, -0.591466
-0.00823719, 0.591597, -0.806192

174
-0.00341463, 0.0182024, -0.0100298
-0.98545, -0.0786017, -0.150696
-0.168741, 0.346345, 0.922806
-0.0203414, 0.934808, -0.354569

175
-0.011101, -0.020422, 0.0109689
-0.992732, -0.0981002, -0.0697136
0.115939, -0.624212, -0.772604
0.0322766, -0.775071, 0.631049

176
-0.00963423, -0.0183111, -0.0212044
-0.991999, -0.123796, 0.0247562
-0.10971, 0.748295, -0.654231
0.0624663, -0.651713, -0.755889

177
-0.00380709, -0.0117378, -0.0276297
0.989188, -0.0191834, 0.145395
-0.105013, -0.784697, 0.61092
0.102372, -0.619583, -0.778227

178
0.00305768, -0.0225641, 0.00295358
0.527347, 0.208442, -0.823685
0.793311, 0.226341, 0.565178
0.304241, -0.951484, -0.0459992

179
-0.00184516, 0.00419243, 0.0204815
-0.995408, -0.0512238, -0.0808649
0.0379924, -0.986801, 0.157419
-0.0878612, 0.153624, 0.984215

180
0.0123348, -0.017328, -0.025204
-0.95074, 0.0188193, -0.309417
0.172091, 0.862257, -0.476338
0.257833, -0.506121, -0.823021

181
-0.00491746, 0.0152847, 0.00430885
-0.988151, -0.0726556, -0.135195
-0.0945401, -0.405778, 0.909069
-0.120908, 0.911079, 0.394101

182
-0.00853681, -0.0215243, 0.00670192
-0.991999, -0.123796, 0.0247562
0.0157271, -0.315744, -0.948714
0.125264, -0.940734, 0.315165

183
-0.00301241, 0.0221207, 0.000217244
-0.997164, -0.02692, -0.0702838
-0.0523466, -0.42291, 0.904658
-0.0540772, 0.905772, 0.420302

184
0.000846885, 0.00890522, -0.0279094
0.99813, 0.0587758, 0.0167811
0.0609087, -0.933344, -0.353779
-0.00513115, 0.35414, -0.935178

185
-0.00970714, -0.0197031, 0.01146
0.989188, -0.0191834, 0.145395
-0.0543921, 0.872711, 0.485199
-0.136196, -0.487861, 0.862231

186
-0.00509443, -0.0175319, 0.0144885
-0.998564, -0.0477772, -0.0242352
0.0523419, -0.773682, -0.631408
0.0114166, -0.63177, 0.775072

187
-0.000402607, 0.00370252, -0.0276531
-0.996292, -0.0636972, -0.0578351
-0.0710531, 0.98821, 0.135617
0.0485148, 0.139224, -0.989072

188
-0.000140745, 0.00365965, 0.0259555
-0.997265, -0.0434378, 0.05979
0.046758, -0.997374, 0.0552997
0.0572309, 0.0579441, 0.996678

189
-0.00885014, -0.022545, -0.0109575
-0.991999, -0.123796, 0.0247562
-0.0774541, 0.441935, -0.893697
0.0996956, -0.888464, -0.447987

190
0.00529117, -0.0146994, 0.00594967
0.599377, 0.0436615, 0.799275
-0.79926, -0.0221649, 0.600576
0.0439379, -0.9988, 0.0216118

191
-0.0027957, -0.023107, 0.00589188
0.999066, -0.0109823, 0.0417877
-0.0292456, 0.540035, 0.841134
-0.0318044, -0.841571, 0.53921

192
0.000700723, 0.000419677, -0.0276662
-0.98545, -0.0786017, -0.150696
-0.0833675, 0.996191, 0.0255633
0.148112, 0.0377545, -0.98825

193
-0.00915181, 0.0190349, 0.0149377
0.599377, 0.0436615, 0.799275
0.26527, 0.931253, -0.249797
-0.755234, 0.361747, 0.54659

194
-0.00264705, 0.0141601, 0.0121321
0.999066, -0.0109823, 0.0417877
0.0405752, 0.570848, -0.820053
-0.0148484, 0.820983, 0.57076

195
-0.00792845, 0.00134993, 0.0232114
0.999908, -0.00630642, 0.0120499
0.00885938, 0.974256, -0.22527
-0.0103191, 0.225356, 0.974222

196
-0.00999163, 0.000929674, 0.0220707
-0.992161, 0.11956, 0.0363662
-0.114496, -0.986288, 0.118856
0.0500779, 0.11376, 0.992245

197
0.0076914, -0.00271961, -0.0284331
0.952612, 0.0193421, 0.303572
0.00828779, -0.999256, 0.0376604
0.304075, -0.0333598, -0.952064

198
0.00543978, -0.020676, 0.00719598
-0.989586, 0.102945, -0.100611
0.0900162, -0.102854, -0.990615
-0.112327, -0.989355, 0.0925159

199
-0.00981016, 0.0180471, -0.00172903
0.961651, 0.0982084, 0.256089
0.225021, 0.25135, -0.941376
-0.156819, 0.962901, 0.219612

200
-0.00174433, -0.00667146, -0.0292024
0.989863, 0.0434602, 0.135214
0.00337122, -0.958953, 0.283545
0.141987, -0.280215, -0.949379

201
-0.00935429, -0.02239, -0.0111356
-0.992732, -0.0981002, -0.0697136
0.0145482, 0.477197, -0.878676
0.119465, -0.873304, -0.472301

202
-0.00206907, -0.0220147, 0.000719886
0.140521, 0.0231818, 0.989806
-0.974899, 0.177622, 0.134245
-0.1727, -0.983826, 0.0475596

203
-0.00947416, 0.0171586, -0.00265003
0.961651, 0.0982084, 0.256089
0.267904, -0.136269, -0.95376
-0.0587702, 0.985792, -0.157354

204
-0.0048106, -0.021904, -0.0193305
-0.999222, 0.0273176, -0.0284398
0.0394247, 0.676016, -0.735832
-0.000875436, -0.736381, -0.676567

205
0.0088941, 0.00236574, -0.0294157
-0.991152, -0.0659982, -0.115156
-0.116163, 0.851058, 0.512061
0.0642097, 0.520908, -0.851195

206
-0.00532724, -0.0186506, -0.0174639
0.989349, -0.0287829, 0.142687
-0.133095, -0.57579, 0.806692
0.0589385, -0.817091, -0.573488

207
0.000199181, -3.28902e-05, -0.0248571
-0.988151, -0.0726556, -0.135195
-0.0755258, 0.997012, 0.0162165
0.133613, 0.0262351, -0.990686

208
0.00835163, 0.020088, 0.000988519
-0.941378, -0.173991, -0.289024
-0.225882, -0.311256, 0.923091
-0.25057, 0.934263, 0.253708

209
0.012304, 0.0177157, -0.0104566
-0.941378, -0.173991, -0.289024
-0.304577, 0.0699643, 0.949915
-0.145055, 0.982259, -0.118856

210
-0.0064086, 0.0178577, 0.00409531
-0.998016, -0.0604559, -0.0175808
0.013435, -0.477298, 0.878639
-0.0615102, 0.876659, 0.477164

211
-0.00784506, -0.00626506, -0.0315524
0.917206, 0.0364723, -0.396741
0.146132, -0.957197, 0.24984
-0.370647, -0.287132, -0.883276

212
-0.00346945, 0.0141452, -0.0232641
0.989863, 0.0434602, 0.135214
0.102784, -0.876224, -0.470816
0.0980161, 0.479941, -0.871808

213
-0.0114533, -0.00723629, 0.0233124
0.99531, -0.0894186, -0.0369192
0.0923031, 0.992037, 0.0856871
0.0289632, -0.088693, 0.995638

214
0.0287644, -0.0127589, 0.0130848
-0.380021, 0.0121791, 0.924898
-0.477032, -0.859262, -0.184688
0.79248, -0.511391, 0.332347

215
0.00394364, 0.0215347, 0.00503027
-0.945201, -0.3262, -0.0137633
0.112539, -0.365088, 0.924146
-0.306481, 0.871954, 0.381791

216
0.00710587, -0.0190063, -0.0255462
-0.986029, 0.0295753, -0.163929
0.14431, 0.643198, -0.751978
0.0831988, -0.765129, -0.63848

217
0.0048028, 0.022777, -0.0163669
0.690306, -0.199108, 0.695581
0.287698, -0.806577, -0.516395
0.663858, 0.556588, -0.499502

218
-0.00128405, 0.0192278, 0.00253345
-0.996824, -0.0567145, -0.0559066
-0.026285, -0.428366, 0.903223
-0.0751743, 0.901824, 0.425515

219
-0.00231772, 0.0202714, -0.0129109
-0.996292, -0.0636972, -0.0578351
-0.0720127, 0.249546, 0.965682
-0.0470787, 0.966266, -0.253207

220
-0.000583147, -0.00336075, -0.0314398
0.931528, 0.0913596, 0.352008
0.0438712, -0.989093, 0.14061
0.361015, -0.115539, -0.925375

221
0.00611459, -0.0178929, 0.0187083
-0.988354, -0.143512, -0.0505997
0.14654, -0.807998, -0.570671
0.0410136, -0.57144, 0.819618

222
0.00827548, 0.0152646, 0.0158671
0.527347, 0.208442, -0.823685
-0.304241, 0.951484, 0.0459992
0.793311, 0.226341, 0.565178

223
0.0063537, -0.0225593, -0.00372
-0.989586, 0.102945, -0.100611
0.12615, 0.283585, -0.950613
-0.0693287, -0.953405, -0.293618

224
-0.00769199, 0.0111107, -0.0221578
0.82532, 0.00604682, -0.564633
-0.143838, -0.964705, -0.220578
-0.546038, 0.263263, -0.795321

225
0.00341717, 0.0217582, -0.0155251
0.990941, 0.11627, 0.0672159
0.120409, -0.547478, -0.828112
-0.0594855, 0.828703, -0.556518

226
-0.00140818, -0.0171552, 0.0170344
-0.95074, 0.0188193, -0.309417
0.17235, -0.797567, -0.578086
-0.25766, -0.602937, 0.755035

227
-0.00293267, 0.0158475, 0.00986864
0.999014, 0.0109917, 0.0430036
0.0335663, 0.446832, -0.893988
-0.0290418, 0.89455, 0.446023

228
-0.00175403, -0.0138416, 0.0198602
0.926293, -0.025629, 0.375931
-0.0635351, 0.972776, 0.222869
-0.371408, -0.230327, 0.899447

229
-0.0131797, 0.0277938, -0.00188341
0.129111, -0.145951, -0.980831
-0.930149, -0.360684, -0.0687683
-0.343733, 0.921198, -0.182325

230
-0.00124223, -0.017614, -0.0322254
-0.918024, -0.0199124, -0.396024
0.101622, 0.953568, -0.283516
0.383282, -0.300519, -0.873375

231
0.00556181, 0.0167745, -0.00249637
-0.981301, -0.065613, 0.180953
0.174177, 0.097433, 0.979882
-0.0819239, 0.993077, -0.0841827

232
-0.00980536, -0.00500459, -0.0291769
-0.992732, -0.0981002, -0.0697136
-0.0741876, 0.954948, -0.28735
0.094762, -0.28009, -0.955285

233
-0.000418903, 0.0249068, -0.00866638
0.99813, 0.0587758, 0.0167811
0.0394407, -0.409559, -0.911431
-0.0466972, 0.910388, -0.411111

234
-0.00706248, 0.0134531, 0.0198549
-0.997274, -0.0375304, -0.063528
0.0130748, -0.937239, 0.348442
-0.0726181, 0.346661, 0.935175

235
-0.00235549, -0.0194332, 0.00547779
0.999014, 0.0109917, 0.0430036
-0.0442707, 0.316585, 0.947531
-0.00319931, -0.948501, 0.316759

236
-0.00614317, 0.000401267, 0.0223463
-0.998564, -0.0477772, -0.0242352
0.045084, -0.993805, 0.101586
-0.0289386, 0.100347, 0.994532

237
-0.0030751, -0.00487199, 0.0184731
0.999014, 0.0109917, 0.0430036
-0.0139859, 0.997452, 0.0699568
-0.0421251, -0.0704893, 0.996623

238
0.00878473, -0.0186286, -0.0236092
-0.989586, 0.102945, -0.100611
0.143078, 0.626851, -0.765889
-0.015776, -0.772308, -0.635052

239
-0.0037355, 0.0159792, -0.0237472
0.961651, 0.0982084, 0.256089
0.230993, -0.793417, -0.563144
0.14788, 0.600703, -0.785676

240
0.00354419, 0.0217346, 0.00553034
-0.991152, -0.0659982, -0.115156
-0.0642097, -0.520908, 0.851195
-0.116163, 0.851058, 0.512061

241
-0.00828669, 0.00328484, 0.0222947
-0.699931, 0.712761, 0.0454721
-0.713252, -0.694278, -0.0961703
-0.0369762, -0.0997457, 0.994326

242
-0.0033431, 0.018926, -0.0163669
-0.997265, -0.0434378, 0.05979
0.034981, 0.435212, 0.899648
-0.0651001, 0.89928, -0.432502

243
-0.014265, -0.022902, -0.00177141
-0.918024, -0.0199124, -0.396024
0.383282, -0.300519, -0.873375
-0.101622, -0.953568, 0.283516

244
-0.00563394, 0.0199175, 0.00358848
-0.98545, -0.0786017, -0.150696
-0.104935, -0.416106, 0.903241
-0.133702, 0.905912, 0.401804

245
0.00541606, 0.0185353, -0.00874722
-0.991152, -0.0659982, -0.115156
-0.127543, 0.233451, 0.963967
-0.0367367, 0.970126, -0.239804

246
-0.00904651, -0.0292623, -0.00140542
-0.338483, 0.016634, 0.940825
-0.564116, 0.79666, -0.217039
-0.753128, -0.604199, -0.260272

247
-0.00757153, 0.0248402, 0.00948719
-0.992161, 0.11956, 0.0363662
-0.0455504, -0.61697, 0.785667
0.116371, 0.777852, 0.61758

248
-0.00620792, 0.0191832, 0.0030547
-0.997274, -0.0375304, -0.063528
-0.0421035, -0.417602, 0.907654
-0.0605941, 0.907855, 0.414883

249
0.00966313, -0.0243922, -0.00783314
-0.854075, 0.349786, -0.384976
0.492763, 0.307108, -0.814168
-0.166555, -0.885062, -0.434655

250
-0.000814117, 0.00448178, -0.0299313
0.93797, 0.11516, 0.327033
0.149701, -0.985291, -0.0824052
0.312733, 0.126251, -0.941413

251
-0.00842897, 0.000628786, 0.023205
-0.996683, -0.0627421, 0.0518215
0.0687224, -0.990012, 0.123096
0.0435806, 0.126249, 0.991041

252
0.00757754, 0.0216269, -0.0189246
-0.905027, -0.406969, -0.123701
-0.301384, 0.408319, 0.861652
-0.300156, 0.8171, -0.492193

253
0.0039711, 0.0195906, 0.0124463
-0.985851, -0.113911, -0.122969
-0.0234699, -0.632576, 0.774142
-0.16597, 0.766075, 0.620953

254
0.00264349, 0.0204924, -0.00142081
-0.987549, -0.0567753, 0.14671
0.15675, -0.276307, 0.9482
-0.0132973, 0.959391, 0.281767

255
-0.014669, -0.0174537, 0.0141634
0.950861, -0.0883207, 0.296755
-0.0840484, 0.848832, 0.521939
-0.297993, -0.521233, 0.799698

256
0.0122185, 0.0190213, -0.00851459
-0.944438, -0.128043, -0.302725
-0.325757, 0.241861, 0.913994
-0.0438129, 0.961825, -0.270134

257
-0.00183928, -0.0197257, -0.0160436
-0.99713, 0.0265017, -0.0709228
0.0747653, 0.492369, -0.867169
0.0119388, -0.869983, -0.492938

258
-0.000506893, -0.00721201, 0.0297733
-0.748117, 0.506186, 0.429064
-0.640523, -0.719785, -0.267655
0.17335, -0.475063, 0.862708

259
-0.0112488, 0.0151387, -0.0253647
0.99531, -0.0894186, -0.0369192
-0.0963607, -0.882582, -0.460179
0.00856431, 0.461578, -0.887058

260
-0.00380118, -0.00431045, -0.032782
-0.918257, 0.0892774, 0.38579
0.100993, 0.994835, 0.0101634
-0.38289, 0.0482946, -0.922531

261
-0.00219455, -0.000728773, -0.0278166
0.989863, 0.0434602, 0.135214
0.0574506, -0.993191, -0.10135
0.129889, 0.108091, -0.985619

262
0.00325412, -0.028393, -0.0047815
-0.948914, 0.314148, 0.0295528
0.0424592, 0.219935, -0.97459
-0.312665, -0.923547, -0.222038

263
-0.00622291, -0.0190413, -0.00565613
-0.180364, -0.077336, -0.980555
0.978061, 0.091547, -0.187126
0.104238, -0.992793, 0.0591275

264
-0.0103071, 0.0204125, 0.0110355
-0.996683, -0.0627421, 0.0518215
0.0794102, -0.610773, 0.787814
-0.0177779, 0.789316, 0.61373

265
-0.00144332, 0.00407089, -0.0306783
-0.991333, -0.0214854, 0.129602
0.0246865, 0.938494, 0.344413
-0.12903, 0.344627, -0.92983

266
0.00692584, 0.0184434, 0.00335091
0.917286, 0.0195954, -0.397747
-0.393752, 0.193981, -0.898516
0.0595485, 0.98081, 0.185652

267
-0.002089, 0.0190479, -0.0183869
-0.988151, -0.0726556, -0.135195
-0.152345, 0.357302, 0.921481
-0.0186452, 0.931159, -0.364137

268
0.00635453, 0.0171631, 0.00891152
0.962434, 0.060501, 0.264689
0.210294, 0.450549, -0.86763
-0.171748, 0.890699, 0.420901

269
-0.00176416, -0.0163662, -0.0268626
0.950861, -0.0883207, 0.296755
-0.243145, -0.806391, 0.539087
0.191687, -0.584751, -0.78824

270
-0.00691338, 0.0157105, 0.0161808
-0.997274, -0.0375304, -0.063528
-0.0157102, -0.733235, 0.679794
-0.0720939, 0.678939, 0.730646

271
-4.54662e-05, -0.0114272, -0.0250573
0.998454, -0.0520496, -0.0195285
-0.0292159, -0.790143, 0.612226
-0.0472964, -0.610709, -0.790442

272
0.000880473, 0.00209821, -0.0332046
-0.981301, -0.065613, 0.180953
-0.00903311, 0.954769, 0.29721
-0.19227, 0.290018, -0.937508

273
-0.0024637, -0.0134536, -0.0282428
0.944805, -0.0646495, 0.32119
-0.21997, -0.8517, 0.475626
0.242809, -0.520026, -0.818912

274
0.000154203, -0.0168936, 0.0135326
-0.996824, -0.0567145, -0.0559066
0.0795109, -0.669248, -0.738773
0.00448377, -0.740872, 0.671632

275
0.00308278, 0.019721, -0.0184352
0.998017, 0.061675, 0.0125521
0.0535638, -0.727567, -0.683942
-0.0330496, 0.683259, -0.729428

276
-0.00183943, 0.0196883, -0.0120882
0.999301, 0.0342588, 0.0149294
0.0305244, -0.517796, -0.85496
-0.0215595, 0.854818, -0.51848

277
-0.00674808, 0.0171241, 0.0123312
-0.98545, -0.0786017, -0.150696
-0.0457815, -0.73111, 0.680722
-0.163681, 0.677717, 0.716874

278
-0.00317612, 0.0166146, 0.0153281
0.999014, 0.0109917, 0.0430036
0.0198974, 0.755149, -0.655252
-0.0396764, 0.655462, 0.754186

279
-0.00331904, 0.0155083, 0.00958424
-0.996292, -0.0636972, -0.0578351
-0.017631, -0.506798, 0.861885
-0.0842103, 0.859709, 0.503795

280
0.00271056, 0.023345, -0.00664671
0.998017, 0.061675, 0.0125521
0.0368389, -0.410713, -0.91102
-0.0510318, 0.909677, -0.41217

281
-0.00826434, -0.0217331, -0.00167744
-0.266365, -0.00358048, 0.963865
-0.928875, 0.26797, -0.2557
-0.257371, -0.963421, -0.0747036

282
-0.00403618, 0.016293, 0.0169744
-0.997164, -0.02692, -0.0702838
0.00122372, -0.93952, 0.342492
-0.0752529, 0.341435, 0.936888

283
0.00413326, -0.00687398, 0.0203804
0.961676, -0.0191195, 0.273522
-0.0432224, 0.974523, 0.220086
-0.270761, -0.223473, 0.936348

284
0.000260465, -0.0198638, 0.0130706
0.998454, -0.0520496, -0.0195285
0.0472964, 0.610709, 0.790442
-0.0292159, -0.790143, 0.612226

285
0.0215158, -0.000158467, -0.0297
-0.941378, -0.173991, -0.289024
-0.25057, 0.934263, 0.253708
0.225882, 0.311256, -0.923091

286
-0.0011067, 0.019584, 0.00495924
-0.991594, -0.0481448, -0.120097
-0.0924183, -0.386063, 0.917831
-0.0905536, 0.921215, 0.378368

287
-0.00376107, 0.0036114, 0.0179284
-0.997164, -0.02692, -0.0702838
0.0299286, -0.998665, -0.0421102
-0.0690564, -0.0440943, 0.996638

288
-0.00545485, -0.00234592, 0.0194286
-0.998016, -0.0604559, -0.0175808
0.0619693, -0.992582, -0.104601
-0.0111266, -0.105483, 0.994359

289
0.0120567, 0.0180897, -0.00782445
-0.949579, -0.114387, -0.291917
-0.307936, 0.165194, 0.936956
-0.0589528, 0.979605, -0.192088

290
-0.00392556, -0.007837, -0.0263091
0.989188, -0.0191834, 0.145395
-0.0578438, -0.962069, 0.266602
0.134766, -0.27213, -0.952777

291
-0.00116793, 0.0143343, 0.0165778
-0.997265, -0.0434378, 0.05979
0.0735313, -0.664277, 0.743861
0.00740547, 0.746223, 0.665655

292
0.0117667, -0.0207776, -0.00743003
0.961676, -0.0191195, 0.273522
-0.270761, -0.223473, 0.936348
0.0432224, -0.974523, -0.220086

293
-0.00248327, -0.021928, 0.00908386
0.999014, 0.0109917, 0.0430036
-0.0396764, 0.655462, 0.754186
-0.0198974, -0.755149, 0.655252

294
-0.0018846, -0.0230367, -0.0228891
0.931528, 0.0913596, 0.352008
-0.224254, -0.617695, 0.753765
0.286297, -0.781093, -0.554913

295
8.50937e-05, 0.0201678, -0.0220458
0.99813, 0.0587758, 0.0167811
0.0543087, -0.726774, -0.684727
-0.0280493, 0.684358, -0.728607

296
-0.0083515, 0.00487684, 0.0182172
0.671622, 0.0282495, 0.740355
-0.0496505, 0.998743, 0.00693238
-0.739228, -0.0414149, 0.67218

297
0.00711294, 0.0220895, 0.00508981
-0.973111, -0.173286, -0.151744
-0.0555102, -0.462946, 0.884647
-0.223547, 0.869283, 0.440879

298
0.0153464, -0.0456151, 9.80658e-05
0.599377, 0.0436615, 0.799275
-0.755234, 0.361747, 0.54659
-0.26527, -0.931253, 0.249797

299
-0.0030131, -0.0218863, 0.0114103
0.999066, -0.0109823, 0.0417877
-0.0148484, 0.820983, 0.57076
-0.0405752, -0.570848, 0.820053

300
