0
-0.0295102, 0.000439964, -0.013002
0.995639, -0.00661477, 0.0930507
0.00309215, -0.994594, -0.103789
0.0932343, 0.103625, -0.990237

1
-0.0351483, -0.00632863, 0.0143881
-0.954609, -0.294874, 0.0420971
0.281859, -0.939954, -0.192464
0.096322, -0.171863, 0.980401

2
0.0147905, 0.00133387, -0.0195189
-0.977569, 0.0912291, 0.189834
0.168905, 0.878013, 0.447843
-0.12582, 0.469861, -0.873727

3
-0.0344693, -0.00818708, 0.0167663
-0.954609, -0.294874, 0.0420971
0.223543, -0.802635, -0.552997
0.196853, -0.518485, 0.832119

4
-0.0293003, 0.00225532, -0.0151194
0.995639, -0.00661477, 0.0930507
-0.0328224, -0.958541, 0.283058
0.0873206, -0.284878, -0.954578

5
-0.0208834, 0.0120209, -0.0140865
0.998091, -0.0192492, 0.0586817
0.0159642, -0.837475, -0.546243
0.0596592, 0.546137, -0.835569

6
-0.00111832, 0.0113455, -0.0105285
0.999854, 0.00336781, 0.016741
0.0112705, -0.866652, -0.498786
0.0128288, 0.498901, -0.866564

7
0.0218095, 0.00952066, -0.0118504
-0.976502, 0.0596717, 0.207082
0.173664, 0.786873, 0.592175
-0.127611, 0.614223, -0.778746

8
-0.0344897, -0.013589, 0.00958604
0.936737, -0.346224, -0.0515105
0.287665, 0.677602, 0.676834
-0.199433, -0.648833, 0.734331

9
-0.00111832, 0.0113455, -0.0105285
0.999854, 0.00336781, 0.016741
0.0112705, -0.866652, -0.498786
0.0128288, 0.498901, -0.866564

10
-0.00380164, 0.0054434, -0.0171129
0.999338, -0.0141642, 0.0334977
0.00295203, -0.886416, -0.46288
0.0362492, 0.462672, -0.885788

11
0.0181645, -0.0025993, 0.0117659
0.90815, -0.397316, -0.131921
0.399072, 0.916813, -0.0139992
0.126509, -0.0399325, 0.991161

12
0.00415852, 0.00314646, -0.0131125
0.999727, 0.0036573, -0.0230949
0.00158753, -0.996029, -0.0890102
-0.0233288, 0.0889492, -0.995763

13
0.00418189, 0.0106343, -0.0109153
0.999727, 0.0036573, -0.0230949
-0.00746084, -0.886172, -0.463297
-0.0221605, 0.463342, -0.885902

14
-0.00684746, 0.00807359, -0.0111714
0.999375, -0.00538789, 0.0349473
-0.00373344, -0.998877, -0.0472348
0.0351626, 0.0470748, -0.998272

15
-0.00672892, 0.00434402, -0.012964
0.999414, 0.00642814, 0.0336289
0.0113581, -0.988842, -0.148532
0.0322989, 0.148827, -0.988336

16
-0.0368749, 0.00870607, -0.0140499
-0.988613, 0.122269, -0.0877209
0.0551819, 0.836888, 0.544586
0.139998, 0.533544, -0.834105

17
-0.0156477, 0.0116541, -0.0103337
0.998886, 0.00709344, 0.0466497
0.0300712, -0.857562, -0.513501
0.0363625, 0.514332, -0.85682

18
0.0129714, 0.000934045, -0.0172942
-0.980554, 0.0963942, 0.170943
0.130975, 0.970118, 0.204245
-0.146147, 0.222663, -0.963879

19
-0.0181339, -0.0062181, -0.0130957
-0.99799, -0.0177693, -0.0608245
-0.0128569, 0.996694, -0.0802217
0.0620489, -0.0792784, -0.99492

20
-0.0040287, 0.00824984, -0.00915225
0.999338, -0.0141642, 0.0334977
-0.0111447, -0.995999, -0.0886686
0.0346196, 0.0882366, -0.995498

21
-0.00105159, 0.0039529, -0.0130268
0.999854, 0.00336781, 0.016741
0.00550324, -0.991604, -0.129198
0.0161653, 0.129271, -0.991477

22
-0.00396431, 0.0115358, -0.0104146
0.99963, 0.00494785, 0.0267607
0.017865, -0.861098, -0.508126
0.0205294, 0.508416, -0.860867

23
0.0208952, -0.01539, -0.0156131
-0.860523, 0.430148, 0.272898
0.189157, 0.767225, -0.61285
-0.472991, -0.475751, -0.74158

24
-0.00105159, 0.0039529, -0.0130268
0.999854, 0.00336781, 0.016741
0.00550324, -0.991604, -0.129198
0.0161653, 0.129271, -0.991477

25
-0.0271694, -0.00768443, -0.0129263
-0.995985, 0.0563352, -0.0695707
0.0661879, 0.986682, -0.148587
0.0602734, -0.152595, -0.986449

26
-0.00385883, 0.00417122, -0.012993
0.99963, 0.00494785, 0.0267607
0.00864883, -0.990113, -0.140008
0.0258033, 0.140187, -0.989789

27
0.0219791, -0.0120919, -0.0173939
-0.860523, 0.430148, 0.272898
0.355764, 0.890885, -0.28241
-0.364599, -0.145932, -0.919658

28
-0.00113278, 0.00312114, -0.0116315
0.999817, 0.00896254, 0.0169018
0.0148134, -0.921749, -0.387504
0.0121062, 0.387683, -0.921713

29
-0.00676611, 0.00470538, -0.014017
0.999375, -0.00538789, 0.0349473
0.0100069, -0.904827, -0.425662
0.0339147, 0.425745, -0.904207

30
-0.0182477, 0.00608342, -0.0154926
0.998622, 0.0174864, 0.0494807
0.0355971, -0.918495, -0.393826
0.0385612, 0.395045, -0.917852

31
0.0174949, -0.00949997, 0.0121539
0.884525, -0.443512, -0.144615
0.466116, 0.827799, 0.312225
-0.0187637, -0.343578, 0.938937

32
-0.0209965, 0.00403094, -0.0147849
0.998091, -0.0192492, 0.0586817
-0.0308971, -0.978361, 0.204585
0.0534738, -0.206007, -0.977088

33
-0.0246971, -0.0134496, 0.0105208
-0.950641, -0.310215, -0.00697171
0.265249, -0.800775, -0.537031
0.161012, -0.512373, 0.843534

34
-0.0238996, -0.0117346, -0.0146386
-0.982843, -0.175506, -0.0567223
-0.135971, 0.897227, -0.420114
0.124625, -0.405194, -0.905697

35
0.0115557, -0.00638174, 0.0117419
0.998916, -0.00416697, -0.0463596
0.001255, 0.998034, -0.0626652
0.0465296, 0.0625391, 0.996957

36
-0.0315815, -0.00880055, -0.0129155
-0.991671, -0.0852945, -0.0965027
-0.0838927, 0.996303, -0.0184996
0.0977238, -0.0102496, -0.995161

37
-0.0271166, 0.0114737, -0.015931
-0.986013, 0.158528, -0.0514593
0.0873576, 0.754495, 0.650466
0.141943, 0.636873, -0.75779

38
0.00177895, 0.0099626, -0.0140366
-0.999655, 0.0258121, -0.00486621
0.0159358, 0.743254, 0.66882
0.0208805, 0.668511, -0.743409

39
-0.0183899, 0.0076371, -0.0131712
0.998622, 0.0174864, 0.0494807
0.0181307, -0.999756, -0.0126015
0.0492483, 0.0134812, -0.998696

40
-0.00204508, -0.00976238, 0.00969168
-0.998443, -0.0369264, -0.0418015
0.0552181, -0.760118, -0.647435
-0.00786659, -0.648735, 0.760974

41
0.0236645, -0.00193395, -0.0172429
-0.969669, 0.0439074, 0.240445
-0.00744105, 0.977974, -0.208596
-0.244307, -0.204058, -0.947984

42
-0.0216631, 0.0108344, 0.0110899
-0.980273, 0.194993, 0.032284
-0.130462, -0.761063, 0.635424
0.148474, 0.618677, 0.771489

43
0.000433266, -0.0119416, 0.0131942
-0.99762, 0.0688878, -0.00306206
-0.032653, -0.511054, -0.858928
-0.0607345, -0.856784, 0.512087

44
0.0158093, 0.0116067, -0.0126644
-0.976187, 0.182865, 0.116698
0.188659, 0.450124, 0.872809
0.107078, 0.874042, -0.473904

45
-0.0339245, -0.0146692, -0.0141137
-0.95977, -0.275844, -0.0524539
-0.224957, 0.867194, -0.444262
0.168035, -0.414589, -0.89436

46
-0.0313152, -0.00840098, -0.0160055
-0.991671, -0.0852945, -0.0965027
-0.0401094, 0.916542, -0.397923
0.122389, -0.390738, -0.912329

47
-0.00122412, 0.017219, -0.00539174
0.999854, 0.00336781, 0.016741
0.015322, -0.609761, -0.792437
0.00753922, 0.792578, -0.609724

48
-0.0401145, 0.00685646, -0.0140505
-0.95977, -0.275844, -0.0524539
-0.241331, 0.714891, 0.65627
-0.143529, 0.642527, -0.752701

49
-0.0278721, 0.0102985, -0.0139781
-0.982843, -0.175506, -0.0567223
-0.167173, 0.717704, 0.675984
-0.0779293, 0.673869, -0.73473

50
-0.0300989, 0.010935, -0.0163697
-0.986624, 0.151204, -0.0609052
0.0790969, 0.770764, 0.632191
0.142533, 0.618918, -0.772415

51
-0.00122412, 0.017219, -0.00539174
0.999854, 0.00336781, 0.016741
0.015322, -0.609761, -0.792437
0.00753922, 0.792578, -0.609724

52
0.0240539, -0.00391794, -0.0153103
-0.969669, 0.0439074, 0.240445
0.0866177, 0.981619, 0.170061
-0.228558, 0.185729, -0.955649

53
-0.0124912, 0.0015623, -0.0150034
-0.99698, -0.0431813, -0.064553
-0.0691531, 0.871891, 0.484793
0.0353491, 0.487793, -0.872243

54
-0.0220518, 0.0114066, 0.0141081
-0.96189, 0.270184, 0.0420548
-0.174195, -0.724041, 0.667399
0.21077, 0.634638, 0.743512

55
-0.0379438, -0.00868127, -0.0109659
-0.989264, -0.122729, -0.0793372
-0.121662, 0.992405, -0.0181598
0.0809634, -0.00831254, -0.996682

56
0.0213704, -0.00586165, -0.0181482
-0.965921, 0.0949933, 0.240774
0.147446, 0.966475, 0.210206
-0.212734, 0.238544, -0.947545

57
-0.0124793, 0.0028202, -0.0150918
-0.999013, -0.0108295, -0.0430683
-0.0350676, 0.787406, 0.615436
0.0272473, 0.61634, -0.787009

58
-0.00801316, -0.0117474, 0.00978465
0.99937, 0.000380772, 0.0354955
-0.0217812, 0.796152, 0.604704
-0.0280296, -0.605096, 0.795659

59
0.00427273, 0.0167114, -0.00602069
0.999727, 0.0036573, -0.0230949
-0.0153734, -0.641403, -0.76705
-0.0176185, 0.767196, -0.641171

60
0.0114075, -0.00102221, -0.0132653
-0.969107, 0.162966, 0.185132
0.157631, 0.986549, -0.0432782
-0.189695, -0.0127586, -0.98176

61
-0.0272887, 0.00391467, 0.0149382
-0.954445, 0.29216, 0.060637
-0.249639, -0.893171, 0.374066
0.163446, 0.341888, 0.925418

62
-0.0040513, 0.0150342, -0.00560952
0.999338, -0.0141642, 0.0334977
0.0165993, -0.641885, -0.766621
0.0323602, 0.76667, -0.641225

63
0.0114752, -0.0141156, 0.0107037
0.998916, -0.00416697, -0.0463596
0.0189656, 0.945996, 0.323624
0.0425075, -0.324152, 0.945049

64
0.0114796, -0.000876261, -0.0162026
-0.966073, 0.175702, 0.189294
0.171562, 0.984434, -0.0381742
-0.193055, -0.00440344, -0.981178

65
0.00455813, 0.00817749, 0.0118965
0.999982, -0.00340362, 0.0049947
0.00603506, 0.607549, -0.794259
-0.000331164, 0.794275, 0.607558

66
-0.00674011, 0.0117312, -0.0136774
0.999375, -0.00538789, 0.0349473
0.0222237, -0.673026, -0.739285
0.0275036, 0.739599, -0.672485

67
0.00141721, -0.00340798, -0.0106488
-0.999655, 0.0258121, -0.00486621
0.0260331, 0.998269, -0.0527425
0.00349639, -0.052851, -0.998596

68
-0.001237, 0.0131402, -0.0107788
0.999817, 0.00896254, 0.0169018
0.0183187, -0.703225, -0.710731
0.00551583, 0.710911, -0.703261

69
-0.0206975, 0.0169382, 0.00354264
-0.980273, 0.194993, 0.032284
-0.0637126, -0.466373, 0.882291
0.187097, 0.862829, 0.469596

70
0.0147396, 0.0062166, -0.0131658
-0.976187, 0.182865, 0.116698
0.215275, 0.750341, 0.625015
0.0267299, 0.635254, -0.77184

71
0.000534708, -0.0105324, 0.0118478
-0.99762, 0.0688878, -0.00306206
-0.0534096, -0.800029, -0.597579
-0.0436156, -0.595993, 0.801804

72
0.0152394, -0.00587885, -0.0135853
0.739989, -0.657253, -0.142953
-0.672496, -0.718892, -0.175906
0.0128471, 0.226304, -0.973972

73
-0.0185053, 0.0115852, -0.0122033
-0.99799, -0.0177693, -0.0608245
-0.0529664, 0.760828, 0.646789
0.034784, 0.648711, -0.76024

74
0.0153782, 0.000164681, -0.015118
-0.975272, 0.125273, 0.182074
0.186021, 0.910132, 0.370211
-0.119334, 0.394926, -0.91093

75
-0.0246727, -0.00938756, 0.0126667
-0.999305, -0.0359327, 0.00994518
0.0245161, -0.834259, -0.550828
0.0280896, -0.550201, 0.834559

76
0.0125193, -0.0179919, 0.00776441
0.884525, -0.443512, -0.144615
0.423454, 0.633305, 0.647774
-0.19571, -0.63421, 0.747981

77
-0.0185684, 0.0111405, -0.0108073
0.998622, 0.0174864, 0.0494807
0.0476441, -0.697402, -0.715095
0.0220035, 0.716467, -0.697274

78
0.0107518, -0.00148881, -0.016287
-0.969107, 0.162966, 0.185132
0.218225, 0.916335, 0.33572
-0.114932, 0.365749, -0.92359

79
-0.0256952, -0.00293737, -0.0107448
-0.982843, -0.175506, -0.0567223
-0.173313, 0.98399, -0.0415396
0.0631046, -0.0309961, -0.997525

80
-0.0231435, 0.0165673, 0.0132276
0.936737, -0.346224, -0.0515105
0.0741671, 0.340136, -0.937447
0.342087, 0.87432, 0.344297

81
-0.0302278, 0.0172496, 0.00976964
-0.916356, 0.397122, 0.0508472
-0.265467, -0.697751, 0.665336
0.299698, 0.596186, 0.744811

82
0.0148809, -0.0169462, 0.00751245
0.997992, 0.0321743, -0.0545556
0.00831664, 0.787335, 0.61647
0.062788, -0.615686, 0.785486

83
0.0241861, 0.00979288, -0.0174307
-0.96971, 0.0920627, 0.226247
0.216071, 0.755276, 0.618766
-0.113914, 0.648908, -0.752291

84
0.00451612, -0.0189377, 0.00182868
0.999982, -0.00340362, 0.0049947
-0.00261547, 0.501316, 0.86526
-0.00544894, -0.865258, 0.501298

85
-0.0079856, -0.00856063, 0.00979622
0.999424, -0.00383269, 0.0337228
-0.0170524, 0.802384, 0.596565
-0.0293451, -0.596796, 0.801856

86
0.024827, 0.00552163, 0.0131495
0.913608, -0.378308, -0.149011
0.194228, 0.728024, -0.657462
0.357207, 0.57172, 0.738606

87
0.0233293, -0.00190708, -0.0179201
-0.969838, 0.062332, 0.235647
0.157488, 0.898112, 0.410601
-0.186044, 0.435328, -0.880839

88
0.0152033, -0.00119255, -0.0169454
-0.969635, 0.120011, 0.213086
0.168892, 0.95877, 0.22855
-0.176872, 0.257599, -0.949926

89
-0.00669116, -0.00345083, -0.0125961
0.999414, 0.00642814, 0.0336289
-0.00186677, -0.970525, 0.240994
0.0341868, -0.240915, -0.969944

90
-0.00377989, -0.00351691, -0.0151679
-0.999433, -0.0153655, -0.0299452
-0.00653303, 0.961351, -0.275247
0.0330171, -0.274895, -0.960907

91
0.00277084, -0.0142071, -0.00262072
-0.99584, 0.0897103, 0.0159448
0.00331412, 0.210541, -0.97758
-0.091056, -0.97346, -0.209962

92
-0.0302278, 0.0172496, 0.00976964
-0.916356, 0.397122, 0.0508472
-0.265467, -0.697751, 0.665336
0.299698, 0.596186, 0.744811

93
-0.0170748, -0.0140912, 0.0048139
-0.998906, 0.045672, -0.0100038
-0.000137706, -0.216837, -0.976208
-0.0467546, -0.975139, 0.216606

94
0.00652333, -0.00577813, -0.0127319
-0.998481, 0.0113194, 0.0539133
-0.000119128, 0.978216, -0.207589
-0.0550887, -0.20728, -0.976729

95
0.0233062, 0.00111599, -0.0176714
-0.96971, 0.0920627, 0.226247
0.156031, 0.946111, 0.283776
-0.187929, 0.310481, -0.931818

96
0.0045646, -0.0165011, -0.00621701
0.999982, -0.00340362, 0.0049947
-0.0045016, 0.132036, 0.991235
-0.00403326, -0.991239, 0.132018

97
0.0201514, -0.00102822, -0.0173229
-0.967215, 0.098353, 0.234139
0.12867, 0.984653, 0.117912
-0.218949, 0.144172, -0.965026

98
0.0171652, -0.0112845, -0.0186261
0.578125, -0.764375, -0.285486
-0.778247, -0.621685, 0.0885393
-0.24516, 0.170992, -0.954284

99
-0.00390672, 0.00450242, -0.0150496
-0.999433, -0.0153655, -0.0299452
-0.0279662, 0.874158, 0.484835
0.0187271, 0.485398, -0.874093

100
-0.0159332, 0.0174346, -0.00509907
0.998886, 0.00709344, 0.0466497
0.0416975, -0.595457, -0.802304
0.0220868, 0.803356, -0.59509

101
0.00963767, -0.00447382, -0.0151395
-0.995146, -0.0513335, 0.0839653
-0.0589166, 0.994154, -0.0904799
-0.0788298, -0.0949876, -0.992352

102
-0.0360563, 0.0045506, 0.00970306
0.944251, -0.320266, -0.0762927
0.320794, 0.947133, -0.00557117
0.0740436, -0.0192136, 0.99707

103
-0.0328951, 0.00819497, -0.0144386
-0.991671, -0.0852945, -0.0965027
-0.128422, 0.71174, 0.690604
0.0097801, 0.697245, -0.716766

104
0.0239821, -0.000462564, -0.0156157
-0.969838, 0.062332, 0.235647
0.0743043, 0.99634, 0.0422633
-0.23215, 0.0584982, -0.970919

105
-0.0123833, -0.00590392, -0.0151238
-0.999013, -0.0108295, -0.0430683
-0.0219712, 0.963331, 0.267414
0.0385931, 0.268096, -0.962619

106
-0.0366162, -0.00599847, -0.0104598
-0.95977, -0.275844, -0.0524539
-0.272137, 0.959839, -0.0681874
0.0691564, -0.0511696, -0.996293

107
0.00159586, 0.00294031, -0.013673
-0.999655, 0.0258121, -0.00486621
0.0227134, 0.942505, 0.333419
0.0131927, 0.333193, -0.942766

108
-0.0385174, -0.00225151, -0.0137601
-0.989264, -0.122729, -0.0793372
-0.143385, 0.920044, 0.364636
0.0282423, 0.372097, -0.927764

109
-0.0316701, -0.0139679, 0.0095168
0.939836, -0.338233, -0.0480244
0.274841, 0.665103, 0.694334
-0.202906, -0.66576, 0.718048

110
0.0148489, -0.00998292, 0.0110349
0.997992, 0.0321743, -0.0545556
-0.0163443, 0.963015, 0.268951
0.0611912, -0.26752, 0.961607

111
-0.0253244, 0.00838465, 0.0113951
-0.999305, -0.0359327, 0.00994518
0.0371979, -0.978961, 0.200628
0.00252682, 0.200859, 0.979617

112
-0.0232393, -0.0140793, 0.0120515
0.99237, -0.122409, -0.0147423
0.0874268, 0.614326, 0.784194
-0.0869357, -0.7795, 0.620341

113
-0.0379763, -0.000828834, -0.011361
-0.925941, 0.376624, 0.0280757
0.358537, 0.899963, -0.248028
-0.118681, -0.219593, -0.968346

114
-0.029549, 0.00151195, 0.0133057
0.938312, 0.345491, 0.0144036
-0.337056, 0.923119, -0.185054
-0.0772306, 0.168783, 0.982623

115
-0.00395911, 0.00287299, -0.0135021
0.999338, -0.0141642, 0.0334977
-0.0235447, -0.95395, 0.299041
0.0277195, -0.299632, -0.953652

116
-0.0268127, -0.00575347, 0.00932491
0.938312, 0.345491, 0.0144036
-0.340954, 0.917441, 0.205066
0.0576341, -0.197327, 0.978642

117
-0.0165818, -0.0101984, 0.00982407
-0.998489, 0.0534474, -0.0127522
-0.0383437, -0.843976, -0.535009
-0.0393574, -0.533712, 0.84475

118
-0.00101334, -0.00292627, -0.0154898
0.999817, 0.00896254, 0.0169018
0.00191429, -0.925909, 0.377743
0.0190351, -0.377641, -0.925756

119
0.00729567, -0.00265482, 0.0121072
-0.996062, 0.0836154, 0.0294654
-0.0871116, -0.861332, -0.500519
-0.0164716, -0.501115, 0.865224

120
-0.0252115, 0.0118091, 0.00959837
-0.954445, 0.29216, 0.060637
-0.168088, -0.694348, 0.699734
0.246537, 0.657665, 0.711826

121
0.0213347, 0.00994821, -0.014421
-0.97446, 0.0665247, 0.21448
0.190162, 0.752462, 0.630587
-0.119438, 0.655268, -0.745895

122
-0.0281914, -0.00212415, -0.009186
0.956637, 0.289784, 0.0295215
0.289891, -0.957059, 0.000690948
0.0284541, 0.00789704, -0.999564

123
-0.0382104, -0.00117918, -0.0127776
-0.988613, 0.122269, -0.0877209
0.104556, 0.977362, 0.183933
0.108224, 0.172667, -0.979017

124
-0.00242292, -0.00429673, 0.0138883
-0.998443, -0.0369264, -0.0418015
0.0480045, -0.950517, -0.30694
-0.0283988, -0.308469, 0.95081

125
-0.0183268, 0.00153096, -0.012195
-0.99799, -0.0177693, -0.0608245
-0.0356233, 0.951164, 0.306624
0.0524056, 0.308175, -0.949885

126
0.0196984, -0.0061041, -0.0162279
0.721491, -0.668647, -0.179894
-0.647609, -0.743572, 0.166443
-0.245056, -0.00358581, -0.969502

127
-0.0193567, -0.0102442, 0.0128263
-0.995658, 0.0930857, -0.000999416
-0.0780123, -0.840192, -0.536648
-0.050794, -0.53424, 0.843806

128
-0.0131891, 0.0128971, -0.011807
-0.99698, -0.0431813, -0.064553
-0.0774167, 0.618852, 0.781684
0.00619458, 0.78432, -0.620325

129
-0.00383192, -0.0036202, -0.0125578
0.99963, 0.00494785, 0.0267607
-0.00188404, -0.968392, 0.249426
0.0271489, -0.249384, -0.968024

130
0.0283002, 0.000217669, -0.0168643
-0.860523, 0.430148, 0.272898
0.468209, 0.878917, 0.0910255
-0.2007, 0.206103, -0.957727

131
-0.029425, -0.0112126, 0.0133187
-0.996174, -0.0734731, 0.0473221
0.0394213, -0.861038, -0.50701
0.0779977, -0.503204, 0.86064

132
-0.0443712, -0.013782, -0.00275925
-0.916356, 0.397122, 0.0508472
-0.0242055, 0.0718169, -0.997124
-0.399632, -0.914951, -0.0561973

133
-0.0266526, 0.00337677, -0.0136932
-0.982843, -0.175506, -0.0567223
-0.18427, 0.92095, 0.343359
-0.00802305, 0.34792, -0.93749

134
-0.0320622, -0.000440406, -0.0153644
-0.991671, -0.0852945, -0.0965027
-0.114904, 0.924386, 0.36374
0.0581807, 0.371799, -0.926488

135
-0.0206365, 0.00835298, 0.0145425
-0.976666, 0.213249, 0.0254712
-0.145521, -0.744329, 0.651765
0.157947, 0.63285, 0.757993

136
-0.0354238, -0.0154428, 0.00506023
0.936737, -0.346224, -0.0515105
0.189448, 0.377725, 0.906329
-0.294336, -0.858751, 0.41942

137
0.0209759, 0.00298293, -0.0138977
-0.976502, 0.0596717, 0.207082
0.11161, 0.962029, 0.249085
-0.184356, 0.266345, -0.946083

138
-0.0205335, -0.0129091, 0.0123103
-0.992804, -0.114724, -0.0343285
0.0944173, -0.573597, -0.813678
0.0736579, -0.811064, 0.580302

139
-0.0352476, -1.84173e-05, 0.0108041
0.93746, -0.342602, -0.0615869
0.336795, 0.937433, -0.0882503
0.0879683, 0.0619889, 0.994193

140
-0.00470041, -0.0135399, -0.00656495
0.999336, -0.018377, 0.0314524
-0.0292583, 0.109432, 0.993564
-0.0217006, -0.993824, 0.108821

141
0.0180182, 0.00146761, -0.0148852
-0.975207, 0.109035, 0.19257
0.16439, 0.939493, 0.300548
-0.148148, 0.324753, -0.934124

142
0.020634, 0.00335558, -0.0176214
-0.971778, 0.117916, 0.204311
0.168085, 0.953808, 0.248995
-0.165513, 0.276309, -0.946709

143
-0.0220231, 0.00792927, 0.0114799
-0.999254, 0.0369724, 0.0111718
-0.034386, -0.983319, 0.178607
0.017589, 0.17809, 0.983857

144
0.0129222, -0.00794322, -0.0125707
-0.980554, 0.0963942, 0.170943
0.0650772, 0.981482, -0.180162
-0.185144, -0.165535, -0.968669

145
-0.0375093, -0.0127848, -0.0100357
-0.989264, -0.122729, -0.0793372
-0.0287784, 0.695859, -0.717602
0.143278, -0.707614, -0.69192

146
0.00902327, 0.00920318, -0.0140596
-0.995146, -0.0513335, 0.0839653
0.0140807, 0.770139, 0.63772
-0.0974014, 0.635807, -0.765678

147
-0.00675376, 0.000592229, -0.0150045
0.999375, -0.00538789, 0.0349473
-0.0169054, -0.940857, 0.338383
0.0310572, -0.338762, -0.940359

148
0.0166788, -0.00704248, -0.0168501
-0.975207, 0.109035, 0.19257
0.0951825, 0.992256, -0.0798036
-0.19978, -0.0594957, -0.978033

149
0.00459813, 0.0102887, 0.00532616
0.999982, -0.00340362, 0.0049947
0.0057024, 0.257346, -0.966303
0.00200356, 0.966313, 0.257361

150
-0.00103408, -0.00383331, -0.0125062
0.999854, 0.00336781, 0.016741
-0.00110186, -0.965592, 0.260058
0.0170408, -0.260039, -0.965448

151
0.00440684, 0.00112843, 0.0132743
-0.99584, 0.0897103, 0.0159448
-0.085393, -0.97993, 0.180124
0.0317838, 0.178013, 0.983515

152
-0.00103408, -0.00383331, -0.0125062
0.999854, 0.00336781, 0.016741
-0.00110186, -0.965592, 0.260058
0.0170408, -0.260039, -0.965448

153
-0.0180994, -0.0116445, -0.0122215
0.998622, 0.0174864, 0.0494807
-0.0385612, -0.395045, 0.917852
0.0355971, -0.918495, -0.393826

154
0.000458894, -0.00777494, 0.0116609
-0.997038, 0.0769115, 9.44286e-05
-0.0611501, -0.79197, -0.60749
-0.0466482, -0.605697, 0.794327

155
-0.0381998, 0.000104497, -0.0135782
-0.95977, -0.275844, -0.0524539
-0.277887, 0.906358, 0.318268
-0.0402502, 0.32004, -0.946549

156
0.0203608, -0.00469655, -0.0142734
-0.971778, 0.117916, 0.204311
0.0919512, 0.986942, -0.132249
-0.217238, -0.10973, -0.969931

157
0.019425, 0.000197204, 0.0134553
-0.990478, 0.0835111, 0.109449
-0.107182, -0.966709, -0.232349
0.086402, -0.241868, 0.966455

158
0.0114432, -0.0100556, 0.00964816
0.998916, -0.00416697, -0.0463596
0.0337888, 0.749938, 0.660644
0.032014, -0.661495, 0.749266

159
-0.0378865, 0.00137391, -0.0152147
0.993728, -0.0260061, 0.108762
-0.0595931, -0.946129, 0.318258
0.094626, -0.322743, -0.941745

160
0.024398, -0.00287078, 0.0131228
-0.967574, 0.180999, 0.176185
-0.216256, -0.954021, -0.207552
0.130517, -0.238923, 0.962227

161
0.0128803, -0.00917013, 0.0128345
-0.990264, 0.115384, 0.0778759
-0.135788, -0.923847, -0.357866
0.0306534, -0.364957, 0.93052

162
-0.0393738, 0.00472921, -0.0138805
-0.989264, -0.122729, -0.0793372
-0.143278, 0.707614, 0.69192
-0.0287784, 0.695859, -0.717602

163
0.0187221, -0.00849489, 0.0137272
-0.990478, 0.0835111, 0.109449
-0.132088, -0.800564, -0.584509
0.0388083, -0.5934, 0.803971

164
-0.0311643, -0.016426, -0.0104624
-0.991671, -0.0852945, -0.0965027
0.0097801, 0.697245, -0.716766
0.128422, -0.71174, -0.690604

165
-0.00260188, 0.00390476, 0.0109178
-0.998443, -0.0369264, -0.0418015
0.0334826, -0.99621, 0.080284
-0.0446076, 0.0787594, 0.995895

166
0.000458894, -0.00777494, 0.0116609
-0.997038, 0.0769115, 9.44286e-05
-0.0611501, -0.79197, -0.60749
-0.0466482, -0.605697, 0.794327

167
-0.0154571, 0.012341, 0.00234101
-0.998154, 0.059964, -0.009648
-0.0397839, -0.525499, 0.849864
0.0458912, 0.848679, 0.526914

168
-0.0193265, 0.0154531, 0.00532896
-0.976666, 0.213249, 0.0254712
-0.0740006, -0.445489, 0.892224
0.201613, 0.86952, 0.450875

169
0.0197552, -0.00255652, -0.0180573
-0.976502, 0.0596717, 0.207082
0.032564, 0.990725, -0.131926
-0.213034, -0.122082, -0.969388

170
0.00123656, -0.0102701, -0.00993651
-0.999655, 0.0258121, -0.00486621
0.0253894, 0.902055, -0.430874
-0.00673217, -0.430849, -0.902399

171
-0.0227574, 0.00921666, 0.01204
-0.96189, 0.270184, 0.0420548
-0.241593, -0.911792, 0.332066
0.128064, 0.309251, 0.942318

172
-0.0361949, 0.00364524, -0.0126263
-0.925941, 0.376624, 0.0280757
0.376662, 0.915492, 0.141422
0.0275597, 0.141523, -0.989551

173
-0.0221717, -0.0056753, 0.0141382
0.99237, -0.122409, -0.0147423
0.114041, 0.865865, 0.487107
-0.0468613, -0.485071, 0.873218

174
0.0129449, 0.0100247, -0.0149416
-0.969107, 0.162966, 0.185132
0.245596, 0.706617, 0.663607
-0.0226724, 0.688574, -0.724812

175
-0.0385487, -0.00270161, 0.0156335
-0.916356, 0.397122, 0.0508472
-0.378475, -0.817822, -0.433502
-0.13057, -0.416487, 0.899717

176
-0.00135837, 0.0158514, 0.00290185
0.999854, 0.00336781, 0.016741
0.0170408, -0.260039, -0.965448
0.00110186, 0.965592, -0.260058

177
-0.023867, -0.016027, 0.012017
-0.950641, -0.310215, -0.00697171
0.183441, -0.543743, -0.818958
0.250263, -0.779814, 0.573811

178
0.0225921, 0.0117486, -0.000724415
-0.970804, 0.0985383, 0.218699
0.200595, -0.166438, 0.965433
0.131532, 0.981116, 0.141812

179
-0.0326584, 0.00194198, 0.0114517
0.942343, -0.328001, -0.0663719
0.326707, 0.944656, -0.0298
0.072473, 0.00639764, 0.99735

180
-0.0384141, 0.0139991, -0.00796123
-0.993657, 0.108883, -0.0281047
-0.0365655, -0.0765057, 0.996398
0.106341, 0.991106, 0.0800018

181
-0.0430553, -0.0134564, -0.00133018
0.944251, -0.320266, -0.0762927
0.19117, 0.344701, 0.91904
-0.268039, -0.882389, 0.386709

182
-0.00286417, 0.0126198, 0.00948397
-0.998443, -0.0369264, -0.0418015
0.0138633, -0.890238, 0.455285
-0.0540253, 0.453997, 0.889364

183
-0.00141319, 0.0138856, -0.000752131
0.999817, 0.00896254, 0.0169018
0.0190351, -0.377641, -0.925756
-0.00191429, 0.925909, -0.377743

184
0.0148076, -0.00101173, -0.0188479
-0.969635, 0.120011, 0.213086
0.0883504, 0.984367, -0.152368
-0.228041, -0.128915, -0.965079

185
0.0160075, 0.000329354, -0.0127693
-0.977569, 0.0912291, 0.189834
0.107898, 0.990987, 0.0793921
-0.18088, 0.098094, -0.978601

186
-0.0231116, -0.0139473, 0.0103905
-0.967311, -0.252869, -0.0191526
0.222594, -0.810458, -0.541857
0.121496, -0.528408, 0.840252

187
-0.0379477, -0.00638166, -0.0144746
-0.989264, -0.122729, -0.0793372
-0.0814179, 0.913682, -0.398191
0.121359, -0.387457, -0.913865

188
0.00959107, -0.00917029, -0.0181424
-0.966073, 0.175702, 0.189294
0.0846234, 0.907813, -0.410749
-0.244013, -0.380795, -0.891882

189
0.00457279, 0.00839379, 0.00910794
0.999982, -0.00340362, 0.0049947
0.00544894, 0.865258, -0.501298
-0.00261547, 0.501316, 0.86526

190
-0.018064, -0.00188591, -0.0163847
0.998622, 0.0174864, 0.0494807
-0.00209596, -0.928813, 0.370542
0.0524378, -0.370135, -0.927497

191
-0.00135837, 0.0158514, 0.00290185
0.999854, 0.00336781, 0.016741
0.0170408, -0.260039, -0.965448
0.00110186, 0.965592, -0.260058

192
-0.0154729, 0.0043076, -0.0129594
0.998886, 0.00709344, 0.0466497
0.0138669, -0.98911, -0.146523
0.0451023, 0.147006, -0.988107

193
-0.0365875, 0.0100073, -0.0154758
-0.988613, 0.122269, -0.0877209
-0.00259358, 0.569005, 0.82233
0.150459, 0.813193, -0.562209

194
-0.00499981, -0.0161585, 0.00141789
0.999336, -0.018377, 0.0314524
-0.0187267, 0.481422, 0.876289
-0.0312454, -0.876296, 0.480758

195
0.0190602, 0.0101217, -0.0145088
-0.975207, 0.109035, 0.19257
0.20857, 0.743701, 0.635144
-0.0739616, 0.659561, -0.748003

196
0.0131595, -0.0271975, -0.0133968
0.576412, -0.748218, -0.328511
0.051714, -0.36781, 0.928462
-0.815521, -0.552165, -0.173317

197
-0.0246106, -0.0107199, 0.0140914
-0.999305, -0.0359327, 0.00994518
0.0119005, -0.560201, -0.828271
0.0353333, -0.827577, 0.56024

198
0.0159964, 0.00169891, -0.0128625
-0.975272, 0.125273, 0.182074
0.126194, 0.991984, -0.00656695
-0.181437, 0.016572, -0.983263

199
-0.0318395, -0.000711351, -0.017086
-0.986624, 0.151204, -0.0609052
0.127621, 0.948943, 0.288478
0.101415, 0.276847, -0.955547

200
-0.0243066, 0.0130835, 0.0154919
0.936737, -0.346224, -0.0515105
0.199433, 0.648833, -0.734331
0.287665, 0.677602, 0.676834

201
-0.030913, 0.015813, 0.00864029
-0.916356, 0.397122, 0.0508472
-0.13057, -0.416487, 0.899717
0.378475, 0.817822, 0.433502

202
-0.020125, -0.00776688, 0.0116871
-0.998049, 0.0617321, 0.00933823
-0.0547533, -0.793544, -0.606045
-0.0300021, -0.605374, 0.795375

203
0.0251904, 0.00498283, 0.00940615
-0.967574, 0.180999, 0.176185
-0.149848, -0.972832, 0.176475
0.20334, 0.144352, 0.968409

204
-0.0230135, -0.0190681, -0.0106536
0.956637, 0.289784, 0.0295215
0.0846484, -0.373547, 0.923741
0.278713, -0.881185, -0.381878

205
0.0251904, 0.00498283, 0.00940615
-0.967574, 0.180999, 0.176185
-0.149848, -0.972832, 0.176475
0.20334, 0.144352, 0.968409

206
-0.0388184, -0.0078807, -0.015266
-0.988613, 0.122269, -0.0877209
0.150459, 0.813193, -0.562209
0.00259358, -0.569005, -0.82233

207
0.0258686, 0.0121167, 0.00580226
-0.967574, 0.180999, 0.176185
0.0378243, -0.585824, 0.809555
0.249742, 0.789968, 0.559981

208
-0.0260611, -0.00868392, -0.01383
0.956637, 0.289784, 0.0295215
0.256936, -0.88723, 0.383155
0.137225, -0.358955, -0.923212

209
0.0179845, -0.0216296, -0.0149563
-0.860523, 0.430148, 0.272898
-0.00624702, 0.526761, -0.84999
-0.509374, -0.733141, -0.450603

210
-0.0041323, 0.0173523, -0.00521499
0.99963, 0.00494785, 0.0267607
0.0243614, -0.600988, -0.798887
0.0121301, 0.799243, -0.600886

211
-0.0379819, 0.0096215, -0.0123707
0.993728, -0.0260061, 0.108762
-0.0188451, -0.997618, -0.0663583
0.110228, 0.0638924, -0.991851

212
0.0194348, 0.0142132, -0.0017924
-0.977569, 0.0912291, 0.189834
0.18088, -0.098094, 0.978601
0.107898, 0.990987, 0.0793921

213
-0.0388184, -0.0078807, -0.015266
-0.988613, 0.122269, -0.0877209
0.150459, 0.813193, -0.562209
0.00259358, -0.569005, -0.82233

214
-0.0267546, 9.962e-05, -0.0125617
-0.995985, 0.0563352, -0.0695707
0.038084, 0.969971, 0.240221
0.0810144, 0.236607, -0.968222

215
-0.0296188, 0.0193664, -0.00663813
-0.925941, 0.376624, 0.0280757
0.118681, 0.219593, 0.968346
0.358537, 0.899963, -0.248028

216
-0.0234181, 0.0177088, 0.000561472
0.936737, -0.346224, -0.0515105
-0.0623896, -0.0203429, -0.997845
0.34443, 0.937931, -0.0406567

217
-0.0332695, 0.00977109, 0.0133607
-0.916356, 0.397122, 0.0508472
-0.359949, -0.872788, 0.329663
0.175295, 0.283787, 0.942728

218
-0.0185684, 0.0111405, -0.0108073
0.998622, 0.0174864, 0.0494807
0.0476441, -0.697402, -0.715095
0.0220035, 0.716467, -0.697274

219
0.0222944, -0.0138915, -0.0276741
0.576412, -0.748218, -0.328511
-0.540093, -0.650521, 0.533968
-0.613228, -0.130359, -0.779075

220
-0.0449203, 0.0144686, -0.00491578
0.941123, 0.337181, 0.0244264
0.149879, -0.351386, -0.924156
-0.303025, 0.873405, -0.381234

221
-0.0125184, -0.0114646, -0.0105926
-0.999013, -0.0108295, -0.0430683
0.0117534, 0.870751, -0.491584
0.0428254, -0.491605, -0.869764

222
0.00295686, -0.0135629, 0.00537241
-0.99584, 0.0897103, 0.0159448
-0.0620429, -0.539466, -0.839719
-0.0667298, -0.837215, 0.542787

223
-0.0167026, -0.00392799, 0.0140429
-0.998906, 0.045672, -0.0100038
-0.0331579, -0.842854, -0.53712
-0.0329631, -0.5362, 0.843447

224
0.0197015, 0.00815402, 0.00988697
-0.990478, 0.0835111, 0.109449
-0.0659586, -0.985681, 0.155183
0.120842, 0.146487, 0.981804

225
0.0131313, 0.00779576, -0.0158226
-0.966073, 0.175702, 0.189294
0.232381, 0.911183, 0.340212
-0.112705, 0.372658, -0.921099

226
0.00446919, 0.0156812, 0.00232032
0.999727, 0.0036573, -0.0230949
-0.0209454, -0.298986, -0.954028
-0.0103942, 0.954251, -0.298827

227
-0.00508161, -0.00421689, 0.0109943
0.999336, -0.018377, 0.0314524
0.00885206, 0.960052, 0.279682
-0.0353356, -0.279218, 0.959577

228
-0.0167117, -0.00665571, 0.0140691
-0.998154, 0.059964, -0.009648
-0.0458912, -0.848679, -0.526914
-0.0397839, -0.525499, 0.849864

229
-0.0205823, -0.0116321, 0.00945624
-0.992804, -0.114724, -0.0343285
0.115418, -0.840315, -0.529669
0.0319191, -0.529819, 0.84751

230
0.0206629, 0.0012567, -0.0147774
-0.97446, 0.0665247, 0.21448
0.12998, 0.945944, 0.297145
-0.183118, 0.317434, -0.930432

231
-0.0376409, -0.0062566, 0.0090763
0.93746, -0.342602, -0.0615869
0.344822, 0.889797, 0.298928
-0.0476138, -0.30147, 0.952286

232
-0.00686503, 0.0116857, -0.0103225
0.999414, 0.00642814, 0.0336289
0.0228537, -0.856618, -0.515446
0.0254937, 0.515912, -0.856262

233
-0.0375072, -0.0170334, -0.00349
-0.989264, -0.122729, -0.0793372
0.0282423, 0.372097, -0.927764
0.143385, -0.920044, -0.364636

234
-0.0163082, 0.0159186, 0.00316129
0.998886, 0.00709344, 0.0466497
0.0469757, -0.2427, -0.968963
0.00444858, 0.970075, -0.242763

235
-0.0325386, -0.0157316, 0.00494219
0.939836, -0.338233, -0.0480244
0.176271, 0.3597, 0.916267
-0.292637, -0.869606, 0.39768

236
-0.0361365, 0.00379882, 0.00833594
-0.916356, 0.397122, 0.0508472
-0.399632, -0.914951, -0.0561973
0.0242055, -0.0718169, 0.997124

237
0.0321725, -0.000481641, 0.0102392
-0.895718, 0.378796, 0.232814
-0.300863, -0.901909, 0.309907
0.327369, 0.207544, 0.921822

238
-0.00720585, 0.016776, 0.000418898
0.999375, -0.00538789, 0.0349473
0.0310572, -0.338762, -0.940359
0.0169054, 0.940857, -0.338383

239
-0.0254392, 0.0029728, 0.0154362
-0.970736, 0.235964, 0.0446473
-0.209484, -0.922917, 0.323019
0.117427, 0.304213, 0.945339

240
-0.0336286, -0.0174603, 0.000773834
0.941123, 0.337181, 0.0244264
-0.0225076, -0.00959898, 0.999701
0.337314, -0.941391, -0.00144467

241
-0.0273666, -0.00751967, 0.0141404
-0.96189, 0.270184, 0.0420548
-0.261387, -0.863408, -0.431513
-0.0802774, -0.426061, 0.901126

242
-0.0108856, -0.00805999, 0.00981818
0.999434, -0.018812, 0.0278858
-0.000622301, 0.818516, 0.574483
-0.0336321, -0.574175, 0.818041

243
-0.0223402, 0.0147161, -0.0140644
-0.969901, 0.242671, 0.020066
0.137216, 0.476619, 0.868335
0.201156, 0.844953, -0.495572

244
-0.0170576, -0.0122561, 0.0114667
-0.998906, 0.045672, -0.0100038
-0.0180194, -0.573501, -0.819007
-0.0431429, -0.817931, 0.573696

245
-0.030913, 0.015813, 0.00864029
-0.916356, 0.397122, 0.0508472
-0.13057, -0.416487, 0.899717
0.378475, 0.817822, 0.433502

246
0.00280811, -0.0153507, 0.00614097
-0.99584, 0.0897103, 0.0159448
-0.0317838, -0.178013, -0.983515
-0.085393, -0.97993, 0.180124

247
-0.0401498, 0.00146346, -0.00919428
0.941123, 0.337181, 0.0244264
0.337314, -0.941391, -0.00144467
0.0225076, 0.00959898, -0.999701

248
0.0273111, -0.00461055, 0.00813604
-0.960823, 0.18294, 0.208211
-0.224224, -0.954635, -0.195949
0.162918, -0.234958, 0.958255

249
-0.0211332, -0.00467657, -0.015315
0.998091, -0.0192492, 0.0586817
-0.0490087, -0.825052, 0.562927
0.0375795, -0.564728, -0.824421

250
-0.00381483, -0.00535406, -0.0130592
-0.999433, -0.0153655, -0.0299452
-0.0186708, 0.993371, 0.113429
0.0280038, 0.113923, -0.993095

251
0.0193371, -0.0107228, -0.0166145
-0.967215, 0.098353, 0.234139
0.0350872, 0.964873, -0.260364
-0.251522, -0.243612, -0.936691

252
0.0215667, -0.00678353, -0.0217641
0.578125, -0.764375, -0.285486
-0.812825, -0.508927, -0.283389
0.0713243, 0.395884, -0.915526

253
-0.0106867, 0.00614044, 0.0117215
-0.998887, 0.0429682, -0.0194626
-0.0445191, -0.995136, 0.0878798
-0.0155919, 0.0886484, 0.995941

254
0.0124184, -0.00863843, -0.0155004
0.739989, -0.657253, -0.142953
-0.626222, -0.750772, 0.210207
-0.245484, -0.0660307, -0.967149

255
0.00639657, -0.00780639, -0.0146536
-0.998481, 0.0113194, 0.0539133
0.0209715, 0.983077, 0.181991
-0.0509409, 0.182845, -0.981821

256
0.0237668, -0.00817728, -0.014461
-0.969838, 0.062332, 0.235647
-0.0201919, 0.942884, -0.332509
-0.242914, -0.327237, -0.913186

257
0.0241748, 0.0060485, -0.0166429
-0.969669, 0.0439074, 0.240445
0.16749, 0.835823, 0.522827
-0.178013, 0.547241, -0.817826

258
0.00964394, -0.0093533, -0.0151635
-0.969107, 0.162966, 0.185132
0.0730391, 0.90657, -0.415687
-0.235578, -0.389324, -0.890466

259
0.0221222, 0.00412346, -0.0190716
-0.965921, 0.0949933, 0.240774
0.217632, 0.801619, 0.556815
-0.140115, 0.59024, -0.794975

260
0.00641125, -0.0124472, 0.00999829
-0.996062, 0.0836154, 0.0294654
-0.0741773, -0.603999, -0.793526
-0.0485539, -0.792587, 0.607823

261
-0.0382104, -0.00117918, -0.0127776
-0.988613, 0.122269, -0.0877209
0.104556, 0.977362, 0.183933
0.108224, 0.172667, -0.979017

262
0.0104654, -0.0108179, -0.00920756
-0.995146, -0.0513335, 0.0839653
-0.0845987, 0.882128, -0.463349
-0.0502828, -0.468203, -0.882189

263
0.0212183, -0.0149553, 0.0102187
0.880278, -0.439454, -0.17886
0.440498, 0.616918, 0.652207
-0.176273, -0.652911, 0.736638

264
-0.0368749, 0.00870607, -0.0140499
-0.988613, 0.122269, -0.0877209
0.0551819, 0.836888, 0.544586
0.139998, 0.533544, -0.834105

265
0.00943712, 0.00220952, -0.0134305
-0.995146, -0.0513335, 0.0839653
-0.024265, 0.954829, 0.296164
-0.0953756, 0.292689, -0.951439

266
0.0413539, 0.0250244, -0.0417564
0.671963, -0.729291, -0.128839
-0.668731, -0.522762, -0.528695
0.31822, 0.441422, -0.838977

267
-0.0361365, 0.00379882, 0.00833594
-0.916356, 0.397122, 0.0508472
-0.399632, -0.914951, -0.0561973
0.0242055, -0.0718169, 0.997124

268
0.0144475, -0.0176843, -0.000850543
0.997992, 0.0321743, -0.0545556
0.0317115, 0.49179, 0.870136
0.0548259, -0.870119, 0.489782

269
0.0183274, -0.00133778, -0.0166211
0.824699, -0.544963, -0.151284
-0.528573, -0.837822, 0.136617
-0.201201, -0.0327031, -0.979004

270
-0.011526, -0.0131418, 0.0122257
-0.998887, 0.0429682, -0.0194626
-0.00263168, -0.462722, -0.886499
-0.047097, -0.885461, 0.46232

271
-0.0365875, 0.0100073, -0.0154758
-0.988613, 0.122269, -0.0877209
-0.00259358, 0.569005, 0.82233
0.150459, 0.813193, -0.562209

272
-0.025078, 0.00392142, -0.01585
-0.969901, 0.242671, 0.020066
0.239265, 0.934492, 0.263584
0.0452125, 0.260451, -0.964428

273
-0.0106083, -0.0174803, -0.00647505
0.999434, -0.018812, 0.0278858
-0.0242215, 0.172775, 0.984663
-0.0233415, -0.984782, 0.172222

274
-0.0323525, -0.0162177, 0.00851738
-0.954609, -0.294874, 0.0420971
0.131195, -0.543122, -0.829341
0.267415, -0.786173, 0.557155

275
0.00789688, 0.00536719, 0.00966627
-0.996062, 0.0836154, 0.0294654
-0.086784, -0.987535, -0.131312
0.0181184, -0.133352, 0.990903

276
0.00167081, 0.00602072, 0.0141022
-0.99762, 0.0688878, -0.00306206
-0.0607345, -0.856784, 0.512087
0.032653, 0.511054, 0.858928

277
-0.0250435, 0.000586217, 0.0114392
-0.999305, -0.0359327, 0.00994518
0.0333994, -0.981307, -0.189527
0.0165695, -0.189063, 0.981825

278
-0.0275434, -0.0108185, -0.0101101
-0.995985, 0.0563352, -0.0695707
0.0894217, 0.589788, -0.802592
-0.00418218, -0.80559, -0.592458

279
0.024398, -0.00287078, 0.0131228
-0.967574, 0.180999, 0.176185
-0.216256, -0.954021, -0.207552
0.130517, -0.238923, 0.962227

280
-0.0227067, -0.0112321, 0.0137468
-0.999254, 0.0369724, 0.0111718
-0.0294091, -0.540834, -0.840615
-0.0250375, -0.840317, 0.541518

281
-0.0158314, 0.00702702, 0.00804341
-0.998154, 0.059964, -0.009648
-0.0543173, -0.810273, 0.58353
0.0271733, 0.582977, 0.812034

282
0.000349076, -0.00920019, 0.0129896
-0.997038, 0.0769115, 9.44286e-05
-0.0386438, -0.499895, -0.865224
-0.0664985, -0.862664, 0.501386

283
0.0183274, -0.00133778, -0.0166211
0.824699, -0.544963, -0.151284
-0.528573, -0.837822, 0.136617
-0.201201, -0.0327031, -0.979004

284
-0.0316457, -0.0186485, 0.00751805
-0.954609, -0.294874, 0.0420971
0.018873, -0.200924, -0.979425
0.297265, -0.934173, 0.197369

285
0.0117666, -0.0154156, 0.0079259
-0.990264, 0.115384, 0.0778759
-0.117692, -0.395195, -0.911027
-0.0743417, -0.911322, 0.404927

286
-0.00815349, -0.00604867, 0.0136747
0.99937, 0.000380772, 0.0354955
-0.00939672, 0.967109, 0.254188
-0.0342312, -0.254362, 0.966503

287
-0.0215103, -0.0202216, 0.0109478
0.938312, 0.345491, 0.0144036
-0.200338, 0.509198, 0.837008
0.281845, -0.78826, 0.547001

288
-0.0320665, -0.00699137, 0.0093074
0.936737, -0.346224, -0.0515105
0.342087, 0.87432, 0.344297
-0.0741671, -0.340136, 0.937447

289
0.0213391, 0.0110823, -0.0145186
-0.976502, 0.0596717, 0.207082
0.209279, 0.491923, 0.845112
-0.0514393, 0.868591, -0.492852

290
-0.0277772, -0.0215143, 0.00347488
0.916421, 0.400186, 0.00497207
-0.162366, 0.360403, 0.918557
0.365801, -0.842592, 0.395257

291
-0.0298343, 0.0102558, 0.0104614
0.942343, -0.328001, -0.0663719
0.274104, 0.8703, -0.409201
0.191982, 0.367415, 0.910027

292
-0.0179677, -0.013362, -0.0137354
-0.99799, -0.0177693, -0.0608245
0.034784, 0.648711, -0.76024
0.0529664, -0.760828, -0.646789

293
-0.00177652, -0.0119949, 0.00524922
-0.998443, -0.0369264, -0.0418015
0.0540253, -0.453997, -0.889364
0.0138633, -0.890238, 0.455285

294
-0.0114375, -0.0116571, 0.0109622
-0.998887, 0.0429682, -0.0194626
-0.0204546, -0.766351, -0.642096
-0.0425049, -0.640983, 0.766377

295
-0.0196164, -0.0130656, 0.0087319
-0.995658, 0.0930857, -0.000999416
-0.052636, -0.571792, -0.818709
-0.0767815, -0.815101, 0.574208

296
0.011724, -0.0126851, -0.0237496
0.721491, -0.668647, -0.179894
-0.504534, -0.685598, 0.524786
-0.474231, -0.287865, -0.832008

297
-0.0264893, -0.00217213, -0.0103716
-0.969901, 0.242671, 0.020066
0.238354, 0.963029, -0.125551
-0.0497918, -0.116989, -0.991884

298
0.0101267, -0.0191286, 0.00621582
0.90815, -0.397316, -0.131921
0.371642, 0.620048, 0.690958
-0.192732, -0.676521, 0.710756

299
-0.00404291, -0.00547022, -0.0145297
0.999338, -0.0141642, 0.0334977
-0.0323602, -0.76667, 0.641225
0.0165993, -0.641885, -0.766621

300
0.00138645, -0.0293915, -0.0020984
0.578125, -0.764375, -0.285486
0.24516, -0.170992, 0.954284
