0
0.0373162, 0.00135213, -0.0137344
0.999911, 0.0133006, -0.000817449
0.00962352, -0.67832, 0.734704
0.00921754, -0.734647, -0.678387

1
0.0298312, -0.0520613, -0.00328109
-0.998998, -0.0421392, 0.0150628
-0.0134036, -0.0393845, -0.999134
0.042696, -0.998335, 0.0387803

2
-0.0276726, -0.051952, -0.00131315
-0.985503, -0.161739, 0.0512218
-0.0483931, -0.0213832, -0.998599
0.162608, -0.986602, 0.0132462

3
0.0426544, -0.0519571, -0.000183558
-0.997832, -0.0646244, 0.0124839
-0.00978098, -0.0419733, -0.999071
0.0650884, -0.997027, 0.0412502

4
0.0132795, -0.00175922, 0.0149875
0.999905, -0.00227782, -0.0136205
0.0108959, 0.736096, 0.67679
0.00848436, -0.676873, 0.736051

5
-0.0239518, -0.0524874, -0.000113206
-0.991395, -0.120887, 0.0502205
-0.0437217, -0.0558264, -0.997483
0.123386, -0.991095, 0.0500606

6
-0.0269034, -0.0525273, -0.000186775
-0.991229, -0.122213, 0.0502826
-0.0439784, -0.053746, -0.997586
0.124621, -0.991048, 0.0478998

7
0.0196471, -0.00182047, 0.0174821
0.999872, 0.0114355, -0.011154
-0.00209335, 0.786017, 0.618201
0.0158367, -0.618099, 0.785941

8
0.0306473, 9.63293e-05, -0.0212311
0.999988, 0.00456775, -0.00193333
0.00270044, -0.828319, -0.56025
-0.0041605, 0.560238, -0.828322

9
-0.0269586, -0.0161242, 0.0280592
-0.991395, -0.120887, 0.0502205
0.123386, -0.991095, 0.0500606
0.0437217, 0.0558264, 0.997483

10
0.0165541, -0.0480711, -0.00534374
-0.998443, 0.0527946, 0.0179936
-0.0174136, 0.0114256, -0.999783
-0.0529887, -0.99854, -0.0104884

11
0.0434686, -0.0511524, -0.00319086
-0.978623, 0.204947, -0.0171516
0.00834763, -0.0437451, -0.999008
-0.205494, -0.977795, 0.0410991

12
-0.0371697, 0.00389414, -0.0162205
0.999548, -0.000784773, 0.0300468
-0.0228733, -0.668395, 0.743455
0.0194997, -0.743806, -0.668111

13
0.0257884, -0.0512047, -0.0223912
-0.999691, -0.0241921, -0.00566552
-0.00699203, 0.492714, -0.870163
0.0238426, -0.869855, -0.492731

14
-0.0435011, -0.0529287, -0.000488211
-0.995808, -0.084034, 0.0361099
-0.0326979, -0.0416312, -0.998598
0.0854195, -0.995593, 0.038709

15
-0.0587923, -0.0190218, -0.0243678
-0.778183, 0.627403, -0.0282238
0.509614, 0.657074, 0.555471
0.367049, 0.417875, -0.831057

16
0.0267331, -0.0520736, -0.00329467
-0.999105, -0.0392511, 0.0157615
-0.0142285, -0.0390329, -0.999137
0.0398324, -0.998467, 0.0384395

17
0.0196269, -0.0145078, 0.002662
0.999872, 0.0114355, -0.011154
0.00412642, 0.489649, 0.87191
0.0154323, -0.871844, 0.48954

18
0.0358267, -0.0496423, -0.0028236
-0.998686, -0.0493499, 0.0138434
-0.0109449, -0.0585277, -0.998226
0.0500726, -0.997065, 0.0579106

19
0.0437795, -0.0514062, -0.00407421
-0.996553, -0.0819822, 0.0126912
-0.011289, -0.0175443, -0.999782
0.082187, -0.996479, 0.0165583

20
-0.050086, 0.00368485, -0.0159185
0.74977, 0.661505, -0.016028
-0.0263322, 0.0540315, 0.998192
0.661175, -0.747992, 0.0579301

21
-0.022265, -0.0500102, 0.000447989
-0.993915, -0.0990146, 0.0482588
-0.0401069, -0.0827306, -0.995765
0.102588, -0.991641, 0.078256

22
0.0295532, -0.0254338, -0.00610784
-0.0335533, 0.976563, -0.212601
-0.375926, -0.209431, -0.902673
-0.926042, 0.0496348, 0.374143

23
-0.0449952, -0.0274948, 0.0133047
-0.996496, 0.0696031, 0.0463837
-0.0818947, -0.699143, -0.710276
-0.0170086, -0.711586, 0.702393

24
0.0154911, -0.00304956, 0.0158659
0.999973, -0.00683845, 0.00250572
-8.0658e-05, 0.333628, 0.942705
-0.00728262, -0.94268, 0.333618

25
-0.0251642, -0.0500413, 0.000390813
-0.993583, -0.101943, 0.0489839
-0.0407918, -0.080949, -0.995883
0.105489, -0.991491, 0.0762711

26
0.0393668, -0.0495176, -0.0191611
-0.997146, 0.0725328, 0.0209328
0.0119367, 0.425277, -0.904984
-0.0745433, -0.902152, -0.424929

27
-0.0467711, -0.0388419, -0.0224916
-0.997612, 0.0518618, 0.0456035
-0.0448346, 0.0158953, -0.998868
-0.052528, -0.998528, -0.0135321

28
0.0130387, -0.0132676, -0.000763689
0.999905, -0.00227782, -0.0136205
0.0133133, 0.421036, 0.906946
0.00366884, -0.907041, 0.421026

29
0.00218365, -0.00494839, -0.0165112
-0.99946, -0.0223021, -0.0241457
0.0193538, 0.19446, -0.980719
0.0265675, -0.980657, -0.193923

30
0.0217285, -0.00157094, -0.0139327
0.99999, 0.00410108, 0.00151975
0.00356293, -0.562346, -0.826895
-0.00253654, 0.826892, -0.562355

31
-0.0580101, -0.0095154, 0.0203063
-0.0102942, -0.999777, 0.0184187
0.782398, -0.0195236, -0.622472
0.622693, 0.00800296, 0.782425

32
0.0288645, -0.00229623, -0.0209674
-0.999585, -0.0283876, -0.00493667
-0.0205622, 0.822806, -0.567951
0.0201847, -0.567614, -0.823048

33
-0.046418, 0.00360222, -0.00292571
0.999846, -0.0157506, 0.00774584
0.00984133, 0.137652, -0.990432
0.0145336, 0.990355, 0.137786

34
0.0232667, -0.0497256, -0.00290871
-0.999382, -0.0310865, 0.0164127
-0.0146563, -0.0559104, -0.998328
0.0319521, -0.997952, 0.0554203

35
0.0219324, -0.0473525, -0.0246133
0.99999, 0.00410108, 0.00151975
0.000979984, -0.548748, 0.835987
0.00426241, -0.835977, -0.548747

36
-0.0305275, -0.0400899, -0.0221736
-0.962694, 0.267114, 0.0432369
-0.0397423, 0.0184776, -0.999039
-0.267657, -0.963488, -0.00717251

37
0.0423874, -0.0518256, -0.0197955
-0.997307, 0.0691637, 0.0243837
0.00866248, 0.441265, -0.897335
-0.0728227, -0.894707, -0.440676

38
-0.0171785, -0.0226768, 0.00954846
-0.997381, 0.0676424, -0.0256224
0.0393773, 0.210619, -0.976775
-0.0606748, -0.975225, -0.212731

39
0.0512999, -0.00352971, 0.0175097
0.999887, -0.0144761, 0.0040185
0.010115, 0.846443, 0.532384
-0.0111083, -0.532283, 0.846493

40
-0.0360695, -0.0296123, -0.0256655
-0.995967, 0.0748207, 0.0495075
-0.0434453, 0.0805851, -0.9958
-0.078496, -0.993936, -0.0770095

41
-0.00151602, -0.0195577, -0.0315038
-0.999091, -0.0368213, -0.0214903
-0.0407374, 0.973162, 0.226488
0.012574, 0.227157, -0.973777

42
0.0225881, -0.01312, 0.0251014
-0.999382, -0.0310865, 0.0164127
0.0319521, -0.997952, 0.0554203
0.0146563, 0.0559104, 0.998328

43
0.00748287, -0.0357828, -0.024577
-0.998732, 0.046437, 0.0194483
-0.0168315, 0.056094, -0.998284
-0.0474482, -0.997345, -0.0552413

44
0.0244559, 0.00397002, -0.0161721
0.999946, 0.00752789, -0.00709798
-0.0065763, -0.0671952, -0.997718
-0.00798767, 0.997711, -0.0671421

45
0.0398688, 0.0511875, -0.00171682
-0.958082, -0.282934, 0.0450314
0.0293448, 0.05944, 0.9978
-0.284988, 0.957296, -0.0486458

46
0.0188345, -0.000803369, 0.0171961
-0.999481, -0.0272856, 0.0171153
0.0322066, -0.839778, 0.541974
-0.000415008, 0.542244, 0.840221

47
0.0157249, -0.00319217, -0.0167469
0.999944, 0.00890197, 0.00579249
0.0102956, -0.678585, -0.734449
-0.00260735, 0.734467, -0.678639

48
-0.0573418, 0.0374782, 0.0311488
0.999341, -0.00370766, -0.0361053
0.00414275, 0.99992, 0.0119833
0.036058, -0.012125, 0.999276

49
-0.00209374, 0.00304629, -0.0113784
0.999905, 0.0086849, -0.0106932
0.013738, -0.571202, 0.820694
0.00101965, -0.820763, -0.571268

50
0.0478018, 0.0429277, -0.0308489
-0.999623, -0.0227455, 0.0153679
-0.00143562, 0.602393, 0.798198
-0.0274129, 0.797875, -0.602199

51
-0.0125433, -0.0136017, -0.0222005
0.108529, -0.993626, 0.0304887
-0.0640381, -0.0375941, -0.997239
0.992029, 0.106277, -0.06771

52
0.0399714, 0.0087179, -0.0112417
-0.0290997, -0.999451, 0.0158596
-0.627989, 0.0306238, 0.77762
-0.777678, 0.0126688, -0.628535

53
-0.0609949, -0.00157065, -0.0211691
-0.999641, -0.0153972, -0.0219359
0.0137618, 0.40744, -0.913128
0.0229972, -0.913102, -0.407082

54
-0.0449622, 0.016488, 0.00876191
-0.109796, -0.991259, -0.0731446
0.556367, -0.000311173, -0.830937
0.823651, -0.131929, 0.551538

55
-0.0103575, -0.0046992, 0.0104168
0.999793, -0.00371518, -0.0200148
-0.0129029, 0.644818, -0.764227
0.0157452, 0.764327, 0.644637

56
0.0402708, -0.0216154, 0.00974006
-0.0335533, 0.976563, -0.212601
-0.701692, -0.174495, -0.690782
-0.71169, 0.126002, 0.691101

57
-0.0433634, -0.011409, 0.0242219
-0.996496, 0.0696031, 0.0463837
-0.0821698, -0.918236, -0.387415
0.0156258, -0.389869, 0.920738

58
0.0155204, -0.00584538, -0.00344172
0.999973, -0.00683845, 0.00250572
-0.00286145, -0.0525165, 0.998616
-0.00669739, -0.998597, -0.0525346

59
-0.0438266, 0.00372163, 0.0145044
-0.998567, 0.0342378, 0.0411409
-0.0531443, -0.725608, -0.686053
0.00636321, -0.687256, 0.726387

60
-0.0399461, -0.00203768, -0.0156599
-0.0209902, -0.999729, 0.0100772
-0.177076, -0.00620255, -0.984178
0.983973, -0.0224426, -0.176898

61
0.0354157, 0.0134786, -0.00627852
-0.0703023, 0.997355, 0.0184504
-0.131714, 0.00905306, -0.991246
-0.988792, -0.0721171, 0.130729

62
-0.0459389, 0.0126699, 0.00787492
-0.0266254, -0.999579, -0.0115698
0.593875, -0.00650663, -0.804531
0.804117, -0.028292, 0.593798

63
-0.05586, -0.000190229, -0.0252279
-0.997837, -0.0364843, -0.0546777
-0.00221523, 0.850015, -0.526754
0.0656951, -0.525494, -0.848257

64
0.0218063, -0.0154781, -0.0276143
0.99999, 0.00410108, 0.00151975
0.00426241, -0.835977, -0.548747
-0.000979984, 0.548748, -0.835987

65
-0.0462851, 0.00246676, -0.0224012
0.999846, -0.0157506, 0.00774584
0.00353043, -0.251819, -0.967768
0.0171934, 0.967646, -0.251725

66
0.0351183, -0.00215663, -0.00784621
-0.0259173, 0.999617, -0.0097498
-0.0990954, -0.0122741, -0.995002
-0.99474, -0.0248216, 0.0993755

67
0.01277, -0.0178716, -0.0197198
0.999905, -0.00227782, -0.0136205
0.0137039, 0.0418766, 0.999029
-0.00170523, -0.99912, 0.0419039

68
-0.0111479, 0.00954396, 0.00290892
-0.999464, -0.0162438, 0.0284229
0.0327371, -0.494211, 0.868725
-6.44741e-05, 0.86919, 0.494478

69
-0.113563, -0.0262959, 0.0153418
0.0888486, -0.988422, 0.122993
0.738516, 0.14823, 0.657741
-0.668357, 0.032393, 0.743135

70
-0.0271172, -0.0529614, -0.0215749
-0.994331, -0.101376, -0.0320819
-0.0125828, 0.411778, -0.911197
0.105584, -0.905628, -0.410719

71
-0.0106643, 0.00472982, -0.00665951
0.999793, -0.00371518, -0.0200148
-0.0179462, 0.303239, -0.952746
0.0096089, 0.952907, 0.303109

72
0.0404856, -0.0194711, 0.00110571
0.00971804, 0.996124, -0.0874232
-0.460911, -0.0731238, -0.884429
-0.887393, 0.0488892, 0.458414

73
0.00797217, -0.0153699, -0.0241924
-0.0469127, 0.997848, -0.0458009
0.0496949, -0.0434631, -0.997818
-0.997662, -0.0490865, -0.0475491

74
0.0490165, -0.0102355, 0.0204115
0.999991, -0.00111477, -0.00409024
0.00275242, 0.904534, 0.426393
0.00322443, -0.4264, 0.904529

75
0.0194892, -0.0205585, -0.0158845
0.999872, 0.0114355, -0.011154
0.00971799, 0.118737, 0.992878
0.0126784, -0.99286, 0.11861

76
0.0232403, 0.0460255, 0.00357403
-0.995606, -0.0935623, -0.00397185
-0.00322778, -0.00810261, 0.999962
-0.0935909, 0.99558, 0.00776501

77
-0.113372, -0.00886054, 0.0249105
-0.0102942, -0.999777, 0.0184187
0.874704, -7.75983e-05, 0.484657
-0.484548, 0.0211001, 0.87451

78
-0.000346702, 0.0501178, -0.0054153
-0.991953, 0.122684, -0.0312709
-0.0215817, 0.0795258, 0.996599
0.124754, 0.989254, -0.0762381

79
-0.0117741, 0.0156921, -0.0155954
-0.999464, -0.0162438, 0.0284229
0.0302205, -0.123967, 0.991826
-0.0125875, 0.992153, 0.124391

80
-0.0439633, -0.0044056, -0.0208027
-0.999625, -0.0182622, -0.020404
-0.0271415, 0.759544, 0.649889
0.00362935, 0.650199, -0.759755

81
0.0230101, -0.00517976, -0.0180916
-0.0265738, 0.999513, -0.0163767
-0.0740164, -0.0183048, -0.997089
-0.996903, -0.0252843, 0.0744667

82
-0.0581581, 0.00184887, -0.0170362
-0.996802, -0.0615981, -0.0509002
-0.00527126, 0.686293, -0.727306
0.0797331, -0.724712, -0.684424

83
-0.0110442, 0.00690526, -0.0260431
0.999793, -0.00371518, -0.0200148
-0.0202573, -0.0845055, -0.996217
0.00200976, 0.996416, -0.0845633

84
0.035447, -0.0193872, -0.0074988
0.106876, 0.993474, -0.0398299
-0.110034, -0.0279951, -0.993534
-0.988165, 0.110567, 0.106324

85
0.0370969, 0.0171273, -0.0252103
0.999911, 0.0133006, -0.000817449
0.0124184, -0.907823, 0.41917
0.00483313, -0.419143, -0.907907

86
0.0427317, -0.0497626, 0.0173516
-0.997832, -0.0646244, 0.0124839
0.0158718, -0.420324, -0.907235
0.0638768, -0.90507, 0.420438

87
-0.00822453, -0.00275805, -0.01892
-0.999386, -0.028374, -0.0205678
-0.0350082, 0.781588, 0.622812
-0.0015961, 0.62315, -0.782101

88
-0.0412966, 0.0537471, 0.0342793
-0.998567, 0.0342378, 0.0411409
0.00636321, -0.687256, 0.726387
0.0531443, 0.725608, 0.686053

89
0.0490666, 0.027989, 0.0222402
0.999991, -0.00111477, -0.00409024
-0.000333761, 0.941112, -0.338094
0.00422627, 0.338092, 0.941104

90
-0.0222453, 0.00375447, -0.0213562
0.999718, 0.0236759, -0.00188465
0.0155084, -0.590624, 0.806798
0.0179885, -0.8066, -0.590824

91
-0.0487361, -0.00100566, -0.0266063
-0.998619, 0.0253077, -0.0460438
0.0443492, 0.875914, -0.480424
0.028172, -0.481802, -0.875827

92
0.0308385, -0.0442412, -0.0270746
0.999988, 0.00456775, -0.00193333
0.0041605, -0.560238, 0.828322
0.00270044, -0.828319, -0.56025

93
-0.00469537, 0.0497233, -0.0068665
-0.994313, 0.102429, -0.0291521
-0.0141364, 0.144371, 0.989423
0.105554, 0.984208, -0.142102

94
-0.00292406, -0.0387432, -0.0235248
-0.996919, 0.0748055, 0.0235773
-0.020938, 0.0358723, -0.999137
-0.0755867, -0.996553, -0.0341955

95
-0.0613457, -0.00589139, -0.00214776
-0.999641, -0.0153972, -0.0219359
0.0215149, 0.0269965, -0.999404
0.0159802, -0.999517, -0.0266556

96
-0.0437025, -0.0144296, -0.0066187
-0.0199328, 0.999413, 0.0278463
0.416658, -0.0170145, 0.908904
0.908845, 0.0297194, -0.416074

97
0.0408004, -0.0018273, 0.0108141
-0.0259173, 0.999617, -0.0097498
-0.472223, -0.0208386, -0.881233
-0.881098, -0.0182351, 0.472582

98
-0.0117666, 0.0434055, -0.0266586
-0.997381, 0.0676424, -0.0256224
0.0150596, 0.540658, 0.841108
0.0707475, 0.838519, -0.54026

99
-0.0215701, 0.0308026, -0.00455708
-0.992944, -0.11022, 0.0437522
0.0789236, -0.33885, 0.937524
-0.0885081, 0.934362, 0.345158

100
-0.0424142, -0.0153451, 0.00195964
-0.000571107, -0.999436, 0.0335773
0.355675, -0.0315847, -0.934076
0.93461, 0.0114091, 0.355492

101
0.0490574, 0.0477832, 0.0145952
0.999991, -0.00111477, -0.00409024
-0.00322443, 0.4264, -0.904529
0.00275242, 0.904534, 0.426393

102
0.018892, 0.052561, 0.00555011
0.999872, 0.0114355, -0.011154
-0.0138301, 0.270253, -0.96269
-0.00799443, 0.962722, 0.270376

103
0.0232875, 0.0339545, -0.007473
-0.999105, -0.0392511, 0.0157615
0.0283887, -0.346035, 0.937792
-0.0313554, 0.9374, 0.34684

104
-0.111817, -0.0240269, -0.008445
-0.135463, 0.99066, 0.0155741
0.56566, 0.0902349, -0.819687
-0.813436, -0.102228, -0.5726

105
-0.022017, -0.00447669, -0.0036701
0.999718, 0.0236759, -0.00188465
0.00744402, -0.236993, 0.971483
0.0225541, -0.971223, -0.237102

106
0.013386, 0.045252, 0.0149455
0.999905, -0.00227782, -0.0136205
-0.0120082, 0.343658, -0.939018
0.0068197, 0.939092, 0.343598

107
-0.0454095, -0.00991943, 0.00541786
-0.0102942, -0.999777, 0.0184187
0.484548, -0.0211001, -0.87451
0.874704, -7.75983e-05, 0.484657

108
0.0276383, 0.0419683, -0.0272244
-0.999585, -0.0283876, -0.00493667
-0.0201847, 0.567614, 0.823048
-0.0205622, 0.822806, -0.567951

109
-0.00183475, -0.00475935, 0.0064992
0.999905, 0.0086849, -0.0106932
0.0123021, -0.21363, 0.976837
0.00619934, -0.976876, -0.213716

110
-0.0344017, 0.0485641, -0.000409481
-0.992416, -0.118717, -0.0319004
-0.0331129, 0.00825448, 0.999418
-0.118384, 0.992894, -0.0121229

111
0.0309217, -0.0532932, -0.00542688
0.999988, 0.00456775, -0.00193333
0.00281038, -0.200608, 0.979668
0.00408704, -0.979661, -0.200618

112
-0.0448676, -0.00754655, -0.00138734
-0.998567, 0.0342378, 0.0411409
-0.051534, -0.407372, -0.911807
-0.0144586, -0.91262, 0.408553

113
0.0206597, 0.0312536, -0.00827288
-0.999382, -0.0310865, 0.0164127
0.0257682, -0.330245, 0.943543
-0.0239112, 0.943383, 0.330842

114
-0.0522194, 0.0031397, -0.0204972
-0.998479, 0.014665, -0.0531467
0.0519341, 0.573756, -0.817378
0.0185064, -0.818895, -0.573645

115
0.0400114, -0.00971394, 0.0153011
-0.0409097, 0.998534, -0.0354525
-0.801289, -0.0539836, -0.595838
-0.596878, 0.00403212, 0.802322

116
0.0300049, -0.0499104, 0.0142588
-0.998998, -0.0421392, 0.0150628
0.00395573, -0.418433, -0.908239
0.0445753, -0.90727, 0.41818

117
0.016164, -0.0500493, -0.0205272
0.999944, 0.00890197, 0.00579249
-0.00153108, -0.418876, 0.908042
0.0105097, -0.908, -0.418839

118
0.0216699, 0.0060419, 0.00402956
0.99999, 0.00410108, 0.00151975
0.00232103, -0.203102, -0.979155
-0.00370693, 0.979149, -0.203109

119
-0.0105213, -0.00322052, 0.0176493
-0.999464, -0.0162438, 0.0284229
0.0302698, -0.789216, 0.613369
0.0124684, 0.6139, 0.789285

120
-0.0156205, 0.046649, -0.000273013
-0.995743, 0.0866178, -0.0315242
-0.0305002, 0.0131212, 0.999449
0.0869836, 0.996155, -0.0104235

121
-0.0426967, -0.0184613, 0.0103745
0.0446897, -0.997424, 0.0561063
0.586163, -0.0192983, -0.809963
0.80896, 0.0690845, 0.58379

122
0.00564298, -0.0521766, -0.00347541
-0.999191, -0.0329817, 0.0230258
-0.0218811, -0.0346592, -0.99916
0.033752, -0.998855, 0.0339095

123
-0.0499928, 0.0482054, -0.0498932
-0.998479, 0.014665, -0.0531467
-0.0185064, 0.818895, 0.573645
0.0519341, 0.573756, -0.817378

124
0.00171222, -0.00493682, 0.00299218
-0.99946, -0.0223021, -0.0241457
0.0280475, -0.195623, -0.980278
0.0171388, -0.980425, 0.196143

125
-0.00378595, 0.0183851, 0.00901498
-0.999091, -0.0368213, -0.0214903
-0.0272064, 0.162547, 0.986326
-0.0328246, 0.986014, -0.163401

126
-0.101491, -0.022266, 0.0275753
0.0957185, -0.994206, 0.0489138
0.606308, 0.0972041, 0.789267
-0.789448, -0.0458906, 0.612099

127
0.0416993, 0.0135799, 0.0121906
-0.0703023, 0.997355, 0.0184504
-0.500082, -0.0192341, -0.865764
-0.86312, -0.070092, 0.500112

128
0.048872, -0.0359712, -0.00791031
0.999991, -0.00111477, -0.00409024
0.00422627, 0.338092, 0.941104
0.000333761, -0.941112, 0.338094

129
-0.00107684, -0.0254173, 0.0123009
-0.996919, 0.0748055, 0.0235773
-0.0682533, -0.679304, -0.730676
-0.0386425, -0.730035, 0.682317

130
0.0413134, -0.0192723, 0.011107
0.106876, 0.993474, -0.0398299
-0.479812, 0.0164482, -0.877217
-0.870837, 0.112864, 0.478439

131
-0.0394672, -0.0103229, -0.0131598
-0.0102942, -0.999777, 0.0184187
0.112929, -0.0194642, -0.993412
0.99355, -0.00814634, 0.113104

132
0.0256645, -0.0133965, 0.00652378
-0.0439562, 0.997929, -0.0469545
-0.56515, -0.0635952, -0.822533
-0.823816, -0.00961912, 0.566775

133
-0.0270576, -0.0501352, 0.0162546
-0.985503, -0.161739, 0.0512218
0.0175179, -0.397312, -0.917516
0.168749, -0.903318, 0.394385

134
-0.102357, -0.0223515, 0.0123483
0.108529, -0.993626, 0.0304887
0.438796, 0.0754029, 0.895417
-0.892009, -0.0838004, 0.444183

135
-0.0677962, -0.0285009, 0.0530729
-0.333055, 0.941843, 0.0447888
-0.840697, -0.318126, 0.438206
0.42697, 0.108293, 0.897758

136
0.0361967, -0.0521414, 0.0149619
-0.998686, -0.0493499, 0.0138434
0.0090502, -0.435633, -0.900079
0.0504495, -0.898771, 0.435507

137
-0.0307057, -0.0142223, -0.0327656
-0.994331, -0.101376, -0.0320819
-0.102362, 0.994272, 0.0307552
0.0287803, 0.0338648, -0.999012

138
0.0459128, 0.0340162, 0.00321251
-0.997146, 0.0725328, 0.0209328
0.0442695, 0.337201, 0.940391
0.0611506, 0.938634, -0.33945

139
-0.0570464, 0.0515396, 0.0378821
0.999341, -0.00370766, -0.0361053
-0.0225675, 0.715624, -0.698121
0.0284262, 0.698476, 0.715068

140
0.0608647, -0.0240931, -0.0566758
0.106876, 0.993474, -0.0398299
0.870837, -0.112864, -0.478439
-0.479812, 0.0164482, -0.877217

141
0.0227371, -0.0186741, 0.00754153
-0.0673009, 0.993958, -0.0867028
-0.643639, -0.109652, -0.757433
-0.762364, 0.00482944, 0.64713

142
0.0121279, 0.0473627, 0.0154327
-0.998732, 0.046437, 0.0194483
-0.0216493, -0.744894, 0.666832
0.0454526, 0.665565, 0.744955

143
-0.0622105, 0.00116463, 0.0136982
-0.983874, -0.128762, 0.124144
-0.00793881, -0.66196, -0.749497
0.178685, -0.738397, 0.650263

144
-0.0460065, 0.0145717, 0.00789382
-0.0414568, -0.998735, -0.0284622
0.594855, -0.00178424, -0.803831
0.802764, -0.0502551, 0.594176

145
0.024423, 0.00434882, -0.0240709
-0.999504, -0.0308309, -0.00644322
-0.0302869, 0.884623, 0.465323
-0.00864653, 0.465287, -0.885117

146
0.0201109, -0.0520284, 0.0100704
-0.999481, -0.0272856, 0.0171153
-0.0119415, -0.179599, -0.983668
0.0299138, -0.983362, 0.17918

147
-0.0263475, -0.0506141, 0.015422
-0.991229, -0.122213, 0.0502826
0.00705959, -0.428912, -0.903319
0.131965, -0.895041, 0.426013

148
-0.0219604, -0.00531486, 0.0158208
0.999718, 0.0236759, -0.00188465
-0.00175369, 0.152718, 0.988268
0.0236859, -0.987986, 0.152716

149
0.0490569, 0.00869485, 0.0251275
0.999991, -0.00111477, -0.00409024
0.00130897, 0.998857, 0.0477871
0.00403229, -0.047792, 0.998849

150
-0.0186606, -0.0512957, 0.00283147
-0.998924, -0.0284593, 0.0366196
-0.0300539, -0.204151, -0.978478
0.0353227, -0.978526, 0.203076

151
-0.04308, -0.0512008, 0.0151464
-0.995808, -0.084034, 0.0361099
0.00247973, -0.419459, -0.907771
0.0914302, -0.903876, 0.417909

152
0.0355295, 0.02568, 0.0219567
-0.99841, 0.0542462, 0.0153316
-0.0453484, -0.93446, 0.353168
0.0334848, 0.351911, 0.935434

153
0.0308037, -0.0373937, -0.0289084
0.999988, 0.00456775, -0.00193333
0.00485142, -0.981858, 0.189555
-0.00103241, -0.189562, -0.981868

154
-0.0434577, -0.0214135, -0.0303462
-0.999625, -0.0182622, -0.020404
-0.0236865, 0.950548, 0.309673
0.0137397, 0.31004, -0.950624

155
-0.0603299, -0.0133674, -0.0251971
-0.975642, 0.172029, -0.136116
0.0365688, 0.73936, 0.672317
0.216297, 0.650963, -0.727642

156
0.0402263, -0.00416231, 0.0160702
-0.0265738, 0.999513, -0.0163767
-0.757254, -0.0308222, -0.652392
-0.652579, -0.00493524, 0.757704

157
-0.0287484, -0.0367764, -0.00303052
-0.962694, 0.267114, 0.0432369
-0.139145, -0.35164, -0.925737
-0.232074, -0.897218, 0.375689

158
0.0159318, -0.0189717, -0.0282171
0.999944, 0.00890197, 0.00579249
0.0105097, -0.908, -0.418839
0.00153108, 0.418876, -0.908042

159
-0.0292104, 0.0490944, -0.0018401
0.998396, 0.0221268, -0.0521126
-0.0521007, -0.00111337, -0.998641
-0.0221547, 0.999755, 4.12405e-05

160
0.0194524, -0.0189356, 0.0243684
-0.999481, -0.0272856, 0.0171153
0.0299138, -0.983362, 0.17918
0.0119415, 0.179599, 0.983668

161
-0.0441712, -0.00478948, 0.0188258
-0.998311, -0.0475281, 0.0334122
0.0580949, -0.811425, 0.581563
-0.000529026, 0.582521, 0.812815

162
-0.0784971, -0.00163149, -0.0556629
-0.0209902, -0.999729, 0.0100772
-0.976837, 0.0183606, -0.213196
0.212953, -0.0143188, -0.976958

163
0.0111456, -0.0226216, -0.0287148
-0.0673009, 0.993958, -0.0867028
0.0839512, -0.0809503, -0.993176
-0.994195, -0.0741204, -0.077996

164
0.0106969, 0.0112798, 0.0280992
-0.998732, 0.046437, 0.0194483
-0.0474482, -0.997345, -0.0552413
0.0168315, -0.056094, 0.998284

165
0.0258229, -0.0526699, -0.0222261
-0.999691, -0.0241921, -0.00566552
-0.015584, 0.788088, -0.615366
0.0193519, -0.615087, -0.788221

166
0.0158593, 0.0274031, -0.0479502
0.999973, -0.00683845, 0.00250572
-0.00728262, -0.94268, 0.333618
8.0658e-05, -0.333628, -0.942705

167
0.0216362, 0.0479924, -0.00520046
-0.998443, 0.0527946, 0.0179936
-0.00418981, -0.392681, 0.919665
0.0556191, 0.918158, 0.39229

168
-0.00166652, 0.0163259, 0.0265274
-0.998825, 0.0434922, 0.0213589
-0.0475006, -0.965917, -0.254456
0.0095641, -0.255172, 0.966848

169
0.0362747, 0.0394515, -0.00644987
-0.996553, -0.0819822, 0.0126912
0.0418813, -0.365127, 0.930015
-0.0716108, 0.927341, 0.367302

170
-0.0421399, -0.0171479, 0.00512037
-0.333055, 0.941843, 0.0447888
0.0727484, -0.0216919, 0.997114
0.940097, 0.335352, -0.0612929

171
0.0526822, -0.018258, 0.0162838
0.00971804, 0.996124, -0.0874232
-0.765417, -0.0488485, -0.641678
-0.643461, 0.073151, 0.761975

172
0.0153991, 0.0100434, 0.0191582
0.999944, 0.00890197, 0.00579249
0.00543643, 0.0395146, -0.999204
-0.00912377, 0.999179, 0.0394639

173
0.0177019, 0.0209463, -0.0142703
-0.999481, -0.0272856, 0.0171153
0.02248, -0.210389, 0.977359
-0.0230669, 0.977237, 0.210893

174
0.0245057, 0.00272017, -0.0263231
-0.999691, -0.0241921, -0.00566552
-0.0238426, 0.869855, 0.492731
-0.00699203, 0.492714, -0.870163

175
0.0204226, -0.0116816, -0.0175147
-0.0409097, 0.998534, -0.0354525
-0.14454, -0.0410233, -0.988648
-0.988653, -0.035321, 0.146007

176
-0.0421273, -0.0448398, 0.0229242
-0.998311, -0.0475281, 0.0334122
0.000529026, -0.582521, -0.812815
0.0580949, -0.811425, 0.581563

177
-0.0403029, -0.00183358, 0.00384481
-0.0209902, -0.999729, 0.0100772
0.212953, -0.0143188, -0.976958
0.976837, -0.0183606, 0.213196

178
-0.0241102, -0.0526581, 0.0163236
-0.993583, -0.101943, 0.0489839
0.00268215, -0.454214, -0.890888
0.113069, -0.885041, 0.451573

179
0.040344, 0.0102842, 0.015539
0.0388618, 0.998081, 0.0482139
-0.806302, 0.0598216, -0.588472
-0.590227, -0.0160059, 0.807079

180
0.023638, -0.052274, 0.0148698
-0.999382, -0.0310865, 0.0164127
-0.00131306, -0.433554, -0.901127
0.0351286, -0.900591, 0.433245

181
-0.0075486, -0.0200848, -0.0278603
-0.999386, -0.028374, -0.0205678
-0.0329541, 0.960562, 0.276107
0.0119224, 0.276615, -0.960907

182
0.0291574, 0.00961508, 0.025456
-0.0290997, -0.999451, 0.0158596
0.105846, 0.0126961, 0.994301
-0.993957, 0.0306125, 0.105419

183
-0.0134867, 0.0171537, -0.0290065
-0.997381, 0.0676424, -0.0256224
0.0711253, 0.981591, -0.177258
0.0131606, -0.178616, -0.983831

184
-0.0310315, -0.0165472, 0.00593238
0.0957185, -0.994206, 0.0489138
0.497331, 0.00519893, -0.867545
0.862264, 0.107366, 0.494947

185
-0.0212014, 0.0181927, -0.0124735
-0.998924, -0.0284593, 0.0366196
0.0412836, -0.185855, 0.98171
-0.0211328, 0.982165, 0.18683

186
-0.0433858, 0.00256798, 0.00538219
-0.999589, 0.0206484, -0.0198791
-0.0243132, -0.243542, 0.969586
0.0151791, 0.969671, 0.243943

187
0.0774947, 0.00840354, 0.0245252
0.0388618, 0.998081, 0.0482139
-0.987495, 0.0309824, 0.154579
0.152788, -0.0536182, 0.986803

188
0.076441, -0.0221441, -0.0315971
-0.18759, -0.962021, -0.198305
-0.973376, 0.20914, -0.0938028
0.131714, 0.175429, -0.975641

189
-0.0349395, -0.0273713, -0.00631854
-0.995967, 0.0748207, 0.0495075
-0.0701774, -0.305912, -0.94947
-0.055895, -0.949115, 0.309929

190
0.0511486, -0.0176998, 0.00410119
0.999887, -0.0144761, 0.0040185
0.00509405, 0.578315, 0.815798
-0.0141335, -0.815685, 0.578323

191
0.0216396, 0.00620142, 0.0235379
0.99999, 0.00410108, 0.00151975
0.000725768, 0.187063, -0.982348
-0.00431298, 0.982339, 0.187058

192
0.0899229, -0.00969893, 0.0154184
-0.0469127, 0.997848, -0.0458009
-0.427701, 0.0213701, 0.903668
0.902702, 0.0619826, 0.425778

193
-0.0150937, -0.0132869, -0.00286143
0.108529, -0.993626, 0.0304887
0.320469, 0.00593799, -0.94724
0.941021, 0.112574, 0.319071

194
0.0397892, 0.0166454, 0.00792969
-0.0916007, 0.977522, 0.189896
-0.61737, 0.0938768, -0.781051
-0.781322, -0.188781, 0.594894

195
-0.0212331, -0.0525996, 0.0163867
-0.993915, -0.0990146, 0.0482588
0.00220466, -0.455918, -0.890019
0.110127, -0.884497, 0.453362

196
0.0108184, -0.0143514, -0.00491904
-0.0469127, 0.997848, -0.0458009
-0.335877, -0.0589393, -0.94006
-0.940737, -0.0287174, 0.337919

197
-0.042363, -0.0536768, 0.00331104
-0.998311, -0.0475281, 0.0334122
-0.0217432, -0.227661, -0.973498
0.0538751, -0.97258, 0.226243

198
-0.0374514, 0.0169842, -0.00923654
-0.109796, -0.991259, -0.0731446
0.198818, 0.0501995, -0.97875
0.973867, -0.122006, 0.191569

199
-0.0439088, -0.00578257, 0.023006
-0.999589, 0.0206484, -0.0198791
-0.0282712, -0.59608, 0.802427
0.00471936, 0.80266, 0.596419

200
0.0431602, -0.0415261, 0.0111181
-0.996553, -0.0819822, 0.0126912
0.0501324, -0.717023, -0.695244
0.0660976, -0.692212, 0.718661

201
-0.0088883, 0.00982525, -0.00402633
-0.999386, -0.028374, -0.0205678
-0.0317325, 0.483624, 0.874701
-0.0148716, 0.874816, -0.484227

202
0.0370357, 0.0339442, -0.0046041
-0.997832, -0.0646244, 0.0124839
0.0339447, -0.342767, 0.938807
-0.0563908, 0.937195, 0.344218

203
-0.0199038, -0.0146377, -0.0300111
0.218381, -0.973744, 0.0642874
-0.146403, -0.0978231, -0.984376
0.964819, 0.205558, -0.163921

204
0.0392864, -0.00202253, 0.0195332
-0.999225, 0.0375475, 0.0117751
-0.0376697, -0.82619, -0.562131
-0.0113782, -0.56214, 0.826964

205
0.0179863, -0.0145767, -0.0113719
-0.0439562, 0.997929, -0.0469545
-0.20687, -0.0550733, -0.976817
-0.977381, -0.0332237, 0.208862

206
0.0378975, -0.0228366, -0.0319588
-0.999225, 0.0375475, 0.0117751
-0.00390353, 0.20318, -0.979134
-0.0391565, -0.978421, -0.202876

207
-0.0532836, -0.00472191, -0.00267407
-0.998479, 0.014665, -0.0531467
0.0550629, 0.216704, -0.974683
-0.00277667, -0.976127, -0.217182

208
-0.0475807, 0.0370184, -0.0307657
-0.998619, 0.0253077, -0.0460438
0.011439, 0.960051, 0.279592
0.0512803, 0.278679, -0.959014

209
0.0134557, 0.0149016, 0.0251359
0.999905, -0.00227782, -0.0136205
0.0068197, 0.939092, 0.343598
0.0120082, -0.343658, 0.939018

210
0.0378999, 0.0238186, 0.0120491
-0.997832, -0.0646244, 0.0124839
0.0529406, -0.675325, 0.735618
-0.0391082, 0.734684, 0.677281

211
-0.0580695, 0.0531865, 0.00939445
0.999341, -0.00370766, -0.0361053
-0.0317279, 0.393855, -0.918625
0.0176262, 0.919165, 0.393478

212
-0.0247973, -0.0168564, -0.0125512
0.0957185, -0.994206, 0.0489138
0.1295, -0.0362842, -0.990915
0.986949, 0.101183, 0.125277

213
0.0491119, -0.013464, 0.0136547
-0.584081, -0.805938, 0.0965041
0.241721, -0.0592063, 0.968538
-0.774868, 0.589031, 0.229393

214
-0.0444167, -0.0247808, 0.0130219
-0.997612, 0.0518618, 0.0456035
-0.0688457, -0.694826, -0.715875
-0.00544007, -0.717305, 0.696738

215
-0.0490087, 0.0177559, 0.0121222
-0.995808, -0.084034, 0.0361099
0.0835216, -0.674553, 0.733487
-0.0372798, 0.733428, 0.678744

216
-0.0372628, 0.033798, 0.0187228
-0.994331, -0.101376, -0.0320819
-0.0287803, -0.0338648, 0.999012
-0.102362, 0.994272, 0.0307552

217
0.0489817, 0.0450886, -0.00316545
0.999991, -0.00111477, -0.00409024
-0.00403229, 0.047792, -0.998849
0.00130897, 0.998857, 0.0477871

218
-0.0391892, -0.0148682, 0.012356
-0.0199328, 0.999413, 0.0278463
0.0371418, -0.0270924, 0.998943
0.999111, 0.020946, -0.03658

219
0.0370082, -0.00229701, -0.027263
-0.0259173, 0.999617, -0.0097498
0.289118, -0.00184094, -0.957292
-0.956942, -0.0276293, -0.28896

220
-0.0391658, -0.0159929, -0.0172661
-0.000571107, -0.999436, 0.0335773
-0.0290587, -0.0335465, -0.999015
0.999578, -0.00154626, -0.0290232

221
0.0498752, -0.0204225, 0.0102554
-0.999623, -0.0227455, 0.0153679
-0.0183687, 0.138227, -0.99023
0.020399, -0.990139, -0.138592

222
0.02395, 0.0237656, 0.00915079
-0.999105, -0.0392511, 0.0157615
0.0382269, -0.678422, 0.733677
-0.0181047, 0.733623, 0.679315

223
-0.0275081, -0.0498711, -0.0192227
-0.994331, -0.101376, -0.0320819
-0.0520302, 0.727002, -0.684661
0.0927317, -0.67911, -0.728155

224
-0.0968879, -0.0235829, 0.0250987
0.0888486, -0.988422, 0.122993
0.938068, 0.12455, 0.323288
-0.334863, 0.0866523, 0.938274

225
0.0489516, -0.0259202, 0.00881014
0.999991, -0.00111477, -0.00409024
0.00377684, 0.672504, 0.740084
0.00192568, -0.740092, 0.672502

226
0.0381212, -0.0230004, -0.0124517
-0.999225, 0.0375475, 0.0117751
-0.0185909, -0.186712, -0.982239
-0.0346821, -0.981697, 0.187265

227
-0.0170714, 0.0205389, -0.0261829
-0.995743, 0.0866178, -0.0315242
0.0686905, 0.925349, 0.372842
0.0614657, 0.36909, -0.927359

228
-0.0753506, -0.00917229, 0.0292388
-0.0102942, -0.999777, 0.0184187
0.961136, -0.0149749, -0.275668
0.275883, 0.0148651, 0.961076

229
0.0291811, -0.0158796, -0.00696756
-0.999585, -0.0283876, -0.00493667
-0.0112727, 0.542957, -0.839685
0.026517, -0.839281, -0.543051

230
0.0309004, -0.0554592, -0.0215444
0.999988, 0.00456775, -0.00193333
0.00487721, -0.834576, 0.550871
0.00090273, -0.550874, -0.834588

231
-0.0233986, -0.0505415, 0.0154916
-0.991395, -0.120887, 0.0502205
0.00682422, -0.430853, -0.902397
0.130725, -0.894289, 0.42797

232
-0.038264, -0.00884439, 0.0198488
0.999548, -0.000784773, 0.0300468
-0.0299622, 0.053324, 0.998128
-0.00238552, -0.998577, 0.0532764

233
0.0492302, 0.0191714, -0.0260821
-0.515274, 0.842253, 0.158437
0.476272, 0.435109, -0.764098
-0.712501, -0.318261, -0.625342

234
-0.0113607, -0.0525086, 0.0172682
-0.992944, -0.11022, 0.0437522
0.00677727, -0.42109, -0.906993
0.118392, -0.900297, 0.418866

235
-0.0376798, 0.0147288, -0.00974828
-0.0414568, -0.998735, -0.0284622
0.24237, 0.0175834, -0.970025
0.969298, -0.0471125, 0.241334

236
0.110718, -0.00237444, 0.0108046
-0.0265738, 0.999513, -0.0163767
-0.652579, -0.00493524, 0.757704
0.757254, 0.0308222, 0.652392

237
-0.0604534, -0.00169794, -0.00956343
-0.975642, 0.172029, -0.136116
-0.0489882, 0.433967, 0.899596
0.213827, 0.884352, -0.414969

238
0.0272692, 0.0512155, -0.00566238
-0.999585, -0.0283876, -0.00493667
-0.0107794, 0.209533, 0.977742
-0.0267213, 0.97739, -0.209752

239
-0.0413423, 0.0125509, -0.0037316
-0.126756, -0.158565, -0.979178
0.617804, 0.759678, -0.202995
0.776048, -0.630671, 0.00166773

240
0.0282206, -0.00473328, 0.000703404
-0.0265738, 0.999513, -0.0163767
-0.44988, -0.0265873, -0.892693
-0.892693, -0.0163547, 0.450368

241
0.0920134, -0.0070954, 0.0290466
-0.0409097, 0.998534, -0.0354525
-0.596878, 0.00403212, 0.802322
0.801289, 0.0539836, 0.595838

242
0.00271481, 0.0338887, -0.00726331
-0.999191, -0.0329817, 0.0230258
0.0331318, -0.350224, 0.93608
-0.0228093, 0.936085, 0.351034

243
0.039098, -0.00963762, -0.0222347
0.0273988, -0.99922, -0.0284231
-0.787937, -0.0390854, 0.614514
-0.615146, 0.00555864, -0.788393

244
-0.0588182, -0.0204484, 0.0227879
0.0888486, -0.988422, 0.122993
0.900099, 0.0267979, -0.434861
0.42653, 0.149343, 0.892059

245
-0.0104947, -0.0301348, 0.00163766
-0.991953, 0.122684, -0.0312709
0.0676801, 0.305099, -0.949913
-0.106999, -0.944385, -0.310947

246
0.0236201, 0.0276942, 0.0232964
-0.999691, -0.0241921, -0.00566552
-0.00266436, -0.12233, 0.992486
-0.0247034, 0.992195, 0.122227

247
0.0945644, -0.0268135, -0.0260889
-0.18759, -0.962021, -0.198305
-0.848878, 0.260354, -0.460024
0.494183, 0.0820408, -0.865478

248
-0.0333839, -0.0179056, 0.0106692
-0.995967, 0.0748207, 0.0495075
-0.0862256, -0.645836, -0.758591
-0.0247846, -0.759801, 0.649683

249
-0.0368063, 0.0195143, -0.0279031
0.999548, -0.000784773, 0.0300468
-0.01367, -0.902159, 0.431188
0.0267686, -0.431404, -0.901762

250
-0.00223574, -0.0356367, -0.00427695
-0.996919, 0.0748055, 0.0235773
-0.04827, -0.348223, -0.936168
-0.0618204, -0.934422, 0.350761

251
-0.0241394, -0.017779, 0.0279732
-0.993915, -0.0990146, 0.0482588
0.102588, -0.991641, 0.078256
0.0401069, 0.0827306, 0.995765

252
-0.0432189, -0.0205041, 0.011072
0.0888486, -0.988422, 0.122993
0.668357, -0.032393, -0.743135
0.738516, 0.14823, 0.657741

253
-0.0405888, -0.0214851, -0.0450601
0.0446897, -0.997424, 0.0561063
-0.523067, -0.0712109, -0.849312
0.851119, 0.00860818, -0.524902

254
0.0280167, -0.00351042, -0.0268131
-0.995606, -0.0935623, -0.00397185
-0.0935909, 0.99558, 0.00776501
0.00322778, 0.00810261, -0.999962

255
-0.0121759, 0.0366154, -0.0286537
-0.997381, 0.0676424, -0.0256224
0.0606748, 0.975225, 0.212731
0.0393773, 0.210619, -0.976775

256
-0.043313, 0.00936814, -0.00284451
0.0380071, 0.141372, -0.989227
0.514524, 0.845862, 0.140652
0.856633, -0.514326, -0.0405905

257
-0.00236048, 0.0170996, -0.0249074
0.999905, 0.0086849, -0.0106932
0.0130825, -0.841815, 0.539608
-0.00431527, -0.539697, -0.841848

258
0.0177479, -0.0155041, -0.0308574
-0.0439562, 0.997929, -0.0469545
0.182905, -0.0381669, -0.98239
-0.982148, -0.0517704, -0.180848

259
0.0232908, 0.0308516, 0.0247442
-0.999504, -0.0308309, -0.00644322
-0.00360196, -0.0913391, 0.995813
-0.0312904, 0.995342, 0.0911828

260
0.0175975, -0.0336232, 0.0101619
-0.998443, 0.0527946, 0.0179936
-0.049782, -0.697995, -0.71437
-0.0251554, -0.714154, 0.699537

261
-0.0586275, 0.0475406, -0.00657142
-0.997837, -0.0364843, -0.0546777
-0.0598466, 0.160206, 0.985268
-0.027187, 0.986409, -0.162043

262
0.0549473, 0.00808372, -0.0237286
-0.0290997, -0.999451, 0.0158596
-0.877791, 0.0331409, 0.477897
-0.47816, -1.47304e-05, -0.878273

263
0.0120656, 0.0459128, 0.0156959
-0.998732, 0.046437, 0.0194483
-0.0026074, -0.433492, 0.901154
0.0502775, 0.89996, 0.433063

264
0.109252, -0.00796128, -0.0135407
0.0273988, -0.99922, -0.0284231
-0.615146, 0.00555864, -0.788393
0.787937, 0.0390854, -0.614514

265
0.0511049, -0.0256609, -0.0137095
0.999887, -0.0144761, 0.0040185
-0.000702382, 0.222144, 0.975014
-0.0150071, -0.974906, 0.222109

266
-0.0448138, -0.0169353, -0.0290604
-0.875398, -0.48235, 0.0318941
-0.12628, 0.164495, -0.978261
0.466618, -0.860395, -0.204909

267
0.0260453, -0.0494178, -0.0184569
-0.999504, -0.0308309, -0.00644322
-0.00864653, 0.465287, -0.885117
0.0302869, -0.884623, -0.465323

268
-0.000523176, 0.0427124, 0.0262646
-0.998825, 0.0434922, 0.0213589
-0.00934161, -0.605389, 0.795875
0.0475448, 0.794741, 0.605084

269
-0.0457133, -0.0353457, -0.00332758
-0.997612, 0.0518618, 0.0456035
-0.0615233, -0.367435, -0.928012
-0.0313721, -0.928602, 0.369748

270
0.0373487, 0.0289356, 0.00994724
-0.996553, -0.0819822, 0.0126912
0.0660976, -0.692212, 0.718661
-0.0501324, 0.717023, 0.695244

271
-0.0271244, -0.0470769, -0.00270872
0.998396, 0.0221268, -0.0521126
0.0396565, 0.383618, 0.92264
0.0404064, -0.923227, 0.382125

272
-0.0504382, -0.00803969, -0.0105763
-0.778183, 0.627403, -0.0282238
0.330358, 0.447144, 0.83122
0.53413, 0.637517, -0.555227

273
-0.0507167, -0.0249181, 0.0032054
-0.998619, 0.0253077, -0.0460438
0.0512803, 0.278679, -0.959014
-0.011439, -0.960051, -0.279592

274
0.049385, 0.0338578, 0.0233718
-0.997307, 0.0691637, 0.0243837
0.0198649, -0.0652863, 0.997669
0.0705943, 0.995467, 0.0637366

275
0.0283942, 0.0156078, -0.0287021
-0.999585, -0.0283876, -0.00493667
-0.0267213, 0.97739, -0.209752
0.0107794, -0.209533, -0.977742

276
-0.0111648, 0.0544739, -0.0208657
-0.997381, 0.0676424, -0.0256224
0.0409872, 0.82039, 0.570334
0.0595991, 0.567789, -0.821014

277
0.0246605, 0.03157, -0.0118944
-0.995606, -0.0935623, -0.00397185
-0.0684612, 0.698252, 0.712571
-0.0638964, 0.709711, -0.701589

278
0.0360126, -0.0490979, 0.0125251
-0.998686, -0.0493499, 0.0138434
0.0276675, -0.746417, -0.664903
0.0431459, -0.663646, 0.746801

279
0.0490441, 0.0447097, 0.0121892
0.999991, -0.00111477, -0.00409024
-0.00192568, 0.740092, -0.672502
0.00377684, 0.672504, 0.740084

280
0.05771, -0.0110072, 0.0273045
-0.0439562, 0.997929, -0.0469545
-0.982148, -0.0517704, -0.180848
-0.182905, 0.0381669, 0.98239

281
0.00455593, 0.0481427, 0.0170822
-0.996919, 0.0748055, 0.0235773
-0.00958158, -0.414506, 0.909996
0.0778456, 0.906967, 0.413946

282
0.0199793, -0.038435, 0.024053
-0.999481, -0.0272856, 0.0171153
0.0230669, -0.977237, -0.210893
0.02248, -0.210389, 0.977359

283
0.0161271, -0.0379398, -0.0327752
0.999944, 0.00890197, 0.00579249
0.00912377, -0.999179, -0.0394639
0.00543643, 0.0395146, -0.999204

284
-0.0520986, 0.00549788, -0.0352385
0.74977, 0.661505, -0.016028
0.228693, -0.236326, 0.944378
0.620923, -0.711732, -0.328471

285
-0.00405959, 0.0513159, -0.022956
-0.994313, 0.102429, -0.0291521
0.0273335, 0.510022, 0.859727
0.102929, 0.854041, -0.509921

286
-0.0622046, 0.00323979, 0.00922898
-0.975642, 0.172029, -0.136116
-0.127087, 0.062506, 0.98992
0.178803, 0.983107, -0.0391208

287
-0.00162296, -0.00512897, 0.0260036
0.999905, 0.0086849, -0.0106932
0.00899324, 0.176466, 0.984266
0.0104352, -0.984268, 0.176371

288
0.044862, -0.0126512, -0.0296984
-0.997307, 0.0691637, 0.0243837
0.0705943, 0.995467, 0.0637366
-0.0198649, 0.0652863, -0.997669

289
-0.0223863, -0.012111, 0.0114492
-0.135463, 0.99066, 0.0155741
0.175204, 0.00848038, 0.984496
0.975168, 0.136092, -0.174717

290
-0.0332372, 0.0254343, -0.00628285
-0.993583, -0.101943, 0.0489839
0.0780555, -0.30464, 0.949264
-0.0818486, 0.946996, 0.310643

291
0.0192466, 0.0419822, 0.0264913
0.999872, 0.0114355, -0.011154
-0.0158367, 0.618099, -0.785941
-0.00209335, 0.786017, 0.618201

292
0.0324719, 0.0214053, 0.00843018
-0.998686, -0.0493499, 0.0138434
0.0431459, -0.663646, 0.746801
-0.0276675, 0.746417, 0.664903

293
-0.0288566, -0.0333758, -0.0295518
-0.994331, -0.101376, -0.0320819
-0.0835565, 0.931547, -0.353891
0.0657618, -0.349204, -0.934736

294
-0.0776642, -0.0215296, 0.0277135
0.0888486, -0.988422, 0.122993
0.994809, 0.081909, -0.0603831
0.0496097, 0.12772, 0.990569

295
0.025451, -0.0352495, -0.0310006
-0.999691, -0.0241921, -0.00566552
-0.0218034, 0.963482, -0.266885
0.0119151, -0.266679, -0.963712

296
0.108725, -0.00979378, 0.00533633
-0.0439562, 0.997929, -0.0469545
-0.544834, 0.0154499, 0.838402
0.837391, 0.0624354, 0.543026

297
-0.0441735, -0.0168081, -0.00956234
