0
0.0115938, -0.021169, -0.00692422
-0.869357, -0.493623, 0.0235408
0.314589, -0.589527, -0.74397
0.381119, -0.63937, 0.667798

1
0.0090294, -0.0217692, 0.016048
-0.0502646, 0.093598, -0.99434
0.76454, 0.644202, 0.0219911
0.642614, -0.759107, -0.10394

2
-0.00707513, -0.0229023, -0.016127
0.0106944, -0.00236109, 0.99994
-0.909902, 0.414686, 0.0107106
-0.414686, -0.909962, 0.00228644

3
-0.00934753, 0.00734149, -0.000767738
0.531975, -0.763416, 0.366331
0.84592, 0.498404, -0.189769
-0.0377088, 0.410839, 0.910928

4
0.00407211, -0.0237983, 0.0157696
-0.0346178, 0.107229, -0.993632
0.909043, 0.416492, 0.0132755
0.415263, -0.902794, -0.111894

5
0.0215875, -0.0151634, 0.0170253
-0.133553, 0.0475876, -0.989898
0.278039, 0.960531, 0.00866386
0.95124, -0.274073, -0.141513

6
-0.0178473, 0.00393718, -0.010534
-0.00572009, -0.0104442, 0.999929
0.197921, 0.980152, 0.0113698
-0.980201, 0.197972, -0.00353942

7
0.020501, -0.00796713, 0.0167673
-0.0502646, 0.093598, -0.99434
0.0862144, 0.992289, 0.0890467
0.995008, -0.0812505, -0.0579465

8
0.00518331, -0.00916941, -0.00259863
0.15724, -0.936045, 0.314793
-0.973322, -0.0929566, 0.20977
-0.167092, -0.339379, -0.92569

9
-0.0197844, -0.0143239, -0.0107358
-0.00572009, -0.0104442, 0.999929
-0.553155, 0.83306, 0.00553694
-0.833058, -0.553084, -0.0105424

10
0.0090294, -0.0217692, 0.016048
-0.0502646, 0.093598, -0.99434
0.76454, 0.644202, 0.0219911
0.642614, -0.759107, -0.10394

11
0.0420424, -0.000912811, 0.00354131
0.15724, -0.936045, 0.314793
-0.806394, -0.305707, -0.506232
0.570091, -0.174247, -0.802891

12
0.0143336, -0.0323255, 0.0356457
-0.864084, -0.478606, -0.155865
0.0861884, 0.164399, -0.982621
0.495913, -0.862502, -0.100804

13
0.0144468, -0.0182692, 0.00759473
-0.00432063, -0.000120753, -0.999991
0.602496, 0.798118, -0.00269956
0.798111, -0.602502, -0.00337562

14
-0.0161066, -0.0182087, -0.0104599
0.0058954, -0.00263474, -0.999979
0.626673, -0.779261, 0.00574775
-0.77926, -0.626694, -0.00294294

15
0.00448378, 0.0218434, -0.0205504
-0.14944, 0.189192, -0.970502
-0.982872, 0.0786316, 0.166674
0.107845, 0.978787, 0.174201

16
0.00791651, 0.0161109, -0.0183827
0.032599, 0.00951764, -0.999423
-0.967265, 0.252088, -0.0291495
0.251665, 0.967658, 0.0174239

17
-0.0346209, -0.00298824, 0.0356637
0.15724, -0.936045, 0.314793
-0.218101, 0.277972, 0.935502
-0.963176, -0.215755, -0.160444

18
0.015774, 0.0178451, 0.019436
-0.0502646, 0.093598, -0.99434
-0.886275, 0.454798, 0.0876123
0.460425, 0.885662, 0.0600933

19
0.0038166, 0.0185167, -0.0102214
-0.0097475, 0.0147261, -0.999844
-0.999853, 0.0139366, 0.00995286
0.014081, 0.999794, 0.0145881

20
0.000905195, -0.00379144, -0.00525888
0.696094, 0.712615, -0.0873628
0.691619, -0.698234, -0.184749
-0.192654, 0.0681807, -0.978895

21
0.0110545, -0.0191265, 0.0013487
0.000114786, 0.0102942, -0.999947
0.752683, 0.658348, 0.00686393
0.658384, -0.752644, -0.0076727

22
0.0110545, -0.0191265, 0.0013487
0.000114786, 0.0102942, -0.999947
0.752683, 0.658348, 0.00686393
0.658384, -0.752644, -0.0076727

23
-0.0214715, -0.0233787, 0.0582144
-0.740892, 0.67001, -0.0465393
-0.203073, -0.289529, -0.935379
-0.640188, -0.683564, 0.350571

24
-0.00789333, -0.0239769, -0.0114915
-0.725537, -0.240103, -0.644939
0.538402, -0.781739, -0.314654
-0.428625, -0.575529, 0.696453

25
0.00189998, 0.018637, -0.0130984
0.0010965, -0.006298, 0.99998
0.995375, -0.0960503, -0.00169638
0.0960591, 0.995357, 0.00616356

26
-0.0217874, -0.0101411, -0.0216087
-0.0279266, -0.129699, -0.99116
0.523034, -0.846879, 0.0960819
-0.851854, -0.515727, 0.0914874

27
0.00472509, -0.0227593, -0.00500034
-0.98883, -0.105917, -0.104868
-0.0830859, 0.975824, -0.202148
0.123744, -0.191176, -0.973724

28
0.015774, 0.0178451, 0.019436
-0.0502646, 0.093598, -0.99434
-0.886275, 0.454798, 0.0876123
0.460425, 0.885662, 0.0600933

29
0.0117959, 0.0138488, -0.010368
-0.0097475, 0.0147261, -0.999844
-0.918355, 0.395481, 0.0147779
0.395636, 0.918356, 0.00966886

30
0.0100972, 0.0167214, -0.0101823
0.0106234, 0.00506926, -0.999931
-0.934378, 0.356191, -0.00812118
0.356125, 0.9344, 0.00852055

31
0.0197391, -0.0109963, -0.00156359
0.00617472, -0.00682937, 0.999958
-0.373525, -0.927611, -0.00402877
0.9276, -0.373484, -0.00827868

32
0.0205636, -0.00389324, 0.0180237
0.281414, 0.358465, 0.890117
-0.334967, -0.832557, 0.441186
0.899224, -0.422316, -0.114219

33
0.0191487, -0.00782183, 0.001466
0.000114786, 0.0102942, -0.999947
0.0666795, 0.997721, 0.010279
0.997774, -0.0666772, -0.000571889

34
0.0191487, -0.00782183, 0.001466
0.000114786, 0.0102942, -0.999947
0.0666795, 0.997721, 0.010279
0.997774, -0.0666772, -0.000571889

35
-0.000591791, -0.0233225, -0.00512564
-0.984549, 0.138741, -0.106836
0.157071, 0.969417, -0.188574
0.077406, -0.202441, -0.97623

36
-0.00291016, 0.0166081, 0.0163645
-0.00148241, 0.0113058, 0.999935
0.999829, -0.0184367, 0.00169071
0.0184547, 0.999766, -0.0112765

37
-0.0185851, -0.00907553, -0.0194252
0.0714158, 0.0347082, 0.996843
-0.20456, 0.978661, -0.0194201
-0.976245, -0.202527, 0.0769918

38
0.0132617, 0.0140582, 0.00802594
0.00773638, 0.0143938, -0.999866
-0.899653, 0.436606, -0.000675715
0.436538, 0.899538, 0.0163272

39
0.00629385, 0.0187323, -0.0104252
0.0058954, -0.00263474, -0.999979
-0.994145, 0.107882, -0.00614524
0.107896, 0.99416, -0.0019833

40
-0.0122663, -0.0223061, 0.0167193
-0.117064, -0.0932428, 0.988737
-0.683918, 0.729458, -0.0121827
-0.720106, -0.677641, -0.149164

41
-0.0228376, -0.00624407, 0.0099211
-0.0204876, -0.00709832, 0.999765
-0.300224, 0.953869, 0.000620154
-0.953649, -0.30014, -0.0216736

42
-0.016344, -0.0168031, -0.0018972
0.00994741, 0.0163997, -0.999816
0.660487, -0.750815, -0.00574406
-0.750771, -0.660309, -0.0183005

43
0.0143427, 0.0128152, -0.020996
0.0543552, -0.0391169, -0.997755
-0.81894, 0.56996, -0.066959
0.571299, 0.820741, -0.00105409

44
-0.0067099, 0.017897, -0.00120293
0.00617472, -0.00682937, 0.999958
0.999932, 0.00992736, -0.00610676
-0.00988523, 0.999927, 0.00689021

45
-0.0223356, -0.00271308, -0.0198072
0.275258, 0.0464875, 0.960246
0.0463412, 0.997027, -0.0615521
-0.960253, 0.0614417, 0.272285

46
-0.00445841, 0.0213912, -0.0209104
-0.0604288, -0.120891, 0.990825
0.994476, -0.0926353, 0.049349
0.0858195, 0.988334, 0.125821

47
0.0188212, -0.0135646, 0.0163601
-0.0346178, 0.107229, -0.993632
0.349155, 0.932876, 0.088508
0.936425, -0.343867, -0.0697336

48
0.00727729, -0.02533, -0.0198106
0.134531, -0.166508, -0.97682
0.844438, 0.535065, 0.0250918
0.518484, -0.828239, 0.212589

49
-0.00959996, -0.0199233, -0.020672
-0.0279266, -0.129699, -0.99116
0.972193, -0.234159, 0.00324882
-0.232511, -0.963508, 0.132631

50
0.0132013, -0.00676956, 0.00226568
-0.0672958, 0.967565, -0.243492
0.843265, 0.185595, 0.504439
0.533268, -0.171382, -0.828404

51
0.000760019, 0.0217482, 0.0162377
-0.118719, 0.315752, 0.941386
0.991373, -0.0153505, 0.130172
0.0555527, 0.948718, -0.311205

52
-0.00919799, 0.0165286, -0.0160112
0.0106944, -0.00236109, 0.99994
0.936625, 0.350213, -0.00919027
-0.35017, 0.936667, 0.00595676

53
0.0217165, -0.0038481, 0.0166323
-0.00148241, 0.0113058, 0.999935
-0.0184547, -0.999766, 0.0112765
0.999829, -0.0184367, 0.00169071

54
0.0171777, 0.014775, -0.0103625
-0.00914272, 0.0199792, -0.999759
-0.816874, 0.576503, 0.0189911
0.576743, 0.816851, 0.0110497

55
0.022031, -0.00685713, 0.0166668
-0.00148241, 0.0113058, 0.999935
-0.399668, -0.916608, 0.00977115
0.916659, -0.399627, 0.00587735

56
0.016782, -0.0181028, 0.0175324
-0.133553, 0.0475876, -0.989898
0.620898, 0.782532, -0.0461505
0.772431, -0.62079, -0.134057

57
-0.0191123, -0.00392943, 0.0100139
-0.0204876, -0.00709832, 0.999765
0.0875752, 0.996118, 0.00886706
-0.995947, 0.0877363, -0.0197864

58
-0.00797854, 0.0154164, -0.0129922
0.00621661, -0.0100804, 0.99993
0.943374, 0.331722, -0.00252087
-0.331673, 0.943323, 0.0115718

59
0.0259922, 0.0247308, -0.00477932
-0.740892, 0.67001, -0.0465393
0.596276, 0.688081, 0.413522
0.309086, 0.278625, -0.909304

60
-0.0209271, -0.00920899, -0.0159465
0.0106944, -0.00236109, 0.99994
-0.35017, 0.936667, 0.00595676
-0.936625, -0.350213, 0.00919027

61
0.0287012, 0.0110793, 0.0689078
-0.0672958, 0.967565, -0.243492
-0.533268, 0.171382, 0.828404
0.843265, 0.185595, 0.504439

62
-0.00599077, -0.0212428, -0.0107292
-0.00572009, -0.0104442, 0.999929
-0.829847, 0.557991, 0.00108105
-0.557962, -0.829782, -0.0118588

63
-0.00620435, 0.0186158, -0.00735581
-0.00795565, -0.00828022, 0.999934
0.988928, 0.14812, 0.00909463
-0.148185, 0.988935, 0.00701015

64
-0.0206944, -0.012074, 0.0144603
-0.0435293, -0.0320131, 0.998539
-0.337724, 0.941119, 0.0154498
-0.940238, -0.336558, -0.0517779

65
-0.0234397, -0.00684633, 0.0165875
0.0011063, -0.0100844, -0.999949
0.119132, -0.992827, 0.0101443
-0.992878, -0.119137, 0.000103007

66
0.0109322, 0.0219056, -0.019909
-0.0604288, -0.120891, 0.990825
0.885935, -0.463803, -0.00255715
0.459857, 0.877652, 0.135129

67
-0.019155, -0.016734, 0.016692
0.0011063, -0.0100844, -0.999949
0.490022, -0.87166, 0.00933274
-0.871709, -0.490007, 0.00397724

68
0.0394007, 0.0380929, -0.03082
0.570733, -0.608005, -0.551901
-0.0797401, 0.627904, -0.774195
0.817255, 0.485867, 0.309883

69
0.0175644, 0.0136613, -0.0180913
0.032599, 0.00951764, -0.999423
-0.797329, 0.603205, -0.0202627
0.602664, 0.797529, 0.0272526

70
0.00729706, 0.0180899, -0.00724423
0.00777094, 0.00560298, -0.999954
-0.999515, 0.0302157, -0.00759822
0.0301717, 0.999528, 0.00583507

71
-0.0102901, -0.0266559, 0.0148193
-0.14272, -0.194912, 0.970381
-0.790065, 0.612985, 0.00692503
-0.596179, -0.765676, -0.241479

72
-0.0187879, -0.00397312, -0.015957
0.0106944, -0.00236109, 0.99994
0.0349159, 0.999388, 0.00198637
-0.999333, 0.0348925, 0.0107703

73
0.0188437, -0.0137849, -0.00484667
-0.00541757, 0.0173131, -0.999835
0.34913, 0.936965, 0.0143327
0.937059, -0.348995, -0.0111206

74
0.00698197, 0.0153144, -0.00786581
0.531975, -0.763416, 0.366331
0.795959, 0.303244, -0.52392
0.288881, 0.570297, 0.768966

75
0.00646135, -0.0176288, 0.00751716
0.00773638, 0.0143938, -0.999866
0.747591, 0.663983, 0.0153429
0.664115, -0.74761, -0.00562387

76
0.0211918, 0.0125626, 0.0190971
-0.0346178, 0.107229, -0.993632
-0.731528, 0.674688, 0.098296
0.680932, 0.730273, 0.0550848

77
-0.0132935, 0.0137231, 0.0163817
-0.00148241, 0.0113058, 0.999935
0.930783, 0.365561, -0.00275333
-0.365568, 0.930719, -0.0110652

78
0.0110772, -0.0197632, -0.0212756
-0.0279266, -0.129699, -0.99116
0.586854, 0.800556, -0.121292
0.809211, -0.585053, 0.0537574

79
-0.0154733, 0.00734811, -0.00459669
-0.00865706, -0.0119913, 0.999891
0.613517, 0.789543, 0.0147805
-0.789634, 0.613578, 0.000521749

80
-0.00555153, 0.0187457, -0.0129737
0.00621661, -0.0100804, 0.99993
0.99849, -0.0545233, -0.00675731
0.0545876, 0.998462, 0.00972622

81
0.0362251, 0.0368362, 0.00659391
-0.740892, 0.67001, -0.0465393
0.432605, 0.529079, 0.73002
0.513743, 0.520733, -0.681839

82
-0.0202209, 0.00641226, -0.00750909
0.00747528, 0.0042162, -0.999963
-0.104763, -0.994485, -0.00497626
-0.994469, 0.104797, -0.00699235

83
-0.0187879, -0.00397312, -0.015957
0.0106944, -0.00236109, 0.99994
0.0349159, 0.999388, 0.00198637
-0.999333, 0.0348925, 0.0107703

84
-0.0241822, -0.00981563, -0.018934
0.275258, 0.0464875, 0.960246
-0.324659, 0.944646, 0.0473324
-0.904892, -0.324781, 0.275114

85
-0.00556033, -0.0214334, -0.019928
0.0714158, 0.0347082, 0.996843
-0.834955, 0.54881, 0.0407093
-0.545664, -0.835226, 0.0681735

86
0.0222834, -0.0135364, -0.005105
0.575797, -0.322085, -0.751478
0.618328, 0.772891, 0.142513
0.534909, -0.546719, 0.644182

87
0.0186247, -0.0146178, -0.0200738
0.134531, -0.166508, -0.97682
0.581743, 0.811289, -0.0581724
0.80217, -0.560432, 0.206009

88
0.00134955, 0.0215216, 0.0118934
-0.00874289, -0.0331353, 0.999413
0.972933, -0.231087, 0.0008496
0.230923, 0.972369, 0.0342588

89
-0.0102901, -0.0266559, 0.0148193
-0.14272, -0.194912, 0.970381
-0.790065, 0.612985, 0.00692503
-0.596179, -0.765676, -0.241479

90
-0.0197403, -0.0153136, -0.0210213
0.0221247, -0.0536621, -0.998314
0.751221, -0.657998, 0.0520178
-0.65968, -0.751105, 0.0257541

91
-0.0162738, -0.0164227, -0.0212305
-0.137683, 0.0311996, -0.989985
0.642339, -0.758011, -0.113223
-0.753952, -0.651495, 0.0843248

92
0.0187739, -0.00448228, -0.02075
0.0221247, -0.0536621, -0.998314
-0.0647294, 0.996386, -0.0549931
0.997658, 0.065837, 0.0185713

93
0.0158008, -0.0143922, -0.0185163
0.0330194, 0.0027728, -0.999451
0.466807, 0.884178, 0.0178751
0.883743, -0.467141, 0.0279007

94
0.0235844, 0.00213306, -0.0133223
0.00621661, -0.0100804, 0.99993
-0.0545876, -0.998462, -0.00972622
0.99849, -0.0545233, -0.00675731

95
-0.0102901, -0.0266559, 0.0148193
-0.14272, -0.194912, 0.970381
-0.790065, 0.612985, 0.00692503
-0.596179, -0.765676, -0.241479

96
-0.020704, -0.0121604, -0.00489232
-0.0088314, -0.0120094, 0.999889
-0.338913, 0.940781, 0.00830608
-0.940776, -0.338802, -0.0123786

97
0.00358403, 0.0192649, 0.0201216
0.125663, -0.0389569, -0.991308
-0.984235, -0.130254, -0.119648
-0.124461, 0.990715, -0.0547109

98
-0.0109009, 0.0170948, 0.0183707
0.125663, -0.0389569, -0.991308
-0.607952, -0.792645, -0.0459171
-0.783966, 0.608438, -0.12329

99
-0.00688892, 0.0154091, 0.0053954
-0.00452835, -0.0223583, 0.99974
0.954249, 0.298809, 0.0110049
-0.298977, 0.954051, 0.0199823

100
-0.00708277, -0.0152123, 0.00356579
-0.810803, 0.579768, -0.0804167
0.507043, 0.627075, -0.591341
-0.292414, -0.520236, -0.802402

101
-0.0201782, 0.00651699, -0.010549
0.0058954, -0.00263474, -0.999979
-0.107896, -0.99416, 0.0019833
-0.994145, 0.107882, -0.00614524

102
0.0328901, 0.0421533, 0.0141188
-0.810803, 0.579768, -0.0804167
0.292414, 0.520236, 0.802402
0.507043, 0.627075, -0.591341

103
0.0134383, 0.0134924, -0.0184174
0.0316062, 0.00530186, -0.999486
-0.889839, 0.45555, -0.0257224
0.455179, 0.890195, 0.019116

104
-0.0292813, -0.00222427, 0.009096
0.452053, -0.432025, -0.780386
0.147615, -0.826584, 0.54311
-0.879692, -0.360711, -0.309886

105
0.00983024, 0.016534, 0.0182424
-0.541447, 0.0174529, -0.840554
-0.839572, 0.0413452, 0.541673
0.0442066, 0.998992, -0.00773328

106
0.00415379, -0.0210345, 0.0043125
-0.0163024, -0.00913328, 0.999825
-0.995181, 0.0968461, -0.015342
-0.0966891, -0.995257, -0.0106681

107
-0.0181434, 0.00385235, -0.00752171
0.00777094, 0.00560298, -0.999954
-0.0301717, -0.999528, -0.00583507
-0.999515, 0.0302157, -0.00759822

108
-0.0154917, -0.0249706, -0.0206915
0.275258, 0.0464875, 0.960246
-0.646233, 0.748451, 0.149011
-0.71177, -0.661559, 0.236059

109
0.00511157, -0.0211127, -0.00781591
-0.00316432, -0.0141515, 0.999895
-0.997589, 0.0693621, -0.00217534
-0.069324, -0.997491, -0.0143369

110
0.0190218, -0.0135476, -0.0163164
0.0155057, 0.0215215, -0.999648
0.341169, 0.939655, 0.0255219
0.939874, -0.341445, 0.00722753

111
0.00567168, -0.0198363, -0.0162561
0.0106944, -0.00236109, 0.99994
-0.999333, 0.0348925, 0.0107703
-0.0349159, -0.999388, -0.00198637

112
-0.02539, -0.00375873, -0.000603687
0.531975, -0.763416, 0.366331
0.767098, 0.617687, 0.173274
-0.358558, 0.188835, 0.914209

113
-0.0107535, 0.0161026, 0.0144334
-0.00314907, -0.0277246, 0.999611
0.986104, 0.165949, 0.00770919
-0.166099, 0.985744, 0.0268167

114
0.0148785, 0.0165775, 0.0145273
-0.00314907, -0.0277246, 0.999611
0.81473, -0.579683, -0.0135111
0.579831, 0.814371, 0.0244135

115
-0.00791013, 0.0186237, 0.00231022
0.00491241, -0.0174391, 0.999836
0.995123, 0.0985868, -0.00316971
-0.0985154, 0.994976, 0.0178384

116
-0.0157203, -0.0164667, 0.00997071
-0.0125794, -0.0127264, 0.99984
-0.681773, 0.731563, 0.000734004
-0.731455, -0.681655, -0.0178792

117
0.00536704, -0.0216235, -0.0201348
0.0543552, -0.0391169, -0.997755
0.841206, 0.540152, 0.0246503
0.537975, -0.840658, 0.0622655

118
-0.0217398, 0.00615116, 0.0174268
0.125663, -0.0389569, -0.991308
-0.261663, -0.965147, 0.00475916
-0.956944, 0.258791, -0.131477

119
-0.00912809, 0.0165264, 0.020753
-0.117064, -0.0932428, 0.988737
0.927015, 0.346907, 0.142471
-0.356285, 0.933253, 0.0458271

120
0.0234213, 0.00665664, 0.00194756
0.00491241, -0.0174391, 0.999836
0.0985154, -0.994976, -0.0178384
0.995123, 0.0985868, -0.00316971

121
0.000896977, 0.0187097, 0.00553074
0.00316113, -0.0244074, 0.999697
0.997721, -0.0673052, -0.00479812
0.0674019, 0.997434, 0.024139

122
-0.0261235, -0.0119149, 0.02067
0.385169, -0.921407, -0.0515131
-0.351636, -0.198143, 0.914927
-0.853227, -0.334288, -0.400318

123
-0.0136082, -0.0151421, -0.0104532
0.0058954, -0.00263474, -0.999979
0.87718, -0.480118, 0.00643644
-0.480125, -0.8772, -0.00051935

124
-0.0139099, -0.0200705, -0.0205313
-0.0279266, -0.129699, -0.99116
0.809211, -0.585053, 0.0537574
-0.586854, -0.800556, 0.121292

125
0.0192252, -0.0163318, -0.020103
0.0221247, -0.0536621, -0.998314
0.321985, 0.945736, -0.0437
0.946486, -0.320475, 0.0382025

126
0.00568094, 0.0172933, 0.00222024
0.00491241, -0.0174391, 0.999836
0.957074, -0.289678, -0.00975488
0.289801, 0.956965, 0.0152675

127
0.0151414, -0.0158146, 0.0162455
-0.0346178, 0.107229, -0.993632
0.680932, 0.730273, 0.0550848
0.731528, -0.674688, -0.098296

128
0.0204083, 0.0193012, 0.0114859
-0.541447, 0.0174529, -0.840554
-0.562408, 0.73563, 0.377552
0.624926, 0.677159, -0.388489

129
0.0203666, 0.00178565, -0.0132248
0.0010965, -0.006298, 0.99998
-0.0960591, -0.995357, -0.00616356
0.995375, -0.0960503, -0.00169638

130
0.00052628, 0.0188808, 0.0163439
-0.00148241, 0.0113058, 0.999935
0.916659, -0.399627, 0.00587735
0.399668, 0.916608, -0.00977115

131
-0.01738, -0.0158111, 0.0188426
0.125663, -0.0389569, -0.991308
0.783966, -0.608438, 0.12329
-0.607952, -0.792645, -0.0459171

132
-0.019514, 0.00555765, 0.0041695
-0.0163024, -0.00913328, 0.999825
0.470168, 0.882437, 0.0157272
-0.882426, 0.470343, -0.0100917

133
0.0109141, -0.0205351, 0.00332812
-0.921659, -0.34425, -0.178988
-0.124383, 0.699105, -0.704117
0.367524, -0.626693, -0.687155

134
0.0139192, 0.0134931, 0.00869638
-0.00086191, 0.0379375, -0.99928
-0.874487, 0.48467, 0.0191547
0.485048, 0.873874, 0.0327581

135
-0.01984, 0.000552269, -0.00761388
-0.00795565, -0.00828022, 0.999934
0.241541, 0.97034, 0.00995689
-0.970358, 0.241604, -0.00571967

136
0.0110718, 0.0192358, 0.00556233
-0.00452835, -0.0223583, 0.99974
0.886165, -0.463326, -0.00634796
0.463347, 0.885906, 0.0219112

137
-0.0234298, -0.00368457, 0.0171537
-0.117064, -0.0932428, 0.988737
0.0255892, 0.994969, 0.0968602
-0.992795, 0.0366399, -0.114089

138
-0.0142741, 0.000691504, 0.00435348
0.551038, -0.692915, -0.465001
-0.562676, -0.720026, 0.406152
-0.616241, 0.0378396, -0.786648

139
0.0199777, -0.00581298, -0.0168832
0.0236565, -0.00676739, 0.999697
-0.421879, -0.906644, 0.00384573
0.906343, -0.421843, -0.024303

140
-0.0194081, -0.0146656, -0.0191716
0.0714158, 0.0347082, 0.996843
-0.562582, 0.826661, 0.0115216
-0.823651, -0.561628, 0.0785629

141
0.0115374, -0.0192843, 0.017387
-0.152545, -0.39597, 0.905504
-0.806613, -0.479531, -0.34558
0.571057, -0.783108, -0.246244

142
0.0181925, -0.0113246, -0.0225803
-0.0279266, -0.129699, -0.99116
0.232511, 0.963508, -0.132631
0.972193, -0.234159, 0.00324882

143
-0.00448249, 0.0187848, -0.0104888
0.0058954, -0.00263474, -0.999979
-0.95976, -0.280779, -0.00491849
-0.28076, 0.959769, -0.00418402

144
-0.00959257, -0.0191063, -0.0168799
0.0155057, 0.0215215, -0.999648
0.939874, -0.341445, 0.00722753
-0.341169, -0.939655, -0.0255219

145
0.0185267, -0.00940142, -0.0198971
0.0543552, -0.0391169, -0.997755
0.214417, 0.97638, -0.026598
0.975229, -0.21249, 0.0614587

146
-0.0182058, -0.015756, -0.00783477
-0.0060625, -0.0117185, 0.999913
-0.526427, 0.850193, 0.00677212
-0.850199, -0.52634, -0.0113232

147
-0.0131312, -0.0161574, 0.00407521
-0.0163024, -0.00913328, 0.999825
-0.63533, 0.772234, -0.00330498
-0.772069, -0.635273, -0.0183919

148
0.0053159, -0.0334862, 0.0570637
-0.921659, -0.34425, -0.178988
0.291949, -0.311453, -0.904303
0.25556, -0.885714, 0.387556

149
-0.0213, -0.00626783, 0.0172952
-0.14272, -0.194912, 0.970381
-0.137098, 0.97486, 0.175648
-0.980222, -0.107969, -0.165854

150
-0.00678832, -0.0203069, -0.0212728
0.0693124, -0.0146642, -0.997487
0.997522, -0.011067, 0.0694776
-0.0120581, -0.999831, 0.0138608

151
-0.0177332, -0.0110066, -0.0106186
0.0106234, 0.00506926, -0.999931
0.72697, -0.686656, 0.00424232
-0.686587, -0.726964, -0.0109798

152
0.0156804, -0.0150423, -0.0108313
-0.0097475, 0.0147261, -0.999844
0.395636, 0.918356, 0.00966886
0.918355, -0.395481, -0.0147779

153
-0.0238097, -0.00224401, 0.00813147
-0.00086191, 0.0379375, -0.99928
0.275375, -0.960636, -0.0367079
-0.961336, -0.275208, -0.00961905

154
0.0079269, -0.0202189, -0.0202516
0.0693124, -0.0146642, -0.997487
0.713881, 0.699162, 0.039327
0.696828, -0.714813, 0.0589291

155
0.0232955, 0.000415621, -0.00147603
0.0121653, -0.0182726, 0.999759
0.104731, -0.99431, -0.0194474
0.994426, 0.104943, -0.0101824

156
0.00396394, 0.0165843, 0.0163816
0.0011063, -0.0100844, -0.999949
-0.992878, -0.119137, 0.000103007
-0.119132, 0.992827, -0.0101443

157
-0.00236744, -0.0233019, -0.00485079
-0.00865706, -0.0119913, 0.999891
-0.96431, 0.264727, -0.00517423
-0.264636, -0.964249, -0.0138551

158
0.0245122, -0.00260884, -0.0180196
0.032599, 0.00951764, -0.999423
-0.137649, 0.990469, 0.00494257
0.989945, 0.137408, 0.0335984

159
1.27521e-06, 0.0167869, 0.0144862
-0.00314907, -0.0277246, 0.999611
0.974605, -0.223911, -0.00313995
0.223911, 0.974215, 0.0277256

160
-0.0110483, 0.0122175, 0.00541001
0.00316113, -0.0244074, 0.999697
0.947568, 0.31952, 0.0048047
-0.31954, 0.947265, 0.0241377

161
-0.00434862, 0.0186517, 0.00547942
-0.00452835, -0.0223583, 0.99974
0.996025, -0.0890359, 0.00252032
0.0889564, 0.995777, 0.0226726

162
-0.0197337, -0.00105973, -0.0105894
0.0106234, 0.00506926, -0.999931
0.0285547, -0.999581, -0.00476412
-0.999536, -0.0285021, -0.0107637

163
-0.0146384, -0.0193021, -0.00192122
0.00994741, 0.0163997, -0.999816
0.897518, -0.440974, 0.00169646
-0.440865, -0.89737, -0.0191056

164
-0.00350378, -0.0253386, 0.0147844
-0.0435293, -0.0320131, 0.998539
-0.903655, 0.427489, -0.0256878
-0.426042, -0.903454, -0.0475371

165
-0.0136083, 0.0135357, -0.00078718
0.0121653, -0.0182726, 0.999759
0.878651, 0.47746, -0.00196513
-0.477309, 0.878463, 0.0218637

166
0.0194537, -0.0049235, -0.0226627
-0.0604288, -0.120891, 0.990825
-0.459857, -0.877652, -0.135129
0.885935, -0.463803, -0.00255715

167
-0.0145434, -0.0151784, 0.00771961
-0.00432063, -0.000120753, -0.999991
0.798111, -0.602502, -0.00337562
-0.602496, -0.798118, 0.00269956

168
-0.0151372, 0.00944317, -0.0159644
0.0106944, -0.00236109, 0.99994
0.731324, 0.682001, -0.00621115
-0.681946, 0.731347, 0.0090203

169
-0.00990724, -0.0172297, -0.00757583
0.00777094, 0.00560298, -0.999954
0.911885, -0.410418, 0.00478685
-0.410373, -0.91188, -0.00829861

170
-0.0218669, 0.00253918, 0.0148777
-0.0435293, -0.0320131, 0.998539
0.0477977, 0.998275, 0.0340883
-0.997908, 0.0492117, -0.0419241

171
-0.0213, -0.00626783, 0.0172952
-0.14272, -0.194912, 0.970381
-0.137098, 0.97486, 0.175648
-0.980222, -0.107969, -0.165854

172
-0.012303, -0.0167143, -0.00780877
-0.00316432, -0.0141515, 0.999895
-0.656383, 0.754379, 0.00859949
-0.754422, -0.656286, -0.0116759

173
-0.0105642, 0.0160553, 0.011608
-0.00874289, -0.0331353, 0.999413
0.987243, 0.158613, 0.0138952
-0.15898, 0.986785, 0.0313259

174
-0.0107369, 0.0152871, -0.00446047
-0.00865706, -0.0119913, 0.999891
0.868996, 0.494637, 0.0134558
-0.494744, 0.869017, 0.00613829

175
0.0151622, -0.0160351, -0.00486568
-0.00541757, 0.0173131, -0.999835
0.681151, 0.732088, 0.00898599
0.732123, -0.68099, -0.0157589

176
0.0114444, -0.0193127, -0.0186049
0.032599, 0.00951764, -0.999423
0.602664, 0.797529, 0.0272526
0.797329, -0.603205, 0.0202627

177
-0.0232123, -0.00587848, -0.0158616
0.0236565, -0.00676739, 0.999697
-0.342568, 0.939382, 0.0144655
-0.939195, -0.342806, 0.0199042

178
-0.0110923, -0.0156544, 0.00418489
-0.740892, 0.67001, -0.0465393
0.513743, 0.520733, -0.681839
-0.432605, -0.529079, -0.73002

179
0.014872, -0.0174111, -0.00506819
0.696094, 0.712615, -0.0873628
0.712698, -0.671176, 0.203922
0.0866818, -0.204212, -0.975081

180
0.0195765, -0.0113035, 0.0137688
-0.00314907, -0.0277246, 0.999611
-0.579831, -0.814371, -0.0244135
0.81473, -0.579683, -0.0135111

181
-0.0226951, -0.0132296, 0.0151189
0.551038, -0.692915, -0.465001
-0.284019, -0.679697, 0.676272
-0.784659, -0.240583, -0.57134

182
-0.0183765, 5.73803e-05, -0.00765048
-0.0060625, -0.0117185, 0.999913
0.228941, 0.973356, 0.0127953
-0.973421, 0.228999, -0.00321812

183
-0.00923682, 0.0154747, -0.000154178
-0.868887, 0.197999, 0.453687
0.29769, 0.941272, 0.159336
-0.395495, 0.273503, -0.876801

184
-0.0213, -0.00626783, 0.0172952
-0.14272, -0.194912, 0.970381
-0.137098, 0.97486, 0.175648
-0.980222, -0.107969, -0.165854

185
-0.0134847, 0.012918, -0.00746092
-0.00795565, -0.00828022, 0.999934
0.856942, 0.515294, 0.011085
-0.515352, 0.856974, 0.00299617

186
0.00597533, -0.0180465, -0.0188206
0.0316062, 0.00530186, -0.999486
0.761057, 0.648101, 0.0275044
0.647914, -0.761536, 0.016449

187
-0.0180657, -0.00612419, -0.00754584
0.00747528, 0.0042162, -0.999963
0.283778, -0.958888, -0.00192161
-0.958861, -0.283753, -0.00836443

188
-0.00914255, -0.0231533, 0.0201753
0.125663, -0.0389569, -0.991308
0.956944, -0.258791, 0.131477
-0.261663, -0.965147, 0.00475916

189
-0.000143466, -0.0226439, -0.019066
0.0330194, 0.0027728, -0.999451
0.954983, 0.29489, 0.0323684
0.294818, -0.955527, 0.00708912

190
0.0198882, -0.0082952, 0.0138532
-0.00314907, -0.0277246, 0.999611
-0.223911, -0.974215, -0.0277256
0.974605, -0.223911, -0.00313995

191
0.00142583, 0.0223624, -0.0176009
-0.251905, 0.396003, -0.883021
-0.941489, 0.110844, 0.318294
0.223924, 0.911534, 0.344911

192
-0.0182948, 0.000113944, 0.0171596
-0.0549358, -0.0681509, 0.996161
0.225876, 0.970957, 0.0788831
-0.972606, 0.229342, -0.0379466

193
-0.0204297, -0.0125602, 0.00996119
-0.0125794, -0.0127264, 0.99984
-0.34996, 0.936734, 0.00752019
-0.93668, -0.34981, -0.0162373

194
0.0176823, -0.0111447, -0.0184138
0.0316062, 0.00530186, -0.999486
0.455179, 0.890195, 0.019116
0.889839, -0.45555, 0.0257224

195
0.0150697, 0.0163402, 0.0118417
-0.00874289, -0.0331353, 0.999413
0.810502, -0.585606, -0.0123253
0.58567, 0.809918, 0.0319761

196
-0.0157961, -0.023336, 0.0110105
-0.152545, -0.39597, 0.905504
-0.836265, 0.539989, 0.0952522
-0.526679, -0.742711, -0.413508

197
0.00413086, -0.0211714, 0.0190917
-0.133553, 0.0475876, -0.989898
0.869231, 0.485399, -0.0939388
0.476025, -0.872997, -0.106191

198
-0.00880209, -0.0175224, 0.00136293
0.000114786, 0.0102942, -0.999947
0.896306, -0.443413, -0.00446194
-0.443436, -0.896258, -0.00927766

199
0.0148173, -0.0137219, 0.0167337
-0.00148241, 0.0113058, 0.999935
-0.720035, -0.693905, 0.0067782
0.693936, -0.719978, 0.00916922

200
0.0180258, -0.0104817, 0.00770953
0.00773638, 0.0143938, -0.999866
0.436538, 0.899538, 0.0163272
0.899653, -0.436606, 0.000675715

201
-0.0017287, 0.0171771, -0.0103056
0.0106234, 0.00506926, -0.999931
-0.912523, -0.408856, -0.0117675
-0.408887, 0.912585, 0.000282394

202
0.019184, -0.00111361, -0.00145395
0.0121653, -0.0182726, 0.999759
-0.283791, -0.958783, -0.0140704
0.958809, -0.283552, -0.0168495

203
-0.0242062, -0.00417716, -0.0197414
-0.137683, 0.0311996, -0.989985
0.304919, -0.949627, -0.0723347
-0.942374, -0.311824, 0.121235

204
-0.00679587, -0.0211207, 0.00132612
0.000114786, 0.0102942, -0.999947
0.997774, -0.0666772, -0.000571889
-0.0666795, -0.997721, -0.010279

205
-0.0218535, -0.0134771, 0.0157658
-0.14272, -0.194912, 0.970381
-0.501777, 0.859335, 0.0988078
-0.853142, -0.472813, -0.220447

206
-0.019068, -0.0198472, -0.000173488
0.14774, -0.866906, -0.476074
0.982651, 0.0740947, 0.170022
-0.112119, -0.492934, 0.862813

207
-0.00981974, -0.0191145, -0.00478364
-0.00541757, 0.0173131, -0.999835
0.937059, -0.348995, -0.0111206
-0.34913, -0.936965, -0.0143327

208
0.0080679, 0.0346981, 0.0318218
-0.901527, 0.286337, -0.324439
-0.223395, 0.334153, 0.915662
0.3706, 0.897972, -0.237282

209
-0.0223949, -0.00170164, -0.00769546
-0.0060625, -0.0117185, 0.999913
-0.160998, 0.986898, 0.0105898
-0.986936, -0.16092, -0.00786972

210
-0.00907023, -0.0187349, -0.0210346
0.0543552, -0.0391169, -0.997755
0.975229, -0.21249, 0.0614587
-0.214417, -0.97638, 0.026598

211
-0.00526227, 0.0161774, -0.0104866
0.0058954, -0.00263474, -0.999979
-0.77926, -0.626694, -0.00294294
-0.626673, 0.779261, -0.00574775

212
0.00223837, -0.0193767, -0.0167022
0.0155057, 0.0215215, -0.999648
0.905834, 0.422999, 0.0231573
0.423349, -0.905875, -0.0129361

213
0.0153599, -0.015827, -0.0164222
0.0155057, 0.0215215, -0.999648
0.674873, 0.737463, 0.026345
0.737771, -0.675044, -0.00308943

214
0.0152008, -0.0121491, -0.0199706
0.0543552, -0.0391169, -0.997755
0.571299, 0.820741, -0.00105409
0.81894, -0.56996, 0.066959

215
-0.000171316, 0.014504, -0.0103027
0.0106234, 0.00506926, -0.999931
-0.999536, -0.0285021, -0.0107637
-0.0285547, 0.999581, 0.00476412

216
0.020718, 0.0107723, 0.0183895
-0.133553, 0.0475876, -0.989898
-0.772431, 0.62079, 0.134057
0.620898, 0.782532, -0.0461505

217
-0.00298091, -0.0271462, 0.0157959
-0.14272, -0.194912, 0.970381
-0.958072, 0.273312, -0.086012
-0.248453, -0.941971, -0.225747

218
-0.0128219, 0.0133108, -0.0131158
0.0010965, -0.006298, 0.99998
0.77176, 0.635906, 0.00315877
-0.635912, 0.771741, 0.00555782

219
-0.0141864, 0.013399, -0.0104142
-0.00572009, -0.0104442, 0.999929
0.833058, 0.553084, 0.0105424
-0.553155, 0.83306, 0.00553694

220
0.000491413, 0.0186693, -0.0202144
-0.105667, 0.234361, -0.96639
-0.994396, -0.028244, 0.10188
-0.00341803, 0.971739, 0.236032

221
-0.00689652, -0.0212171, -0.00634637
-0.634108, 0.696209, -0.336453
0.749205, 0.660837, -0.0445687
0.191311, -0.280333, -0.940645

222
0.0230674, 0.00648552, 0.0178664
-0.133553, 0.0475876, -0.989898
-0.476025, 0.872997, 0.106191
0.869231, 0.485399, -0.0939388

223
-0.0218535, -0.0134771, 0.0157658
-0.14272, -0.194912, 0.970381
-0.501777, 0.859335, 0.0988078
-0.853142, -0.472813, -0.220447

224
0.0187643, 0.0276912, 0.0386185
-0.755381, 0.610654, -0.237699
-0.118248, 0.22976, 0.966037
0.644528, 0.757834, -0.101348

225
0.0234363, 0.00319589, -0.00148949
0.00617472, -0.00682937, 0.999958
0.00988523, -0.999927, -0.00689021
0.999932, 0.00992736, -0.00610676

226
-0.0074521, 0.0182844, -0.00735776
0.00777094, 0.00560298, -0.999954
-0.728098, -0.685407, -0.00949876
-0.685429, 0.728139, -0.00124674

227
0.014449, -0.0150631, -0.016815
0.0236565, -0.00676739, 0.999697
-0.736608, -0.676197, 0.0128534
0.675906, -0.736689, -0.0209814

228
0.0198784, -0.00110848, -0.00463277
-0.00541757, 0.0173131, -0.999835
-0.0360431, 0.999197, 0.0174973
0.999336, 0.036132, -0.00478921

229
-0.0199375, 0.00921626, -0.00750559
0.00777094, 0.00560298, -0.999954
-0.410373, -0.91188, -0.00829861
-0.911885, 0.410418, -0.00478685

230
-0.0160408, -0.0161218, -0.00489872
-0.0088314, -0.0120094, 0.999889
-0.673135, 0.739514, 0.00293675
-0.739467, -0.673034, -0.0146149

231
0.0192206, -0.00681796, -0.0133854
0.00621661, -0.0100804, 0.99993
-0.432538, -0.901593, -0.00639995
0.901594, -0.432468, -0.009965

232
-0.0132948, -0.0159763, -0.019482
0.0330194, 0.0027728, -0.999451
0.883743, -0.467141, 0.0279007
-0.466807, -0.884178, -0.0178751

233
-0.015825, 0.00938813, 0.00522027
-0.00452835, -0.0223583, 0.99974
0.767198, 0.641163, 0.0178141
-0.641395, 0.767079, 0.0142498

234
0.0302515, 0.00877777, -0.00798617
0.570733, -0.608005, -0.551901
0.521502, 0.787555, -0.328318
0.634271, -0.100435, 0.766559

235
-0.00136015, 0.020126, -0.00144611
0.182451, -0.772159, -0.608672
-0.93698, -0.324154, 0.130359
-0.297961, 0.546529, -0.78264

236
0.0215312, 0.0113534, -0.0182556
0.0330194, 0.0027728, -0.999451
-0.637832, 0.769942, -0.0189363
0.769467, 0.638107, 0.0271916

237
0.0134066, 0.0105045, -0.00923089
-0.740892, 0.67001, -0.0465393
0.669169, 0.742329, 0.0340687
0.0573738, -0.00590145, -0.998335

238
-0.0167017, 0.0090885, -0.0130017
0.00621661, -0.0100804, 0.99993
0.744638, 0.667465, 0.00209934
-0.66744, 0.744573, 0.0116556

239
-0.00698439, 0.0181824, -0.0214559
-0.0604288, -0.120891, 0.990825
0.951618, 0.292635, 0.0937423
-0.301283, 0.948552, 0.0973586

240
-0.0194354, 0.00531028, 0.0100729
-0.0204876, -0.00709832, 0.999765
0.462041, 0.886718, 0.015764
-0.886622, 0.462256, -0.014887

241
-0.00298091, -0.0271462, 0.0157959
-0.14272, -0.194912, 0.970381
-0.958072, 0.273312, -0.086012
-0.248453, -0.941971, -0.225747

242
0.0223264, 0.00894343, 0.0182668
-0.0502646, 0.093598, -0.99434
-0.642614, 0.759107, 0.10394
0.76454, 0.644202, 0.0219911

243
0.0179927, -0.00846545, 0.00145925
0.000114786, 0.0102942, -0.999947
0.443436, 0.896258, 0.00927766
0.896306, -0.443413, -0.00446194

244
0.0259982, -0.0008049, 0.0150619
0.281414, 0.358465, 0.890117
0.0346484, -0.930796, 0.363893
0.958961, -0.0715633, -0.274359

245
0.0202169, -0.0109142, -0.0195344
0.0693124, -0.0146642, -0.997487
0.392875, 0.919488, 0.0137822
0.916976, -0.392843, 0.0694932

246
-0.0180625, -0.00602616, -0.0105035
0.0058954, -0.00263474, -0.999979
0.28076, -0.959769, 0.00418402
-0.95976, -0.280779, -0.00491849

247
0.0179927, -0.00846545, 0.00145925
0.000114786, 0.0102942, -0.999947
0.443436, 0.896258, 0.00927766
0.896306, -0.443413, -0.00446194

248
-0.0171634, 0.00960367, -0.0105394
0.0058954, -0.00263474, -0.999979
-0.480125, -0.8772, -0.00051935
-0.87718, 0.480118, -0.00643644

249
0.000649291, 0.021333, -0.0184874
-0.160868, 0.314756, -0.935441
-0.983102, -0.134992, 0.123642
-0.0873599, 0.939524, 0.331153

250
-0.0175956, 0.00334506, -0.00467864
-0.0088314, -0.0120094, 0.999889
0.425581, 0.904802, 0.0146263
-0.904877, 0.425663, -0.00287968

251
-0.0236024, 0.0011143, -0.0158935
0.0106944, -0.00236109, 0.99994
0.414686, 0.909962, -0.00228644
-0.909902, 0.414686, 0.0107106

252
0.0198404, 0.0024021, 0.0050727
0.00316113, -0.0244074, 0.999697
-0.0674019, -0.997434, -0.024139
0.997721, -0.0673052, -0.00479812

253
0.0240838, 0.000535684, -0.0182013
0.0330194, 0.0027728, -0.999451
-0.294818, 0.955527, -0.00708912
0.954983, 0.29489, 0.0323684

254
0.000598833, -0.0216111, 0.0161266
-0.0346178, 0.107229, -0.993632
0.99876, 0.0393041, -0.0305549
0.0357774, -0.993457, -0.108457

255
0.00220974, -0.0308415, 0.0107617
-0.152545, -0.39597, 0.905504
-0.974159, 0.214661, -0.0702411
-0.166563, -0.892821, -0.418483

256
0.00509415, -0.0205893, 0.016358
-0.0502646, 0.093598, -0.99434
0.95226, 0.304667, -0.0194589
0.301121, -0.947849, -0.104444

257
0.023532, -0.00175794, -0.0107122
-0.0097475, 0.0147261, -0.999844
0.014081, 0.999794, 0.0145881
0.999853, -0.0139366, -0.00995286

258
-0.0205427, -0.00907677, 0.016987
-0.117064, -0.0932428, 0.988737
-0.356285, 0.933253, 0.0458271
-0.927015, -0.346907, -0.142471

259
-0.0112688, -0.0214979, 0.00405679
-0.0163024, -0.00913328, 0.999825
-0.882426, 0.470343, -0.0100917
-0.470168, -0.882437, -0.0157272

260
-0.0188366, 0.00436899, -0.0131655
0.0010965, -0.006298, 0.99998
0.469661, 0.882833, 0.00504521
-0.882846, 0.469645, 0.00392595

261
-0.0138013, -0.0138533, -0.0161383
0.0236565, -0.00676739, 0.999697
-0.675906, 0.736689, 0.0209814
-0.736608, -0.676197, 0.0128534

262
-0.014176, -0.0219559, -0.0184679
-0.699719, 0.182158, -0.690805
0.629352, -0.300438, -0.716696
-0.338096, -0.936245, 0.0955807

263
0.00509415, -0.0205893, 0.016358
-0.0502646, 0.093598, -0.99434
0.95226, 0.304667, -0.0194589
0.301121, -0.947849, -0.104444

264
0.019427, -0.0114491, 0.0194583
0.0923572, 0.0917175, 0.991493
-0.573878, -0.808832, 0.128277
0.813716, -0.580843, -0.0220668

265
-0.0229552, 0.00181228, -0.0197266
-0.137683, 0.0311996, -0.989985
-0.0789226, -0.996671, -0.0204341
-0.987327, 0.0753187, 0.139687

266
-0.0128231, -0.0186657, -0.00783624
-0.0060625, -0.0117185, 0.999913
-0.811712, 0.584055, 0.00192341
-0.584026, -0.81163, -0.0130529

267
-0.00469711, -0.0198768, -0.00183174
0.00994741, 0.0163997, -0.999816
0.997911, -0.063998, 0.00887872
-0.0638406, -0.997815, -0.017002

268
-0.01231, -0.0203957, -0.00772743
-0.00795565, -0.00828022, 0.999934
-0.80406, 0.594546, -0.00147395
-0.594494, -0.804019, -0.0113878

269
-0.0194738, 0.00355552, -0.00758609
-0.00795565, -0.00828022, 0.999934
0.594494, 0.804019, 0.0113878
-0.80406, 0.594546, -0.00147395

270
0.0239053, -0.00539116, -0.0209193
0.134531, -0.166508, -0.97682
-0.155865, 0.969954, -0.186804
0.978574, 0.177383, 0.104536

271
-0.0185374, -0.0130274, 0.0185864
0.125663, -0.0389569, -0.991308
0.491637, -0.865455, 0.0963334
-0.861685, -0.49947, -0.089603

272
0.00401965, 0.016893, -0.00127604
0.00617472, -0.00682937, 0.999958
0.9276, -0.373484, -0.00827868
0.373525, 0.927611, 0.00402877

273
0.00512099, 0.0195897, 0.00553887
0.00316113, -0.0244074, 0.999697
0.89598, -0.443883, -0.0136705
0.444083, 0.895752, 0.0204653

274
0.00716674, -0.017605, 0.001215
-0.970402, -0.0812823, -0.227404
0.0650208, 0.818942, -0.570182
0.232577, -0.568091, -0.789418

275
-0.0147267, 0.0117977, 0.010343
-0.0125794, -0.0127264, 0.99984
0.731455, 0.681655, 0.0178792
-0.681773, 0.731563, 0.000734004

276
0.00206969, -0.0207288, -0.0107824
-0.0097475, 0.0147261, -0.999844
0.929133, 0.369729, -0.00361261
0.369618, -0.929023, -0.0172864

277
0.011862, -0.0161485, -0.0186513
0.0330194, 0.0027728, -0.999451
0.769467, 0.638107, 0.0271916
0.637832, -0.769942, 0.0189363

278
-0.00495548, -0.0207455, 0.00738396
0.00773638, 0.0143938, -0.999866
0.998226, -0.0591332, 0.00687243
-0.0590264, -0.998146, -0.0148258

279
-0.000508792, 0.019422, -0.0222934
-0.137683, 0.0311996, -0.989985
-0.942374, -0.311824, 0.121235
-0.304919, 0.949627, 0.0723347

280
-0.00566737, -0.0208202, 0.0168802
-0.0502646, 0.093598, -0.99434
0.995008, -0.0812505, -0.0579465
-0.0862144, -0.992289, -0.0890467

281
0.0199494, -0.000864301, -0.0160289
0.0155057, 0.0215215, -0.999648
-0.0444753, 0.998794, 0.0208133
0.99889, 0.044137, 0.0164442

282
-0.00531915, -0.0207506, 0.00768043
-0.00432063, -0.000120753, -0.999991
0.967923, -0.251213, -0.00415174
-0.25121, -0.967932, 0.00120228

283
0.00504441, 0.020507, -0.00570511
-0.723626, -0.431377, 0.538775
0.616591, -0.754805, 0.223796
0.31013, 0.494148, 0.81218

284
-0.00416443, -0.0221514, -0.0164225
0.0236565, -0.00676739, 0.999697
-0.906343, 0.421843, 0.024303
-0.421879, -0.906644, 0.00384573

285
-0.0246841, -0.0166251, -0.00641857
-0.699719, 0.182158, -0.690805
0.452061, -0.635854, -0.625564
-0.553203, -0.750005, 0.362573

286
0.00200977, -0.0194798, -0.00485406
-0.00541757, 0.0173131, -0.999835
0.909473, 0.415758, 0.00227128
0.415729, -0.909311, -0.0179982

287
0.0213211, 0.00629495, 0.0142624
-0.00314907, -0.0277246, 0.999611
0.166099, -0.985744, -0.0268167
0.986104, 0.165949, 0.00770919

288
-0.0109437, -0.0216692, 0.0100553
-0.0204876, -0.00709832, 0.999765
-0.886622, 0.462256, -0.014887
-0.462041, -0.886718, -0.015764

289
0.0246534, -0.00125492, -0.0107512
-0.00914272, 0.0199792, -0.999759
-0.169798, 0.98525, 0.021242
0.985436, 0.169951, -0.00561543

290
0.0168119, 0.0171168, 0.00554094
-0.00452835, -0.0223583, 0.99974
0.641395, -0.767079, -0.0142498
0.767198, 0.641163, 0.0178141

291
0.0185328, -0.0230825, 0.011814
-0.541447, 0.0174529, -0.840554
0.624926, 0.677159, -0.388489
0.562408, -0.73563, -0.377552

292
-0.0292256, 0.00115624, 0.00725682
0.452053, -0.432025, -0.780386
-0.200265, -0.901703, 0.383179
-0.869219, -0.0169333, -0.494137

293
-0.0186498, 0.00452406, 0.0164782
0.0011063, -0.0100844, -0.999949
-0.269894, -0.962844, 0.00941157
-0.962889, 0.26987, -0.00378691

294
-0.00982671, -0.018961, 0.0167758
-0.0346178, 0.107229, -0.993632
0.936425, -0.343867, -0.0697336
-0.349155, -0.932876, -0.088508

295
-0.016364, -0.011296, -0.0106055
0.0106234, 0.00506926, -0.999931
0.408887, -0.912585, -0.000282394
-0.912523, -0.408856, -0.0117675

296
-0.00566737, -0.0208202, 0.0168802
-0.0502646, 0.093598, -0.99434
0.995008, -0.0812505, -0.0579465
-0.0862144, -0.992289, -0.0890467

297
-0.0158991, -0.0176464, -0.00490012
-0.00865706, -0.0119913, 0.999891
-0.789634, 0.613578, 0.000521749
-0.613517, -0.789543, -0.0147805

298
-0.0160391, -0.016044, 0.0145359
