0
-0.0106333, 0.00994145, 0.00759942
-0.715379, -0.692989, -0.0894393
-0.4355, 0.342107, 0.832648
-0.546418, 0.63461, -0.546533

1
-0.0217675, -0.0219008, -0.00833077
0.0251788, 0.0294882, 0.999248
-0.759064, 0.651016, -8.50353e-05
-0.650529, -0.758491, 0.0387753

2
-0.0140717, -0.0262215, 0.0172038
-0.00245514, -0.0658275, -0.997828
0.990817, -0.135053, 0.00647166
-0.135186, -0.988649, 0.0655545

3
-0.00128701, -0.0236784, 0.0172504
-0.0103501, -0.066488, -0.997734
0.999946, -0.00018086, -0.010361
0.000508433, -0.997787, 0.0664863

4
0.00540127, -0.0250428, 0.0170781
-0.00245514, -0.0658275, -0.997828
0.967129, 0.253567, -0.0191076
0.254274, -0.965075, 0.0630411

5
0.0285628, 0.00230048, 0.0174792
-0.0840525, -0.000771122, 0.996461
-0.0705601, -0.997485, -0.00672374
0.99396, -0.0708756, 0.0837867

6
-0.028089, -0.00457829, 0.0118576
-0.0686698, 0.0448606, -0.99663
-0.286785, -0.95771, -0.0233487
-0.955531, 0.284215, 0.0786312

7
-0.0282762, 0.0165919, -0.00930271
0.0251788, 0.0294882, 0.999248
0.650529, 0.758491, -0.0387753
-0.759064, 0.651016, -8.50353e-05

8
-0.029103, 0.0144528, 0.0134825
-0.00718756, 0.0582952, -0.998274
-0.424257, -0.904175, -0.0497455
-0.905513, 0.423167, 0.0312309

9
-0.00649664, -0.0089889, 0.00272093
0.64936, 0.645912, 0.40141
-0.705589, 0.708621, 0.0011813
-0.283684, -0.283997, 0.915898

10
-0.0162057, -0.0277696, 0.0150492
-0.0834616, -0.022655, -0.996253
0.934286, -0.349521, -0.0703221
-0.346618, -0.936655, 0.0503378

11
-0.00252939, -0.0310105, -0.00979879
0.00875773, 0.0685304, 0.997611
-0.999812, -0.0166771, 0.00992268
0.0173172, -0.99751, 0.0683714

12
-0.00717036, -0.0325612, -0.0032274
0.0290084, 0.071802, 0.996997
-0.878338, 0.477957, -0.0088657
-0.477159, -0.875443, 0.0769313

13
0.0156826, 0.0136853, -0.0283129
-0.722971, 0.686036, -0.0816487
-0.260461, -0.16119, 0.951934
0.6399, 0.709487, 0.295221

14
-0.0291664, -0.00564595, -0.0113074
0.00875773, 0.0685304, 0.997611
-0.39861, 0.915197, -0.0593697
-0.917079, -0.397138, 0.035332

15
-0.0297403, 0.0185465, 0.0140725
-0.0472894, 0.0446882, 0.997881
0.724892, 0.688853, 0.00350348
-0.687237, 0.723522, -0.0649696

16
-0.00135887, -0.00587231, 0.000805267
0.282751, -0.949715, -0.134511
0.830989, 0.312578, -0.460165
0.479071, 0.0183347, 0.877585

17
-0.0310412, -0.0198419, 0.0168247
-0.00245514, -0.0658275, -0.997828
0.605023, -0.794578, 0.0509302
-0.796204, -0.603584, 0.0417779

18
0.00302066, 0.00123733, -0.00733165
0.520548, 0.81721, 0.247382
0.828445, -0.553533, 0.0853238
0.206662, 0.160528, -0.965154

19
0.00340009, -0.027988, 0.0125492
0.0887989, -0.124419, -0.988248
0.853031, 0.521746, 0.0109618
0.51425, -0.843979, 0.152464

20
0.012166, -0.0272545, -0.0118851
0.031422, -0.0779856, -0.996459
0.892693, 0.450609, -0.00711601
0.449569, -0.889308, 0.0837762

21
-0.000985647, 0.0284477, -0.00905171
-0.00251065, 0.0199112, -0.999799
-0.999647, 0.0264098, 0.00303622
0.0264649, 0.999453, 0.0198378

22
0.00334183, -0.0317319, -0.011813
0.031422, -0.0779856, -0.996459
0.996783, 0.0759851, 0.0254854
0.0737285, -0.994055, 0.0801223

23
-0.00164304, -0.0321871, -0.00972575
0.00875773, 0.0685304, 0.997611
-0.930333, 0.366323, -0.0169972
-0.366612, -0.927961, 0.0669642

24
-0.00361453, 0.00323144, -0.00662963
-0.985231, -0.00289981, 0.171204
0.0418252, 0.965494, 0.257045
-0.166042, 0.26041, -0.951113

25
-0.0264374, 0.0113238, -0.00515186
0.0434738, 0.023692, 0.998774
0.181123, 0.982965, -0.0312008
-0.982499, 0.182257, 0.0384421

26
-0.0256, -0.0153262, -0.0175546
-0.0973177, 0.0237295, -0.99497
0.553882, -0.829304, -0.0739535
-0.826888, -0.558293, 0.0675627

27
-0.00254902, 0.00320415, -0.00716999
-0.99263, 0.0619318, 0.104168
0.0866429, 0.963657, 0.252701
-0.0847319, 0.259864, -0.961921

28
0.0303788, 0.00438, 0.0108512
-0.078622, -0.0846232, 0.993306
0.134807, -0.988141, -0.0735129
0.987748, 0.128124, 0.0890973

29
-0.00873818, -0.0325606, -0.00834451
0.0251788, 0.0294882, 0.999248
-0.95023, 0.311198, 0.0147601
-0.310529, -0.949888, 0.0358562

30
-0.0195394, -0.042068, -0.00435078
-0.899645, 0.431081, -0.0693455
0.418484, 0.806025, -0.418563
-0.12454, -0.405578, -0.905536

31
-0.023879, -0.0249057, 0.0171411
-0.00245514, -0.0658275, -0.997828
0.863662, -0.503113, 0.0310657
-0.504065, -0.86171, 0.0580879

32
-0.0312365, -0.00284229, -0.00466748
0.0290084, 0.071802, 0.996997
-0.283677, 0.956999, -0.0606676
-0.958481, -0.281065, 0.0481296

33
-0.018707, -0.0153635, 0.0136293
-0.0812323, -0.290913, 0.953295
-0.635409, 0.752004, 0.175341
-0.767891, -0.591489, -0.245936

34
-0.0293928, -0.00438897, -0.0165388
0.0729659, 0.114079, 0.990789
-0.381201, 0.921197, -0.0779932
-0.921608, -0.371998, 0.110703

35
0.0278825, 0.00608289, 0.0148687
-0.0405932, -0.0127806, -0.999094
-0.227303, 0.973819, -0.00322197
0.972978, 0.226966, -0.0424355

36
-0.0352134, -0.00940226, 0.0166509
-0.0103501, -0.066488, -0.997734
0.383133, -0.921904, 0.0574603
-0.923635, -0.38167, 0.0350155

37
0.0212962, -0.000620758, 0.0133059
-0.110575, 0.0455209, 0.992825
0.0580131, -0.996952, 0.0521713
0.992173, 0.0633657, 0.107597

38
0.0251329, 0.00446938, -0.0153183
-0.128204, -0.0428506, 0.990822
0.288341, -0.957519, -0.00410137
0.948906, 0.285169, 0.135113

39
-0.00254902, 0.00320415, -0.00716999
-0.99263, 0.0619318, 0.104168
0.0866429, 0.963657, 0.252701
-0.0847319, 0.259864, -0.961921

40
-0.0202093, 0.0184786, 0.0154374
-0.0105053, 0.0278689, 0.999556
0.925772, 0.378082, -0.000811606
-0.377937, 0.925353, -0.0297721

41
0.0171737, 0.0145868, -0.0475223
-0.740348, 0.66976, -0.0574992
0.0579402, 0.148796, 0.987169
0.669722, 0.727517, -0.148967

42
-0.0261636, -0.00817809, -0.00470117
0.0434738, 0.023692, 0.998774
-0.20865, 0.977888, -0.0141146
-0.977024, -0.207781, 0.0474559

43
0.0214678, -2.24817e-05, 0.0167089
-0.0611342, 0.0724787, 0.995495
0.070958, -0.994521, 0.0767655
0.995604, 0.0753313, 0.0556563

44
0.00646666, -0.0234298, 0.0144913
0.065638, -0.115894, -0.99109
0.939721, 0.341211, 0.0223363
0.335582, -0.932815, 0.131304

45
0.0151329, 0.0173965, -0.032042
-0.704527, 0.655353, 0.272313
0.170442, -0.21623, 0.96135
0.688906, 0.723711, 0.04064

46
0.0171239, -0.0121943, 0.0155396
-0.0405932, -0.0127806, -0.999094
0.527272, 0.849083, -0.0322847
0.848727, -0.528104, -0.0277281

47
-0.0120881, -0.0285104, 0.0169352
-0.0405932, -0.0127806, -0.999094
0.985899, -0.162975, -0.0379723
-0.162342, -0.986547, 0.0192161

48
-0.0149213, -0.028527, -0.0126397
0.031422, -0.0779856, -0.996459
0.949122, -0.310207, 0.054207
-0.313336, -0.947465, 0.0642705

49
-0.0145304, -0.0395163, 0.00452138
-0.925802, 0.376437, 0.0344341
-0.368475, -0.878372, -0.304447
-0.0843591, -0.294546, 0.951907

50
0.00258504, 0.0159109, 0.00862918
-0.989969, 0.136174, -0.0376645
0.03053, 0.466459, 0.884016
0.137949, 0.873998, -0.465937

51
-0.0241031, -0.00256538, 0.0151377
-0.0834616, -0.022655, -0.996253
0.0373019, -0.999112, 0.019595
-0.995813, -0.0355268, 0.0842326

52
-0.0264735, -0.0185344, -0.00730207
0.0333321, -0.090274, -0.995359
0.554705, -0.82677, 0.0935595
-0.831379, -0.555249, 0.0225175

53
0.00596521, 0.0251232, 0.0130801
-0.073616, -0.0744059, 0.994507
0.82142, -0.570035, 0.0181554
0.565553, 0.818245, 0.103082

54
0.024635, 0.0131201, 0.0149106
-0.0405932, -0.0127806, -0.999094
-0.582343, 0.812835, 0.0132626
0.811929, 0.582354, -0.0404383

55
0.0119951, 0.0230716, -0.0159905
-0.135744, -0.0380822, 0.990012
0.714682, -0.695813, 0.0712272
0.686151, 0.717212, 0.121669

56
-0.0190825, -0.011923, 0.00627004
0.282751, -0.949715, -0.134511
0.951066, 0.295801, -0.0893003
0.124598, -0.102679, 0.98688

57
-0.02613, 0.00279264, -0.0170706
-0.0973177, 0.0237295, -0.99497
-0.193044, -0.98118, -0.00451901
-0.976352, 0.191634, 0.100067

58
0.00203475, -0.0323504, -0.00351041
0.0290084, 0.071802, 0.996997
-0.994079, 0.106557, 0.0212495
-0.104712, -0.991711, 0.074468

59
-0.00377515, 0.0265098, 0.0140945
-0.0772712, -0.0452789, 0.995981
0.964964, -0.254634, 0.0632887
0.250746, 0.965977, 0.0633684

60
-0.00932742, 0.0221396, 0.013789
-0.00718756, 0.0582952, -0.998274
-0.940289, -0.340124, -0.0130918
-0.3403, 0.938572, 0.057259

61
-0.0265101, -0.0183021, 0.0117077
0.065638, -0.115894, -0.99109
0.669653, -0.731233, 0.129857
-0.739768, -0.67221, 0.0296119

62
-0.00925915, -0.00052993, -0.00337775
-0.100831, -0.994683, -0.0209473
-0.88273, 0.0797304, 0.463067
-0.458934, 0.0651823, -0.886076

63
-0.0033332, -0.0155441, -0.0125172
0.987006, -0.131758, 0.0919689
0.00923665, 0.617947, 0.786166
-0.160416, -0.775101, 0.611135

64
0.0222476, 0.023887, 0.0153856
0.088077, -0.000585651, -0.996113
-0.804731, 0.589318, -0.0715014
0.587069, 0.807901, 0.0514341

65
0.0066917, -0.030405, -0.0162007
0.0729659, 0.114079, 0.990789
-0.997334, 0.00884485, 0.0724296
-0.000500662, -0.993432, 0.114421

66
0.0174969, 0.0085056, 0.0141434
0.154992, 0.0827734, 0.984442
0.492873, -0.87009, -0.00444012
0.856186, 0.485893, -0.175654

67
-0.0102173, 0.024885, -0.00909948
-0.00251065, 0.0199112, -0.999799
-0.933681, -0.358075, -0.0047865
-0.358098, 0.933481, 0.0194897

68
-0.0189648, 0.012665, 0.0120051
-0.0686698, 0.0448606, -0.99663
-0.63062, -0.776045, 0.00851948
-0.773047, 0.62908, 0.0815809

69
0.0213838, -0.0170271, -0.0152603
0.111306, -0.0786309, -0.990671
0.570208, 0.821499, -0.00113824
0.813925, -0.564762, 0.136274

70
-0.000421578, -0.0494063, 0.0108533
-0.985231, -0.00289981, 0.171204
-0.137397, 0.610066, -0.780347
-0.102183, -0.792346, -0.601454

71
-0.0286266, -0.00888714, 0.00725558
0.0443653, 0.130335, 0.990477
-0.530884, 0.842952, -0.0871435
-0.846283, -0.521962, 0.106591

72
-0.0246238, 0.00558228, 0.00996186
-0.10065, 0.016116, -0.994791
-0.307448, -0.951435, 0.0156929
-0.946227, 0.307427, 0.100716

73
0.0207337, 0.0185792, -0.013516
-0.0433112, -0.0299693, 0.998612
0.6573, -0.753606, 0.00589162
0.752383, 0.656643, 0.0523384

74
0.0275215, -0.00322321, -0.00980964
-0.0643049, 0.0214624, 0.997699
-0.0499725, -0.998584, 0.0182605
0.996678, -0.0486833, 0.0652863

75
-0.0212465, -0.0288178, -0.0044256
0.0434738, 0.023692, 0.998774
-0.838398, 0.544548, 0.0235758
-0.543322, -0.838395, 0.0435369

76
-0.0244027, 0.00074756, 0.00885507
-0.100831, -0.994683, -0.0209473
-0.63991, 0.0487171, 0.766904
-0.761806, 0.0907321, -0.641419

77
0.0321497, 0.00408058, 0.0149827
0.0571054, -0.0683072, -0.996029
-0.27638, 0.957585, -0.0815165
0.95935, 0.279937, 0.0358046

78
-0.0108393, 0.0318959, 0.0123429
-0.073616, -0.0744059, 0.994507
0.980738, 0.175511, 0.0857279
-0.180926, 0.981662, 0.0600522

79
0.0098891, 0.0147373, 0.0137099
0.0748868, 0.173632, 0.981959
0.80827, -0.587298, 0.0422063
0.584031, 0.790527, -0.184322

80
-0.00356241, 0.00169299, -0.00765372
-0.938104, 0.277163, 0.207705
0.304526, 0.945729, 0.113409
-0.165, 0.169641, -0.971595

81
-0.0245873, 0.00616316, -0.000816354
-0.0581429, 0.0314552, -0.997813
-0.320396, -0.947218, -0.0111907
-0.945498, 0.319044, 0.0651521

82
0.0193495, -0.0249292, -0.00111995
0.0424158, -0.111543, -0.992854
0.909635, 0.415336, -0.00780065
0.413238, -0.902804, 0.11908

83
-0.00378561, 0.0217224, 0.0122454
0.0199753, 0.0890823, -0.995824
-0.99379, -0.107281, -0.0295314
-0.109464, 0.99023, 0.0863862

84
0.026518, 0.00330075, -0.00336171
-0.0739036, -0.00923589, 0.997223
0.201921, -0.979384, 0.0058936
0.976609, 0.201796, 0.074245

85
-0.0281263, -0.0230008, -0.00336481
0.0424158, -0.111543, -0.992854
0.729884, -0.67514, 0.107031
-0.682254, -0.729208, 0.0527769

86
0.0082634, 0.00790076, -0.011222
-0.722971, 0.686036, -0.0816487
-0.485514, -0.420429, 0.766496
0.491517, 0.593796, 0.637038

87
-0.0329567, -0.00657309, -0.0112104
0.00875773, 0.0685304, 0.997611
-0.0173172, 0.99751, -0.0683714
-0.999812, -0.0166771, 0.00992268

88
-0.0119811, 0.022146, 0.0147529
-0.0472894, 0.0446882, 0.997881
0.998526, -0.0245143, 0.0484178
0.0266261, 0.9987, -0.0434631

89
-0.000220712, 0.000980181, -0.0062525
-0.715379, -0.692989, -0.0894393
-0.611454, 0.55892, 0.560118
-0.338166, 0.455385, -0.823571

90
0.0200944, -0.00655344, 0.0152131
0.088077, -0.000585651, -0.996113
0.234424, 0.971926, 0.0201565
0.968136, -0.235288, 0.0857416

91
0.0270477, -0.0131056, -0.00962759
-0.0643049, 0.0214624, 0.997699
-0.427581, -0.903941, -0.00811349
0.901687, -0.427119, 0.0673047

92
-0.0081117, 0.0313444, 0.003329
-0.0703335, -0.0758487, 0.994636
0.996896, 0.0300053, 0.0727815
-0.0353647, 0.996668, 0.0735029

93
0.00702351, 0.0178758, 0.0158447
-0.0472894, 0.0446882, 0.997881
0.912329, -0.404834, 0.0613648
0.406719, 0.913297, -0.021626

94
-0.0299925, -0.00865099, 0.00276927
-0.074245, 0.0342823, -0.996651
-0.085119, -0.99598, -0.0279184
-0.993601, 0.0827611, 0.0768646

95
-0.0139806, -0.0202739, 0.0296685
-0.855827, 0.482303, -0.186935
0.155415, -0.104935, -0.98226
-0.493363, -0.869697, 0.0148488

96
-0.0127914, -0.0264083, 0.0135641
0.065638, -0.115894, -0.99109
0.996611, -0.0417355, 0.070884
-0.0495787, -0.992384, 0.112762

97
0.00543706, -0.00344208, -0.00645449
-0.912046, -0.293164, -0.286752
-0.26259, 0.954589, -0.140737
0.31499, -0.0530606, -0.947611

98
-0.0195992, -0.0215473, 0.015192
-0.0834616, -0.022655, -0.996253
0.415543, -0.909464, -0.014131
-0.905736, -0.415166, 0.0853194

99
-0.0123943, -0.0304754, -0.0192075
-0.0973177, 0.0237295, -0.99497
0.976352, -0.191634, -0.100067
-0.193044, -0.98118, -0.00451901

100
-0.0219189, -0.02271, 0.0103788
-0.108912, -0.0255631, -0.993723
0.438454, -0.898407, -0.0249435
-0.89213, -0.438418, 0.109056

101
0.00611544, -0.00449537, -0.00465448
-0.75924, 0.513972, -0.399234
0.52209, 0.847256, 0.0978736
0.388557, -0.134126, -0.91161

102
-0.0108393, 0.0318959, 0.0123429
-0.073616, -0.0744059, 0.994507
0.980738, 0.175511, 0.0857279
-0.180926, 0.981662, 0.0600522

103
0.0182187, 0.0172046, -0.00360179
-0.0573813, -0.0411755, 0.997503
0.720935, -0.692884, 0.0128705
0.690623, 0.719873, 0.0694434

104
0.00368443, -0.0313647, 0.0178987
-0.0611342, 0.0724787, 0.995495
-0.995604, -0.0753313, -0.0556563
0.070958, -0.994521, 0.0767655

105
0.0190362, -0.0193385, 0.0179659
-0.0611342, 0.0724787, 0.995495
-0.315445, -0.947646, 0.0496233
0.946973, -0.31099, 0.0807966

106
-0.0261078, -0.0167108, -0.0175379
-0.0973177, 0.0237295, -0.99497
0.195284, -0.979827, -0.042469
-0.975906, -0.198435, 0.0907205

107
0.024324, 0.00797154, 0.0171261
-0.0840525, -0.000771122, 0.996461
0.652942, -0.755445, 0.0544918
0.752729, 0.655212, 0.0640006

108
-0.00559183, 0.00767322, 0.000634526
-0.902397, -0.430659, 0.0145706
-0.339327, 0.731049, 0.591967
-0.265588, 0.529245, -0.80583

109
0.00253654, -0.031046, 0.00877558
0.0443653, 0.130335, 0.990477
-0.973804, 0.226974, 0.0137513
-0.223021, -0.96514, 0.136991

110
-0.00845874, 0.0162951, 0.00844437
-0.941349, -0.330182, 0.0695887
-0.0978847, 0.464561, 0.880115
-0.322926, 0.821683, -0.469633

111
0.0176829, 0.0175093, 0.00409798
-0.0703335, -0.0758487, 0.994636
0.729919, -0.683534, -0.00051007
0.679906, 0.725968, 0.103439

112
0.0177649, -0.0147926, 0.0121787
0.0887989, -0.124419, -0.988248
0.591303, 0.805007, -0.0482181
0.801546, -0.580072, 0.145053

113
0.0230585, 0.00702804, -0.0150907
-0.135744, -0.0380822, 0.990012
0.397702, -0.917313, 0.0192446
0.907418, 0.396342, 0.139665

114
-0.00978442, 0.0250852, 0.0142622
-0.0840525, -0.000771122, 0.996461
0.99396, -0.0708756, 0.0837867
0.0705601, 0.997485, 0.00672374

115
0.0108868, -0.00387734, 0.00397689
0.196511, 0.979919, 0.0338015
0.661232, -0.1579, 0.733375
0.723986, -0.121766, -0.678983

116
0.0290615, 0.00166743, 0.00369453
-0.0703335, -0.0758487, 0.994636
0.414169, -0.909318, -0.0400555
0.907479, 0.40913, 0.0953697

117
0.0168683, 0.0233767, -0.00919753
-0.00251065, 0.0199112, -0.999799
-0.913425, 0.406874, 0.0103967
0.406999, 0.913267, 0.0171659

118
0.00896563, 0.0199326, 0.0158398
-0.0840525, -0.000771122, 0.996461
0.891297, -0.447201, 0.0748358
0.445561, 0.894433, 0.0382757

119
0.0267362, 0.0030368, 0.0104484
-0.078622, -0.0846232, 0.993306
0.50254, -0.863892, -0.033821
0.860972, 0.496517, 0.110447

120
-0.0152476, -0.0230297, 0.00851731
0.0443653, 0.130335, 0.990477
-0.814331, 0.57904, -0.0397196
-0.578703, -0.804814, 0.131825

121
0.00380472, -0.0264308, 0.0162629
-0.0405932, -0.0127806, -0.999094
0.811929, 0.582354, -0.0404383
0.582343, -0.812835, -0.0132626

122
-0.029378, 0.0147566, 0.0154448
-0.0105053, 0.0278689, 0.999556
0.710671, 0.703419, -0.0121431
-0.703446, 0.710229, -0.0271953

123
-0.0322313, -0.010342, 0.00760848
0.0443653, 0.130335, 0.990477
-0.166614, 0.978532, -0.121301
-0.985024, -0.159646, 0.0651286

124
-0.0301402, -0.00382817, -0.00462837
0.0290084, 0.071802, 0.996997
0.104712, 0.991711, -0.074468
-0.994079, 0.106557, 0.0212495

125
0.0280367, 0.00665714, -0.00998898
-0.0643049, 0.0214624, 0.997699
0.335244, -0.941201, 0.0418545
0.939934, 0.337164, 0.0533287

126
0.00995943, 0.0250753, 0.0138216
-0.00718756, 0.0582952, -0.998274
-0.998941, 0.0449424, 0.00981682
0.0454371, 0.997287, 0.0579104

127
-0.0271192, -0.0131754, -0.00127845
-0.0581429, 0.0314552, -0.997813
0.0658194, -0.997208, -0.0352715
-0.996136, -0.0677263, 0.0559102

128
0.00652193, 0.0146172, -0.00422589
-0.0939563, -0.719272, 0.688346
0.765377, -0.494349, -0.412089
0.636687, 0.488126, 0.596961

129
-0.0294331, -0.0144585, -0.00438033
0.0424158, -0.111543, -0.992854
0.413238, -0.902804, 0.11908
-0.909635, -0.415336, 0.00780065

130
0.0137343, 0.017961, 0.0150643
-0.0772712, -0.0452789, 0.995981
0.795554, -0.604915, 0.0342211
0.600934, 0.795002, 0.0827643

131
0.00299273, -0.0154414, -0.00348389
-0.981648, -0.186073, 0.0417677
0.122563, -0.783372, -0.609349
0.146103, -0.593047, 0.791801

132
0.0272145, -0.0120325, -0.015254
-0.135744, -0.0380822, 0.990012
0.0201748, -0.99916, -0.0356679
0.990539, 0.0151315, 0.136398

133
0.0159675, 0.0238403, 0.0151257
-0.0405932, -0.0127806, -0.999094
-0.848727, 0.528104, 0.0277281
0.527272, 0.849083, -0.0322847

134
0.0210089, -0.022814, -0.0119538
0.031422, -0.0779856, -0.996459
0.652698, 0.756632, -0.0386341
0.756966, -0.649173, 0.074676

135
-0.0185912, -0.0205995, -0.0154678
0.0729659, 0.114079, 0.990789
-0.704868, 0.708717, -0.0296921
-0.705576, -0.696208, 0.132123

136
0.0185626, -0.0303331, 0.0187373
-0.0611342, 0.0724787, 0.995495
-0.892664, -0.450184, -0.0220429
0.446558, -0.88999, 0.0922208

137
0.0189375, 0.0212724, -0.00375706
-0.0739036, -0.00923589, 0.997223
0.560283, -0.827609, 0.0338573
0.824998, 0.561229, 0.066338

138
-0.00254999, 0.00693493, -0.0047314
-0.512275, -0.817573, -0.262961
-0.734691, 0.258621, 0.627172
-0.444751, 0.514479, -0.733149

139
-0.00306775, -0.0318282, 0.0140409
-0.0834616, -0.022655, -0.996253
0.995813, 0.0355268, -0.0842326
0.0373019, -0.999112, 0.019595

140
-0.00177011, -0.0310842, -0.016746
0.111306, -0.0786309, -0.990671
0.97873, 0.181541, 0.0955554
0.172334, -0.980235, 0.0971651

141
-0.00420732, -0.0334625, -0.00505709
0.0434738, 0.023692, 0.998774
-0.982499, 0.182257, 0.0384421
-0.181123, -0.982965, 0.0312008

142
0.0274274, 0.00119139, 0.0175589
-0.0472894, 0.0446882, 0.997881
-0.0266261, -0.9987, 0.0434631
0.998526, -0.0245143, 0.0484178

143
-0.00951615, 0.0207386, 0.00628999
-0.0522631, 0.0722781, -0.996014
-0.913232, -0.407025, 0.0183826
-0.404074, 0.910553, 0.0872791

144
0.0289191, -0.00608419, 0.011948
-0.061798, -0.0811754, 0.994782
-0.238557, -0.966598, -0.0936952
0.96916, -0.243103, 0.0403688

145
0.0259, 0.0114835, -0.0135048
-0.0433112, -0.0299693, 0.998612
0.319341, -0.947527, -0.0145859
0.946649, 0.318266, 0.050609

146
-0.0252766, 0.0147856, -0.00926279
-0.00251065, 0.0199112, -0.999799
-0.406999, -0.913267, -0.0171659
-0.913425, 0.406874, 0.0103967

147
-0.000371142, -0.0324665, -0.0169577
0.153893, 0.18481, 0.97065
-0.947237, 0.307136, 0.0917028
-0.281174, -0.933548, 0.222325

148
0.00481866, -0.0315779, 0.0131287
0.0887989, -0.124419, -0.988248
0.984893, 0.159053, 0.0684728
0.148665, -0.979399, 0.136663

149
0.0266694, 0.0033607, 0.015404
-0.0772712, -0.0452789, 0.995981
0.505029, -0.863102, -5.63207e-05
0.859637, 0.502995, 0.0895601

150
-0.00631872, -0.0360536, -0.0165878
0.242903, -0.221324, -0.944465
0.96719, -0.0194642, 0.253309
-0.0744464, -0.975006, 0.209334

151
0.00937787, -0.00230359, -0.00886573
-0.100831, -0.994683, -0.0209473
-0.991163, 0.0986055, 0.0887313
-0.086194, 0.0297091, -0.995835

152
-0.0274848, -0.0138617, -0.00982776
-0.00251065, 0.0199112, -0.999799
0.358098, -0.933481, -0.0194897
-0.933681, -0.358075, -0.0047865

153
-0.0258548, -0.0207999, 0.00965901
-0.10065, 0.016116, -0.994791
0.756544, -0.648124, -0.0870443
-0.646151, -0.761365, 0.0530409

154
-0.0204221, -0.0198773, 0.0171956
-0.0103501, -0.066488, -0.997734
0.924024, -0.382004, 0.0158709
-0.382193, -0.921766, 0.0653903

155
-0.0224225, -0.023198, 0.0106291
-0.0686698, 0.0448606, -0.99663
0.773047, -0.62908, -0.0815809
-0.63062, -0.776045, 0.00851948

156
0.0226134, -0.0206793, -0.00975047
-0.0643049, 0.0214624, 0.997699
-0.740094, -0.671681, -0.0332523
0.669422, -0.74053, 0.0590765

157
0.0146263, 0.0122267, 0.000687864
-0.75924, 0.513972, -0.399234
0.333654, 0.83409, 0.439282
0.558775, 0.200314, -0.804764

158
-0.0269129, -0.00385106, 0.010441
-0.108912, -0.0255631, -0.993723
0.0636754, -0.997796, 0.0186891
-0.99201, -0.0612403, 0.1103

159
-0.0319552, -0.00266427, 0.00658582
0.0443653, 0.130335, 0.990477
0.223021, 0.96514, -0.136991
-0.973804, 0.226974, 0.0137513

160
0.0276402, 0.00760463, 0.0129855
-0.061798, -0.0811754, 0.994782
0.150483, -0.986051, -0.0711146
0.986679, 0.145303, 0.0731515

161
0.0280564, -0.00501664, 0.0153719
0.0571054, -0.0683072, -0.996029
0.111786, 0.991821, -0.0616096
0.99209, -0.107824, 0.0642741

162
-0.00225884, -0.000845099, 0.00382845
-0.26556, -0.963502, 0.0337773
0.901747, -0.260629, -0.344855
0.341072, -0.0611211, 0.938048

163
0.015968, 0.0240043, 0.0138021
0.00717613, -0.0428886, -0.999054
-0.851165, 0.524118, -0.0286138
0.52485, 0.850565, -0.0327441

164
0.0193197, 0.0168004, -0.00933465
-0.00251065, 0.0199112, -0.999799
-0.688143, 0.725394, 0.0161744
0.72557, 0.688045, 0.0118805

165
-0.0140943, -0.0286508, -0.00597002
0.0333321, -0.090274, -0.995359
0.98011, -0.191994, 0.0502343
-0.195638, -0.977235, 0.0820789

166
-0.0433299, -0.0247785, 0.0290764
-0.444225, 0.316504, -0.838146
0.791183, -0.300343, -0.53275
-0.420349, -0.899788, -0.116993

167
-0.0315241, 0.00102504, -0.0117449
0.00875773, 0.0685304, 0.997611
0.366612, 0.927961, -0.0669642
-0.930333, 0.366323, -0.0169972

168
-0.00289723, -0.0024038, 0.00101963
-0.722971, 0.686036, -0.0816487
-0.636652, -0.615661, 0.464366
0.268304, 0.387705, 0.881872

169
-0.0141746, 0.00172327, -0.00831479
0.353459, 0.932662, 0.0721738
-0.575793, 0.277721, -0.768982
-0.737244, 0.230246, 0.635183

170
0.0279518, 0.00631162, 0.0146477
0.00717613, -0.0428886, -0.999054
-0.230739, 0.972048, -0.0433866
0.972989, 0.230833, -0.00292054

171
0.00559857, 0.0288817, -0.0134389
-0.0616003, -0.0229659, 0.997837
0.992974, -0.102606, 0.0589386
0.10103, 0.994457, 0.0291251

172
0.0220699, 0.011881, -0.0143971
-0.0861021, -0.0394911, 0.995503
0.554606, -0.831978, 0.0149643
0.827646, 0.553401, 0.0935372

173
0.019913, -0.0239251, 0.00174988
0.0912645, -0.0738401, -0.993085
0.527707, 0.8493, -0.0146527
0.844509, -0.522721, 0.116477

174
-0.0282025, -0.00525967, -0.0165262
0.0729659, 0.114079, 0.990789
0.000500662, 0.993432, -0.114421
-0.997334, 0.00884485, 0.0724296

175
0.00588904, 0.0186674, 0.0140206
0.016105, 0.182822, 0.983014
0.94591, -0.321394, 0.0442762
0.324029, 0.92913, -0.178109

176
-0.0161002, -0.0156596, 0.00654846
-0.722971, 0.686036, -0.0816487
-0.690865, -0.717165, 0.0915403
0.00424437, 0.122589, 0.992448

177
0.0201522, 0.0215865, 0.015775
-0.0105053, 0.0278689, 0.999556
0.703446, -0.710229, 0.0271953
0.710671, 0.703419, -0.0121431

178
0.0288382, 0.00202531, 0.00723491
-0.0778365, -0.0845252, 0.993377
0.422505, -0.905296, -0.043925
0.903012, 0.416287, 0.106177

179
-0.0253065, 0.00222418, -0.0173346
-0.203363, 0.0798499, -0.975842
-0.19306, -0.980372, -0.0399873
-0.959881, 0.180264, 0.214787

180
-0.00740287, 0.0313503, -0.00449176
-0.0573813, -0.0411755, 0.997503
0.998122, 0.0190843, 0.0582047
-0.0214332, 0.99897, 0.0400031

181
0.0159675, 0.0238403, 0.0151257
-0.0405932, -0.0127806, -0.999094
-0.848727, 0.528104, 0.0277281
0.527272, 0.849083, -0.0322847

182
-0.0304393, 0.00612345, 0.0156744
-0.0105053, 0.0278689, 0.999556
0.387378, 0.921667, -0.021626
-0.921861, 0.386979, -0.0204782

183
0.012628, 0.0223544, 0.0101534
-0.109189, -0.0326851, 0.993483
0.642096, -0.765279, 0.0453924
0.758808, 0.642868, 0.104547

184
0.0180188, -0.0309439, 0.0143312
-0.110575, 0.0455209, 0.992825
-0.894448, -0.440059, -0.0794419
0.433285, -0.896814, 0.0893757

185
0.00596521, 0.0251232, 0.0130801
-0.073616, -0.0744059, 0.994507
0.82142, -0.570035, 0.0181554
0.565553, 0.818245, 0.103082

186
-0.0115817, -0.000914197, 0.00463067
-0.203007, -0.972442, 0.11465
-0.699311, 0.225944, 0.678169
-0.685385, 0.057497, -0.725907

187
-0.0110737, 0.0196469, 0.0150283
-0.902397, -0.430659, 0.0145706
-0.211861, 0.472867, 0.855284
-0.375226, 0.768719, -0.517954

188
-0.0402027, 0.0128535, -0.00874404
0.45154, 0.869915, -0.198393
0.817366, -0.492454, -0.299001
-0.357805, -0.0271484, -0.933402

189
0.0293297, 0.0018657, 0.015244
-0.00245514, -0.0658275, -0.997828
-0.254274, 0.965075, -0.0630411
0.967129, 0.253567, -0.0191076

190
0.0288388, 0.00205451, 0.0164109
-0.0105053, 0.0278689, 0.999556
-0.00510934, -0.9996, 0.0278165
0.999932, -0.00481485, 0.0106435

191
0.017686, 0.0220313, -0.0109868
-0.0643049, 0.0214624, 0.997699
0.669422, -0.74053, 0.0590765
0.740094, 0.671681, 0.0332523

192
-0.0194639, 0.0213611, -0.00914643
-0.00251065, 0.0199112, -0.999799
-0.72557, -0.688045, -0.0118805
-0.688143, 0.725394, 0.0161744

193
0.027649, 0.00999655, 0.0174081
-0.0840525, -0.000771122, 0.996461
0.315183, -0.948679, 0.0258519
0.945301, 0.31624, 0.0799819

194
0.0303086, 0.00472935, 0.0157486
-0.0772712, -0.0452789, 0.995981
0.137617, -0.989891, -0.0343252
0.987467, 0.134412, 0.0827212

195
0.0138288, -0.0324129, 0.0111988
-0.0812323, -0.290913, 0.953295
-0.952599, -0.258685, -0.160115
0.293182, -0.921115, -0.25611

196
0.0134104, 0.0294736, -0.00409071
-0.0739036, -0.00923589, 0.997223
0.833347, -0.549838, 0.0566665
0.547787, 0.83522, 0.0483317

197
0.0309041, -0.00458765, -0.0137701
-0.0433112, -0.0299693, 0.998612
-0.0672341, -0.997197, -0.0328428
0.996797, -0.0685633, 0.0411749

198
0.0267245, -0.0070135, 0.0122124
-0.073616, -0.0744059, 0.994507
0.180926, -0.981662, -0.0600522
0.980738, 0.175511, 0.0857279

199
0.0138436, 0.0176769, 0.0106752
-0.078622, -0.0846232, 0.993306
0.793766, -0.608124, 0.0110198
0.603121, 0.789319, 0.114983

200
-0.0275919, 0.040642, -0.0430149
0.64936, 0.645912, 0.40141
0.283684, 0.283997, -0.915898
-0.705589, 0.708621, 0.0011813

201
-0.0133186, 0.0290496, 0.0134695
-0.0772712, -0.0452789, 0.995981
0.987467, 0.134412, 0.0827212
-0.137617, 0.989891, 0.0343252

202
-0.0125562, -0.00895795, 0.00807315
0.463834, -0.873932, 0.145265
-0.536664, -0.146712, 0.830943
-0.704876, -0.463378, -0.537058

203
-0.0235686, -0.0287502, 0.0140398
0.0571054, -0.0683072, -0.996029
0.873793, -0.479169, 0.0829585
-0.482933, -0.87506, 0.0323232

204
0.0278406, 0.00249455, 0.00367127
-0.0703335, -0.0758487, 0.994636
0.0353647, -0.996668, -0.0735029
0.996896, 0.0300053, 0.0727815

205
-0.00121301, -0.00852869, -0.00689613
-0.970663, 0.233047, -0.0591815
0.207201, 0.935604, 0.285856
0.121988, 0.265207, -0.956443

206
0.00301725, 0.0273851, -0.0140201
-0.0433112, -0.0299693, 0.998612
0.996797, -0.0685633, 0.0411749
0.0672341, 0.997197, 0.0328428

207
0.0314902, 0.0111996, 0.0120116
0.0199753, 0.0890823, -0.995824
-0.481438, 0.873798, 0.0685093
0.876252, 0.478059, 0.060342

208
-0.00215128, 0.0307809, 0.0129026
-0.073616, -0.0744059, 0.994507
0.975321, -0.213515, 0.0562212
0.208159, 0.974102, 0.0882877

209
-0.0137561, -0.0338032, 0.0117398
0.0887989, -0.124419, -0.988248
0.966814, -0.227854, 0.115559
-0.239554, -0.965713, 0.100057

210
-0.0221838, 0.00592624, 0.0199017
-0.316528, -0.940362, 0.124614
-0.307299, 0.225936, 0.924403
-0.897428, 0.254306, -0.360487

211
0.0326453, 0.00716887, 0.0126469
0.065638, -0.115894, -0.99109
-0.335582, 0.932815, -0.131304
0.939721, 0.341211, 0.0223363

212
-0.000850349, 0.0263236, -0.0158066
-0.0861021, -0.0394911, 0.995503
0.9774, -0.196984, 0.0767221
0.193068, 0.979611, 0.0555594

213
0.0246782, 0.0133293, 0.014323
0.00717613, -0.0428886, -0.999054
-0.585522, 0.809719, -0.0389663
0.810625, 0.585248, -0.0193016

214
-0.00395617, 0.0251197, 0.0115316
-0.0686698, 0.0448606, -0.99663
-0.87845, -0.476233, 0.0390906
-0.472875, 0.878174, 0.0721106

215
-0.00241872, -0.0315104, -0.0154025
0.0729659, 0.114079, 0.990789
-0.921225, 0.388342, 0.0231294
-0.382126, -0.914427, 0.133428

216
0.0195299, 0.0111018, 0.0130352
-0.073616, -0.0744059, 0.994507
0.542465, -0.839772, -0.0226744
0.836846, 0.537817, 0.102183

217
-0.00126067, -0.0112475, -0.00527711
-0.855827, 0.482303, -0.186935
0.458755, 0.540769, -0.705062
-0.238965, -0.689169, -0.684063

218
0.0142904, -0.0303397, -0.00999253
0.00875773, 0.0685304, 0.997611
-0.917079, -0.397138, 0.035332
0.39861, -0.915197, 0.0593697

219
0.0288029, -0.0186322, 0.0166019
-0.0103501, -0.066488, -0.997734
0.382193, 0.921766, -0.0653903
0.924024, -0.382004, 0.0158709

220
0.0130435, -0.0301167, -0.0046698
-0.0739036, -0.00923589, 0.997223
-0.976609, -0.201796, -0.074245
0.201921, -0.979384, 0.0058936

221
0.00680953, -0.0313707, -0.00434759
-0.0762552, 0.00974694, 0.997041
-0.994142, -0.0775527, -0.0752754
0.0765895, -0.996941, 0.0156036

222
0.0280647, -0.00823, 0.0141442
0.065638, -0.115894, -0.99109
0.0495787, 0.992384, -0.112762
0.996611, -0.0417355, 0.070884

223
-0.024824, 0.0147709, -0.00933596
0.0251788, 0.0294882, 0.999248
0.310529, 0.949888, -0.0358562
-0.95023, 0.311198, 0.0147601

224
-0.0295736, -0.0161165, 0.0170399
-0.0103501, -0.066488, -0.997734
0.707428, -0.70567, 0.0396866
-0.706709, -0.705414, 0.0543392

225
-0.0256257, 0.0145862, -0.019001
0.0729659, 0.114079, 0.990789
0.705576, 0.696208, -0.132123
-0.704868, 0.708717, -0.0296921

226
-0.0222458, 0.00219691, 0.0130203
-0.226402, 0.228477, 0.946858
0.17233, 0.96616, -0.191929
-0.958668, 0.119719, -0.258114

227
-0.0284607, -0.0153998, -0.0186046
-0.0766765, 0.0649185, -0.99494
0.642516, -0.759838, -0.0990948
-0.762426, -0.646863, 0.0165506

228
-0.00363994, 0.0263087, 0.0100267
-0.078622, -0.0846232, 0.993306
0.964148, -0.259774, 0.054183
0.25345, 0.961955, 0.102013

229
-0.0148366, 0.0215135, 0.0114818
-0.061798, -0.0811754, 0.994782
0.986679, 0.145303, 0.0731515
-0.150483, 0.986051, 0.0711146

230
-0.0215568, 0.0214881, -0.0152629
-0.0433112, -0.0299693, 0.998612
0.752383, 0.656643, 0.0523384
-0.6573, 0.753606, -0.00589162

231
-0.0257308, 0.0135034, -0.012653
0.00875773, 0.0685304, 0.997611
0.694728, 0.717138, -0.0553623
-0.719219, 0.693553, -0.0413295

232
-0.0183703, -0.0288424, 0.0101476
-0.108912, -0.0255631, -0.993723
0.940865, -0.325261, -0.0947517
-0.320797, -0.945279, 0.0594763

233
0.00319316, -0.0317966, 0.0127191
-0.110575, 0.0455209, 0.992825
-0.992173, -0.0633657, -0.107597
0.0580131, -0.996952, 0.0521713

234
0.0193913, 0.0135198, 0.0597642
-0.613994, 0.789299, 0.00420677
-0.65428, -0.51193, 0.556637
0.441506, 0.339019, 0.830745

235
0.000371552, -0.0294402, -0.00142391
0.0424158, -0.111543, -0.992854
0.998532, 0.0382319, 0.0383632
0.0336796, -0.993024, 0.113001

236
-0.0032978, 0.0301805, 0.0103836
-0.078622, -0.0846232, 0.993306
0.987748, 0.128124, 0.0890973
-0.134807, 0.988141, 0.0735129

237
-0.00904889, 0.0272862, 0.0131977
-0.0834616, -0.022655, -0.996253
-0.905736, -0.415166, 0.0853194
-0.415543, 0.909464, 0.014131

238
0.00179573, 0.0277225, -0.00411236
-0.0573813, -0.0411755, 0.997503
0.930347, -0.364658, 0.0384656
0.362163, 0.930231, 0.059232

239
0.00989601, -0.0316938, -0.0103332
-0.0643049, 0.0214624, 0.997699
-0.939934, -0.337164, -0.0533287
0.335244, -0.941201, 0.0418545

240
0.0299554, 0.00404998, -0.0137742
0.031422, -0.0779856, -0.996459
-0.449569, 0.889308, -0.0837762
0.892693, 0.450609, -0.00711601

241
0.0229322, 0.00665363, 0.0171012
-0.0472894, 0.0446882, 0.997881
0.687237, -0.723522, 0.0649696
0.724892, 0.688853, 0.00350348

242
0.00598243, -0.0151673, 0.00890326
-0.894124, -0.405783, -0.189427
-0.0414472, 0.496169, -0.867236
0.445897, -0.767565, -0.460456

243
-0.0250637, -0.0249867, 0.0107821
-0.108912, -0.0255631, -0.993723
0.746482, -0.662245, -0.0647786
-0.656432, -0.748851, 0.0912089

244
-0.0293216, 0.00469953, -0.0172268
-0.0766765, 0.0649185, -0.99494
-0.0847893, -0.994688, -0.0583676
-0.993444, 0.0798849, 0.0817736

245
-0.00362634, -0.0275013, 0.0112103
-0.0812323, -0.290913, 0.953295
-0.880901, 0.468408, 0.0678787
-0.466278, -0.834244, -0.294315

246
0.000676092, 0.027936, 0.00723296
-0.0778365, -0.0845252, 0.993377
0.937282, -0.345781, 0.0440191
0.33977, 0.9345, 0.106138

247
0.0194104, -0.0258492, -0.00343783
-0.0762552, 0.00974694, 0.997041
-0.889158, -0.453162, -0.0635741
0.451201, -0.891375, 0.0432225

248
0.0128245, 0.0268262, -0.0114033
-0.0643049, 0.0214624, 0.997699
0.901687, -0.427119, 0.0673047
0.427581, 0.903941, 0.00811349

249
0.0147087, -0.0323401, 0.0018973
0.0912645, -0.0738401, -0.993085
0.810718, 0.584614, 0.0310364
0.57828, -0.807944, 0.113218

250
0.0306168, -0.00698274, 0.0125029
-0.073616, -0.0744059, 0.994507
-0.208159, -0.974102, -0.0882877
0.975321, -0.213515, 0.0562212

251
0.0195299, 0.0111018, 0.0130352
-0.073616, -0.0744059, 0.994507
0.542465, -0.839772, -0.0226744
0.836846, 0.537817, 0.102183

252
0.0287012, -0.00372809, 0.0156098
-0.0103501, -0.066488, -0.997734
-0.000508433, 0.997787, -0.0664863
0.999946, -0.00018086, -0.010361

253
-0.0128883, 0.000635238, 0.00358601
-0.316528, -0.940362, 0.124614
-0.627338, 0.306057, 0.716084
-0.711517, 0.148486, -0.686801

254
0.0281744, 0.00204914, -0.00365469
-0.0573813, -0.0411755, 0.997503
0.0214332, -0.99897, -0.0400031
0.998122, 0.0190843, 0.0582047

255
-0.0108648, -0.00993782, -0.00961825
-0.559194, 0.82893, 0.0133364
-0.56029, -0.366015, -0.74304
-0.611047, -0.422975, 0.669114

256
0.00228732, 0.00836392, 0.00221372
-0.970663, 0.233047, -0.0591815
0.144746, 0.762895, 0.630111
0.191995, 0.603059, -0.774246

257
-0.0377546, -0.0171921, 0.00422264
0.282751, -0.949715, -0.134511
0.926353, 0.233991, 0.29516
-0.248844, -0.208061, 0.945932

258
-0.00354762, -0.00794943, -0.00618619
-0.817561, 0.568658, -0.0906766
0.516157, 0.793492, 0.322417
0.255296, 0.216792, -0.942245

259
0.00886502, -0.0326903, -0.00368466
0.0290084, 0.071802, 0.996997
-0.958481, -0.281065, 0.0481296
0.283677, -0.956999, 0.0606676

260
0.0306168, -0.00698274, 0.0125029
-0.073616, -0.0744059, 0.994507
-0.208159, -0.974102, -0.0882877
0.975321, -0.213515, 0.0562212

261
0.0262325, -0.0157229, 0.0148991
0.065638, -0.115894, -0.99109
0.427191, 0.900872, -0.0770519
0.901776, -0.418328, 0.10864

262
0.00147583, 0.0036591, -0.00651236
-0.989969, 0.136174, -0.0376645
0.080997, 0.765416, 0.638418
0.115765, 0.628963, -0.768768

263
0.0221551, -0.0241464, -0.0158189
-0.0861021, -0.0394911, 0.995503
-0.827646, -0.553401, -0.0935372
0.554606, -0.831978, 0.0149643

264
-0.0160634, 0.0252121, 0.0117074
-0.061798, -0.0811754, 0.994782
0.853985, 0.511588, 0.0947976
-0.516614, 0.855388, 0.0377074

265
0.0224727, -0.0211573, 0.0183093
-0.0611342, 0.0724787, 0.995495
-0.653824, -0.7565, 0.0149264
0.754173, -0.649965, 0.0936363

266
0.0222116, 0.0189131, -0.0180199
0.111306, -0.0786309, -0.990671
-0.813925, 0.564762, -0.136274
0.570208, 0.821499, -0.00113824

267
-0.0184382, 0.0192028, -0.0171192
-0.0766765, 0.0649185, -0.99494
-0.762426, -0.646863, 0.0165506
-0.642516, 0.759838, 0.0990948

268
0.0312498, -0.0136081, 0.0176936
-0.0840525, -0.000771122, 0.996461
-0.445561, -0.894433, -0.0382757
0.891297, -0.447201, 0.0748358

269
0.00112872, 0.0278251, 0.00371405
-0.0703335, -0.0758487, 0.994636
0.934546, -0.353687, 0.039113
0.348823, 0.932283, 0.0957601

270
0.0278825, 0.00608289, 0.0148687
-0.0405932, -0.0127806, -0.999094
-0.227303, 0.973819, -0.00322197
0.972978, 0.226966, -0.0424355

271
-0.0224761, 0.00523258, -0.0157574
-0.247826, 0.217503, -0.944074
-0.350258, -0.928673, -0.12201
-0.903273, 0.300432, 0.306331

272
-0.0242365, -0.0235395, -0.0178838
-0.0973177, 0.0237295, -0.99497
0.828157, -0.552528, -0.0941792
-0.551983, -0.833157, 0.034119

273
0.0128453, 0.00346613, 0.00700196
-0.36266, 0.930773, 0.0462541
0.534857, 0.16724, 0.828226
0.763155, 0.325104, -0.558482

274
-0.000568691, 0.0206539, 0.00132633
-0.99263, 0.0619318, 0.104168
0.112473, 0.790858, 0.601576
-0.0451253, 0.608859, -0.791994

275
0.0280059, -0.0049997, -0.0153561
-0.128204, -0.0428506, 0.990822
-0.0967386, -0.993762, -0.0554949
0.987018, -0.102965, 0.123259

276
0.01863, -0.0199378, 0.0138946
-0.110575, 0.0455209, 0.992825
-0.326091, -0.945312, 0.00702426
0.938849, -0.322975, 0.119372

277
-0.0319538, -0.00411355, 0.0121448
-0.0686698, 0.0448606, -0.99663
0.100711, -0.993573, -0.0516622
-0.992543, -0.103919, 0.0637106

278
0.024217, -0.0141169, 0.0102272
-0.109189, -0.0326851, 0.993483
-0.0825278, -0.995711, -0.0418286
0.990589, -0.0865573, 0.106023

279
0.00459316, 0.0265047, 0.0358301
-0.970663, 0.233047, -0.0591815
-0.03341, 0.113021, 0.993031
0.238112, 0.965875, -0.101919

280
-0.000267402, -0.00414765, 0.00134485
-0.925802, 0.376437, 0.0344341
-0.320202, -0.829378, 0.457823
0.200901, 0.412828, 0.888376

281
0.0209414, -0.0113441, -0.0153672
0.242903, -0.221324, -0.944465
0.438907, 0.89334, -0.0964625
0.865077, -0.391101, 0.314135

282
0.0308206, -0.0145593, 0.018425
-0.0472894, 0.0446882, 0.997881
-0.406719, -0.913297, 0.021626
0.912329, -0.404834, 0.0613648

283
0.0156464, 0.0200063, 0.0124816
0.0199753, 0.0890823, -0.995824
-0.960032, 0.27983, 0.00577511
0.279176, 0.955908, 0.0911116

284
-0.00254592, -0.000770136, 0.000199401
0.987006, -0.131758, 0.0919689
0.0699219, 0.867527, 0.492451
-0.14467, -0.479622, 0.865467

285
-0.00218228, 0.0207142, 0.00190867
-0.985231, -0.00289981, 0.171204
0.102183, 0.792346, 0.601454
-0.137397, 0.610066, -0.780347

286
-0.0116018, 4.05913e-05, 0.00518261
-0.337863, -0.929728, 0.146472
-0.644626, 0.341977, 0.683746
-0.685788, 0.136593, -0.714869

287
-0.00516246, -0.0325601, 0.00879571
-0.108912, -0.0255631, -0.993723
0.99201, 0.0612403, -0.1103
0.0636754, -0.997796, 0.0186891

288
0.0276103, 0.00284185, 0.00720817
-0.0778365, -0.0845252, 0.993377
0.0447754, -0.99569, -0.0812137
0.99596, 0.0381574, 0.0812857

289
-0.0299615, 0.00401748, 0.0061494
-0.0522631, 0.0722781, -0.996014
0.0238374, -0.997003, -0.0736006
-0.998349, -0.027589, 0.0503836

290
-0.022012, 0.00854419, 0.0281792
-0.512275, -0.817573, -0.262961
-0.205018, -0.180919, 0.961892
-0.833992, 0.546665, -0.0749372

291
0.0245808, 0.0141824, 0.0155976
0.088077, -0.000585651, -0.996113
-0.518813, 0.853629, -0.0463757
0.850338, 0.520881, 0.0748813

292
-0.000271927, 0.0284758, 0.00786891
-0.10065, 0.016116, -0.994791
-0.991855, -0.0800734, 0.0990552
-0.07806, 0.996659, 0.0240441

293
-0.00388437, -0.0162237, -0.00834412
-0.99263, 0.0619318, 0.104168
0.0476221, 0.989749, -0.134646
-0.111439, -0.128693, -0.985403

294
-0.0226542, -0.0260159, 0.012865
0.065638, -0.115894, -0.99109
0.901776, -0.418328, 0.10864
-0.427191, -0.900872, 0.0770519

295
-0.0201421, -0.0100015, 0.0260166
0.463834, -0.873932, 0.145265
-0.226069, 0.0417831, 0.973215
-0.856593, -0.48425, -0.178188

296
0.0310335, 0.000369267, -0.0134521
0.031422, -0.0779856, -0.996459
-0.0737285, 0.994055, -0.0801223
0.996783, 0.0759851, 0.0254854

297
-0.0254522, 0.00948491, 0.00630954
-0.0522631, 0.0722781, -0.996014
-0.689084, -0.724496, -0.016417
-0.722795, 0.685479, 0.0876701

298
0.0231318, 0.000491107, 0.015219
0.0748868, 0.173632, 0.981959
0.523245, -0.845114, 0.109531
0.848885, 0.505603, -0.15414

299
-0.0174256, -0.0230366, -0.0160492
0.153893, 0.18481, 0.97065
-0.767532, 0.64101, -0.000357874
-0.622263, -0.74495, 0.240495

300
-0.0321751, 0.0133329, 0.00449062
0.0443653, 0.130335, 0.990477
0.578703, 0.804814, -0.131825
-0.814331, 0.57904, -0.0397196

301
