0
0.00343729, -0.010006, 0.000727791
-0.878988, -0.47684, 0.00200413
-0.297881, 0.545811, -0.783171
0.372354, -0.688995, -0.621803

1
0.00467809, -0.0145462, 0.00454283
-0.924319, -0.381109, 0.0197492
-0.178748, 0.386641, -0.904742
0.33717, -0.8398, -0.425502

2
-0.0103217, -0.00536048, 0.00179537
0.315803, -0.945801, 0.0756949
-0.590319, -0.133396, 0.796071
-0.742827, -0.296086, -0.600451

3
0.0209535, 0.00935663, -0.0119666
0.269853, -0.281646, -0.92079
0.0207996, 0.957748, -0.286855
0.962677, 0.0582567, 0.26431

4
-0.00649746, -0.00720018, 0.00170957
0.657772, -0.752161, 0.0398696
-0.518505, -0.413772, 0.748295
-0.546342, -0.51288, -0.662167

5
0.00128964, -0.00488576, -0.00989875
-0.943678, -0.329215, -0.0330218
-0.192083, 0.626376, -0.755485
0.269401, -0.706591, -0.654333

6
0.0295158, -0.0190596, 0.0119497
-0.087703, -0.0185901, 0.995973
-0.457552, -0.887364, -0.0568538
0.884847, -0.460695, 0.0693186

7
-0.00253958, -0.0194333, 0.0134073
-0.0432849, 0.053839, 0.997611
-0.997948, 0.0448296, -0.0457189
-0.047184, -0.997543, 0.0517881

8
-0.0190472, -0.0125404, 0.00500111
0.0796837, 0.108513, 0.990896
-0.508553, 0.859384, -0.0532157
-0.857335, -0.499683, 0.123664

9
-0.0224885, -0.00643004, -0.0025498
0.0856574, 0.0559168, 0.994754
-0.141936, 0.988925, -0.0433671
-0.986163, -0.137477, 0.0926454

10
-0.022945, -0.00394248, -0.00553868
-0.0915958, -0.0440805, -0.99482
0.0316757, -0.998643, 0.0413335
-0.995292, -0.0277256, 0.0928678

11
0.00393965, -0.0141816, 0.00704724
-0.943678, -0.329215, -0.0330218
-0.0743666, 0.308295, -0.94838
0.322401, -0.892509, -0.315414

12
0.00308818, -0.0145173, -0.00424676
-0.972693, -0.232092, -0.000904797
0.13966, -0.58219, -0.800968
0.185371, -0.779223, 0.598706

13
-0.000587925, 0.00296431, -0.00448977
-0.99744, -0.0142749, -0.0700676
-0.0492433, 0.847621, 0.528312
0.0518492, 0.53041, -0.846154

14
-0.0050759, -0.0237118, -0.00528724
0.0157542, 0.21818, 0.975781
-0.987328, 0.157519, -0.0192798
-0.15791, -0.963112, 0.217897

15
0.00179687, -0.0188152, 0.0139664
0.0541927, -0.0549507, -0.997017
0.985702, 0.162482, 0.0446225
0.159545, -0.98518, 0.0629703

16
-0.0038978, -0.00618611, 0.00346841
0.705918, -0.706547, 0.0497059
0.601285, 0.63488, 0.485163
-0.374348, -0.312598, 0.87301

17
-0.0340353, -0.0155757, 0.0134784
-0.0204628, -0.071583, -0.997225
0.325707, -0.943498, 0.061043
-0.945249, -0.323554, 0.0426217

18
-0.007555, -0.000944324, 0.00164354
-0.147612, -0.98191, 0.118592
-0.647662, 0.186586, 0.738729
-0.747492, 0.0322376, -0.663488

19
0.01045, 0.000340841, -0.00682825
-0.278049, -0.9202, -0.275538
-0.401552, 0.371933, -0.836912
0.872608, -0.122059, -0.472924

20
-0.0294728, -0.0232698, -0.00718322
-0.0686914, 0.0778181, -0.994598
0.67633, -0.729253, -0.103768
-0.733389, -0.679804, -0.00253727

21
0.00888678, -0.015479, 0.0123557
0.0204831, 0.0519955, -0.998437
0.798728, 0.599805, 0.047622
0.601343, -0.798455, -0.0292444

22
-0.00110622, 0.000670931, -0.0087322
-0.998269, -0.0587237, -0.0031393
-0.0558163, 0.929333, 0.364999
-0.0185166, 0.364543, -0.931003

23
-0.0133706, -0.0118982, 0.0115379
-0.0756513, 0.0162059, 0.997003
-0.664102, 0.745025, -0.0625013
-0.743805, -0.666839, -0.0455998

24
-0.00708741, -0.0352401, 0.0109634
0.0773681, 0.0835383, 0.993497
-0.992783, 0.0980418, 0.0690686
-0.0916343, -0.99167, 0.0905207

25
-2.53816e-05, -0.00395187, -0.0111492
-0.924319, -0.381109, 0.0197492
-0.294171, 0.678587, -0.67304
0.2431, -0.627913, -0.739342

26
-0.00657756, 0.00809162, -0.00618603
-0.867283, -0.497762, 0.00729196
0.254332, -0.430452, 0.86604
-0.427943, 0.752957, 0.499921

27
0.00268042, -0.002497, -0.00612133
-0.053283, 0.998198, -0.02759
0.877169, 0.0599907, 0.476419
0.477216, 0.00118397, -0.878785

28
-0.00210374, 0.0170655, 0.00179517
-0.998269, -0.0587237, -0.0031393
-0.0444815, 0.719087, 0.693494
-0.0384671, 0.692434, -0.720455

29
-0.0197807, -0.0156604, -0.00532282
0.0582395, 0.189938, 0.980067
-0.580735, 0.804975, -0.121495
-0.812006, -0.562084, 0.157185

30
-0.0229996, -0.0320054, -0.00831377
-0.0686914, 0.0778181, -0.994598
0.344191, -0.933892, -0.0968398
-0.936383, -0.348984, 0.037366

31
0.0114077, -0.0075468, 0.00656157
-0.42365, -0.90548, 0.0250469
-0.358739, 0.142326, -0.922524
0.831762, -0.399812, -0.385127

32
-0.00995078, 0.014573, -0.00812912
0.88067, 0.473609, -0.0107075
0.43155, -0.811376, -0.39425
-0.195408, 0.342583, -0.918941

33
-0.0214555, 0.00612342, -0.00543718
-0.0686914, 0.0778181, -0.994598
-0.418743, -0.90713, -0.0420543
-0.905503, 0.413592, 0.0948979

34
-0.0110483, -0.00841689, -0.00311406
-0.463458, 0.886054, -0.0107606
-0.546715, -0.295478, -0.783451
-0.697359, -0.357214, 0.62136

35
-0.0215216, 0.00612737, -0.00313671
-0.0636421, 0.055374, -0.996435
-0.416677, -0.908741, -0.0238875
-0.906824, 0.413671, 0.0809072

36
-0.00839736, 0.00669689, 0.00556711
-0.7026, -0.701361, -0.120192
-0.40608, 0.256487, 0.877105
-0.58434, 0.665062, -0.465016

37
-0.020528, 0.00403588, 0.00870255
-0.0832356, -0.00448354, -0.99652
-0.310408, -0.950123, 0.030202
-0.946952, 0.311842, 0.0776924

38
-0.0206741, 0.0100773, -0.000353131
-0.0726272, 0.0290818, -0.996935
-0.553203, -0.832893, 0.0160047
-0.829874, 0.55267, 0.0765788

39
0.0162711, 0.000142776, 0.0125163
-0.106299, 0.107432, 0.988514
0.102575, -0.987657, 0.118369
0.989029, 0.11398, 0.0939667

40
-0.0069249, 0.0157219, 0.0112103
0.0278824, -0.0465719, -0.998526
-0.966568, -0.255969, -0.0150514
-0.25489, 0.965563, -0.0521519

41
-0.00590571, -0.0383296, 0.0182882
-0.0475564, -0.15588, -0.986631
0.985056, -0.171016, -0.0204614
-0.16554, -0.972859, 0.161683

42
0.0195279, 0.0267772, -0.0101594
0.119348, -0.157209, -0.980327
-0.840667, 0.509328, -0.184023
0.528238, 0.846091, -0.0713733

43
-0.00667231, -0.00119012, -0.00371677
-0.242552, -0.968358, 0.0587528
-0.799279, 0.233791, 0.55362
-0.549838, 0.0873217, -0.830694

44
0.0168219, -0.015833, -0.00137354
0.0984939, -0.157076, -0.982663
0.642362, 0.76422, -0.0577733
0.760046, -0.625535, 0.176171

45
0.00287308, -0.00410158, -0.00772882
0.266516, 0.959875, -0.087236
0.835189, -0.184821, 0.517977
0.481069, -0.210908, -0.850935

46
0.00769719, 0.014812, 0.0106606
-0.087703, -0.0185901, 0.995973
0.884847, -0.460695, 0.0693186
0.457552, 0.887364, 0.0568538

47
-0.0160193, -0.0248291, -0.00207262
0.0856574, 0.0559168, 0.994754
-0.50852, 0.861038, -0.00461212
-0.856779, -0.505457, 0.102189

48
-0.00838422, -0.0363509, 0.00585705
0.136377, -0.0955887, -0.986035
0.91656, 0.389873, 0.0889727
0.375923, -0.915894, 0.140782

49
0.00137782, -0.00330182, -0.00962435
-0.42365, -0.90548, 0.0250469
-0.649733, 0.284493, -0.704919
0.631164, -0.314912, -0.708846

50
0.0189367, -0.00991025, -0.00589812
0.160446, -0.160028, -0.973986
0.351487, 0.931348, -0.0951217
0.922342, -0.327081, 0.205679

51
-0.00668061, -0.0355201, 0.00228047
0.0848471, 0.0851513, 0.992749
-0.992976, 0.0896876, 0.0771737
-0.0824658, -0.992323, 0.0921629

52
0.0375058, -0.0364678, 0.00316255
0.673401, 0.738564, -0.0324567
-0.583666, 0.558089, 0.589806
0.453723, -0.378232, 0.806893

53
0.0331055, 0.00657525, 0.0142688
0.0541927, -0.0549507, -0.997017
-0.159545, 0.98518, -0.0629703
0.985702, 0.162482, 0.0446225

54
0.0177126, -0.00627087, 0.0114962
0.121091, -0.0641681, -0.990565
0.260465, 0.964996, -0.0306715
0.95786, -0.254293, 0.133566

55
-0.000101036, 0.00334429, -0.0017927
-0.990884, 0.119771, -0.0616681
0.0580061, 0.792489, 0.607121
0.121587, 0.59801, -0.792213

56
0.0355115, -0.0100721, 0.0153171
0.0541927, -0.0549507, -0.997017
0.229811, 0.972367, -0.0411007
0.971725, -0.226899, 0.0653235

57
0.017853, -0.0130226, -0.00398092
0.119348, -0.157209, -0.980327
0.528238, 0.846091, -0.0713733
0.840667, -0.509328, 0.184023

58
0.0156942, 0.00100209, 0.012281
-0.107473, 0.0871056, 0.990385
0.181553, -0.977685, 0.10569
0.977491, 0.191166, 0.0892608

59
-0.00746575, 0.0146187, 0.0107658
-0.0204628, -0.071583, -0.997225
-0.945249, -0.323554, 0.0426217
-0.325707, 0.943498, -0.061043

60
-0.0132243, -0.0354948, -0.00171376
0.0856574, 0.0559168, 0.994754
-0.965412, 0.251433, 0.0689973
-0.246256, -0.966258, 0.0755199

61
-0.0215499, -0.0356524, -0.00320942
0.0866056, -0.18078, -0.979703
0.792918, -0.582857, 0.177646
-0.603142, -0.79221, 0.0928654

62
0.0120252, -0.0356604, 0.0138512
-0.0756513, 0.0162059, 0.997003
-0.941327, -0.33097, -0.0660469
0.328908, -0.943502, 0.0402934

63
0.000901783, -0.00666436, -0.00722884
-0.967144, -0.237805, -0.0899014
-0.154833, 0.831433, -0.533616
0.201643, -0.502163, -0.840935

64
0.0185158, -0.00915387, 0.006941
0.136377, -0.0955887, -0.986035
0.382288, 0.923317, -0.036635
0.913924, -0.371953, 0.162461

65
-0.00971347, 0.000834915, 0.00268132
-0.354173, -0.91668, 0.18509
-0.499415, 0.352732, 0.791306
-0.790662, 0.187822, -0.582732

66
-0.0161943, 0.0127725, -0.00535749
-0.0543625, 0.0812685, -0.995209
-0.730935, -0.682265, -0.0157869
-0.680279, 0.726574, 0.0964916

67
0.00373611, -0.00768268, -8.81111e-08
0.67333, 0.739336, 0.00306613
-0.595394, 0.53977, 0.595108
0.43833, -0.40253, 0.80364

68
-0.00222635, -0.00965347, -0.00186468
-0.972745, 0.231284, -0.0165557
-0.166947, -0.748125, -0.642213
-0.160919, -0.621945, 0.766348

69
0.0274308, 0.0215665, 0.0118971
0.0278824, -0.0465719, -0.998526
-0.605377, 0.794109, -0.053942
0.79545, 0.605989, -0.00605198

70
-0.0178211, 0.00660493, 0.0169782
-0.461838, -0.886572, 0.0263686
-0.305165, 0.186742, 0.93381
-0.832814, 0.423223, -0.356795

71
-0.0180015, -0.033898, -0.00880704
-0.0686914, 0.0778181, -0.994598
0.905503, -0.413592, -0.0948979
-0.418743, -0.90713, -0.0420543

72
0.0159776, 0.00415807, 0.0545778
-0.342181, 0.939634, 0.000108722
-0.371307, -0.135323, 0.918596
0.863159, 0.314286, 0.395198

73
0.0218811, -0.00096327, 0.0133782
0.0204831, 0.0519955, -0.998437
0.507805, 0.859703, 0.0551884
0.861229, -0.508141, -0.00879416

74
0.00280344, 0.00247607, 0.00433843
-0.730521, 0.68288, 0.00371743
0.418435, 0.443312, 0.792708
0.539677, 0.580646, -0.60959

75
-0.0030693, -0.0353367, 0.0129521
0.0368098, 0.0895439, 0.995302
-0.99932, 0.00128972, 0.0368424
0.00201536, -0.995982, 0.0895305

76
-0.0158637, 0.0132003, -0.000388357
-0.0521095, 0.0551618, -0.997117
-0.737196, -0.675678, 0.0011466
-0.673666, 0.73513, 0.0758743

77
-0.00252619, 0.000785214, 0.00706485
-0.843138, -0.535225, -0.0515001
0.454749, -0.760902, 0.462852
-0.286916, 0.366828, 0.884939

78
0.00159664, -0.000742025, -0.00944571
-0.7026, -0.701361, -0.120192
-0.598786, 0.491471, 0.632386
-0.384459, 0.516284, -0.765273

79
0.0186454, -0.00493562, 0.0115879
0.126451, -0.0630148, -0.989969
0.17444, 0.983841, -0.0403432
0.976515, -0.167588, 0.1354

80
0.023904, 0.0220477, -0.015197
0.185279, -0.263566, -0.946681
-0.709132, 0.631057, -0.31448
0.680296, 0.729589, -0.0699815

81
-0.021451, 0.0130155, -0.00373221
0.0856574, 0.0559168, 0.994754
0.246256, 0.966258, -0.0755199
-0.965412, 0.251433, 0.0689973

82
-0.00568974, -0.0136519, -0.00506748
-0.899605, 0.416317, -0.131871
-0.149856, -0.577925, -0.802213
-0.410187, -0.701914, 0.582292

83
-0.0185508, -0.0229452, -0.00510126
-0.0915958, -0.0440805, -0.99482
0.410146, -0.912016, 0.00264817
-0.907408, -0.407779, 0.101616

84
0.0149314, 0.0135314, 0.00412094
-0.111463, -0.042451, 0.992861
0.740959, -0.66933, 0.0545656
0.662235, 0.741752, 0.10606

85
0.00959544, 0.0340688, 0.00811132
-0.106299, 0.107432, 0.988514
0.952998, -0.272657, 0.132112
0.283718, 0.956095, -0.0733992

86
0.0137963, -0.00485781, 0.00784213
0.212179, 0.968736, 0.128569
0.268805, -0.184346, 0.945389
0.939534, -0.166032, -0.299516

87
8.06292e-05, -0.0367048, 0.0147798
-0.106299, 0.107432, 0.988514
-0.989029, -0.11398, -0.0939667
0.102575, -0.987657, 0.118369

88
-0.0370332, -0.0147354, 0.0116572
-0.0432849, 0.053839, 0.997611
-0.338306, 0.938765, -0.0653418
-0.94004, -0.340326, -0.0224203

89
0.000820948, 0.0038853, 0.00314803
-0.946285, 0.32289, -0.0169368
0.192173, 0.603779, 0.773641
0.260027, 0.72883, -0.633398

90
0.00631328, 0.0343389, 0.00833098
-0.107473, 0.0871056, 0.990385
0.972561, -0.19753, 0.122912
0.206337, 0.976419, -0.0634863

91
-0.0281853, 0.0255509, -0.00111985
0.0848471, 0.0851513, 0.992749
0.760452, 0.63826, -0.119739
-0.643828, 0.765097, -0.0105989

92
-0.0347224, 0.00313028, 0.0110214
0.0278824, -0.0465719, -0.998526
-0.134402, -0.990018, 0.0424222
-0.990535, 0.133021, -0.0338634

93
-0.0340813, 0.0160644, 0.00951191
-0.0756513, 0.0162059, 0.997003
0.433046, 0.901188, 0.0182105
-0.898192, 0.433125, -0.075194

94
-0.00847077, -0.0271722, -0.00361805
0.0866056, -0.18078, -0.979703
0.987164, 0.148035, 0.059949
0.134192, -0.972319, 0.19128

95
0.0185097, -0.00495444, 0.00648233
0.140999, -0.0828706, -0.986535
0.178406, 0.982304, -0.0570167
0.973802, -0.167965, 0.153288

96
-0.0207337, -0.0337856, 0.0107947
0.0204831, 0.0519955, -0.998437
0.861229, -0.508141, -0.00879416
-0.507805, -0.859703, -0.0551884

97
0.000597849, -0.0358729, 0.0059765
0.0796837, 0.108513, 0.990896
-0.98669, -0.132775, 0.0938856
0.141754, -0.985188, 0.0964889

98
0.00166919, -0.000928807, 0.0149806
-0.971212, -0.16615, 0.170708
0.179166, -0.981748, 0.0637996
0.156992, 0.0925479, 0.983254

99
0.0167349, -0.0164944, 0.014085
-0.0432849, 0.053839, 0.997611
-0.94004, -0.340326, -0.0224203
0.338306, -0.938765, 0.0653418

100
-0.0198731, 0.00295093, 0.0100379
-0.242552, -0.968358, 0.0587528
-0.528023, 0.182578, 0.829371
-0.813855, 0.170143, -0.5556

101
0.000555793, -0.00281075, 0.0156775
-0.966544, 0.245692, 0.0736814
-0.245377, -0.969335, 0.0134383
0.0747236, -0.00509105, 0.997191

102
-0.0365241, 0.00208655, 0.0107714
-0.0432849, 0.053839, 0.997611
0.047184, 0.997543, -0.0517881
-0.997948, 0.0448296, -0.0457189

103
-0.026043, -0.0128351, -0.00390171
-0.0636421, 0.055374, -0.996435
-0.0379327, -0.997872, -0.0530311
-0.997252, 0.0344225, 0.0656072

104
-0.0188551, -0.0127111, -0.0204697
-0.463458, 0.886054, -0.0107606
-0.238231, -0.136287, -0.961599
-0.853495, -0.443097, 0.274248

105
0.00680327, -0.00170159, 0.00118047
-0.0711199, 0.996065, -0.0528881
0.669198, 0.0869658, 0.737978
0.739673, 0.0170923, -0.672749

106
-0.0162262, 0.0348716, 0.00712226
0.0368098, 0.0895439, 0.995302
0.92248, 0.379954, -0.0682998
-0.384285, 0.920661, -0.0686165

107
0.0347195, 0.00785701, 0.0141009
0.0204831, 0.0519955, -0.998437
-0.249909, 0.967212, 0.0452425
0.968053, 0.248591, 0.0328057

108
0.0184935, 0.00726113, 0.0154855
-0.463458, 0.886054, -0.0107606
-0.879693, -0.461523, -0.114616
-0.106522, -0.0436534, 0.993352

109
-0.00766904, 0.0164343, -0.0259315
-0.919991, -0.386734, -0.0636668
-0.0411542, -0.066225, 0.996956
-0.389773, 0.91981, 0.0450107

110
0.0052779, 0.0327855, 0.00142098
0.140999, -0.0828706, -0.986535
-0.973802, 0.167965, -0.153288
0.178406, 0.982304, -0.0570167

111
-0.00610778, 0.00508408, -0.00374571
0.770029, 0.6356, -0.0553873
-0.421957, 0.442232, -0.791444
-0.478548, 0.632806, 0.608727

112
-0.0187898, -0.00678599, 0.0193129
0.315803, -0.945801, 0.0756949
-0.261116, -0.00993476, 0.965256
-0.912188, -0.324596, -0.250101

113
0.0176875, 0.0274606, -0.0184613
0.269853, -0.281646, -0.92079
-0.349184, 0.86255, -0.366166
0.897357, 0.420337, 0.134416

114
-0.035657, -0.0125482, 0.0117266
0.0278824, -0.0465719, -0.998526
0.25489, -0.965563, 0.0521519
-0.966568, -0.255969, -0.0150514

115
0.00565423, -0.0389684, 0.0121403
0.121091, -0.0641681, -0.990565
0.984622, 0.134352, 0.111661
0.125919, -0.988854, 0.0794501

116
0.00648761, 0.000708501, -5.38841e-05
-0.342181, 0.939634, 0.000108722
0.655362, 0.238576, 0.716647
0.67336, 0.245294, -0.697436

117
-0.0122821, 0.0308261, -0.00293152
0.0848471, 0.0851513, 0.992749
0.948948, 0.296885, -0.106568
-0.303807, 0.951109, -0.0556143

118
0.0284707, 0.000237662, 0.0430108
-0.053283, 0.998198, -0.02759
-0.105212, 0.0218636, 0.994209
0.993021, 0.0558773, 0.103858

119
-0.00740399, -0.0204662, -0.00159286
-0.931275, 0.351436, -0.0960219
0.334448, 0.720173, -0.607862
-0.144472, -0.5982, -0.788216

120
0.00330933, -0.000689784, -0.00319957
-0.273443, 0.961887, 0.00121238
0.789275, 0.223653, 0.571861
0.549794, 0.157328, -0.82035

121
-0.0193787, 0.00268666, -0.00942047
-0.274351, -0.0286485, -0.961203
-0.266494, -0.958142, 0.104621
-0.923966, 0.284857, 0.255232

122
-0.0234387, -0.0301273, -0.00132454
-0.0726272, 0.0290818, -0.996935
0.829874, -0.55267, -0.0765788
-0.553203, -0.832893, 0.0160047

123
0.0211805, -0.00417973, -0.0238642
0.13613, -0.910243, 0.391058
0.214377, -0.358315, -0.908654
0.967218, 0.207529, 0.146357

124
-0.0191351, -0.00893356, 0.0217162
0.370379, -0.928855, 0.00692872
-0.134476, -0.0462384, 0.989837
-0.919095, -0.367547, -0.142034

125
-0.0168284, -0.0143183, 0.037863
0.657772, -0.752161, 0.0398696
0.0196834, 0.0700794, 0.997347
-0.75296, -0.655242, 0.0609014

126
-0.0228195, 0.0113459, 0.00827136
0.0773681, 0.0835383, 0.993497
0.0916343, 0.99167, -0.0905207
-0.992783, 0.0980418, 0.0690686

127
0.0189179, -0.0335388, 0.0156687
-0.107473, 0.0871056, 0.990385
-0.833606, -0.550758, -0.0420204
0.541802, -0.830107, 0.131804

128
0.0170228, -0.00683526, 0.00542091
0.266516, 0.959875, -0.087236
0.587517, -0.0900417, 0.804187
0.764063, -0.265581, -0.58794

129
-0.030467, 0.0233855, 0.00152737
-0.0555909, -0.0764506, 0.995522
0.56382, 0.820474, 0.0944921
-0.824025, 0.566549, -0.0025065

130
-0.0233666, -0.0170322, -0.00648546
0.0157542, 0.21818, 0.975781
-0.851742, 0.514096, -0.101198
-0.523724, -0.82952, 0.193932

131
-0.00192777, -0.0021505, -0.0115765
-0.914702, -0.378973, 0.140356
-0.373245, 0.925372, 0.0661429
-0.154948, 0.008114, -0.987889

132
-0.0259516, 0.00671782, -0.000258408
0.0718307, 0.114636, 0.990807
-0.0630142, 0.99191, -0.110195
-0.995424, -0.0545196, 0.0784733

133
0.00163808, -0.0280749, -0.000938607
0.0984939, -0.157076, -0.982663
0.884322, 0.466666, 0.014042
0.456369, -0.870374, 0.184869

134
0.0151558, -0.011071, 0.0129664
-0.0475564, -0.15588, -0.986631
0.529904, 0.83336, -0.157206
0.846723, -0.530295, 0.0429696

135
-0.0197782, -0.00725563, 0.000574129
0.244047, -0.967175, 0.0708003
-0.735576, -0.137042, 0.663436
-0.631956, -0.213989, -0.744876

136
-0.0274054, -0.00252614, -0.000655197
-0.0521095, 0.0551618, -0.997117
-0.42328, -0.905567, -0.0279765
-0.904499, 0.420601, 0.0705375

137
0.0136174, 0.0306013, 0.00240955
0.136377, -0.0955887, -0.986035
-0.913924, 0.371953, -0.162461
0.382288, 0.923317, -0.036635

138
-0.0193044, -0.00955392, 0.0112329
0.0368098, 0.0895439, 0.995302
-0.384285, 0.920661, -0.0686165
-0.92248, -0.379954, 0.0682998

139
-0.0255149, 0.00580506, 0.00351221
0.0796837, 0.108513, 0.990896
-0.141754, 0.985188, -0.0964889
-0.98669, -0.132775, 0.0938856

140
-0.0171025, 0.00250314, 0.0183038
-0.147612, -0.98191, 0.118592
-0.312308, 0.160046, 0.936402
-0.938442, 0.101187, -0.330283

141
-0.00193051, -0.0383405, -0.00594937
-0.0915958, -0.0440805, -0.99482
0.995292, 0.0277256, -0.0928678
0.0316757, -0.998643, 0.0413335

142
4.85867e-05, -0.0186834, -0.0600978
-0.899605, 0.416317, -0.131871
0.321616, 0.427322, -0.844961
-0.295421, -0.802544, -0.518315

143
-0.0184168, 0.0278891, -0.00325416
0.0718307, 0.114636, 0.990807
0.895538, 0.429957, -0.11467
-0.43915, 0.895542, -0.0717763

144
0.00122946, -0.0271373, -0.070356
0.13613, -0.910243, 0.391058
-0.811555, -0.328853, -0.482944
0.568197, -0.251622, -0.783479

145
0.00990705, -0.020639, -0.00319899
0.0866056, -0.18078, -0.979703
0.860667, 0.508856, -0.0178143
0.501749, -0.841655, 0.199662

146
-0.0341344, 0.0107735, 0.0122507
0.0169787, 0.0421075, 0.998969
0.33113, 0.942494, -0.045355
-0.943432, 0.331559, 0.00205929

147
0.0260558, -0.0282221, 0.0128714
0.0169787, 0.0421075, 0.998969
-0.66696, -0.743869, 0.0426906
0.7449, -0.666997, 0.0154541

148
0.0167169, -0.0345012, 0.0163293
-0.106299, 0.107432, 0.988514
-0.87449, -0.483263, -0.0415161
0.473252, -0.868858, 0.145318

149
-0.00677028, 0.0360358, 0.00740944
-0.0832356, -0.00448354, -0.99652
-0.993658, -0.0754923, 0.0833362
-0.0756032, 0.997136, 0.00182854

150
-0.0271927, -0.00748986, -0.00828183
0.0433982, 0.226142, 0.973127
-0.540466, 0.824523, -0.167505
-0.840246, -0.518673, 0.158005

151
0.0113215, 0.034168, -0.00511337
-0.0543625, 0.0812685, -0.995209
-0.908212, 0.410176, 0.0831053
0.414964, 0.908378, 0.0515109

152
-0.0243127, 0.00483678, 0.0118136
-0.0204628, -0.071583, -0.997225
-0.748654, -0.659986, 0.0627375
-0.662646, 0.74786, -0.0400858

153
0.0373676, 0.00884462, 0.00419866
-0.0555909, -0.0764506, 0.995522
0.183992, -0.980773, -0.0650437
0.981354, 0.179553, 0.0685884

154
0.0200502, -0.0119566, 0.0145806
0.0541927, -0.0549507, -0.997017
0.849615, 0.527126, 0.0171281
0.524612, -0.848009, 0.0752533

155
-0.0124532, -0.0354553, 0.00820577
-0.0832356, -0.00448354, -0.99652
0.946952, -0.311842, -0.0776924
-0.310408, -0.950123, 0.030202

156
0.0142762, -0.0161091, -0.00645806
0.185279, -0.263566, -0.946681
0.680296, 0.729589, -0.0699815
0.709132, -0.631057, 0.31448

157
0.00114313, 0.0372493, -0.00114989
-0.0726272, 0.0290818, -0.996935
-0.978406, 0.191866, 0.0768743
0.193514, 0.98099, 0.0145191

158
-0.0191443, 0.00613333, 0.0654989
-0.242552, -0.968358, 0.0587528
0.549838, -0.0873217, 0.830694
-0.799279, 0.233791, 0.55362

159
-0.0228292, 0.0109282, -0.000323388
0.0848471, 0.0851513, 0.992749
0.0824658, 0.992323, -0.0921629
-0.992976, 0.0896876, 0.0771737

160
0.00903794, 0.010706, 0.00873311
-0.756564, 0.647661, 0.0902509
0.249703, 0.158577, 0.95525
0.604367, 0.745244, -0.281696

161
-0.00374204, -0.00731774, -0.00314914
0.786195, -0.61733, 0.0283071
0.442646, 0.594509, 0.671285
-0.431233, -0.515231, 0.740659

162
-0.02446, 0.0280096, 0.00807527
-0.087703, -0.0185901, 0.995973
0.761339, 0.643517, 0.0790531
-0.642395, 0.765206, -0.042285

163
-0.0331463, 0.0114103, -0.00977492
0.0582395, 0.189938, 0.980067
0.527958, 0.827349, -0.191714
-0.847271, 0.5286, -0.052095

164
-0.00346061, 0.000986983, 0.00550263
0.673401, 0.738564, -0.0324567
-0.642545, 0.563013, -0.519763
-0.365604, 0.370864, 0.853694

165
0.0115752, -0.0224379, 0.0128737
0.0169787, 0.0421075, 0.998969
-0.998336, -0.0543567, 0.0192591
0.0551116, -0.997633, 0.0411145

166
-0.00881648, -0.00343066, -0.0103796
-0.0711199, 0.996065, -0.0528881
0.901319, 0.0868869, 0.424353
0.427278, -0.0174891, -0.903951

167
-0.029739, 0.0236021, 0.0086359
0.0368098, 0.0895439, 0.995302
0.705201, 0.703354, -0.0893592
-0.708051, 0.705178, -0.0372561

168
-8.2356e-05, -0.00301049, 0.00848223
-0.867283, -0.497762, 0.00729196
0.398739, -0.68583, 0.608806
-0.298039, 0.530914, 0.793286

169
0.017648, -0.00135364, 0.00633924
-0.053283, 0.998198, -0.02759
0.627776, 0.0549711, 0.776451
0.776568, 0.0240513, -0.629574

170
0.00179387, -0.0249983, 0.0158109
-0.0475564, -0.15588, -0.986631
0.813594, 0.566989, -0.128796
0.579485, -0.808842, 0.0998589

171
-0.0017601, -0.00646596, 0.00999743
0.160615, 0.930446, 0.329353
-0.982758, 0.181722, -0.0341166
-0.0915943, -0.318195, 0.94359

172
0.0341837, -0.00764178, 0.0027548
-0.0555909, -0.0764506, 0.995522
-0.205561, -0.974828, -0.0863401
0.977064, -0.209441, 0.0384763

173
-0.00329831, -0.003819, -0.00928515
0.244047, -0.967175, 0.0708003
-0.921423, -0.2085, 0.327883
-0.302359, -0.145256, -0.942062

174
0.000783685, 0.00038911, 0.0148513
0.763189, 0.621979, -0.175169
-0.641293, 0.762322, -0.087228
0.0792814, 0.178906, 0.980667

175
-0.00605338, -0.0270822, 0.00554868
0.0796837, 0.108513, 0.990896
-0.79793, 0.602747, -0.00184082
-0.59746, -0.790519, 0.134615

176
-0.0232467, 0.00489528, 0.0105156
-0.0756513, 0.0162059, 0.997003
-0.328908, 0.943502, -0.0402934
-0.941327, -0.33097, -0.0660469

177
-0.0260215, -0.0128079, -0.00660304
-0.0686914, 0.0778181, -0.994598
-0.0403472, -0.996354, -0.0751689
-0.996822, 0.0349658, 0.0715807

178
-0.0214549, -0.0147789, 0.0123354
-0.0432849, 0.053839, 0.997611
-0.903927, 0.42316, -0.0620572
-0.42549, -0.904454, 0.0303501

179
-0.0250586, 0.0312396, 0.00994988
-0.0756513, 0.0162059, 0.997003
0.743805, 0.666839, 0.0455998
-0.664102, 0.745025, -0.0625013

180
-0.00126119, 7.77225e-05, 0.00806599
-0.899605, 0.416317, -0.131871
-0.295421, -0.802544, -0.518315
-0.321616, -0.427322, 0.844961

181
0.0369723, -0.00397505, 0.0128878
-0.087703, -0.0185901, 0.995973
-0.0841061, -0.996118, -0.025999
0.99259, -0.0860476, 0.085799

182
0.00768244, -0.00463719, -0.00996617
-0.147612, -0.98191, 0.118592
-0.884414, 0.18472, 0.428591
-0.442743, -0.0416197, -0.895682

183
0.0118605, 0.0172187, 0.0101826
-0.0204628, -0.071583, -0.997225
-0.997939, 0.0621359, 0.0160172
0.0608169, 0.995497, -0.072707

184
0.00460883, -0.00441708, 0.00237716
-0.225811, -0.973834, 0.0256068
0.826424, -0.205415, -0.524241
0.515784, -0.0972175, 0.851185

185
0.0265885, -0.00209882, 0.00476134
-0.111463, -0.042451, 0.992861
0.43113, -0.902236, 0.00982453
0.895379, 0.429148, 0.118868

186
-0.0119687, -0.00437823, 0.0729368
-0.368421, 0.928916, -0.0371646
-0.827219, -0.30932, 0.469073
0.424233, 0.20356, 0.882377

187
0.00688476, 0.000108664, -0.00278037
0.255087, -0.962866, 0.088429
0.740887, 0.135872, -0.657743
0.621303, 0.233297, 0.748034

188
0.0220106, 0.0114675, 0.00354253
-0.0555909, -0.0764506, 0.995522
0.824025, -0.566549, 0.0025065
0.56382, 0.820474, 0.0944921

189
0.00818058, 0.000909791, 0.00536429
-0.368421, 0.928916, -0.0371646
0.424233, 0.20356, 0.882377
0.827219, 0.30932, -0.469073

190
0.00772263, -0.0254051, 0.00702365
0.136377, -0.0955887, -0.986035
0.702932, 0.710693, 0.028325
0.69806, -0.696978, 0.164114

191
0.0053112, -0.0236894, -0.0413331
-0.972693, -0.232092, -0.000904797
-0.0323229, 0.139323, -0.989719
0.229832, -0.962664, -0.143021

192
0.00454596, -0.0272733, -0.00331565
0.119348, -0.157209, -0.980327
0.809738, 0.586775, 0.00448225
0.574527, -0.794343, 0.197328

193
-0.0340007, 0.0188656, 0.00276434
0.0796837, 0.108513, 0.990896
0.59746, 0.790519, -0.134615
-0.79793, 0.602747, -0.00184082

194
0.000156966, -0.015273, -0.0113781
-0.99744, -0.0142749, -0.0700676
-0.0256531, 0.986079, 0.164288
0.066747, 0.165665, -0.983921

195
-0.0055783, -0.0289236, -0.00359636
0.0582395, 0.189938, 0.980067
-0.847271, 0.5286, -0.052095
-0.527958, -0.827349, 0.191714

196
-0.0281922, -0.025151, -0.00186571
-0.0521095, 0.0551618, -0.997117
0.673666, -0.73513, -0.0758743
-0.737196, -0.675678, 0.0011466

197
0.00572921, 0.0102384, 0.00725129
-0.869662, 0.48811, -0.0737408
0.122561, 0.358196, 0.925567
0.478192, 0.795892, -0.371333

198
0.00767167, 0.0325899, 0.0077514
0.121091, -0.0641681, -0.990565
-0.95786, 0.254293, -0.133566
0.260465, 0.964996, -0.0306715

199
-0.0044237, -0.0213388, 0.0121393
-0.966544, 0.245692, 0.0736814
-0.255294, -0.8936, -0.369193
-0.0248662, -0.375652, 0.926427

200
0.00870084, -0.0264859, -0.00486087
0.160446, -0.160028, -0.973986
0.677696, 0.735285, -0.00917107
0.717625, -0.658595, 0.226424

201
0.0032795, 0.00179209, 0.0717168
-0.0711199, 0.996065, -0.0528881
-0.739673, -0.0170923, 0.672749
0.669198, 0.0869658, 0.737978

202
-0.00773303, 0.0309319, -0.00592056
0.0856574, 0.0559168, 0.994754
0.986163, 0.137477, -0.0926454
-0.141936, 0.988925, -0.0433671

203
0.00641914, -0.0364985, -0.00696543
-0.151354, 0.0341264, 0.98789
-0.981307, -0.125367, -0.146014
0.118866, -0.991523, 0.0524633

204
-0.00844044, -0.0257239, 0.0122859
0.0368098, 0.0895439, 0.995302
-0.708051, 0.705178, -0.0372561
-0.705201, -0.703354, 0.0893592

205
-0.0281007, -0.00796289, -0.000338356
-0.0726272, 0.0290818, -0.996935
-0.193514, -0.98099, -0.0145191
-0.978406, 0.191866, 0.0768743

206
0.0178565, 0.000600508, 0.00845519
-0.150879, 0.988504, -0.00973124
0.519995, 0.087733, 0.849652
0.840738, 0.123134, -0.527255

207
0.00613196, 0.0264996, -0.0202807
-0.975756, 0.07969, -0.203835
-0.21877, -0.328559, 0.918797
0.00624696, 0.941116, 0.338027

208
-0.000920855, -0.00191618, -0.0111998
0.370379, -0.928855, 0.00692872
-0.744987, -0.292591, 0.599487
-0.554809, -0.2272, -0.800354

209
0.0276202, -0.0247302, 0.00390953
-0.111463, -0.042451, 0.992861
-0.662235, -0.741752, -0.10606
0.740959, -0.66933, 0.0545656

210
-0.0128755, 0.03443, 0.00189275
-0.111463, -0.042451, 0.992861
0.895379, 0.429148, 0.118868
-0.43113, 0.902236, -0.00982453

211
-0.000454743, -0.00440954, -0.0102238
-0.931275, 0.351436, -0.0960219
0.364276, 0.894274, -0.259954
-0.00548714, -0.277067, -0.960835

212
0.0322513, -0.0178478, 0.0148313
-0.0432849, 0.053839, 0.997611
-0.42549, -0.904454, 0.0303501
0.903927, -0.42316, 0.0620572

213
0.0371156, 0.0101888, 0.0124957
0.119533, -0.117926, -0.985802
-0.268906, 0.951962, -0.146484
0.95572, 0.282597, 0.0820803

214
0.0177103, -0.0201924, -0.0522955
0.67333, 0.739336, 0.00306613
0.177117, -0.165328, 0.970204
0.717814, -0.652724, -0.242269

215
0.00924969, -0.0385246, 0.00797881
0.140999, -0.0828706, -0.986535
0.967949, 0.220732, 0.1198
0.207832, -0.971807, 0.111337

216
-0.0331207, -0.0177859, -0.000259193
-0.0726272, 0.0290818, -0.996935
0.555002, -0.829335, -0.0646249
-0.828672, -0.557995, 0.0440918

217
0.0168915, -0.00919081, -0.00748383
0.269853, -0.281646, -0.92079
0.387617, 0.907138, -0.163873
0.881438, -0.312692, 0.353965

218
-0.00313165, -0.0407893, -0.00208288
0.119348, -0.157209, -0.980327
0.978823, -0.146772, 0.142702
-0.166319, -0.976598, 0.136363

219
0.0199724, -0.00683217, -0.00722622
-0.289581, 0.0833143, 0.953521
-0.163676, -0.985841, 0.0364303
0.943055, -0.145519, 0.299117

220
0.0114913, 0.0303356, -0.00108376
-0.051294, 0.0541633, -0.997214
-0.863513, 0.499229, 0.0715322
0.501712, 0.864776, 0.0211633

221
-0.0124406, -0.0312478, 0.0378822
-0.0283714, -0.641985, -0.766192
0.934074, -0.289972, 0.208377
-0.355949, -0.709769, 0.607888

222
0.00612, -0.025358, -0.00569546
0.269853, -0.281646, -0.92079
0.695423, 0.718424, -0.0159421
0.666008, -0.636036, 0.389732

223
0.0164646, 0.00433986, 0.016313
-0.342181, 0.939634, 0.000108722
0.347791, 0.126546, 0.928993
0.872899, 0.317921, -0.370098

224
-0.00308519, -0.00416243, -0.00973397
-0.368421, 0.928916, -0.0371646
0.708504, 0.306436, 0.635704
0.601904, 0.207875, -0.771038

225
0.0113898, -0.0231107, 0.00698988
0.140999, -0.0828706, -0.986535
0.537484, 0.843253, 0.00598423
0.831403, -0.53109, 0.163439

226
0.00908318, -0.0237674, 0.0115747
0.121091, -0.0641681, -0.990565
0.607195, 0.794226, 0.0227767
0.785271, -0.604224, 0.135136

227
0.00449987, -0.020066, 0.0124591
-0.971212, -0.16615, 0.170708
0.10545, -0.942433, -0.317332
0.213605, -0.290196, 0.932823

228
0.000546101, 0.0162319, 0.0128392
-0.990884, 0.119771, -0.0616681
0.00706135, 0.503316, 0.864074
0.13453, 0.855762, -0.499574

229
-0.0160339, -0.0126521, -0.00839238
0.167834, 0.350029, 0.921581
-0.580097, 0.790922, -0.194758
-0.79707, -0.501919, 0.335794

230
-0.00280567, 0.000315197, 0.00306099
0.728697, 0.684692, 0.0140391
-0.587146, 0.635171, -0.501815
-0.352506, 0.357428, 0.864861

231
-0.017671, -0.0181745, 0.012873
0.0541927, -0.0549507, -0.997017
0.971725, -0.226899, 0.0653235
-0.229811, -0.972367, 0.0411007

232
-0.00864113, -0.00581439, -0.0209147
-0.756564, 0.647661, 0.0902509
0.603918, 0.639098, 0.476274
0.250785, 0.414836, -0.874653

233
-0.0162601, 0.0068693, 0.0200402
-0.354173, -0.91668, 0.18509
-0.158826, 0.254006, 0.954073
-0.921594, 0.30851, -0.235555

234
-0.00787045, -0.0403916, 7.71309e-05
0.0984939, -0.157076, -0.982663
0.948012, -0.285465, 0.140652
-0.302609, -0.94543, 0.120793

235
0.0263729, 0.0228789, 0.00947848
-0.0204628, -0.071583, -0.997225
-0.662646, 0.74786, -0.0400858
0.748654, 0.659986, -0.0627375

236
-0.0135592, 0.0359244, 0.00548353
0.0773681, 0.0835383, 0.993497
0.952278, 0.288917, -0.0984519
-0.295262, 0.953702, -0.0571988

237
0.0268645, -0.0109053, -0.0481122
-0.225811, -0.973834, 0.0256068
-0.160264, 0.0112085, -0.987011
0.960898, -0.226982, -0.158602

238
-0.000949697, -0.00225594, -0.0121753
0.88067, 0.473609, -0.0107075
0.47348, -0.880715, -0.0125758
-0.0153862, 0.00600531, -0.999864

239
-0.0109751, 0.0202497, 0.00911788
-0.087703, -0.0185901, 0.995973
0.99259, -0.0860476, 0.085799
0.0841061, 0.996118, 0.025999

240
0.0241037, 0.0234255, -0.00691902
0.0984939, -0.157076, -0.982663
-0.760046, 0.625535, -0.176171
0.642362, 0.76422, -0.0577733

241
-0.00847976, 0.0155248, -0.00655102
-0.914702, -0.378973, 0.140356
-0.285537, 0.851827, 0.439157
-0.285988, 0.361621, -0.887379

242
-0.0233687, 0.0259047, -0.00266557
0.0718307, 0.114636, 0.990807
0.322715, 0.937269, -0.131837
-0.943767, 0.329218, 0.0303301

243
0.0216012, -0.0118257, -0.0418076
0.13613, -0.910243, 0.391058
-0.17208, -0.410458, -0.895496
0.975632, 0.0546109, -0.21251

244
0.00771982, -0.0178273, 0.0180797
-0.878988, -0.47684, 0.00200413
-0.132713, 0.240596, -0.96151
0.458004, -0.845421, -0.274764

245
0.00238413, -0.0350571, 0.00722098
0.136377, -0.0955887, -0.986035
0.990651, 0.00969793, 0.136075
-0.00344475, -0.995374, 0.0960176

246
-0.00697301, 0.0116663, -0.00702693
-0.919991, -0.386734, -0.0636668
0.111138, -0.41318, 0.903842
-0.375852, 0.824451, 0.423103

247
0.0382036, -0.000324044, -0.00444621
0.0866056, -0.18078, -0.979703
-0.134192, 0.972319, -0.19128
0.987164, 0.148035, 0.059949

248
0.000411872, -0.0360002, -0.00325703
0.135982, -0.131883, -0.981894
0.989616, -0.0285189, 0.140882
-0.0465824, -0.990855, 0.126635

249
-0.0143637, 0.0103482, -0.00769178
0.673401, 0.738564, -0.0324567
-0.453723, 0.378232, -0.806893
-0.583666, 0.558089, 0.589806

250
-0.00773689, -0.0196809, 0.0130857
0.0169787, 0.0421075, 0.998969
-0.943432, 0.331559, 0.00205929
-0.33113, -0.942494, 0.045355

251
-0.0016737, -0.0140954, -0.0103943
-0.990884, 0.119771, -0.0616681
0.10012, 0.961013, 0.25774
0.0901338, 0.249217, -0.964244

252
0.0184587, -0.0079775, -0.0108934
-0.225811, -0.973834, 0.0256068
0.566134, -0.152575, -0.81007
0.792781, -0.168426, 0.585774

253
0.00232987, -0.00425708, -0.0105398
-0.409274, -0.912292, 0.0148073
-0.769803, 0.353971, 0.531139
-0.489795, 0.205982, -0.847155

254
-0.0245284, -0.00974967, 0.0129525
0.0169787, 0.0421075, 0.998969
-0.7449, 0.666997, -0.0154541
-0.66696, -0.743869, 0.0426906

255
-0.0208238, 0.0154613, -0.0253758
0.673401, 0.738564, -0.0324567
-0.195826, 0.13587, -0.97118
-0.712869, 0.66035, 0.236125

256
0.0190507, 0.0131614, 0.010401
0.121091, -0.0641681, -0.990565
-0.125919, 0.988854, -0.0794501
0.984622, 0.134352, 0.111661

257
-0.00373325, 0.000307512, 0.013398
-0.871712, 0.385983, -0.301886
-0.420819, -0.905312, 0.0576281
-0.251057, 0.177274, 0.951601

258
0.002936, -0.0418336, -0.00160034
0.0582395, 0.189938, 0.980067
-0.972434, -0.211247, 0.0987258
0.225788, -0.9588, 0.172399

259
-0.00511889, -0.0369841, 0.0087578
-0.975756, 0.07969, -0.203835
-0.00624696, -0.941116, -0.338027
-0.21877, -0.328559, 0.918797

260
0.00309693, -0.0206619, 0.00618208
-0.967144, -0.237805, -0.0899014
-0.0658817, 0.575975, -0.814809
0.245546, -0.782114, -0.572717

261
-0.00595518, -0.0216464, -0.0127206
-0.962391, 0.271149, -0.0168069
-0.135447, -0.532531, -0.835503
-0.235496, -0.801804, 0.549229

262
-0.028356, 0.00140522, -0.000605465
-0.051294, 0.0541633, -0.997214
-0.501712, -0.864776, -0.0211633
-0.863513, 0.499229, 0.0715322

263
-0.00766728, -0.0187304, 0.0100134
-0.922136, 0.270537, 0.27654
-0.202331, 0.272008, -0.940784
-0.329738, -0.923483, -0.196091

264
-0.00914606, -0.0275531, 0.00248835
0.0718307, 0.114636, 0.990807
-0.748429, 0.662835, -0.0224305
-0.659314, -0.739938, 0.133409

265
0.0323052, 0.0103325, -0.0040041
0.0984939, -0.157076, -0.982663
-0.456369, 0.870374, -0.184869
0.884322, 0.466666, 0.014042

266
0.00919419, 0.000298919, -0.00742091
0.598932, -0.773406, 0.207661
-0.334718, -0.477356, -0.812462
0.727491, 0.417102, -0.544777

267
0.0144745, 0.0289359, -0.0100314
0.135982, -0.131883, -0.981894
-0.896459, 0.405532, -0.178619
0.421746, 0.904517, -0.0630822

268
0.0182665, 0.0145272, 0.0103006
0.126451, -0.0630148, -0.989969
-0.212535, 0.973084, -0.0890875
0.968937, 0.221668, 0.109654

269
0.0166356, -0.0383425, -0.00306667
0.0433982, 0.226142, 0.973127
-0.840246, -0.518673, 0.158005
0.540466, -0.824523, 0.167505

270
0.00147033, 0.00246029, -0.000864195
0.823894, -0.56616, 0.0257154
0.458585, 0.639312, -0.617236
0.333014, 0.52033, 0.786358

271
0.011591, -0.0231228, 0.0118445
0.126451, -0.0630148, -0.989969
0.534857, 0.844817, 0.014543
0.835427, -0.531331, 0.140532

272
0.0311589, 0.00904218, -0.0101563
0.185279, -0.263566, -0.946681
-0.394815, 0.862223, -0.317323
0.899885, 0.432557, 0.0556919

273
0.00505213, -0.0076089, -0.00492091
-0.498417, -0.863437, -0.0778267
0.640129, -0.305994, -0.704701
0.58465, -0.401054, 0.705223

274
-0.0190241, -0.0066655, 0.00645557
-0.354615, 0.84996, -0.389635
-0.826673, -0.479713, -0.294086
-0.436875, 0.217814, 0.872753

275
-0.0281715, -0.0256382, -0.00783986
-0.0543625, 0.0812685, -0.995209
0.680279, -0.726574, -0.0964916
-0.730935, -0.682265, -0.0157869

276
-0.0207943, -0.00800204, 0.00974052
0.0773681, 0.0835383, 0.993497
-0.295262, 0.953702, -0.0571988
-0.952278, -0.288917, 0.0984519

277
0.0283972, -0.025679, -0.0205968
-0.7026, -0.701361, -0.120192
-0.695259, 0.71259, -0.0939654
0.151552, 0.0175448, -0.988294

278
-0.0280447, 0.0260142, 0.00744488
0.0773681, 0.0835383, 0.993497
0.766799, 0.63189, -0.112847
-0.637208, 0.770543, -0.0151689

279
0.0163189, 0.00299083, 0.0108648
-0.273443, 0.961887, 0.00121238
0.518798, 0.146421, 0.842265
0.809986, 0.230941, -0.539063

280
-0.0244493, 0.00714923, 0.0111208
0.0278824, -0.0465719, -0.998526
-0.79545, -0.605989, 0.00605198
-0.605377, 0.794109, -0.053942

281
0.0294936, 0.0150184, -0.00706052
0.119348, -0.157209, -0.980327
-0.574527, 0.794343, -0.197328
0.809738, 0.586775, 0.00448225

282
-0.0362965, -0.00625294, -0.000612977
-0.051294, 0.0541633, -0.997214
0.255832, -0.964497, -0.0655456
-0.96536, -0.258481, 0.0356162

283
0.0299954, 0.0140041, -0.00781572
0.0866056, -0.18078, -0.979703
-0.501749, 0.841655, -0.199662
0.860667, 0.508856, -0.0178143

284
0.029695, -0.0261466, -0.00530423
0.0157542, 0.21818, 0.975781
-0.523724, -0.82952, 0.193932
0.851742, -0.514096, 0.101198

285
0.0229206, -0.0341019, -0.00452004
-0.151354, 0.0341264, 0.98789
-0.861121, -0.495264, -0.114823
0.485348, -0.868072, 0.104347

286
-0.00480828, -0.0216011, -0.0170696
-0.972745, 0.231284, -0.0165557
-0.0926581, -0.45317, -0.886596
-0.212558, -0.860898, 0.462249

287
0.025796, 0.018441, -0.00705383
0.135982, -0.131883, -0.981894
-0.666825, 0.720806, -0.189163
0.732703, 0.680474, 0.0100743

288
-0.0388522, -0.0152105, -0.00664276
0.0157542, 0.21818, 0.975781
-0.231944, 0.95008, -0.208688
-0.972602, -0.223039, 0.0655733

289
-0.00169421, 0.00110095, 0.00725339
-0.975756, 0.07969, -0.203835
-0.159111, -0.897795, 0.410667
-0.150277, 0.433143, 0.888709

290
0.00216733, -0.0236156, 0.0129074
-0.0756513, 0.0162059, 0.997003
-0.898192, 0.433125, -0.075194
-0.433046, -0.901188, -0.0182105

291
-0.01538, 0.0194825, 0.00207011
-0.0555909, -0.0764506, 0.995522
0.981354, 0.179553, 0.0685884
-0.183992, 0.980773, 0.0650437

292
-0.0102837, -0.0100109, -0.0072414
-0.922136, 0.270537, 0.27654
-0.0607439, 0.604705, -0.79413
-0.382067, -0.749094, -0.541187

293
-0.0238663, 0.0237554, -0.0127189
0.0582395, 0.189938, 0.980067
0.812006, 0.562084, -0.157185
-0.580735, 0.804975, -0.121495

294
0.0144168, -0.0230602, -0.00574766
0.0157542, 0.21818, 0.975781
-0.972602, -0.223039, 0.0655733
0.231944, -0.95008, 0.208688

295
0.0262202, 0.00117056, -0.0031495
0.0984939, -0.157076, -0.982663
0.302609, 0.94543, -0.120793
0.948012, -0.285465, 0.140652

296
0.00849994, 0.0189817, 0.00991895
-0.107473, 0.0871056, 0.990385
0.541802, -0.830107, 0.131804
0.833606, 0.550758, 0.0420204

297
-0.0111109, -0.0168568, -0.00776419
0.225769, 0.342472, 0.911999
-0.783733, 0.619887, -0.0387622
-0.578611, -0.706012, 0.408358

298
-0.0342631, 0.000104834, 0.0123575
-0.0204628, -0.071583, -0.997225
-0.0608169, -0.995497, 0.072707
-0.997939, 0.0621359, 0.0160172

299
0.0167926, -0.000102621, 0.0178616
-0.0711199, 0.996065, -0.0528881
0.335197, 0.073805, 0.939253
0.93946, 0.0490716, -0.339127

300
0.00577122, 0.0360259, -0.00321838
-0.0636421, 0.055374, -0.996435
-0.997252, 0.0344225, 0.0656072
0.0379327, 0.997872, 0.0530311

301
0.0182171, 0.0144804, 0.00480795
0.140999, -0.0828706, -0.986535
-0.207832, 0.971807, -0.111337
