0
0.0201659, -0.0169546, -0.00318312
0.999881, 0.0106723, 0.0111419
-0.0123618, 0.122049, 0.992447
0.00923188, -0.992467, 0.122166

1
0.00469655, -0.0169086, 0.000345122
0.999841, -0.00391312, 0.0173798
-0.0164881, 0.166165, 0.98596
-0.00674609, -0.98609, 0.166074

2
0.0164327, 0.0192776, -0.00168567
-0.999176, -0.0299532, 0.0273944
0.0320696, -0.168801, 0.985128
-0.0248836, 0.985195, 0.169622

3
-0.0475391, -0.00701886, -0.016967
-0.996718, -0.0687122, -0.0428112
-0.0696924, 0.997329, 0.0218371
0.0411964, 0.0247491, -0.998845

4
0.0200901, -0.0175687, 0.00420939
0.999881, 0.0106723, 0.0111419
-0.0149537, 0.492559, 0.870151
0.00379849, -0.870214, 0.49266

5
0.0168658, -0.0188679, 0.00300147
0.999873, 0.00198936, -0.0158034
0.0139202, 0.373099, 0.927687
0.00774175, -0.927789, 0.373024

6
0.0128235, 0.0195016, -0.00281182
-0.998826, -0.0382732, 0.0296922
0.0377533, -0.231016, 0.972217
-0.0303505, 0.972197, 0.23219

7
0.00839486, -0.0156348, -0.0050445
-0.99917, -0.018011, 0.0365385
-0.0382941, 0.109382, -0.993262
0.013893, -0.993837, -0.109981

8
0.0257848, -0.017651, -0.00173873
0.999777, 0.00202838, -0.0210434
0.0210912, -0.0274271, 0.999401
0.00145, -0.999622, -0.0274637

9
0.0309256, 0.0218104, -0.000790542
-0.999167, -0.0285011, 0.0291911
0.0336283, -0.170239, 0.984829
-0.0230992, 0.98499, 0.171056

10
0.0258741, -0.0189272, 0.00238197
0.999777, 0.00202838, -0.0210434
0.0189308, 0.357199, 0.933836
0.00941087, -0.934026, 0.357081

11
0.0224447, 0.0191121, 0.00158051
-0.999372, -0.0270925, 0.0228371
0.0273586, -0.180408, 0.983211
-0.0225176, 0.983219, 0.181036

12
0.0165811, -0.0148596, -0.0145047
0.999873, 0.00198936, -0.0158034
0.0153173, -0.392225, 0.919742
-0.0043688, -0.919867, -0.392206

13
-0.0179359, 0.00582939, -0.0172046
-0.995553, -0.0649227, -0.0682608
-0.0831204, 0.946383, 0.31217
0.0443339, 0.316456, -0.947571

14
0.0314233, 0.0178843, -0.00681427
0.9998, 0.0172211, -0.0101208
-0.00661534, -0.192617, -0.981252
-0.0188476, 0.981123, -0.192464

15
0.0249714, 0.0197876, -0.00112042
-0.999241, -0.0305206, 0.0241865
0.0294999, -0.187811, 0.981762
-0.0254215, 0.981731, 0.188569

16
0.0725057, 0.021792, 0.00134084
0.702761, 0.0916505, -0.705498
-0.688925, 0.335102, -0.64272
0.177508, 0.937714, 0.298637

17
0.00683741, 0.0212685, 0.00171436
-0.998927, -0.0352708, -0.0300151
-0.0257735, -0.115101, 0.993019
-0.0384794, 0.992727, 0.114069

18
0.0401077, 0.0199142, -0.00180529
-0.999079, -0.0267891, 0.0335078
0.037477, -0.164888, 0.9856
-0.0208783, 0.985948, 0.165741

19
-0.0180538, 0.00843927, -0.0179671
-0.995553, -0.0649227, -0.0682608
-0.0937591, 0.753241, 0.651027
0.00915039, 0.654532, -0.755979

20
0.0167979, -0.0176623, -0.00114084
0.999873, 0.00198936, -0.0158034
0.0158232, -0.010351, 0.999821
0.00182543, -0.999944, -0.0103811

21
0.0126921, 0.0215198, -0.00463292
-0.998826, -0.0382732, 0.0296922
0.0232648, 0.158613, 0.987067
-0.0424877, 0.986599, -0.157536

22
-0.00305914, -0.0176753, -0.00287274
-0.997968, -0.0332919, 0.0543327
-0.0544362, 0.00221143, -0.998515
0.0331224, -0.999443, -0.00401923

23
0.04002, 0.0181798, -0.00450417
0.999609, 0.0163104, -0.0227294
-0.0181242, -0.241349, -0.970269
-0.0213112, 0.970301, -0.240959

24
0.0174456, -0.0132718, 0.00862772
-0.998941, -7.98472e-05, 0.0459991
-0.0451765, -0.186575, -0.981402
0.00866062, -0.982441, 0.186374

25
0.0133374, 0.017014, -0.0087513
-0.999371, -0.0283807, -0.0212509
-0.0274931, 0.241857, 0.969922
-0.0223874, 0.969897, -0.242486

26
0.0401453, 0.0216463, -0.00538463
0.999714, 0.0205229, -0.0122816
-0.00835297, -0.181575, -0.983342
-0.0224111, 0.983163, -0.181351

27
0.0218383, 0.0187777, 0.00196671
-0.999315, -0.0306207, -0.0207749
-0.0136294, -0.217371, 0.975994
-0.0344015, 0.975609, 0.216805

28
0.00734881, 0.0164363, -0.00962712
-0.998927, -0.0352708, -0.0300151
-0.038537, 0.273561, 0.961082
-0.0256872, 0.961208, -0.274626

29
-0.00289238, 0.0213065, 0.00148927
-0.997341, -0.0583677, 0.0436312
0.0561342, -0.233538, 0.970726
-0.0464695, 0.970594, 0.236194

30
0.04023, 0.0175952, 0.00431005
0.999609, 0.0163104, -0.0227294
-0.0249, 0.148341, -0.988623
-0.0127532, 0.988802, 0.148689

31
0.0162299, 0.0180423, -0.0104326
-0.999176, -0.0299532, 0.0273944
0.0201059, 0.221066, 0.975052
-0.0352619, 0.974799, -0.220282

32
0.0218042, 0.0217942, -0.000839325
-0.999315, -0.0306207, -0.0207749
-0.0257568, 0.172524, 0.984668
-0.026567, 0.984529, -0.173195

33
0.00872193, -0.0158727, 0.00378232
-0.99917, -0.018011, 0.0365385
-0.0300625, -0.279269, -0.959742
0.02749, -0.960044, 0.278496

34
0.043283, 0.0202244, 0.00685957
0.999674, 0.0232774, -0.0105161
-0.01559, 0.22992, -0.973085
-0.020233, 0.972931, 0.230208

35
0.03093, 0.0187871, -0.00358954
-0.999167, -0.0285011, 0.0291911
0.0222288, 0.219659, 0.975323
-0.0342099, 0.97516, -0.218842

36
0.0431842, 0.0196062, -0.00389889
0.999674, 0.0232774, -0.0105161
-0.0066605, -0.159906, -0.98711
-0.0246589, 0.986858, -0.159699

37
0.0511407, 0.0201775, 0.00386523
0.998712, 0.0459744, 0.0214684
0.0102671, 0.231247, -0.972841
-0.0496903, 0.971808, 0.230477

38
0.0064442, 0.0188993, 0.00078156
-0.998538, -0.0423392, -0.033592
-0.0207402, -0.273771, 0.961571
-0.0499086, 0.960863, 0.272493

39
-0.00317965, 0.0234053, -0.00226961
-0.997341, -0.0583677, 0.0436312
0.0340782, 0.155669, 0.987221
-0.0644139, 0.986083, -0.153266

40
0.0314953, 0.0188644, 0.00196699
0.9998, 0.0172211, -0.0101208
-0.0133245, 0.197505, -0.980211
-0.0148814, 0.980151, 0.197695

41
0.0399915, 0.0218053, -0.00375894
-0.999079, -0.0267891, 0.0335078
0.0266344, 0.224969, 0.974002
-0.0336309, 0.973998, -0.224048

42
0.0403861, 0.0191615, 0.0100707
0.999714, 0.0205229, -0.0122816
-0.0217535, 0.566809, -0.823562
-0.00994058, 0.823594, 0.567093

43
-0.0130189, -0.016521, -0.00212548
-0.997864, 0.0164024, -0.063225
0.0634527, 0.0137515, -0.99789
-0.0154984, -0.999771, -0.0147629

44
0.0201444, -0.0160845, -0.00208718
0.999881, 0.0106723, 0.0111419
-0.00788793, -0.267042, 0.963653
0.0132598, -0.963626, -0.266926

45
-0.000932523, -0.0194156, 0.000587774
-0.996884, 0.00798739, 0.0784771
-0.0774973, 0.0864581, -0.993237
-0.0147184, -0.996223, -0.0855696

46
-0.0158568, -0.0211058, 0.00451279
-0.997857, 0.00376085, 0.0653216
-0.0650649, 0.0482577, -0.996713
-0.00690076, -0.998828, -0.0479096

47
0.00183238, -0.0193368, 0.000529303
-0.999226, 0.0065242, -0.0387827
0.0381759, -0.0759938, -0.996377
-0.00944781, -0.997087, 0.075686

48
0.0511489, 0.0189602, 0.00173525
-0.997723, -0.0317288, -0.0595116
-0.0524138, -0.190492, 0.980289
-0.0424398, 0.981176, 0.188395

49
-0.0389568, 0.00746147, -0.0294055
-0.273922, 0.961025, 0.037371
0.673883, 0.164064, 0.720392
0.686184, 0.222515, -0.69256

50
0.0619609, 0.0214269, -0.0038771
0.983165, 0.182581, 0.00714945
0.0649454, -0.312611, -0.947658
-0.170789, 0.932169, -0.319206

51
0.0254322, 0.0154472, 0.0124403
-0.999241, -0.0305206, 0.0241865
0.0388353, -0.826991, 0.560872
0.00288386, 0.561386, 0.827549

52
-0.0485033, 0.000408942, -0.0193837
-0.999434, -0.0307735, -0.0135602
-0.033276, 0.963234, 0.266595
0.00485753, 0.266896, -0.963713

53
-0.0123351, 0.0179579, -0.0106883
0.998532, 0.0139205, 0.0523454
0.0515547, -0.540636, -0.839675
0.0166111, 0.841142, -0.54056

54
-0.000784177, -0.0172686, 0.00225367
-0.996884, 0.00798739, 0.0784771
-0.0772306, -0.301361, -0.950377
0.0160589, -0.953477, 0.301039

55
0.0577527, 0.0250426, -0.0146006
0.659491, 0.13178, -0.740071
-0.652471, -0.388559, -0.650618
-0.373299, 0.911952, -0.170269

56
0.00146715, -0.0154847, 0.0105874
-0.999226, 0.0065242, -0.0387827
0.0316544, -0.451778, -0.891569
-0.0233379, -0.892107, 0.451222

57
0.0229411, -0.0174906, -0.00630758
-0.999082, -0.00183583, 0.0427882
-0.0370999, 0.536231, -0.843255
-0.0213963, -0.844069, -0.535807

58
0.0507133, 0.0221614, 0.00538691
-0.99752, -0.0600687, 0.0366907
0.0637562, -0.550192, 0.832601
-0.0298263, 0.832875, 0.552657

59
0.0310707, 0.0216086, -0.00513381
0.999617, 0.0233996, -0.0147963
-0.0105083, -0.173766, -0.984731
-0.0256134, 0.984509, -0.173454

60
0.066057, 0.0192889, -0.00734077
-0.961562, -0.121725, -0.246133
-0.261965, 0.138011, 0.955158
-0.0822978, 0.982922, -0.164594

61
-0.0177748, 0.0113711, -0.0140982
0.998278, -0.000367303, 0.0586598
0.0385238, -0.750016, -0.660297
0.0442383, 0.66142, -0.74871

62
-0.0201883, -0.013354, -0.0124721
-0.996032, 0.0151417, 0.0877003
-0.0354955, 0.836065, -0.54748
-0.081613, -0.548421, -0.83221

63
-0.0482577, -0.00855612, -0.017137
-0.999434, -0.0307735, -0.0135602
-0.0288841, 0.992049, -0.122495
0.017222, -0.122034, -0.992376

64
0.050956, 0.0213434, 0.00369833
-0.997723, -0.0317288, -0.0595116
-0.032183, -0.551471, 0.833573
-0.0592672, 0.83359, 0.549194

65
-0.0484395, -0.00112396, -0.0212576
-0.999059, 0.0220757, -0.0373383
0.0110939, 0.962217, 0.272057
0.0419334, 0.271387, -0.961556

66
0.0549732, 0.0115008, 0.0169022
-0.994091, -0.0692971, -0.083554
0.0153986, -0.851959, 0.523382
-0.107453, 0.519002, 0.847992

67
0.00756605, -0.0121457, 0.0100915
0.99987, -0.00344304, 0.0157739
-0.0115086, 0.533228, 0.845893
-0.0113236, -0.845965, 0.533119

68
0.0235363, -0.0176482, 0.00758289
-0.999082, -0.00183583, 0.0427882
-0.041363, -0.217674, -0.975145
0.0111041, -0.97602, 0.217399

69
0.0313602, 0.0190016, 0.0103006
0.999617, 0.0233996, -0.0147963
-0.0255419, 0.573282, -0.81896
-0.0106809, 0.819024, 0.57366

70
0.0254984, -0.0146205, -0.0150515
0.999777, 0.00202838, -0.0210434
0.0200406, -0.407878, 0.912816
-0.00673161, -0.913034, -0.407827

71
-0.0183214, -0.0181774, 0.00956288
-0.996032, 0.0151417, 0.0877003
-0.0889841, -0.186726, -0.978374
0.00156168, -0.982295, 0.187333

72
-0.0481797, 0.00332947, -0.018663
-0.996718, -0.0687122, -0.0428112
-0.0801525, 0.911941, 0.402416
0.0113904, 0.404527, -0.914455

73
0.0168041, 0.0163741, 0.00868586
-0.999176, -0.0299532, 0.0273944
0.039151, -0.532969, 0.845228
-0.010717, 0.845604, 0.533703

74
-0.0100214, -0.0166654, 0.00723627
-0.998566, -0.00140058, -0.0535197
0.0517666, -0.280279, -0.958522
-0.013658, -0.959918, 0.27995

75
0.0404214, 0.0143417, 0.0103933
0.999609, 0.0163104, -0.0227294
-0.027885, 0.515447, -0.856468
-0.00225356, 0.856766, 0.5157

76
0.0540101, -0.0178282, 0.0039822
-0.993783, -0.0219906, -0.109144
0.108982, 0.00847168, -0.994008
0.0227834, -0.999722, -0.00602245

77
-0.063133, 0.0215453, -0.0196369
0.842118, -0.538426, -0.0305797
-0.195375, -0.251739, -0.947869
0.50266, 0.804192, -0.317188

78
0.0198646, -0.00869989, 0.0159502
0.999881, 0.0106723, 0.0111419
-0.015269, 0.788082, 0.615381
-0.00221319, -0.615478, 0.788151

79
-0.012967, -0.0192164, -0.00364296
-0.997864, 0.0164024, -0.063225
0.0645536, 0.395301, -0.916281
0.00996365, -0.918405, -0.395515

80
0.00901365, -0.011813, 0.0137608
-0.99917, -0.018011, 0.0365385
-0.0172542, -0.625404, -0.78011
0.0369019, -0.780093, 0.624574

81
0.0513286, 0.0208226, -0.00625862
0.998712, 0.0459744, 0.0214684
0.0423962, -0.523656, -0.850874
-0.0278764, 0.850689, -0.52493

82
0.0062789, 0.00821207, 0.0191653
-0.998538, -0.0423392, -0.033592
0.0206252, -0.873018, 0.487252
-0.0499562, 0.485847, 0.872615

83
0.0482878, 0.0130908, -0.0239135
0.702761, 0.0916505, -0.705498
-0.177508, -0.937714, -0.298637
-0.688925, 0.335102, -0.64272

84
0.0661547, 0.0202149, -0.00519043
0.702761, 0.0916505, -0.705498
-0.704413, -0.0492539, -0.708079
-0.0996443, 0.994572, 0.0299462

85
0.0132583, 0.0186783, 0.0107523
-0.998826, -0.0382732, 0.0296922
0.0464941, -0.585474, 0.809356
-0.0135926, 0.809787, 0.586567

86
0.0222752, 0.0179799, -0.00718108
-0.999372, -0.0270925, 0.0228371
0.0166589, 0.209586, 0.977648
-0.0312733, 0.977415, -0.209003

87
-0.0137041, -0.0185865, 0.00815262
-0.997864, 0.0164024, -0.063225
0.0526917, -0.369891, -0.92758
-0.0386009, -0.92893, 0.368237

88
0.0401279, 0.0167466, -0.014983
0.999714, 0.0205229, -0.0122816
0.000859204, -0.543993, -0.839089
-0.0239017, 0.838839, -0.543855

89
-0.0468818, 0.0244316, -0.0147698
-0.716564, 0.696766, 0.0324566
0.258926, 0.2225, 0.939921
0.647683, 0.681917, -0.339847

90
0.0169119, 0.0165404, 0.0128011
-0.999176, -0.0299532, 0.0273944
0.040272, -0.815998, 0.57665
0.00508125, 0.577278, 0.816532

91
0.0343363, 0.0156731, 0.0121612
0.999783, 0.0182255, -0.0100673
-0.0176343, 0.48413, -0.874818
-0.0110701, 0.874806, 0.484347

92
-0.0579231, 0.00120879, -0.0174644
0.786066, 0.617997, -0.0134132
0.618141, -0.785915, 0.0154438
-0.000997441, -0.0204312, -0.999791

93
0.02222, 0.0168605, -0.0135665
-0.999315, -0.0306207, -0.0207749
-0.033963, 0.536155, 0.843436
-0.014688, 0.843564, -0.536828

94
0.0558133, -0.0169123, -0.00861379
0.989614, 0.0166447, -0.142786
0.143741, -0.127262, 0.981398
-0.00183619, -0.991729, -0.128333

95
-0.0279191, 0.0188364, 0.00904124
0.993849, 0.0817675, 0.0746812
0.0420349, 0.345362, -0.937528
-0.102451, 0.934901, 0.339801

96
0.0125825, 0.0168467, -0.014343
-0.998826, -0.0382732, 0.0296922
0.00523456, 0.524094, 0.851644
-0.0481566, 0.8508, -0.523279

97
0.0313399, 0.0174555, 0.00648169
0.999617, 0.0233996, -0.0147963
-0.0195103, 0.216216, -0.976151
-0.0196424, 0.976065, 0.21659

98
-0.0189159, -0.0204486, -0.00202862
-0.995159, 0.0156471, 0.0970251
-0.0952761, 0.0885654, -0.991503
-0.0241072, -0.995947, -0.0866459

99
0.0572111, 0.0212102, -0.00839722
-0.986815, -0.037159, -0.157529
-0.161783, 0.254993, 0.953313
0.00474467, 0.966229, -0.257642

100
-0.0436499, 0.000491605, 0.0180168
-0.992466, -0.0716541, 0.0993847
0.0637334, -0.994698, -0.0807065
0.104641, -0.0737643, 0.991771

101
0.0316546, 0.0156589, 0.0122546
0.9998, 0.0172211, -0.0101208
-0.018005, 0.557558, -0.829943
-0.00864955, 0.829959, 0.557757

102
0.0133784, 0.0184587, -0.0126095
-0.999371, -0.0283807, -0.0212509
-0.0339675, 0.594611, 0.803296
-0.0101621, 0.803513, -0.595201

103
0.0236471, -0.0143091, 0.0103133
-0.999082, -0.00183583, 0.0427882
-0.0339651, -0.574611, -0.817721
0.0260878, -0.818424, 0.574022

104
-0.0799316, -0.000744671, -0.0135556
-0.937962, 0.346575, 0.0106036
0.325906, 0.891639, -0.314269
-0.118372, -0.291317, -0.949275

105
0.050273, 0.0192821, -0.0112981
-0.99752, -0.0600687, 0.0366907
-0.00315747, 0.558927, 0.829211
-0.070317, 0.827038, -0.55773

106
0.00126369, -0.00927834, 0.0168735
-0.999226, 0.0065242, -0.0387827
0.0203139, -0.758783, -0.651027
-0.0336751, -0.651311, 0.758063

107
0.0314375, 0.016906, 0.0119444
-0.999167, -0.0285011, 0.0291911
0.0399082, -0.53422, 0.844403
-0.00847193, 0.844865, 0.534913

108
-0.0156176, -0.0186085, 0.0080232
-0.997857, 0.00376085, 0.0653216
-0.0627529, -0.337651, -0.939177
0.0185238, -0.941264, 0.337163

109
-0.0610435, -0.00858667, -0.0137621
-0.995814, -0.0875336, -0.0263108
-0.0768184, 0.95749, -0.278049
0.049531, -0.274864, -0.960206

110
-0.000243532, -0.00339811, -0.0187589
-0.998921, -0.0312554, -0.0343423
-0.0315408, 0.999472, 0.00779788
0.0340805, 0.00887265, -0.99938

111
0.0253681, 0.0153896, 0.00972008
-0.999241, -0.0305206, 0.0241865
0.0369827, -0.549207, 0.834867
-0.0121973, 0.835129, 0.549919

112
0.0648447, 0.0231146, -0.00136932
-0.928299, -0.0390242, 0.369781
0.361074, -0.332122, 0.87139
0.088807, 0.942429, 0.322399

113
0.0705611, -0.010838, 0.008103
-0.923436, 0.0565123, 0.37957
-0.346629, -0.547246, -0.76182
0.164666, -0.835062, 0.524935

114
-0.0263863, 0.018341, -0.0108148
0.993849, 0.0817675, 0.0746812
0.110739, -0.731571, -0.672711
-0.000371292, 0.676844, -0.736127

115
0.0522044, 0.0184966, -0.0157127
-0.997723, -0.0317288, -0.0595116
-0.0670716, 0.559098, 0.826384
0.00705266, 0.828494, -0.559953

116
0.00473675, -0.0197759, -0.00261323
0.999841, -0.00391312, 0.0173798
-0.0178147, -0.223844, 0.974462
7.71627e-05, -0.974617, -0.223878

117
0.0547903, -0.0136418, -0.00398925
0.993965, 0.017804, 0.108242
-0.109438, 0.0932206, 0.989613
0.00752869, -0.995486, 0.0946064

118
-0.0422689, -0.00263589, -0.0209255
-0.994692, -0.0869648, -0.0549934
-0.0973789, 0.968272, 0.230146
0.0332339, 0.23428, -0.971601

119
0.00191047, -0.0171724, -0.00111867
-0.999226, 0.0065242, -0.0387827
0.0388855, 0.31136, -0.949496
0.00588066, -0.95027, -0.311372

120
-0.0272354, 0.0218052, -0.00330894
0.993849, 0.0817675, 0.0746812
0.0780416, -0.0386981, -0.996199
-0.0785667, 0.9959, -0.0448414

121
0.0471355, 0.0149588, -0.0257828
0.775067, 0.0740782, -0.627522
-0.220999, -0.898604, -0.37904
-0.591972, 0.432463, -0.680107

122
-0.00161978, 0.0168251, 0.00888055
-0.997546, -0.0521397, 0.0467235
0.0690111, -0.619858, 0.781674
-0.0117943, 0.78298, 0.621935

123
-0.0617561, 4.54807e-05, -0.0155098
-0.995814, -0.0875336, -0.0263108
-0.0899257, 0.989792, 0.110571
0.0163636, 0.112474, -0.99352

124
0.022763, 0.0160864, 0.0119188
-0.999372, -0.0270925, 0.0228371
0.0338932, -0.542937, 0.839089
-0.0103339, 0.839336, 0.543514

125
-0.0798329, -0.00854459, -0.0157607
-0.916793, -0.399239, -0.00996627
-0.362693, 0.842796, -0.39768
0.167169, -0.360975, -0.91747

126
0.0228367, 0.0133659, 0.0119199
-0.999372, -0.0270925, 0.0228371
0.0352678, -0.822808, 0.567223
0.00342309, 0.567673, 0.823247

127
0.0176192, -0.0149333, 0.0123938
-0.998941, -7.98472e-05, 0.0459991
-0.0384234, -0.548336, -0.835375
0.0252897, -0.836258, 0.547753

128
0.00664569, 0.0184143, 0.0114488
-0.998927, -0.0352708, -0.0300151
0.00898443, -0.783353, 0.621512
-0.0454336, 0.620576, 0.782829

129
-0.0293164, -0.00290527, -0.000647446
0.044711, 0.998465, 0.0326792
-0.00406183, -0.03253, 0.999463
0.998992, -0.0448197, 0.00260115

130
0.00668958, 0.0170259, 0.0116197
-0.998927, -0.0352708, -0.0300151
-0.00908617, -0.48624, 0.873778
-0.0454134, 0.873113, 0.485398

131
0.0573515, 0.0155649, -0.0147652
-0.994091, -0.0692971, -0.083554
-0.107453, 0.519002, 0.847992
-0.0153986, 0.851959, -0.523382

132
0.0218034, 0.0135315, 0.0113801
-0.999315, -0.0306207, -0.0207749
0.000572918, -0.574174, 0.818733
-0.0369986, 0.81816, 0.573798

133
0.0164692, -0.0119574, -0.0125743
-0.998941, -7.98472e-05, 0.0459991
-0.0380686, 0.562762, -0.825742
-0.0258206, -0.826619, -0.56217

134
-0.0714344, 0.0167842, -0.0244077
-0.881988, 0.471168, 0.00985462
0.320199, 0.58378, 0.746106
0.345788, 0.661212, -0.665755

135
-0.0122487, -0.0125809, -0.0132591
-0.997864, 0.0164024, -0.063225
0.0558268, 0.716669, -0.695176
0.0339088, -0.697221, -0.716054

136
0.0618999, 0.0211424, 0.0117759
0.983165, 0.182581, 0.00714945
-0.074843, 0.438093, -0.895808
-0.16669, 0.880192, 0.444383

137
0.0405856, 0.0157696, 0.00913141
-0.999079, -0.0267891, 0.0335078
0.042614, -0.529643, 0.847149
-0.00494722, 0.847797, 0.530297

138
0.0554843, -0.0119434, -0.0106422
0.993965, 0.017804, 0.108242
-0.0982261, -0.294832, 0.950487
0.0488356, -0.955383, -0.291303

139
-0.0518045, -0.00938888, -0.0172465
-0.998626, 0.0413048, -0.0322428
0.0396108, 0.997886, 0.0515187
0.0343026, 0.0501708, -0.998151

140
-0.0166295, -0.0170624, -0.00752307
-0.997857, 0.00376085, 0.0653216
-0.0574713, 0.426819, -0.902509
-0.0312747, -0.904329, -0.425688

141
-0.0353196, 0.0225646, 0.0052277
-0.996293, -0.0551182, -0.06605
-0.0565994, -0.158226, 0.985779
-0.0647852, 0.985863, 0.15452

142
0.0510851, 0.0158072, 0.0158112
0.998712, 0.0459744, 0.0214684
-0.00953011, 0.585539, -0.810588
-0.0498369, 0.809339, 0.585223

143
0.00639801, 0.0220728, -0.00184545
-0.998538, -0.0423392, -0.033592
-0.0382606, 0.114775, 0.992654
-0.0381727, 0.992489, -0.116227

144
0.055783, 0.0227504, 0.000185577
-0.986815, -0.037159, -0.157529
-0.151284, -0.134177, 0.979341
-0.0575282, 0.99026, 0.126787

145
-0.00902924, 0.0185626, -0.012198
-0.998566, -0.00140058, -0.0535197
-0.0425994, 0.626289, 0.778426
0.0324285, 0.77959, -0.62545

146
-0.0340384, -0.0202446, 0.0028203
0.998046, -0.0113068, 0.0614576
-0.0606256, 0.0631846, 0.996159
-0.0151466, -0.997938, 0.0623757

147
-0.0144137, -0.0170523, -0.000847326
-0.994656, -0.0699156, 0.0759678
-0.0654362, -0.142235, -0.987668
0.0798587, -0.987361, 0.1369

148
0.0530296, -0.0133409, 0.0120061
-0.993783, -0.0219906, -0.109144
0.109405, -0.37475, -0.920648
-0.0206563, -0.926865, 0.374826

149
-0.0486665, -0.00152996, -0.0154231
-0.999059, 0.0220757, -0.0373383
0.0262967, 0.992828, -0.116624
0.0344959, -0.117496, -0.992474

150
0.0128884, 0.0169047, 0.0125089
-0.999371, -0.0283807, -0.0212509
-0.00361026, -0.514801, 0.857302
-0.0352708, 0.85684, 0.514375

151
-0.060147, -0.00115099, 0.0159216
0.770278, 0.6376, -0.011721
-0.637439, 0.770357, 0.0148635
0.0185063, -0.00397761, 0.999821

152
0.0613571, 0.0237943, -0.00395508
-0.966808, -0.0929873, 0.237982
0.249388, -0.140865, 0.958104
-0.055568, 0.985652, 0.15938

153
0.0613416, 0.0246652, -0.00140642
0.983165, 0.182581, 0.00714945
-0.00535651, 0.0679105, -0.997677
-0.182642, 0.980843, 0.0677452

154
0.0545367, -0.0178565, -0.00240419
0.993715, 0.0139538, -0.111066
0.111895, -0.151625, 0.982084
-0.00313659, -0.98834, -0.152234

155
-0.00348973, -0.0153472, -0.00935524
-0.997968, -0.0332919, 0.0543327
-0.0629679, 0.384513, -0.920969
0.00976922, -0.922519, -0.385828

156
0.0513996, 0.0195764, -0.00689155
0.998712, 0.0459744, 0.0214684
0.0285012, -0.15825, -0.986988
-0.0419788, 0.986328, -0.159357

157
0.0543063, 0.0297578, -0.0157531
0.702761, 0.0916505, -0.705498
-0.427636, -0.738097, -0.521863
-0.568555, 0.668441, -0.479512

158
0.00611328, 0.0170307, 0.0129734
-0.998538, -0.0423392, -0.033592
-6.22041e-05, -0.620637, 0.784098
-0.0540465, 0.782954, 0.619728

159
-0.0443926, 0.0260936, 0.00450824
-0.716564, 0.696766, 0.0324566
-0.00864097, -0.055395, 0.998427
0.697468, 0.715157, 0.0457148

160
-0.0179387, -0.0155219, 0.00719891
-0.995159, 0.0156471, 0.0970251
-0.0972491, -0.299309, -0.949187
0.0141884, -0.954028, 0.299382

161
-0.0118009, 0.0112286, -0.0190887
0.998532, 0.0139205, 0.0523454
0.0412736, -0.821373, -0.568896
0.0350758, 0.570221, -0.820742

162
-0.0184732, 0.0185054, -0.0115146
0.993332, 0.0814896, -0.0815576
-0.0048276, -0.677382, -0.735615
-0.115191, 0.731104, -0.672472

163
0.0544409, -0.0188497, -0.00338556
0.993715, 0.0139538, -0.111066
0.104578, 0.238138, 0.965585
0.0399225, -0.971131, 0.235182

164
-0.0326049, 0.0143567, -0.0140928
0.998046, -0.0113068, 0.0614576
0.0321585, -0.750327, -0.660284
0.053579, 0.66097, -0.748497

165
-0.0143601, 0.0188854, -0.00833183
-0.995087, -0.0709292, -0.0690739
-0.0770617, 0.116868, 0.990153
-0.0621582, 0.990611, -0.12176

166
0.0161808, 0.0143485, -0.0162619
-0.999176, -0.0299532, 0.0273944
0.00508125, 0.577278, 0.816532
-0.040272, 0.815998, -0.57665

167
-0.0153994, 0.0218448, 0.00360143
-0.995087, -0.0709292, -0.0690739
-0.0474089, -0.271118, 0.961378
-0.0869169, 0.959929, 0.266424

168
-0.0180825, 0.0223901, -0.00319097
-0.997903, 0.0163108, -0.0626375
-0.0569954, 0.237208, 0.969786
0.0306761, 0.971322, -0.235781

169
-0.0487376, 0.00780809, -0.0189045
-0.999434, -0.0307735, -0.0135602
-0.0326019, 0.787776, 0.615099
-0.0082464, 0.615193, -0.788333

170
-0.0299061, 0.00348989, 0.0208303
-0.99236, -0.0787603, 0.0949647
0.063917, -0.986571, -0.150308
0.105528, -0.143089, 0.984068

171
-0.00899492, -0.0161671, -0.0119295
-0.998566, -0.00140058, -0.0535197
0.0462621, 0.480577, -0.875731
0.0269468, -0.876951, -0.479823

172
0.07199, 0.0156637, 0.0157819
-0.928299, -0.0390242, 0.369781
0.192522, -0.901243, 0.388196
0.318114, 0.431552, 0.844136

173
0.0107685, 0.0178165, 0.00680466
-0.999177, -0.0286065, 0.0287558
0.0381169, -0.419819, 0.906807
-0.0138684, 0.907157, 0.420563

174
0.0170095, -0.0110934, 0.0130685
0.999873, 0.00198936, -0.0158034
0.00989792, 0.699748, 0.714321
0.0124795, -0.714387, 0.69964

175
-0.0121662, -0.019966, -0.00382491
0.998532, 0.0139205, 0.0523454
-0.0482005, -0.21249, 0.975974
0.0247089, -0.977064, -0.211507

176
0.0310096, 0.0181818, -0.0146835
0.999617, 0.0233996, -0.0147963
0.0106809, -0.819024, -0.57366
-0.0255419, 0.573282, -0.81896

177
0.0761016, 0.0214983, 0.0107659
0.775067, 0.0740782, -0.627522
-0.462338, 0.743424, -0.483285
0.430714, 0.664705, 0.610453

178
0.0568637, -0.0143773, -0.00103858
0.989614, 0.0166447, -0.142786
0.133502, 0.261944, 0.955805
0.0533109, -0.96494, 0.257001

179
0.0431946, 0.0156005, -0.0117748
0.999674, 0.0232774, -0.0105161
0.00328306, -0.525388, -0.850856
-0.0253307, 0.850544, -0.525293

180
-0.00247625, 0.0156436, -0.0107236
-0.997546, -0.0521397, 0.0467235
0.0155129, 0.48617, 0.873727
-0.0682715, 0.872307, -0.484168

181
-0.00138689, -0.0155383, 0.0125922
0.999984, -0.00224231, 0.00520293
-0.002756, 0.609844, 0.792517
-0.00495005, -0.792519, 0.609828

182
0.02891, -0.0165807, -0.000699702
0.999926, 0.0115911, -0.00363678
0.00476112, -0.0984991, 0.995126
0.0111764, -0.99507, -0.0985471

183
-0.0171078, -0.00155595, 0.0204768
-0.996032, 0.0151417, 0.0877003
-0.0326099, -0.97898, -0.201335
0.0828082, -0.203396, 0.975589

184
0.031041, 0.0167854, -0.0147708
0.999617, 0.0233996, -0.0147963
9.34143e-05, -0.537294, -0.843395
-0.0276851, 0.84307, -0.537091

185
0.00256534, -0.0179184, -0.0022879
-0.998748, -0.012242, 0.0485089
-0.0494107, 0.393432, -0.918025
-0.00784652, -0.919272, -0.393545

186
0.0348175, -0.0117527, 0.00999435
0.999893, 0.00703958, -0.0127894
0.00526749, 0.643076, 0.765785
0.0136153, -0.76577, 0.64297

187
0.0651207, 0.0222582, -0.00412225
-0.969516, -0.150332, -0.193492
-0.158203, -0.218966, 0.962822
-0.187111, 0.964082, 0.188508

188
-0.0798329, -0.00854459, -0.0157607
-0.916793, -0.399239, -0.00996627
-0.362693, 0.842796, -0.39768
0.167169, -0.360975, -0.91747

189
-0.000748058, 0.0107213, -0.016934
-0.998921, -0.0312554, -0.0343423
-0.0464012, 0.70046, 0.712182
0.00179585, 0.713007, -0.701154

190
-0.00171366, 0.0214112, 0.00142365
-0.998921, -0.0312554, -0.0343423
-0.0340805, -0.00887265, 0.99938
-0.0315408, 0.999472, 0.00779788

191
-0.0844639, 0.00201531, -0.0127782
-0.916793, -0.399239, -0.00996627
-0.374669, 0.851195, 0.367547
-0.138256, 0.340699, -0.929951

192
-0.0608781, 0.00792632, -0.015833
0.999839, -0.0178547, -0.00158521
-0.0162789, -0.86745, -0.497257
0.00750329, 0.497203, -0.867602

193
-0.0531586, 0.00606942, 0.0180302
-0.987668, -0.139453, 0.071161
0.131929, -0.986071, -0.101289
0.0842948, -0.0906518, 0.992309

194
-0.0300058, -0.0166377, 0.00533318
0.379261, 0.92486, 0.028205
-0.0127502, -0.0252557, 0.9996
0.925202, -0.379469, 0.00221363

195
0.0317313, 0.00645454, 0.0155243
0.999617, 0.0233996, -0.0147963
-0.0276851, 0.84307, -0.537091
-9.34143e-05, 0.537294, 0.843395

196
-0.0384248, -0.020508, -0.000977008
0.576878, 0.816748, 0.0116548
-0.00346446, -0.0118217, 0.999924
0.816823, -0.576874, -0.00399008

197
0.0222393, 0.0143546, -0.0130534
-0.999372, -0.0270925, 0.0228371
0.00342309, 0.567673, 0.823247
-0.0352678, 0.822808, -0.567223

198
0.0314239, 0.0143608, -0.0127483
0.9998, 0.0172211, -0.0101208
0.00110091, -0.553414, -0.832906
-0.0199445, 0.832728, -0.553323

199
-0.061287, 0.0227203, -0.0208018
-0.654885, 0.755613, 0.0131949
0.516866, 0.435091, 0.737255
0.551339, 0.489638, -0.675485

200
-0.0319534, -0.010597, -0.0178737
-0.996293, -0.0551182, -0.06605
-0.0381941, 0.971369, -0.234484
0.0770832, -0.231092, -0.969874

201
6.57967e-05, -0.0116314, 0.012477
-0.996884, 0.00798739, 0.0784771
-0.0652063, -0.643301, -0.762831
0.0443914, -0.765571, 0.641818

202
-0.0534992, 0.0290298, 0.0044064
-0.654885, 0.755613, 0.0131949
-0.0243758, -0.0385707, 0.998959
0.755335, 0.653882, 0.0436781

203
-0.00168766, -0.015458, -0.00940744
-0.996884, 0.00798739, 0.0784771
-0.0659657, 0.461115, -0.884885
-0.0432549, -0.887304, -0.459151

204
0.0512646, 0.018055, 0.0136521
-0.99752, -0.0600687, 0.0366907
0.070317, -0.827038, 0.55773
-0.00315747, 0.558927, 0.829211

205
0.0225765, -0.013525, -0.0146515
-0.999082, -0.00183583, 0.0427882
-0.0260878, 0.818424, -0.574022
-0.0339651, -0.574611, -0.817721

206
-0.0187852, -0.0178427, -0.00247164
-0.997903, 0.0163108, -0.0626375
0.0643961, 0.152557, -0.986194
-0.00652985, -0.98816, -0.153288

207
0.0118498, -0.00784666, 0.0171403
-0.999302, -0.0229556, 0.0294562
0.00044757, -0.79607, -0.605204
0.0373421, -0.604769, 0.795525

208
-0.0323197, 0.00557975, -0.0203394
0.998046, -0.0113068, 0.0614576
0.00920679, -0.946154, -0.323586
0.0618071, 0.323519, -0.944201

209
-0.0168365, -0.00809744, -0.0199936
-0.995553, -0.0649227, -0.0682608
-0.0274262, 0.892962, -0.449296
0.0901238, -0.445426, -0.890771

210
-0.0518526, -0.00905236, -0.0153247
-0.998626, 0.0413048, -0.0322428
0.0497226, 0.941126, -0.334379
0.0165331, -0.335523, -0.941887

211
-0.0247486, -0.0211724, -0.00601275
-0.997752, 0.0217409, -0.0633876
0.0668233, 0.251798, -0.96547
-0.00502928, -0.967536, -0.252685

212
0.021761, 0.0149301, 0.0113547
-0.999315, -0.0306207, -0.0207749
0.014688, -0.843564, 0.536828
-0.033963, 0.536155, 0.843436

213
0.0554592, -0.0117854, 0.0113972
-0.990582, -0.00323359, -0.136883
0.117721, -0.530648, -0.839377
-0.0699226, -0.847586, 0.526031

214
0.00770199, -0.0169221, 0.000432151
0.99987, -0.00344304, 0.0157739
-0.0149659, 0.168902, 0.985519
-0.00605743, -0.985627, 0.168828

215
0.0550532, 0.0215291, 0.00763284
-0.994091, -0.0692971, -0.083554
-0.0268942, -0.588494, 0.808054
-0.105167, 0.805526, 0.583153

216
-0.047324, -0.00842818, -0.0197126
-0.996718, -0.0687122, -0.0428112
-0.0486222, 0.930883, -0.362066
0.0647306, -0.358796, -0.931169

217
0.054836, -0.0192781, -0.00324605
-0.993783, -0.0219906, -0.109144
0.091967, 0.390404, -0.916039
0.0627546, -0.920381, -0.385954

218
0.059148, 0.0203306, -0.0142829
-0.966808, -0.0929873, 0.237982
0.209139, 0.24705, 0.946164
-0.146775, 0.964531, -0.219403

219
-0.0169121, -0.0112541, 0.0170411
-0.995159, 0.0156471, 0.0970251
-0.0844167, -0.641616, -0.762367
0.050324, -0.766866, 0.639831

220
0.0536464, -0.0165145, 0.00698668
0.993965, 0.017804, 0.108242
-0.103988, 0.467081, 0.878079
-0.0349244, -0.884035, 0.466113

221
0.0308057, 0.0135186, -0.0129898
-0.999167, -0.0285011, 0.0291911
0.00744515, 0.576116, 0.817334
-0.0401124, 0.816871, -0.575424

222
-0.00140012, -0.00680171, 0.0189016
0.999984, -0.00224231, 0.00520293
-0.000651911, 0.866706, 0.498819
-0.00562792, -0.498815, 0.86669

223
0.0289151, -0.0149175, 0.0059982
0.999926, 0.0115911, -0.00363678
0.000121681, 0.289795, 0.957089
0.0121476, -0.957018, 0.289773

224
-0.033622, -0.00794258, 0.0190044
-0.990578, -0.0811565, 0.110312
-0.0116316, -0.752726, -0.658231
0.136454, -0.653312, 0.74469

225
0.00795453, -0.0142374, -0.0149896
0.99987, -0.00344304, 0.0157739
-0.0148658, -0.577512, 0.816247
0.00629927, -0.816375, -0.577488

226
0.0117396, -0.0142083, 0.00844239
-0.999302, -0.0229556, 0.0294562
-0.0138767, -0.504038, -0.86357
0.0346709, -0.863377, 0.503368

227
-0.0180877, -0.0151101, -0.0128727
-0.997903, 0.0163108, -0.0626375
0.0619931, 0.519097, -0.852464
0.0186105, -0.85456, -0.51902

228
0.0576787, -0.0148022, 0.00456061
0.989614, 0.0166447, -0.142786
0.102939, 0.611271, 0.784698
0.100342, -0.791246, 0.603209

229
0.0576673, 0.0166291, -0.0217447
-0.966808, -0.0929873, 0.237982
0.0440984, 0.856717, 0.513898
-0.251669, 0.507335, -0.82418

230
0.055477, 0.0200638, 0.00380559
-0.994091, -0.0692971, -0.083554
-0.0650926, -0.235436, 0.969708
-0.0868696, 0.969416, 0.229534

231
-0.0310636, 0.0140207, 0.0174685
-0.99236, -0.0787603, 0.0949647
0.0994353, -0.966231, 0.23772
0.0730349, 0.245347, 0.96668

232
0.0590055, 0.001266, -0.0223111
-0.966808, -0.0929873, 0.237982
-0.055568, 0.985652, 0.15938
-0.249388, 0.140865, -0.958104

233
-0.0187615, -0.0182515, 0.00250965
0.998278, -0.000367303, 0.0586598
-0.0585216, 0.0626465, 0.996319
-0.00404078, -0.998036, 0.0625171

234
-0.0248699, -0.0188767, 0.00425795
-0.995575, 0.0187254, 0.0920883
-0.093289, -0.314945, -0.944514
0.0113163, -0.948925, 0.315299

235
0.0657482, 0.0193644, -0.00501822
-0.969516, -0.150332, -0.193492
-0.217765, 0.16664, 0.96167
-0.112326, 0.97449, -0.194297

236
-0.0482561, -0.00913419, -0.0159469
-0.999434, -0.0307735, -0.0135602
-0.0200949, 0.869833, -0.492937
0.0269645, -0.492386, -0.869959

237
0.00244504, -0.0152217, -0.0145634
-0.999226, 0.0065242, -0.0387827
0.0336751, 0.651311, -0.758063
0.0203139, -0.758783, -0.651027

238
0.0624589, 0.0244814, 0.00414792
-0.961562, -0.121725, -0.246133
-0.21053, -0.248642, 0.945439
-0.176283, 0.960916, 0.213458

239
0.06226, 0.0212152, -0.00805841
-0.928299, -0.0390242, 0.369781
0.367574, 0.0538115, 0.928436
-0.05613, 0.997788, -0.0356089

240
-0.0191875, 0.0186703, -0.0111641
-0.995553, -0.0649227, -0.0682608
-0.0901238, 0.445426, 0.890771
-0.0274262, 0.892962, -0.449296

241
-0.0252443, -0.0212885, 0.000699944
-0.995575, 0.0187254, 0.0920883
-0.0905183, 0.0721663, -0.993277
-0.0252452, -0.997217, -0.0701519

242
-0.0582904, 0.00403899, -0.0144021
-0.959792, -0.280706, 0.00175526
-0.280583, 0.959146, -0.0362271
0.0084856, -0.035263, -0.999342

243
-0.0822923, 0.0255548, 0.0133297
0.770278, 0.6376, -0.011721
-0.261035, 0.298478, -0.918026
-0.581835, 0.710195, 0.396347

244
-0.0604512, 0.00162965, -0.0145573
-0.934494, -0.355934, -0.00556947
-0.355745, 0.934335, -0.0215271
0.012866, -0.0181356, -0.999753

245
0.0688307, -0.00548935, 0.0176033
-0.965789, 0.0345219, 0.257022
-0.176011, -0.815127, -0.551895
0.190453, -0.578253, 0.793317

246
0.0433523, 0.0176623, 0.00777452
0.999674, 0.0232774, -0.0105161
-0.0221462, 0.584743, -0.810916
-0.0127268, 0.810885, 0.585068

247
0.0542252, 0.0202125, 0.0105426
-0.986815, -0.037159, -0.157529
-0.117753, -0.50292, 0.856274
-0.111043, 0.863534, 0.491913

248
-0.0156216, 0.0160917, 0.0127113
-0.995087, -0.0709292, -0.0690739
-0.0105384, -0.61783, 0.786241
-0.0984434, 0.783106, 0.614047

249
-0.0180236, -0.0149266, 0.0123843
-0.996032, 0.0151417, 0.0877003
-0.081613, -0.548421, -0.83221
0.0354955, -0.836065, 0.54748

250
0.0202143, -0.012152, -0.0121205
0.999881, 0.0106723, 0.0111419
-0.00221319, -0.615478, 0.788151
0.015269, -0.788082, -0.615381

251
-0.0165719, 0.0202981, 0.00527
-0.994656, -0.0699156, 0.0759678
0.102739, -0.597594, 0.795189
-0.0101983, 0.798745, 0.601583

252
-0.0544626, 0.00347534, -0.0405537
-0.273922, 0.961025, 0.037371
0.885178, 0.236729, 0.400524
0.376067, 0.142793, -0.915524

253
-0.0292002, -0.00572483, 0.0205643
-0.99236, -0.0787603, 0.0949647
0.0186679, -0.856715, -0.515453
0.121955, -0.509742, 0.85164

254
0.00454701, -0.0121591, 0.0100175
0.999841, -0.00391312, 0.0173798
-0.0126514, 0.530877, 0.847354
-0.0125423, -0.84744, 0.530743

255
-0.0484452, 0.0114065, 0.0120354
-0.997682, -0.056655, 0.0376922
0.0661599, -0.937169, 0.342545
0.0159171, 0.344245, 0.938745

256
-0.0267612, 0.0190206, -0.00657049
0.993849, 0.0817675, 0.0746812
0.102167, -0.416867, -0.903208
-0.0427209, 0.905282, -0.422657

257
-0.0474597, -0.00220677, 0.0176569
-0.997682, -0.056655, 0.0376922
0.035527, -0.906096, -0.421577
0.0580372, -0.419261, 0.906009

258
-0.0489867, -0.0120419, -0.0130709
-0.999059, 0.0220757, -0.0373383
0.037496, 0.87229, -0.48755
0.0218068, -0.488491, -0.872297

259
0.0406735, 0.0158907, 0.0118488
-0.999079, -0.0267891, 0.0335078
0.0412634, -0.813764, 0.579728
0.011737, 0.580577, 0.814121

260
-0.0511307, 0.0197951, -0.000728644
-0.998626, 0.0413048, -0.0322428
-0.0343026, -0.0501708, 0.998151
0.0396108, 0.997886, 0.0515187

261
0.0398198, 0.0164856, -0.0131295
-0.999079, -0.0267891, 0.0335078
0.011737, 0.580577, 0.814121
-0.0412634, 0.813764, -0.579728

262
-0.086234, -0.0148995, -0.014107
0.842118, -0.538426, -0.0305797
-0.38963, -0.64664, 0.655778
-0.372862, -0.540327, -0.754334

263
-0.011677, -0.0166033, -0.0140518
0.998532, 0.0139205, 0.0523454
-0.0350758, -0.570221, 0.820742
0.0412736, -0.821373, -0.568896

264
0.0618035, -0.0130207, -0.00946258
0.958168, 0.0126385, -0.285927
0.286014, -0.0789773, 0.954965
-0.0105124, -0.996796, -0.0792883

265
-0.0290502, -0.00902191, -0.0175045
-0.997106, -0.0379679, -0.0658608
-0.0180088, 0.95966, -0.280585
0.0738572, -0.278587, -0.957567

266
0.0134095, 0.0145665, 0.010539
-0.998826, -0.0382732, 0.0296922
0.0481566, -0.8508, 0.523279
0.00523456, 0.524094, 0.851644

267
-0.0250294, 0.00704558, -0.0165053
0.993849, 0.0817675, 0.0746812
0.102451, -0.934901, -0.339801
0.0420349, 0.345362, -0.937528

268
0.0533407, -0.0151337, -0.0127624
0.993715, 0.0139538, -0.111066
0.102177, -0.518305, 0.84907
-0.0457182, -0.855082, -0.516473

269
-0.00260395, -0.0169653, 0.005923
-0.997968, -0.0332919, 0.0543327
-0.0376171, -0.380427, -0.924045
0.0514329, -0.924211, 0.378402

270
0.0403717, 0.0175851, 0.00626424
0.999714, 0.0205229, -0.0122816
-0.0162935, 0.208487, -0.977889
-0.0175086, 0.97781, 0.208762

271
-0.0173994, 3.08359e-05, -0.0198962
-0.997903, 0.0163108, -0.0626375
0.00652985, 0.98816, 0.153288
0.0643961, 0.152557, -0.986194

272
0.0260733, -0.0113257, 0.0125794
0.999777, 0.00202838, -0.0210434
0.0138884, 0.687445, 0.726103
0.015939, -0.726233, 0.687264

273
-0.0363764, -0.0284157, 0.00513935
0.674927, 0.737632, 0.0192696
-0.011781, -0.0153392, 0.999813
0.73779, -0.675028, -0.00166285

274
-0.0234652, 0.0124327, -0.0146887
-0.997752, 0.0217409, -0.0633876
-0.0209257, 0.797527, 0.60292
0.0636613, 0.602891, -0.79528

275
-0.0501028, -0.0119118, 0.0151285
0.996248, 0.0119261, -0.0857218
2.47784e-05, 0.990421, 0.138081
0.0865475, -0.137565, 0.986704

276
-0.032568, 0.0010825, -0.0183509
-0.996293, -0.0551182, -0.06605
-0.0647852, 0.985863, 0.15452
0.0565994, 0.158226, -0.985779

277
-0.0987489, -0.0283252, -0.0273103
-0.716564, 0.696766, 0.0324566
0.499294, 0.544862, -0.673669
-0.487074, -0.466522, -0.73832

278
-0.0444588, 0.0101483, 0.0169015
-0.992466, -0.0716541, 0.0993847
0.0989262, -0.94721, 0.304971
0.0722858, 0.312505, 0.947162

279
-0.0513294, 0.0010141, -0.0186346
-0.998626, 0.0413048, -0.0322428
0.0234685, 0.902727, 0.429573
0.0468499, 0.428226, -0.902456

280
-0.0246382, -0.0185901, -0.00686509
-0.997752, 0.0217409, -0.0633876
0.0636613, 0.602891, -0.79528
0.0209257, -0.797527, -0.60292

281
-0.0618448, 0.00181639, -0.0180449
-0.995814, -0.0875336, -0.0263108
-0.0893426, 0.871406, 0.482358
-0.0192951, 0.482689, -0.875579

282
-0.0642497, 0.0231032, 0.00215728
-0.995814, -0.0875336, -0.0263108
-0.0163636, -0.112474, 0.99352
-0.0899257, 0.989792, 0.110571

283
-0.0610227, -0.000292233, -0.0144915
0.999839, -0.0178547, -0.00158521
-0.0168166, -0.964956, 0.261873
-0.00620532, -0.261804, -0.965101

284
-0.0292471, -0.0177377, -0.00950002
-0.997106, -0.0379679, -0.0658608
0.0394908, 0.481591, -0.875506
0.0649591, -0.875573, -0.478698

285
-0.0350072, 0.00538679, 0.0163716
-0.990578, -0.0811565, 0.110312
0.088263, -0.994219, 0.0611356
0.104713, 0.070296, 0.992015

286
-0.0651438, 0.00574675, -0.0168318
-0.716564, 0.696766, 0.0324566
0.697468, 0.715157, 0.0457148
0.00864097, 0.055395, -0.998427

287
-0.0658207, -0.0113029, -0.0154184
-0.943287, -0.331257, -0.021894
-0.29649, 0.87028, -0.393327
0.149346, -0.364529, -0.919138

288
-0.0129498, 0.0088706, -0.0183647
-0.995087, -0.0709292, -0.0690739
-0.0984434, 0.783106, 0.614047
0.0105384, 0.61783, -0.786241

289
-0.0148546, -0.00751215, 0.0190409
-0.997857, 0.00376085, 0.0653216
-0.0312747, -0.904329, -0.425688
0.0574713, -0.426819, 0.902509

290
-0.0082046, 0.0186766, 0.0111761
0.997859, 0.0420291, 0.0501194
0.0260935, 0.446848, -0.894229
-0.0599794, 0.893622, 0.444795

291
0.0398494, 0.0145152, -0.0146372
0.999609, 0.0163104, -0.0227294
-0.00858912, -0.594296, -0.804201
-0.0266248, 0.804081, -0.593923

292
-0.0132858, -0.0136047, 0.017094
-0.994656, -0.0699156, 0.0759678
0.0101983, -0.798745, -0.601583
0.102739, -0.597594, 0.795189

293
-0.0249415, 0.0208151, -0.00501114
-0.997469, -0.0326674, -0.0631583
-0.0695408, 0.262803, 0.96234
-0.014839, 0.964296, -0.264409

294
-0.0468359, -0.0235988, 0.000519009
-0.997052, -0.0534069, 0.0550929
-0.0619588, 0.136845, -0.988653
0.0452618, -0.989152, -0.13975

295
0.00804763, 0.000256899, -0.0177272
0.99987, -0.00344304, 0.0157739
-0.00605743, -0.985627, 0.168828
0.0149659, -0.168902, -0.985519

296
-0.0265483, 0.021528, 0.00448965
-0.991279, -0.0925596, 0.0938037
0.10613, -0.138751, 0.984624
-0.0781211, 0.985992, 0.147364

297
0.00812246, 0.00371602, -0.0204274
-0.998927, -0.0352708, -0.0300151
-0.0384794, 0.992727, 0.114069
0.0257735, 0.115101, -0.993019

298
-0.07115, -0.028631, -0.00985535
-0.916793, -0.399239, -0.00996627
-0.138256, 0.340699, -0.929951
0.374669, -0.851195, -0.367547

299
