0
0.0468763, 0.0138493, -0.0155781
0.999856, -0.00889827, -0.0144531
-0.0154556, -0.829246, -0.558669
-0.00701396, 0.558812, -0.829264

1
0.101291, 0.00788418, 0.0107409
-0.978654, -0.204207, -0.0231352
0.186142, -0.928488, 0.321343
-0.0871011, 0.310178, 0.94668

2
0.0260307, 0.0118412, -0.014835
0.999862, -0.0105232, -0.0128728
-0.0156499, -0.857109, -0.514898
-0.00561497, 0.515028, -0.857155

3
-0.000733698, 0.0183259, -0.00847391
-0.991579, 0.00461342, 0.129418
0.11767, 0.449403, 0.885546
-0.0540753, 0.893317, -0.446161

4
-0.0283942, 0.00978482, -0.0112119
-0.998048, -0.0154042, 0.0605143
0.0497888, 0.388578, 0.92007
-0.0376875, 0.921287, -0.387052

5
-0.00613906, 0.017909, -0.00826658
-0.995696, -0.020349, -0.0904134
-0.0919602, 0.0960018, 0.991124
-0.0114885, 0.995173, -0.0974599

6
0.0800824, 0.00846052, -0.0179498
0.999783, -0.014727, -0.0147088
-0.0164999, -0.991538, -0.128767
-0.012688, 0.128982, -0.991566

7
-0.0523317, 0.0104111, 0.0116547
0.999734, 0.0183985, 0.0138839
0.00552235, 0.393619, -0.919257
-0.0223779, 0.919089, 0.393413

8
0.0502104, -0.00319615, 0.0130552
0.999971, 0.00758435, -6.48643e-06
-0.00741958, 0.978424, 0.206472
0.0015723, -0.206466, 0.978452

9
0.0917069, 0.00392127, -0.0183252
-0.999112, 0.0362547, 0.0214593
0.037816, 0.996276, 0.0774876
-0.0185701, 0.0782303, -0.996762

10
-0.052205, 0.0136045, -0.00170158
0.999734, 0.0183985, 0.0138839
0.0197285, -0.371563, -0.928198
-0.0119187, 0.928225, -0.371828

11
-0.00544377, 0.0119238, -0.0145765
-0.995696, -0.020349, -0.0904134
-0.0893566, 0.46953, 0.878383
0.0245776, 0.882682, -0.469328

12
0.0618644, 0.0080723, -0.0179146
0.999906, 0.00379906, -0.0131789
0.00618298, -0.982554, 0.185874
-0.0122428, -0.185938, -0.982485

13
0.0738679, 0.00943064, -0.0142555
0.999908, 0.00758623, -0.0112645
0.00541406, -0.983346, -0.181661
-0.0124551, 0.181583, -0.983297

14
0.0738293, 0.0179573, -0.0119381
0.999908, 0.00758623, -0.0112645
0.000235592, -0.839005, -0.544124
-0.0135789, 0.544071, -0.838929

15
0.0919596, -0.00181873, -0.0166616
-0.999521, 0.0240226, 0.0195158
0.0173202, 0.9567, -0.29056
-0.0256508, -0.290083, -0.956658

16
0.0474787, -0.00703745, 0.0116138
0.999833, 0.0182351, 0.00103489
-0.0174739, 0.938534, 0.344744
0.00531515, -0.344705, 0.938696

17
0.0955432, 0.00922576, 0.0134854
-0.999721, 0.0229576, 0.00548096
-0.0228982, -0.999681, 0.0106662
0.00572408, 0.0105377, 0.999928

18
0.0469082, 0.00939761, -0.0129071
0.999759, 0.0200532, -0.00891903
0.0175764, -0.97493, -0.221815
-0.0131435, 0.221605, -0.975048

19
-0.0486597, -0.00803259, 0.00349658
-0.999423, -0.0171962, 0.0292883
-0.02945, 0.00922624, -0.999524
0.0169178, -0.99981, -0.00972735

20
-0.0431013, 0.0136267, 0.00120063
0.999876, 0.0156736, -0.00121701
0.00478218, -0.37699, -0.926205
-0.0149758, 0.926085, -0.377018

21
0.0589078, 0.0110483, -0.0131654
0.999884, 0.00955834, -0.0118336
0.00761924, -0.988003, -0.154248
-0.013166, 0.15414, -0.987961

22
0.0261911, 0.0190611, -0.00827776
0.999862, -0.0105232, -0.0128728
-0.0166074, -0.594772, -0.803723
0.000801385, 0.803825, -0.594865

23
0.0859281, 0.0137548, -0.0154505
0.999947, 0.00164467, -0.0101442
-0.00333349, -0.881827, -0.471561
-0.00972102, 0.47157, -0.881775

24
0.080264, 0.0146047, -0.0117581
0.999783, -0.014727, -0.0147088
-0.0200994, -0.866702, -0.498421
-0.0054079, 0.498609, -0.86681

25
0.092104, 0.0133039, -0.015687
-0.999112, 0.0362547, 0.0214593
0.0420439, 0.890501, 0.453034
-0.00268496, 0.453534, -0.891235

26
0.0836467, -4.56283e-05, 0.0139276
-0.999192, 0.0350306, 0.0197282
-0.0400268, -0.91278, -0.406486
0.00376809, -0.406947, 0.913444

27
-0.0276577, 0.0144898, 0.00213186
-0.998048, -0.0154042, 0.0605143
0.0618551, -0.376682, 0.924275
0.00855695, 0.926214, 0.3769

28
0.0854548, 0.0281561, -0.00413484
0.79408, 0.607752, 0.00863541
0.0479505, -0.0484757, -0.997673
-0.605919, 0.792646, -0.0676356

29
0.0230959, 0.0128685, -0.0143652
0.999859, -0.0111453, -0.0125779
-0.0143484, -0.955802, -0.293661
-0.00874907, 0.2938, -0.955827

30
0.0589399, 0.00207337, -0.0177008
0.999884, 0.00955834, -0.0118336
0.0120777, -0.971782, 0.23557
-0.00924801, -0.235685, -0.971785

31
0.0923277, 0.0135658, -0.016744
-0.999521, 0.0240226, 0.0195158
0.0303851, 0.881609, 0.471002
-0.0058906, 0.471369, -0.881916

32
0.105865, -0.00223351, 0.0138436
0.832329, 0.554267, 0.00399048
-0.519124, 0.776993, 0.35608
0.194263, -0.298447, 0.934447

33
0.0354296, -0.00273609, 0.0134531
-0.999279, -0.0377744, 0.00369065
0.0271655, -0.779748, -0.625504
0.0265058, -0.624954, 0.780212

34
-0.063335, -0.00735519, 0.0040824
-0.999593, -0.0191238, 0.021149
-0.0217755, 0.0331694, -0.999212
0.0184073, -0.999267, -0.0335723

35
0.0830014, 0.00720297, -0.0157532
-0.999657, -0.0248042, 0.00843908
-0.0190348, 0.908882, 0.416618
-0.018004, 0.416314, -0.909043

36
0.0154473, -0.0124052, 0.00937921
-0.997619, -0.0640675, -0.0255135
0.0463649, -0.349275, -0.935872
0.0510478, -0.934827, 0.351414

37
0.00955185, -0.0064548, 0.00926248
-0.997952, -0.00778975, 0.0634933
-0.04256, -0.660152, -0.749925
0.0477569, -0.751092, 0.658468

38
0.125595, -0.00460642, -0.00146332
0.710853, 0.703202, 0.0139714
-0.286442, 0.271302, 0.918883
0.64237, -0.657192, 0.394282

39
0.0920879, 0.0048766, -0.0183302
-0.999521, 0.0240226, 0.0195158
0.0258179, 0.994885, 0.0976545
-0.0170701, 0.0981116, -0.995029

40
0.0800045, 0.0017155, -0.0164915
0.999783, -0.014727, -0.0147088
-0.0103885, -0.965421, 0.260491
-0.0180364, -0.260281, -0.965364

41
0.0318951, 0.0113659, -0.0156362
0.999909, -0.00458963, -0.0126505
-0.0119013, -0.740384, -0.672079
-0.0062816, 0.672168, -0.740372

42
0.0947717, 0.00258976, -0.0184675
-0.994107, 0.102642, 0.0348607
0.0876418, 0.950298, -0.298752
-0.0637924, -0.293936, -0.953694

43
0.0841545, 0.0297542, 0.00296261
0.79408, 0.607752, 0.00863541
-0.187575, 0.258547, -0.947612
-0.578146, 0.75086, 0.319306

44
0.0231063, 0.0118956, -0.0126734
0.999859, -0.0111453, -0.0125779
-0.0166043, -0.770613, -0.637087
-0.00259218, 0.637205, -0.77069

45
0.0985046, 0.0130219, -0.0188259
-0.9921, 0.117741, 0.0433091
0.124742, 0.889128, 0.440331
0.0133375, 0.442254, -0.896791

46
0.0317461, 0.0197793, -0.00912675
-0.998812, -0.0487278, -0.000314877
-0.0224055, 0.453506, 0.890972
-0.0432723, 0.88992, -0.454059

47
0.00254921, -0.00914104, 0.00927039
-0.995677, -0.0483296, -0.0793243
0.0869251, -0.785832, -0.6123
-0.0327434, -0.616548, 0.786636

48
-0.045612, -0.007305, 0.0103369
-0.999713, -0.0163173, 0.0175119
-0.0101268, -0.374579, -0.92714
0.021688, -0.927051, 0.374306

49
-0.0749002, -0.000188918, 0.00713283
0.142733, -0.98969, 0.0118383
0.368578, 0.042048, -0.928646
0.918574, 0.136911, 0.370779

50
0.0474787, -0.00703745, 0.0116138
0.999833, 0.0182351, 0.00103489
-0.0174739, 0.938534, 0.344744
0.00531515, -0.344705, 0.938696

51
-0.0695658, -0.0024819, 0.0101218
0.999818, 0.016525, -0.00948433
-0.0160711, 0.998808, 0.0460936
0.0102347, -0.0459328, 0.998892

52
-0.126702, 0.000704233, 0.0347841
-0.0227282, -0.9993, -0.0297224
0.983867, -0.0276345, 0.176757
-0.177454, -0.0252255, 0.983806

53
-0.0489618, -0.00854121, -0.00711087
-0.999423, -0.0171962, 0.0292883
-0.032787, 0.713496, -0.699892
-0.00886164, -0.700448, -0.713648

54
0.0590703, -0.00817472, -0.014958
0.999884, 0.00955834, -0.0118336
0.0150795, -0.520499, 0.853729
0.00200086, -0.853809, -0.520583

55
0.0955224, 0.00877293, 0.0115871
-0.999721, 0.0229576, 0.00548096
-0.0189646, -0.919552, 0.39251
0.0140511, 0.392297, 0.919731

56
0.0837283, 0.0015366, 0.013444
-0.999299, 0.0332705, 0.0171387
-0.0347037, -0.995198, -0.0915285
0.0140112, -0.0920591, 0.995655

57
0.0318894, 0.0107479, -0.0158579
0.999909, -0.00458963, -0.0126505
-0.00397371, -0.998825, 0.0482904
-0.0128572, -0.0482358, -0.998753

58
0.00314471, -0.00999033, 0.00231321
-0.995677, -0.0483296, -0.0793243
0.0928386, -0.490071, -0.866724
0.00301387, -0.870341, 0.49244

59
0.0319122, 0.0104073, -0.0139363
0.999909, -0.00458963, -0.0126505
-0.00859148, -0.941253, -0.337592
-0.0103579, 0.33767, -0.941208

60
0.0260148, 0.0125507, -0.0166531
0.999862, -0.0105232, -0.0128728
-0.0123098, -0.988958, -0.147685
-0.0111765, 0.147823, -0.988951

61
-0.040017, 0.00983621, 0.00930073
0.999878, 0.0151279, -0.00380786
-0.00927671, 0.380364, -0.92479
-0.0125417, 0.924713, 0.380458

62
-0.106867, -0.00492923, 0.0364661
-0.0279964, 0.999589, 0.00618152
-0.897187, -0.0224006, -0.441083
-0.440764, -0.0178947, 0.897445

63
0.0618976, 0.00604998, -0.0159827
0.999906, 0.00379906, -0.0131789
0.00102719, -0.978917, -0.204256
-0.013677, 0.204223, -0.978829

64
-0.0760445, 0.00209914, -0.0213601
-0.136013, 0.99037, 0.0258249
0.616286, 0.0641708, 0.784904
0.775688, 0.122673, -0.619079

65
0.119392, 0.0202368, 0.00797017
0.784125, -0.619481, -0.0373
0.247182, 0.366877, -0.896829
0.569253, 0.694006, 0.440802

66
-0.0123402, -0.0109114, -0.00899571
0.99941, 0.0310235, -0.0147616
0.0241543, -0.328923, 0.944048
0.0244322, -0.943847, -0.329478

67
0.0619632, 0.0186976, -0.00736026
0.999906, 0.00379906, -0.0131789
-0.00894479, -0.547791, -0.836567
-0.0103975, 0.836607, -0.547706

68
0.0501364, 0.00655743, 0.0131685
0.999971, 0.00758435, -6.48643e-06
-0.0074565, 0.982957, -0.183682
-0.00138673, 0.183677, 0.982986

69
0.0209079, -0.00886961, 0.00914511
-0.999135, -0.0403326, 0.010151
0.00796174, -0.42504, -0.90514
0.0408212, -0.904276, 0.424993

70
0.083542, -0.00285133, 0.0110981
-0.999299, 0.0332705, 0.0171387
-0.0374239, -0.884213, -0.465582
-0.000335883, -0.465897, 0.884839

71
-0.100828, 0.0282852, 0.0176843
-0.811866, 0.583103, -0.0293947
-0.459748, -0.607461, 0.647782
0.359868, 0.539427, 0.761258

72
-0.0430767, 0.0110037, -0.0123456
0.999876, 0.0156736, -0.00121701
0.013971, -0.921413, -0.388334
-0.00720796, 0.388269, -0.921518

73
0.0831893, -0.000741949, -0.0168407
-0.999657, -0.0248042, 0.00843908
-0.0261904, 0.937055, -0.348197
0.000728872, -0.348298, -0.937383

74
0.0474611, -0.00597517, 0.00997671
0.999833, 0.0182351, 0.00103489
-0.0141098, 0.73518, 0.677726
0.0115975, -0.677627, 0.735314

75
0.059069, -0.00401546, 0.0126213
-0.998751, -0.0496465, -0.00560514
0.0444449, -0.831609, -0.55358
0.022822, -0.553137, 0.832777

76
-0.0490007, 0.00896369, -0.00532346
-0.999637, -0.0170083, -0.0209088
-0.0207644, -0.00862472, 0.999747
-0.0171844, 0.999818, 0.00826842

77
0.0715134, 0.00705632, 0.0124366
-0.99976, 0.020151, 0.00859527
-0.0208638, -0.995445, -0.0930249
0.00668158, -0.0931819, 0.995627

78
0.0502569, -0.00933281, 0.00788999
0.999971, 0.00758435, -6.48643e-06
-0.00413465, 0.545857, 0.837868
0.00635823, -0.837844, 0.545872

79
0.0531379, 0.00544629, 0.011882
-0.999592, 0.0241235, 0.0152611
-0.0217789, -0.990112, 0.138579
0.0184532, 0.13819, 0.990234

80
0.0266478, -0.00296087, 0.013515
0.999804, 0.00672293, -0.018603
-0.00526826, 0.997004, 0.0771683
0.019066, -0.0770552, 0.996845

81
0.0588895, 0.00983741, -0.0156866
0.999884, 0.00955834, -0.0118336
0.00200086, -0.853809, -0.520583
-0.0150795, 0.520499, -0.853729

82
0.0924457, -0.0226654, 0.00499962
0.781973, -0.623294, -0.00472675
0.189216, 0.230147, 0.954584
-0.593899, -0.747353, 0.297906

83
0.0351006, 0.00598133, 0.0135909
-0.999279, -0.0377744, 0.00369065
0.035241, -0.959552, -0.279317
0.0140924, -0.278985, 0.960192

84
0.0739319, 0.00261709, -0.0131602
0.999908, 0.00758623, -0.0112645
0.00976829, -0.977982, 0.208459
-0.00943512, -0.208549, -0.977966

85
0.0528396, -0.00606079, 0.0105356
-0.999592, 0.0241235, 0.0152611
-0.0284484, -0.79783, -0.602211
-0.00235167, -0.6024, 0.798191

86
-0.104655, 0.00258766, 0.0365263
-0.176897, -0.9823, -0.0615902
0.948305, -0.153354, -0.277849
0.263486, -0.107557, 0.958648

87
0.0587343, 0.00287351, 0.0112398
-0.998751, -0.0496465, -0.00560514
0.0497953, -0.979983, -0.192751
0.00407645, -0.192789, 0.981232

88
-0.0121398, -0.0143823, -0.00272001
0.99941, 0.0310235, -0.0147616
-0.000196555, 0.434817, 0.900519
0.0343558, -0.899984, 0.434566

89
0.0839025, 0.00842253, 0.011843
-0.999192, 0.0350306, 0.0197282
-0.035538, -0.99903, -0.025984
0.0187988, -0.0266641, 0.999468

90
0.00352667, -0.0112736, -0.00169933
-0.995677, -0.0483296, -0.0793243
0.0635157, 0.268891, -0.961074
0.067778, -0.961957, -0.264659

91
0.0303391, -0.00675527, 0.00853247
-0.998206, -0.0596641, -0.00504767
0.037449, -0.556308, -0.830132
0.046721, -0.828831, 0.557544

92
0.103644, 0.00161663, 0.0155123
-0.972081, -0.233607, -0.022047
0.224369, -0.897894, -0.37874
0.0686806, -0.373113, 0.92524

93
-0.00861318, -0.00984901, 0.00360301
-0.996255, -0.0263401, 0.0823513
-0.0614874, -0.453777, -0.888992
0.0607852, -0.890726, 0.450458

94
0.0304167, -0.00816717, 0.00987761
-0.998206, -0.0596641, -0.00504767
0.0524777, -0.831142, -0.553579
0.0288334, -0.55285, 0.832782

95
0.101305, 0.0195406, 0.0190257
0.710853, 0.703202, 0.0139714
-0.483856, 0.503344, -0.715911
-0.510462, 0.502147, 0.698052

96
-0.108552, -0.0296708, 0.0161013
-0.601742, -0.757373, -0.253559
0.732007, -0.395981, -0.554405
0.319486, -0.519216, 0.792681

97
-0.0521087, 0.0136811, -0.00873458
0.999734, 0.0183985, 0.0138839
0.0227878, -0.698496, -0.715251
-0.00346167, 0.715377, -0.69873

98
0.0918169, 0.00528961, -0.0155155
-0.999112, 0.0362547, 0.0214593
0.027831, 0.950376, -0.309855
-0.0316281, -0.308983, -0.950542

99
0.0123237, -0.0143256, 0.00285333
0.998925, 0.0433211, -0.0164924
-0.00480552, 0.450655, 0.892685
0.0461045, -0.891646, 0.450379

100
0.05303, 0.00052081, 0.012603
-0.999592, 0.0241235, 0.0152611
-0.0271828, -0.967627, -0.250916
0.00871407, -0.251229, 0.967889

101
0.0501944, -0.00108868, 0.010745
0.999971, 0.00758435, -6.48643e-06
-0.00625311, 0.824935, 0.565193
0.00429197, -0.565177, 0.824959

102
0.0583897, 0.00969534, 0.0122257
-0.998751, -0.0496465, -0.00560514
0.0475649, -0.979164, 0.197423
-0.0152897, 0.196909, 0.980302

103
-0.0487635, -0.0118371, -0.00227847
-0.999423, -0.0171962, 0.0292883
-0.0336824, 0.391134, -0.919717
0.00435994, -0.920173, -0.391488

104
0.0473174, 0.00178937, 0.0119845
0.999833, 0.0182351, 0.00103489
-0.0181778, 0.999005, -0.0407214
-0.00177642, 0.0406958, 0.99917

105
-0.00137354, 0.0133361, -0.0131984
-0.991579, 0.00461342, 0.129418
0.0880187, 0.757052, 0.647399
-0.0949892, 0.653339, -0.751083

106
-0.0849732, 0.0366827, 0.00627022
-0.996748, -0.0791075, 0.0153129
0.0437324, -0.371507, 0.927399
-0.0676754, 0.925054, 0.373759

107
0.0351618, 0.00415463, 0.0114737
-0.999279, -0.0377744, 0.00369065
0.0379514, -0.993274, 0.109395
-0.000466495, 0.109456, 0.993992

108
0.0557428, 0.0026534, 0.0113297
-0.998807, -0.0484316, -0.00620862
0.0486725, -0.977406, -0.205688
0.00389346, -0.205745, 0.978598

109
0.00029531, 0.0197017, -0.000638852
-0.991579, 0.00461342, 0.129418
0.121442, -0.313895, 0.941659
0.0449679, 0.949446, 0.310692

110
-0.0491862, 0.0127717, 0.000447241
-0.999637, -0.0170083, -0.0209088
-0.0126076, -0.390582, 0.920482
-0.0238225, 0.920411, 0.390226

111
0.00171876, 0.0131852, -0.0137237
-0.994414, 0.00641169, 0.105356
0.0713873, 0.776093, 0.626565
-0.0777487, 0.630586, -0.772215

112
-0.0487023, -0.0111372, -0.00308607
-0.999695, -0.0169525, -0.0179643
0.00994893, 0.389326, -0.921046
0.022608, -0.920944, -0.389039

113
0.015159, -0.00997312, 0.00510067
-0.998076, -0.0521784, -0.0334804
0.0545207, -0.481647, -0.874668
0.029513, -0.87481, 0.483566

114
0.0716214, 0.0144158, 0.00775196
-0.99976, 0.020151, 0.00859527
-0.0167187, -0.955331, 0.295066
0.0141572, 0.294852, 0.955438

115
0.0860072, -0.0109553, -0.0116551
0.999947, 0.00164467, -0.0101442
0.00972102, -0.47157, 0.881775
-0.00333349, -0.881827, -0.471561

116
0.0951306, -0.00787976, 0.00988096
-0.999721, 0.0229576, 0.00548096
-0.020239, -0.714332, -0.699514
-0.0121439, -0.69943, 0.714598

117
0.0713623, 0.000800194, 0.00952699
-0.99976, 0.020151, 0.00859527
-0.0218326, -0.884012, -0.466954
-0.00181126, -0.467029, 0.88424

118
-0.052244, 0.0108425, 0.00476744
0.999734, 0.0183985, 0.0138839
0.0136656, 0.0119367, -0.999835
-0.0185612, 0.999759, 0.0116821

119
0.0531797, 0.00488283, 0.0101664
-0.999792, 0.0173872, 0.0106935
-0.0167147, -0.998055, 0.0600494
0.0117168, 0.0598581, 0.998138

120
0.0143408, 0.0159571, -0.00896179
-0.998782, 0.00982149, 0.0483479
0.0486004, 0.0273381, 0.998444
0.00848446, 0.999578, -0.0277821

121
0.0473174, 0.00178937, 0.0119845
0.999833, 0.0182351, 0.00103489
-0.0181778, 0.999005, -0.0407214
-0.00177642, 0.0406958, 0.99917

122
-0.0744431, -0.000993948, -0.0157796
-0.19042, -0.9817, -0.00227563
-0.321069, 0.0644678, -0.944859
0.927715, -0.179189, -0.32747

123
-0.0713439, 9.45475e-05, -0.0120472
0.142733, -0.98969, 0.0118383
-0.0110016, -0.0135465, -0.999848
0.9897, 0.142581, -0.0128217

124
-0.0456673, -0.00803278, 0.00650399
-0.999713, -0.0163173, 0.0175119
-0.0176556, 0.00870142, -0.999806
0.0161617, -0.999829, -0.00898702

125
0.109979, 0.00927854, -0.0184734
0.803699, -0.590773, -0.0710914
-0.580514, -0.752235, -0.311683
0.130657, 0.291769, -0.947523

126
0.057982, 0.018174, 0.00977173
-0.998751, -0.0496465, -0.00560514
0.0380931, -0.829275, 0.55754
-0.0323281, 0.55663, 0.830131

127
0.0414428, -0.000259788, 0.0116649
0.999886, 0.0118838, -0.00926612
-0.00834752, 0.948729, 0.31598
0.0125461, -0.315867, 0.94872

128
-0.125355, 0.00749276, -0.0424397
0.174113, 0.984394, -0.0255621
0.858598, -0.164471, -0.48555
-0.482176, 0.0625929, -0.873835

129
0.0971077, 0.00107317, -0.0202283
-0.978033, 0.201177, 0.0545859
0.175368, 0.935657, -0.306256
-0.112686, -0.289956, -0.950383

130
-0.0399494, 0.00659698, 0.0141748
0.999878, 0.0151279, -0.00380786
-0.0133701, 0.705283, -0.7088
-0.00803702, 0.708765, 0.705399

131
0.0031357, 0.0168878, -0.000575075
-0.994414, 0.00641169, 0.105356
0.105455, 0.102889, 0.989087
-0.00449821, 0.994672, -0.10299

132
0.0955927, 0.0105685, -0.0185465
-0.994107, 0.102642, 0.0348607
0.10708, 0.879807, 0.463114
0.016864, 0.464118, -0.885613

133
-0.138048, -0.000697486, -0.00504032
0.560481, -0.758888, 0.331587
-0.243894, 0.231377, 0.941796
-0.79144, -0.608731, -0.0554054

134
-0.0969311, 0.0330204, 0.00399505
-0.811866, 0.583103, -0.0293947
-0.0706261, -0.0481077, 0.996342
0.579556, 0.810972, 0.0802393

135
0.0839626, 0.00842811, 0.0137271
-0.999299, 0.0332705, 0.0171387
-0.0267002, -0.954672, 0.296459
0.0262252, 0.295794, 0.954892

136
-0.0456742, -0.00503306, -0.00547453
0.999879, 0.0154541, 0.00164371
-0.00153779, -0.00686334, 0.999975
0.015465, -0.999857, -0.00683874

137
0.095717, 0.010712, -0.0154251
-0.994107, 0.102642, 0.0348607
0.105383, 0.990445, 0.0889519
-0.0253975, 0.0921015, -0.995426

138
-0.0401767, 0.0171588, -0.00352815
0.999878, 0.0151279, -0.00380786
0.00803702, -0.708765, -0.705399
-0.0133701, 0.705283, -0.7088

139
0.0208624, -0.0128434, -0.0111199
-0.999135, -0.0403326, 0.010151
-0.0346671, 0.672786, -0.739024
0.0229773, -0.738737, -0.673602

140
0.0208645, -0.00849021, 0.00637434
-0.999135, -0.0403326, 0.010151
0.0229773, -0.738737, -0.673602
0.0346671, -0.672786, 0.739024

141
-0.0631914, -0.00723482, 0.0109812
-0.999593, -0.0191238, 0.021149
-0.0130738, -0.351758, -0.936
0.0253392, -0.935895, 0.351365

142
0.0266128, -0.00971896, 0.00919446
0.999804, 0.00672293, -0.018603
0.0097565, 0.650502, 0.759442
0.0172069, -0.759475, 0.650309

143
0.0468073, 0.00514452, -0.0149928
0.999856, -0.00889827, -0.0144531
-0.011595, -0.979972, -0.198797
-0.0123946, 0.198936, -0.979934

144
-0.0634272, -0.00982259, -0.00250408
-0.999593, -0.0191238, 0.021149
-0.0271621, 0.413047, -0.910304
0.00867297, -0.910509, -0.413399

145
0.0827997, 0.0158105, -0.0143422
-0.999657, -0.0248042, 0.00843908
-0.010696, 0.680381, 0.73278
-0.0239178, 0.732438, -0.680413

146
-0.0510849, -0.00706541, 0.00451947
-0.99867, -0.017376, 0.0485389
-0.0486037, 0.00332708, -0.998813
0.0171938, -0.999843, -0.0041672

147
-0.0210182, -0.00467834, 0.0126019
-0.984773, -0.0181355, 0.172896
-0.106923, -0.721003, -0.684632
0.137075, -0.692694, 0.708086

148
0.0469058, 0.0083629, -0.0155056
0.999759, 0.0200532, -0.00891903
0.0112086, -0.815913, -0.578065
-0.0188692, 0.577826, -0.815942

149
-0.00540634, 0.0148608, -0.0156498
-0.995696, -0.020349, -0.0904134
-0.0731493, 0.771577, 0.631916
0.056902, 0.63581, -0.769745

150
-0.0972868, 0.0326197, 0.00587093
-0.811866, 0.583103, -0.0293947
-0.287037, -0.354791, 0.889794
0.508413, 0.730831, 0.455415

151
0.0804449, 0.0218729, -0.00673646
0.999783, -0.014727, -0.0147088
-0.0206389, -0.609919, -0.792195
0.00269547, 0.792327, -0.610091

152
0.103807, -0.0138471, 0.00948566
-0.968039, -0.250726, 0.00613136
0.0884483, -0.364167, -0.927124
0.234687, -0.89695, 0.374704

153
-0.0220306, -0.00776234, 0.00651159
-0.984773, -0.0181355, 0.172896
-0.15124, -0.401038, -0.903491
0.0857232, -0.915882, 0.392188

154
-0.0513548, -0.00972839, -0.00198545
-0.99867, -0.017376, 0.0485389
-0.0514838, 0.385697, -0.921188
-0.00271481, -0.922462, -0.386079

155
0.0837905, 0.00611907, 0.0102605
-0.999192, 0.0350306, 0.0197282
-0.0256388, -0.933188, 0.358474
0.0309677, 0.357678, 0.933331

156
-0.123911, -0.0219456, -0.0201289
0.88297, -0.468537, 0.0289395
-0.299309, -0.514421, 0.803607
-0.361632, -0.718223, -0.594456

157
0.10094, 0.00924676, 0.0135336
-0.978654, -0.204207, -0.0231352
0.205305, -0.976511, -0.0653963
-0.00923737, -0.0687501, 0.997591

158
-0.0431105, 0.0136623, -0.00583335
0.999876, 0.0156736, -0.00121701
0.0101491, -0.70269, -0.711423
-0.0120058, 0.711323, -0.702763

159
0.0471603, 0.0102897, 0.0139443
0.999833, 0.0182351, 0.00103489
-0.0161143, 0.907387, -0.419987
-0.00859755, 0.419901, 0.907529

160
0.0063236, -0.00922712, 0.0092884
0.998669, 0.0508858, -0.00839982
-0.0231252, 0.587387, 0.808976
0.0460993, -0.807705, 0.587782

161
0.101419, 0.0112424, 0.0116452
-0.972081, -0.233607, -0.022047
0.207217, -0.898738, 0.386434
-0.110088, 0.371076, 0.922054

162
-0.112552, 0.00837254, 0.0258975
0.255282, -0.924039, -0.284574
0.89635, 0.115839, 0.427946
-0.362474, -0.364325, 0.857835

163
0.0618882, -0.000624247, -0.0186145
0.999906, 0.00379906, -0.0131789
0.0103975, -0.836607, 0.547706
-0.00894479, -0.547791, -0.836567

164
0.0413802, 0.00470402, 0.0112794
0.999886, 0.0118838, -0.00926612
-0.0125133, 0.997388, -0.0711317
0.0083966, 0.0712396, 0.997424

165
-0.00671034, 0.0162293, -0.00159722
-0.995696, -0.020349, -0.0904134
-0.0805636, -0.292142, 0.952976
-0.0458056, 0.956158, 0.289246

166
0.0501313, 0.00723349, 0.0149993
0.999971, 0.00758435, -6.48643e-06
-0.00635823, 0.837844, -0.545872
-0.00413465, 0.545857, 0.837868

167
-0.0666168, 0.00172026, -0.0178625
0.999677, 0.0201537, 0.0155019
0.0140274, -0.945662, 0.324848
0.0212064, -0.324525, -0.945639

168
-0.0669774, 0.00079537, -0.00485823
0.0208156, 0.999711, -0.012022
0.28924, 0.00548884, 0.957241
0.95703, -0.0234028, -0.289042

169
-0.0488365, -0.0081054, 0.00152244
-0.999695, -0.0169525, -0.0179643
0.0178433, 0.00726078, -0.999814
0.0170798, -0.99983, -0.00695607

170
-0.0665793, -0.0016516, -0.0158996
0.999677, 0.0201537, 0.0155019
0.00484426, -0.749488, 0.662
0.0249603, -0.661711, -0.749343

171
0.101275, 0.0116613, 0.0135459
-0.972081, -0.233607, -0.022047
0.233573, -0.97233, 0.00416358
-0.0224096, -0.00110224, 0.999748

172
0.0259413, 0.00383024, -0.01523
0.999862, -0.0105232, -0.0128728
-0.00709574, -0.970247, 0.242012
-0.0150365, -0.241887, -0.970188

173
0.100437, -0.000768068, 0.012308
-0.968039, -0.250726, 0.00613136
0.228491, -0.891744, -0.39062
0.103406, -0.376735, 0.920531

174
-0.103573, 0.0144055, 0.0467345
0.538335, 0.841517, -0.0452108
-0.768822, 0.512386, 0.382587
0.345119, -0.171201, 0.922813

175
0.0414959, -0.00668855, 0.00915564
0.999886, 0.0118838, -0.00926612
-0.00291093, 0.755634, 0.654987
0.0147855, -0.654886, 0.755583

176
0.0466622, -0.00560276, -0.0184108
0.999856, -0.00889827, -0.0144531
0.000565467, -0.833614, 0.552347
-0.0169632, -0.552276, -0.833489

177
-0.0546726, -0.0103192, -0.0076953
0.999778, 0.0197591, 0.00733439
-0.014142, 0.370887, 0.92857
0.0156275, -0.928468, 0.371084

178
-0.0489082, 0.00823563, -0.00915562
-0.999637, -0.0170083, -0.0209088
-0.02576, 0.374646, 0.92681
-0.00793011, 0.927012, -0.374948

179
-0.131168, -0.00875477, 0.00729943
-0.601742, -0.757373, -0.253559
0.575294, -0.631228, 0.52018
-0.554024, 0.167143, 0.815549

180
-0.0522846, 0.00993543, 0.00889887
0.999734, 0.0183985, 0.0138839
-0.00346167, 0.715377, -0.69873
-0.0227878, 0.698496, 0.715251

181
-0.069636, -0.0101418, -0.000531579
-0.999215, -0.0318443, 0.0235783
-0.0346107, 0.411765, -0.910633
0.0192897, -0.910734, -0.412543

182
-0.0210045, -0.0109513, 0.000292644
-0.994778, -0.0192673, 0.100225
-0.100456, 0.358259, -0.928202
-0.0180225, -0.933424, -0.358323

183
0.0357193, -0.0107377, 0.00998754
-0.999279, -0.0377744, 0.00369065
0.0149544, -0.481233, -0.876465
0.034884, -0.875778, 0.481452

184
-0.061434, -0.0125784, 0.00177968
-0.993443, -0.0237051, -0.111847
0.09345, 0.395254, -0.913806
0.0658699, -0.918266, -0.390447

185
-0.109878, 0.00126417, -0.0401555
0.0208156, 0.999711, -0.012022
0.994868, -0.0195209, 0.0992805
0.0990172, -0.0140269, -0.994987

186
0.117034, 0.00434304, 0.0154275
-0.975283, -0.205012, -0.0824222
0.220941, -0.899916, -0.375947
0.00290057, -0.384865, 0.922968

187
0.0833778, -0.00503796, 0.00917025
-0.999192, 0.0350306, 0.0197282
-0.0384219, -0.687567, -0.725104
-0.0118363, -0.725276, 0.688357

188
-0.0300796, -0.00967368, -0.00175959
-0.994731, -0.0215342, 0.100234
-0.101033, 0.371862, -0.922773
-0.017402, -0.928038, -0.372079

189
0.0831821, -0.00110439, -0.0187584
-0.999657, -0.0248042, 0.00843908
-0.0244757, 0.999014, 0.0370291
-0.00934924, 0.0368099, -0.999279

190
0.0467739, 0.00618487, -0.0179416
0.999856, -0.00889827, -0.0144531
-0.00596912, -0.981506, 0.19134
-0.0158884, -0.191226, -0.981417

191
0.0533198, 0.0115324, 0.012456
-0.999792, 0.0173872, 0.0106935
-0.0109586, -0.899176, 0.437449
0.0172214, 0.437241, 0.899179

192
0.0294953, 0.00713093, 0.0112727
-0.998206, -0.0596641, -0.00504767
0.0574957, -0.97863, 0.197426
-0.016719, 0.196782, 0.980305

193
-0.0484921, -0.00194584, 0.012791
-0.999423, -0.0171962, 0.0292883
0.00435994, -0.920173, -0.391488
0.0336824, -0.391134, 0.919717

194
-0.0429811, 0.00650587, 0.00826521
0.999876, 0.0156736, -0.00121701
-0.0120058, 0.711323, -0.702763
-0.0101491, 0.70269, 0.711423

195
-0.0794511, -0.0339387, 0.000881617
-0.996748, -0.0791075, 0.0153129
-0.0145052, -0.0107746, -0.999837
0.0792596, -0.996808, 0.00959207

196
-0.0488036, 0.00609628, -0.012417
-0.999637, -0.0170083, -0.0209088
-0.0268338, 0.70088, 0.712775
0.00253145, 0.713077, -0.701081

197
-0.120616, -0.0189631, 0.0127495
-0.601742, -0.757373, -0.253559
0.743518, -0.647142, 0.168487
-0.291696, -0.0871404, 0.952533

198
0.0859785, 0.0212939, -0.00926103
0.999947, 0.00164467, -0.0101442
-0.00679982, -0.63424, -0.773106
-0.00770538, 0.773134, -0.634195

199
-0.0430639, 0.0109634, -0.00231428
0.999876, 0.0156736, -0.00121701
-0.00131282, 0.00610416, -0.999981
-0.0156659, 0.999859, 0.00612398

200
-0.0485599, -0.00730683, 0.007329
-0.999423, -0.0171962, 0.0292883
-0.0207341, -0.374087, -0.927162
0.0269, -0.927234, 0.373514

201
-0.0753903, 0.000669756, 0.0158737
-0.0363807, 0.999326, 0.00481546
-0.245267, -0.0136001, 0.96936
0.968773, 0.0340849, 0.245597

202
-0.0507559, -0.00673916, 0.0114052
-0.99867, -0.017376, 0.0485389
-0.0383242, -0.37955, -0.924377
0.0344849, -0.925008, 0.378379

203
0.0136851, -0.00430787, -0.0183906
-0.998782, 0.00982149, 0.0483479
0.00848446, 0.999578, -0.0277821
-0.0486004, -0.0273381, -0.998444

204
-0.0993807, 0.0039095, -0.0443898
-0.19042, -0.9817, -0.00227563
-0.883024, 0.172292, -0.43656
0.428963, -0.0811202, -0.899672

205
-0.0458447, -0.00854699, -0.00410601
-0.999713, -0.0163173, 0.0175119
-0.0239124, 0.713139, -0.700615
-0.00105629, -0.700833, -0.713325

206
-0.0665128, -0.0100025, -0.00933255
0.999677, 0.0201537, 0.0155019
-0.0142242, -0.0620673, 0.997971
0.021075, -0.997868, -0.0617606

207
-0.00735711, 0.0168973, 0.00537514
-0.995696, -0.020349, -0.0904134
-0.056902, -0.63581, 0.769745
-0.0731493, 0.771577, 0.631916

208
-0.0635805, -0.00958193, -0.00953237
-0.999593, -0.0191238, 0.021149
-0.0284135, 0.730043, -0.682811
-0.00238171, -0.683134, -0.730289

209
0.0155245, -0.0129873, -0.00109683
-0.998076, -0.0521784, -0.0334804
0.0390764, -0.110209, -0.99314
0.0481306, -0.992538, 0.112036

210
-0.0699914, -0.00632686, -0.0104405
-0.999215, -0.0318443, 0.0235783
-0.0381133, 0.935148, -0.352202
-0.0108336, -0.352824, -0.935627

211
0.0119099, -0.00991119, -0.0106147
0.998925, 0.0433211, -0.0164924
0.040756, -0.651315, 0.757712
0.0220831, -0.757569, -0.652381

212
-0.0206139, -0.00776702, 0.00478217
-0.994778, -0.0192673, 0.100225
-0.0997066, -0.026218, -0.994671
0.0217924, -0.999471, 0.02416

213
0.0524915, -0.0102252, -0.00567904
-0.999592, 0.0241235, 0.0152611
-0.00871407, 0.251229, -0.967889
-0.0271828, -0.967627, -0.250916

214
-0.0698785, 0.00286865, -0.0135136
0.999818, 0.016525, -0.00948433
0.0187644, -0.940356, 0.339675
-0.00330551, -0.339791, -0.940495

215
0.0972462, 0.0012199, -0.0182871
-0.978033, 0.201177, 0.0545859
0.205142, 0.975395, 0.0807518
-0.0369974, 0.0901757, -0.995238

216
-0.0456801, -0.0042457, -0.00929607
0.999879, 0.0154541, 0.00164371
0.00449748, -0.38897, 0.92124
0.0148763, -0.921121, -0.388992

217
0.0741007, -0.0120521, -0.00805572
0.999908, 0.00758623, -0.0112645
0.0124551, -0.181583, 0.983297
0.00541406, -0.983346, -0.181661

218
0.102922, 3.52271e-05, 0.0110096
-0.978654, -0.204207, -0.0231352
0.193212, -0.875869, -0.44218
0.0700327, -0.437211, 0.896628

219
-0.0665483, -0.0139477, -0.00190919
0.999677, 0.0201537, 0.0155019
-0.0212064, 0.324525, 0.945639
0.0140274, -0.945662, 0.324848

220
-0.0400559, 0.0109637, 0.00355779
0.999878, 0.0151279, -0.00380786
-0.00377104, -0.00246187, -0.99999
-0.0151371, 0.999883, -0.00240453

221
0.0589114, 0.0141835, -0.0103256
0.999884, 0.00955834, -0.0118336
-0.00392213, -0.58963, -0.807664
-0.0146974, 0.807617, -0.589524

222
-0.128343, 0.00486851, -0.0392881
0.109018, 0.993715, -0.0254202
0.971544, -0.111925, -0.208745
-0.210278, -0.00194001, -0.97764

223
0.0710293, -0.0119208, 0.000619874
-0.99976, 0.020151, 0.00859527
-0.00668158, 0.0931819, -0.995627
-0.0208638, -0.995445, -0.0930249

224
-0.0294901, -0.00691412, 0.00468367
-0.994731, -0.0215342, 0.100234
-0.100002, -0.0115889, -0.99492
0.0225864, -0.999701, 0.00937438

225
-0.066732, -0.0100242, 0.00483386
0.999677, 0.0201537, 0.0155019
-0.0249603, 0.661711, 0.749343
0.00484426, -0.749488, 0.662

226
0.026588, -0.00117278, 0.0109502
0.999804, 0.00672293, -0.018603
0.00242902, 0.891624, 0.45277
0.0196308, -0.452727, 0.891433

227
-0.12537, -0.00521583, -0.000989706
-0.0279964, 0.999589, 0.00618152
0.063874, 0.00796021, -0.997926
-0.997565, -0.0275435, -0.0640706

228
0.0953351, 0.000785168, 0.0108798
-0.999721, 0.0229576, 0.00548096
-0.0233457, -0.927617, -0.372802
-0.00347439, -0.372826, 0.927895

229
-0.107201, 0.000271479, 0.0344218
-0.0227282, -0.9993, -0.0297224
0.976883, -0.0158775, -0.213184
0.212563, -0.0338806, 0.97656

230
0.0919297, -0.00564698, -0.013478
-0.999521, 0.0240226, 0.0195158
0.00618566, 0.772866, -0.63454
-0.0303264, -0.634115, -0.772644

231
-0.0991113, -0.0342702, 0.00743629
-0.601742, -0.757373, -0.253559
0.291696, 0.0871404, -0.952533
0.743518, -0.647142, 0.168487

232
-0.0215207, -0.0121691, -0.00506447
-0.994778, -0.0192673, 0.100225
-0.0859127, 0.688193, -0.720423
-0.0550937, -0.725271, -0.686255

233
0.096099, -0.0181164, 0.00953599
0.781973, -0.623294, -0.00472675
0.402088, 0.498628, 0.767916
-0.476281, -0.602391, 0.640533

234
-0.0697602, -0.011292, -0.00735051
-0.999215, -0.0318443, 0.0235783
-0.039358, 0.728944, -0.683441
0.00457642, -0.683833, -0.729624

235
-0.10421, -0.000829172, 0.0189491
-0.766565, 0.642166, -0.000420757
-0.640991, -0.765202, -0.059977
-0.0388372, -0.0457066, 0.9982

236
0.0921126, 0.0144687, -0.0172529
-0.999112, 0.0362547, 0.0214593
0.039871, 0.649156, 0.759609
0.0136089, 0.759791, -0.650025

237
-0.00823512, -0.00501991, 0.00972128
-0.996255, -0.0263401, 0.0823513
-0.0335454, -0.760101, -0.648939
0.0796884, -0.649271, 0.756371

238
-0.0201168, -0.00766782, 0.00973544
-0.994778, -0.0192673, 0.100225
-0.0837773, -0.406703, -0.909711
0.0582896, -0.913357, 0.402965

239
0.0526266, -0.0107873, 0.00405833
-0.999592, 0.0241235, 0.0152611
-0.0184532, -0.13819, -0.990234
-0.0217789, -0.990112, 0.138579

240
-0.0618189, -0.00917023, 0.00447536
-0.993443, -0.0237051, -0.111847
0.111544, 0.0137621, -0.993664
0.0250941, -0.999624, -0.0110277

241
-0.0989165, 0.0136621, 0.0209539
0.255282, -0.924039, -0.284574
0.966832, 0.246442, 0.067091
0.00813632, -0.292262, 0.956304

242
0.0148518, -0.0060711, 0.00817828
-0.998076, -0.0521784, -0.0334804
0.0616647, -0.77976, -0.623035
0.00640232, -0.623901, 0.781477

243
0.0264145, -0.0117751, -0.00220938
0.999804, 0.00672293, -0.018603
0.019066, -0.0770552, 0.996845
0.00526826, -0.997004, -0.0771683

244
-0.0665797, -0.00401607, -0.0127958
0.999677, 0.0201537, 0.0155019
-0.00507636, -0.43921, 0.89837
0.0249141, -0.898158, -0.438966

245
-0.0121926, -0.011992, -0.00126868
0.99941, 0.0310235, -0.0147616
0.0129658, 0.0573092, 0.998272
0.0318159, -0.997874, 0.0568731

246
0.0712155, -0.00620116, 0.00886532
-0.99976, 0.020151, 0.00859527
-0.0194775, -0.637996, -0.769793
-0.0100284, -0.769776, 0.638236

247
0.0950272, -0.0109048, 0.00367882
-0.999721, 0.0229576, 0.00548096
-0.0140511, -0.392297, -0.919731
-0.0189646, -0.919552, 0.39251

248
0.032122, 0.0214597, -0.00135948
0.999909, -0.00458963, -0.0126505
-0.0128572, -0.0482358, -0.998753
0.00397371, 0.998825, -0.0482904

249
0.0937336, -0.00959041, -0.012209
-0.994107, 0.102642, 0.0348607
0.016864, 0.464118, -0.885613
-0.10708, -0.879807, -0.463114

250
0.0120598, -0.0119591, -0.00691654
0.998925, 0.0433211, -0.0164924
0.0132037, 0.075133, 0.997086
0.044434, -0.996232, 0.0744802

251
-0.0429987, 0.00602514, -0.0123447
0.999876, 0.0156736, -0.00121701
0.0156659, -0.999859, -0.00612398
-0.00131282, 0.00610416, -0.999981

252
0.0470628, 0.00159845, -0.0131204
0.999759, 0.0200532, -0.00891903
0.0212683, -0.985523, 0.168204
-0.00541687, -0.168353, -0.985712

253
0.0088465, -0.00865653, -0.002094
-0.997952, -0.00778975, 0.0634933
-0.0638637, 0.0643041, -0.995885
0.00367482, -0.9979, -0.0646699

254
0.046768, 0.0165603, -0.0125216
0.999759, 0.0200532, -0.00891903
0.00313448, -0.532681, -0.84631
-0.0217223, 0.846078, -0.532616

255
0.0156566, -0.0160135, -0.000319913
-0.998076, -0.0521784, -0.0334804
0.0176831, 0.278008, -0.960416
0.0594208, -0.959161, -0.276551

256
-0.0669026, -0.00625452, 0.0109357
0.999677, 0.0201537, 0.0155019
-0.021075, 0.997868, 0.0617606
-0.0142242, -0.0620673, 0.997971

257
-0.0492153, 0.00458519, 0.00849601
-0.999637, -0.0170083, -0.0209088
0.00793011, -0.927012, 0.374948
-0.02576, 0.374646, 0.92681

258
0.0859413, 0.00573356, -0.0154459
0.999947, 0.00164467, -0.0101442
0.00451667, -0.956996, 0.290065
-0.00923093, -0.290096, -0.956953

259
0.0929003, 0.0282273, 0.00943181
0.710853, 0.703202, 0.0139714
-0.251679, 0.272866, -0.928548
-0.65677, 0.656545, 0.370949

260
0.055406, 0.00946199, 0.0124056
-0.998807, -0.0484316, -0.00620862
0.0464574, -0.981741, 0.184462
-0.0150291, 0.183954, 0.98282

261
0.0945407, -0.0138015, -0.0114012
-0.978033, 0.201177, 0.0545859
0.0443232, 0.456579, -0.888578
-0.203685, -0.866639, -0.455466

262
-0.0743844, 0.000800254, -0.00360896
-0.0363807, 0.999326, 0.00481546
0.144136, 0.000478913, 0.989558
0.988889, 0.0366949, -0.144056

263
0.0560697, -0.0042536, 0.01262
-0.998807, -0.0484316, -0.00620862
0.0434775, -0.824271, -0.564524
0.0222232, -0.564121, 0.825393

264
-0.0401398, 0.0128199, -0.0110974
0.999878, 0.0151279, -0.00380786
0.0125417, -0.924713, -0.380458
-0.00927671, 0.380364, -0.92479

265
-0.0695805, -0.00953774, -0.00371598
0.999818, 0.016525, -0.00948433
0.00330551, 0.339791, 0.940495
0.0187644, -0.940356, 0.339675

266
-0.120279, -0.00635717, 0.0385862
0.142733, -0.98969, 0.0118383
0.9897, 0.142581, -0.0128217
0.0110016, 0.0135465, 0.999848

267
-0.028637, 0.00650235, -0.0160514
-0.998048, -0.0154042, 0.0605143
0.0315765, 0.71156, 0.701915
-0.0538721, 0.702456, -0.709685

268
-0.0814451, -0.00120294, 0.0196937
0.538335, 0.841517, -0.0452108
-0.299604, 0.241254, 0.923057
0.787676, -0.483369, 0.381997

269
0.0970553, 0.0122183, 0.0093893
-0.968039, -0.250726, 0.00613136
0.234687, -0.89695, 0.374704
-0.0884483, 0.364167, 0.927124

270
0.0959357, -0.00601866, -0.0150893
-0.978033, 0.201177, 0.0545859
0.118896, 0.753473, -0.64664
-0.171218, -0.625945, -0.76084

271
0.0799917, -0.00221041, -0.013429
0.999783, -0.014727, -0.0147088
-0.00269547, -0.792327, 0.610091
-0.0206389, -0.609919, -0.792195

272
-0.0236166, -0.010987, -0.00285976
-0.984773, -0.0181355, 0.172896
-0.167558, 0.36405, -0.916183
-0.0463275, -0.931203, -0.361545

273
0.10269, 0.0199587, -0.016716
0.736793, 0.676024, -0.0112965
0.610282, -0.672147, -0.419254
-0.291019, 0.302009, -0.907799

274
-0.0603458, -0.00752004, -0.00895827
-0.993443, -0.0237051, -0.111847
0.0611292, 0.716572, -0.694829
0.0966177, -0.69711, -0.710424

275
0.112441, -0.0120574, 0.00685377
0.832329, 0.554267, 0.00399048
-0.229712, 0.338383, 0.91254
0.504441, -0.760451, 0.408967

276
0.000366597, 0.0166448, 1.63044e-05
-0.991579, 0.00461342, 0.129418
0.129406, 0.0733361, 0.988876
-0.0049289, 0.997297, -0.0733156

277
-0.0487108, -0.00866496, -0.00494505
-0.999695, -0.0169525, -0.0179643
0.000539907, 0.712121, -0.702057
0.0246943, -0.701852, -0.711894

278
0.00395579, 0.0153678, 0.00725799
-0.994414, 0.00641169, 0.105356
0.0777487, -0.630586, 0.772215
0.0713873, 0.776093, 0.626565

279
0.0258802, -0.00874083, -0.00970116
0.999862, -0.0105232, -0.0128728
0.00561497, -0.515028, 0.857155
-0.0156499, -0.857109, -0.514898

280
0.0528817, -0.0101002, 0.00666686
-0.999792, 0.0173872, 0.0106935
-0.0201042, -0.748058, -0.663329
-0.00353405, -0.663406, 0.748252

281
0.0995234, 0.0164121, 0.0102184
-0.978654, -0.204207, -0.0231352
0.138641, -0.739111, 0.659161
-0.151705, 0.641884, 0.751646

282
0.0834385, -0.00904402, -0.0117256
-0.999657, -0.0248042, 0.00843908
-0.0239178, 0.732438, -0.680413
0.010696, -0.680381, -0.73278

283
-0.0695182, -0.0110243, 0.00326729
-0.999215, -0.0318443, 0.0235783
-0.0245943, 0.0318982, -0.999188
0.0310663, -0.998984, -0.0326564

284
0.0532943, 0.0104126, 0.0142819
-0.999592, 0.0241235, 0.0152611
-0.0130594, -0.861861, 0.506976
0.025383, 0.50657, 0.861825

285
-0.0457093, -0.00160018, 0.0100969
-0.999713, -0.0163173, 0.0175119
-0.00105629, -0.700833, -0.713325
0.0239124, -0.713139, 0.700615

286
-0.0694855, -0.00745645, 0.00992366
0.999818, 0.016525, -0.00948433
-0.0109311, 0.9052, 0.424844
0.0156058, -0.424664, 0.905217

287
0.00856475, -0.0114207, -0.00686141
-0.997952, -0.00778975, 0.0634933
-0.0604086, 0.441289, -0.895329
-0.0210445, -0.897331, -0.440856

288
-0.0277361, 0.0172213, 0.0015353
-0.998048, -0.0154042, 0.0605143
0.0538721, -0.702456, 0.709685
0.0315765, 0.71156, 0.701915

289
-0.129968, -0.00268612, 0.00287491
0.0975444, 0.995189, 0.00912764
0.0387387, 0.00536773, -0.999235
-0.994477, 0.0978233, -0.0380288

290
0.105146, 0.000745266, -0.0201966
-0.895028, -0.444377, 0.038139
-0.436114, 0.854048, -0.283562
0.0934359, -0.270429, -0.958195

291
0.00645711, -0.0133096, 0.000430301
0.998669, 0.0508858, -0.00839982
-0.00372341, 0.233579, 0.972331
0.0514398, -0.971005, 0.233458

292
-0.0696558, -0.00309331, 0.00814702
-0.999215, -0.0318443, 0.0235783
0.0192897, -0.910734, -0.412543
0.0346107, -0.411765, 0.910633

293
0.0562262, -0.00694416, 0.00843332
-0.998807, -0.0484316, -0.00620862
0.0316635, -0.545647, -0.837417
0.0371697, -0.836614, 0.54653

294
0.0739701, -0.00430118, -0.0144308
0.999908, 0.00758623, -0.0112645
0.0126354, -0.82373, 0.566842
-0.00497875, -0.566932, -0.823749

295
-0.0650855, 0.000989466, 0.0145579
0.0208156, 0.999711, -0.012022
-0.0990172, 0.0140269, 0.994987
0.994868, -0.0195209, 0.0992805

296
0.00307612, 0.0199238, -0.00132222
-0.994414, 0.00641169, 0.105356
0.0991492, -0.285588, 0.95321
0.0362001, 0.958331, 0.283357

297
0.0502691, -0.0109421, 0.00117894
