0
-0.0117085, -0.00142741, 0.0318586
-0.190591, 0.0211836, 0.981441
0.0149404, -0.999589, 0.0244767
0.981556, 0.0193282, 0.190196

1
0.0136819, -0.00418979, 0.0188738
0.179363, 0.983593, 0.0193408
-0.815247, 0.15961, -0.556683
-0.550637, 0.0840806, 0.8305

2
-0.0117573, -0.0323902, -0.0267252
-0.960168, 0.279387, 0.00459387
0.00159169, 0.0219089, -0.999759
-0.27942, -0.959929, -0.0214809

3
-0.0127824, -0.0350911, -0.022947
-0.953958, 0.299896, 0.0050566
-0.00304919, 0.0071613, -0.99997
-0.299923, -0.953945, -0.00591715

4
0.000735854, -0.0425675, 0.00719306
-0.257063, 0.224754, -0.939896
0.264275, -0.919158, -0.292075
-0.929558, -0.323473, 0.176885

5
-0.00662745, -0.0370511, -0.019826
-0.993147, 0.116811, 0.00370464
-0.00327089, 0.00390477, -0.999987
-0.116824, -0.993147, -0.00349593

6
-0.0342968, 0.00671688, -0.0258951
0.24218, 0.970209, 0.00662864
0.00633935, 0.00524954, -0.999966
-0.970211, 0.242214, -0.00487916

7
-0.00207524, 0.000589979, -0.0216955
-0.757955, -0.650949, -0.042066
-0.152542, 0.239579, -0.958819
0.634221, -0.720324, -0.280887

8
0.0409663, 0.0375502, 0.0120518
0.0284344, -0.228961, -0.97302
0.295072, 0.931959, -0.210676
0.955052, -0.28112, 0.0940596

9
0.0386187, 0.0405467, 0.0132348
0.0671749, -0.223505, -0.972385
0.241392, 0.949274, -0.201517
0.9681, -0.221189, 0.11772

10
0.0024974, -0.00644509, 0.0176467
-0.159481, 0.212907, -0.963969
-0.788252, -0.615328, -0.00549458
-0.594327, 0.758975, 0.265957

11
-0.0239685, -0.0132556, -0.0276782
-0.460306, 0.88772, 0.00844308
0.0853917, 0.0537403, -0.994897
-0.883644, -0.457236, -0.100541

12
-0.0136837, -0.0766928, 0.0179651
-0.170783, -0.101794, 0.980036
-0.747397, -0.634755, -0.196173
0.642052, -0.765979, 0.0323244

13
-9.31115e-05, 0.0155498, 0.0193325
-0.994716, 0.10206, 0.0111169
-0.091713, -0.834724, -0.542977
-0.0461368, -0.541128, 0.839674

14
-0.0450794, -0.0374627, 0.0239663
0.63769, -0.77019, 0.0126441
0.715286, 0.598164, 0.361339
-0.285863, -0.221378, 0.932349

15
-0.00489621, -0.0155185, 0.0152982
-0.973458, 0.22871, -0.00846083
-0.165767, -0.6791, 0.715083
0.157801, 0.697506, 0.698988

16
0.00429851, -0.00535161, 0.0175963
-0.236163, 0.123573, -0.963824
-0.554019, -0.831996, 0.0290787
-0.798304, 0.540844, 0.264949

17
-0.0029692, -0.0100298, 0.0150589
-0.989115, 0.143312, 0.033375
-0.0553471, -0.572502, 0.818033
0.136341, 0.807281, 0.574202

18
0.00500537, -0.00533317, 0.0149291
-0.257063, 0.224754, -0.939896
-0.470426, -0.878672, -0.0814519
-0.844167, 0.421213, 0.331604

19
0.00126112, 0.055547, 0.0419371
-0.994874, 0.0139273, 0.100157
-0.00591859, -0.996792, 0.0798176
0.100948, 0.0788156, 0.991765

20
-0.00183252, 0.00622399, 0.0208137
0.0308709, 0.20701, 0.977852
-0.989539, 0.144265, 0.000699192
-0.140925, -0.967644, 0.209298

21
-0.0525483, 0.0258645, 0.0103115
0.0671749, -0.223505, -0.972385
0.51386, -0.827642, 0.225735
-0.85524, -0.514833, 0.0592536

22
-0.00568963, 0.0218035, -0.0528174
-0.998701, -0.00818813, 0.0502856
-0.033861, 0.844144, -0.535046
-0.0380673, -0.536053, -0.843325

23
-0.0146045, 0.0117563, 0.0312659
-0.757955, -0.650949, -0.042066
0.527568, -0.57381, -0.62643
0.383636, -0.496998, 0.778342

24
-0.00214267, 0.00317628, 0.0188806
0.0284344, -0.228961, -0.97302
0.995272, 0.0969243, 0.00627742
0.092872, -0.968598, 0.230635

25
-0.00229636, 0.00840632, 0.0341325
-0.0140587, -0.176147, -0.984263
0.999457, 0.0268595, -0.0190826
0.0297982, -0.983997, 0.175674

26
-0.00902433, -0.00140043, 0.0213619
-0.220324, 0.00105365, 0.975426
0.0191474, -0.999802, 0.0054049
0.975239, 0.0198677, 0.220261

27
-0.0541783, -0.0520496, 0.00819029
0.698305, -0.715798, 0.00193094
0.483482, 0.473652, 0.736138
-0.52784, -0.513115, 0.676829

28
-0.00418704, 0.0167536, 0.023165
-0.991318, -0.131484, -0.000734191
0.120774, -0.908329, -0.400439
0.0519846, -0.397051, 0.916323

29
-0.00723051, -0.00900777, 0.0140661
-0.844894, 0.53421, -0.0278172
-0.253387, -0.35387, 0.900317
0.471115, 0.767721, 0.434345

30
0.00581497, -0.00556118, 0.0141143
-0.432148, -0.900606, 0.0464475
0.357358, -0.123732, 0.925735
-0.827975, 0.416653, 0.37531

31
0.00419554, -0.00309817, 0.017689
-0.253741, 0.0825294, -0.963745
-0.297566, -0.954695, -0.00340915
-0.920364, 0.285913, 0.266804

32
0.00111955, 0.00658644, 0.0207716
0.0892008, 0.188589, 0.977997
-0.919896, 0.392075, 0.00829672
-0.381884, -0.900395, 0.208456

33
-0.00149371, 0.0198687, 0.030201
-0.998701, -0.00818813, 0.0502856
-0.0222115, -0.818289, -0.574378
0.0458512, -0.574749, 0.817044

34
0.000791312, 0.00418347, -0.00522715
-0.584234, 0.799972, 0.136803
-0.0712868, 0.117328, -0.990531
-0.808448, -0.588454, -0.0115196

35
-0.020926, 0.026237, -0.0227613
0.812615, 0.582798, 0.00169233
0.00265921, -0.000804044, -0.999996
-0.582794, 0.812617, -0.00220316

36
0.0188576, -0.0560243, 0.00929641
-0.253741, 0.0825294, -0.963745
0.736432, -0.629495, -0.247799
-0.627123, -0.772609, 0.0989517

37
0.00534766, -0.00101893, 0.0196247
-0.245168, -0.0213901, -0.969245
0.153064, -0.988072, -0.0169115
-0.957321, -0.152502, 0.245518

38
0.0339626, -0.0501872, 0.02444
-0.810988, -0.579076, 0.0834811
0.46551, -0.725099, -0.507477
0.3544, -0.372696, 0.857612

39
-0.0509848, 0.0285955, 0.0114719
0.0284344, -0.228961, -0.97302
0.466677, -0.857777, 0.215481
-0.883971, -0.460213, 0.0824604

40
0.00733849, -0.00658331, 0.013694
-0.498662, -0.86561, -0.0453499
0.455438, -0.306166, 0.835966
-0.737505, 0.39621, 0.546904

41
0.00189195, -0.00135583, -0.00160207
-0.240865, 0.970436, -0.0154304
-0.346927, -0.100935, -0.932445
-0.906436, -0.21924, 0.360982

42
0.0129171, -0.00624269, 0.0197002
0.340881, 0.939832, 0.0227255
-0.792359, 0.300233, -0.531063
-0.505933, 0.163022, 0.847027

43
-0.0243503, -0.00732279, 0.0255933
-0.0691898, -0.188179, 0.979695
0.996285, 0.0374472, 0.0775543
-0.051281, 0.981421, 0.184889

44
-0.00374571, -0.009188, 0.0243425
-0.0115719, -0.999807, -0.0158732
0.999933, -0.0115576, -0.000994891
0.000811244, -0.0158836, 0.999874

45
0.0157888, -0.00542534, 0.0273285
0.213204, 0.976985, 0.00669467
-0.976592, 0.213308, -0.0277081
-0.0284985, -0.000630484, 0.999594

46
0.00298045, -0.0117716, 0.0323223
-0.0932108, 0.176736, -0.979835
-0.909702, -0.415098, 0.0116664
-0.404666, 0.892445, 0.199469

47
-0.0203943, -0.0620331, 0.00219459
-0.95739, 0.288747, 0.00542011
-0.0412654, -0.118199, -0.992132
-0.285835, -0.950081, 0.125078

48
0.00459233, -0.0230593, 0.0205401
-0.213385, 0.0797395, -0.973709
0.0940776, -0.990355, -0.10172
-0.972428, -0.11331, 0.203826

49
0.0126421, 0.00647266, 0.0217305
-0.500641, 0.86551, 0.0158476
-0.772101, -0.438182, -0.460279
-0.391432, -0.24267, 0.887633

50
0.00791729, -0.000780745, 0.0269736
-0.206747, -0.0534161, -0.976935
0.155682, -0.987583, 0.0210516
-0.965929, -0.147739, 0.212496

51
-0.00212812, 0.00706848, 0.0150125
-0.994874, 0.0139273, 0.100157
-0.0955286, -0.454272, -0.885726
0.033163, -0.890754, 0.453274

52
0.01198, 0.0014099, 0.0148656
-0.240865, 0.970436, -0.0154304
-0.667397, -0.177151, -0.723325
-0.704674, -0.163926, 0.690335

53
0.0300038, -0.0126079, 0.0266379
0.340881, 0.939832, 0.0227255
-0.925656, 0.339765, -0.166495
-0.164199, 0.035719, 0.98578

54
0.0572543, -0.00144703, 0.00969152
-0.159481, 0.212907, -0.963969
-0.850737, 0.465725, 0.24361
0.500811, 0.858936, 0.106854

55
0.00649332, -0.00367842, 0.0217107
-0.213385, 0.0797395, -0.973709
-0.285216, -0.95833, -0.0159759
-0.934408, 0.274308, 0.227237

56
0.0460356, 0.00482242, -0.025653
0.0843227, -0.996418, -0.00642466
-0.000578201, 0.00639869, -0.999979
0.996438, 0.0843247, -3.65744e-05

57
0.0214173, 0.05376, 0.0161171
0.224269, 0.0396877, 0.973719
0.738443, 0.645089, -0.196373
-0.635929, 0.763076, 0.115366

58
0.0612383, -0.00615932, -0.0060714
-0.072019, -0.997373, -0.00780911
-0.00779456, 0.008392, -0.999934
0.997373, -0.0719534, -0.00837847

59
0.00279331, -0.0611864, 0.0218948
-0.166202, -0.1081, 0.980149
-0.376002, -0.91193, -0.164334
0.911592, -0.395851, 0.110919

60
-0.00096282, -0.00264063, -0.00268017
-0.900151, 0.430569, -0.0658724
-0.127601, -0.116068, 0.985011
0.416469, 0.895064, 0.15942

61
-0.00779986, 0.00110269, 0.0193822
0.226615, -0.0833687, -0.97041
0.418, 0.908236, 0.0195861
0.879728, -0.41007, 0.240668

62
-0.0350651, -0.0193163, 0.0243076
0.474597, -0.880199, 0.00263392
0.87953, 0.474115, -0.0405263
0.0344225, 0.0215503, 0.999175

63
0.0115366, -0.00203703, 0.0181916
0.0364583, 0.999092, 0.022062
-0.756011, 0.0420122, -0.65321
-0.653543, 0.00713577, 0.756856

64
0.024842, 0.0467736, 0.0417497
-0.891616, 0.434497, 0.127412
-0.426316, -0.900371, 0.0871078
0.152566, 0.0233488, 0.988017

65
-0.0394609, 0.0119877, 0.0144052
0.0671749, -0.223505, -0.972385
0.802031, -0.567624, 0.185876
-0.593493, -0.792369, 0.141128

66
0.0224517, 0.0277665, -0.0506282
-0.584234, 0.799972, 0.136803
0.719629, 0.58856, -0.368417
-0.37524, -0.116795, -0.91954

67
-0.0228572, -0.012688, 0.0235508
0.0282691, -0.999467, -0.0163279
0.92397, 0.019894, 0.381947
-0.381419, -0.0258838, 0.92404

68
-0.0133272, -0.0296582, 0.0278152
-0.927759, 0.373069, -0.00911683
-0.356852, -0.879752, 0.314154
0.109181, 0.294713, 0.949328

69
0.0252398, -0.000979958, 0.0266361
-0.0280073, 0.999398, 0.0204618
-0.865874, -0.0140269, -0.500066
-0.499478, -0.0317229, 0.865745

70
-0.0155707, -0.0582959, 0.00918389
-0.159481, 0.212907, -0.963969
0.247435, -0.936677, -0.247815
-0.955689, -0.278042, 0.0967012

71
-0.0222005, -0.0680202, 0.00211031
-0.95739, 0.288747, 0.00542011
-0.147508, -0.472782, -0.868745
-0.248285, -0.832528, 0.495229

72
0.0030898, -0.00500606, 0.0155673
-0.622688, -0.476668, -0.620521
-0.175744, -0.687569, 0.70453
-0.762479, 0.547755, 0.34437

73
-0.0600101, -0.0523789, 0.0172938
-0.197839, 0.0154568, 0.980113
-0.980112, -0.0189544, -0.19754
0.0155241, -0.999701, 0.0188993

74
0.00675768, 0.00241676, 0.0212667
0.224548, 0.0393184, 0.973669
-0.440689, 0.895269, 0.0654795
-0.869121, -0.443789, 0.218358

75
-0.00448583, -0.000535902, 0.0126734
-0.400127, -0.916422, -0.00834424
0.704622, -0.301804, -0.642201
0.586009, -0.262842, 0.766491

76
-0.00480276, -0.00861975, 0.0157309
0.0363037, -0.318079, 0.947369
0.939844, -0.31135, -0.140551
0.33967, 0.895481, 0.287641

77
0.0429528, 0.040019, 0.0278287
-0.0140587, -0.176147, -0.984263
0.354946, 0.919374, -0.169604
0.934781, -0.351745, 0.0495975

78
0.0033465, -0.0604784, 0.0107617
-0.236163, 0.123573, -0.963824
0.525523, -0.818066, -0.233653
-0.817345, -0.561692, 0.128257

79
-0.0542625, -0.0281952, 0.0110491
0.226615, -0.0833687, -0.97041
0.972725, -0.0312885, 0.229843
-0.0495244, -0.996027, 0.0740044

80
-0.000215351, -0.00200666, 0.0177689
0.0220976, 0.999735, 0.00651314
-0.808136, 0.0216972, -0.588597
-0.588582, 0.00774308, 0.808401

81
0.0174878, -0.00245129, 0.0259544
0.0220976, 0.999735, 0.00651314
-0.97186, 0.0230088, -0.234431
-0.234518, -0.0011495, 0.972111

82
-0.0432182, -0.0117746, 0.0234057
-0.0691898, -0.188179, 0.979695
0.900823, 0.41017, 0.142405
-0.428639, 0.892384, 0.141136

83
-0.0228817, -0.0089064, 0.020556
-0.0115719, -0.999807, -0.0158732
0.924128, -0.0167562, 0.381716
-0.381908, -0.0102517, 0.924143

84
0.0345836, -0.00950441, 0.0240542
0.213204, 0.976985, 0.00669467
-0.913159, 0.196829, 0.356929
0.347396, -0.0822118, 0.934108

85
0.0105731, -0.00112761, 0.0137727
-0.0280073, 0.999398, 0.0204618
-0.608821, -0.000819359, -0.793307
-0.792813, -0.034676, 0.608477

86
-0.00719888, -0.0751602, 0.0040741
-0.159481, 0.212907, -0.963969
0.594327, -0.758975, -0.265957
-0.788252, -0.615328, -0.00549458

87
-0.00701647, -0.00596524, 0.0173453
-0.239495, -0.121861, 0.963219
0.656392, -0.751335, 0.0681507
0.715396, 0.648571, 0.25993

88
0.0197727, 0.000565217, -0.0563165
-0.0280073, 0.999398, 0.0204618
0.792813, 0.034676, -0.608477
-0.608821, -0.000819359, -0.793307

89
-0.0137645, 0.0569226, 0.00751062
0.21125, -0.15411, -0.965207
-0.614095, 0.747335, -0.253727
0.760434, 0.646329, 0.0632358

90
0.00808077, -0.0143536, 0.0273486
0.812615, 0.582798, 0.00169233
-0.582794, 0.812617, -0.00220316
-0.00265921, 0.000804044, 0.999996

91
0.0447781, 0.0277398, 0.0448754
-0.584234, 0.799972, 0.136803
-0.808448, -0.588454, -0.0115196
0.0712868, -0.117328, 0.990531

92
-0.0239685, -0.0132556, -0.0276782
-0.460306, 0.88772, 0.00844308
0.0853917, 0.0537403, -0.994897
-0.883644, -0.457236, -0.100541

93
-0.0249051, 0.0230632, 0.0419903
-0.738357, -0.674366, -0.00772552
0.631161, -0.686925, -0.360236
0.237624, -0.270859, 0.932829

94
-0.0117807, -0.00144609, 0.0262258
-0.197839, 0.0154568, 0.980113
0.0155241, -0.999701, 0.0188993
0.980112, 0.0189544, 0.19754

95
0.00213415, 0.0145107, 0.0243368
-0.960168, 0.279387, 0.00459387
-0.27942, -0.959929, -0.0214809
-0.00159169, -0.0219089, 0.999759

96
-0.0197975, -0.00805561, 0.0209451
0.366747, -0.930293, -0.00717226
0.866054, 0.344218, -0.362581
0.339776, 0.126764, 0.931925

97
-0.00458065, -0.00803626, 0.0147996
-0.954506, 0.294134, 0.0490215
-0.0905421, -0.442516, 0.892178
0.284113, 0.847151, 0.449016

98
-0.0379438, 0.0426475, 0.0167824
0.784173, 0.620537, 0.00264448
-0.488128, 0.619467, -0.61481
-0.38315, 0.480826, 0.788671

99
0.00520781, -0.0162136, 0.0212457
0.919808, 0.392253, -0.00948897
-0.348582, 0.805824, -0.478683
-0.180118, 0.443605, 0.877936

100
0.00293824, -0.00813888, 0.0147227
-0.810988, -0.579076, 0.0834811
0.3544, -0.372696, 0.857612
-0.46551, 0.725099, 0.507477

101
-0.00137196, -0.00028543, -0.0212379
-0.879675, -0.47513, -0.0205796
-0.0829479, 0.195895, -0.97711
0.468286, -0.857832, -0.211735

102
-0.0134085, -0.00521844, 0.00546034
-0.279741, 0.960028, 0.00953331
-0.542011, -0.149724, -0.826926
-0.792445, -0.236493, 0.56223

103
0.0251666, 0.0525152, 0.0243198
0.0420053, -0.175727, -0.983542
-0.0109547, 0.984271, -0.176325
0.999057, 0.018181, 0.0394195

104
-0.049385, 0.0375375, 0.0295917
-0.0140587, -0.176147, -0.984263
0.410006, -0.898816, 0.154999
-0.911975, -0.401374, 0.0848576

105
-0.00620277, 0.00361628, 0.0161454
0.0326739, -0.334329, -0.94189
0.833422, 0.529281, -0.15896
0.55167, -0.779798, 0.295931

106
-0.000212569, -0.0129504, -0.023616
-0.991318, -0.131484, -0.000734191
-0.00180945, 0.019225, -0.999814
0.131474, -0.991132, -0.019296

107
-0.0155521, -0.014332, 0.0213045
0.698305, -0.715798, 0.00193094
0.672681, 0.655315, -0.343601
0.244683, 0.241237, 0.939114

108
-0.00542715, -0.00620228, 0.0153068
-0.830327, 0.557165, -0.0111542
-0.230918, -0.325776, 0.916813
0.507182, 0.763831, 0.39916

109
0.0510137, -0.0231214, 0.0293684
0.381698, 0.504986, -0.774142
-0.689095, 0.713673, 0.125776
0.615999, 0.485449, 0.62039

110
0.0461866, 0.0589492, 0.0243947
-0.0140587, -0.176147, -0.984263
-0.0297982, 0.983997, -0.175674
0.999457, 0.0268595, -0.0190826

111
0.0168813, 0.00365543, -0.0347408
0.243954, -0.969767, -0.00619057
-0.177787, -0.038447, -0.983318
0.953351, 0.240985, -0.181792

112
0.0221594, -0.0564142, 0.0139588
-0.213385, 0.0797395, -0.973709
0.754133, -0.620165, -0.216053
-0.621088, -0.780409, 0.0721999

113
-0.00168546, -0.00753168, 0.0237449
-0.0108589, -0.207647, 0.978144
0.999058, -0.0433556, 0.00188723
0.0420161, 0.977243, 0.207922

114
-0.00739443, -0.0197277, 0.0301617
-0.954506, 0.294134, 0.0490215
-0.192375, -0.733022, 0.652434
0.227837, 0.613322, 0.756258

115
-0.000145893, 0.00966415, 0.0176919
-0.983276, 0.178951, 0.0338311
-0.147233, -0.671748, -0.726001
-0.107192, -0.718841, 0.686861

116
0.00772539, 0.00547363, -0.0237992
0.63769, -0.77019, 0.0126441
-0.00962505, -0.0243804, -0.999656
0.770233, 0.637349, -0.0229602

117
0.00401248, 0.0619775, 0.0256059
-0.996076, 0.0882127, 0.00720156
-0.0726777, -0.861661, 0.502253
0.0505104, 0.499759, 0.864691

118
0.0153065, 0.00192409, 0.0205412
0.0843227, -0.996418, -0.00642466
0.920368, 0.0803545, -0.382709
0.381855, 0.026358, 0.923846

119
0.00693414, 0.000407804, 0.0216275
0.224269, 0.0396877, 0.973719
-0.304931, 0.951855, 0.0314358
-0.925592, -0.303968, 0.225574

120
-0.00454714, -0.0240566, 0.0285259
-0.989115, 0.143312, 0.033375
-0.10331, -0.837856, 0.536026
0.104783, 0.526744, 0.843541

121
0.0278256, 0.0493311, 0.0128278
-0.245168, -0.0213901, -0.969245
-0.825875, -0.519012, 0.220357
-0.507763, 0.854499, 0.10958

122
-0.026552, -0.0584927, 0.0267044
-0.0932108, 0.176736, -0.979835
0.0257345, -0.983363, -0.179821
-0.995314, -0.0419768, 0.0871118

123
-0.0138719, -0.0187007, 0.0296398
-0.844894, 0.53421, -0.0278172
-0.414387, -0.620727, 0.665568
0.338287, 0.573861, 0.745819

124
-0.00433198, -0.00200675, 0.0162937
0.243954, -0.969767, -0.00619057
0.812745, 0.207928, -0.544253
0.529086, 0.127741, 0.838898

125
0.0145725, -0.019115, 0.0265677
-0.206747, -0.0534161, -0.976935
0.513476, -0.855871, -0.0618696
-0.832825, -0.514424, 0.204377

126
-0.000641591, -0.000987971, 0.00954505
-0.500641, 0.86551, 0.0158476
-0.563534, -0.311961, -0.764925
-0.657106, -0.391883, 0.643924

127
0.0136339, 0.0531291, 0.0336495
-0.961506, 0.274721, 0.00587506
-0.269469, -0.946879, 0.175515
0.0537807, 0.167176, 0.984459

128
-0.0711585, 0.0172667, 0.00485215
-0.260784, -0.965359, -0.00862539
0.529172, -0.150413, 0.835076
-0.807446, 0.21321, 0.550066

129
0.0352165, -0.0447706, 0.0213626
0.768935, 0.639309, 0.00482313
-0.564541, 0.675427, 0.474439
0.300056, -0.367536, 0.880275

130
-0.000177064, 0.0153651, 0.017095
-0.996076, 0.0882127, 0.00720156
-0.0744781, -0.79146, -0.606666
-0.0478159, -0.604822, 0.794924

131
0.0485099, 0.0321239, 0.0154348
-0.213385, 0.0797395, -0.973709
-0.972428, -0.11331, 0.203826
-0.0940776, 0.990355, 0.10172

132
0.0152686, 0.052135, -0.000331781
0.0326739, -0.334329, -0.94189
-0.19074, 0.922987, -0.334236
0.981097, 0.190577, -0.0336123

133
-0.00657708, -0.00432485, 0.017569
-0.235633, -0.124785, 0.963798
0.57405, -0.818097, 0.0344254
0.784184, 0.561379, 0.264404

134
-0.0212741, 0.0010586, 0.0248134
-0.133295, -0.99103, -0.00962898
0.941266, -0.123549, -0.314251
0.310243, -0.0509517, 0.949291

135
-0.00447867, 0.00578017, -0.00853544
0.919808, 0.392253, -0.00948897
-0.119122, 0.256128, -0.959275
-0.373848, 0.88348, 0.282315

136
-0.0419451, 0.0477665, 0.00211458
0.784173, 0.620537, 0.00264448
-0.0742302, 0.098034, -0.992411
-0.616087, 0.778025, 0.122938

137
0.00823278, -0.0106477, 0.0165778
0.713362, 0.700766, -0.00646406
-0.510961, 0.513787, -0.68916
-0.479619, 0.494923, 0.72458

138
0.0269064, 0.0490176, 0.0223814
-0.203733, -0.056486, -0.977396
-0.825629, -0.52661, 0.202532
-0.526146, 0.848228, 0.0606513

139
-0.0344849, -0.0672325, 0.0039573
-0.302742, -0.0588517, 0.951254
-0.888039, -0.344954, -0.303965
0.346027, -0.936773, 0.0521693

140
0.016714, 0.0126654, 0.0330988
-0.0140587, -0.176147, -0.984263
0.911975, 0.401374, -0.0848576
0.410006, -0.898816, 0.154999

141
-0.0316159, 0.00527157, -0.0240366
0.213204, 0.976985, 0.00669467
0.0284985, 0.000630484, -0.999594
-0.976592, 0.213308, -0.0277081

142
0.0462104, -0.00897169, -0.0257009
-0.0115719, -0.999807, -0.0158732
-0.000811244, 0.0158836, -0.999874
0.999933, -0.0115576, -0.000994891

143
0.028028, -0.0545215, 0.0202265
-0.0691898, -0.188179, 0.979695
0.051281, -0.981421, -0.184889
0.996285, 0.0374472, 0.0775543

144
-0.00490857, 0.040163, 0.0121248
0.21125, -0.15411, -0.965207
-0.276344, 0.937787, -0.210214
0.937554, 0.311137, 0.155519

145
-0.0413149, -0.048199, 0.0271188
-0.190591, 0.0211836, 0.981441
-0.901122, -0.400383, -0.166351
0.389428, -0.916103, 0.0953984

146
0.0188599, -0.0139495, 0.027608
-0.498662, -0.86561, -0.0453499
0.703, -0.434483, 0.563041
-0.507077, 0.248886, 0.825184

147
-0.0193167, -0.0109104, 0.0225818
0.498488, -0.866895, -0.00201105
0.835997, 0.481332, -0.263495
0.22939, 0.129668, 0.964659

148
0.000365978, 0.0014901, -0.0334551
0.817812, -0.575446, 0.00668311
-0.11901, -0.180474, -0.976353
0.563045, 0.797678, -0.216078

149
0.0461937, -0.00997957, -0.0226882
0.0282691, -0.999467, -0.0163279
-0.00120279, 0.0163005, -0.999866
0.9996, 0.028285, -0.000741345

150
0.0256805, -0.0578569, 0.0334964
-0.622688, -0.476668, -0.620521
0.762479, -0.547755, -0.34437
-0.175744, -0.687569, 0.70453

151
-0.0117759, -0.0153429, 0.0313301
-0.830327, 0.557165, -0.0111542
-0.407431, -0.593283, 0.694273
0.380207, 0.581018, 0.719625

152
0.00783748, 0.0575578, 0.0235886
0.210343, 0.0404244, 0.976792
0.579276, 0.799704, -0.157837
-0.787525, 0.599031, 0.144795

153
0.0153926, 0.0189301, -0.026169
0.728019, -0.685537, -0.00526518
-0.0520577, -0.0476225, -0.997508
0.683577, 0.726479, -0.0703576

154
-0.00335434, 0.018409, 0.0239614
-0.998859, -0.0476732, 0.00274116
0.0469641, -0.991143, -0.124214
0.00863856, -0.123944, 0.992252

155
-0.0183216, 0.00212546, 0.0117102
0.213204, 0.976985, 0.00669467
-0.670403, 0.151277, -0.726412
-0.710706, 0.150386, 0.687227

156
0.0116247, -0.0203714, 0.0256276
-0.0691898, -0.188179, 0.979695
0.740741, -0.66749, -0.0758972
0.668218, 0.720448, 0.185575

157
0.0315954, -0.00936401, 0.00966452
-0.0115719, -0.999807, -0.0158732
0.706486, 0.00305898, -0.707721
0.707633, -0.0194038, 0.706314

158
-0.000894623, 0.00643277, 0.0147499
-0.930878, 0.285557, 0.227866
-0.316671, -0.31969, -0.893038
-0.182167, -0.903468, 0.388021

159
0.000439753, 0.00446124, 0.0152776
-0.891616, 0.434497, 0.127412
-0.304097, -0.366128, -0.879474
-0.33548, -0.822899, 0.458575

160
0.0119323, -0.0197243, 0.0294754
-0.203733, -0.056486, -0.977396
0.526146, -0.848228, -0.0606513
-0.825629, -0.52661, 0.202532

161
-0.0175325, -0.0546258, 0.0421536
-0.954506, 0.294134, 0.0490215
-0.297135, -0.952009, -0.0734146
0.0250752, -0.0846407, 0.996096

162
0.0545312, 0.016388, 0.00807515
-0.236163, 0.123573, -0.963824
-0.949551, 0.181284, 0.255909
0.206349, 0.975636, 0.0745264

163
-0.0431935, 0.0427553, 0.0143859
0.0308709, 0.20701, 0.977852
-0.248482, 0.949194, -0.193098
-0.968144, -0.237018, 0.0807408

164
0.010923, 0.0174497, 0.0299766
0.0420053, -0.175727, -0.983542
0.698694, 0.708841, -0.0968069
0.714186, -0.683129, 0.152555

165
-0.0052972, 0.0053513, 0.0164089
-0.879675, -0.47513, -0.0205796
0.272475, -0.46806, -0.840641
0.389781, -0.745098, 0.541202

166
0.0173596, 0.00353847, 0.0264629
-0.279741, 0.960028, 0.00953331
-0.943603, -0.273097, -0.187168
-0.177083, -0.0613543, 0.982282

167
-0.00393498, -0.000191172, -0.0215505
-0.998701, -0.00818813, 0.0502856
-0.050861, 0.217853, -0.974655
-0.00297428, -0.975947, -0.217987

168
-0.0295869, 0.0524894, 0.0147207
0.0892008, 0.188589, 0.977997
0.000785665, 0.981897, -0.189413
-0.996013, 0.0176642, 0.0874378

169
-0.0131704, 0.0154369, 0.026179
0.846684, 0.532089, 0.00254001
-0.520106, 0.82659, 0.215032
0.112316, -0.183385, 0.976604

170
-0.00241336, 0.00352318, 0.0189102
0.0671749, -0.223505, -0.972385
0.986784, 0.158919, 0.0316417
0.147458, -0.96166, 0.231227

171
-0.00444458, -0.00111148, 0.0151874
-0.133295, -0.99103, -0.00962898
0.750892, -0.0946458, -0.653608
0.646834, -0.0943533, 0.756772

172
0.00556753, 0.0708114, 0.0184976
-0.994716, 0.10206, 0.0111169
-0.0777219, -0.819372, 0.567969
0.0670759, 0.564104, 0.822975

173
-0.00533509, 0.00731842, -0.0279649
0.919808, 0.392253, -0.00948897
0.033011, -0.101462, -0.994292
-0.390976, 0.914245, -0.106274

174
0.0114911, -0.0180299, 0.0292009
-0.810988, -0.579076, 0.0834811
0.505566, -0.62181, 0.598127
-0.294452, 0.527279, 0.797041

175
0.0193564, 0.0490868, 0.0440263
-0.930878, 0.285557, 0.227866
-0.289485, -0.957036, 0.0167334
0.222854, -0.050387, 0.973549

176
-0.00372613, -0.0122088, 0.0273422
0.0282691, -0.999467, -0.0163279
0.9996, 0.028285, -0.000741345
0.00120279, -0.0163005, 0.999866

177
0.0415593, 0.0292648, 0.0371936
-0.589426, 0.807699, 0.0140995
-0.804394, -0.588442, 0.081774
0.0743455, 0.0368582, 0.996551

178
-0.0239862, 0.00420269, 0.0245655
-0.166202, -0.1081, 0.980149
0.911592, -0.395851, 0.110919
0.376002, 0.91193, 0.164334

179
0.0116035, -0.00281342, 0.0243456
-0.072019, -0.997373, -0.00780911
0.997373, -0.0719534, -0.00837847
0.00779456, -0.008392, 0.999934

180
0.00740218, 0.00493434, -0.0266645
0.566739, -0.823888, 0.00382393
-0.0145307, -0.0146357, -0.999787
0.823769, 0.566563, -0.0202663

181
0.0188371, -0.000515915, 0.0255751
0.0665302, 0.182385, 0.980974
-0.997404, 0.0392845, 0.0603407
-0.0275318, -0.982442, 0.184525

182
0.0129682, 0.0114014, 0.0262936
-0.679878, 0.733289, 0.00729672
-0.718865, -0.664472, -0.204229
-0.144911, -0.144096, 0.978896

183
-0.00186766, 0.0084979, 0.0256873
0.0175613, 0.186411, 0.982315
-0.999612, 0.0245253, 0.0132164
-0.0216278, -0.982166, 0.186769

184
0.00236619, 0.0122481, 0.0273473
-0.953958, 0.299896, 0.0050566
-0.299923, -0.953945, -0.00591715
0.00304919, -0.0071613, 0.99997

185
-2.15028e-05, -0.00145349, 0.019143
-0.279741, 0.960028, 0.00953331
-0.804009, -0.228829, -0.548824
-0.524705, -0.161194, 0.835884

186
-0.00156713, -0.00076879, -0.00173585
-0.879675, -0.47513, -0.0205796
0.102572, -0.147295, -0.98376
0.464383, -0.8675, 0.178306

187
0.0215738, 0.0336128, 0.0275436
0.0420053, -0.175727, -0.983542
0.372202, 0.916305, -0.147818
0.927201, -0.359867, 0.103896

188
-0.0429183, -0.0410337, 0.0196996
0.698305, -0.715798, 0.00193094
0.648675, 0.633958, 0.421091
-0.30264, -0.292797, 0.907016

189
-0.00207399, 0.000884677, 0.0120154
-0.991318, -0.131484, -0.000734191
0.0916867, -0.687242, -0.720619
0.0942456, -0.71443, 0.693331

190
-0.0150748, 0.0137045, 0.0269694
0.784173, 0.620537, 0.00264448
-0.616087, 0.778025, 0.122938
0.0742302, -0.098034, 0.992411

191
0.0126929, -0.0335306, 0.0309589
0.919808, 0.392253, -0.00948897
-0.373848, 0.88348, 0.282315
0.119122, -0.256128, 0.959275

192
-0.0209121, 0.0127053, 0.0252293
0.0175613, 0.186411, 0.982315
-0.915244, 0.398517, -0.059263
-0.402516, -0.898017, 0.17761

193
-0.000235161, -0.000764328, 0.0186602
-0.679878, 0.733289, 0.00729672
-0.60869, -0.558749, -0.563291
-0.408978, -0.38741, 0.826227

194
0.0138439, 0.000748626, -0.0558174
-0.240865, 0.970436, -0.0154304
0.704674, 0.163926, -0.690335
-0.667397, -0.177151, -0.723325

195
-0.00806907, 0.00259443, -0.0309759
0.340881, 0.939832, 0.0227255
0.164199, -0.035719, -0.98578
-0.925656, 0.339765, -0.166495

196
-0.0157295, -0.0146174, -0.0328626
-0.679878, 0.733289, 0.00729672
0.144911, 0.144096, -0.978896
-0.718865, -0.664472, -0.204229

197
-0.0507669, 0.0588324, 0.0170097
0.0175613, 0.186411, 0.982315
0.0216278, 0.982166, -0.186769
-0.999612, 0.0245253, 0.0132164

198
0.0234514, -0.0327417, 0.00654926
0.0363037, -0.318079, 0.947369
0.424387, -0.853359, -0.302778
0.904753, 0.413043, 0.104008

199
0.044923, -0.0418411, 0.0213872
-0.206747, -0.0534161, -0.976935
0.951979, -0.241439, -0.188265
-0.225814, -0.968945, 0.100768

200
-0.0109424, -0.00627847, -0.0269292
-0.500641, 0.86551, 0.0158476
0.0661661, 0.0565133, -0.996207
-0.863123, -0.497693, -0.0855603

201
-0.0215336, 0.0116375, 0.033829
-0.0140587, -0.176147, -0.984263
0.934781, -0.351745, 0.0495975
-0.354946, -0.919374, 0.169604

202
-0.0106367, -0.0652211, 0.0248122
-0.989115, 0.143312, 0.033375
-0.136341, -0.807281, -0.574202
-0.0553471, -0.572502, 0.818033

203
0.0126308, -0.00307594, -0.0190038
-0.133295, -0.99103, -0.00962898
0.0735801, -0.000206869, -0.997289
0.988341, -0.133643, 0.0729476

204
-0.00419371, -0.00219406, 0.0138685
0.498488, -0.866895, -0.00201105
0.684576, 0.395071, -0.612597
0.531851, 0.303995, 0.790393

205
-0.00833256, -0.00395477, 0.0237538
-0.191012, -0.0836092, 0.97802
0.456316, -0.889722, 0.01306
0.869074, 0.448781, 0.2081

206
-0.0458254, 0.0526705, 0.0020168
0.784173, 0.620537, 0.00264448
-0.304346, 0.388309, -0.869822
-0.540783, 0.681286, 0.493359

207
-0.000776491, -0.00248317, 0.008745
0.919808, 0.392253, -0.00948897
-0.25312, 0.574724, -0.778217
-0.299804, 0.718213, 0.627923

208
-0.0173852, 0.0134653, 0.014392
-0.302742, -0.0588517, 0.951254
0.659525, -0.733457, 0.16452
0.688022, 0.677183, 0.260862

209
-0.0062112, -0.0110065, 0.0290934
-0.0618337, -0.185257, 0.980743
0.926371, -0.376398, -0.0126941
0.371501, 0.907747, 0.194891

210
0.0109722, 0.0133866, 0.026272
0.77776, -0.628529, -0.00637356
0.616041, 0.760215, 0.206318
-0.124831, -0.164392, 0.978464

211
0.0162227, 0.00445797, 0.0253564
-0.32641, 0.945139, 0.0130265
-0.908818, -0.310019, -0.279175
-0.259821, -0.102964, 0.960152

212
-0.0265286, 0.0527802, 0.0192257
0.0718277, 0.179784, 0.98108
0.071557, 0.980157, -0.184854
-0.994847, 0.0834808, 0.0575376

213
-0.0281546, -0.0406038, 0.0428163
-0.844894, 0.53421, -0.0278172
-0.532221, -0.844702, -0.0567457
-0.0538114, -0.0331392, 0.998001

214
0.0103142, -0.00700464, 0.0173076
0.425771, 0.904387, 0.0283325
-0.660913, 0.332229, -0.672917
-0.617991, 0.267784, 0.739175

215
-0.00607009, 0.00274341, 0.0155931
-0.738357, -0.674366, -0.00772552
0.278272, -0.294203, -0.914335
0.614324, -0.677256, 0.404884

216
-0.0193793, -0.00124338, -0.0343727
0.0220976, 0.999735, 0.00651314
0.234518, 0.0011495, -0.972111
-0.97186, 0.0230088, -0.234431

217
-0.0177396, -0.00668494, -0.0171757
-0.32641, 0.945139, 0.0130265
-0.107747, -0.0235124, -0.9939
-0.939067, -0.325823, 0.10951

218
-0.00326148, -0.00313424, 0.009253
0.903097, -0.429409, -0.00480873
0.296661, 0.63193, -0.716
0.310496, 0.645191, 0.698083

219
-0.0373442, 0.0540021, 0.00548217
0.846684, 0.532089, 0.00254001
-0.112316, 0.183385, -0.976604
-0.520106, 0.82659, 0.215032

220
-0.0499616, -0.00816384, -0.00647346
-0.0115719, -0.999807, -0.0158732
0.383407, -0.0190974, 0.923382
-0.923507, 0.0045994, 0.383554

221
-0.0253336, 0.0692191, 0.0156055
0.0665302, 0.182385, 0.980974
0.407126, 0.892625, -0.193571
-0.910946, 0.412258, -0.0148673

222
-0.00210506, 0.0138445, 0.010689
0.999308, 0.0371318, -0.00194509
-0.0262082, 0.666291, -0.745231
-0.0263758, 0.744767, 0.666803

223
0.0130815, 0.011984, 0.0296369
-0.542366, 0.803945, -0.243952
-0.48973, -0.538466, -0.685725
-0.682645, -0.252443, 0.685761

224
-0.0172996, -0.00874849, 0.0187592
0.419254, -0.907865, -0.00272882
0.751264, 0.34862, -0.560416
0.509734, 0.232907, 0.828207

225
-0.00841641, -0.00665609, 0.0261575
-0.170783, -0.101794, 0.980036
0.642052, -0.765979, 0.0323244
0.747397, 0.634755, 0.196173

226
0.0017552, -0.000359624, -0.051309
0.254022, 0.966936, 0.0225426
0.55918, -0.127804, -0.819136
-0.789171, 0.220684, -0.573156

227
-0.00426393, -0.0594434, 0.0109982
-0.235633, -0.124785, 0.963798
-0.504812, -0.831719, -0.231103
0.830447, -0.540992, 0.132988

228
-0.0160902, -0.0211392, 0.0318051
0.817812, -0.575446, 0.00668311
0.565729, 0.806023, 0.174004
-0.105517, -0.138522, 0.984722

229
0.00796937, 0.00849368, -0.0235543
0.698305, -0.715798, 0.00193094
0.0313659, 0.0279042, -0.999118
0.715113, 0.69775, 0.0419373

230
0.0392353, 0.00591046, 0.0174255
0.0892008, 0.188589, 0.977997
-0.920497, -0.359436, 0.153267
0.380432, -0.913914, 0.141534

231
-0.00162052, 0.0563556, 0.0336236
-0.998701, -0.00818813, 0.0502856
0.0167158, -0.985026, 0.171591
0.0481277, 0.172209, 0.983884

232
0.0222854, -0.0319345, 0.037612
-0.810988, -0.579076, 0.0834811
0.579764, -0.776258, 0.247583
-0.0785667, 0.249186, 0.965263

233
0.0419668, -0.0419548, 0.0112654
-0.245168, -0.0213901, -0.969245
0.943025, -0.237225, -0.2333
-0.224939, -0.971219, 0.0783313

234
-0.00014258, 0.00397496, 0.0260274
0.0665302, 0.182385, 0.980974
-0.910946, 0.412258, -0.0148673
-0.407126, -0.892625, 0.193571

235
-0.00451947, -0.00195176, 0.0104604
0.366747, -0.930293, -0.00717226
0.670103, 0.269505, -0.691613
0.645336, 0.248841, 0.722232

236
-0.0587021, -0.021877, 0.0133452
0.0363037, -0.318079, 0.947369
0.673477, 0.708168, 0.211959
-0.738316, 0.630336, 0.239928

237
0.013787, 0.0170764, -0.00681478
0.728019, -0.685537, -0.00526518
0.213499, 0.234014, -0.948502
0.651465, 0.689403, 0.316728

238
-0.0336145, -0.0163055, 0.0263301
0.419254, -0.907865, -0.00272882
0.889144, 0.411212, -0.200816
0.183436, 0.0817666, 0.979625

239
-0.0015032, -0.00173899, 0.0224105
0.999308, 0.0371318, -0.00194509
-0.0343068, 0.900582, -0.433329
-0.0143386, 0.433097, 0.901233

240
0.0250502, 0.0232479, 0.0401477
-0.542366, 0.803945, -0.243952
-0.713689, -0.594083, -0.371098
-0.44327, -0.0271652, 0.895977

241
-0.0222714, -0.0771487, 0.0229322
-0.0932108, 0.176736, -0.979835
0.404666, -0.892445, -0.199469
-0.909702, -0.415098, 0.0116664

242
0.0426254, -0.0420017, 0.0243651
-0.203733, -0.056486, -0.977396
0.955849, -0.227419, -0.186099
-0.211766, -0.972157, 0.100325

243
-0.000622725, 0.0124109, 0.0303482
-0.993147, 0.116811, 0.00370464
-0.116824, -0.993147, -0.00349593
0.00327089, -0.00390477, 0.999987

244
-0.0201677, -0.00135294, -0.0148799
0.0220976, 0.999735, 0.00651314
-0.155248, 0.00986709, -0.987826
-0.987628, 0.0208175, 0.155425

245
0.00247812, 0.00112897, 0.0151945
-0.589426, 0.807699, 0.0140995
-0.376514, -0.259239, -0.8894
-0.714712, -0.529544, 0.456913

246
-0.00464328, -0.00100175, 0.0204479
0.24218, 0.970209, 0.00662864
-0.893932, 0.225785, -0.387178
-0.37714, 0.0878413, 0.921981

247
-0.0170838, -0.0732986, 0.0060701
-0.235633, -0.124785, 0.963798
-0.784184, -0.561379, -0.264404
0.57405, -0.818097, 0.0344254

248
0.0683373, -0.014158, 0.0189552
0.179363, 0.983593, 0.0193408
-0.820704, 0.138761, 0.554248
0.542471, -0.115285, 0.832127

249
-0.0255548, -0.0370513, 0.0299387
-0.190591, 0.0211836, 0.981441
-0.6835, -0.720483, -0.117181
0.704629, -0.693149, 0.151797

250
0.0313392, -0.0288721, 0.0259202
0.207342, 0.042425, 0.977348
-0.874992, 0.454832, 0.165884
-0.437491, -0.889566, 0.131427

251
-0.00671507, -0.0148566, 0.0273466
-0.951087, 0.308894, 0.00421335
-0.308919, -0.951052, -0.00836261
0.00142396, -0.00925515, 0.999956

252
0.00738858, -0.0170862, -0.0138978
0.846684, 0.532089, 0.00254001
-0.0952692, 0.146897, 0.984553
0.523497, -0.833848, 0.175067

253
-0.0191141, -0.0574104, 0.0280652
-0.954506, 0.294134, 0.0490215
-0.284113, -0.847151, -0.449016
-0.0905421, -0.442516, 0.892178

254
-0.0263871, 0.0316227, 0.0226669
0.0665302, 0.182385, 0.980974
-0.356254, 0.922692, -0.147388
-0.932018, -0.33967, 0.126362

255
0.00972152, 0.00393249, -0.0245686
0.366747, -0.930293, -0.00717226
0.0175128, 0.0146117, -0.99974
0.930156, 0.366526, 0.0216508

256
-0.0375008, 0.00231169, 0.0266406
-0.108226, -0.994095, -0.00791506
0.980218, -0.105381, -0.167533
0.16571, -0.02589, 0.985835

257
-0.0122516, -0.000702087, 0.0318867
-0.19136, 0.0100624, 0.981468
-0.145376, -0.989209, -0.0182026
0.970694, -0.146165, 0.190757

258
-0.0133211, 0.0170871, 0.02984
-0.856734, -0.515416, -0.0187742
0.426978, -0.688372, -0.586374
0.289303, -0.510383, 0.809823

259
-0.0342478, 0.0485017, 0.0163191
-0.367504, -0.20859, 0.906328
0.834391, -0.504376, 0.222253
0.41077, 0.837911, 0.359406

260
0.0527921, 0.0222551, 0.0084564
-0.257063, 0.224754, -0.939896
-0.959933, 0.0528966, 0.275192
0.111568, 0.972979, 0.202151

261
-0.0572992, 0.0161388, 0.00781773
-0.235633, -0.124785, 0.963798
0.944171, 0.205575, 0.257451
-0.230259, 0.970653, 0.069378

262
0.00467286, 0.0584089, -0.000355753
-0.993147, 0.116811, 0.00370464
-0.0416845, -0.383668, 0.92253
0.109183, 0.916053, 0.385908

263
0.00933046, -0.0589236, 0.000931219
-0.257063, 0.224754, -0.939896
0.599885, -0.725403, -0.337533
-0.757666, -0.650596, 0.0516477

264
0.0306577, -0.00415824, 0.0203795
-0.072019, -0.997373, -0.00780911
0.918469, -0.0632648, -0.390399
0.388879, -0.0352886, 0.920613

265
-0.00797468, -0.00684241, 0.0260624
-0.166202, -0.1081, 0.980149
0.698311, -0.714699, 0.0395879
0.696232, 0.691028, 0.194272

266
-0.000638642, -0.00162513, 0.0213833
-0.460306, 0.88772, 0.00844308
-0.783702, -0.401866, -0.473618
-0.417047, -0.224626, 0.88069

267
0.000872658, 0.00492615, 0.0259889
0.0718277, 0.179784, 0.98108
-0.891735, 0.452216, -0.0175827
-0.446821, -0.873601, 0.192801

268
-0.000943668, -0.00040621, -0.0353589
-0.927759, 0.373069, -0.00911683
0.109181, 0.294713, 0.949328
0.356852, 0.879752, -0.314154

269
-0.0349437, -0.0521021, 0.0282034
-0.844894, 0.53421, -0.0278172
-0.471115, -0.767721, -0.434345
-0.253387, -0.35387, 0.900317

270
0.0550562, -0.0346784, 0.0252565
-0.498662, -0.86561, -0.0453499
0.737505, -0.39621, -0.546904
0.455438, -0.306166, 0.835966

271
-0.00866863, -0.0311673, 0.0263204
-0.973458, 0.22871, -0.00846083
-0.213537, -0.894331, 0.393159
0.0823528, 0.384531, 0.919431

272
-0.0217915, 0.00373761, 0.0264494
-0.260784, -0.965359, -0.00862539
0.948488, -0.254541, -0.188625
0.179895, -0.0573715, 0.982011

273
-0.000205071, 0.00506483, 0.0162934
-0.961506, 0.274721, 0.00587506
-0.152808, -0.516805, -0.842355
-0.228376, -0.810827, 0.538891

274
0.000990463, 0.00235479, 0.0190724
0.129395, 0.197368, 0.971752
-0.77026, 0.637165, -0.0268461
-0.624465, -0.745028, 0.234471

275
-0.00691471, -0.0139465, 0.018191
-0.927759, 0.373069, -0.00911683
-0.287907, -0.700003, 0.653533
0.237431, 0.608946, 0.756843

276
-0.0128858, -0.0231108, 0.0317863
-0.0932108, 0.176736, -0.979835
-0.685596, -0.725025, -0.0655552
-0.72199, 0.66566, 0.18875

277
-0.0604707, -0.0216375, 0.0236643
-0.0618337, -0.185257, 0.980743
0.697729, 0.694607, 0.175198
-0.713688, 0.695126, 0.0863094

278
-0.0136322, -0.0166567, -0.0134597
0.77776, -0.628529, -0.00637356
0.12042, 0.139043, 0.982938
-0.616919, -0.765257, 0.183829

279
0.0252059, -0.0689613, -0.00567873
0.0363037, -0.318079, 0.947369
-0.33967, -0.895481, -0.287641
0.939844, -0.31135, -0.140551

280
0.0166381, -0.00612088, -0.0320824
-0.260784, -0.965359, -0.00862539
-0.179895, 0.0573715, -0.982011
0.948488, -0.254541, -0.188625

281
0.00357332, 0.0197659, -0.0527689
-0.961506, 0.274721, 0.00587506
0.228376, 0.810827, -0.538891
-0.152808, -0.516805, -0.842355

282
-0.00629925, 0.0714644, 0.00600653
0.129395, 0.197368, 0.971752
0.624465, 0.745028, -0.234471
-0.77026, 0.637165, -0.0268461

283
0.00651826, -0.0422307, 0.024617
-0.166202, -0.1081, 0.980149
0.00147019, -0.993999, -0.109378
0.986091, -0.0167379, 0.165364

284
0.0211654, 0.0536378, 0.0244969
0.207342, 0.042425, 0.977348
0.739034, 0.647795, -0.184904
-0.640966, 0.760632, 0.102962

285
0.0669692, -0.0191426, 0.0194987
0.254022, 0.966936, 0.0225426
-0.818618, 0.202528, 0.537445
0.51511, -0.154977, 0.842997

286
0.0574355, -0.0058782, -0.00690529
-0.072019, -0.997373, -0.00780911
0.374477, -0.0197822, -0.927025
0.924435, -0.0696877, 0.374918

287
0.0403932, 0.0347186, 0.0438382
-0.542366, 0.803945, -0.243952
-0.828994, -0.559257, 2.56669e-05
-0.136411, 0.202248, 0.969787

288
-0.000792193, -0.0206193, 0.0272718
0.999308, 0.0371318, -0.00194509
-0.0371825, 0.997768, -0.0554571
-0.000118473, 0.0554911, 0.998459

289
-0.0245759, -0.0121489, 0.0321248
0.419254, -0.907865, -0.00272882
0.89166, 0.411201, 0.189356
-0.170788, -0.0818215, 0.981905

290
-0.0554703, 0.0319873, 0.0251147
-0.172778, -0.0958602, 0.980285
0.979206, -0.124147, 0.160448
0.106319, 0.987623, 0.115317

291
-0.0491328, -0.0356923, 0.0172401
-0.0108589, -0.207647, 0.978144
0.421141, 0.886263, 0.192817
-0.90693, 0.41403, 0.0778246

292
-0.0562363, 0.023293, 0.0167274
-0.191012, -0.0836092, 0.97802
0.977544, 0.0741377, 0.197257
-0.0890007, 0.993737, 0.0675705

293
-0.000638642, -0.00162513, 0.0213833
-0.460306, 0.88772, 0.00844308
-0.783702, -0.401866, -0.473618
-0.417047, -0.224626, 0.88069

294
0.0215323, -0.0752137, 0.0187141
-0.0618337, -0.185257, 0.980743
-0.371501, -0.907747, -0.194891
0.926371, -0.376398, -0.0126941

295
-0.01881, -0.0570667, 0.00957485
-0.302742, -0.0588517, 0.951254
-0.688022, -0.677183, -0.260862
0.659525, -0.733457, 0.16452

296
-0.00838267, -0.000660201, 0.0154925
-0.367504, -0.20859, 0.906328
-0.0601945, -0.967145, -0.246995
0.928072, -0.145328, 0.342874

297
-0.0316525, -0.0447841, 0.0403388
-0.830327, 0.557165, -0.0111542
-0.556944, -0.830357, -0.0179266
-0.01925, -0.0086727, 0.999777

298
-0.0434853, -0.0602153, 0.0195076
0.817812, -0.575446, 0.00668311
0.482286, 0.691658, 0.537596
-0.31398, -0.436429, 0.843176

299
0.042439, 0.052528, 0.00620242
0.77776, -0.628529, -0.00637356
0.124831, 0.164392, -0.978464
0.616041, 0.760215, 0.206318

300
-0.000177892, -0.00108209, 0.0163603
-0.32641, 0.945139, 0.0130265
-0.740209, -0.247017, -0.625358
-0.587832, -0.213766, 0.780229

301
0.00194125, -0.00101131, -0.00372245
-0.0280073, 0.999398, 0.0204618
-0.259081, 0.0125129, -0.965775
-0.96545, -0.03235, 0.258574

302
-0.0594191, 0.00872323, 0.00617423
-0.239495, -0.121861, 0.963219
0.91213, 0.311678, 0.266224
