0
0.00693345, -0.00787816, 0.0173152
-0.023977, -0.0299709, -0.999263
0.622543, 0.781644, -0.0383816
0.782218, -0.623005, -8.32782e-05

1
-0.0113042, -0.00926537, -0.00765543
0.659533, -0.751522, -0.0151949
0.355055, 0.29365, 0.887528
-0.662535, -0.590749, 0.460503

2
0.00745731, 0.00629432, 0.0149385
-0.00553109, -0.0122384, 0.99991
0.680535, -0.732697, -0.00520345
0.732695, 0.680445, 0.0123813

3
0.00839666, -0.00843975, 0.00473904
0.0420177, -0.127669, -0.990926
0.582865, 0.808673, -0.0794734
0.811482, -0.574237, 0.108393

4
0.00590645, 0.00460929, 0.0103001
-0.0188431, -0.0390021, 0.999061
0.647682, -0.761709, -0.0175203
0.761678, 0.646744, 0.0396139

5
0.00992119, -0.0108286, 0.0103298
0.011129, -0.0505651, -0.998659
0.623213, 0.781371, -0.0326181
0.781973, -0.622015, 0.0402088

6
-0.00807115, -0.00813324, 0.0283272
0.0854756, -0.137036, 0.986871
-0.62258, 0.765966, 0.160284
-0.777874, -0.628107, -0.0198442

7
0.00846215, 0.00830447, 0.0126485
-0.0193476, -0.018273, 0.999646
0.720878, -0.693061, 0.00128341
0.692792, 0.720648, 0.0265816

8
0.00818119, -0.00264977, 0.0163345
-0.0252419, -0.0330531, -0.999135
0.157649, 0.986816, -0.0366283
0.987173, -0.158437, -0.0196983

9
-0.00198887, -0.00139821, 0.007574
0.659533, -0.751522, -0.0151949
0.581569, 0.497367, 0.643742
-0.476229, -0.433406, 0.765092

10
0.0135412, -0.00451794, 0.0127997
-0.609806, -0.136826, 0.780651
0.619461, -0.696694, 0.361782
0.494373, 0.704199, 0.509606

11
0.00726946, -0.0108915, 0.0199045
-0.0279862, -0.0140284, -0.99951
0.742791, 0.668842, -0.0301855
0.668938, -0.743272, -0.00829817

12
0.00907224, 0.00452673, 0.0124094
-0.00399142, -0.0392385, 0.999222
0.465586, -0.884392, -0.0328695
0.884994, 0.465093, 0.0217989

13
0.0075573, 0.00422771, 0.0171009
0.0125479, -0.0122439, 0.999846
0.518979, -0.854618, -0.0169785
0.854695, 0.519113, -0.00436931

14
0.00995242, -0.00722202, 0.0191796
-0.0389645, -0.0288436, -0.998824
0.428719, 0.902424, -0.0427843
0.902597, -0.429882, -0.0227967

15
0.00569702, -0.0134455, 0.0107113
0.015076, -0.046794, -0.998791
0.855557, 0.517585, -0.0113352
0.517489, -0.854351, 0.047838

16
0.00836489, 1.17533e-06, 0.0118453
-0.00767781, -0.0216078, 0.999737
0.134774, -0.990667, -0.0203767
0.990847, 0.134582, 0.0105183

17
0.00435449, -0.0116925, 0.00431271
0.00543743, -0.187991, -0.982156
0.834726, 0.541682, -0.0990601
0.550639, -0.819292, 0.159866

18
-0.000144478, -0.0138736, 0.00681125
-0.0025087, -0.0914257, -0.995809
0.987007, 0.159761, -0.0171542
0.160659, -0.982913, 0.089837

19
0.00468202, -0.00530737, 0.0263601
-0.0683355, 0.000922301, -0.997662
0.510448, 0.85923, -0.0341691
0.857189, -0.511589, -0.0591867

20
0.00424317, 0.00591706, 0.0216273
0.0120493, 0.0334092, 0.999369
0.79353, -0.608436, 0.0107727
0.608412, 0.792899, -0.0338424

21
-0.00261166, -0.00116408, 0.00949243
0.999872, -0.0158196, -0.00254986
0.0134664, 0.743343, 0.668775
-0.00868435, -0.668723, 0.743461

22
0.00810615, -0.013472, -0.0106165
-0.168067, -0.734474, 0.657497
-0.0142946, -0.665098, -0.746619
0.985672, -0.134881, 0.101282

23
-0.0157493, -0.00321781, 0.0108191
0.0193703, 0.0708535, -0.997299
-0.129141, -0.988953, -0.0727688
-0.991437, 0.130202, -0.0100061

24
0.00773724, 0.00059826, 0.0164685
0.0272769, -0.0469274, 0.998526
0.20542, -0.977316, -0.0515421
0.978294, 0.206523, -0.0170183

25
-0.0056912, -0.00509733, 0.00596152
-0.705338, 0.706877, -0.0531368
-0.360642, -0.422369, -0.83159
-0.610275, -0.567388, 0.552842

26
-0.00310727, -0.0140146, 0.00468376
-0.000691063, 0.167329, 0.985901
-0.999827, 0.0182188, -0.00379295
-0.0185966, -0.985733, 0.167287

27
-0.00180125, -0.000807852, 0.00883833
0.695186, -0.718798, 0.00678233
0.528239, 0.504443, -0.683009
0.487524, 0.478401, 0.730379

28
0.00255016, 0.010313, 0.0080293
-0.0379312, -0.0440216, 0.99831
0.941614, -0.336042, 0.0209588
0.334552, 0.940818, 0.0541979

29
0.0113889, -0.00497493, 0.00696286
-0.273941, -0.961682, -0.0111207
0.668599, -0.182117, -0.720978
0.691326, -0.20494, 0.692869

30
0.00665745, -0.00797844, 0.00622526
0.0339941, -0.082245, -0.996032
0.628955, 0.776272, -0.0426329
0.776698, -0.625011, 0.0781171

31
0.00780715, -0.00359725, 0.00295706
0.250229, -0.259465, -0.932772
0.302576, 0.936122, -0.179227
0.919692, -0.237387, 0.312753

32
0.0146125, -0.0141655, 0.0116975
-0.00399142, -0.0392385, 0.999222
0.0914733, -0.995055, -0.0387095
0.9958, 0.0912476, 0.00756096

33
0.00422094, -0.0038499, -0.00679321
-0.586833, -0.80552, 0.0822459
-0.552381, 0.472534, 0.686722
-0.592032, 0.35756, -0.722252

34
-0.00839966, 0.0106679, 0.0043536
-0.105524, 0.260095, -0.9598
-0.925227, -0.379412, -0.00109356
-0.364444, 0.887917, 0.280684

35
-0.00383012, -0.0158654, 0.0428511
-0.528648, 0.839822, 0.123407
-0.243874, -0.0110149, -0.969744
-0.813054, -0.54275, 0.210634

36
-0.00293617, -0.00262144, 0.0168832
0.800284, -0.599034, -0.0265269
0.510109, 0.656896, 0.555227
-0.315175, -0.457871, 0.831276

37
0.0402166, -0.0373074, 0.0142672
0.642073, 0.7653, 0.0453613
-0.702105, 0.563229, 0.435685
0.307881, -0.31159, 0.898955

38
0.000660039, 0.0085552, 0.00466873
-0.0201022, -0.105225, 0.994245
0.971363, -0.237538, -0.00549999
0.23675, 0.965662, 0.106987

39
0.0154003, -0.0124269, 0.00981409
-0.0188431, -0.0390021, 0.999061
0.306899, -0.951226, -0.0313463
0.951556, 0.30602, 0.0298937

40
0.00647126, -0.00388045, 0.0143564
-0.011229, -0.0377477, -0.999224
0.302844, 0.952226, -0.0393755
0.952974, -0.303051, 0.000739099

41
-0.00444288, -0.0143889, 0.0107807
0.0201583, 0.0473597, 0.998674
-0.994235, 0.106162, 0.0150342
-0.105309, -0.99322, 0.0492267

42
0.0684239, -0.0435896, 0.00793218
0.0053394, -0.00676613, 0.999963
-0.977249, -0.212059, 0.00378325
0.212026, -0.977233, -0.00774447

43
-0.0016585, 0.000898286, 0.0222433
0.937755, -0.347104, -0.0115831
0.329543, 0.878793, 0.345142
-0.109621, -0.327476, 0.938479

44
0.00743554, 0.00556571, 0.0316989
0.0331245, 0.0757896, 0.996573
0.609284, -0.791944, 0.0399758
0.79226, 0.605872, -0.0724101

45
0.0088176, -0.00138052, 0.0140552
-0.00532297, -0.00289204, -0.999982
0.0130366, 0.999911, -0.00296123
0.999901, -0.0130522, -0.00528479

46
-0.0115401, 0.00856171, 0.00518732
-0.0328982, 0.122716, -0.991896
-0.793826, -0.606194, -0.0486689
-0.607254, 0.785792, 0.117358

47
0.00917691, 0.00235254, 0.00480987
-0.0970944, -0.0568785, 0.993649
0.305939, -0.951734, -0.0245843
0.947087, 0.301609, 0.109809

48
-0.0033381, -0.00546219, 0.00701448
-0.98731, 0.145564, 0.0634808
-0.135256, -0.561336, -0.81646
-0.0832132, -0.814686, 0.573901

49
0.0863157, -0.0358126, 0.00788927
0.0053394, -0.00676613, 0.999963
-0.821722, -0.569888, 0.000531586
0.569864, -0.821694, -0.00860274

50
0.000445741, 0.00049317, 0.00797332
0.502686, -0.864444, 0.00662473
0.567096, 0.323971, -0.757261
0.652464, 0.384422, 0.653078

51
-0.00181517, -0.00136336, 0.0109717
0.575474, 0.816583, 0.0449688
-0.667332, 0.500656, -0.551372
-0.472755, 0.287291, 0.833047

52
-0.000784748, -0.0470157, 0.00860121
-0.999406, -0.0343048, 0.00338665
-0.0004652, -0.084814, -0.996397
0.0344684, -0.995806, 0.0847476

53
0.0176901, -0.010315, 0.0147918
-0.00553109, -0.0122384, 0.99991
0.348342, -0.937319, -0.00954548
0.937351, 0.348258, 0.00944756

54
0.00717249, -0.0194666, 0.0114154
-0.00767781, -0.0216078, 0.999737
-0.254666, -0.966759, -0.0228508
0.966999, -0.254774, 0.00191983

55
-0.00351701, -0.0153402, 0.0131961
-0.998709, 0.0501874, 0.00789099
-0.0431656, -0.756345, -0.652748
-0.0267914, -0.652245, 0.757534

56
-0.0175529, -0.00704608, 0.0251513
-0.133894, -0.149247, -0.979693
-0.214469, -0.960801, 0.175681
-0.96751, 0.233637, 0.0966371

57
0.00119246, 0.0123199, 0.00787133
0.00670347, -0.0532349, 0.99856
0.982261, -0.186786, -0.0165519
0.187398, 0.980957, 0.0510384

58
-0.000989749, 0.00162353, 0.00983524
-0.878131, 0.477112, -0.0353562
-0.352235, -0.594742, 0.722643
0.323754, 0.647029, 0.690317

59
0.0482667, -0.0502053, -0.0114086
-0.510993, 0.0258783, -0.859195
0.852661, 0.141871, -0.502833
0.108882, -0.989547, -0.0945604

60
0.001713, -0.00183199, -0.00588448
0.559938, 0.818438, -0.128955
0.589511, -0.502912, -0.632104
-0.582191, 0.277918, -0.764078

61
-0.0109989, 0.00692363, 0.0105801
-0.0463395, 0.0195703, -0.998734
-0.752962, -0.657694, 0.0220485
-0.65643, 0.753031, 0.0452129

62
0.0226825, -0.0214749, -0.0148851
0.180492, -0.465825, 0.866273
0.111824, -0.865309, -0.488606
0.977199, 0.18506, -0.104091

63
-0.0142358, -0.00678139, 0.0180149
-0.422456, -0.443432, -0.790506
-0.0971082, -0.84499, 0.525891
-0.901166, 0.29893, 0.313911

64
0.0196188, -0.00769947, 0.0125719
-0.0193476, -0.018273, 0.999646
0.400885, -0.916084, -0.00898664
0.915924, 0.400569, 0.0250494

65
0.0890479, -0.0386, 0.00785582
0.0053394, -0.00676613, 0.999963
-0.541095, -0.840957, -0.00280101
0.840945, -0.54106, -0.00815133

66
0.0192938, 0.000302296, 0.00822405
-0.0379312, -0.0440216, 0.99831
0.74191, -0.670498, -0.00137725
0.669426, 0.740604, 0.0580929

67
0.0142345, -0.0141005, 0.0167927
0.0125479, -0.0122439, 0.999846
0.152397, -0.98822, -0.0140141
0.98824, 0.152549, -0.0105341

68
0.0181315, -7.23729e-05, 0.0103307
0.00979052, -0.0470594, -0.998844
0.707965, 0.705757, -0.0263116
0.70618, -0.706889, 0.0402261

69
-0.010695, -0.0088892, 0.0157987
0.0424882, -0.000883705, 0.999097
-0.702564, 0.710966, 0.0305066
-0.710351, -0.703226, 0.0295868

70
-0.00216952, -0.00385893, 0.0131523
-0.98985, -0.141789, 0.00964201
0.128903, -0.867182, 0.481019
-0.0598417, 0.47738, 0.876657

71
-0.0146194, 0.00591027, 0.0102476
0.112398, -0.0487349, 0.992467
-0.220721, 0.972619, 0.0727572
-0.968839, -0.227236, 0.0985639

72
0.0023826, 0.00209898, -0.0498807
0.328931, -0.943996, -0.0259955
-0.483485, -0.144694, -0.863311
0.811201, 0.296538, -0.504002

73
-0.0244178, 0.017634, -0.024307
0.667191, 0.744845, -0.0078855
-0.0108275, -0.000887489, -0.999941
-0.744808, 0.667237, 0.00747265

74
-0.0465945, 0.019138, 0.0147967
-0.00553109, -0.0122384, 0.99991
0.937351, 0.348258, 0.00944756
-0.348342, 0.937319, 0.00954548

75
0.00323169, -0.00455535, 0.00473525
-0.522088, -0.85052, 0.0635592
0.370566, -0.293328, -0.881272
0.768183, -0.436549, 0.468317

76
-0.00984138, -0.00954348, 0.00482632
-0.710571, 0.703072, 0.0279053
-0.306671, -0.27376, -0.911596
-0.633279, -0.656311, 0.410138

77
-0.012029, -0.00966549, -0.0139128
-0.857039, 0.428031, 0.286834
-0.272926, 0.0950531, -0.957328
-0.43703, -0.898752, 0.0353566

78
0.0566538, 0.0430705, 0.00397375
-0.224552, 0.0135714, -0.974368
-0.970889, -0.088668, 0.222515
-0.0833754, 0.995969, 0.0330869

79
0.0014075, -0.0209287, 0.0171103
-0.0252419, -0.0330531, -0.999135
0.523423, 0.851067, -0.0413784
0.851699, -0.524015, -0.0041818

80
0.0188697, 0.00648966, 0.00955269
0.011129, -0.0505651, -0.998659
0.276526, 0.959928, -0.0455224
0.960942, -0.275649, 0.0246657

81
-0.00976371, -0.0118715, 0.0161642
0.0761189, -0.0429473, 0.996173
-0.579058, 0.811428, 0.079229
-0.811725, -0.582873, 0.0368961

82
0.0182305, 0.00179036, 0.00180882
0.00543743, -0.187991, -0.982156
0.560466, 0.813979, -0.152698
0.82816, -0.549635, 0.109788

83
0.0158682, 0.00944911, 0.0165812
-0.023977, -0.0299709, -0.999263
0.275813, 0.960558, -0.0354281
0.960912, -0.27646, -0.014765

84
-0.00283627, -0.0128422, -0.00613365
0.999872, -0.0158196, -0.00254986
0.00911799, 0.43085, 0.902377
-0.0131767, -0.902285, 0.430939

85
-0.0113296, 0.0124919, 0.0108895
0.0588774, 0.0204241, 0.998056
0.262833, 0.964198, -0.0352363
-0.963043, 0.264397, 0.0514013

86
-0.0326202, -0.0386586, -0.013303
-0.358996, -0.0300155, 0.932856
-0.931937, -0.0432426, -0.360034
0.0511458, -0.998614, -0.0124486

87
-0.00232094, 0.0156043, 0.0194593
0.999872, -0.0158196, -0.00254986
0.0157647, 0.942669, 0.333357
-0.00286992, -0.333355, 0.942797

88
0.0200978, -0.000290247, 0.0103123
0.015076, -0.046794, -0.998791
0.592397, 0.805132, -0.0287791
0.805505, -0.591247, 0.0398588

89
-0.00215418, -0.00548721, 0.0251392
-0.999406, -0.0343048, 0.00338665
0.0344684, -0.995806, 0.0847476
0.0004652, 0.084814, 0.996397

90
0.00794438, -0.0188879, 0.015547
0.0272769, -0.0469274, 0.998526
-0.184593, -0.981955, -0.0411061
0.982436, -0.1832, -0.0354472

91
-0.0226474, -0.0471675, 0.0143551
-0.00532297, -0.00289204, -0.999982
0.928777, 0.370591, -0.00601572
0.370601, -0.928792, 0.000713422

92
-0.00175921, -0.0113163, 0.0213784
-0.999302, -0.0271192, 0.0257109
0.0364216, -0.860793, 0.507651
0.0083647, 0.508233, 0.861179

93
0.0189362, 0.00473515, 0.0193585
-0.0279862, -0.0140284, -0.99951
0.430258, 0.902368, -0.0247122
0.902272, -0.430739, -0.019218

94
-0.00190543, -0.00310545, 0.0106012
-0.975596, -0.21928, 0.0113571
0.187319, -0.804187, 0.564088
-0.11456, 0.552449, 0.825637

95
-0.00748412, -0.0103965, 0.0248983
0.0377835, -0.0478598, 0.998139
-0.913032, 0.404304, 0.0539479
-0.406134, -0.913372, -0.0284215

96
0.0188955, 0.00652863, 0.0116509
-0.00747843, -0.0502446, -0.998709
0.274847, 0.960168, -0.0503637
0.961459, -0.274869, 0.00662904

97
0.0139368, -0.00906496, -0.0456836
-0.604468, 0.756639, -0.249231
0.721503, 0.387353, -0.573926
-0.337715, -0.526741, -0.780059

98
-2.55713e-06, -0.00162047, 0.00686573
-0.192089, -0.981211, 0.0180662
0.616582, -0.134988, -0.775632
0.763498, -0.137851, 0.630927

99
-0.0151404, 0.00441542, 0.0226584
0.0632307, -0.0779927, 0.994947
-0.192489, 0.977269, 0.08884
-0.97926, -0.197133, 0.0467807

100
-0.00670865, -0.0118351, 0.00848031
0.112398, -0.0487349, 0.992467
-0.574678, 0.811624, 0.104938
-0.810624, -0.582144, 0.0632182

101
0.00885105, -0.00583801, 0.00371259
-0.358996, -0.0300155, 0.932856
-0.309384, -0.939147, -0.14928
0.88057, -0.342202, 0.327864

102
-0.00159853, 0.0209526, 0.0251804
-0.998709, 0.0501874, 0.00789099
-0.0494671, -0.996024, 0.0740955
0.0115783, 0.0736095, 0.99722

103
0.0110286, 0.000978355, 0.0279167
0.0980192, -0.0582837, 0.993476
0.147988, -0.986331, -0.0724654
0.98412, 0.154125, -0.088054

104
-0.0017194, -0.00167213, 0.00664621
0.642073, 0.7653, 0.0453613
-0.553129, 0.50341, -0.663797
-0.530839, 0.401116, 0.746536

105
-0.0172406, -0.0146725, 0.0106719
0.00979052, -0.0470594, -0.998844
0.999951, -0.000800543, 0.00983909
-0.00126264, -0.998892, 0.0470493

106
-0.000370156, 0.00107189, 0.0237366
0.807914, -0.589286, -0.00412546
0.571473, 0.781744, 0.249589
-0.143854, -0.204004, 0.968343

107
-0.011435, 0.00903502, 0.0244779
-0.0359772, -0.0735329, -0.996644
-0.795298, -0.601795, 0.0731097
-0.605151, 0.795259, -0.0368297

108
0.00443959, 0.00785349, 0.00819809
-0.0508317, -0.0353365, 0.998082
0.832067, -0.554208, 0.0227552
0.552341, 0.831628, 0.0575737

109
0.0164608, 0.0092191, 0.00280584
0.0420177, -0.127669, -0.990926
0.227956, 0.966868, -0.114904
0.972764, -0.22106, 0.0697286

110
-0.00276372, 0.00051379, 0.0115774
-0.99131, -0.129321, 0.0240787
0.110268, -0.717132, 0.688159
-0.0717256, 0.684834, 0.725161

111
-0.00248794, 0.00321994, 0.00838721
-0.999302, -0.0271192, 0.0257109
0.0368502, -0.600776, 0.798567
-0.00620999, 0.798957, 0.601356

112
-0.0025891, 0.00161432, 0.0228027
-0.998709, 0.0501874, 0.00789099
-0.0501324, -0.948375, -0.313164
-0.00823329, -0.313155, 0.949666

113
-0.0344388, -0.0562613, 0.0103006
-0.00767781, -0.0216078, 0.999737
-0.990847, -0.134582, -0.0105183
0.134774, -0.990667, -0.0203767

114
-0.0131276, 0.00789387, 0.0109369
0.667191, 0.744845, -0.0078855
-0.534315, 0.471181, -0.701781
-0.519002, 0.472436, 0.712349

115
-0.0167703, -0.00136782, 0.00723112
-0.00601867, 0.999913, 0.0117032
-0.758318, 0.00306524, -0.651877
-0.651857, -0.0127982, 0.758234

116
-0.000766003, -0.00134654, 0.00647559
0.604531, 0.790876, 0.0951701
-0.554635, 0.503657, -0.662352
-0.571771, 0.347627, 0.743124

117
-0.00923649, -0.00732057, 0.0253403
-0.00235195, -0.0245587, 0.999696
-0.732111, 0.68102, 0.0150076
-0.681181, -0.731853, -0.0195814

118
-0.00976687, 0.0104488, 0.021422
-0.133894, -0.149247, -0.979693
-0.568394, -0.798256, 0.199289
-0.811789, 0.583535, 0.022051

119
-0.0183155, 0.0121604, 0.00799378
0.00670347, -0.0532349, 0.99856
0.979205, 0.202828, 0.00423957
-0.202762, 0.977766, 0.0534875

120
0.00411417, -0.00463068, 0.00579092
-0.476338, -0.874733, 0.0891332
0.394423, -0.303178, -0.867475
0.785832, -0.378055, 0.48943

121
-0.0420982, -0.0325514, 0.0158178
-0.00791986, -0.0294374, -0.999535
0.996889, -0.0786155, -0.00558358
-0.0784146, -0.99647, 0.0299685

122
-0.0340347, -0.00107202, -0.0269203
-0.00601867, 0.999913, 0.0117032
-0.0752799, 0.0112171, -0.997099
-0.997144, -0.00688222, 0.0752059

123
-0.0420982, -0.0325514, 0.0158178
-0.00791986, -0.0294374, -0.999535
0.996889, -0.0786155, -0.00558358
-0.0784146, -0.99647, 0.0299685

124
-0.0126429, -0.0200974, 0.0107461
0.015076, -0.046794, -0.998791
0.988466, 0.15124, 0.00783449
0.15069, -0.987389, 0.0485343

125
-0.00834745, -0.0198009, 0.0272391
-0.0683355, 0.000922301, -0.997662
0.799624, 0.598048, -0.0542179
0.5966, -0.80146, -0.0416054

126
-0.0369326, -0.0385137, 0.0161525
-0.011229, -0.0377477, -0.999224
0.996327, 0.0844188, -0.0143855
0.0848964, -0.995715, 0.036661

127
-0.0159927, -0.0499156, 0.0105794
-0.00767781, -0.0216078, 0.999737
-0.863847, -0.503449, -0.0175155
0.503695, -0.863755, -0.0148004

128
0.00645064, 0.00702343, -0.00701031
0.695186, -0.718798, 0.00678233
0.301462, 0.282968, -0.910522
0.652562, 0.635027, 0.413406

129
0.0422654, -0.0183928, 0.011924
-0.0859775, 0.370742, 0.924748
-0.90854, -0.410081, 0.0799355
0.408856, -0.833297, 0.372092

130
0.0292459, 0.0368341, 0.00871113
0.015076, -0.046794, -0.998791
-0.15069, 0.987389, -0.0485343
0.988466, 0.15124, 0.00783449

131
-0.00833322, -0.0204529, 0.00674369
0.0339941, -0.082245, -0.996032
0.878308, 0.478, -0.00949354
0.476884, -0.874501, 0.0884857

132
0.103822, 0.0138861, 0.00801977
-0.0159667, 0.0164504, -0.999737
-0.457859, 0.888754, 0.0219366
0.888882, 0.458089, -0.00665857

133
0.0249032, -0.00841246, -0.0286744
-0.273941, -0.961682, -0.0111207
-0.0160705, 0.0161386, -0.999741
0.961612, -0.273691, -0.0198757

134
-0.00773024, -0.0135335, 0.0207805
0.0632307, -0.0779927, 0.994947
-0.552583, 0.82744, 0.0999797
-0.831056, -0.556112, 0.00922216

135
0.0090038, -0.0181824, -0.00461843
-0.268219, -0.382296, 0.884256
-0.193986, -0.877654, -0.438283
0.943625, -0.289089, 0.161243

136
-0.0179743, -0.0263194, 0.028145
-0.133894, -0.149247, -0.979693
0.172106, -0.977074, 0.125326
-0.975936, -0.151831, 0.156511

137
0.019274, 0.00501241, 0.00736037
0.00670347, -0.0532349, 0.99856
0.835777, -0.547964, -0.0348235
0.549028, 0.834806, 0.0408192

138
-0.00560941, -0.0131022, -0.0107921
-0.98731, 0.145564, 0.0634808
-0.0931163, -0.20684, -0.973933
-0.128639, -0.967485, 0.21777

139
0.00863889, 0.015493, 0.0136001
-0.011229, -0.0377477, -0.999224
-0.0848964, 0.995715, -0.036661
0.996327, 0.0844188, -0.0143855

140
0.0114262, -0.017006, 0.00392153
-0.0970944, -0.0568785, 0.993649
-0.0797835, -0.994708, -0.0647352
0.992072, -0.0855622, 0.0920426

141
-0.00663856, 0.00762034, 0.0280632
-0.586833, -0.80552, 0.0822459
0.0280378, 0.0812986, 0.996295
-0.809222, 0.586965, -0.0251237

142
-0.00811996, -0.00808796, 0.0234836
0.119184, -0.142857, 0.982541
-0.615782, 0.765644, 0.186016
-0.77885, -0.627201, 0.00328422

143
0.0160944, -0.0106114, 0.00411963
-0.000691063, 0.167329, 0.985901
-0.930836, -0.360392, 0.0605137
0.365436, -0.91767, 0.156005

144
-0.0453554, -0.029208, 0.0297653
-0.0683355, 0.000922301, -0.997662
0.987279, -0.143834, -0.0677573
-0.14356, -0.989601, 0.00891838

145
0.0211029, -0.0387362, -0.023838
0.180492, -0.465825, 0.866273
-0.270646, -0.870261, -0.411579
0.945607, -0.160167, -0.283149

146
-0.0229079, -0.00852685, 0.0108299
-0.0463395, 0.0195703, -0.998734
-0.444442, -0.895803, 0.00306795
-0.894608, 0.444021, 0.0502089

147
-0.0147372, -0.0175622, 0.0290658
-0.00159438, 0.0650711, -0.997879
0.998807, 0.0488054, 0.0015867
0.0488051, -0.996686, -0.0650713

148
0.0328201, 0.0352321, 0.00881136
0.00979052, -0.0470594, -0.998844
0.00126264, 0.998892, -0.0470493
0.999951, -0.000800543, 0.00983909

149
-0.00281547, 0.0132439, 0.0197254
-0.999406, -0.0343048, 0.00338665
0.0320227, -0.887548, 0.459601
-0.0127607, 0.459436, 0.888119

150
0.00501613, -0.0024681, 0.00528616
-0.133562, -0.987938, -0.0783498
0.485682, 0.00366297, -0.874128
0.863871, -0.154804, 0.479335

151
-0.00158604, -0.0179039, 0.0310406
-0.552292, -0.618162, -0.559329
0.524258, -0.779204, 0.343503
-0.648172, -0.103519, 0.754425

152
0.0755483, 0.0409764, -0.000409827
-0.224552, 0.0135714, -0.974368
-0.928891, 0.299222, 0.218239
0.294514, 0.954087, -0.0545847

153
-0.0051434, -0.00806358, 0.00427034
-0.857039, 0.428031, 0.286834
-0.419395, -0.25612, -0.870925
-0.299319, -0.866713, 0.399019

154
-0.00948922, -0.0208603, 0.0205137
-0.0279862, -0.0140284, -0.99951
0.942241, 0.333492, -0.0310633
0.333764, -0.942649, 0.00388497

155
-0.000193257, 0.00613251, 0.00393774
-0.609806, -0.136826, 0.780651
0.761496, -0.374175, 0.529261
0.219684, 0.917208, 0.332367

156
-0.00795554, -0.0204631, 0.01805
-0.023977, -0.0299709, -0.999263
0.874497, 0.483731, -0.0354919
0.484438, -0.874704, 0.0146111

157
-0.00754682, -0.0146703, 0.0120675
0.937755, -0.347104, -0.0115831
0.262508, 0.68658, 0.67801
-0.227388, -0.638848, 0.734961

158
-0.0135835, 0.0152926, 0.00754356
-0.0508317, -0.0353365, 0.998082
0.980102, -0.193771, 0.0430556
0.191878, 0.98041, 0.0444831

159
0.0596803, 0.0430923, 0.00920534
-0.0159667, 0.0164504, -0.999737
-0.996434, -0.0831072, 0.0145465
-0.0828461, 0.996405, 0.0177187

160
-0.0451635, 0.023448, 0.0320873
0.0331245, 0.0757896, 0.996573
0.965116, 0.256689, -0.0516002
-0.259721, 0.963518, -0.064643

161
-0.021443, 0.0452122, 0.0140815
-0.00532297, -0.00289204, -0.999982
-0.918799, 0.394708, 0.00374929
0.39469, 0.918802, -0.00475822

162
-0.00504963, -0.00501597, 0.00624669
-0.683994, 0.711544, -0.160804
-0.316102, -0.487761, -0.813738
-0.657444, -0.505761, 0.558546

163
-0.00497969, -0.0234121, 0.0108009
0.011129, -0.0505651, -0.998659
0.875022, 0.483858, -0.014748
0.483955, -0.873684, 0.0496305

164
0.0209346, 0.0429467, 0.0187662
-0.0279862, -0.0140284, -0.99951
-0.333764, 0.942649, -0.00388497
0.942241, 0.333492, -0.0310633

165
0.0185589, 0.0563562, -0.0086336
0.00543743, -0.187991, -0.982156
-0.550639, 0.819292, -0.159866
0.834726, 0.541682, -0.0990601

166
0.00739845, -0.00850642, -0.0139096
-0.522088, -0.85052, 0.0635592
0.0483876, -0.10394, -0.993406
0.851518, -0.51557, 0.0954203

167
-0.0273333, 0.0222342, 0.0149411
-0.00553109, -0.0122384, 0.99991
0.999304, -0.0369483, 0.00507551
0.0368829, 0.999242, 0.0124343

168
-0.00376168, 0.000926927, 0.00872783
-0.652754, -0.73466, -0.184896
0.418195, -0.552946, 0.720669
-0.631685, 0.393097, 0.668169

169
-0.0230659, -0.0085774, 0.0108811
0.0201583, 0.0473597, 0.998674
-0.878254, 0.47817, -0.00494846
-0.47777, -0.87699, 0.0512329

170
-0.0128885, -0.00716886, 0.0199773
0.502686, -0.864444, 0.00662473
0.773615, 0.446422, -0.449696
0.38578, 0.231181, 0.893157

171
-0.00894781, 0.00824907, 0.00675769
-0.422456, -0.443432, -0.790506
-0.434578, -0.666274, 0.605988
-0.795407, 0.59954, 0.0887658

172
-0.0221673, -0.00991423, 0.00397448
-0.000691063, 0.167329, 0.985901
-0.916603, 0.394056, -0.0675222
-0.399798, -0.903726, 0.153102

173
-0.00584449, -0.0217275, 0.00584715
0.0420177, -0.127669, -0.990926
0.849038, 0.527366, -0.0319438
0.526659, -0.839992, 0.130555

174
0.0961228, 0.0314386, 0.00843156
-0.0159667, 0.0164504, -0.999737
-0.763167, 0.645799, 0.0228149
0.646005, 0.76333, 0.00224306

175
0.0069141, -0.00470799, 4.28742e-05
0.285393, 0.00956443, -0.958363
0.0215164, -0.999762, -0.00357019
-0.958169, -0.0196016, -0.285531

176
0.0115474, 0.0474586, 0.0155448
-0.023977, -0.0299709, -0.999263
-0.484438, 0.874704, -0.0146111
0.874497, 0.483731, -0.0354919

177
0.00986647, -0.0623809, 0.0113836
-0.0193476, -0.018273, 0.999646
-0.692792, -0.720648, -0.0265816
0.720878, -0.693061, 0.00128341

178
-0.00167781, 0.0560648, 0.0206274
0.999872, -0.0158196, -0.00254986
0.00868435, 0.668723, -0.743461
0.0134664, 0.743343, 0.668775

179
0.0147203, 0.0116813, 0.0184477
-0.0389645, -0.0288436, -0.998824
0.050676, 0.99824, -0.0308036
0.997955, -0.0518166, -0.0374343

180
0.0404904, 0.0238448, 0.00324594
-0.0025087, -0.0914257, -0.995809
0.229281, 0.969231, -0.0895632
0.973357, -0.228545, 0.0185307

181
0.0409296, 0.0377098, 0.00941624
-0.0159667, 0.0164504, -0.999737
-0.888882, -0.458089, 0.00665857
-0.457859, 0.888754, 0.0219366

182
-0.00560909, 0.0104134, 0.00405764
-0.296021, 0.212185, -0.931316
-0.93637, -0.257013, 0.239071
-0.188633, 0.942827, 0.274765

183
-0.0167402, 0.0131621, 0.00742199
-0.0379312, -0.0440216, 0.99831
0.997965, 0.0495726, 0.040104
-0.0512542, 0.9978, 0.0420517

184
-0.00105027, 0.0623543, 0.0154003
-0.023977, -0.0299709, -0.999263
-0.782218, 0.623005, 8.32782e-05
0.622543, 0.781644, -0.0383816

185
-0.00424098, -0.0273297, -0.00217685
-0.998709, 0.0501874, 0.00789099
-0.0296272, -0.449168, -0.892956
-0.0412708, -0.892037, 0.450075

186
-0.0377112, -0.0356399, 0.0218596
-0.0389645, -0.0288436, -0.998824
0.997955, -0.0518166, -0.0374343
-0.050676, -0.99824, 0.0308036

187
0.00189747, -0.010886, 0.0106811
0.00979052, -0.0470594, -0.998844
0.924318, 0.38152, -0.00891484
0.381498, -0.923162, 0.0472331

188
-0.0243491, -0.0055066, 0.026017
-0.0359772, -0.0735329, -0.996644
-0.503178, -0.860318, 0.0816386
-0.863434, 0.504426, -0.0060483

189
0.011112, 0.0168064, 0.0248267
0.807914, -0.589286, -0.00412546
0.583023, 0.800307, -0.139979
0.0857891, 0.110685, 0.990146

190
-0.00409512, 0.00383076, 0.00909556
-0.586833, -0.80552, 0.0822459
-0.283772, 0.299732, 0.910842
-0.758354, 0.511173, -0.404477

191
-0.00446108, -0.00193197, -0.0499432
-0.710571, 0.703072, 0.0279053
0.467715, 0.501589, -0.727771
-0.525673, -0.504081, -0.685252

192
0.00189726, 0.0477332, 0.0179068
-0.0389645, -0.0288436, -0.998824
-0.669827, 0.742502, 0.00468857
0.741494, 0.669222, -0.0482515

193
-0.0318111, 0.0465075, -0.0301502
-0.202408, 0.439401, 0.87519
0.402697, 0.851979, -0.334615
-0.892674, 0.284708, -0.349392

194
0.0140679, 0.0136843, 0.0292187
-0.857039, 0.428031, 0.286834
-0.508208, -0.793963, -0.333688
0.0849065, -0.431755, 0.897986

195
0.104076, 0.0164251, -0.00732638
-0.224552, 0.0135714, -0.974368
-0.448572, 0.886223, 0.115721
0.865078, 0.463059, -0.192916

196
-0.00168608, -0.022853, 0.020085
-0.0389645, -0.0288436, -0.998824
0.741494, 0.669222, -0.0482515
0.669827, -0.742502, -0.00468857

197
0.00038757, 0.0123001, 0.0305343
-0.0265968, 0.101705, 0.994459
0.98486, -0.167806, 0.0435018
0.1713, 0.98056, -0.0957018

198
-0.00403543, -0.000710267, 0.0181211
-0.273941, -0.961682, -0.0111207
0.882264, -0.246682, -0.400947
0.38284, -0.119647, 0.916034

199
-0.00536469, 0.0341628, 0.0140279
-0.00532297, -0.00289204, -0.999982
-0.697818, 0.716273, 0.001643
0.716255, 0.697814, -0.00583082

200
-0.012511, -0.0493414, 0.0272871
0.0980192, -0.0582837, 0.993476
-0.852576, -0.519846, 0.05362
0.513329, -0.85227, -0.100646

201
-0.0214344, 0.00739104, 0.0162699
0.0424882, -0.000883705, 0.999097
-0.377245, 0.92596, 0.016862
-0.925138, -0.377621, 0.039009

202
-0.0223286, -0.0287432, -0.0176817
0.807914, -0.589286, -0.00412546
0.0857891, 0.110685, 0.990146
-0.583023, -0.800307, 0.139979

203
0.00714485, -0.00375368, 0.0308097
-0.108683, -0.0647238, -0.991967
0.232746, 0.968485, -0.088692
0.966446, -0.240515, -0.0901938

204
0.0382237, -0.0322236, 0.00111244
-0.0201022, -0.105225, 0.994245
0.152996, -0.983057, -0.100947
0.988022, 0.150087, 0.0358607

205
0.0203788, -0.0459541, 0.0118873
-0.0193476, -0.018273, 0.999646
-0.364188, -0.931014, -0.0240671
0.931124, -0.364525, 0.0113581

206
-0.000420228, -0.0225054, -0.000391611
-0.358996, -0.0300155, 0.932856
-0.622813, -0.736704, -0.263385
0.695144, -0.675549, 0.24578

207
-0.00651872, -0.0254696, 0.0113825
0.0588774, 0.0204241, 0.998056
-0.495123, 0.868748, 0.0114304
-0.866826, -0.494834, 0.0612621

208
-0.00874945, 0.00570474, 0.0320918
-0.00999413, -0.0892693, -0.995957
-0.791227, -0.608323, 0.0624648
-0.61144, 0.788653, -0.0645527

209
0.00637244, -0.00542611, 0.0146349
-0.00791986, -0.0294374, -0.999535
0.453939, 0.890534, -0.029824
0.890998, -0.453964, 0.00630989

210
0.00977534, -0.00386157, 0.00362044
0.14219, -0.0333253, -0.989278
0.244938, 0.969536, 0.00254484
0.959056, -0.242673, 0.146021

211
-0.00570446, -0.0207379, 0.0151815
-0.00791986, -0.0294374, -0.999535
0.760355, 0.649021, -0.0251391
0.64946, -0.7602, 0.0172427

212
0.0111865, 0.0130804, 0.0259315
-0.0683355, 0.000922301, -0.997662
0.14356, 0.989601, -0.00891838
0.987279, -0.143834, -0.0677573

213
-0.0106034, 0.0118786, 0.0276534
0.559938, 0.818438, -0.128955
0.00517586, -0.159095, -0.98725
-0.828519, 0.552131, -0.0933193

214
0.000206659, -0.0658134, 0.00744339
-0.0188431, -0.0390021, 0.999061
-0.761678, -0.646744, -0.0396139
0.647682, -0.761709, -0.0175203

215
0.0145737, 0.044465, 0.00758201
0.011129, -0.0505651, -0.998659
-0.483955, 0.873684, -0.0496305
0.875022, 0.483858, -0.014748

216
-0.013713, -0.0189389, 0.00559969
0.00543743, -0.187991, -0.982156
0.981907, 0.186919, -0.0303415
0.189288, -0.96422, 0.185606

217
-0.00895352, 0.0494606, 0.0125146
-0.011229, -0.0377477, -0.999224
-0.76454, 0.644384, -0.0157512
0.644478, 0.76377, -0.0360954

218
-0.0150063, 0.0478255, 0.0152505
-0.0252419, -0.0330531, -0.999135
-0.851699, 0.524015, 0.0041818
0.523423, 0.851067, -0.0413784

219
-0.0196415, -0.0131895, 0.00679756
-0.0025087, -0.0914257, -0.995809
0.973357, -0.228545, 0.0185307
-0.229281, -0.969231, 0.0895632

220
-0.0144469, -0.0226362, 0.00946481
0.0193703, 0.0708535, -0.997299
0.260096, -0.963499, -0.0634005
-0.965389, -0.258165, -0.0370919

221
-0.00950485, 0.0152094, 0.0122496
0.0193703, 0.0708535, -0.997299
-0.498717, -0.863847, -0.0710588
-0.866548, 0.498747, 0.018603

222
-0.00490206, -0.0233931, 0.0133344
-0.00747843, -0.0502446, -0.998709
0.8742, 0.484579, -0.0309251
0.485508, -0.873303, 0.0402999

223
-0.00662644, -0.015046, -0.0139685
-0.604468, 0.756639, -0.249231
0.271379, -0.0985625, -0.957412
-0.74898, -0.646362, -0.145758

224
0.00441819, 0.00640823, 0.00391406
0.180492, -0.465825, 0.866273
0.770056, -0.481009, -0.4191
0.611913, 0.742723, 0.271893

225
-0.0459681, -0.0247558, 0.0190908
-0.023977, -0.0299709, -0.999263
0.960912, -0.27646, -0.014765
-0.275813, -0.960558, 0.0354281

226
-0.00602088, -0.0134895, -0.0143288
-0.64865, 0.719915, -0.246933
0.190468, -0.160575, -0.968472
-0.736869, -0.675232, -0.0329641

227
0.0149818, -0.01264, 0.0103057
0.0201583, 0.0473597, 0.998674
-0.958854, -0.282008, 0.0327281
0.283185, -0.958242, 0.0397262

228
-0.00896169, -0.012219, 0.0210351
-0.878131, 0.477112, -0.0353562
-0.449318, -0.797077, 0.403462
0.164315, 0.370179, 0.914313

229
0.00651087, -0.0183256, 0.0202222
0.0160603, -0.00720931, 0.999845
-0.951821, 0.306155, 0.0174964
-0.306234, -0.951954, -0.00194502

230
-0.0015632, -0.00180736, 0.020708
-0.710571, 0.703072, 0.0279053
-0.525673, -0.504081, -0.685252
-0.467715, -0.501589, 0.727771

231
-0.00148277, -0.0206057, 0.00519607
0.250229, -0.259465, -0.932772
0.631495, 0.77402, -0.0458986
0.733893, -0.577555, 0.357533

232
0.0048493, -0.0643628, 0.0140592
-0.00553109, -0.0122384, 0.99991
-0.732695, -0.680445, -0.0123813
0.680535, -0.732697, -0.00520345

233
-0.00295044, -0.0209471, 0.015107
-0.011229, -0.0377477, -0.999224
0.644478, 0.76377, -0.0360954
0.76454, -0.644384, 0.0157512

234
-0.00835281, 0.0177241, 0.0149909
-0.00553109, -0.0122384, 0.99991
0.909122, -0.416529, -6.92397e-05
0.416493, 0.90904, 0.0134301

235
-0.00592317, -0.0509212, 0.000284868
-0.0970944, -0.0568785, 0.993649
-0.757916, -0.642863, -0.110859
0.645086, -0.763866, 0.0193093

236
0.0162081, 0.00849842, 0.0093304
-0.0159667, 0.0164504, -0.999737
-0.304779, -0.952362, -0.0108032
-0.952289, 0.304527, 0.0202198

237
0.011667, 0.0133413, 0.0140402
-0.00791986, -0.0294374, -0.999535
0.0784146, 0.99647, -0.0299685
0.996889, -0.0786155, -0.00558358

238
-0.0154563, -0.000886814, -0.0620544
-0.476338, -0.874733, 0.0891332
-0.785832, 0.378055, -0.48943
0.394423, -0.303178, -0.867475

239
0.00482794, -0.0524297, 0.017265
-0.98985, -0.141789, 0.00964201
0.0598417, -0.47738, -0.876657
0.128903, -0.867182, 0.481019

240
0.013499, -0.0641497, 0.023858
0.0120493, 0.0334092, 0.999369
-0.608412, -0.792899, 0.0338424
0.79353, -0.608436, 0.0107727

241
-0.00896843, -0.0107, 0.00490555
-0.604468, 0.756639, -0.249231
-0.0359004, -0.338412, -0.940313
-0.79582, -0.559442, 0.231723

242
-0.023477, -0.0293413, 0.0137727
-0.00747843, -0.0502446, -0.998709
0.993452, 0.113494, -0.0131489
0.114008, -0.992267, 0.0490668

243
-0.0340343, -0.0147027, 0.0292831
-0.00159438, 0.0650711, -0.997879
0.941454, -0.336325, -0.0234358
-0.337137, -0.939495, -0.0607252

244
0.00462818, -0.000232497, 0.00328397
-0.168067, -0.734474, 0.657497
0.363994, -0.666087, -0.651027
0.916112, 0.129908, 0.379291

245
-0.000159704, 0.0497232, 0.0130624
-0.00791986, -0.0294374, -0.999535
-0.64946, 0.7602, -0.0172427
0.760355, 0.649021, -0.0251391

246
-0.0334368, -0.0410681, 0.0376907
-0.108683, -0.0647238, -0.991967
0.981947, 0.148416, -0.117269
0.154814, -0.986805, 0.0474251

247
-0.0127847, 0.00712285, -0.0027489
0.575474, 0.816583, 0.0449688
-0.435619, 0.352604, -0.828194
-0.692145, 0.457015, 0.558634

248
-0.0102827, 0.00643355, -0.00889633
0.642073, 0.7653, 0.0453613
-0.307881, 0.31159, -0.898955
-0.702105, 0.563229, 0.435685

249
0.0205034, 0.0259062, 0.00858778
0.011129, -0.0505651, -0.998659
-0.11226, 0.992344, -0.0514964
0.993617, 0.112682, 0.00536741

250
0.0503391, -0.0453558, -0.0176802
-0.469857, 0.0988393, -0.877192
0.857319, 0.287864, -0.426777
0.21033, -0.952557, -0.219992

251
0.0052614, 0.0178016, 0.0140186
-0.00532297, -0.00289204, -0.999982
-0.370601, 0.928792, -0.000713422
0.928777, 0.370591, -0.00601572

252
0.0160783, -0.0118934, 0.0327394
0.0331245, 0.0757896, 0.996573
0.259721, -0.963518, 0.064643
0.965116, 0.256689, -0.0516002

253
-0.000869885, -0.00164869, 0.0090475
-0.552612, 0.809853, -0.196873
-0.604415, -0.55206, -0.57438
-0.573849, -0.198416, 0.794562

254
0.0472281, -0.000880929, 0.0232835
0.0377835, -0.0478598, 0.998139
-0.724621, -0.689125, -0.00561307
0.688111, -0.72306, -0.0607178

255
-0.0429198, -0.0277363, 0.0138376
-0.00747843, -0.0502446, -0.998709
0.961459, -0.274869, 0.00662904
-0.274847, -0.960168, 0.0503637

256
-0.0405256, 0.0492676, 0.0141713
-0.00532297, -0.00289204, -0.999982
-0.999901, 0.0130522, 0.00528479
0.0130366, 0.999911, -0.00296123

257
-0.00731229, -0.0103269, 0.00405014
-0.202408, 0.439401, 0.87519
-0.892674, 0.284708, -0.349392
-0.402697, -0.851979, 0.334615

258
-0.0170231, 0.00891347, 0.0314696
0.0854756, -0.137036, 0.986871
-0.277509, 0.948026, 0.155677
-0.956913, -0.287172, 0.0430045

259
0.0405948, -0.0257173, 0.0354978
-0.0265968, 0.101705, 0.994459
0.218629, -0.970136, 0.105064
0.975446, 0.220212, 0.00356692

260
-0.0244181, -0.00602805, 0.00380941
-0.0328982, 0.122716, -0.991896
-0.501014, -0.86076, -0.0898753
-0.864814, 0.493997, 0.0898001

261
0.00975174, -0.0543638, 0.0222929
-0.975596, -0.21928, 0.0113571
0.11456, -0.552449, -0.825637
0.187319, -0.804187, 0.564088

262
0.0790615, 0.0408902, 0.00885957
-0.0159667, 0.0164504, -0.999737
-0.952289, 0.304527, 0.0202198
0.304779, 0.952362, 0.0108032

263
-0.000594004, -0.0491928, 0.0267149
-0.999302, -0.0271192, 0.0257109
0.0198393, -0.968047, -0.249982
0.0316687, -0.249297, 0.967909

264
0.0237347, 0.0236406, 0.0189588
-0.0279862, -0.0140284, -0.99951
0.052222, 0.998516, -0.0154767
0.998243, -0.0526295, -0.027212

265
-0.0188273, 0.00942496, 0.00436678
-0.0201022, -0.105225, 0.994245
0.988022, 0.150087, 0.0358607
-0.152996, 0.983057, 0.100947

266
-0.0119069, 0.00506574, -0.0596254
0.669321, 0.742612, -0.0231665
0.417481, -0.401705, -0.815072
-0.614589, 0.535873, -0.578896

267
0.00180377, 0.0501745, 0.0266085
-0.0683355, 0.000922301, -0.997662
-0.5966, 0.80146, 0.0416054
0.799624, 0.598048, -0.0542179

268
0.0080239, 0.0116904, 0.0243431
0.800284, -0.599034, -0.0265269
0.591891, 0.782112, 0.194847
-0.0959732, -0.171634, 0.980475

269
-0.00540195, -0.0140104, 0.0234942
-0.528648, 0.839822, 0.123407
0.0858318, 0.197525, -0.976533
-0.84449, -0.50565, -0.176505

270
0.0447352, 0.0113636, 0.00856683
0.0201583, 0.0473597, 0.998674
-0.47777, -0.87699, 0.0512329
0.878254, -0.47817, 0.00494846

271
0.0922009, 0.0316198, -0.0043779
-0.224552, 0.0135714, -0.974368
-0.745477, 0.641559, 0.180738
0.627567, 0.766954, -0.133946

272
0.0040206, 0.000135788, 0.0194161
-0.857039, 0.428031, 0.286834
-0.502015, -0.568301, -0.651932
-0.116039, -0.702726, 0.701934

273
-0.00286818, -0.000905425, 0.0068775
-0.479549, -0.877294, 0.0197056
0.653008, -0.37177, -0.659824
0.586185, -0.30355, 0.751162

274
-0.0291592, -0.0165907, 0.0251824
0.502686, -0.864444, 0.00662473
0.862359, 0.500909, -0.0736687
0.060364, 0.0427451, 0.997261

275
-0.00913567, -0.00921408, 0.00412179
-0.609322, 0.704169, 0.364517
-0.49534, 0.0209346, -0.868447
-0.619165, -0.709723, 0.336048

276
0.0190072, 0.0252474, -0.0369837
-0.552292, -0.618162, -0.559329
-0.799458, 0.202549, 0.565545
-0.236307, 0.759506, -0.606061

277
-0.0248635, 0.0100842, -0.0308258
0.330449, 0.941552, 0.0654436
0.137725, 0.0204929, -0.990259
-0.933721, 0.336243, -0.122903

278
0.0411729, 0.0432601, 0.00146169
-0.0025087, -0.0914257, -0.995809
-0.160659, 0.982913, -0.089837
0.987007, 0.159761, -0.0171542

279
0.00022051, -0.00137776, 0.0168184
-0.00601867, 0.999913, 0.0117032
-0.95005, -0.00206574, -0.312092
-0.312041, -0.012997, 0.94998

280
0.0118917, 0.030979, 0.0180008
-0.0389645, -0.0288436, -0.998824
-0.335082, 0.942083, -0.0141334
0.941383, 0.334138, -0.0463728

281
0.0290384, 0.0543481, 0.00787366
0.00979052, -0.0470594, -0.998844
-0.381498, 0.923162, -0.0472331
0.924318, 0.38152, -0.00891484

282
-0.0235645, -0.0293451, 0.0108942
0.011129, -0.0505651, -0.998659
0.993617, 0.112682, 0.00536741
0.11226, -0.992344, 0.0514964

283
-0.00440822, 0.010917, 0.000611777
-0.98985, -0.141789, 0.00964201
0.0961904, -0.618486, 0.779886
-0.104616, 0.772898, 0.625847

284
0.0185801, 0.00535722, 0.0317309
-0.0265968, 0.101705, 0.994459
0.844338, -0.530276, 0.0768139
0.53515, 0.841703, -0.0717695

285
-0.00337963, 0.0284778, 0.00755107
-0.999406, -0.0343048, 0.00338665
0.0247018, -0.644169, 0.764484
-0.0240439, 0.764114, 0.644633

286
-0.0369411, 0.00387294, 0.0303978
-0.0265968, 0.101705, 0.994459
0.817529, 0.574704, -0.036911
-0.575274, 0.812017, -0.0984318

287
-0.0300628, -0.0440641, 0.01916
-0.033806, -0.0180543, -0.999265
0.207236, -0.978233, 0.0106633
-0.977707, -0.206723, 0.0368116

288
-0.0211196, 0.0122085, 0.0290346
-0.522088, -0.85052, 0.0635592
0.805217, -0.516101, -0.292003
0.281157, -0.101272, 0.954303

289
0.0238033, -0.0267526, 0.0123046
-0.0193476, -0.018273, 0.999646
0.0198601, -0.999643, -0.0178885
0.999616, 0.019507, 0.0197036

290
-0.0102691, -0.0110195, -0.0120544
-0.705338, 0.706877, -0.0531368
-0.0996478, -0.173087, -0.979853
-0.701833, -0.685832, 0.192524

291
0.00547837, 0.0456141, 0.0270161
-0.98731, 0.145564, 0.0634808
-0.128639, -0.967485, 0.21777
0.0931163, 0.20684, 0.973933

292
-0.0341883, 0.0370075, 0.00255616
-0.0970944, -0.0568785, 0.993649
0.992072, -0.0855622, 0.0920426
0.0797835, 0.994708, 0.0647352

293
-0.00192121, -0.00696669, -0.0493879
-0.476338, -0.874733, 0.0891332
-0.575075, 0.233256, -0.784143
0.665125, -0.424776, -0.614146

294
0.00637244, -0.00542611, 0.0146349
-0.00791986, -0.0294374, -0.999535
0.453939, 0.890534, -0.029824
0.890998, -0.453964, 0.00630989

295
0.00744047, 0.0168351, 0.0157086
-0.0252419, -0.0330531, -0.999135
-0.232126, 0.97233, -0.026302
0.972358, 0.231261, -0.0322159

296
-0.0122222, 0.00708193, -0.00410587
0.669321, 0.742612, -0.0231665
-0.408043, 0.341356, -0.846745
-0.620895, 0.576197, 0.531495

297
-0.0521688, 0.036183, -0.00387024
-0.000691063, 0.167329, 0.985901
0.0185966, 0.985733, -0.167287
-0.999827, 0.0182188, -0.00379295

298
0.00186968, 0.0578435, 0.0182809
0.0761189, -0.0429473, 0.996173
0.811725, 0.582873, -0.0368961
-0.579058, 0.811428, 0.079229

299
-0.000701885, 0.0345597, 0.015328
