0
-0.00438339, 0.0130379, 0.00349836
-0.999744, 0.000413841, 0.0226112
0.0159248, -0.69703, 0.716865
0.0160574, 0.717042, 0.696845
0.0
1
-0.0551438, -0.0115655, -0.0143465
0.999213, 0.0321791, -0.0232117
0.0342246, -0.403045, 0.91454
0.0200737, -0.914614, -0.403829
0.0
2
-0.0315689, 0.0118659, 0.00601957
-0.999429, -0.00235644, 0.0337008
0.0250379, -0.721383, 0.692083
0.0226803, 0.692532, 0.72103
0.0
3
-0.0168923, 0.00879786, 0.00493868
-0.999652, 0.00189923, -0.0262981
-0.0198514, -0.710638, 0.703278
-0.0173528, 0.703555, 0.710429
0.0
4
0.00182821, 0.0090902, 0.0046424
-0.999624, -0.000556436, 0.0274114
0.0200732, -0.695865, 0.717892
0.0186752, 0.718172, 0.695615
0.0
5
0.0341267, 0.0123725, 0.00640695
-0.998997, -0.00945311, -0.043761
-0.0239421, -0.71314, 0.700613
-0.0378307, 0.700958, 0.712198
0.0
6
0.00746705, 0.00257436, 0.0100901
0.999995, 0.00147602, -0.00273647
-0.00299838, 0.690664, -0.723169
0.000822575, 0.723174, 0.690665
0.0
7
-0.00439185, 0.00951004, 0.00868497
-0.999043, 0.0013577, 0.0437082
0.0309678, -0.683735, 0.729073
0.0308747, 0.729729, 0.683039
0.0
8
-0.0315498, 0.00220059, 0.0104678
0.999995, 0.00256678, -0.00207987
-0.00328971, 0.715844, -0.698253
-0.000303398, 0.698256, 0.715848
0.0
